return [ rec(
      EXT := 
       [ [ 0, -1, 1, 0, 0, 0, 0, 0, 1, 0, 0, 0, 0 ], [ 0, 1, 0, 0, 0, 0, 0, 
              1, -1, 0, 0, 0, 0 ], [ 0, 0, 0, 0, 1, 0, 0, -1, 1, 0, 0, 0, 0 ],
          [ 0, 1, -1, 0, 0, 1, 0, 0, 0, 0, 0, 0, 0 ], 
          [ 0, 0, 1, 0, 1, -1, 0, 0, 0, 0, 0, 0, 0 ], 
          [ 0, 0, 0, 0, -1, 1, 0, 1, 0, 0, 0, 0, 0 ], 
          [ 2, -1, 0, 0, 0, -1, 0, -1, 0, 0, 0, 0, 0 ], 
          [ 2, 0, -1, 0, -1, 0, 0, 0, -1, 0, 0, 0, 0 ], 
          [ 0, -1, 0, 1, 0, 0, 0, 0, 0, 0, 0, 1, 0 ], 
          [ 0, 1, 0, 0, 0, 0, 0, 0, 0, 0, 1, -1, 0 ], 
          [ 0, 0, 0, 0, 1, 0, 0, 0, 0, 0, -1, 1, 0 ], 
          [ 0, 1, 0, -1, 0, 0, 1, 0, 0, 0, 0, 0, 0 ], 
          [ 0, 0, 0, 1, 1, 0, -1, 0, 0, 0, 0, 0, 0 ], 
          [ 0, 0, 0, 0, -1, 0, 1, 0, 0, 0, 1, 0, 0 ], 
          [ 2, -1, 0, 0, 0, 0, -1, 0, 0, 0, -1, 0, 0 ], 
          [ 2, 0, 0, -1, -1, 0, 0, 0, 0, 0, 0, -1, 0 ], 
          [ 0, 0, -1, 1, 0, 0, 0, 0, 0, 0, 0, 0, 1 ], 
          [ 0, 0, 1, 0, 0, 0, 0, 0, 0, 0, 1, 0, -1 ], 
          [ 0, 0, 0, 0, 0, 0, 0, 1, 0, 0, -1, 0, 1 ], 
          [ 0, 0, 1, -1, 0, 0, 0, 0, 0, 1, 0, 0, 0 ], 
          [ 0, 0, 0, 1, 0, 0, 0, 1, 0, -1, 0, 0, 0 ], 
          [ 0, 0, 0, 0, 0, 0, 0, -1, 0, 1, 1, 0, 0 ], 
          [ 2, 0, -1, 0, 0, 0, 0, 0, 0, -1, -1, 0, 0 ], 
          [ 2, 0, 0, -1, 0, 0, 0, -1, 0, 0, 0, 0, -1 ], 
          [ 0, 0, 0, 0, 0, -1, 1, 0, 0, 0, 0, 0, 1 ], 
          [ 0, 0, 0, 0, 0, 1, 0, 0, 0, 0, 0, 1, -1 ], 
          [ 0, 0, 0, 0, 0, 0, 0, 0, 1, 0, 0, -1, 1 ], 
          [ 0, 0, 0, 0, 0, 1, -1, 0, 0, 1, 0, 0, 0 ], 
          [ 0, 0, 0, 0, 0, 0, 1, 0, 1, -1, 0, 0, 0 ], 
          [ 0, 0, 0, 0, 0, 0, 0, 0, -1, 1, 0, 1, 0 ], 
          [ 2, 0, 0, 0, 0, -1, 0, 0, 0, -1, 0, -1, 0 ], 
          [ 2, 0, 0, 0, 0, 0, -1, 0, -1, 0, 0, 0, -1 ], 
          [ 0, 1, 0, 0, 0, 0, 0, 0, 0, 0, 0, 0, 0 ], 
          [ 1, -1, 0, 0, 0, 0, 0, 0, 0, 0, 0, 0, 0 ], 
          [ 0, 0, 1, 0, 0, 0, 0, 0, 0, 0, 0, 0, 0 ], 
          [ 1, 0, -1, 0, 0, 0, 0, 0, 0, 0, 0, 0, 0 ], 
          [ 0, 0, 0, 1, 0, 0, 0, 0, 0, 0, 0, 0, 0 ], 
          [ 1, 0, 0, -1, 0, 0, 0, 0, 0, 0, 0, 0, 0 ], 
          [ 0, 0, 0, 0, 1, 0, 0, 0, 0, 0, 0, 0, 0 ], 
          [ 1, 0, 0, 0, -1, 0, 0, 0, 0, 0, 0, 0, 0 ], 
          [ 0, 0, 0, 0, 0, 1, 0, 0, 0, 0, 0, 0, 0 ], 
          [ 1, 0, 0, 0, 0, -1, 0, 0, 0, 0, 0, 0, 0 ], 
          [ 0, 0, 0, 0, 0, 0, 1, 0, 0, 0, 0, 0, 0 ], 
          [ 1, 0, 0, 0, 0, 0, -1, 0, 0, 0, 0, 0, 0 ], 
          [ 0, 0, 0, 0, 0, 0, 0, 1, 0, 0, 0, 0, 0 ], 
          [ 1, 0, 0, 0, 0, 0, 0, -1, 0, 0, 0, 0, 0 ], 
          [ 0, 0, 0, 0, 0, 0, 0, 0, 1, 0, 0, 0, 0 ], 
          [ 1, 0, 0, 0, 0, 0, 0, 0, -1, 0, 0, 0, 0 ], 
          [ 0, 0, 0, 0, 0, 0, 0, 0, 0, 1, 0, 0, 0 ], 
          [ 1, 0, 0, 0, 0, 0, 0, 0, 0, -1, 0, 0, 0 ], 
          [ 0, 0, 0, 0, 0, 0, 0, 0, 0, 0, 1, 0, 0 ], 
          [ 1, 0, 0, 0, 0, 0, 0, 0, 0, 0, -1, 0, 0 ], 
          [ 0, 0, 0, 0, 0, 0, 0, 0, 0, 0, 0, 1, 0 ], 
          [ 1, 0, 0, 0, 0, 0, 0, 0, 0, 0, 0, -1, 0 ], 
          [ 0, 0, 0, 0, 0, 0, 0, 0, 0, 0, 0, 0, 1 ], 
          [ 1, 0, 0, 0, 0, 0, 0, 0, 0, 0, 0, 0, -1 ] ],
      Group := 
       Group( [ ( 1, 7)( 2, 4)( 3, 5)( 6, 8)(17,21)(18,22)(19,23)(20,24)
            (25,29)(26,30)(27,31)(28,32)(35,46)(36,45)(41,48)(42,47)(49,56)
            (50,55), ( 1,20,12,29)( 2,23, 9,28)( 3,18,16,25)( 4,21,15,30)
            ( 5,24,14,27)( 6,19,11,26)( 7,22,10,31)( 8,17,13,32)(33,50,34,49)
            (35,38,43,47)(36,37,44,48)(39,56,40,55)(41,45,52,53)(42,46,51,54),
          ( 1,24,10, 6,23,13)( 2,19,11, 5,20,12)( 3,18,16, 4,21,15)
            ( 7,22,14, 8,17, 9)(25,30)(26,31,28,29,32,27)(33,45,52,39,35,38)
            (34,46,51,40,36,37)(41,50,44,47,56,54)(42,49,43,48,55,53) ] ) ) ];
