return rec(
  DistVect := [ 0, 1, 1, 1, 1, 2, 2, 0, 1, 1, 2, 1, 2, 1, 1, 2, 1, 2, 1, 2, 
      1, 2, 1, 2, 1, 1, 1, 2, 2 ],
  ListIncidentIneq := 
   [ [ 0, 0, 0, 0, 0, 0, 0, 0, 0, 0, 0, 0, 0, 0, 0, 0, 0, 0, 0, 0, 0, 0, 0, 
          -1, 1, 0, 1, 0, 0 ], 
      [ 0, 0, 0, 0, 0, 0, 1, 1, 0, 0, 0, 0, 0, 0, 0, 0, 0, 0, 0, 0, 0, 0, 0, 
          0, 0, 0, 0, 0, -1 ], 
      [ 0, 0, 0, 0, 0, 1, 0, 1, 0, 0, 0, 0, 0, 0, 0, 0, 0, 0, 0, 0, 0, 0, 0, 
          0, 0, 0, 0, -1, 0 ], 
      [ 0, 1, 0, 0, 0, 0, 0, 1, 0, 0, 0, 0, 0, -1, 0, 0, 0, 0, 0, 0, 0, 0, 0, 
          0, 0, 0, 0, 0, 0 ], 
      [ 0, 0, 0, 0, 0, 0, 0, 0, 0, 0, 0, 1, 0, 1, 0, 0, 0, 0, 0, 0, 0, 0, 0, 
          0, 0, 0, 0, -1, 0 ], 
      [ 0, 0, 0, 0, 1, 0, 0, 1, 0, 0, 0, 0, 0, 0, 0, 0, 0, 0, 0, 0, 0, 0, 0, 
          0, 0, -1, 0, 0, 0 ], 
      [ 0, 1, 0, 0, 0, -1, 0, 0, 0, 0, 0, 1, 0, 0, 0, 0, 0, 0, 0, 0, 0, 0, 0, 
          0, 0, 0, 0, 0, 0 ], 
      [ 0, 0, 0, 1, 0, 0, 0, 1, 0, 0, 0, 0, 0, 0, 0, 0, 0, 0, 0, 0, 0, 0, -1, 
          0, 0, 0, 0, 0, 0 ], 
      [ 0, 0, 1, 0, 0, -1, 0, 0, 0, 0, 0, 0, 0, 0, 0, 0, 1, 0, 0, 0, 0, 0, 0, 
          0, 0, 0, 0, 0, 0 ], 
      [ 0, 0, 1, 0, 0, 0, 0, 1, 0, 0, 0, 0, 0, 0, 0, 0, 0, 0, -1, 0, 0, 0, 0, 
          0, 0, 0, 0, 0, 0 ], 
      [ 0, 0, 0, 0, 0, 0, -1, 1, 0, 0, 0, 0, 0, 0, 0, 0, 0, 0, 0, 0, 0, 0, 0, 
          0, 0, 0, 0, 0, 1 ], 
      [ 0, 1, 0, 0, 1, 0, 0, 0, 0, 0, -1, 0, 0, 0, 0, 0, 0, 0, 0, 0, 0, 0, 0, 
          0, 0, 0, 0, 0, 0 ], 
      [ 0, 0, 0, 1, 0, -1, 0, 0, 0, 0, 0, 0, 0, 0, 0, 0, 0, 0, 0, 0, 1, 0, 0, 
          0, 0, 0, 0, 0, 0 ], 
      [ 0, 0, 0, 0, 0, 0, 0, 0, 0, 0, 0, 0, 0, 0, 0, 0, 0, 0, 0, 0, 1, -1, 0, 
          0, 0, 0, 1, 0, 0 ], 
      [ 0, 0, 0, 1, 1, 0, 0, 0, 0, 0, 0, 0, 0, 0, 0, 0, 0, 0, 0, -1, 0, 0, 0, 
          0, 0, 0, 0, 0, 0 ], 
      [ 0, 0, 1, 0, 1, 0, 0, 0, 0, 0, 0, 0, 0, 0, 0, -1, 0, 0, 0, 0, 0, 0, 0, 
          0, 0, 0, 0, 0, 0 ], 
      [ 0, 0, 0, 0, 0, 0, 0, 0, 0, 0, 0, 0, 0, 0, 0, 0, 1, -1, 0, 0, 0, 0, 0, 
          0, 0, 0, 1, 0, 0 ], 
      [ 0, 0, 0, 0, 0, 0, 0, 0, 0, 0, 0, 0, 0, 0, 0, 0, 0, 0, 0, -1, 0, 0, 1, 
          0, 0, 1, 0, 0, 0 ], 
      [ 0, 0, 0, 0, 1, 0, -1, 0, 0, 0, 0, 0, 0, 0, 0, 0, 0, 0, 0, 0, 0, 0, 0, 
          0, 1, 0, 0, 0, 0 ], 
      [ 0, 0, 0, 0, 0, -1, 0, 1, 0, 0, 0, 0, 0, 0, 0, 0, 0, 0, 0, 0, 0, 0, 0, 
          0, 0, 0, 0, 1, 0 ], 
      [ 0, 0, 0, 0, 0, 0, 0, 0, 0, 0, 0, 1, -1, 0, 0, 0, 0, 0, 0, 0, 0, 0, 0, 
          0, 0, 0, 1, 0, 0 ], 
      [ 0, 0, 0, 0, 0, 0, 0, 0, 0, 0, 0, 0, 0, 0, 0, 0, 0, 0, 0, 0, 0, 0, 0, 
          0, 1, 1, 0, 0, -1 ], 
      [ 0, 0, 0, 0, 0, 0, 0, 0, 0, 0, 0, 0, 0, 0, 0, -1, 0, 0, 1, 0, 0, 0, 0, 
          0, 0, 1, 0, 0, 0 ], 
      [ 0, 0, 0, 0, -1, 0, 0, 1, 0, 0, 0, 0, 0, 0, 0, 0, 0, 0, 0, 0, 0, 0, 0, 
          0, 0, 1, 0, 0, 0 ], 
      [ 0, -1, 0, 0, 0, 0, 0, 1, 0, 0, 0, 0, 0, 1, 0, 0, 0, 0, 0, 0, 0, 0, 0, 
          0, 0, 0, 0, 0, 0 ], 
      [ 0, 0, 0, 0, 0, 0, 0, 0, 0, 0, 0, 0, 0, 0, 0, 0, 1, 0, 1, 0, 0, 0, 0, 
          0, 0, 0, 0, -1, 0 ], 
      [ 0, 0, 0, 0, 0, 0, 0, 0, 0, 0, -1, 0, 0, 1, 0, 0, 0, 0, 0, 0, 0, 0, 0, 
          0, 0, 1, 0, 0, 0 ], 
      [ 0, 0, 0, 0, 0, 0, 0, 0, 0, 0, 0, 0, 0, 0, 0, 0, 0, 0, 0, 0, 1, 0, 1, 
          0, 0, 0, 0, -1, 0 ], 
      [ 0, 0, 0, -1, 0, 0, 0, 1, 0, 0, 0, 0, 0, 0, 0, 0, 0, 0, 0, 0, 0, 0, 1, 
          0, 0, 0, 0, 0, 0 ], 
      [ 0, 0, -1, 0, 0, 0, 0, 1, 0, 0, 0, 0, 0, 0, 0, 0, 0, 0, 1, 0, 0, 0, 0, 
          0, 0, 0, 0, 0, 0 ], 
      [ 0, 0, 0, 0, -1, -1, 1, 1, 0, 0, 0, 0, 0, 0, 0, 0, 0, 0, 0, 0, 0, 0, 
          0, -1, 1, 1, 1, 1, -1 ], 
      [ 0, 0, 0, 0, 0, 0, 0, 0, 0, 0, 0, 0, 0, 0, -1, -1, 1, 0, 1, -1, 1, 0, 
          1, 1, 0, 1, 0, -1, 0 ], 
      [ 0, 0, 0, 0, 0, 0, 0, 0, 0, -1, -1, 1, 0, 1, 0, 0, 0, 0, 0, -1, 1, 0, 
          1, 1, 0, 1, 0, -1, 0 ], 
      [ 0, 0, 0, 0, 1, 1, -1, 1, 0, 0, 0, 0, 0, 0, 0, 0, 0, 0, 0, 0, 0, 0, 0, 
          -1, 1, -1, 1, -1, 1 ], 
      [ 0, 0, 1, 1, 1, -1, 0, 0, 0, 0, 0, 0, 0, 0, -1, -1, 1, 0, 0, -1, 1, 0, 
          0, 1, 0, 0, 0, 0, 0 ], 
      [ 0, 0, 0, 0, 0, 0, 0, 0, -1, 0, -1, 1, 0, 1, 0, -1, 1, 0, 1, 0, 0, 0, 
          0, 1, 0, 1, 0, -1, 0 ], 
      [ 0, 0, 0, 0, 0, 0, 0, 0, 0, 0, 0, 0, 0, 0, -1, 0, 1, -1, 1, 0, 1, -1, 
          1, 0, 0, 0, 1, -1, 1 ], 
      [ 0, 1, 0, 1, 1, -1, 0, 0, 0, -1, -1, 1, 0, 0, 0, 0, 0, 0, 0, -1, 1, 0, 
          0, 1, 0, 0, 0, 0, 0 ], 
      [ 0, 0, 1, 1, 0, -1, 1, 0, 0, 0, 0, 0, 0, 0, -1, 0, 1, -1, 0, 0, 1, -1, 
          0, 0, 0, 0, 1, 0, 0 ], 
      [ 0, 0, 0, 1, 0, -1, 1, 1, 0, 0, 0, 0, 0, 0, 0, 0, 0, 0, 0, 0, 1, -1, 
          -1, 0, 0, 0, 1, 1, -1 ], 
      [ 0, 0, 0, 0, 0, 0, 0, 0, 0, -1, 0, 1, -1, 1, 0, 0, 0, 0, 0, 0, 1, -1, 
          1, 0, 0, 0, 1, -1, 1 ], 
      [ 0, 0, 1, 0, 0, -1, 1, 1, 0, 0, 0, 0, 0, 0, 0, 0, 1, -1, -1, 0, 0, 0, 
          0, 0, 0, 0, 1, 1, -1 ], 
      [ 0, 0, 0, -1, 0, 1, -1, 1, 0, 0, 0, 0, 0, 0, 0, 0, 0, 0, 0, 0, 1, -1, 
          1, 0, 0, 0, 1, -1, 1 ], 
      [ 0, 1, 0, 1, 0, -1, 1, 0, 0, -1, 0, 1, -1, 0, 0, 0, 0, 0, 0, 0, 1, -1, 
          0, 0, 0, 0, 1, 0, 0 ], 
      [ 0, 0, 0, 0, 0, 0, 0, 0, -1, 0, 0, 1, -1, 1, 0, 0, 1, -1, 1, 0, 0, 0, 
          0, 0, 0, 0, 1, -1, 1 ], 
      [ 0, 1, 0, 0, 0, -1, 1, 1, 0, 0, 0, 1, -1, -1, 0, 0, 0, 0, 0, 0, 0, 0, 
          0, 0, 0, 0, 1, 1, -1 ], 
      [ 0, 0, -1, 0, 0, 1, -1, 1, 0, 0, 0, 0, 0, 0, 0, 0, 1, -1, 1, 0, 0, 0, 
          0, 0, 0, 0, 1, -1, 1 ], 
      [ 0, 1, 1, 0, 0, -1, 1, 0, -1, 0, 0, 1, -1, 0, 0, 0, 1, -1, 0, 0, 0, 0, 
          0, 0, 0, 0, 1, 0, 0 ], 
      [ 0, -1, 0, 0, 0, 1, -1, 1, 0, 0, 0, 1, -1, 1, 0, 0, 0, 0, 0, 0, 0, 0, 
          0, 0, 0, 0, 1, -1, 1 ], 
      [ 0, 1, 1, 0, 1, -1, 0, 0, -1, 0, -1, 1, 0, 0, 0, -1, 1, 0, 0, 0, 0, 0, 
          0, 1, 0, 0, 0, 0, 0 ], 
      [ 0, 0, 0, 0, 0, 0, 0, 0, -1, -1, -1, 1, 0, 2, -1, -1, 1, 0, 2, -1, 1, 
          0, 2, 1, 0, 2, 0, -2, 0 ], 
      [ 0, 0, -1, -1, -1, 1, 0, 2, 0, 0, 0, 0, 0, 0, -1, -1, 1, 0, 2, -1, 1, 
          0, 2, 1, 0, 2, 0, -2, 0 ], 
      [ 0, -1, 0, -1, -1, 1, 0, 2, 0, -1, -1, 1, 0, 2, 0, 0, 0, 0, 0, -1, 1, 
          0, 2, 1, 0, 2, 0, -2, 0 ], 
      [ 0, 1, 1, 1, 0, -2, 1, 0, -1, -1, 0, 2, -1, 0, -1, 0, 2, -1, 0, 0, 2, 
          -1, 0, 0, 0, 0, 2, 0, 0 ], 
      [ 0, 2, 2, 2, 2, -2, 0, 0, -1, -1, -1, 1, 0, 0, -1, -1, 1, 0, 0, -1, 1, 
          0, 0, 1, 0, 0, 0, 0, 0 ], 
      [ 0, 0, 2, 2, 2, -2, 0, 2, 0, 0, 0, 0, 0, 0, -1, -1, 1, 0, -1, -1, 1, 
          0, -1, 1, 0, -1, 0, 1, 0 ], 
      [ 0, 0, 2, 2, 0, -2, 2, 2, 0, 0, 0, 0, 0, 0, -1, 0, 1, -1, -1, 0, 1, 
          -1, -1, 0, 0, 0, 1, 1, -1 ], 
      [ 0, 2, 0, 2, 0, -2, 2, 2, 0, -1, 0, 1, -1, -1, 0, 0, 0, 0, 0, 0, 1, 
          -1, -1, 0, 0, 0, 1, 1, -1 ], 
      [ 0, 2, 2, 0, 0, -2, 2, 2, -1, 0, 0, 1, -1, -1, 0, 0, 1, -1, -1, 0, 0, 
          0, 0, 0, 0, 0, 1, 1, -1 ], 
      [ 0, -1, -1, 0, -1, 1, 0, 2, -1, 0, -1, 1, 0, 2, 0, -1, 1, 0, 2, 0, 0, 
          0, 0, 1, 0, 2, 0, -2, 0 ], 
      [ 0, 2, 2, 0, 2, -2, 0, 2, -1, 0, -1, 1, 0, -1, 0, -1, 1, 0, -1, 0, 0, 
          0, 0, 1, 0, -1, 0, 1, 0 ], 
      [ 0, 2, 0, 2, 2, -2, 0, 2, 0, -1, -1, 1, 0, -1, 0, 0, 0, 0, 0, -1, 1, 
          0, -1, 1, 0, -1, 0, 1, 0 ], 
      [ 0, 0, -1, -1, 0, 1, -1, 2, 0, 0, 0, 0, 0, 0, -1, 0, 1, -1, 2, 0, 1, 
          -1, 2, 0, 0, 0, 1, -2, 2 ], 
      [ 0, 0, 0, 0, 0, 0, 0, 0, -1, -1, 0, 2, -1, 1, -1, 0, 2, -1, 1, 0, 2, 
          -1, 1, 0, 0, 0, 2, -2, 1 ], 
      [ 0, -1, 0, -1, 0, 1, -1, 2, 0, -1, 0, 1, -1, 2, 0, 0, 0, 0, 0, 0, 1, 
          -1, 2, 0, 0, 0, 1, -2, 2 ], 
      [ 0, -1, -1, 0, 0, 1, -1, 2, -1, 0, 0, 1, -1, 2, 0, 0, 1, -1, 2, 0, 0, 
          0, 0, 0, 0, 0, 1, -2, 2 ], 
      [ 0, 1, 1, 1, 1, -1, 0, -1, -1, -1, -1, 1, 0, 1, -1, -1, 1, 0, 1, -1, 
          1, 0, 1, 1, 0, 1, 0, -1, 0 ], 
      [ 0, 0, 0, 0, 0, 0, 0, 0, -1, -1, -1, 2, -1, 2, -1, -1, 2, -1, 2, -1, 
          2, -1, 2, 2, -1, 2, 2, -4, 2 ], 
      [ 0, 2, 2, 2, 0, -4, 2, 2, -1, -1, 0, 2, -1, -1, -1, 0, 2, -1, -1, 0, 
          2, -1, -1, 0, 0, 0, 2, 2, -1 ], 
      [ 0, 2, 2, 2, 2, -4, 2, 0, -1, -1, -1, 2, -1, 0, -1, -1, 2, -1, 0, -1, 
          2, -1, 0, 2, -1, 0, 2, 0, 0 ], 
      [ 0, -1, -1, -1, 0, 2, -1, 2, -1, -1, 0, 2, -1, 2, -1, 0, 2, -1, 2, 0, 
          2, -1, 2, 0, 0, 0, 2, -4, 2 ], 
      [ 0, -1, -1, -1, -1, 1, 0, 3, -1, -1, -1, 1, 0, 3, -1, -1, 1, 0, 3, -1, 
          1, 0, 3, 1, 0, 3, 0, -3, 0 ], 
      [ 0, 3, 3, 3, 3, -3, 0, 3, -1, -1, -1, 1, 0, -1, -1, -1, 1, 0, -1, -1, 
          1, 0, -1, 1, 0, -1, 0, 1, 0 ], 
      [ 0, -2, -2, -2, 0, 4, -2, 6, -1, -1, 0, 2, -1, 3, -1, 0, 2, -1, 3, 0, 
          2, -1, 3, 0, 0, 0, 2, -6, 3 ], 
      [ 0, 3, 3, 3, 0, -6, 3, 6, -1, -1, 0, 2, -1, -2, -1, 0, 2, -1, -2, 0, 
          2, -1, -2, 0, 0, 0, 2, 4, -2 ], 
      [ 0, 1, 1, 1, 1, -2, 1, -1, -1, -1, -1, 2, -1, 1, -1, -1, 2, -1, 1, -1, 
          2, -1, 1, 2, -1, 1, 2, -2, 1 ], 
      [ 0, 3, 3, 3, 3, -6, 3, 3, -1, -1, -1, 2, -1, -1, -1, -1, 2, -1, -1, 
          -1, 2, -1, -1, 2, -1, -1, 2, 2, -1 ], 
      [ 0, -1, -1, -1, -1, 2, -1, 3, -1, -1, -1, 2, -1, 3, -1, -1, 2, -1, 3, 
          -1, 2, -1, 3, 2, -1, 3, 2, -6, 3 ], 
      [ 0, 4, 4, 4, 4, -8, 4, 8, -1, -1, -1, 2, -1, -2, -1, -1, 2, -1, -2, 
          -1, 2, -1, -2, 2, -1, -2, 2, 4, -2 ], 
      [ 0, -2, -2, -2, -2, 4, -2, 8, -1, -1, -1, 2, -1, 4, -1, -1, 2, -1, 4, 
          -1, 2, -1, 4, 2, -1, 4, 2, -8, 4 ] ],
  ListIncidentSymbol := 
   [ [ 0, 0, 0, 0, 1, 1, -1, 0 ], [ -1, 0, 0, 0, 0, 0, 1, 1 ], 
      [ -1, 0, 0, 0, 0, 1, 0, 1 ], [ -1, 1, 0, 0, 0, 0, 0, 1 ], 
      [ 0, -1, 0, 0, 0, 1, 0, 1 ], [ -1, 0, 0, 0, 1, 0, 0, 1 ], 
      [ 1, -1, 0, 0, 0, 1, 0, 0 ], [ -1, 0, 0, 1, 0, 0, 0, 1 ], 
      [ 1, 0, -1, 0, 0, 1, 0, 0 ], [ -1, 0, 1, 0, 0, 0, 0, 1 ], 
      [ 1, 0, 0, 0, 0, 0, 1, -1 ], [ -1, 1, 0, 0, 1, 0, 0, 0 ], 
      [ 1, 0, 0, -1, 0, 1, 0, 0 ], [ 0, 0, 0, 1, 0, -1, 1, 0 ], 
      [ -1, 0, 0, 1, 1, 0, 0, 0 ], [ -1, 0, 1, 0, 1, 0, 0, 0 ], 
      [ 0, 0, 1, 0, 0, -1, 1, 0 ], [ 0, 0, 0, 1, 1, 0, 0, -1 ], 
      [ 1, 0, 0, 0, -1, 0, 1, 0 ], [ 1, 0, 0, 0, 0, 1, 0, -1 ], 
      [ 0, 1, 0, 0, 0, -1, 1, 0 ], [ 0, 0, 0, 0, -1, 0, 1, 1 ], 
      [ 0, 0, 1, 0, 1, 0, 0, -1 ], [ 1, 0, 0, 0, 1, 0, 0, -1 ], 
      [ 1, 1, 0, 0, 0, 0, 0, -1 ], [ 0, 0, -1, 0, 0, 1, 0, 1 ], 
      [ 0, 1, 0, 0, 1, 0, 0, -1 ], [ 0, 0, 0, -1, 0, 1, 0, 1 ], 
      [ 1, 0, 0, 1, 0, 0, 0, -1 ], [ 1, 0, 1, 0, 0, 0, 0, -1 ], 
      [ 1, 0, 0, 0, 1, 1, -1, -1 ], [ 0, 0, 1, 1, 1, -1, 0, -1 ], 
      [ 0, 1, 0, 1, 1, -1, 0, -1 ], [ -1, 0, 0, 0, 1, 1, -1, 1 ], 
      [ -1, 0, 1, 1, 1, -1, 0, 0 ], [ 0, 1, 1, 0, 1, -1, 0, -1 ], 
      [ 0, 0, 1, 1, 0, -1, 1, -1 ], [ -1, 1, 0, 1, 1, -1, 0, 0 ], 
      [ -1, 0, 1, 1, 0, -1, 1, 0 ], [ -1, 0, 0, 1, 0, -1, 1, 1 ], 
      [ 0, 1, 0, 1, 0, -1, 1, -1 ], [ -1, 0, 1, 0, 0, -1, 1, 1 ], 
      [ 1, 0, 0, 1, 0, -1, 1, -1 ], [ -1, 1, 0, 1, 0, -1, 1, 0 ], 
      [ 0, 1, 1, 0, 0, -1, 1, -1 ], [ -1, 1, 0, 0, 0, -1, 1, 1 ], 
      [ 1, 0, 1, 0, 0, -1, 1, -1 ], [ -1, 1, 1, 0, 0, -1, 1, 0 ], 
      [ 1, 1, 0, 0, 0, -1, 1, -1 ], [ -1, 1, 1, 0, 1, -1, 0, 0 ], 
      [ 0, 1, 1, 1, 1, -1, 0, -2 ], [ 1, 0, 1, 1, 1, -1, 0, -2 ], 
      [ 1, 1, 0, 1, 1, -1, 0, -2 ], [ -1, 1, 1, 1, 0, -2, 1, 0 ], 
      [ -2, 1, 1, 1, 1, -1, 0, 0 ], [ -2, 0, 1, 1, 1, -1, 0, 1 ], 
      [ -2, 0, 1, 1, 0, -1, 1, 1 ], [ -2, 1, 0, 1, 0, -1, 1, 1 ], 
      [ -2, 1, 1, 0, 0, -1, 1, 1 ], [ 1, 1, 1, 0, 1, -1, 0, -2 ], 
      [ -2, 1, 1, 0, 1, -1, 0, 1 ], [ -2, 1, 0, 1, 1, -1, 0, 1 ], 
      [ 1, 0, 1, 1, 0, -1, 1, -2 ], [ 0, 1, 1, 1, 0, -2, 1, -1 ], 
      [ 1, 1, 0, 1, 0, -1, 1, -2 ], [ 1, 1, 1, 0, 0, -1, 1, -2 ], 
      [ -1, 1, 1, 1, 1, -1, 0, -1 ], [ 0, 1, 1, 1, 1, -2, 1, -2 ], 
      [ -2, 1, 1, 1, 0, -2, 1, 1 ], [ -2, 1, 1, 1, 1, -2, 1, 0 ], 
      [ 1, 1, 1, 1, 0, -2, 1, -2 ], [ 1, 1, 1, 1, 1, -1, 0, -3 ], 
      [ -3, 1, 1, 1, 1, -1, 0, 1 ], [ 2, 1, 1, 1, 0, -2, 1, -3 ], 
      [ -3, 1, 1, 1, 0, -2, 1, 2 ], [ -1, 1, 1, 1, 1, -2, 1, -1 ], 
      [ -3, 1, 1, 1, 1, -2, 1, 1 ], [ 1, 1, 1, 1, 1, -2, 1, -3 ], 
      [ -4, 1, 1, 1, 1, -2, 1, 2 ], [ 2, 1, 1, 1, 1, -2, 1, -4 ] ],
  ListAdjacent := [ rec(
          DistVect := [ 0, 0, 1, 1, 0, 1, 1, 0, 1, 1, 0, 1, 1, 0, 0, 1, 0, 0, 
              1, 1, 0, 0, 1, 1, 1, 0, 0, 1, 1 ],
          eAdj := [ 1, 2, 3, 4, 5, 6, 7, 8, 9, 10, 11, 12, 13, 14, 15, 16, 
              17, 18, 19, 20, 21, 22, 23, 24, 25, 26, 27, 28, 29, 30, 31, 32, 
              33, 34, 35, 36, 38, 40, 41, 42, 43, 44, 45, 46, 47, 48, 49, 50, 
              51, 52, 53, 54, 55, 56, 58, 59, 60, 61, 62, 64, 65, 66, 67, 68, 
              69, 70, 71, 72, 73, 74, 75, 76, 77, 78, 79, 80 ] ), rec(
          DistVect := [ 0, 0, 1, 0, 0, 1, 1, 0, 1, 0, 0, 1, 1, 0, 1, 1, 0, 0, 
              1, 0, 1, 1, 0, 1, 1, 0, 0, 1, 1 ],
          eAdj := [ 1, 2, 3, 4, 5, 6, 7, 8, 9, 10, 11, 12, 13, 14, 15, 16, 
              17, 18, 19, 20, 21, 22, 23, 24, 25, 26, 27, 28, 29, 30, 31, 32, 
              34, 35, 36, 37, 39, 40, 41, 42, 43, 44, 45, 46, 47, 48, 49, 50, 
              51, 52, 54, 55, 56, 57, 58, 59, 60, 61, 63, 64, 65, 66, 67, 68, 
              69, 70, 71, 72, 73, 74, 75, 76, 77, 78, 79, 80 ] ), rec(
          DistVect := [ 0, 1, 0, 0, 0, 0, 0, 0, 1, 1, 1, 1, 1, 1, 0, 0, 0, 0, 
              0, 0, 0, 0, 0, 0, 0, 0, 0, 0, 0 ],
          eAdj := [ 1, 2, 3, 4, 6, 8, 9, 10, 11, 12, 13, 14, 15, 16, 17, 18, 
              19, 20, 21, 22, 23, 24, 25, 26, 27, 28, 29, 30, 31, 32, 33, 34, 
              35, 36, 37, 38, 39, 40, 41, 42, 43, 44, 45, 46, 47, 48, 49, 50, 
              51, 52, 53, 54, 55, 56, 57, 58, 59, 60, 61, 62, 63, 64, 65, 66, 
              67, 68, 69, 70, 71, 72, 73, 74, 75, 76, 77, 78, 79, 80 ] ), rec(
          DistVect := [ 0, 0, 1, 1, 0, 1, 0, 0, 1, 1, 0, 1, 0, 0, 0, 1, 0, 1, 
              1, 1, 0, 1, 1, 1, 0, 0, 1, 1, 0 ],
          eAdj := [ 1, 2, 3, 4, 5, 6, 7, 8, 9, 10, 11, 12, 13, 14, 15, 16, 
              17, 18, 19, 20, 22, 23, 24, 25, 26, 27, 28, 29, 30, 31, 32, 33, 
              34, 35, 36, 37, 38, 39, 40, 41, 42, 43, 44, 45, 47, 48, 50, 51, 
              52, 53, 54, 55, 56, 57, 58, 59, 60, 61, 62, 63, 64, 65, 66, 67, 
              68, 69, 70, 71, 72, 73, 74, 75, 76, 77, 78, 79, 80 ] ), rec(
          DistVect := [ 0, 1, 0, 0, 1, 1, 1, 0, 1, 1, 0, 0, 0, 1, 0, 1, 1, 1, 
              0, 1, 1, 1, 0, 0, 0, 1, 0, 1, 1 ],
          eAdj := [ 1, 2, 3, 4, 5, 6, 7, 8, 9, 10, 11, 13, 14, 15, 16, 17, 
              18, 19, 20, 21, 22, 23, 24, 25, 26, 28, 29, 30, 31, 32, 33, 34, 
              35, 36, 37, 38, 39, 40, 41, 42, 43, 44, 45, 46, 47, 48, 49, 50, 
              51, 52, 53, 54, 55, 56, 57, 58, 59, 60, 61, 62, 63, 64, 65, 66, 
              67, 68, 69, 70, 71, 72, 73, 74, 75, 76, 77, 78, 79, 80 ] ), rec(
          DistVect := [ 0, 0, 0, 0, 1, 0, 0, 0, 0, 0, 1, 0, 0, 0, 0, 1, 0, 0, 
              0, 1, 0, 0, 0, 1, 1, 1, 0, 0, 0 ],
          eAdj := [ 1, 2, 3, 4, 5, 6, 7, 8, 9, 10, 11, 12, 13, 14, 15, 16, 
              17, 18, 20, 21, 23, 24, 25, 26, 27, 28, 29, 30, 31, 32, 33, 34, 
              35, 36, 37, 38, 39, 40, 41, 42, 43, 44, 45, 46, 47, 48, 49, 50, 
              51, 52, 53, 54, 55, 56, 57, 58, 59, 60, 61, 62, 63, 64, 65, 66, 
              67, 68, 69, 70, 71, 72, 73, 74, 75, 76, 77, 78, 79, 80 ] ), rec(
          DistVect := [ 0, 7, 7, 4, 4, 8, 8, 3, 4, 5, 7, 5, 7, 4, 5, 7, 5, 7, 
              4, 8, 4, 8, 5, 8, 4, 3, 4, 9, 7 ],
          eAdj := [ 1, 5, 13, 14, 15, 18, 19, 22, 23, 25, 26, 27, 28, 30, 32, 
              33, 37, 41, 47, 49, 51, 60, 66, 68, 71, 78 ] ), rec(
          DistVect := [ 0, 5, 7, 3, 5, 7, 7, 3, 4, 4, 8, 4, 8, 4, 4, 8, 4, 8, 
              4, 8, 4, 8, 4, 8, 4, 4, 4, 8, 8 ],
          eAdj := [ 1, 5, 13, 14, 15, 17, 18, 21, 22, 23, 26, 27, 28, 30, 32, 
              33, 36, 37, 41, 44, 45, 47, 51, 60, 64, 68 ] ), rec(
          DistVect := [ 0, 5, 5, 3, 5, 7, 9, 3, 4, 4, 8, 4, 8, 4, 4, 8, 4, 8, 
              4, 8, 4, 8, 4, 8, 4, 4, 4, 8, 8 ],
          eAdj := [ 1, 5, 13, 14, 15, 17, 18, 19, 21, 22, 23, 26, 27, 28, 32, 
              33, 36, 37, 41, 45, 47, 49, 51, 64, 67, 68 ] ), rec(
          DistVect := [ 0, 7, 7, 5, 3, 9, 7, 3, 4, 4, 8, 4, 8, 4, 4, 8, 4, 8, 
              4, 8, 4, 8, 4, 8, 4, 4, 4, 8, 8 ],
          eAdj := [ 1, 5, 13, 14, 15, 17, 18, 19, 21, 22, 23, 25, 26, 27, 28, 
              30, 32, 33, 36, 37, 41, 45, 51, 64, 68, 76 ] ), rec(
          DistVect := [ 0, 7, 5, 5, 3, 7, 7, 3, 4, 4, 8, 4, 8, 4, 4, 8, 4, 8, 
              4, 8, 4, 8, 4, 8, 4, 4, 4, 8, 8 ],
          eAdj := [ 1, 5, 14, 15, 16, 17, 18, 19, 21, 22, 23, 25, 26, 27, 28, 
              32, 33, 36, 37, 41, 45, 49, 51, 64, 68, 71 ] ), rec(
          DistVect := [ 0, 7, 7, 4, 4, 8, 5, 3, 4, 5, 7, 3, 8, 4, 5, 7, 3, 8, 
              4, 8, 4, 7, 5, 8, 5, 3, 5, 7, 8 ],
          eAdj := [ 2, 5, 13, 15, 17, 18, 21, 22, 23, 25, 26, 27, 30, 31, 32, 
              33, 36, 39, 40, 44, 45, 51, 54, 60, 64, 76 ] ), rec(
          DistVect := [ 0, 7, 7, 7, 4, 8, 5, 3, 4, 4, 7, 5, 8, 4, 4, 7, 5, 8, 
              4, 7, 5, 8, 4, 8, 5, 3, 3, 9, 8 ],
          eAdj := [ 1, 2, 5, 14, 17, 18, 21, 22, 23, 25, 26, 27, 28, 29, 30, 
              31, 37, 41, 45, 52, 53, 60, 68, 71, 72, 78 ] ), rec(
          DistVect := [ 0, 7, 7, 7, 3, 9, 5, 3, 4, 4, 8, 4, 8, 4, 4, 8, 4, 8, 
              4, 8, 4, 8, 4, 8, 4, 4, 4, 8, 8 ],
          eAdj := [ 1, 2, 5, 14, 17, 18, 21, 22, 23, 25, 26, 27, 28, 29, 30, 
              31, 32, 33, 36, 37, 41, 45, 51, 64, 68, 76 ] ), rec(
          DistVect := [ 0, 7, 7, 5, 3, 7, 5, 3, 4, 4, 8, 4, 8, 4, 4, 8, 4, 8, 
              4, 8, 4, 8, 4, 8, 4, 4, 4, 8, 8 ],
          eAdj := [ 1, 2, 5, 14, 15, 17, 18, 21, 22, 23, 25, 26, 27, 28, 30, 
              32, 33, 36, 37, 41, 45, 51, 60, 64, 68, 71 ] ), rec(
          DistVect := [ 0, 5, 5, 3, 5, 5, 7, 3, 4, 4, 8, 4, 8, 4, 4, 8, 4, 8, 
              4, 8, 4, 8, 4, 8, 4, 4, 4, 8, 8 ],
          eAdj := [ 1, 3, 5, 14, 15, 17, 18, 21, 22, 23, 26, 27, 28, 32, 33, 
              36, 37, 41, 45, 47, 49, 51, 60, 64, 68, 71 ] ), rec(
          DistVect := [ 0, 4, 4, 4, 7, 5, 8, 3, 4, 4, 7, 5, 8, 3, 4, 7, 5, 8, 
              3, 7, 5, 8, 3, 8, 5, 4, 3, 8, 9 ],
          eAdj := [ 1, 3, 5, 14, 17, 18, 21, 22, 23, 24, 26, 27, 28, 37, 41, 
              43, 45, 47, 49, 51, 52, 53, 60, 71, 72, 78 ] ), rec(
          DistVect := [ 0, 3, 3, 3, 7, 5, 9, 3, 4, 4, 8, 4, 8, 4, 4, 8, 4, 8, 
              4, 8, 4, 8, 4, 8, 4, 4, 4, 8, 8 ],
          eAdj := [ 1, 3, 5, 14, 17, 18, 21, 22, 23, 24, 26, 27, 28, 32, 33, 
              36, 37, 41, 43, 45, 47, 49, 51, 64, 67, 68 ] ), rec(
          DistVect := [ 0, 5, 7, 5, 5, 9, 7, 3, 4, 4, 8, 4, 8, 4, 4, 8, 4, 8, 
              4, 8, 4, 8, 4, 8, 4, 4, 4, 8, 8 ],
          eAdj := [ 1, 5, 7, 13, 14, 17, 18, 21, 22, 23, 26, 27, 28, 30, 31, 
              32, 33, 36, 37, 41, 44, 45, 51, 64, 68, 76 ] ), rec(
          DistVect := [ 0, 3, 5, 3, 7, 7, 9, 3, 4, 4, 8, 4, 8, 4, 4, 8, 4, 8, 
              4, 8, 4, 8, 4, 8, 4, 4, 4, 8, 8 ],
          eAdj := [ 1, 5, 7, 13, 14, 17, 18, 21, 22, 23, 24, 26, 27, 28, 32, 
              33, 36, 37, 41, 44, 45, 47, 51, 64, 67, 68 ] ), rec(
          DistVect := [ 0, 7, 7, 4, 4, 8, 5, 3, 4, 7, 7, 5, 8, 4, 7, 7, 5, 8, 
              4, 8, 4, 5, 7, 8, 5, 3, 3, 9, 8 ],
          eAdj := [ 1, 2, 5, 8, 13, 15, 17, 21, 22, 23, 25, 26, 27, 30, 31, 
              32, 33, 39, 40, 44, 45, 51, 60, 64, 68, 76 ] ), rec(
          DistVect := [ 0, 7, 7, 4, 3, 9, 5, 3, 4, 7, 8, 4, 8, 4, 7, 8, 4, 8, 
              4, 7, 5, 5, 7, 8, 4, 4, 4, 8, 8 ],
          eAdj := [ 1, 2, 5, 8, 13, 15, 17, 21, 22, 23, 25, 26, 27, 30, 31, 
              35, 36, 38, 39, 40, 44, 45, 54, 67, 70, 76 ] ), rec(
          DistVect := [ 0, 7, 4, 4, 4, 8, 8, 3, 5, 5, 7, 3, 7, 4, 4, 8, 4, 8, 
              5, 8, 4, 8, 5, 8, 4, 3, 4, 7, 7 ],
          eAdj := [ 1, 5, 9, 13, 14, 15, 16, 17, 18, 19, 21, 22, 23, 25, 27, 
              33, 35, 36, 39, 41, 45, 49, 54, 64, 67, 76 ] ), rec(
          DistVect := [ 0, 5, 5, 3, 5, 8, 7, 3, 4, 4, 8, 3, 8, 4, 4, 8, 3, 8, 
              4, 8, 5, 8, 4, 7, 4, 4, 5, 5, 8 ],
          eAdj := [ 7, 9, 13, 15, 17, 18, 20, 21, 22, 23, 27, 31, 35, 36, 38, 
              39, 40, 42, 44, 46, 48, 50, 54, 67, 69, 70 ] ), rec(
          DistVect := [ 0, 3, 3, 3, 7, 8, 9, 3, 4, 4, 8, 5, 8, 4, 4, 8, 5, 8, 
              4, 8, 5, 8, 4, 5, 4, 4, 3, 5, 8 ],
          eAdj := [ 7, 9, 13, 14, 17, 18, 20, 21, 22, 23, 24, 27, 31, 35, 38, 
              39, 40, 42, 44, 46, 48, 50, 55, 67, 69, 70 ] ), rec(
          DistVect := [ 0, 4, 4, 4, 7, 8, 8, 3, 4, 4, 7, 4, 8, 3, 4, 7, 4, 8, 
              3, 7, 4, 8, 3, 5, 5, 4, 4, 5, 9 ],
          eAdj := [ 7, 9, 13, 14, 17, 18, 20, 21, 22, 23, 24, 27, 31, 32, 33, 
              36, 39, 40, 42, 44, 46, 48, 51, 54, 67, 76 ] ), rec(
          DistVect := [ 0, 4, 4, 4, 7, 8, 8, 3, 4, 4, 7, 4, 8, 3, 4, 7, 4, 8, 
              3, 9, 4, 8, 5, 7, 5, 4, 4, 7, 9 ],
          eAdj := [ 5, 7, 9, 13, 14, 17, 18, 21, 22, 23, 24, 26, 27, 31, 32, 
              33, 36, 39, 40, 44, 45, 48, 51, 54, 67, 76 ] ), rec(
          DistVect := [ 0, 5, 5, 5, 5, 9, 9, 3, 4, 4, 8, 4, 8, 4, 4, 8, 4, 8, 
              4, 8, 4, 8, 4, 8, 4, 4, 4, 8, 8 ],
          eAdj := [ 1, 5, 7, 9, 13, 14, 17, 18, 19, 21, 22, 23, 26, 27, 28, 
              32, 33, 36, 37, 41, 45, 51, 64, 67, 68, 76 ] ), rec(
          DistVect := [ 0, 7, 4, 4, 4, 8, 8, 3, 5, 7, 7, 5, 7, 4, 4, 8, 4, 8, 
              5, 8, 4, 8, 7, 8, 4, 3, 4, 9, 7 ],
          eAdj := [ 1, 5, 8, 9, 13, 14, 15, 16, 17, 19, 22, 23, 25, 26, 27, 
              33, 35, 36, 39, 41, 45, 49, 64, 67, 68, 76 ] ), rec(
          DistVect := [ 0, 5, 5, 4, 5, 9, 7, 3, 4, 5, 8, 4, 8, 4, 5, 8, 4, 8, 
              4, 9, 5, 7, 7, 8, 4, 4, 4, 8, 8 ],
          eAdj := [ 1, 5, 7, 8, 9, 13, 15, 17, 21, 22, 23, 26, 27, 31, 35, 
              36, 38, 39, 40, 44, 45, 48, 54, 67, 70, 76 ] ), rec(
          DistVect := [ 0, 5, 4, 3, 5, 7, 7, 3, 5, 4, 8, 4, 8, 4, 3, 9, 3, 7, 
              7, 8, 4, 8, 4, 8, 4, 4, 4, 8, 8 ],
          eAdj := [ 1, 5, 9, 10, 13, 14, 15, 16, 17, 18, 21, 22, 27, 28, 33, 
              35, 36, 39, 41, 42, 44, 48, 50, 54, 67, 76 ] ), rec(
          DistVect := [ 0, 7, 4, 4, 4, 8, 5, 3, 7, 5, 7, 3, 8, 4, 4, 8, 4, 5, 
              7, 8, 4, 7, 5, 8, 5, 3, 5, 7, 8 ],
          eAdj := [ 2, 5, 9, 10, 13, 15, 16, 18, 21, 22, 25, 27, 31, 33, 35, 
              36, 40, 42, 44, 48, 50, 54, 57, 67, 69, 70 ] ), rec(
          DistVect := [ 0, 7, 4, 5, 3, 7, 5, 3, 7, 4, 8, 4, 8, 4, 5, 7, 3, 5, 
              7, 8, 4, 8, 4, 8, 4, 4, 4, 8, 8 ],
          eAdj := [ 1, 2, 5, 9, 10, 14, 15, 16, 18, 21, 22, 25, 27, 28, 33, 
              35, 36, 39, 41, 42, 48, 50, 54, 64, 67, 76 ] ), rec(
          DistVect := [ 0, 7, 4, 4, 3, 9, 5, 3, 7, 7, 8, 4, 8, 4, 4, 7, 5, 5, 
              7, 7, 5, 5, 7, 8, 4, 4, 4, 8, 8 ],
          eAdj := [ 1, 2, 5, 8, 9, 10, 13, 15, 16, 21, 22, 25, 27, 31, 38, 
              40, 42, 44, 48, 50, 55, 56, 57, 69, 70, 77 ] ), rec(
          DistVect := [ 0, 7, 4, 4, 4, 8, 5, 3, 7, 7, 7, 5, 8, 4, 4, 8, 4, 5, 
              7, 8, 4, 5, 7, 8, 5, 3, 3, 9, 8 ],
          eAdj := [ 1, 2, 5, 8, 9, 10, 13, 15, 16, 21, 22, 25, 27, 31, 33, 
              35, 36, 40, 42, 44, 48, 54, 57, 67, 70, 76 ] ), rec(
          DistVect := [ 0, 7, 7, 5, 3, 7, 8, 3, 4, 4, 8, 4, 5, 4, 4, 8, 4, 5, 
              4, 8, 4, 7, 4, 8, 5, 4, 5, 8, 5 ],
          eAdj := [ 5, 11, 15, 18, 19, 23, 25, 26, 27, 28, 30, 32, 33, 34, 
              36, 43, 47, 49, 51, 60, 63, 65, 66, 71, 74, 78 ] ), rec(
          DistVect := [ 0, 7, 7, 7, 4, 8, 8, 3, 4, 4, 7, 5, 5, 4, 4, 7, 5, 5, 
              4, 7, 5, 5, 4, 8, 4, 3, 4, 9, 5 ],
          eAdj := [ 1, 5, 11, 18, 19, 23, 25, 26, 27, 28, 29, 30, 34, 43, 47, 
              49, 52, 53, 60, 63, 65, 66, 72, 74, 78, 80 ] ), rec(
          DistVect := [ 0, 7, 7, 7, 3, 9, 8, 3, 4, 4, 8, 4, 5, 4, 4, 8, 4, 5, 
              4, 8, 4, 5, 4, 8, 5, 4, 3, 8, 5 ],
          eAdj := [ 1, 5, 11, 18, 19, 23, 25, 26, 27, 28, 29, 30, 32, 33, 34, 
              36, 43, 47, 49, 51, 63, 65, 66, 68, 71, 78 ] ), rec(
          DistVect := [ 0, 7, 7, 4, 4, 8, 8, 3, 4, 5, 7, 3, 5, 4, 5, 7, 3, 5, 
              4, 8, 4, 8, 5, 8, 4, 3, 4, 7, 5 ],
          eAdj := [ 1, 5, 11, 13, 14, 15, 18, 19, 23, 25, 26, 27, 30, 32, 33, 
              36, 37, 41, 47, 49, 51, 60, 64, 66, 68, 71 ] ), rec(
          DistVect := [ 0, 5, 5, 5, 3, 7, 7, 3, 4, 4, 8, 4, 8, 4, 4, 8, 4, 8, 
              4, 8, 4, 8, 4, 8, 4, 4, 4, 8, 8 ],
          eAdj := [ 1, 5, 12, 14, 15, 16, 17, 18, 19, 21, 22, 23, 26, 27, 28, 
              32, 33, 36, 37, 41, 45, 51, 64, 67, 68, 76 ] ), rec(
          DistVect := [ 0, 5, 7, 5, 3, 7, 5, 3, 4, 4, 8, 4, 8, 4, 4, 8, 4, 8, 
              4, 8, 4, 8, 4, 8, 4, 4, 4, 8, 8 ],
          eAdj := [ 1, 2, 5, 12, 14, 15, 17, 18, 21, 22, 23, 26, 27, 28, 30, 
              32, 33, 36, 37, 41, 44, 45, 51, 64, 68, 76 ] ), rec(
          DistVect := [ 0, 4, 4, 4, 4, 5, 8, 3, 4, 4, 8, 5, 8, 3, 4, 8, 3, 8, 
              5, 8, 5, 8, 3, 7, 4, 5, 5, 8, 7 ],
          eAdj := [ 3, 5, 12, 15, 16, 17, 18, 19, 26, 27, 28, 32, 33, 34, 36, 
              37, 41, 43, 45, 47, 49, 51, 65, 67, 68, 71 ] ), rec(
          DistVect := [ 0, 3, 5, 3, 5, 5, 7, 3, 4, 4, 8, 4, 8, 4, 4, 8, 4, 8, 
              4, 8, 4, 8, 4, 8, 4, 4, 4, 8, 8 ],
          eAdj := [ 1, 3, 5, 12, 14, 15, 17, 18, 21, 22, 23, 26, 27, 28, 32, 
              33, 36, 37, 41, 44, 45, 47, 51, 64, 67, 68 ] ), rec(
          DistVect := [ 0, 4, 4, 4, 4, 5, 5, 3, 4, 4, 8, 3, 7, 5, 4, 8, 3, 7, 
              5, 8, 3, 7, 5, 9, 5, 3, 4, 8, 8 ],
          eAdj := [ 1, 2, 3, 5, 12, 14, 15, 16, 17, 18, 21, 22, 23, 26, 27, 
              28, 32, 33, 36, 39, 44, 48, 54, 64, 67, 76 ] ), rec(
          DistVect := [ 0, 5, 5, 5, 3, 5, 5, 3, 4, 4, 8, 4, 8, 4, 4, 8, 4, 8, 
              4, 8, 4, 8, 4, 8, 4, 4, 4, 8, 8 ],
          eAdj := [ 1, 2, 3, 5, 12, 14, 15, 16, 17, 18, 21, 22, 23, 26, 27, 
              28, 32, 33, 36, 37, 41, 45, 51, 64, 68, 71 ] ), rec(
          DistVect := [ 0, 4, 7, 4, 4, 8, 5, 3, 5, 4, 8, 4, 7, 5, 5, 7, 3, 8, 
              4, 8, 4, 7, 5, 8, 5, 3, 5, 7, 8 ],
          eAdj := [ 2, 7, 12, 13, 15, 17, 18, 22, 23, 26, 27, 30, 31, 32, 36, 
              38, 39, 40, 44, 46, 48, 54, 58, 67, 70, 76 ] ), rec(
          DistVect := [ 0, 3, 5, 5, 5, 7, 7, 3, 4, 4, 8, 4, 8, 4, 4, 8, 4, 8, 
              4, 8, 4, 8, 4, 8, 4, 4, 4, 8, 8 ],
          eAdj := [ 1, 5, 7, 12, 14, 17, 18, 21, 22, 23, 26, 27, 28, 32, 33, 
              36, 37, 41, 44, 45, 48, 51, 64, 67, 68, 76 ] ), rec(
          DistVect := [ 0, 5, 5, 4, 3, 7, 5, 3, 4, 5, 8, 4, 8, 4, 5, 8, 4, 8, 
              4, 7, 3, 5, 7, 8, 4, 4, 4, 8, 8 ],
          eAdj := [ 1, 2, 5, 8, 12, 13, 15, 16, 17, 21, 22, 23, 26, 27, 35, 
              36, 38, 39, 40, 44, 45, 48, 54, 67, 70, 76 ] ), rec(
          DistVect := [ 0, 5, 5, 5, 3, 8, 5, 3, 4, 4, 8, 3, 8, 4, 4, 8, 3, 8, 
              4, 8, 3, 8, 4, 9, 4, 4, 7, 5, 8 ],
          eAdj := [ 2, 7, 9, 12, 13, 15, 16, 18, 20, 22, 23, 27, 31, 35, 38, 
              39, 40, 42, 44, 46, 48, 50, 54, 67, 69, 70 ] ), rec(
          DistVect := [ 0, 4, 4, 4, 4, 8, 5, 3, 4, 4, 8, 4, 7, 5, 4, 8, 4, 7, 
              5, 8, 4, 7, 5, 8, 5, 3, 7, 5, 8 ],
          eAdj := [ 2, 7, 9, 12, 13, 15, 16, 18, 20, 22, 23, 27, 31, 35, 38, 
              40, 42, 46, 50, 55, 57, 58, 59, 69, 75, 77 ] ), rec(
          DistVect := [ 0, 4, 4, 4, 4, 8, 5, 3, 4, 4, 8, 4, 7, 5, 4, 8, 4, 7, 
              5, 8, 4, 5, 7, 8, 5, 3, 5, 7, 8 ],
          eAdj := [ 2, 7, 8, 9, 12, 13, 15, 16, 22, 23, 27, 31, 35, 38, 40, 
              42, 46, 48, 50, 55, 57, 58, 59, 69, 70, 77 ] ), rec(
          DistVect := [ 0, 2, 2, 2, 1, 2, 1, 1, 1, 1, 1, 1, 2, 1, 1, 1, 1, 2, 
              1, 1, 1, 2, 1, 2, 2, 0, 1, 2, 2 ],
          eAdj := [ 2, 5, 14, 17, 18, 21, 22, 23, 24, 25, 26, 27, 28, 29, 30, 
              31, 37, 41, 45, 52, 53, 60, 64, 68, 71, 72, 78 ] ), rec(
          DistVect := [ 0, 2, 2, 2, 1, 2, 2, 1, 1, 1, 2, 2, 2, 1, 1, 2, 2, 2, 
              1, 2, 2, 2, 1, 2, 1, 1, 1, 3, 2 ],
          eAdj := [ 1, 3, 5, 18, 19, 22, 23, 25, 26, 27, 28, 29, 30, 34, 43, 
              47, 49, 52, 53, 60, 63, 65, 66, 72, 74, 78, 80 ] ), rec(
          DistVect := [ 0, 1, 1, 1, 2, 1, 2, 1, 1, 1, 2, 1, 2, 1, 1, 1, 2, 2, 
              0, 2, 1, 2, 1, 2, 1, 1, 1, 2, 2 ],
          eAdj := [ 1, 3, 5, 14, 18, 21, 22, 23, 24, 26, 27, 28, 30, 33, 37, 
              41, 43, 45, 47, 49, 51, 52, 53, 60, 63, 66, 71, 72, 78 ] ), rec(
          DistVect := [ 0, 1, 1, 2, 2, 2, 2, 1, 1, 1, 2, 1, 2, 1, 1, 2, 1, 2, 
              1, 2, 1, 2, 1, 2, 1, 1, 1, 2, 2 ],
          eAdj := [ 1, 5, 7, 9, 14, 17, 18, 21, 22, 23, 24, 26, 27, 28, 29, 
              31, 32, 33, 36, 37, 41, 43, 45, 48, 51, 52, 53, 64, 68 ] ), rec(
          DistVect := [ 0, 2, 1, 1, 1, 1, 2, 1, 1, 1, 2, 1, 1, 1, 1, 2, 1, 2, 
              1, 2, 1, 2, 1, 2, 1, 1, 2, 2, 1 ],
          eAdj := [ 3, 5, 11, 15, 16, 18, 19, 23, 25, 26, 27, 28, 32, 33, 34, 
              36, 37, 43, 47, 49, 51, 53, 60, 63, 65, 66, 71, 74, 78 ] ), rec(
          DistVect := [ 0, 2, 2, 2, 1, 2, 1, 1, 1, 1, 2, 1, 2, 1, 1, 2, 1, 2, 
              1, 2, 1, 2, 1, 2, 1, 1, 1, 2, 2 ],
          eAdj := [ 1, 2, 5, 14, 17, 18, 21, 22, 23, 25, 26, 27, 28, 29, 30, 
              31, 32, 33, 36, 37, 41, 45, 51, 52, 53, 60, 64, 68, 71, 72 ] ), 
      rec(
          DistVect := [ 0, 1, 1, 1, 2, 1, 2, 1, 1, 1, 2, 1, 2, 1, 1, 2, 1, 2, 
              1, 2, 1, 2, 1, 2, 1, 1, 1, 2, 2 ],
          eAdj := [ 1, 3, 5, 14, 17, 18, 21, 22, 23, 24, 26, 27, 28, 32, 33, 
              36, 37, 41, 43, 45, 47, 49, 51, 52, 53, 60, 64, 68, 71, 78 ] ), 
      rec(
          DistVect := [ 0, 2, 1, 1, 1, 1, 1, 1, 1, 1, 2, 1, 2, 1, 1, 2, 1, 2, 
              1, 2, 1, 2, 1, 2, 1, 1, 1, 2, 2 ],
          eAdj := [ 1, 2, 3, 5, 14, 15, 16, 17, 18, 21, 22, 23, 25, 26, 27, 
              28, 32, 33, 36, 37, 39, 41, 45, 49, 51, 53, 60, 64, 68, 71 ] ), 
      rec(
          DistVect := [ 0, 2, 2, 1, 1, 2, 1, 1, 1, 2, 1, 1, 2, 1, 2, 1, 1, 2, 
              1, 2, 1, 1, 2, 2, 2, 0, 1, 2, 2 ],
          eAdj := [ 2, 5, 8, 13, 15, 17, 18, 21, 22, 23, 24, 25, 26, 27, 30, 
              31, 32, 33, 39, 40, 44, 45, 51, 54, 60, 64, 68, 76 ] ), rec(
          DistVect := [ 0, 2, 2, 1, 1, 2, 1, 1, 1, 2, 2, 1, 2, 1, 2, 2, 1, 2, 
              1, 2, 1, 1, 2, 2, 1, 1, 1, 2, 2 ],
          eAdj := [ 1, 2, 5, 8, 13, 15, 17, 21, 22, 23, 25, 26, 27, 30, 31, 
              32, 33, 35, 36, 38, 39, 40, 44, 45, 51, 54, 60, 64, 67, 76 ] ), 
      rec(
          DistVect := [ 0, 2, 2, 1, 1, 2, 2, 1, 1, 2, 2, 2, 2, 1, 2, 2, 2, 2, 
              1, 2, 1, 2, 2, 2, 1, 1, 1, 3, 2 ],
          eAdj := [ 1, 3, 5, 8, 13, 14, 15, 19, 22, 23, 25, 26, 27, 28, 30, 
              32, 33, 34, 37, 41, 47, 49, 51, 60, 66, 68, 71, 78 ] ), rec(
          DistVect := [ 0, 1, 1, 1, 2, 2, 2, 1, 1, 1, 2, 1, 2, 1, 1, 1, 1, 2, 
              0, 2, 1, 2, 1, 1, 1, 1, 1, 1, 2 ],
          eAdj := [ 7, 9, 13, 14, 17, 18, 20, 21, 22, 23, 24, 26, 27, 30, 31, 
              32, 33, 36, 37, 38, 39, 40, 44, 45, 46, 48, 51, 54, 67, 76 ] ), 
      rec(
          DistVect := [ 0, 1, 1, 1, 2, 2, 2, 1, 1, 1, 2, 1, 2, 1, 1, 2, 1, 2, 
              1, 2, 1, 2, 1, 1, 1, 1, 1, 1, 2 ],
          eAdj := [ 7, 9, 13, 14, 17, 18, 20, 21, 22, 23, 24, 27, 31, 32, 33, 
              35, 36, 38, 39, 40, 42, 44, 46, 48, 50, 54, 67, 69, 70, 76 ] ), 
      rec(
          DistVect := [ 0, 1, 1, 1, 2, 2, 2, 1, 1, 1, 2, 1, 2, 1, 1, 2, 1, 2, 
              1, 3, 1, 2, 2, 2, 1, 1, 1, 2, 2 ],
          eAdj := [ 1, 5, 7, 8, 9, 13, 14, 15, 17, 18, 21, 22, 23, 24, 26, 
              27, 31, 32, 33, 35, 36, 38, 39, 40, 44, 45, 48, 54, 67, 76 ] ), 
      rec(
          DistVect := [ 0, 1, 0, 1, 2, 2, 2, 1, 1, 1, 2, 1, 2, 1, 1, 2, 2, 2, 
              1, 2, 1, 2, 1, 1, 1, 1, 1, 1, 2 ],
          eAdj := [ 7, 9, 10, 13, 14, 16, 18, 20, 21, 22, 23, 24, 27, 31, 33, 
              35, 38, 39, 40, 42, 44, 46, 48, 50, 55, 57, 59, 67, 69, 70 ] ), 
      rec(
          DistVect := [ 0, 2, 1, 1, 1, 2, 1, 1, 2, 2, 2, 1, 2, 1, 1, 2, 1, 1, 
              2, 2, 1, 1, 2, 2, 1, 1, 1, 2, 2 ],
          eAdj := [ 1, 2, 5, 8, 9, 10, 13, 15, 16, 21, 22, 25, 27, 31, 33, 
              35, 36, 38, 40, 42, 44, 48, 50, 54, 55, 56, 57, 67, 69, 70 ] ), 
      rec(
          DistVect := [ 0, 2, 2, 2, 1, 2, 2, 1, 1, 1, 2, 1, 1, 1, 1, 2, 1, 1, 
              1, 2, 1, 1, 1, 2, 1, 1, 1, 2, 1 ],
          eAdj := [ 1, 5, 11, 18, 19, 23, 25, 26, 27, 28, 29, 30, 32, 33, 34, 
              36, 43, 47, 49, 51, 52, 53, 60, 63, 65, 66, 71, 72, 74, 78 ] ), 
      rec(
          DistVect := [ 0, 2, 2, 2, 1, 2, 2, 1, 1, 1, 1, 1, 1, 1, 1, 1, 1, 1, 
              1, 1, 1, 1, 1, 2, 1, 0, 1, 2, 1 ],
          eAdj := [ 1, 5, 11, 18, 19, 22, 23, 24, 25, 26, 27, 28, 29, 30, 43, 
              47, 49, 52, 53, 60, 63, 65, 66, 71, 72, 74, 78, 80 ] ), rec(
          DistVect := [ 0, 1, 1, 1, 1, 0, 1, 1, 0, 0, 0, 1, 0, 0, 0, 0, 1, 0, 
              0, 0, 1, 0, 0, 1, 0, 0, 1, 1, 0 ],
          eAdj := [ 1, 3, 5, 11, 18, 19, 22, 23, 24, 25, 26, 27, 28, 29, 30, 
              34, 43, 47, 49, 52, 53, 60, 63, 65, 66, 72, 74, 80 ] ), rec(
          DistVect := [ 0, 1, 2, 2, 1, 2, 2, 1, 1, 1, 2, 1, 2, 1, 1, 2, 1, 2, 
              1, 2, 1, 2, 1, 2, 1, 1, 1, 2, 2 ],
          eAdj := [ 1, 5, 7, 12, 14, 17, 18, 19, 21, 22, 23, 26, 27, 28, 29, 
              30, 32, 33, 36, 37, 41, 43, 45, 47, 51, 52, 63, 64, 68, 71 ] ), 
      rec(
          DistVect := [ 0, 1, 2, 1, 1, 2, 2, 1, 1, 1, 2, 1, 2, 1, 2, 2, 1, 2, 
              1, 2, 1, 2, 2, 2, 1, 1, 1, 2, 2 ],
          eAdj := [ 1, 5, 7, 8, 12, 13, 14, 15, 17, 19, 21, 22, 23, 26, 27, 
              30, 32, 35, 36, 37, 38, 39, 40, 44, 45, 47, 54, 64, 67, 76 ] ), 
      rec(
          DistVect := [ 0, 2, 1, 1, 1, 2, 2, 1, 1, 1, 2, 1, 2, 1, 1, 2, 1, 2, 
              1, 2, 1, 2, 1, 2, 1, 1, 1, 2, 2 ],
          eAdj := [ 1, 5, 9, 13, 14, 15, 16, 17, 18, 19, 21, 22, 23, 25, 26, 
              27, 28, 32, 33, 35, 36, 37, 39, 41, 45, 49, 51, 64, 67, 68, 76 
             ] ), rec(
          DistVect := [ 0, 2, 1, 2, 1, 2, 1, 1, 1, 1, 2, 1, 2, 1, 1, 2, 1, 2, 
              1, 2, 1, 2, 1, 2, 1, 1, 1, 2, 2 ],
          eAdj := [ 1, 2, 5, 9, 14, 16, 17, 18, 21, 22, 23, 25, 26, 27, 28, 
              29, 31, 32, 33, 36, 37, 39, 41, 42, 45, 48, 51, 53, 64, 68, 76 
             ] ), rec(
          DistVect := [ 0, 2, 1, 1, 1, 2, 1, 1, 1, 1, 2, 0, 2, 1, 1, 2, 1, 2, 
              1, 2, 1, 2, 1, 2, 1, 1, 2, 1, 2 ],
          eAdj := [ 2, 5, 7, 9, 13, 15, 16, 18, 20, 21, 22, 23, 25, 27, 31, 
              33, 35, 36, 38, 39, 40, 42, 44, 46, 48, 50, 54, 57, 67, 69, 70 
             ] ), rec(
          DistVect := [ 0, 1, 1, 1, 2, 2, 2, 1, 1, 1, 2, 1, 2, 1, 1, 2, 1, 2, 
              1, 2, 1, 2, 1, 2, 2, 1, 1, 2, 3 ],
          eAdj := [ 2, 5, 7, 9, 13, 14, 17, 18, 21, 22, 23, 24, 26, 27, 28, 
              31, 32, 33, 36, 39, 40, 42, 44, 46, 48, 51, 54, 67, 76 ] ), rec(
          DistVect := [ 0, 2, 1, 1, 1, 2, 1, 1, 1, 2, 2, 1, 2, 1, 1, 2, 1, 2, 
              1, 2, 1, 1, 2, 2, 1, 1, 1, 2, 2 ],
          eAdj := [ 1, 2, 5, 8, 9, 13, 15, 16, 17, 21, 22, 23, 25, 26, 27, 
              31, 33, 35, 36, 38, 39, 40, 42, 44, 45, 48, 54, 57, 67, 70, 76 
             ] ), rec(
          DistVect := [ 0, 2, 2, 1, 1, 3, 2, 1, 1, 2, 2, 1, 2, 1, 2, 2, 1, 2, 
              1, 2, 2, 2, 2, 2, 1, 1, 1, 2, 2 ],
          eAdj := [ 1, 5, 7, 8, 9, 13, 15, 17, 19, 20, 21, 22, 23, 25, 26, 
              27, 30, 31, 35, 36, 38, 39, 40, 44, 45, 54, 67, 70, 76 ] ), rec(
          DistVect := [ 0, 1, 0, 1, 2, 1, 2, 1, 1, 1, 2, 1, 2, 1, 1, 2, 1, 2, 
              1, 2, 1, 2, 1, 2, 1, 1, 1, 2, 2 ],
          eAdj := [ 1, 3, 5, 9, 10, 14, 16, 17, 18, 21, 22, 23, 24, 26, 27, 
              28, 32, 33, 36, 37, 39, 41, 43, 45, 48, 49, 51, 53, 64, 67, 68 
             ] ), rec(
          DistVect := [ 0, 2, 1, 1, 1, 2, 1, 1, 2, 2, 1, 1, 2, 1, 1, 2, 1, 1, 
              2, 2, 1, 1, 2, 2, 2, 0, 1, 2, 2 ],
          eAdj := [ 2, 5, 8, 9, 10, 13, 15, 16, 18, 21, 22, 23, 24, 25, 27, 
              31, 33, 35, 36, 40, 42, 44, 48, 54, 57, 67, 69, 70, 76 ] ), rec(
          DistVect := [ 0, 2, 2, 1, 1, 2, 2, 1, 1, 2, 1, 1, 1, 1, 2, 1, 1, 1, 
              1, 2, 1, 2, 2, 2, 1, 0, 1, 2, 1 ],
          eAdj := [ 1, 5, 8, 11, 13, 14, 15, 18, 19, 22, 23, 24, 25, 26, 27, 
              30, 32, 33, 37, 41, 47, 49, 51, 60, 64, 66, 68, 71, 78 ] ), rec(
          DistVect := [ 0, 2, 1, 2, 1, 2, 2, 1, 1, 1, 2, 1, 1, 1, 1, 2, 1, 2, 
              1, 2, 1, 1, 1, 2, 1, 1, 1, 2, 1 ],
          eAdj := [ 1, 5, 9, 11, 16, 17, 18, 19, 23, 25, 26, 27, 28, 29, 32, 
              33, 34, 36, 37, 43, 45, 47, 49, 51, 53, 63, 65, 66, 68, 71, 78 
             ] ), rec(
          DistVect := [ 0, 2, 1, 1, 1, 2, 2, 1, 1, 1, 2, 0, 1, 1, 1, 2, 1, 2, 
              1, 2, 1, 2, 1, 2, 1, 1, 1, 1, 1 ],
          eAdj := [ 1, 5, 7, 9, 11, 13, 14, 15, 16, 17, 18, 19, 20, 21, 23, 
              25, 27, 33, 35, 36, 37, 38, 39, 41, 45, 49, 50, 54, 64, 67, 76 
             ] ), rec(
          DistVect := [ 0, 1, 1, 1, 1, 1, 1, 1, 1, 1, 2, 1, 2, 1, 1, 2, 1, 2, 
              1, 2, 1, 2, 1, 2, 1, 1, 1, 2, 2 ],
          eAdj := [ 1, 2, 3, 5, 12, 14, 15, 16, 17, 18, 21, 22, 23, 26, 27, 
              28, 32, 33, 36, 37, 39, 41, 44, 45, 48, 51, 64, 67, 68, 76 ] ), 
      rec(
          DistVect := [ 0, 1, 1, 1, 1, 2, 1, 1, 1, 1, 2, 1, 2, 1, 1, 2, 1, 2, 
              1, 2, 1, 2, 1, 2, 1, 1, 2, 1, 2 ],
          eAdj := [ 2, 7, 9, 12, 13, 15, 16, 18, 20, 22, 23, 27, 31, 35, 38, 
              39, 40, 42, 44, 46, 48, 50, 55, 57, 58, 59, 67, 69, 70, 77 ] ), 
      rec(
          DistVect := [ 0, 2, 2, 2, 1, 3, 2, 1, 1, 1, 2, 1, 2, 1, 1, 2, 1, 2, 
              1, 2, 1, 2, 1, 2, 1, 1, 1, 2, 2 ],
          eAdj := [ 1, 5, 7, 9, 13, 14, 17, 18, 19, 20, 21, 22, 23, 25, 26, 
              27, 28, 29, 30, 31, 32, 33, 36, 37, 41, 45, 51, 64, 68, 76 ] ), 
      rec(
          DistVect := [ 0, 1, 1, 1, 2, 2, 2, 1, 1, 1, 2, 1, 2, 1, 1, 2, 1, 2, 
              1, 2, 1, 2, 1, 2, 1, 1, 1, 2, 2 ],
          eAdj := [ 1, 5, 7, 9, 13, 14, 17, 18, 21, 22, 23, 24, 26, 27, 28, 
              31, 32, 33, 36, 37, 39, 41, 44, 45, 48, 51, 54, 64, 67, 68, 76 
             ] ), rec(
          DistVect := [ 0, 1, 1, 1, 2, 2, 3, 1, 1, 1, 2, 1, 2, 1, 1, 2, 1, 2, 
              1, 2, 1, 2, 1, 2, 1, 1, 1, 2, 2 ],
          eAdj := [ 1, 5, 7, 9, 11, 13, 14, 17, 18, 19, 21, 22, 23, 24, 26, 
              27, 28, 32, 33, 36, 37, 41, 43, 45, 47, 49, 51, 64, 67, 68 ] ), 
      rec(
          DistVect := [ 0, 2, 1, 1, 1, 2, 2, 1, 2, 2, 1, 1, 1, 1, 1, 2, 1, 2, 
              2, 2, 1, 2, 2, 2, 1, 0, 1, 2, 1 ],
          eAdj := [ 1, 5, 8, 9, 10, 11, 13, 14, 15, 16, 17, 18, 19, 22, 23, 
              24, 25, 27, 33, 35, 36, 39, 41, 45, 49, 54, 64, 67, 68, 76 ] ), 
      rec(
          DistVect := [ 0, 1, 1, 1, 1, 2, 1, 1, 1, 1, 2, 1, 1, 2, 1, 2, 1, 1, 
              2, 2, 1, 1, 2, 2, 2, 0, 1, 2, 2 ],
          eAdj := [ 2, 4, 7, 8, 9, 10, 12, 13, 15, 16, 18, 22, 23, 24, 27, 
              31, 35, 38, 40, 42, 46, 50, 55, 57, 58, 59, 69, 70, 75, 77 ] ), 
      rec(
          DistVect := [ 0, 1, 1, 1, 1, 1, 2, 1, 1, 1, 2, 1, 2, 1, 1, 2, 1, 2, 
              1, 2, 1, 2, 1, 2, 1, 1, 1, 2, 2 ],
          eAdj := [ 1, 3, 5, 12, 14, 15, 16, 17, 18, 19, 21, 22, 23, 26, 27, 
              28, 32, 33, 34, 36, 37, 41, 43, 45, 47, 49, 51, 64, 67, 68, 71 
             ] ), rec(
          DistVect := [ 0, 2, 2, 2, 0, 2, 1, 1, 1, 1, 2, 1, 2, 1, 1, 2, 1, 2, 
              1, 2, 1, 2, 1, 2, 1, 1, 1, 2, 2 ],
          eAdj := [ 1, 2, 5, 6, 12, 14, 15, 16, 17, 18, 19, 21, 22, 23, 25, 
              26, 27, 28, 29, 30, 32, 33, 36, 37, 41, 45, 51, 64, 68, 71, 76 
             ] ), rec(
          DistVect := [ 0, 0, 0, 0, 1, 1, 0, 1, 0, 0, 1, 1, 0, 1, 0, 1, 1, 0, 
              1, 1, 1, 0, 1, 0, 1, 0, 1, 0, 1 ],
          eAdj := [ 2, 4, 7, 8, 9, 10, 12, 13, 15, 16, 18, 20, 22, 23, 24, 
              27, 31, 35, 38, 40, 42, 46, 50, 55, 56, 57, 58, 59, 61, 62, 73, 
              75, 77, 79 ] ), rec(
          DistVect := [ 0, 1, 1, 1, 1, 0, 0, 1, 0, 0, 0, 1, 1, 0, 0, 0, 1, 1, 
              0, 0, 1, 1, 0, 1, 1, 0, 0, 1, 1 ],
          eAdj := [ 1, 2, 3, 5, 14, 17, 18, 21, 22, 23, 24, 25, 26, 27, 28, 
              29, 30, 31, 37, 41, 43, 45, 47, 49, 52, 53, 60, 63, 65, 66, 71, 
              72, 74, 78, 80 ] ), rec(
          DistVect := [ 0, 1, 1, 0, 1, 0, 1, 1, 0, 1, 0, 1, 0, 0, 1, 0, 1, 0, 
              0, 1, 0, 1, 1, 1, 0, 0, 1, 1, 0 ],
          eAdj := [ 1, 3, 5, 8, 11, 13, 14, 15, 18, 19, 22, 23, 24, 25, 26, 
              27, 28, 30, 32, 33, 34, 37, 41, 43, 47, 49, 51, 52, 53, 60, 63, 
              65, 66, 71, 72, 74, 78, 80 ] ), rec(
          DistVect := [ 0, 0, 1, 0, 1, 1, 0, 1, 1, 0, 1, 1, 0, 1, 1, 0, 0, 1, 
              0, 1, 1, 0, 1, 0, 1, 0, 1, 0, 1 ],
          eAdj := [ 2, 4, 7, 8, 9, 12, 13, 15, 17, 18, 20, 22, 23, 24, 26, 
              27, 30, 31, 32, 35, 36, 38, 39, 40, 42, 46, 48, 50, 55, 57, 58, 
              59, 62, 67, 69, 70, 75, 77 ] ), rec(
          DistVect := [ 0, 1, 1, 0, 1, 0, 0, 1, 0, 1, 0, 1, 1, 0, 1, 0, 1, 1, 
              0, 1, 0, 0, 1, 1, 1, 0, 0, 1, 1 ],
          eAdj := [ 1, 2, 3, 5, 8, 13, 14, 15, 17, 18, 21, 22, 23, 24, 25, 
              26, 27, 28, 30, 31, 32, 33, 37, 39, 40, 41, 44, 45, 47, 49, 51, 
              52, 53, 60, 64, 66, 68, 71, 72, 78 ] ), rec(
          DistVect := [ 0, 1, 1, 0, 1, 1, 0, 1, 0, 1, 0, 0, 1, 0, 1, 0, 0, 1, 
              0, 1, 1, 0, 1, 0, 1, 0, 1, 0, 1 ],
          eAdj := [ 2, 5, 7, 8, 9, 13, 15, 17, 18, 20, 21, 22, 23, 24, 25, 
              26, 27, 30, 31, 32, 33, 35, 36, 38, 39, 40, 42, 44, 45, 46, 48, 
              51, 54, 57, 58, 60, 67, 69, 70, 76 ] ), rec(
          DistVect := [ 0, 1, 1, 1, 1, 1, 0, 1, 0, 0, 0, 0, 1, 0, 0, 0, 0, 1, 
              0, 0, 0, 1, 0, 0, 1, 0, 1, 0, 1 ],
          eAdj := [ 2, 5, 7, 9, 13, 14, 17, 18, 20, 21, 22, 23, 24, 25, 26, 
              27, 28, 29, 30, 31, 32, 33, 36, 37, 39, 40, 41, 42, 44, 45, 46, 
              48, 51, 52, 53, 54, 60, 64, 68, 72, 76 ] ), rec(
          DistVect := [ 0, 1, 0, 0, 1, 0, 0, 1, 1, 1, 0, 1, 1, 0, 0, 1, 0, 0, 
              1, 1, 0, 0, 1, 1, 1, 0, 0, 1, 1 ],
          eAdj := [ 1, 2, 3, 5, 8, 9, 10, 13, 14, 15, 16, 17, 18, 21, 22, 23, 
              24, 25, 26, 27, 28, 31, 32, 33, 35, 36, 39, 40, 41, 42, 44, 45, 
              48, 49, 51, 53, 54, 57, 60, 64, 67, 68, 76 ] ), rec(
          DistVect := [ 0, 1, 1, 1, 1, 1, 1, 1, 0, 0, 0, 0, 0, 0, 0, 0, 0, 0, 
              0, 0, 0, 0, 0, 0, 0, 0, 0, 0, 0 ],
          eAdj := [ 1, 5, 7, 9, 11, 13, 14, 17, 18, 19, 20, 21, 22, 23, 24, 
              25, 26, 27, 28, 29, 30, 31, 32, 33, 36, 37, 41, 43, 45, 47, 49, 
              51, 52, 53, 60, 63, 64, 65, 66, 68, 71, 72, 78 ] ), rec(
          DistVect := [ 0, 1, 1, 0, 1, 1, 1, 1, 0, 1, 0, 0, 0, 0, 1, 0, 0, 0, 
              0, 1, 1, 1, 1, 0, 0, 0, 0, 0, 0 ],
          eAdj := [ 1, 5, 7, 8, 9, 11, 13, 14, 15, 17, 18, 19, 20, 21, 22, 
              23, 24, 25, 26, 27, 30, 31, 32, 33, 35, 36, 37, 38, 39, 40, 41, 
              44, 45, 47, 49, 51, 54, 60, 64, 66, 67, 68, 76 ] ), rec(
          DistVect := [ 0, 1, 0, 0, 1, 0, 1, 1, 1, 1, 0, 1, 0, 0, 0, 1, 0, 1, 
              1, 1, 0, 1, 1, 1, 0, 0, 1, 1, 0 ],
          eAdj := [ 1, 3, 5, 8, 9, 10, 11, 13, 14, 15, 16, 17, 18, 19, 22, 
              23, 24, 25, 26, 27, 28, 32, 33, 34, 35, 36, 37, 39, 41, 43, 45, 
              47, 49, 51, 53, 60, 64, 65, 66, 67, 68, 71, 78 ] ), rec(
          DistVect := [ 0, 1, 0, 0, 1, 1, 1, 1, 1, 1, 0, 0, 0, 0, 0, 1, 1, 1, 
              1, 1, 1, 1, 1, 0, 0, 0, 0, 0, 0 ],
          eAdj := [ 1, 5, 7, 8, 9, 10, 11, 13, 14, 15, 16, 17, 18, 19, 20, 
              21, 22, 23, 24, 25, 27, 31, 33, 35, 36, 38, 39, 40, 41, 42, 44, 
              45, 48, 49, 50, 54, 55, 56, 57, 67, 69, 70, 76 ] ), rec(
          DistVect := [ 0, 1, 1, 1, 0, 0, 0, 1, 0, 0, 1, 1, 1, 0, 0, 1, 1, 1, 
              0, 1, 1, 1, 0, 0, 0, 1, 0, 1, 1 ],
          eAdj := [ 1, 2, 3, 5, 6, 12, 14, 15, 16, 17, 18, 19, 21, 22, 23, 
              25, 26, 27, 28, 29, 30, 32, 33, 34, 36, 37, 41, 43, 45, 47, 49, 
              51, 52, 53, 60, 63, 65, 66, 68, 71, 72, 74, 78 ] ), rec(
          DistVect := [ 0, 0, 0, 0, 1, 0, 0, 1, 0, 0, 1, 0, 0, 1, 0, 1, 0, 0, 
              1, 1, 0, 0, 1, 1, 1, 0, 0, 1, 1 ],
          eAdj := [ 1, 2, 3, 4, 5, 7, 8, 9, 10, 12, 13, 14, 15, 16, 17, 18, 
              21, 22, 23, 24, 26, 27, 28, 31, 32, 33, 35, 36, 38, 39, 40, 42, 
              44, 46, 48, 50, 54, 55, 57, 58, 59, 67, 69, 70, 76 ] ), rec(
          DistVect := [ 0, 1, 1, 1, 0, 1, 0, 1, 0, 0, 1, 0, 1, 0, 0, 1, 0, 1, 
              0, 1, 0, 1, 0, 1, 0, 1, 1, 0, 1 ],
          eAdj := [ 1, 2, 5, 6, 7, 9, 12, 13, 14, 15, 16, 17, 18, 19, 20, 21, 
              22, 23, 25, 26, 27, 28, 29, 30, 31, 32, 33, 35, 36, 37, 38, 39, 
              40, 41, 42, 44, 45, 46, 48, 50, 51, 54, 64, 67, 70, 76 ] ), rec(
          DistVect := [ 0, 0, 0, 0, 1, 0, 1, 0, 0, 0, 1, 0, 1, 0, 0, 1, 0, 1, 
              0, 1, 0, 1, 0, 1, 0, 1, 1, 0, 1 ],
          eAdj := [ 1, 2, 3, 4, 5, 6, 7, 8, 9, 10, 11, 12, 13, 14, 15, 16, 
              17, 18, 19, 20, 21, 22, 23, 24, 25, 26, 27, 28, 29, 30, 31, 32, 
              33, 34, 35, 36, 37, 38, 39, 40, 41, 42, 43, 44, 45, 46, 47, 48, 
              49, 50, 51, 52, 53, 54, 55, 56, 57, 58, 59, 60, 61, 62, 63, 64, 
              65, 66, 67, 69, 71, 72, 73, 74, 75 ] ), rec(
          DistVect := [ 0, 0, 0, 0, 1, 1, 1, 0, 0, 0, 1, 1, 1, 0, 0, 1, 1, 1, 
              0, 1, 1, 1, 0, 0, 0, 1, 0, 1, 1 ],
          eAdj := [ 1, 2, 3, 4, 5, 6, 7, 8, 9, 10, 11, 12, 13, 14, 15, 16, 
              17, 18, 19, 20, 21, 22, 23, 24, 25, 26, 27, 28, 29, 30, 31, 32, 
              33, 34, 35, 36, 37, 38, 39, 40, 41, 42, 43, 44, 45, 46, 47, 48, 
              49, 50, 51, 52, 53, 55, 56, 57, 58, 59, 60, 61, 62, 63, 65, 66, 
              67, 68, 70, 72, 73, 76, 77, 78, 79, 80 ] ), rec(
          DistVect := [ 0, 1, 1, 1, 0, 1, 0, 0, 0, 0, 1, 0, 1, 1, 0, 1, 0, 1, 
              1, 1, 0, 1, 1, 1, 0, 0, 1, 1, 0 ],
          eAdj := [ 1, 2, 3, 4, 5, 6, 7, 8, 9, 10, 11, 12, 13, 14, 15, 16, 
              17, 18, 19, 20, 21, 22, 23, 24, 25, 26, 27, 28, 29, 30, 31, 32, 
              33, 34, 35, 36, 37, 38, 39, 40, 41, 42, 43, 44, 45, 46, 47, 48, 
              49, 50, 52, 53, 54, 56, 57, 58, 59, 60, 61, 62, 63, 64, 65, 66, 
              68, 69, 70, 71, 74, 75, 76, 77, 78, 79, 80 ] ), rec(
          DistVect := [ 0, 0, 0, 0, 0, 0, 1, 0, 0, 0, 0, 0, 1, 0, 0, 0, 0, 1, 
              0, 0, 0, 1, 0, 0, 1, 0, 1, 0, 1 ],
          eAdj := [ 2, 3, 4, 5, 6, 7, 8, 9, 10, 11, 12, 13, 14, 15, 16, 17, 
              18, 19, 20, 21, 22, 23, 24, 25, 26, 27, 28, 29, 30, 32, 33, 35, 
              36, 37, 38, 39, 40, 41, 42, 43, 44, 45, 46, 47, 48, 49, 50, 51, 
              52, 53, 54, 55, 56, 57, 58, 59, 60, 61, 62, 63, 64, 65, 66, 67, 
              68, 69, 70, 71, 72, 73, 74, 75, 76, 77, 78, 79, 80 ] ), rec(
          DistVect := [ 0, 3, 5, 5, 7, 7, 7, 3, 4, 4, 8, 4, 8, 4, 4, 8, 4, 8, 
              4, 8, 4, 8, 4, 8, 4, 4, 4, 8, 8 ],
          eAdj := [ 1, 5, 7, 14, 17, 18, 21, 22, 23, 24, 26, 27, 28, 31, 32, 
              33, 36, 37, 41, 44, 45, 48, 51, 52, 64, 68 ] ), rec(
          DistVect := [ 0, 1, 1, 1, 2, 1, 1, 1, 1, 1, 2, 1, 2, 1, 1, 2, 1, 2, 
              1, 2, 1, 2, 1, 2, 1, 1, 1, 2, 2 ],
          eAdj := [ 1, 2, 3, 5, 14, 17, 18, 21, 22, 23, 24, 26, 27, 28, 31, 
              32, 33, 36, 37, 39, 41, 44, 45, 48, 51, 52, 53, 60, 64, 68 ] ), 
      rec(
          DistVect := [ 0, 4, 4, 4, 4, 8, 5, 3, 4, 4, 8, 4, 9, 3, 4, 8, 4, 7, 
              5, 8, 4, 7, 5, 8, 3, 5, 7, 5, 8 ],
          eAdj := [ 2, 7, 9, 12, 13, 15, 16, 20, 22, 27, 31, 35, 38, 40, 42, 
              44, 46, 48, 50, 55, 56, 57, 58, 59, 69, 77 ] ), rec(
          DistVect := [ 0, 1, 1, 1, 1, 2, 1, 1, 1, 1, 2, 1, 2, 1, 1, 2, 1, 2, 
              1, 2, 1, 2, 1, 2, 0, 2, 2, 1, 2 ],
          eAdj := [ 1, 2, 6, 7, 9, 12, 13, 15, 16, 19, 20, 22, 31, 35, 38, 
              39, 40, 42, 44, 46, 48, 50, 55, 56, 57, 58, 59, 61, 62, 69, 77 
             ] ), rec(
          DistVect := [ 0, 4, 4, 4, 7, 5, 8, 3, 4, 4, 7, 5, 8, 3, 4, 9, 3, 8, 
              5, 7, 5, 8, 3, 8, 3, 4, 5, 8, 7 ],
          eAdj := [ 1, 3, 5, 17, 18, 22, 23, 24, 26, 27, 28, 32, 36, 37, 41, 
              43, 45, 47, 49, 51, 52, 53, 60, 65, 71, 78 ] ), rec(
          DistVect := [ 0, 5, 7, 5, 5, 7, 5, 3, 4, 4, 8, 4, 8, 4, 4, 8, 4, 8, 
              4, 8, 4, 8, 4, 8, 4, 4, 4, 8, 8 ],
          eAdj := [ 1, 2, 5, 14, 17, 18, 21, 22, 23, 26, 27, 28, 30, 31, 32, 
              33, 36, 37, 41, 44, 45, 51, 52, 60, 64, 68 ] ), rec(
          DistVect := [ 0, 3, 5, 5, 5, 5, 5, 3, 4, 4, 8, 4, 8, 4, 4, 8, 4, 8, 
              4, 8, 4, 8, 4, 8, 4, 4, 4, 8, 8 ],
          eAdj := [ 1, 2, 3, 5, 12, 14, 17, 18, 21, 22, 23, 26, 27, 28, 32, 
              33, 36, 37, 41, 44, 45, 48, 51, 52, 64, 68 ] ), rec(
          DistVect := [ 0, 3, 5, 3, 7, 5, 7, 3, 4, 4, 8, 4, 8, 4, 4, 8, 4, 8, 
              4, 8, 4, 8, 4, 8, 4, 4, 4, 8, 8 ],
          eAdj := [ 1, 3, 5, 14, 17, 18, 21, 22, 23, 24, 26, 27, 28, 32, 33, 
              36, 37, 41, 44, 45, 47, 51, 52, 60, 64, 68 ] ), rec(
          DistVect := [ 0, 3, 5, 3, 7, 8, 7, 3, 4, 4, 8, 5, 8, 4, 4, 8, 3, 8, 
              4, 8, 5, 8, 4, 5, 4, 4, 5, 5, 8 ],
          eAdj := [ 7, 9, 13, 17, 18, 20, 22, 23, 24, 27, 31, 32, 35, 36, 38, 
              39, 40, 42, 44, 46, 48, 50, 58, 67, 69, 70 ] ), rec(
          DistVect := [ 0, 4, 4, 4, 7, 8, 8, 3, 4, 4, 7, 4, 8, 3, 4, 9, 4, 8, 
              5, 7, 4, 8, 3, 5, 3, 4, 4, 5, 7 ],
          eAdj := [ 7, 9, 13, 14, 17, 18, 20, 21, 22, 23, 24, 27, 31, 32, 33, 
              35, 36, 39, 41, 42, 44, 48, 50, 54, 67, 76 ] ), rec(
          DistVect := [ 0, 1, 1, 1, 2, 2, 1, 1, 1, 1, 2, 1, 2, 1, 1, 2, 1, 2, 
              1, 2, 1, 2, 1, 1, 1, 1, 2, 1, 2 ],
          eAdj := [ 2, 7, 9, 13, 18, 20, 22, 23, 24, 27, 31, 32, 33, 35, 36, 
              38, 39, 40, 42, 44, 46, 48, 50, 57, 58, 59, 67, 69, 70 ] ), rec(
          DistVect := [ 0, 1, 1, 1, 2, 2, 2, 1, 1, 1, 2, 1, 2, 1, 1, 2, 1, 2, 
              1, 2, 1, 2, 1, 1, 0, 1, 1, 1, 1 ],
          eAdj := [ 1, 7, 9, 11, 13, 14, 17, 18, 19, 20, 21, 22, 23, 24, 27, 
              31, 32, 33, 35, 36, 37, 38, 39, 41, 44, 45, 48, 50, 54, 67, 76 
             ] ), rec(
          DistVect := [ 0, 3, 5, 5, 5, 8, 5, 3, 4, 4, 8, 5, 8, 4, 4, 8, 3, 8, 
              4, 8, 3, 8, 4, 7, 4, 4, 7, 5, 8 ],
          eAdj := [ 2, 7, 9, 12, 13, 18, 20, 22, 23, 27, 31, 32, 35, 38, 39, 
              40, 42, 44, 46, 48, 50, 58, 59, 67, 69, 70 ] ), rec(
          DistVect := [ 0, 4, 4, 4, 7, 8, 8, 3, 4, 4, 7, 4, 8, 3, 4, 9, 4, 8, 
              5, 9, 4, 8, 5, 7, 3, 4, 4, 7, 7 ],
          eAdj := [ 1, 5, 7, 9, 13, 14, 17, 18, 21, 22, 23, 24, 27, 31, 32, 
              33, 35, 36, 39, 41, 44, 45, 48, 54, 67, 76 ] ), rec(
          DistVect := [ 0, 5, 4, 5, 5, 7, 5, 3, 5, 4, 8, 4, 8, 4, 5, 9, 3, 5, 
              7, 8, 4, 8, 4, 8, 4, 4, 4, 8, 8 ],
          eAdj := [ 1, 2, 5, 9, 10, 14, 16, 18, 21, 22, 27, 28, 31, 32, 33, 
              35, 36, 39, 41, 42, 44, 48, 50, 54, 67, 76 ] ), rec(
          DistVect := [ 0, 5, 7, 5, 5, 7, 8, 3, 4, 4, 8, 4, 7, 4, 4, 8, 4, 5, 
              4, 8, 4, 7, 4, 8, 3, 4, 5, 8, 5 ],
          eAdj := [ 1, 5, 11, 18, 19, 23, 26, 27, 28, 30, 32, 33, 34, 36, 41, 
              43, 47, 49, 51, 52, 60, 63, 65, 66, 71, 78 ] ), rec(
          DistVect := [ 0, 5, 4, 5, 5, 7, 8, 3, 5, 4, 8, 4, 7, 4, 5, 9, 3, 8, 
              7, 8, 4, 7, 4, 8, 3, 4, 5, 8, 5 ],
          eAdj := [ 1, 5, 9, 10, 11, 16, 17, 18, 19, 27, 28, 32, 33, 34, 35, 
              36, 37, 41, 43, 45, 49, 50, 64, 65, 67, 68 ] ), rec(
          DistVect := [ 0, 4, 4, 4, 4, 5, 5, 3, 4, 4, 8, 5, 9, 3, 4, 8, 3, 7, 
              5, 8, 3, 7, 5, 7, 3, 5, 4, 8, 8 ],
          eAdj := [ 1, 2, 3, 5, 12, 14, 15, 16, 17, 21, 22, 26, 27, 28, 32, 
              33, 35, 36, 39, 41, 44, 45, 48, 64, 67, 76 ] ), rec(
          DistVect := [ 0, 5, 5, 5, 5, 5, 8, 3, 4, 4, 8, 4, 7, 4, 4, 8, 4, 7, 
              4, 8, 4, 7, 4, 8, 3, 4, 7, 8, 5 ],
          eAdj := [ 3, 5, 11, 18, 19, 23, 26, 27, 28, 32, 33, 34, 36, 43, 47, 
              49, 51, 52, 53, 60, 63, 65, 66, 71, 74, 78 ] ), rec(
          DistVect := [ 0, 5, 5, 5, 5, 8, 5, 3, 4, 4, 8, 3, 8, 4, 4, 8, 3, 8, 
              4, 8, 3, 8, 4, 7, 4, 4, 7, 5, 8 ],
          eAdj := [ 2, 7, 9, 13, 18, 20, 22, 23, 27, 31, 32, 33, 35, 36, 38, 
              39, 40, 42, 44, 46, 48, 50, 54, 67, 69, 70 ] ), rec(
          DistVect := [ 0, 5, 5, 5, 5, 5, 5, 3, 4, 4, 8, 4, 8, 4, 4, 8, 4, 8, 
              4, 8, 4, 8, 4, 8, 4, 4, 4, 8, 8 ],
          eAdj := [ 1, 2, 3, 5, 14, 17, 18, 21, 22, 23, 26, 27, 28, 32, 33, 
              36, 37, 41, 45, 51, 52, 53, 60, 64, 68, 71 ] ), rec(
          DistVect := [ 0, 5, 5, 5, 5, 8, 8, 3, 4, 4, 8, 3, 7, 4, 4, 8, 3, 7, 
              4, 8, 3, 7, 4, 7, 3, 4, 4, 5, 5 ],
          eAdj := [ 1, 7, 9, 11, 13, 14, 17, 18, 19, 20, 21, 23, 27, 32, 33, 
              35, 36, 37, 38, 41, 45, 50, 54, 64, 67, 76 ] ), rec(
          DistVect := [ 0, 4, 4, 4, 7, 5, 8, 3, 4, 4, 7, 5, 8, 3, 4, 7, 5, 8, 
              3, 7, 5, 8, 3, 8, 3, 4, 5, 8, 7 ],
          eAdj := [ 1, 3, 5, 18, 22, 23, 24, 26, 27, 28, 37, 41, 43, 45, 47, 
              49, 51, 52, 53, 60, 63, 65, 66, 71, 72, 78 ] ), rec(
          DistVect := [ 0, 3, 3, 3, 7, 8, 7, 3, 4, 4, 8, 5, 8, 4, 4, 8, 5, 8, 
              4, 8, 5, 8, 4, 5, 4, 4, 5, 5, 8 ],
          eAdj := [ 7, 9, 13, 18, 20, 22, 23, 24, 27, 31, 35, 38, 39, 40, 42, 
              44, 46, 48, 50, 55, 57, 58, 59, 67, 69, 70 ] ), rec(
          DistVect := [ 0, 4, 4, 4, 7, 8, 8, 3, 4, 4, 7, 4, 8, 3, 4, 7, 4, 8, 
              3, 7, 4, 8, 3, 5, 3, 4, 4, 5, 7 ],
          eAdj := [ 7, 9, 13, 14, 17, 18, 20, 21, 22, 23, 24, 27, 31, 32, 33, 
              36, 37, 39, 41, 44, 45, 48, 51, 54, 67, 76 ] ), rec(
          DistVect := [ 0, 5, 5, 5, 5, 7, 5, 3, 4, 4, 8, 4, 8, 4, 4, 8, 4, 8, 
              4, 8, 4, 8, 4, 8, 4, 4, 4, 8, 8 ],
          eAdj := [ 1, 2, 5, 14, 17, 18, 21, 22, 23, 26, 27, 28, 31, 32, 33, 
              36, 37, 39, 41, 44, 45, 48, 51, 64, 68, 76 ] ), rec(
          DistVect := [ 0, 3, 3, 3, 7, 5, 7, 3, 4, 4, 8, 4, 8, 4, 4, 8, 4, 8, 
              4, 8, 4, 8, 4, 8, 4, 4, 4, 8, 8 ],
          eAdj := [ 1, 3, 5, 14, 17, 18, 21, 22, 23, 24, 26, 27, 28, 32, 33, 
              36, 37, 39, 41, 44, 45, 48, 51, 64, 67, 68 ] ), rec(
          DistVect := [ 0, 4, 4, 4, 4, 8, 5, 3, 4, 4, 8, 4, 7, 5, 4, 8, 4, 7, 
              5, 8, 4, 7, 5, 8, 3, 5, 5, 7, 8 ],
          eAdj := [ 1, 2, 7, 9, 12, 13, 15, 16, 22, 31, 35, 38, 39, 40, 42, 
              44, 46, 48, 50, 55, 57, 58, 59, 69, 70, 77 ] ) ] );
