return rec(
  DistVect := [ 0, 1, 1, 1, 1, 2, 2, 0, 1, 1, 2, 1, 2, 1, 1, 2, 1, 2, 1, 2, 
      1, 2, 1, 2, 1, 1, 2, 2, 2 ],
  ListIncidentIneq := 
   [ [ 0, 0, 0, 0, 0, 0, 1, 1, 0, 0, 0, 0, 0, 0, 0, 0, 0, 0, 0, 0, 0, 0, 0, 
          0, 0, 0, 0, 0, -1 ], 
      [ 0, 0, 0, 0, 0, 1, 0, 1, 0, 0, 0, 0, 0, 0, 0, 0, 0, 0, 0, 0, 0, 0, 0, 
          0, 0, 0, 0, -1, 0 ], 
      [ 0, 1, 0, 0, 0, 0, 0, 1, 0, 0, 0, 0, 0, -1, 0, 0, 0, 0, 0, 0, 0, 0, 
          0, 0, 0, 0, 0, 0, 0 ], 
      [ 0, 0, 0, 0, 0, 0, 0, 0, 0, 0, 0, 1, 0, 1, 0, 0, 0, 0, 0, 0, 0, 0, 0, 
          0, 0, 0, 0, -1, 0 ], 
      [ 0, 0, 0, 0, 1, 0, 0, 1, 0, 0, 0, 0, 0, 0, 0, 0, 0, 0, 0, 0, 0, 0, 0, 
          0, 0, -1, 0, 0, 0 ], 
      [ 0, 1, 0, 0, 0, -1, 0, 0, 0, 0, 0, 1, 0, 0, 0, 0, 0, 0, 0, 0, 0, 0, 
          0, 0, 0, 0, 0, 0, 0 ], 
      [ 0, 0, 0, 1, 0, 0, 0, 1, 0, 0, 0, 0, 0, 0, 0, 0, 0, 0, 0, 0, 0, 0, 
          -1, 0, 0, 0, 0, 0, 0 ], 
      [ 0, 0, 1, 0, 0, -1, 0, 0, 0, 0, 0, 0, 0, 0, 0, 0, 1, 0, 0, 0, 0, 0, 
          0, 0, 0, 0, 0, 0, 0 ], 
      [ 0, 0, 1, 0, 0, 0, 0, 1, 0, 0, 0, 0, 0, 0, 0, 0, 0, 0, -1, 0, 0, 0, 
          0, 0, 0, 0, 0, 0, 0 ], 
      [ 0, 0, 0, 0, 0, 0, -1, 1, 0, 0, 0, 0, 0, 0, 0, 0, 0, 0, 0, 0, 0, 0, 
          0, 0, 0, 0, 0, 0, 1 ], 
      [ 0, 1, 0, 0, 1, 0, 0, 0, 0, 0, -1, 0, 0, 0, 0, 0, 0, 0, 0, 0, 0, 0, 
          0, 0, 0, 0, 0, 0, 0 ], 
      [ 0, 0, 0, 1, 0, -1, 0, 0, 0, 0, 0, 0, 0, 0, 0, 0, 0, 0, 0, 0, 1, 0, 
          0, 0, 0, 0, 0, 0, 0 ], 
      [ 0, 0, 0, 1, 1, 0, 0, 0, 0, 0, 0, 0, 0, 0, 0, 0, 0, 0, 0, -1, 0, 0, 
          0, 0, 0, 0, 0, 0, 0 ], 
      [ 0, 0, 1, 0, 1, 0, 0, 0, 0, 0, 0, 0, 0, 0, 0, -1, 0, 0, 0, 0, 0, 0, 
          0, 0, 0, 0, 0, 0, 0 ], 
      [ 0, 0, 0, 0, 0, 0, 0, 0, 0, 0, 0, 0, 0, 0, 0, 0, 0, 0, 0, -1, 0, 0, 
          1, 0, 0, 1, 0, 0, 0 ], 
      [ 0, 0, 0, 0, 1, 0, -1, 0, 0, 0, 0, 0, 0, 0, 0, 0, 0, 0, 0, 0, 0, 0, 
          0, 0, 1, 0, 0, 0, 0 ], 
      [ 0, 0, 0, 0, 0, -1, 0, 1, 0, 0, 0, 0, 0, 0, 0, 0, 0, 0, 0, 0, 0, 0, 
          0, 0, 0, 0, 0, 1, 0 ], 
      [ 0, 0, 0, 0, 0, 0, 0, 0, 0, 0, 0, 0, 0, 0, 0, 0, 0, 0, 0, 0, 0, 0, 0, 
          0, 1, 1, 0, 0, -1 ], 
      [ 0, 0, 0, 0, 0, 0, 0, 0, 0, 0, 0, 0, 0, 0, 0, -1, 0, 0, 1, 0, 0, 0, 
          0, 0, 0, 1, 0, 0, 0 ], 
      [ 0, 0, 0, 0, -1, 0, 0, 1, 0, 0, 0, 0, 0, 0, 0, 0, 0, 0, 0, 0, 0, 0, 
          0, 0, 0, 1, 0, 0, 0 ], 
      [ 0, -1, 0, 0, 0, 0, 0, 1, 0, 0, 0, 0, 0, 1, 0, 0, 0, 0, 0, 0, 0, 0, 
          0, 0, 0, 0, 0, 0, 0 ], 
      [ 0, 0, 0, 0, 0, 0, 0, 0, 0, 0, 0, 0, 0, 0, 0, 0, 1, 0, 1, 0, 0, 0, 0, 
          0, 0, 0, 0, -1, 0 ], 
      [ 0, 0, 0, 0, 0, 0, 0, 0, 0, 0, -1, 0, 0, 1, 0, 0, 0, 0, 0, 0, 0, 0, 
          0, 0, 0, 1, 0, 0, 0 ], 
      [ 0, 0, 0, 0, 0, 0, 0, 0, 0, 0, 0, 0, 0, 0, 0, 0, 0, 0, 0, 0, 1, 0, 1, 
          0, 0, 0, 0, -1, 0 ], 
      [ 0, 0, 0, -1, 0, 0, 0, 1, 0, 0, 0, 0, 0, 0, 0, 0, 0, 0, 0, 0, 0, 0, 
          1, 0, 0, 0, 0, 0, 0 ], 
      [ 0, 0, -1, 0, 0, 0, 0, 1, 0, 0, 0, 0, 0, 0, 0, 0, 0, 0, 1, 0, 0, 0, 
          0, 0, 0, 0, 0, 0, 0 ], 
      [ 0, 0, 0, 0, 0, 0, 0, 0, 0, 0, 0, 0, 0, 0, -1, -1, 1, 0, 1, -1, 1, 0, 
          1, 1, 0, 1, 0, -1, 0 ], 
      [ 0, 0, 0, 0, 0, 0, 0, 0, 0, -1, -1, 1, 0, 1, 0, 0, 0, 0, 0, -1, 1, 0, 
          1, 1, 0, 1, 0, -1, 0 ], 
      [ 0, 0, 1, 1, 1, -1, 0, 0, 0, 0, 0, 0, 0, 0, -1, -1, 1, 0, 0, -1, 1, 
          0, 0, 1, 0, 0, 0, 0, 0 ], 
      [ 0, 0, 0, 0, 0, 0, 0, 0, -1, 0, -1, 1, 0, 1, 0, -1, 1, 0, 1, 0, 0, 0, 
          0, 1, 0, 1, 0, -1, 0 ], 
      [ 0, 1, 0, 1, 1, -1, 0, 0, 0, -1, -1, 1, 0, 0, 0, 0, 0, 0, 0, -1, 1, 
          0, 0, 1, 0, 0, 0, 0, 0 ], 
      [ 0, 0, 0, 0, 0, 0, 0, 0, 0, 0, -1, 1, 1, 1, 0, 0, 0, 0, 0, 0, 0, 0, 
          0, 1, 1, 1, -1, -1, -1 ], 
      [ 0, 1, 0, 0, 1, -1, -1, 0, 0, 0, -1, 1, 1, 0, 0, 0, 0, 0, 0, 0, 0, 0, 
          0, 1, 1, 0, -1, 0, 0 ], 
      [ 0, 0, 0, 0, 0, 0, 0, 0, 0, 0, 0, 0, 0, 0, 0, -1, 1, 1, 1, 0, 0, 0, 
          0, 1, 1, 1, -1, -1, -1 ], 
      [ 0, 0, 1, 0, 1, -1, -1, 0, 0, 0, 0, 0, 0, 0, 0, -1, 1, 1, 0, 0, 0, 0, 
          0, 1, 1, 0, -1, 0, 0 ], 
      [ 0, 0, 0, 1, 1, -1, -1, 0, 0, 0, 0, 0, 0, 0, 0, 0, 0, 0, 0, -1, 1, 1, 
          0, 1, 1, 0, -1, 0, 0 ], 
      [ 0, 1, 1, 0, 1, -1, 0, 0, -1, 0, -1, 1, 0, 0, 0, -1, 1, 0, 0, 0, 0, 
          0, 0, 1, 0, 0, 0, 0, 0 ], 
      [ 0, 0, 0, 0, 0, 0, 0, 0, 0, 0, 0, 0, 0, 0, 0, 0, 0, 0, 0, -1, 1, 1, 
          1, 1, 1, 1, -1, -1, -1 ], 
      [ 0, 0, 0, 0, 0, 0, 0, 0, -1, -1, -1, 1, 0, 2, -1, -1, 1, 0, 2, -1, 1, 
          0, 2, 1, 0, 2, 0, -2, 0 ], 
      [ 0, 0, -1, -1, -1, 1, 0, 2, 0, 0, 0, 0, 0, 0, -1, -1, 1, 0, 2, -1, 1, 
          0, 2, 1, 0, 2, 0, -2, 0 ], 
      [ 0, -1, 0, -1, -1, 1, 0, 2, 0, -1, -1, 1, 0, 2, 0, 0, 0, 0, 0, -1, 1, 
          0, 2, 1, 0, 2, 0, -2, 0 ], 
      [ 0, 2, 2, 2, 2, -2, 0, 0, -1, -1, -1, 1, 0, 0, -1, -1, 1, 0, 0, -1, 
          1, 0, 0, 1, 0, 0, 0, 0, 0 ], 
      [ 0, 0, 2, 2, 2, -2, 0, 2, 0, 0, 0, 0, 0, 0, -1, -1, 1, 0, -1, -1, 1, 
          0, -1, 1, 0, -1, 0, 1, 0 ], 
      [ 0, -1, -1, 0, -1, 1, 0, 2, -1, 0, -1, 1, 0, 2, 0, -1, 1, 0, 2, 0, 0, 
          0, 0, 1, 0, 2, 0, -2, 0 ], 
      [ 0, 2, 2, 0, 2, -2, 0, 2, -1, 0, -1, 1, 0, -1, 0, -1, 1, 0, -1, 0, 0, 
          0, 0, 1, 0, -1, 0, 1, 0 ], 
      [ 0, 2, 0, 2, 2, -2, 0, 2, 0, -1, -1, 1, 0, -1, 0, 0, 0, 0, 0, -1, 1, 
          0, -1, 1, 0, -1, 0, 1, 0 ], 
      [ 0, 2, 0, 0, 2, -2, -2, 2, 0, 0, -1, 1, 1, -1, 0, 0, 0, 0, 0, 0, 0, 
          0, 0, 1, 1, -1, -1, 1, 1 ], 
      [ 0, 0, 2, 0, 2, -2, -2, 2, 0, 0, 0, 0, 0, 0, 0, -1, 1, 1, -1, 0, 0, 
          0, 0, 1, 1, -1, -1, 1, 1 ], 
      [ 0, -1, 0, 0, -1, 1, 1, 2, 0, 0, -1, 1, 1, 2, 0, 0, 0, 0, 0, 0, 0, 0, 
          0, 1, 1, 2, -1, -2, -2 ], 
      [ 0, 2, 2, 0, 2, -2, -2, 0, -1, 0, -1, 1, 1, 0, 0, -1, 1, 1, 0, 0, 0, 
          0, 0, 1, 1, 0, -1, 0, 0 ], 
      [ 0, 0, -1, 0, -1, 1, 1, 2, 0, 0, 0, 0, 0, 0, 0, -1, 1, 1, 2, 0, 0, 0, 
          0, 1, 1, 2, -1, -2, -2 ], 
      [ 0, 0, 0, 0, 0, 0, 0, 0, -1, 0, -1, 1, 1, 2, 0, -1, 1, 1, 2, 0, 0, 0, 
          0, 1, 1, 2, -1, -2, -2 ], 
      [ 0, 0, 0, -1, -1, 1, 1, 2, 0, 0, 0, 0, 0, 0, 0, 0, 0, 0, 0, -1, 1, 1, 
          2, 1, 1, 2, -1, -2, -2 ], 
      [ 0, 0, 0, 0, 0, 0, 0, 0, 0, -1, -1, 1, 1, 2, 0, 0, 0, 0, 0, -1, 1, 1, 
          2, 1, 1, 2, -1, -2, -2 ], 
      [ 0, 2, 0, 2, 2, -2, -2, 0, 0, -1, -1, 1, 1, 0, 0, 0, 0, 0, 0, -1, 1, 
          1, 0, 1, 1, 0, -1, 0, 0 ], 
      [ 0, 0, 0, 0, 0, 0, 0, 0, 0, 0, 0, 0, 0, 0, -1, -1, 1, 1, 2, -1, 1, 1, 
          2, 1, 1, 2, -1, -2, -2 ], 
      [ 0, 0, 2, 2, 2, -2, -2, 0, 0, 0, 0, 0, 0, 0, -1, -1, 1, 1, 0, -1, 1, 
          1, 0, 1, 1, 0, -1, 0, 0 ], 
      [ 0, 0, 0, 2, 2, -2, -2, 2, 0, 0, 0, 0, 0, 0, 0, 0, 0, 0, 0, -1, 1, 1, 
          -1, 1, 1, -1, -1, 1, 1 ], 
      [ 0, 1, 1, 0, 1, -1, -1, -1, -1, 0, -1, 1, 1, 1, 0, -1, 1, 1, 1, 0, 0, 
          0, 0, 1, 1, 1, -1, -1, -1 ], 
      [ 0, 1, 0, 1, 1, -1, -1, -1, 0, -1, -1, 1, 1, 1, 0, 0, 0, 0, 0, -1, 1, 
          1, 1, 1, 1, 1, -1, -1, -1 ], 
      [ 0, 0, 1, 1, 1, -1, -1, -1, 0, 0, 0, 0, 0, 0, -1, -1, 1, 1, 1, -1, 1, 
          1, 1, 1, 1, 1, -1, -1, -1 ], 
      [ 0, 1, 1, 1, 1, -1, 0, -1, -1, -1, -1, 1, 0, 1, -1, -1, 1, 0, 1, -1, 
          1, 0, 1, 1, 0, 1, 0, -1, 0 ], 
      [ 0, 2, 2, 2, 2, -4, -2, 0, -1, -1, -1, 2, 1, 0, -1, -1, 2, 1, 0, -1, 
          2, 1, 0, 2, 1, 0, -2, 0, 0 ], 
      [ 0, 0, 0, 0, 0, 0, 0, 0, -1, -1, -1, 2, 1, 2, -1, -1, 2, 1, 2, -1, 2, 
          1, 2, 2, 1, 2, -2, -4, -2 ], 
      [ 0, 0, 0, 0, 0, 0, 0, 0, -1, -1, -2, 1, 1, 2, -1, -2, 1, 1, 2, -2, 1, 
          1, 2, 2, 2, 4, -1, -2, -2 ], 
      [ 0, 2, 2, 2, 4, -2, -2, 0, -1, -1, -2, 1, 1, 0, -1, -2, 1, 1, 0, -2, 
          1, 1, 0, 2, 2, 0, -1, 0, 0 ], 
      [ 0, 3, 3, 0, 3, -3, -3, 3, -1, 0, -1, 1, 1, -1, 0, -1, 1, 1, -1, 0, 
          0, 0, 0, 1, 1, -1, -1, 1, 1 ], 
      [ 0, -1, -1, 0, -1, 1, 1, 3, -1, 0, -1, 1, 1, 3, 0, -1, 1, 1, 3, 0, 0, 
          0, 0, 1, 1, 3, -1, -3, -3 ], 
      [ 0, 3, 0, 3, 3, -3, -3, 3, 0, -1, -1, 1, 1, -1, 0, 0, 0, 0, 0, -1, 1, 
          1, -1, 1, 1, -1, -1, 1, 1 ], 
      [ 0, -1, 0, -1, -1, 1, 1, 3, 0, -1, -1, 1, 1, 3, 0, 0, 0, 0, 0, -1, 1, 
          1, 3, 1, 1, 3, -1, -3, -3 ], 
      [ 0, 0, 3, 3, 3, -3, -3, 3, 0, 0, 0, 0, 0, 0, -1, -1, 1, 1, -1, -1, 1, 
          1, -1, 1, 1, -1, -1, 1, 1 ], 
      [ 0, 0, -1, -1, -1, 1, 1, 3, 0, 0, 0, 0, 0, 0, -1, -1, 1, 1, 3, -1, 1, 
          1, 3, 1, 1, 3, -1, -3, -3 ], 
      [ 0, -1, -1, -1, -1, 1, 0, 3, -1, -1, -1, 1, 0, 3, -1, -1, 1, 0, 3, 
          -1, 1, 0, 3, 1, 0, 3, 0, -3, 0 ], 
      [ 0, 3, 3, 3, 3, -3, 0, 3, -1, -1, -1, 1, 0, -1, -1, -1, 1, 0, -1, -1, 
          1, 0, -1, 1, 0, -1, 0, 1, 0 ], 
      [ 0, 3, 3, 3, 6, -6, -3, 0, -1, -1, -2, 2, 1, 0, -1, -2, 2, 1, 0, -2, 
          2, 1, 0, 4, 2, 0, -2, 0, 0 ], 
      [ 0, 0, 0, 0, 0, 0, 0, 0, -1, -1, -2, 2, 1, 3, -1, -2, 2, 1, 3, -2, 2, 
          1, 3, 4, 2, 6, -2, -6, -3 ], 
      [ 0, 1, 1, 1, 2, -1, -1, -1, -1, -1, -2, 1, 1, 1, -1, -2, 1, 1, 1, -2, 
          1, 1, 1, 2, 2, 2, -1, -1, -1 ], 
      [ 0, 1, 1, 1, 1, -2, -1, -1, -1, -1, -1, 2, 1, 1, -1, -1, 2, 1, 1, -1, 
          2, 1, 1, 2, 1, 1, -2, -2, -1 ], 
      [ 0, 3, 3, 3, 6, -3, -3, 3, -1, -1, -2, 1, 1, -1, -1, -2, 1, 1, -1, 
          -2, 1, 1, -1, 2, 2, -2, -1, 1, 1 ], 
      [ 0, -1, -1, -1, -2, 1, 1, 3, -1, -1, -2, 1, 1, 3, -1, -2, 1, 1, 3, 
          -2, 1, 1, 3, 2, 2, 6, -1, -3, -3 ], 
      [ 0, -1, -1, -1, -1, 2, 1, 3, -1, -1, -1, 2, 1, 3, -1, -1, 2, 1, 3, 
          -1, 2, 1, 3, 2, 1, 3, -2, -6, -3 ], 
      [ 0, 3, 3, 3, 3, -6, -3, 3, -1, -1, -1, 2, 1, -1, -1, -1, 2, 1, -1, 
          -1, 2, 1, -1, 2, 1, -1, -2, 2, 1 ], 
      [ 0, 1, 1, 1, 2, -2, -1, -2, -1, -1, -2, 2, 1, 2, -1, -2, 2, 1, 2, -2, 
          2, 1, 2, 4, 2, 4, -2, -4, -2 ], 
      [ 0, 2, 2, 2, 4, -4, -2, -2, -1, -1, -2, 2, 1, 1, -1, -2, 2, 1, 1, -2, 
          2, 1, 1, 4, 2, 2, -2, -2, -1 ], 
      [ 0, -2, -2, -2, -4, 2, 2, 8, -1, -1, -2, 1, 1, 4, -1, -2, 1, 1, 4, 
          -2, 1, 1, 4, 2, 2, 8, -1, -4, -4 ], 
      [ 0, 4, 4, 4, 8, -4, -4, 8, -1, -1, -2, 1, 1, -2, -1, -2, 1, 1, -2, 
          -2, 1, 1, -2, 2, 2, -4, -1, 2, 2 ], 
      [ 0, -2, -2, -2, -2, 4, 2, 8, -1, -1, -1, 2, 1, 4, -1, -1, 2, 1, 4, 
          -1, 2, 1, 4, 2, 1, 4, -2, -8, -4 ], 
      [ 0, 4, 4, 4, 4, -8, -4, 8, -1, -1, -1, 2, 1, -2, -1, -1, 2, 1, -2, 
          -1, 2, 1, -2, 2, 1, -2, -2, 4, 2 ], 
      [ 0, -1, -1, -1, -2, 2, 1, 4, -1, -1, -2, 2, 1, 4, -1, -2, 2, 1, 4, 
          -2, 2, 1, 4, 4, 2, 8, -2, -8, -4 ], 
      [ 0, 4, 4, 4, 8, -8, -4, 4, -1, -1, -2, 2, 1, -1, -1, -2, 2, 1, -1, 
          -2, 2, 1, -1, 4, 2, -2, -2, 2, 1 ], 
      [ 0, -2, -2, -2, -4, 4, 2, 10, -1, -1, -2, 2, 1, 5, -1, -2, 2, 1, 5, 
          -2, 2, 1, 5, 4, 2, 10, -2, -10, -5 ], 
      [ 0, 5, 5, 5, 10, -10, -5, 10, -1, -1, -2, 2, 1, -2, -1, -2, 2, 1, -2, 
          -2, 2, 1, -2, 4, 2, -4, -2, 4, 2 ] ],
  ListIncidentSymbol := 
   [ [ -1, 0, 0, 0, 0, 0, 1, 1 ], [ -1, 0, 0, 0, 0, 1, 0, 1 ], 
      [ -1, 1, 0, 0, 0, 0, 0, 1 ], [ 0, -1, 0, 0, 0, 1, 0, 1 ], 
      [ -1, 0, 0, 0, 1, 0, 0, 1 ], [ 1, -1, 0, 0, 0, 1, 0, 0 ], 
      [ -1, 0, 0, 1, 0, 0, 0, 1 ], [ 1, 0, -1, 0, 0, 1, 0, 0 ], 
      [ -1, 0, 1, 0, 0, 0, 0, 1 ], [ 1, 0, 0, 0, 0, 0, 1, -1 ], 
      [ -1, 1, 0, 0, 1, 0, 0, 0 ], [ 1, 0, 0, -1, 0, 1, 0, 0 ], 
      [ -1, 0, 0, 1, 1, 0, 0, 0 ], [ -1, 0, 1, 0, 1, 0, 0, 0 ], 
      [ 0, 0, 0, 1, 1, 0, 0, -1 ], [ 1, 0, 0, 0, -1, 0, 1, 0 ], 
      [ 1, 0, 0, 0, 0, 1, 0, -1 ], [ 0, 0, 0, 0, -1, 0, 1, 1 ], 
      [ 0, 0, 1, 0, 1, 0, 0, -1 ], [ 1, 0, 0, 0, 1, 0, 0, -1 ], 
      [ 1, 1, 0, 0, 0, 0, 0, -1 ], [ 0, 0, -1, 0, 0, 1, 0, 1 ], 
      [ 0, 1, 0, 0, 1, 0, 0, -1 ], [ 0, 0, 0, -1, 0, 1, 0, 1 ], 
      [ 1, 0, 0, 1, 0, 0, 0, -1 ], [ 1, 0, 1, 0, 0, 0, 0, -1 ], 
      [ 0, 0, 1, 1, 1, -1, 0, -1 ], [ 0, 1, 0, 1, 1, -1, 0, -1 ], 
      [ -1, 0, 1, 1, 1, -1, 0, 0 ], [ 0, 1, 1, 0, 1, -1, 0, -1 ], 
      [ -1, 1, 0, 1, 1, -1, 0, 0 ], [ 0, -1, 0, 0, -1, 1, 1, 1 ], 
      [ 1, -1, 0, 0, -1, 1, 1, 0 ], [ 0, 0, -1, 0, -1, 1, 1, 1 ], 
      [ 1, 0, -1, 0, -1, 1, 1, 0 ], [ 1, 0, 0, -1, -1, 1, 1, 0 ], 
      [ -1, 1, 1, 0, 1, -1, 0, 0 ], [ 0, 0, 0, -1, -1, 1, 1, 1 ], 
      [ 0, 1, 1, 1, 1, -1, 0, -2 ], [ 1, 0, 1, 1, 1, -1, 0, -2 ], 
      [ 1, 1, 0, 1, 1, -1, 0, -2 ], [ -2, 1, 1, 1, 1, -1, 0, 0 ], 
      [ -2, 0, 1, 1, 1, -1, 0, 1 ], [ 1, 1, 1, 0, 1, -1, 0, -2 ], 
      [ -2, 1, 1, 0, 1, -1, 0, 1 ], [ -2, 1, 0, 1, 1, -1, 0, 1 ], 
      [ 2, -1, 0, 0, -1, 1, 1, -1 ], [ 2, 0, -1, 0, -1, 1, 1, -1 ], 
      [ -1, -1, 0, 0, -1, 1, 1, 2 ], [ 2, -1, -1, 0, -1, 1, 1, 0 ], 
      [ -1, 0, -1, 0, -1, 1, 1, 2 ], [ 0, -1, -1, 0, -1, 1, 1, 2 ], 
      [ -1, 0, 0, -1, -1, 1, 1, 2 ], [ 0, -1, 0, -1, -1, 1, 1, 2 ], 
      [ 2, -1, 0, -1, -1, 1, 1, 0 ], [ 0, 0, -1, -1, -1, 1, 1, 2 ], 
      [ 2, 0, -1, -1, -1, 1, 1, 0 ], [ 2, 0, 0, -1, -1, 1, 1, -1 ], 
      [ 1, -1, -1, 0, -1, 1, 1, 1 ], [ 1, -1, 0, -1, -1, 1, 1, 1 ], 
      [ 1, 0, -1, -1, -1, 1, 1, 1 ], [ -1, 1, 1, 1, 1, -1, 0, -1 ], 
      [ 2, -1, -1, -1, -1, 2, 1, 0 ], [ 0, -1, -1, -1, -1, 2, 1, 2 ], 
      [ 0, 1, 1, 1, 2, -1, -1, -2 ], [ -2, 1, 1, 1, 2, -1, -1, 0 ], 
      [ 3, -1, -1, 0, -1, 1, 1, -1 ], [ -1, -1, -1, 0, -1, 1, 1, 3 ], 
      [ 3, -1, 0, -1, -1, 1, 1, -1 ], [ -1, -1, 0, -1, -1, 1, 1, 3 ], 
      [ 3, 0, -1, -1, -1, 1, 1, -1 ], [ -1, 0, -1, -1, -1, 1, 1, 3 ], 
      [ 1, 1, 1, 1, 1, -1, 0, -3 ], [ -3, 1, 1, 1, 1, -1, 0, 1 ], 
      [ 3, -1, -1, -1, -2, 2, 1, 0 ], [ 0, -1, -1, -1, -2, 2, 1, 3 ], 
      [ -1, 1, 1, 1, 2, -1, -1, -1 ], [ 1, -1, -1, -1, -1, 2, 1, 1 ], 
      [ -3, 1, 1, 1, 2, -1, -1, 1 ], [ 1, 1, 1, 1, 2, -1, -1, -3 ], 
      [ -1, -1, -1, -1, -1, 2, 1, 3 ], [ 3, -1, -1, -1, -1, 2, 1, -1 ], 
      [ 1, -1, -1, -1, -2, 2, 1, 2 ], [ 2, -1, -1, -1, -2, 2, 1, 1 ], 
      [ 2, 1, 1, 1, 2, -1, -1, -4 ], [ -4, 1, 1, 1, 2, -1, -1, 2 ], 
      [ -2, -1, -1, -1, -1, 2, 1, 4 ], [ 4, -1, -1, -1, -1, 2, 1, -2 ], 
      [ -1, -1, -1, -1, -2, 2, 1, 4 ], [ 4, -1, -1, -1, -2, 2, 1, -1 ], 
      [ -2, -1, -1, -1, -2, 2, 1, 5 ], [ 5, -1, -1, -1, -2, 2, 1, -2 ] ],
  ListAdjacent := [ rec(
          DistVect := [ 0, 1, 1, 0, 0, 1, 0, 0, 0, 1, 1, 0, 1, 1, 1, 1, 0, 
              1, 1, 0, 1, 0, 0, 1, 0, 0, 1, 1, 0 ],
          eAdj := [ 1, 2, 3, 4, 5, 6, 7, 8, 9, 10, 11, 12, 13, 14, 15, 16, 
              17, 18, 19, 20, 21, 22, 23, 24, 25, 26, 27, 28, 29, 30, 31, 
              32, 33, 34, 35, 36, 37, 38, 39, 40, 41, 42, 43, 44, 45, 46, 
              47, 48, 49, 51, 53, 54, 55, 56, 57, 58, 60, 61, 62, 63, 64, 
              65, 66, 69, 70, 71, 72, 73, 74, 75, 76, 77, 78, 79, 80, 81, 
              82, 83, 84, 85, 86, 87, 88, 89, 90, 91, 92 ] ), rec(
          DistVect := [ 0, 1, 0, 1, 0, 1, 1, 0, 1, 0, 1, 0, 0, 1, 1, 0, 1, 
              1, 0, 1, 0, 0, 1, 1, 1, 0, 0, 1, 1 ],
          eAdj := [ 1, 2, 3, 4, 5, 6, 7, 8, 9, 10, 11, 12, 13, 14, 15, 16, 
              17, 18, 19, 20, 21, 22, 23, 24, 25, 26, 27, 28, 29, 30, 31, 
              32, 33, 36, 37, 38, 39, 40, 41, 42, 43, 44, 45, 46, 47, 49, 
              50, 52, 53, 54, 55, 56, 57, 58, 59, 60, 61, 62, 63, 64, 65, 
              66, 67, 68, 69, 70, 71, 72, 73, 74, 75, 76, 77, 78, 79, 80, 
              81, 82, 83, 84, 85, 86, 87, 88, 89, 90, 91, 92 ] ), rec(
          DistVect := [ 0, 1, 0, 0, 1, 1, 1, 0, 1, 1, 0, 0, 0, 1, 0, 1, 1, 
              1, 0, 1, 1, 1, 0, 0, 0, 1, 0, 1, 1 ],
          eAdj := [ 1, 2, 3, 4, 5, 6, 7, 8, 9, 10, 12, 13, 14, 15, 16, 17, 
              18, 19, 20, 21, 22, 24, 25, 26, 27, 28, 29, 30, 31, 32, 33, 
              34, 35, 36, 37, 38, 39, 40, 41, 42, 43, 44, 45, 46, 47, 48, 
              49, 50, 51, 52, 53, 54, 55, 56, 57, 58, 59, 60, 61, 62, 63, 
              64, 65, 66, 67, 68, 69, 70, 71, 72, 73, 74, 75, 76, 77, 78, 
              79, 80, 81, 82, 83, 84, 85, 86, 87, 88, 89, 90, 91, 92 ] ), 
      rec(
          DistVect := [ 0, 0, 1, 0, 0, 1, 0, 0, 1, 0, 0, 1, 0, 0, 1, 1, 0, 
              1, 1, 0, 1, 0, 0, 1, 0, 0, 1, 1, 0 ],
          eAdj := [ 1, 2, 3, 4, 5, 6, 7, 8, 9, 10, 11, 12, 13, 14, 15, 16, 
              17, 18, 19, 20, 21, 22, 23, 24, 25, 26, 27, 29, 30, 32, 33, 
              34, 35, 36, 37, 38, 39, 40, 42, 43, 44, 45, 47, 48, 49, 50, 
              51, 52, 53, 54, 55, 56, 57, 58, 59, 60, 61, 62, 63, 64, 65, 
              66, 67, 68, 69, 70, 71, 72, 73, 74, 75, 76, 77, 78, 79, 80, 
              81, 82, 83, 84, 85, 86, 87, 88, 89, 90, 91, 92 ] ), rec(
          DistVect := [ 0, 0, 1, 0, 0, 0, 1, 0, 1, 0, 0, 0, 1, 0, 1, 1, 1, 
              0, 1, 0, 0, 1, 0, 0, 1, 0, 1, 0, 1 ],
          eAdj := [ 1, 2, 3, 4, 5, 6, 7, 9, 10, 11, 12, 13, 14, 15, 16, 17, 
              18, 19, 20, 21, 23, 24, 25, 26, 27, 28, 29, 30, 31, 32, 33, 
              34, 35, 36, 37, 38, 39, 40, 41, 42, 43, 44, 45, 46, 47, 48, 
              49, 50, 51, 52, 53, 54, 55, 56, 57, 58, 59, 60, 61, 62, 63, 
              64, 65, 66, 67, 68, 69, 70, 71, 72, 73, 74, 75, 76, 77, 78, 
              79, 80, 81, 82, 83, 84, 85, 86, 87, 88, 89, 90, 91, 92 ] ), 
      rec(
          DistVect := [ 0, 0, 0, 0, 1, 1, 0, 0, 0, 0, 1, 1, 0, 0, 0, 1, 1, 
              0, 0, 1, 1, 0, 0, 0, 1, 1, 1, 1, 0 ],
          eAdj := [ 1, 2, 3, 4, 5, 6, 7, 8, 9, 10, 11, 12, 13, 14, 15, 17, 
              19, 20, 21, 22, 23, 24, 25, 26, 27, 28, 29, 30, 31, 32, 33, 
              34, 35, 36, 37, 38, 39, 40, 41, 42, 43, 44, 45, 46, 47, 48, 
              49, 50, 51, 52, 53, 54, 55, 56, 57, 58, 59, 60, 61, 62, 63, 
              64, 65, 66, 67, 68, 69, 70, 71, 72, 73, 74, 75, 76, 77, 78, 
              79, 80, 81, 82, 83, 84, 85, 86, 87, 88, 89, 90, 91, 92 ] ), 
      rec(
          DistVect := [ 0, 7, 7, 5, 3, 7, 7, 3, 4, 4, 8, 4, 8, 4, 4, 8, 4, 
              8, 4, 8, 4, 8, 4, 8, 4, 4, 8, 8, 8 ],
          eAdj := [ 4, 13, 15, 16, 18, 19, 21, 22, 23, 24, 26, 27, 28, 30, 
              32, 34, 38, 39, 44, 52, 54, 56, 64, 65, 76, 81 ] ), rec(
          DistVect := [ 0, 7, 7, 7, 4, 8, 5, 3, 4, 4, 7, 5, 8, 4, 4, 7, 5, 
              8, 4, 7, 5, 8, 4, 8, 5, 3, 7, 9, 8 ],
          eAdj := [ 1, 4, 15, 18, 19, 21, 22, 23, 24, 25, 26, 40, 41, 44, 
              49, 51, 53, 68, 70, 72, 73, 80, 81, 85, 87, 89 ] ), rec(
          DistVect := [ 0, 7, 7, 7, 3, 9, 5, 3, 4, 4, 8, 4, 8, 4, 4, 8, 4, 
              8, 4, 8, 4, 8, 4, 8, 4, 4, 8, 8, 8 ],
          eAdj := [ 1, 4, 15, 18, 19, 21, 22, 23, 24, 25, 26, 27, 28, 30, 
              32, 34, 38, 39, 52, 54, 56, 64, 65, 76, 80, 81 ] ), rec(
          DistVect := [ 0, 1, 1, 1, 1, 0, 0, 1, 0, 0, 0, 1, 1, 0, 0, 0, 1, 
              1, 0, 0, 1, 1, 0, 1, 1, 0, 0, 1, 1 ],
          eAdj := [ 1, 2, 4, 15, 18, 19, 20, 21, 22, 23, 24, 25, 26, 40, 41, 
              44, 49, 51, 53, 68, 70, 72, 73, 85, 87, 91 ] ), rec(
          DistVect := [ 0, 2, 1, 2, 1, 2, 2, 1, 1, 1, 2, 1, 2, 1, 1, 2, 1, 
              2, 1, 2, 1, 2, 1, 2, 1, 1, 2, 2, 2 ],
          eAdj := [ 4, 8, 14, 15, 16, 18, 19, 21, 22, 23, 24, 25, 27, 28, 
              30, 32, 34, 35, 38, 39, 41, 52, 54, 56, 59, 61, 64, 65, 76, 83 
             ] ), rec(
          DistVect := [ 0, 7, 4, 7, 4, 8, 5, 3, 5, 4, 7, 5, 8, 4, 5, 8, 4, 
              7, 5, 7, 5, 8, 4, 8, 5, 3, 7, 9, 8 ],
          eAdj := [ 1, 4, 8, 14, 15, 18, 19, 21, 22, 23, 24, 25, 27, 30, 34, 
              39, 41, 49, 52, 53, 56, 70, 76, 80, 81, 89 ] ), rec(
          DistVect := [ 0, 7, 5, 7, 3, 9, 5, 3, 4, 4, 8, 4, 8, 4, 4, 8, 4, 
              8, 4, 8, 4, 8, 4, 8, 4, 4, 8, 8, 8 ],
          eAdj := [ 1, 4, 8, 14, 15, 18, 19, 21, 22, 23, 24, 25, 27, 28, 30, 
              32, 34, 38, 39, 52, 54, 56, 64, 65, 76, 83 ] ), rec(
          DistVect := [ 0, 1, 1, 2, 2, 2, 2, 1, 1, 1, 2, 1, 2, 1, 1, 2, 1, 
              2, 1, 2, 1, 2, 1, 2, 1, 1, 2, 2, 2 ],
          eAdj := [ 4, 6, 8, 15, 18, 19, 20, 22, 23, 24, 25, 27, 28, 30, 32, 
              34, 38, 39, 40, 41, 52, 53, 54, 56, 59, 64, 65, 76, 80 ] ), 
      rec(
          DistVect := [ 0, 5, 5, 7, 5, 9, 5, 3, 4, 4, 8, 4, 8, 4, 4, 8, 4, 
              8, 4, 8, 4, 8, 4, 8, 4, 4, 8, 8, 8 ],
          eAdj := [ 1, 4, 6, 8, 15, 18, 19, 22, 23, 24, 25, 27, 28, 30, 32, 
              34, 38, 39, 52, 53, 54, 56, 64, 65, 76, 80 ] ), rec(
          DistVect := [ 0, 7, 4, 5, 3, 7, 7, 3, 7, 4, 8, 4, 8, 4, 5, 7, 3, 
              7, 7, 8, 4, 8, 4, 8, 4, 4, 8, 8, 8 ],
          eAdj := [ 4, 8, 9, 13, 14, 15, 16, 18, 21, 23, 24, 28, 29, 30, 32, 
              35, 37, 38, 54, 59, 61, 62, 64, 77, 78, 83 ] ), rec(
          DistVect := [ 0, 7, 4, 7, 4, 8, 5, 3, 7, 4, 7, 5, 8, 4, 7, 8, 4, 
              5, 7, 7, 5, 8, 4, 8, 5, 3, 7, 9, 8 ],
          eAdj := [ 1, 4, 8, 9, 14, 15, 18, 21, 23, 24, 25, 27, 30, 34, 39, 
              41, 49, 52, 53, 56, 64, 65, 70, 76, 80, 81 ] ), rec(
          DistVect := [ 0, 7, 4, 7, 3, 9, 5, 3, 7, 4, 8, 4, 8, 4, 7, 7, 5, 
              5, 7, 8, 4, 8, 4, 8, 4, 4, 8, 8, 8 ],
          eAdj := [ 1, 4, 8, 9, 14, 15, 18, 21, 23, 24, 25, 28, 29, 32, 35, 
              37, 38, 54, 59, 61, 62, 64, 65, 77, 78, 83 ] ), rec(
          DistVect := [ 0, 7, 7, 7, 3, 9, 8, 3, 4, 4, 8, 4, 5, 4, 4, 8, 4, 
              5, 4, 8, 4, 5, 4, 8, 5, 4, 7, 8, 5 ],
          eAdj := [ 4, 10, 15, 16, 19, 21, 22, 23, 24, 25, 26, 27, 28, 30, 
              33, 35, 36, 39, 59, 60, 61, 64, 65, 77, 78, 83 ] ), rec(
          DistVect := [ 0, 7, 7, 7, 4, 8, 8, 3, 4, 4, 7, 5, 5, 4, 4, 7, 5, 
              5, 4, 7, 5, 5, 4, 8, 4, 3, 8, 9, 5 ],
          eAdj := [ 4, 10, 15, 16, 19, 21, 22, 23, 24, 25, 26, 32, 34, 38, 
              40, 41, 44, 52, 54, 56, 64, 65, 73, 76, 80, 81 ] ), rec(
          DistVect := [ 0, 7, 5, 7, 3, 9, 8, 3, 4, 4, 8, 4, 5, 4, 4, 8, 4, 
              7, 4, 8, 4, 5, 4, 8, 5, 4, 7, 8, 5 ],
          eAdj := [ 4, 8, 10, 14, 15, 16, 19, 21, 22, 23, 24, 25, 27, 28, 
              30, 33, 35, 36, 39, 59, 60, 61, 77, 78, 83, 84 ] ), rec(
          DistVect := [ 0, 7, 4, 7, 4, 8, 8, 3, 5, 4, 7, 5, 5, 4, 5, 8, 4, 
              8, 5, 7, 5, 5, 4, 8, 4, 3, 8, 9, 5 ],
          eAdj := [ 4, 8, 10, 14, 15, 16, 19, 21, 22, 23, 24, 25, 27, 30, 
              32, 35, 38, 39, 41, 54, 59, 61, 64, 65, 76, 83 ] ), rec(
          DistVect := [ 0, 5, 5, 7, 5, 9, 8, 3, 4, 4, 8, 4, 7, 4, 4, 8, 4, 
              7, 4, 8, 4, 5, 4, 8, 3, 4, 7, 8, 5 ],
          eAdj := [ 4, 6, 8, 10, 15, 16, 19, 22, 23, 24, 25, 27, 28, 30, 33, 
              35, 36, 38, 39, 59, 60, 61, 65, 77, 78, 83 ] ), rec(
          DistVect := [ 0, 7, 4, 7, 3, 9, 8, 3, 7, 4, 8, 4, 5, 4, 7, 7, 5, 
              8, 7, 8, 4, 5, 4, 8, 5, 4, 7, 8, 5 ],
          eAdj := [ 4, 8, 9, 10, 14, 15, 16, 21, 23, 24, 25, 28, 29, 33, 36, 
              37, 48, 50, 57, 60, 62, 63, 66, 77, 78, 84 ] ), rec(
          DistVect := [ 0, 7, 4, 7, 4, 8, 8, 3, 7, 4, 7, 5, 5, 4, 7, 8, 4, 
              8, 7, 7, 5, 5, 4, 8, 4, 3, 8, 9, 5 ],
          eAdj := [ 4, 8, 9, 10, 14, 15, 16, 21, 23, 24, 25, 27, 30, 32, 35, 
              38, 39, 41, 54, 59, 61, 64, 65, 77, 78, 83 ] ), rec(
          DistVect := [ 0, 5, 7, 5, 3, 7, 7, 3, 4, 4, 8, 4, 8, 4, 4, 8, 4, 
              8, 4, 8, 4, 8, 4, 8, 4, 4, 8, 8, 8 ],
          eAdj := [ 4, 11, 13, 15, 16, 18, 19, 22, 23, 24, 26, 27, 28, 30, 
              32, 34, 38, 39, 52, 54, 56, 60, 64, 65, 76, 83 ] ), rec(
          DistVect := [ 0, 5, 5, 7, 3, 7, 5, 3, 4, 4, 8, 4, 8, 4, 4, 8, 4, 
              8, 4, 8, 4, 8, 4, 8, 4, 4, 8, 8, 8 ],
          eAdj := [ 1, 4, 11, 14, 15, 18, 19, 22, 23, 24, 25, 27, 28, 30, 
              32, 34, 38, 39, 52, 53, 54, 56, 64, 65, 76, 81 ] ), rec(
          DistVect := [ 0, 5, 5, 5, 3, 7, 5, 3, 4, 4, 8, 4, 8, 4, 4, 8, 4, 
              8, 4, 8, 4, 8, 4, 8, 4, 4, 8, 8, 8 ],
          eAdj := [ 1, 4, 11, 13, 14, 15, 18, 19, 22, 23, 24, 27, 28, 30, 
              32, 34, 38, 39, 52, 54, 56, 62, 64, 65, 76, 83 ] ), rec(
          DistVect := [ 0, 4, 4, 4, 4, 5, 8, 3, 4, 4, 8, 3, 8, 5, 4, 8, 3, 
              8, 5, 8, 3, 8, 5, 9, 4, 3, 9, 8, 7 ],
          eAdj := [ 2, 4, 11, 13, 14, 15, 16, 18, 19, 22, 23, 24, 27, 28, 
              30, 32, 34, 38, 59, 60, 61, 62, 64, 77, 78, 83 ] ), rec(
          DistVect := [ 0, 5, 5, 5, 3, 5, 7, 3, 4, 4, 8, 4, 8, 4, 4, 8, 4, 
              8, 4, 8, 4, 8, 4, 8, 4, 4, 8, 8, 8 ],
          eAdj := [ 2, 4, 11, 13, 14, 15, 16, 18, 19, 22, 23, 24, 27, 28, 
              30, 32, 34, 38, 39, 52, 54, 56, 64, 65, 76, 81 ] ), rec(
          DistVect := [ 0, 4, 4, 7, 4, 8, 5, 3, 4, 5, 8, 4, 7, 5, 5, 8, 4, 
              7, 5, 7, 3, 8, 4, 8, 5, 3, 9, 7, 8 ],
          eAdj := [ 1, 6, 8, 11, 14, 15, 18, 19, 23, 24, 25, 27, 28, 32, 34, 
              37, 38, 53, 54, 56, 59, 62, 64, 65, 78, 83 ] ), rec(
          DistVect := [ 0, 1, 1, 2, 1, 2, 2, 1, 1, 2, 2, 1, 2, 2, 1, 2, 1, 
              2, 1, 2, 1, 2, 1, 2, 1, 1, 2, 2, 2 ],
          eAdj := [ 3, 6, 8, 11, 14, 15, 16, 18, 19, 22, 24, 25, 27, 28, 31, 
              33, 34, 35, 37, 38, 50, 56, 59, 60, 61, 62, 77, 78, 83, 84 ] ),
      rec(
          DistVect := [ 0, 4, 5, 7, 3, 9, 5, 3, 5, 7, 7, 5, 5, 7, 4, 8, 4, 
              8, 4, 8, 4, 8, 4, 8, 4, 4, 8, 8, 8 ],
          eAdj := [ 1, 3, 6, 8, 11, 14, 15, 18, 19, 22, 24, 25, 27, 31, 33, 
              34, 37, 38, 56, 59, 60, 62, 77, 78, 83, 84 ] ), rec(
          DistVect := [ 0, 4, 4, 7, 4, 8, 5, 3, 4, 7, 8, 4, 5, 7, 5, 8, 4, 
              7, 5, 7, 5, 8, 4, 8, 5, 3, 7, 9, 8 ],
          eAdj := [ 1, 3, 6, 8, 11, 14, 15, 18, 19, 22, 24, 25, 27, 28, 32, 
              34, 37, 53, 54, 56, 59, 62, 64, 65, 76, 83 ] ), rec(
          DistVect := [ 0, 4, 4, 7, 4, 8, 5, 3, 4, 5, 8, 4, 7, 5, 5, 8, 4, 
              7, 5, 9, 5, 8, 4, 8, 3, 5, 7, 9, 8 ],
          eAdj := [ 1, 4, 6, 8, 11, 14, 15, 18, 22, 24, 25, 27, 28, 32, 34, 
              37, 38, 53, 54, 56, 59, 62, 64, 65, 77, 83 ] ), rec(
          DistVect := [ 0, 5, 4, 5, 3, 7, 7, 3, 5, 4, 8, 4, 8, 4, 5, 7, 3, 
              7, 7, 8, 4, 8, 4, 8, 4, 4, 8, 8, 8 ],
          eAdj := [ 4, 8, 9, 11, 13, 14, 15, 16, 18, 23, 24, 28, 29, 32, 35, 
              37, 38, 54, 59, 60, 61, 62, 77, 78, 83, 84 ] ), rec(
          DistVect := [ 0, 4, 4, 5, 3, 7, 7, 3, 4, 5, 7, 3, 7, 7, 5, 7, 3, 
              7, 7, 8, 4, 8, 4, 8, 4, 4, 8, 8, 8 ],
          eAdj := [ 3, 6, 8, 9, 11, 13, 14, 15, 16, 18, 24, 29, 31, 33, 35, 
              37, 38, 42, 45, 50, 60, 61, 63, 66, 78, 84 ] ), rec(
          DistVect := [ 0, 5, 5, 7, 3, 7, 8, 3, 4, 4, 8, 4, 7, 4, 4, 8, 4, 
              7, 4, 8, 4, 5, 4, 8, 5, 4, 9, 8, 5 ],
          eAdj := [ 4, 10, 11, 14, 15, 16, 19, 22, 23, 24, 25, 27, 28, 30, 
              33, 35, 36, 38, 39, 59, 60, 61, 64, 77, 78, 83 ] ), rec(
          DistVect := [ 0, 5, 5, 5, 3, 7, 8, 3, 4, 4, 8, 4, 7, 4, 4, 8, 4, 
              7, 4, 8, 4, 7, 4, 8, 5, 4, 9, 8, 5 ],
          eAdj := [ 4, 10, 11, 13, 14, 15, 16, 19, 22, 23, 24, 27, 28, 30, 
              33, 35, 36, 39, 59, 60, 61, 62, 77, 78, 83, 84 ] ), rec(
          DistVect := [ 0, 4, 4, 7, 4, 8, 8, 3, 4, 5, 8, 4, 8, 5, 5, 8, 4, 
              8, 5, 7, 3, 5, 4, 8, 4, 3, 8, 7, 5 ],
          eAdj := [ 6, 8, 10, 11, 14, 15, 16, 19, 23, 24, 25, 27, 28, 33, 
              35, 36, 37, 38, 50, 60, 61, 62, 63, 77, 78, 84 ] ), rec(
          DistVect := [ 0, 4, 4, 7, 4, 8, 8, 3, 4, 5, 8, 4, 8, 5, 5, 8, 4, 
              8, 5, 9, 5, 5, 4, 8, 4, 5, 8, 9, 5 ],
          eAdj := [ 4, 6, 8, 10, 11, 14, 15, 16, 22, 24, 25, 27, 28, 33, 35, 
              36, 37, 38, 50, 60, 61, 62, 66, 77, 78, 84 ] ), rec(
          DistVect := [ 0, 5, 5, 5, 5, 9, 5, 3, 4, 4, 8, 4, 8, 4, 4, 8, 4, 
              8, 4, 8, 4, 8, 4, 8, 4, 4, 8, 8, 8 ],
          eAdj := [ 1, 4, 6, 8, 12, 15, 18, 19, 22, 23, 24, 27, 28, 30, 32, 
              34, 38, 39, 52, 54, 56, 62, 64, 65, 76, 83 ] ), rec(
          DistVect := [ 0, 5, 5, 5, 5, 9, 8, 3, 4, 4, 8, 4, 7, 4, 4, 8, 4, 
              7, 4, 8, 4, 7, 4, 8, 3, 4, 7, 8, 5 ],
          eAdj := [ 4, 6, 8, 10, 12, 15, 16, 19, 22, 23, 24, 27, 28, 30, 33, 
              35, 36, 39, 59, 60, 61, 62, 77, 78, 83, 84 ] ), rec(
          DistVect := [ 0, 2, 2, 2, 1, 2, 1, 1, 1, 1, 1, 1, 2, 1, 1, 1, 1, 
              2, 1, 1, 1, 2, 1, 2, 2, 0, 2, 2, 2 ],
          eAdj := [ 1, 4, 15, 18, 19, 20, 21, 22, 23, 24, 25, 26, 40, 41, 
              44, 49, 51, 53, 68, 70, 72, 73, 81, 85, 87, 89, 91 ] ), rec(
          DistVect := [ 0, 2, 1, 1, 1, 1, 2, 1, 1, 1, 2, 1, 2, 1, 1, 2, 1, 
              2, 1, 2, 1, 2, 1, 2, 1, 1, 2, 2, 2 ],
          eAdj := [ 2, 4, 13, 14, 15, 16, 18, 19, 21, 22, 23, 24, 27, 28, 
              30, 32, 34, 38, 39, 41, 44, 49, 52, 54, 56, 61, 64, 65, 76, 81 
             ] ), rec(
          DistVect := [ 0, 2, 2, 2, 1, 2, 1, 1, 1, 1, 2, 2, 2, 1, 1, 2, 2, 
              2, 1, 2, 2, 2, 1, 2, 1, 1, 1, 3, 2 ],
          eAdj := [ 1, 2, 4, 15, 18, 19, 21, 22, 23, 24, 25, 26, 40, 41, 44, 
              49, 51, 53, 68, 70, 72, 73, 80, 85, 87, 89, 91 ] ), rec(
          DistVect := [ 0, 2, 2, 2, 1, 2, 2, 1, 1, 1, 2, 2, 1, 1, 1, 2, 2, 
              1, 1, 2, 2, 1, 1, 2, 1, 1, 2, 3, 1 ],
          eAdj := [ 2, 4, 10, 15, 16, 19, 21, 22, 23, 24, 25, 26, 32, 34, 
              38, 40, 41, 44, 52, 54, 56, 65, 73, 76, 80, 81, 89 ] ), rec(
          DistVect := [ 0, 1, 1, 2, 1, 2, 2, 1, 1, 1, 2, 1, 2, 1, 1, 2, 1, 
              2, 1, 3, 1, 2, 1, 2, 1, 2, 2, 2, 2 ],
          eAdj := [ 4, 5, 6, 8, 11, 13, 14, 15, 16, 22, 24, 25, 27, 28, 29, 
              31, 33, 35, 36, 37, 38, 50, 59, 60, 61, 62, 66, 77, 78, 84 ] ),
      rec(
          DistVect := [ 0, 2, 2, 2, 1, 2, 2, 1, 1, 1, 2, 1, 2, 1, 1, 2, 1, 
              2, 1, 2, 1, 2, 1, 2, 1, 1, 2, 2, 2 ],
          eAdj := [ 4, 15, 16, 18, 19, 21, 22, 23, 24, 25, 26, 27, 28, 30, 
              32, 34, 38, 39, 40, 41, 44, 52, 54, 56, 64, 65, 73, 76, 80, 81 
             ] ), rec(
          DistVect := [ 0, 2, 1, 2, 1, 2, 2, 1, 2, 1, 2, 1, 2, 1, 2, 2, 1, 
              2, 2, 2, 1, 2, 1, 2, 1, 1, 2, 2, 2 ],
          eAdj := [ 4, 8, 9, 14, 15, 16, 18, 21, 23, 24, 25, 27, 28, 29, 30, 
              32, 35, 37, 38, 39, 41, 54, 59, 61, 62, 64, 65, 77, 78, 83 ] ),
      rec(
          DistVect := [ 0, 2, 1, 2, 1, 2, 1, 1, 2, 1, 1, 1, 2, 1, 2, 2, 1, 
              1, 2, 1, 1, 2, 1, 2, 2, 0, 2, 2, 2 ],
          eAdj := [ 1, 4, 8, 9, 14, 15, 18, 19, 20, 21, 23, 24, 25, 27, 30, 
              34, 39, 41, 49, 52, 53, 56, 64, 70, 76, 80, 81, 89 ] ), rec(
          DistVect := [ 0, 2, 1, 2, 1, 2, 1, 1, 2, 1, 2, 2, 2, 1, 2, 2, 1, 
              1, 2, 2, 2, 2, 1, 2, 1, 1, 1, 3, 2 ],
          eAdj := [ 1, 2, 4, 8, 9, 14, 15, 18, 21, 22, 23, 24, 25, 27, 30, 
              34, 39, 41, 49, 52, 53, 56, 65, 70, 76, 80, 81, 89 ] ), rec(
          DistVect := [ 0, 2, 2, 2, 1, 2, 2, 1, 1, 1, 1, 1, 1, 1, 1, 1, 1, 
              1, 1, 1, 1, 1, 1, 2, 1, 0, 2, 2, 1 ],
          eAdj := [ 4, 10, 15, 16, 18, 19, 20, 21, 22, 23, 24, 25, 26, 32, 
              34, 38, 40, 41, 44, 52, 54, 56, 64, 73, 76, 80, 81, 89 ] ), 
      rec(
          DistVect := [ 0, 2, 1, 2, 1, 2, 2, 1, 2, 1, 2, 2, 1, 1, 2, 2, 1, 
              2, 2, 2, 2, 1, 1, 2, 1, 1, 2, 3, 1 ],
          eAdj := [ 2, 4, 8, 9, 10, 14, 15, 16, 21, 22, 23, 24, 25, 27, 30, 
              32, 35, 38, 39, 41, 54, 59, 61, 64, 65, 76, 77, 83 ] ), rec(
          DistVect := [ 0, 1, 1, 1, 1, 1, 1, 1, 1, 1, 2, 1, 2, 1, 1, 2, 1, 
              2, 1, 2, 1, 2, 1, 2, 1, 1, 2, 2, 2 ],
          eAdj := [ 1, 2, 4, 11, 13, 14, 15, 18, 19, 22, 23, 24, 27, 28, 30, 
              32, 34, 38, 39, 49, 51, 52, 53, 54, 56, 62, 64, 65, 76, 81 ] ),
      rec(
          DistVect := [ 0, 1, 2, 2, 1, 2, 1, 1, 1, 1, 2, 1, 2, 1, 1, 2, 1, 
              2, 1, 2, 1, 2, 1, 2, 1, 1, 2, 2, 2 ],
          eAdj := [ 1, 4, 6, 11, 15, 18, 19, 22, 23, 24, 25, 26, 27, 28, 30, 
              32, 34, 38, 39, 40, 51, 52, 53, 54, 56, 64, 65, 72, 76, 80, 81 
             ] ), rec(
          DistVect := [ 0, 1, 1, 1, 1, 1, 2, 1, 1, 1, 2, 0, 2, 2, 1, 2, 1, 
              2, 1, 2, 1, 2, 1, 2, 1, 1, 2, 2, 2 ],
          eAdj := [ 2, 3, 4, 6, 11, 13, 14, 15, 16, 18, 19, 22, 24, 27, 28, 
              30, 31, 32, 33, 34, 37, 38, 56, 59, 60, 61, 62, 64, 77, 78, 83 
             ] ), rec(
          DistVect := [ 0, 1, 1, 2, 1, 2, 1, 1, 1, 1, 2, 1, 2, 1, 2, 2, 1, 
              1, 2, 2, 1, 2, 1, 2, 1, 1, 2, 2, 2 ],
          eAdj := [ 1, 4, 6, 8, 9, 11, 14, 15, 18, 23, 24, 25, 27, 28, 29, 
              32, 34, 35, 37, 38, 53, 54, 56, 59, 61, 62, 64, 65, 77, 78, 83 
             ] ), rec(
          DistVect := [ 0, 1, 1, 1, 1, 1, 2, 1, 1, 1, 2, 1, 2, 1, 1, 2, 1, 
              2, 1, 2, 1, 2, 1, 2, 1, 1, 3, 2, 1 ],
          eAdj := [ 2, 4, 10, 11, 13, 14, 15, 16, 19, 22, 23, 24, 27, 28, 
              30, 32, 33, 34, 35, 36, 38, 39, 59, 60, 61, 62, 64, 77, 78, 83 
             ] ), rec(
          DistVect := [ 0, 1, 2, 2, 1, 2, 2, 1, 1, 1, 2, 1, 2, 1, 1, 2, 1, 
              1, 1, 2, 1, 1, 1, 2, 1, 1, 2, 2, 1 ],
          eAdj := [ 4, 6, 10, 11, 15, 16, 19, 22, 23, 24, 25, 26, 27, 28, 
              30, 33, 34, 35, 36, 38, 39, 40, 56, 59, 60, 61, 64, 65, 77, 
              78, 83 ] ), rec(
          DistVect := [ 0, 2, 1, 1, 1, 2, 1, 1, 1, 1, 2, 1, 2, 1, 1, 2, 1, 
              2, 1, 2, 1, 2, 1, 2, 1, 1, 2, 2, 2 ],
          eAdj := [ 1, 4, 8, 12, 13, 14, 15, 18, 19, 21, 22, 23, 24, 27, 28, 
              29, 30, 32, 34, 38, 39, 49, 52, 54, 56, 61, 62, 64, 65, 76, 83 
             ] ), rec(
          DistVect := [ 0, 1, 1, 1, 2, 2, 2, 1, 1, 1, 2, 1, 2, 1, 1, 2, 1, 
              2, 1, 2, 1, 2, 1, 2, 1, 1, 2, 2, 2 ],
          eAdj := [ 4, 6, 8, 12, 15, 18, 19, 20, 22, 23, 24, 27, 28, 30, 32, 
              34, 38, 39, 52, 54, 56, 59, 60, 61, 62, 64, 65, 76, 78, 83 ] ),
      rec(
          DistVect := [ 0, 1, 1, 1, 2, 2, 1, 1, 1, 1, 2, 1, 2, 1, 1, 2, 1, 
              2, 1, 2, 1, 2, 1, 2, 1, 1, 2, 2, 2 ],
          eAdj := [ 1, 4, 6, 8, 12, 15, 18, 19, 20, 22, 23, 24, 27, 28, 30, 
              32, 34, 38, 39, 49, 51, 52, 53, 54, 56, 62, 64, 65, 76, 80 ] ),
      rec(
          DistVect := [ 0, 2, 1, 1, 1, 2, 2, 1, 1, 1, 2, 1, 1, 1, 1, 2, 1, 
              2, 1, 2, 1, 2, 1, 2, 1, 1, 2, 2, 1 ],
          eAdj := [ 4, 8, 10, 12, 13, 14, 15, 16, 19, 21, 22, 23, 24, 27, 
              28, 29, 30, 32, 33, 35, 36, 39, 57, 59, 60, 61, 62, 77, 78, 
              83, 84 ] ), rec(
          DistVect := [ 0, 2, 1, 2, 1, 2, 2, 1, 2, 1, 1, 1, 1, 1, 2, 2, 1, 
              2, 2, 1, 1, 1, 1, 2, 1, 0, 2, 2, 1 ],
          eAdj := [ 4, 8, 9, 10, 14, 15, 16, 18, 19, 20, 21, 23, 24, 25, 27, 
              30, 32, 35, 38, 39, 41, 54, 59, 61, 64, 65, 76, 78, 83 ] ), 
      rec(
          DistVect := [ 0, 1, 1, 1, 1, 1, 2, 1, 1, 1, 2, 1, 2, 1, 1, 2, 1, 
              2, 1, 2, 1, 2, 1, 2, 1, 1, 2, 2, 2 ],
          eAdj := [ 2, 4, 11, 13, 14, 15, 16, 18, 19, 22, 23, 24, 27, 28, 
              30, 32, 34, 38, 39, 52, 54, 56, 59, 60, 61, 62, 64, 65, 76, 
              77, 83 ] ), rec(
          DistVect := [ 0, 1, 1, 2, 1, 2, 1, 1, 1, 2, 2, 1, 1, 2, 2, 2, 1, 
              1, 2, 1, 1, 2, 1, 2, 2, 0, 2, 2, 2 ],
          eAdj := [ 1, 3, 6, 8, 9, 11, 14, 15, 18, 19, 20, 23, 24, 25, 27, 
              28, 32, 34, 37, 53, 54, 56, 59, 62, 64, 65, 76, 78, 83 ] ), 
      rec(
          DistVect := [ 0, 1, 1, 2, 1, 2, 1, 1, 1, 2, 2, 1, 1, 2, 2, 2, 1, 
              1, 2, 2, 2, 2, 1, 2, 1, 1, 1, 3, 2 ],
          eAdj := [ 1, 2, 3, 4, 6, 8, 9, 11, 14, 15, 18, 22, 24, 25, 27, 28, 
              32, 34, 37, 53, 54, 56, 59, 62, 64, 65, 76, 77, 83 ] ), rec(
          DistVect := [ 0, 1, 1, 2, 1, 2, 2, 1, 1, 2, 2, 1, 2, 2, 2, 2, 1, 
              2, 2, 2, 2, 1, 1, 2, 1, 1, 2, 3, 1 ],
          eAdj := [ 2, 3, 4, 6, 8, 9, 10, 11, 14, 15, 16, 22, 24, 25, 27, 
              28, 33, 35, 37, 38, 50, 60, 61, 62, 66, 77, 78, 83, 84 ] ), 
      rec(
          DistVect := [ 0, 1, 1, 1, 2, 2, 2, 1, 1, 1, 2, 1, 2, 1, 1, 2, 1, 
              2, 1, 2, 1, 2, 1, 2, 0, 1, 2, 2, 1 ],
          eAdj := [ 4, 6, 8, 10, 12, 15, 16, 18, 19, 20, 22, 23, 24, 27, 28, 
              30, 32, 33, 34, 35, 36, 38, 39, 59, 60, 61, 62, 65, 77, 78, 83 
             ] ), rec(
          DistVect := [ 0, 1, 2, 2, 0, 2, 1, 1, 2, 2, 1, 1, 1, 2, 1, 2, 1, 
              2, 1, 2, 1, 2, 1, 2, 1, 1, 2, 2, 2 ],
          eAdj := [ 1, 3, 5, 6, 11, 13, 14, 15, 16, 18, 19, 22, 24, 25, 26, 
              27, 31, 33, 34, 37, 38, 56, 59, 60, 62, 64, 77, 78, 83, 84 ] ),
      rec(
          DistVect := [ 0, 2, 2, 2, 0, 2, 2, 1, 1, 1, 2, 1, 1, 1, 1, 2, 1, 
              1, 1, 2, 1, 1, 1, 2, 2, 1, 2, 2, 1 ],
          eAdj := [ 4, 5, 10, 11, 13, 14, 15, 16, 19, 21, 22, 23, 24, 25, 
              26, 27, 28, 30, 33, 35, 36, 39, 59, 60, 61, 64, 77, 78, 83, 84 
             ] ), rec(
          DistVect := [ 0, 2, 2, 2, 1, 3, 1, 1, 1, 1, 2, 1, 2, 1, 1, 2, 1, 
              2, 1, 2, 1, 2, 1, 2, 1, 1, 2, 2, 2 ],
          eAdj := [ 1, 4, 6, 8, 12, 15, 17, 18, 19, 21, 22, 23, 24, 25, 26, 
              27, 28, 30, 32, 34, 38, 39, 52, 54, 56, 64, 65, 76, 80, 83 ] ),
      rec(
          DistVect := [ 0, 2, 2, 2, 1, 3, 2, 1, 1, 1, 2, 1, 1, 1, 1, 2, 1, 
              1, 1, 2, 1, 1, 1, 2, 1, 1, 1, 2, 1 ],
          eAdj := [ 4, 6, 8, 10, 12, 15, 16, 17, 19, 21, 22, 23, 24, 25, 26, 
              27, 28, 30, 33, 35, 36, 39, 59, 60, 61, 65, 77, 78, 83, 84 ] ),
      rec(
          DistVect := [ 0, 2, 2, 2, 0, 2, 1, 1, 1, 1, 2, 1, 2, 1, 1, 2, 1, 
              2, 1, 2, 1, 2, 1, 2, 1, 1, 2, 2, 2 ],
          eAdj := [ 1, 4, 5, 11, 13, 14, 15, 16, 18, 19, 21, 22, 23, 24, 25, 
              26, 27, 28, 30, 32, 34, 38, 39, 52, 54, 56, 64, 65, 76, 81, 83 
             ] ), rec(
          DistVect := [ 0, 1, 1, 1, 1, 0, 1, 1, 0, 0, 0, 1, 0, 0, 0, 0, 1, 
              0, 0, 0, 1, 0, 0, 1, 0, 0, 1, 1, 0 ],
          eAdj := [ 2, 4, 10, 15, 16, 18, 19, 20, 21, 22, 23, 24, 25, 26, 
              32, 34, 38, 40, 41, 44, 49, 51, 52, 53, 54, 56, 68, 70, 72, 
              73, 80, 81, 85, 87, 89, 91 ] ), rec(
          DistVect := [ 0, 1, 0, 1, 1, 0, 0, 1, 1, 0, 0, 1, 1, 0, 1, 1, 0, 
              0, 1, 0, 1, 1, 0, 1, 1, 0, 0, 1, 1 ],
          eAdj := [ 1, 2, 4, 8, 9, 14, 15, 18, 19, 20, 21, 22, 23, 24, 25, 
              27, 30, 34, 39, 40, 41, 44, 49, 51, 52, 53, 56, 68, 70, 72, 
              73, 80, 81, 85, 87, 89, 91 ] ), rec(
          DistVect := [ 0, 1, 1, 0, 1, 0, 1, 1, 0, 1, 0, 1, 0, 0, 1, 0, 1, 
              0, 0, 1, 0, 1, 1, 1, 0, 0, 1, 1, 0 ],
          eAdj := [ 2, 4, 7, 10, 12, 13, 15, 16, 18, 19, 20, 21, 22, 23, 24, 
              26, 27, 28, 32, 34, 36, 38, 39, 40, 41, 44, 49, 51, 52, 54, 
              56, 60, 61, 64, 65, 68, 73, 76, 80, 81, 89 ] ), rec(
          DistVect := [ 0, 0, 0, 1, 1, 0, 0, 1, 0, 1, 1, 0, 0, 1, 1, 1, 0, 
              0, 1, 0, 1, 1, 0, 1, 1, 0, 0, 1, 1 ],
          eAdj := [ 1, 2, 3, 4, 6, 8, 9, 11, 14, 15, 18, 19, 20, 22, 23, 24, 
              25, 27, 28, 30, 32, 34, 37, 39, 40, 41, 49, 51, 52, 53, 54, 
              56, 59, 62, 64, 65, 70, 72, 76, 80, 81, 89 ] ), rec(
          DistVect := [ 0, 1, 1, 1, 0, 0, 1, 1, 0, 0, 1, 1, 0, 0, 0, 1, 1, 
              0, 0, 1, 1, 0, 0, 0, 1, 1, 1, 1, 0 ],
          eAdj := [ 2, 4, 5, 10, 11, 13, 14, 15, 16, 19, 21, 22, 23, 24, 25, 
              26, 27, 28, 30, 32, 33, 34, 35, 36, 38, 39, 40, 41, 44, 52, 
              54, 56, 59, 60, 61, 64, 65, 73, 76, 77, 81, 83 ] ), rec(
          DistVect := [ 0, 0, 1, 1, 0, 0, 1, 1, 1, 1, 0, 0, 1, 1, 0, 1, 1, 
              0, 0, 1, 1, 0, 0, 0, 1, 1, 1, 1, 0 ],
          eAdj := [ 2, 3, 4, 5, 6, 10, 11, 13, 14, 15, 16, 19, 22, 24, 25, 
              26, 27, 28, 30, 31, 33, 34, 35, 36, 37, 38, 39, 40, 47, 50, 
              55, 56, 59, 60, 61, 62, 64, 66, 77, 78, 83, 84 ] ), rec(
          DistVect := [ 0, 0, 0, 1, 0, 0, 1, 1, 0, 1, 0, 0, 1, 1, 1, 0, 0, 
              1, 1, 1, 1, 0, 0, 0, 1, 1, 1, 1, 0 ],
          eAdj := [ 2, 3, 4, 5, 6, 8, 9, 10, 11, 13, 14, 15, 16, 22, 24, 25, 
              27, 28, 29, 31, 33, 35, 36, 37, 38, 42, 45, 47, 48, 50, 55, 
              57, 60, 61, 62, 63, 66, 67, 75, 78, 79, 84 ] ), rec(
          DistVect := [ 0, 1, 1, 1, 1, 1, 0, 1, 0, 0, 0, 0, 1, 0, 0, 0, 0, 
              1, 0, 0, 0, 1, 0, 0, 1, 0, 1, 0, 1 ],
          eAdj := [ 1, 4, 6, 8, 12, 15, 17, 18, 19, 20, 21, 22, 23, 24, 25, 
              26, 27, 28, 30, 32, 34, 38, 39, 40, 41, 44, 49, 51, 52, 53, 
              54, 56, 64, 68, 70, 72, 73, 76, 80, 81, 85, 89 ] ), rec(
          DistVect := [ 0, 1, 1, 1, 0, 0, 0, 1, 0, 0, 1, 1, 1, 0, 0, 1, 1, 
              1, 0, 1, 1, 1, 0, 0, 0, 1, 0, 1, 1 ],
          eAdj := [ 1, 2, 4, 5, 11, 13, 14, 15, 16, 18, 19, 21, 22, 23, 24, 
              25, 26, 27, 28, 30, 32, 34, 38, 39, 40, 41, 44, 49, 51, 52, 
              53, 54, 56, 65, 68, 70, 72, 73, 76, 80, 81, 87, 89 ] ), rec(
          DistVect := [ 0, 0, 1, 1, 0, 0, 0, 1, 1, 1, 0, 0, 0, 1, 0, 1, 1, 
              1, 0, 1, 1, 1, 0, 0, 0, 1, 0, 1, 1 ],
          eAdj := [ 1, 2, 3, 4, 5, 6, 11, 13, 14, 15, 16, 18, 19, 22, 24, 
              25, 26, 27, 28, 30, 31, 32, 33, 34, 37, 38, 39, 40, 51, 52, 
              53, 54, 56, 59, 60, 62, 64, 65, 72, 76, 77, 81, 83 ] ), rec(
          DistVect := [ 0, 0, 0, 1, 0, 0, 0, 1, 0, 1, 0, 0, 0, 1, 1, 0, 0, 
              0, 1, 1, 1, 1, 0, 0, 0, 1, 0, 1, 1 ],
          eAdj := [ 1, 2, 3, 4, 5, 6, 8, 9, 11, 13, 14, 15, 16, 18, 22, 24, 
              25, 27, 28, 29, 31, 32, 33, 34, 35, 37, 38, 42, 45, 50, 53, 
              54, 56, 59, 60, 61, 62, 64, 66, 77, 78, 83, 84 ] ), rec(
          DistVect := [ 0, 1, 1, 1, 1, 1, 1, 1, 0, 0, 0, 0, 0, 0, 0, 0, 0, 
              0, 0, 0, 0, 0, 0, 0, 0, 0, 0, 0, 0 ],
          eAdj := [ 4, 6, 8, 10, 12, 15, 16, 17, 18, 19, 20, 21, 22, 23, 24, 
              25, 26, 27, 28, 30, 32, 33, 34, 35, 36, 38, 39, 40, 41, 44, 
              52, 54, 56, 59, 60, 61, 64, 65, 73, 76, 78, 80, 83 ] ), rec(
          DistVect := [ 0, 0, 0, 1, 1, 0, 1, 1, 0, 1, 1, 0, 1, 1, 1, 1, 0, 
              1, 1, 0, 1, 0, 0, 1, 0, 0, 1, 1, 0 ],
          eAdj := [ 2, 3, 4, 6, 8, 9, 10, 11, 14, 15, 16, 18, 19, 20, 22, 
              23, 24, 25, 27, 28, 30, 32, 33, 34, 35, 37, 38, 39, 40, 41, 
              50, 53, 54, 56, 59, 60, 61, 62, 64, 65, 76, 77, 78, 83 ] ), 
      rec(
          DistVect := [ 0, 0, 0, 0, 1, 0, 0, 1, 0, 0, 1, 0, 0, 1, 0, 1, 0, 
              0, 1, 1, 0, 0, 1, 1, 1, 0, 0, 1, 1 ],
          eAdj := [ 1, 2, 3, 4, 6, 7, 8, 9, 11, 12, 13, 14, 15, 18, 19, 20, 
              22, 23, 24, 27, 28, 29, 30, 31, 32, 34, 37, 38, 42, 49, 51, 
              52, 53, 54, 56, 59, 60, 61, 62, 64, 65, 76, 77, 78, 83 ] ), 
      rec(
          DistVect := [ 0, 1, 1, 1, 0, 1, 0, 1, 0, 0, 1, 0, 1, 0, 0, 1, 0, 
              1, 0, 1, 0, 1, 0, 1, 0, 1, 1, 0, 1 ],
          eAdj := [ 1, 4, 5, 6, 8, 11, 12, 13, 14, 15, 16, 17, 18, 19, 21, 
              22, 23, 24, 25, 26, 27, 28, 29, 30, 31, 32, 33, 34, 35, 36, 
              37, 38, 39, 52, 54, 56, 59, 60, 61, 62, 64, 65, 77, 78, 83, 84 
             ] ), rec(
          DistVect := [ 0, 0, 0, 0, 1, 0, 1, 0, 0, 0, 1, 0, 1, 0, 0, 1, 0, 
              1, 0, 1, 0, 1, 0, 1, 0, 1, 1, 0, 1 ],
          eAdj := [ 1, 2, 3, 4, 5, 6, 7, 8, 9, 10, 11, 12, 13, 14, 15, 16, 
              17, 18, 19, 20, 21, 22, 23, 24, 25, 26, 27, 28, 29, 30, 31, 
              32, 33, 34, 35, 36, 37, 38, 39, 40, 41, 42, 43, 44, 45, 46, 
              47, 48, 49, 50, 51, 52, 53, 54, 55, 56, 57, 58, 59, 60, 61, 
              62, 63, 64, 65, 66, 67, 68, 69, 70, 71, 72, 73, 74, 77, 78, 
              79, 80, 81, 82, 85, 86, 87, 88 ] ), rec(
          DistVect := [ 0, 0, 0, 0, 0, 0, 1, 0, 0, 0, 0, 0, 1, 0, 0, 0, 0, 
              1, 0, 0, 0, 1, 0, 0, 1, 0, 1, 0, 1 ],
          eAdj := [ 1, 2, 3, 4, 5, 6, 7, 8, 9, 10, 11, 12, 13, 14, 15, 16, 
              17, 18, 19, 20, 21, 22, 23, 24, 25, 26, 27, 28, 29, 30, 31, 
              32, 33, 34, 35, 36, 37, 38, 39, 40, 41, 42, 43, 44, 45, 46, 
              47, 48, 49, 50, 51, 52, 53, 54, 55, 56, 57, 58, 59, 60, 61, 
              62, 63, 64, 67, 68, 69, 70, 71, 72, 73, 74, 75, 76, 78, 81, 
              82, 83, 84, 87, 88, 89, 90, 91, 92 ] ), rec(
          DistVect := [ 0, 0, 0, 0, 1, 1, 1, 0, 0, 0, 1, 1, 1, 0, 0, 1, 1, 
              1, 0, 1, 1, 1, 0, 0, 0, 1, 0, 1, 1 ],
          eAdj := [ 1, 2, 3, 4, 5, 6, 7, 8, 9, 10, 11, 12, 13, 14, 15, 16, 
              17, 18, 19, 20, 21, 22, 23, 24, 25, 26, 27, 28, 29, 30, 31, 
              32, 33, 34, 35, 36, 37, 38, 39, 40, 41, 42, 43, 44, 45, 46, 
              47, 48, 49, 50, 51, 52, 53, 54, 55, 56, 57, 58, 59, 60, 61, 
              62, 65, 66, 67, 68, 69, 70, 71, 72, 73, 74, 75, 76, 77, 79, 
              80, 83, 84, 85, 86, 89, 90, 91, 92 ] ), rec(
          DistVect := [ 0, 1, 1, 1, 0, 1, 1, 0, 0, 0, 1, 0, 0, 1, 0, 1, 0, 
              0, 1, 1, 0, 0, 1, 1, 1, 0, 0, 1, 1 ],
          eAdj := [ 1, 2, 3, 4, 5, 6, 7, 8, 9, 10, 11, 12, 13, 14, 15, 16, 
              17, 18, 19, 20, 21, 22, 23, 24, 25, 26, 27, 28, 29, 30, 31, 
              32, 33, 34, 35, 36, 37, 38, 40, 41, 43, 44, 45, 46, 47, 48, 
              49, 50, 51, 52, 53, 54, 55, 56, 57, 58, 59, 60, 61, 63, 64, 
              65, 66, 67, 68, 69, 70, 71, 72, 75, 76, 77, 78, 79, 80, 81, 
              82, 83, 84, 85, 86, 87, 88, 89, 90, 91, 92 ] ), rec(
          DistVect := [ 0, 5, 5, 3, 5, 5, 9, 3, 4, 4, 8, 4, 8, 4, 4, 8, 4, 
              8, 4, 8, 4, 8, 4, 8, 4, 4, 8, 8, 8 ],
          eAdj := [ 2, 4, 13, 15, 16, 18, 19, 22, 23, 24, 27, 28, 30, 32, 
              34, 38, 39, 44, 52, 54, 56, 60, 61, 64, 65, 76 ] ), rec(
          DistVect := [ 0, 1, 1, 0, 2, 1, 2, 1, 1, 1, 2, 1, 2, 1, 1, 2, 1, 
              2, 1, 2, 1, 2, 1, 2, 1, 1, 2, 2, 2 ],
          eAdj := [ 2, 4, 7, 12, 13, 15, 18, 19, 20, 22, 23, 24, 27, 28, 30, 
              32, 34, 38, 39, 44, 49, 51, 52, 54, 56, 60, 61, 62, 64, 65, 76 
             ] ), rec(
          DistVect := [ 0, 1, 1, 1, 2, 1, 3, 1, 1, 1, 2, 1, 2, 1, 1, 2, 1, 
              2, 1, 2, 1, 2, 1, 2, 1, 1, 2, 2, 2 ],
          eAdj := [ 2, 4, 10, 15, 16, 18, 19, 20, 22, 23, 24, 27, 28, 30, 
              32, 34, 38, 39, 40, 41, 44, 52, 54, 56, 59, 60, 61, 64, 65, 76 
             ] ), rec(
          DistVect := [ 0, 4, 4, 4, 4, 5, 8, 3, 4, 4, 8, 3, 8, 5, 4, 8, 3, 
              8, 5, 8, 5, 8, 3, 7, 4, 5, 7, 8, 9 ],
          eAdj := [ 2, 4, 11, 13, 14, 15, 16, 18, 22, 24, 27, 28, 30, 32, 
              34, 37, 38, 54, 56, 59, 60, 61, 62, 64, 77, 83 ] ), rec(
          DistVect := [ 0, 1, 1, 1, 1, 1, 2, 1, 1, 1, 2, 1, 2, 1, 1, 2, 1, 
              2, 1, 2, 2, 2, 0, 1, 1, 2, 2, 2, 2 ],
          eAdj := [ 2, 4, 5, 11, 13, 14, 15, 16, 22, 24, 25, 27, 28, 30, 32, 
              33, 34, 35, 37, 38, 39, 54, 56, 59, 60, 61, 62, 64, 77, 83 ] ),
      rec(
          DistVect := [ 0, 1, 1, 1, 1, 1, 2, 1, 1, 1, 2, 1, 2, 1, 1, 2, 1, 
              2, 1, 2, 1, 2, 1, 1, 1, 2, 1, 2, 3 ],
          eAdj := [ 1, 2, 4, 5, 11, 13, 14, 16, 18, 22, 24, 27, 28, 29, 30, 
              31, 32, 34, 37, 38, 52, 54, 56, 59, 60, 61, 62, 64, 77, 83 ] ),
      rec(
          DistVect := [ 0, 5, 5, 3, 5, 7, 7, 3, 4, 4, 8, 4, 8, 4, 4, 8, 4, 
              8, 4, 8, 4, 8, 4, 8, 4, 4, 8, 8, 8 ],
          eAdj := [ 4, 12, 13, 15, 18, 19, 22, 23, 24, 27, 28, 30, 32, 34, 
              38, 39, 52, 54, 56, 60, 61, 62, 64, 65, 76, 83 ] ), rec(
          DistVect := [ 0, 1, 1, 1, 2, 2, 2, 1, 1, 1, 2, 1, 2, 1, 1, 2, 1, 
              2, 1, 1, 1, 2, 0, 1, 1, 1, 2, 1, 2 ],
          eAdj := [ 6, 8, 12, 15, 17, 18, 19, 20, 23, 24, 25, 27, 28, 30, 
              32, 33, 34, 35, 37, 38, 39, 54, 56, 59, 60, 61, 62, 65, 78, 83 
             ] ), rec(
          DistVect := [ 0, 1, 1, 1, 2, 2, 2, 1, 1, 1, 2, 1, 2, 1, 1, 2, 1, 
              2, 1, 2, 1, 2, 1, 1, 2, 1, 2, 1, 3 ],
          eAdj := [ 1, 6, 8, 12, 15, 17, 18, 19, 20, 23, 27, 28, 29, 30, 31, 
              32, 34, 37, 38, 52, 54, 56, 59, 60, 61, 62, 65, 78, 83 ] ), 
      rec(
          DistVect := [ 0, 1, 1, 1, 2, 1, 2, 1, 1, 1, 2, 1, 2, 1, 1, 2, 1, 
              2, 1, 1, 2, 2, 0, 2, 1, 1, 2, 2, 2 ],
          eAdj := [ 2, 4, 15, 18, 19, 20, 22, 23, 24, 25, 30, 32, 34, 39, 
              40, 41, 44, 49, 51, 52, 53, 54, 56, 70, 72, 73, 80, 81, 89 ] ),
      rec(
          DistVect := [ 0, 1, 1, 1, 2, 1, 2, 1, 1, 1, 2, 1, 2, 1, 1, 2, 1, 
              2, 1, 2, 1, 2, 1, 2, 2, 1, 1, 2, 3 ],
          eAdj := [ 1, 2, 4, 15, 18, 19, 20, 22, 23, 24, 27, 28, 30, 39, 40, 
              41, 44, 49, 51, 52, 53, 54, 56, 68, 70, 72, 80, 81, 89 ] ), 
      rec(
          DistVect := [ 0, 5, 3, 3, 5, 5, 7, 3, 4, 4, 8, 4, 8, 4, 4, 8, 4, 
              8, 4, 8, 4, 8, 4, 8, 4, 4, 8, 8, 8 ],
          eAdj := [ 2, 4, 13, 14, 15, 18, 19, 22, 23, 24, 27, 28, 30, 32, 
              34, 38, 39, 49, 52, 54, 56, 61, 62, 64, 65, 76 ] ), rec(
          DistVect := [ 0, 7, 5, 3, 5, 7, 7, 3, 4, 4, 8, 4, 8, 4, 4, 8, 4, 
              8, 4, 8, 4, 8, 4, 8, 4, 4, 8, 8, 8 ],
          eAdj := [ 4, 12, 13, 15, 18, 19, 21, 22, 23, 24, 27, 28, 30, 32, 
              34, 38, 39, 44, 49, 52, 54, 56, 61, 64, 65, 76 ] ), rec(
          DistVect := [ 0, 5, 3, 3, 7, 7, 7, 3, 4, 4, 8, 4, 8, 4, 4, 8, 4, 
              8, 4, 8, 4, 8, 4, 8, 4, 4, 8, 8, 8 ],
          eAdj := [ 4, 8, 12, 15, 18, 19, 20, 22, 23, 24, 27, 28, 30, 32, 
              34, 38, 39, 49, 52, 54, 56, 61, 62, 64, 65, 76 ] ), rec(
          DistVect := [ 0, 5, 3, 5, 5, 7, 5, 3, 4, 4, 8, 4, 8, 4, 4, 8, 4, 
              8, 4, 8, 4, 8, 4, 8, 4, 4, 8, 8, 8 ],
          eAdj := [ 1, 4, 8, 14, 15, 18, 19, 22, 23, 24, 27, 28, 30, 32, 34, 
              38, 39, 49, 52, 53, 54, 56, 62, 64, 65, 76 ] ), rec(
          DistVect := [ 0, 4, 4, 4, 4, 5, 8, 3, 4, 4, 8, 3, 8, 5, 4, 8, 5, 
              8, 3, 8, 5, 8, 3, 7, 4, 5, 9, 8, 7 ],
          eAdj := [ 2, 4, 11, 13, 14, 15, 16, 19, 22, 24, 27, 28, 30, 32, 
              33, 34, 38, 39, 56, 59, 60, 61, 62, 64, 77, 83 ] ), rec(
          DistVect := [ 0, 5, 3, 5, 5, 7, 8, 3, 4, 4, 8, 4, 7, 4, 4, 8, 4, 
              9, 4, 8, 4, 7, 4, 8, 3, 4, 9, 8, 5 ],
          eAdj := [ 4, 8, 10, 14, 15, 16, 19, 22, 23, 24, 27, 28, 30, 32, 
              33, 35, 36, 38, 39, 59, 60, 61, 62, 77, 78, 83 ] ), rec(
          DistVect := [ 0, 4, 4, 4, 7, 8, 8, 3, 4, 4, 9, 4, 8, 5, 4, 7, 4, 
              8, 3, 7, 4, 8, 3, 7, 3, 4, 8, 7, 7 ],
          eAdj := [ 6, 8, 12, 15, 18, 19, 20, 22, 23, 24, 27, 28, 30, 32, 
              33, 34, 38, 39, 56, 59, 60, 61, 62, 65, 78, 83 ] ), rec(
          DistVect := [ 0, 4, 5, 3, 5, 7, 7, 3, 5, 3, 9, 3, 7, 7, 4, 8, 4, 
              8, 4, 8, 4, 8, 4, 8, 4, 4, 8, 8, 8 ],
          eAdj := [ 3, 6, 11, 12, 13, 15, 18, 19, 22, 24, 27, 30, 31, 32, 
              33, 34, 37, 38, 56, 59, 60, 61, 62, 77, 78, 83 ] ), rec(
          DistVect := [ 0, 3, 5, 5, 7, 7, 7, 3, 4, 4, 8, 4, 8, 4, 4, 8, 4, 
              8, 4, 8, 4, 8, 4, 8, 4, 4, 8, 8, 8 ],
          eAdj := [ 4, 6, 15, 18, 19, 20, 22, 23, 24, 27, 28, 30, 32, 34, 
              38, 39, 40, 51, 52, 53, 54, 56, 64, 65, 76, 80 ] ), rec(
          DistVect := [ 0, 1, 1, 1, 2, 1, 2, 1, 1, 1, 2, 1, 2, 1, 1, 2, 1, 
              2, 1, 2, 1, 2, 1, 2, 1, 1, 2, 2, 2 ],
          eAdj := [ 2, 4, 15, 18, 19, 20, 22, 23, 24, 27, 28, 30, 32, 34, 
              38, 39, 40, 41, 44, 49, 51, 52, 53, 54, 56, 64, 65, 76, 80, 
              81, 89 ] ), rec(
          DistVect := [ 0, 4, 4, 4, 7, 8, 8, 3, 4, 4, 7, 4, 8, 3, 4, 9, 4, 
              8, 5, 7, 4, 8, 3, 5, 5, 4, 8, 5, 9 ],
          eAdj := [ 6, 8, 12, 15, 17, 18, 19, 20, 23, 27, 28, 29, 30, 32, 
              34, 35, 37, 38, 54, 59, 60, 61, 62, 65, 78, 83 ] ), rec(
          DistVect := [ 0, 1, 1, 1, 2, 2, 2, 1, 1, 1, 2, 1, 2, 1, 1, 2, 1, 
              2, 1, 2, 1, 2, 1, 1, 1, 1, 2, 1, 2 ],
          eAdj := [ 6, 8, 12, 15, 17, 18, 19, 20, 23, 27, 28, 29, 30, 31, 
              32, 33, 34, 35, 36, 37, 38, 59, 60, 61, 62, 63, 65, 77, 78, 
              83, 84 ] ), rec(
          DistVect := [ 0, 4, 4, 4, 7, 5, 8, 3, 4, 4, 7, 5, 8, 3, 4, 9, 3, 
              8, 5, 7, 5, 8, 3, 8, 5, 4, 7, 8, 9 ],
          eAdj := [ 2, 4, 15, 18, 19, 20, 22, 23, 24, 27, 30, 34, 39, 40, 
              41, 44, 49, 51, 52, 53, 54, 56, 70, 80, 81, 89 ] ), rec(
          DistVect := [ 0, 4, 4, 4, 7, 5, 8, 3, 4, 4, 7, 5, 8, 3, 4, 7, 5, 
              8, 3, 7, 5, 8, 3, 8, 3, 4, 9, 8, 7 ],
          eAdj := [ 2, 4, 15, 18, 19, 20, 22, 23, 24, 32, 34, 38, 39, 40, 
              41, 44, 49, 51, 52, 53, 54, 56, 73, 80, 81, 89 ] ), rec(
          DistVect := [ 0, 3, 5, 5, 5, 5, 7, 3, 4, 4, 8, 4, 8, 4, 4, 8, 4, 
              8, 4, 8, 4, 8, 4, 8, 4, 4, 8, 8, 8 ],
          eAdj := [ 2, 4, 11, 15, 18, 19, 22, 23, 24, 27, 28, 30, 32, 34, 
              38, 39, 40, 51, 52, 53, 54, 56, 64, 65, 76, 81 ] ), rec(
          DistVect := [ 0, 3, 5, 5, 4, 7, 7, 3, 4, 4, 7, 4, 8, 4, 4, 9, 4, 
              8, 4, 9, 4, 8, 4, 7, 3, 7, 8, 8, 8 ],
          eAdj := [ 4, 5, 6, 11, 13, 14, 16, 22, 24, 27, 29, 31, 33, 34, 35, 
              36, 37, 38, 59, 60, 61, 62, 66, 77, 78, 84 ] ), rec(
          DistVect := [ 0, 3, 5, 3, 7, 5, 9, 3, 4, 4, 8, 4, 8, 4, 4, 8, 4, 
              8, 4, 8, 4, 8, 4, 8, 4, 4, 8, 8, 8 ],
          eAdj := [ 2, 4, 15, 18, 19, 20, 22, 23, 24, 27, 28, 30, 32, 34, 
              38, 39, 40, 44, 51, 52, 54, 56, 60, 64, 65, 76 ] ), rec(
          DistVect := [ 0, 4, 4, 4, 4, 5, 8, 3, 4, 4, 8, 5, 8, 3, 4, 8, 3, 
              8, 5, 8, 5, 8, 3, 5, 4, 7, 7, 8, 9 ],
          eAdj := [ 2, 4, 5, 11, 13, 14, 16, 22, 24, 27, 28, 29, 30, 32, 34, 
              35, 37, 38, 54, 59, 60, 61, 62, 64, 77, 83 ] ), rec(
          DistVect := [ 0, 4, 4, 4, 4, 5, 8, 3, 4, 4, 8, 5, 8, 3, 4, 8, 5, 
              8, 3, 8, 5, 8, 3, 5, 4, 7, 9, 8, 7 ],
          eAdj := [ 2, 4, 5, 11, 13, 14, 16, 22, 24, 27, 28, 30, 32, 33, 34, 
              35, 36, 38, 39, 59, 60, 61, 62, 64, 77, 83 ] ), rec(
          DistVect := [ 0, 4, 4, 4, 7, 8, 8, 3, 4, 4, 7, 4, 8, 3, 4, 7, 4, 
              8, 3, 7, 4, 8, 3, 5, 3, 4, 8, 5, 7 ],
          eAdj := [ 6, 8, 12, 15, 17, 18, 19, 20, 23, 27, 28, 30, 32, 33, 
              34, 35, 36, 38, 39, 59, 60, 61, 62, 65, 78, 83 ] ), rec(
          DistVect := [ 0, 5, 7, 5, 5, 7, 7, 3, 4, 4, 8, 4, 8, 4, 4, 8, 4, 
              8, 4, 8, 4, 8, 4, 8, 4, 4, 8, 8, 8 ],
          eAdj := [ 4, 15, 18, 19, 22, 23, 24, 26, 27, 28, 30, 32, 34, 38, 
              39, 40, 44, 51, 52, 54, 56, 64, 65, 76, 80, 81 ] ), rec(
          DistVect := [ 0, 5, 4, 5, 5, 7, 7, 3, 5, 4, 8, 4, 8, 4, 5, 9, 3, 
              7, 7, 8, 4, 8, 4, 8, 4, 4, 8, 8, 8 ],
          eAdj := [ 4, 8, 9, 14, 15, 18, 23, 24, 27, 28, 29, 30, 32, 34, 35, 
              37, 38, 54, 59, 61, 62, 64, 65, 77, 78, 83 ] ), rec(
          DistVect := [ 0, 4, 4, 4, 4, 5, 8, 3, 4, 4, 8, 5, 8, 3, 4, 8, 3, 
              8, 5, 8, 3, 8, 5, 7, 4, 5, 9, 8, 7 ],
          eAdj := [ 2, 4, 11, 13, 14, 16, 22, 23, 24, 27, 28, 29, 30, 32, 
              34, 35, 36, 38, 59, 60, 61, 62, 64, 77, 78, 83 ] ), rec(
          DistVect := [ 0, 3, 3, 3, 7, 5, 7, 3, 4, 4, 8, 4, 8, 4, 4, 8, 4, 
              8, 4, 8, 4, 8, 4, 8, 4, 4, 8, 8, 8 ],
          eAdj := [ 2, 4, 15, 18, 19, 20, 22, 23, 24, 27, 28, 30, 32, 34, 
              38, 39, 49, 51, 52, 53, 54, 56, 62, 64, 65, 76 ] ), rec(
          DistVect := [ 0, 5, 5, 5, 5, 7, 5, 3, 4, 4, 8, 4, 8, 4, 4, 8, 4, 
              8, 4, 8, 4, 8, 4, 8, 4, 4, 8, 8, 8 ],
          eAdj := [ 1, 4, 15, 18, 19, 22, 23, 24, 27, 28, 30, 32, 34, 38, 
              39, 49, 51, 52, 53, 54, 56, 64, 65, 76, 80, 81 ] ), rec(
          DistVect := [ 0, 5, 5, 5, 5, 7, 8, 3, 4, 4, 8, 4, 7, 4, 4, 8, 4, 
              7, 4, 8, 4, 7, 4, 8, 3, 4, 9, 8, 5 ],
          eAdj := [ 4, 10, 15, 16, 19, 22, 23, 24, 27, 28, 30, 32, 33, 34, 
              35, 36, 38, 39, 59, 60, 61, 64, 65, 77, 78, 83 ] ), rec(
          DistVect := [ 0, 5, 5, 5, 5, 5, 9, 3, 4, 4, 8, 4, 8, 4, 4, 8, 4, 
              8, 4, 8, 4, 8, 4, 8, 4, 4, 8, 8, 8 ],
          eAdj := [ 2, 4, 15, 16, 18, 19, 22, 23, 24, 27, 28, 30, 32, 34, 
              38, 39, 40, 41, 44, 52, 54, 56, 64, 65, 76, 81 ] ), rec(
          DistVect := [ 0, 4, 4, 4, 4, 5, 8, 3, 4, 4, 8, 3, 8, 5, 4, 8, 3, 
              8, 5, 8, 3, 8, 5, 7, 4, 5, 7, 8, 9 ],
          eAdj := [ 2, 4, 11, 13, 14, 16, 18, 22, 24, 27, 28, 29, 30, 31, 
              32, 34, 37, 38, 59, 60, 61, 62, 64, 77, 78, 83 ] ), rec(
          DistVect := [ 0, 4, 4, 4, 7, 8, 8, 3, 4, 4, 7, 4, 8, 3, 4, 7, 4, 
              8, 3, 7, 4, 8, 3, 5, 5, 4, 8, 5, 9 ],
          eAdj := [ 6, 8, 12, 15, 17, 18, 19, 20, 23, 27, 28, 30, 32, 34, 
              38, 39, 52, 54, 56, 59, 60, 61, 62, 65, 78, 83 ] ), rec(
          DistVect := [ 0, 4, 4, 4, 7, 5, 8, 3, 4, 4, 7, 5, 8, 3, 4, 7, 5, 
              8, 3, 7, 5, 8, 3, 8, 5, 4, 7, 8, 9 ],
          eAdj := [ 2, 4, 15, 18, 19, 20, 22, 23, 24, 39, 40, 41, 44, 49, 
              51, 52, 53, 54, 56, 68, 70, 72, 73, 80, 81, 89 ] ), rec(
          DistVect := [ 0, 3, 3, 3, 7, 5, 9, 3, 4, 4, 8, 4, 8, 4, 4, 8, 4, 
              8, 4, 8, 4, 8, 4, 8, 4, 4, 8, 8, 8 ],
          eAdj := [ 2, 4, 15, 18, 19, 20, 22, 23, 24, 27, 28, 30, 32, 34, 
              38, 39, 52, 54, 56, 59, 60, 61, 62, 64, 65, 76 ] ), rec(
          DistVect := [ 0, 4, 4, 4, 4, 5, 8, 3, 4, 4, 8, 5, 8, 3, 4, 8, 5, 
              8, 3, 8, 5, 8, 3, 5, 4, 7, 7, 8, 9 ],
          eAdj := [ 2, 4, 5, 11, 13, 14, 16, 22, 24, 27, 28, 30, 32, 34, 38, 
              39, 52, 54, 56, 59, 60, 61, 62, 64, 77, 83 ] ) ] );
