return rec(
  DistVect := [ 0, 1, 1, 1, 1, 1, 1, 1, 1, 1, 1, 2, 2, 1, 1, 2, 2, 1, 2, 2, 
      2, 1, 2, 1, 2, 0, 1, 1, 2 ],
  ListIncidentIneq := 
   [ [ 0, 0, 0, 0, 0, 0, 0, 0, 0, 0, 0, 0, 0, 0, 0, 0, 0, 0, 0, 0, -1, 1, 0, 
          0, 0, 0, 1, 0, 0 ], 
      [ 0, 0, 0, 0, 0, 0, 1, 1, 0, 0, 0, 0, 0, 0, 0, 0, 0, 0, 0, 0, 0, 0, 0, 
          0, 0, 0, 0, 0, -1 ], 
      [ 0, 0, 0, 0, 0, 0, 0, 0, 0, 0, 0, 0, 0, 0, 0, 0, 0, 0, 0, 0, 0, 0, 0, 
          0, -1, 1, 0, 0, 1 ], 
      [ 0, 0, 0, 0, 0, 0, 0, 0, 0, 0, 0, 0, 0, 0, 0, 0, -1, 1, 0, 0, 0, 0, 
          0, 0, 0, 0, 1, 0, 0 ], 
      [ 0, 1, 0, 0, 0, 0, 1, 0, 0, 0, 0, 0, -1, 0, 0, 0, 0, 0, 0, 0, 0, 0, 
          0, 0, 0, 0, 0, 0, 0 ], 
      [ 0, 0, 0, 1, 0, 0, 0, 1, 0, 0, 0, 0, 0, 0, 0, 0, 0, 0, 0, 0, 0, 0, 
          -1, 0, 0, 0, 0, 0, 0 ], 
      [ 0, 0, 0, 0, 0, 0, 0, 0, 1, 0, 0, 0, 0, 1, 0, 0, 0, 0, -1, 0, 0, 0, 
          0, 0, 0, 0, 0, 0, 0 ], 
      [ 0, 0, 0, 0, 0, 0, 0, 0, 1, 0, 0, 0, -1, 0, 0, 0, 0, 1, 0, 0, 0, 0, 
          0, 0, 0, 0, 0, 0, 0 ], 
      [ 0, 1, 0, 0, 0, 1, 0, 0, 0, 0, 0, -1, 0, 0, 0, 0, 0, 0, 0, 0, 0, 0, 
          0, 0, 0, 0, 0, 0, 0 ], 
      [ 0, 0, 0, 0, 0, 0, 0, 0, 0, 1, 0, 0, 0, 1, 0, 0, 0, 0, 0, 0, 0, 0, 
          -1, 0, 0, 0, 0, 0, 0 ], 
      [ 0, 0, 1, 0, 0, 0, 0, 1, 0, 0, 0, 0, 0, 0, 0, 0, 0, 0, -1, 0, 0, 0, 
          0, 0, 0, 0, 0, 0, 0 ], 
      [ 0, 0, 0, 0, 0, 0, 0, 0, 0, 1, 0, 0, -1, 0, 0, 0, 0, 0, 0, 0, 0, 1, 
          0, 0, 0, 0, 0, 0, 0 ], 
      [ 0, 0, 0, 0, 0, 0, 0, 0, 0, 0, 0, 0, 0, 0, 0, 1, 0, 0, -1, 0, 0, 0, 
          0, 0, 0, 1, 0, 0, 0 ], 
      [ 0, 0, 0, 0, 0, 0, 0, 0, 0, 0, 0, 0, 0, 0, 0, 0, 0, 0, 0, 0, 0, 0, 0, 
          1, -1, 0, 1, 0, 0 ], 
      [ 0, 0, 0, 0, 0, 0, 0, 0, 0, 1, 1, 0, 0, 0, 0, 0, 0, 0, 0, -1, 0, 0, 
          0, 0, 0, 0, 0, 0, 0 ], 
      [ 0, 0, 0, 0, 0, 0, 0, 0, 0, 0, 0, 0, 0, 0, 0, 0, 0, 0, 0, 0, 0, 0, 0, 
          -1, 0, 1, 0, 1, 0 ], 
      [ 0, 0, 0, 0, 0, 0, 0, 0, 0, 0, 1, 0, 0, -1, 0, 0, 0, 0, 0, 0, 0, 0, 
          0, 0, 0, 1, 0, 0, 0 ], 
      [ 0, 0, 0, 0, 0, 0, 0, 0, 0, 0, 0, 0, 0, 0, 0, 0, 0, 0, 0, 1, 0, 0, 
          -1, 0, 0, 1, 0, 0, 0 ], 
      [ 0, 0, 1, 0, 0, 1, 0, 0, 0, 0, 0, 0, 0, 0, 0, 0, -1, 0, 0, 0, 0, 0, 
          0, 0, 0, 0, 0, 0, 0 ], 
      [ 0, 0, 0, 0, 0, 0, 0, 0, 1, 0, 1, 0, 0, 0, 0, -1, 0, 0, 0, 0, 0, 0, 
          0, 0, 0, 0, 0, 0, 0 ], 
      [ 0, 0, 0, 0, 0, 0, 0, 0, 0, 0, 1, -1, 0, 0, 0, 0, 0, 0, 0, 0, 0, 0, 
          0, 1, 0, 0, 0, 0, 0 ], 
      [ 0, 0, 0, 1, 1, 0, 0, 0, 0, 0, 0, 0, 0, 0, 0, 0, 0, 0, 0, -1, 0, 0, 
          0, 0, 0, 0, 0, 0, 0 ], 
      [ 0, 0, 0, 0, 1, 0, 0, -1, 0, 0, 0, 0, 0, 0, 0, 0, 0, 0, 0, 0, 0, 0, 
          0, 0, 0, 1, 0, 0, 0 ], 
      [ 0, 0, 1, 0, 1, 0, 0, 0, 0, 0, 0, 0, 0, 0, 0, -1, 0, 0, 0, 0, 0, 0, 
          0, 0, 0, 0, 0, 0, 0 ], 
      [ 0, 0, 0, 0, 0, 0, 0, 0, 0, 0, 0, 0, 0, 0, 0, 0, 0, 0, 0, 0, 0, 0, 0, 
          0, 0, 0, 1, 1, -1 ], 
      [ 0, 0, 0, 0, 1, 0, 1, 0, 0, 0, 0, 0, 0, 0, 0, 0, 0, 0, 0, 0, 0, 0, 0, 
          0, -1, 0, 0, 0, 0 ], 
      [ 0, 0, 0, 0, 0, 0, 0, 0, 0, 0, 0, 0, 0, 0, 0, 0, 0, 0, 0, -1, 0, 0, 
          1, 0, 0, 1, 0, 0, 0 ], 
      [ 0, 0, 0, 0, 0, 0, 0, 0, 0, 0, 0, 0, 0, 0, 0, 0, 0, 0, 0, 0, 0, 0, 0, 
          0, 1, 1, 0, 0, -1 ], 
      [ 0, 0, 0, 0, 0, 0, 0, 0, 0, 0, 0, -1, 0, 1, 0, 0, 0, 0, 0, 0, 0, 0, 
          0, 0, 0, 0, 0, 1, 0 ], 
      [ 0, 0, 0, 0, 0, 0, 0, 0, 0, 0, 0, 0, 0, 0, 0, -1, 0, 0, 1, 0, 0, 0, 
          0, 0, 0, 1, 0, 0, 0 ], 
      [ 0, 0, 0, 0, 0, 0, 0, 0, 0, 0, 0, 0, 0, 0, 0, 0, 0, 0, 0, 0, 0, 0, 0, 
          1, 0, 1, 0, -1, 0 ], 
      [ 0, 0, 0, 1, 0, 1, 0, 0, 0, 0, 0, 0, 0, 0, 0, 0, 0, 0, 0, 0, -1, 0, 
          0, 0, 0, 0, 0, 0, 0 ], 
      [ 0, 0, 0, 0, -1, 0, 0, 1, 0, 0, 0, 0, 0, 0, 0, 0, 0, 0, 0, 0, 0, 0, 
          0, 0, 0, 1, 0, 0, 0 ], 
      [ 0, 0, 0, 0, 0, 0, 0, 0, 0, 0, -1, 0, 0, 1, 0, 0, 0, 0, 0, 0, 0, 0, 
          0, 0, 0, 1, 0, 0, 0 ], 
      [ 0, 0, 0, 0, 0, 0, 0, 0, 0, 0, 0, 0, 0, 0, 0, 0, 0, 0, 0, -1, -1, 1, 
          1, -1, 1, 1, 1, 1, -1 ], 
      [ 0, 0, 0, 0, 0, 0, 0, 0, 0, 0, 0, 0, 0, 0, 0, -1, -1, 1, 1, 0, 0, 0, 
          0, -1, 1, 1, 1, 1, -1 ], 
      [ 0, 0, 0, 0, 0, 0, 0, 0, 1, 1, 1, 0, -1, 0, -1, -1, 0, 1, 0, -1, 0, 
          1, 0, 0, 1, 0, 0, 0, 0 ], 
      [ 0, 0, 0, 1, 1, 1, 0, -1, 0, 0, 0, 0, 0, 0, 0, 0, 0, 0, 0, -1, -1, 0, 
          1, -1, 0, 1, 0, 1, 0 ], 
      [ 0, 0, 1, 0, 1, 1, 0, -1, 0, 0, 0, 0, 0, 0, 0, -1, -1, 0, 1, 0, 0, 0, 
          0, -1, 0, 1, 0, 1, 0 ], 
      [ 0, 0, 1, 1, 0, 1, -1, 0, 0, 0, 0, 0, 0, 0, -1, 0, -1, 1, 0, 0, -1, 
          1, 0, 0, 0, 0, 1, 0, 0 ], 
      [ 0, 0, 0, 0, 0, 0, 0, 0, 0, 0, 0, 0, 0, 0, 0, 0, 0, 0, 0, 1, -1, 1, 
          -1, 1, -1, 1, 1, -1, 1 ], 
      [ 0, 1, 0, 0, 1, 1, 0, -1, 0, 0, -1, -1, 0, 1, 0, 0, 0, 0, 0, 0, 0, 0, 
          0, -1, 0, 1, 0, 1, 0 ], 
      [ 0, 0, 0, 0, 0, 0, 0, 0, 1, 1, 0, 1, -1, 0, -1, 0, -1, 1, 0, 0, -1, 
          1, 0, 0, 0, 0, 1, 0, 0 ], 
      [ 0, 0, 0, 0, 0, 0, 0, 0, 0, 0, 0, 0, 0, 0, 0, 1, -1, 1, -1, 0, 0, 0, 
          0, 1, -1, 1, 1, -1, 1 ], 
      [ 0, 1, 0, 0, 1, 0, 1, -1, 0, 0, -1, 0, -1, 1, 0, 0, 0, 0, 0, 0, 0, 0, 
          0, 0, -1, 1, 0, 0, 1 ], 
      [ 0, 0, 0, 0, 0, 0, 0, 0, 1, 0, -1, 0, -1, 1, 0, 1, 0, 1, -1, 0, 0, 0, 
          0, 0, -1, 1, 0, 0, 1 ], 
      [ 0, 1, 0, 0, -1, 0, 1, 1, 0, 0, 1, 0, -1, -1, 0, 0, 0, 0, 0, 0, 0, 0, 
          0, 0, 1, 1, 0, 0, -1 ], 
      [ 0, 0, 0, 0, 0, 0, 0, 0, 1, 0, 1, 0, -1, -1, 0, -1, 0, 1, 1, 0, 0, 0, 
          0, 0, 1, 1, 0, 0, -1 ], 
      [ 0, 1, 0, 0, -1, 1, 0, 1, 0, 0, 1, -1, 0, -1, 0, 0, 0, 0, 0, 0, 0, 0, 
          0, 1, 0, 1, 0, -1, 0 ], 
      [ 0, 0, 0, 0, 0, 0, 0, 0, 0, 1, -1, 0, -1, 1, 0, 0, 0, 0, 0, 1, 0, 1, 
          -1, 0, -1, 1, 0, 0, 1 ], 
      [ 0, 0, 0, 0, 0, 0, 0, 0, 1, 1, 0, 0, -1, 1, -1, 0, 0, 1, -1, 0, 0, 1, 
          -1, 0, 0, 0, 0, 0, 1 ], 
      [ 0, -1, 1, 1, 0, 0, 0, 1, 1, 1, 0, 0, 0, 1, -1, 0, 0, 0, -1, 0, 0, 0, 
          -1, 0, 0, 0, 0, 0, 0 ], 
      [ 0, 0, 1, 0, -1, 1, 0, 1, 0, 0, 0, 0, 0, 0, 0, 1, -1, 0, -1, 0, 0, 0, 
          0, 1, 0, 1, 0, -1, 0 ], 
      [ 0, 0, 0, 0, 0, 0, 0, 0, 0, 1, 1, 0, -1, -1, 0, 0, 0, 0, 0, -1, 0, 1, 
          1, 0, 1, 1, 0, 0, -1 ], 
      [ 0, -1, 1, 1, 1, 0, 0, 0, 1, 1, 1, 0, 0, 0, -1, -1, 0, 0, 0, -1, 0, 
          0, 0, 0, 0, 0, 0, 0, 0 ], 
      [ 0, 0, 0, 1, -1, 1, 0, 1, 0, 0, 0, 0, 0, 0, 0, 0, 0, 0, 0, 1, -1, 0, 
          -1, 1, 0, 1, 0, -1, 0 ], 
      [ 0, 0, 0, 0, 0, 0, 0, 0, 1, 1, -1, 0, -1, 2, -1, 1, 0, 1, -2, 1, 0, 
          1, -2, 0, -1, 2, 0, 0, 2 ], 
      [ 0, 0, 0, 0, 0, 0, 0, 0, 1, 1, 2, 0, -1, -1, -1, -2, 0, 1, 1, -2, 0, 
          1, 1, 0, 2, 2, 0, 0, -1 ], 
      [ 0, -1, 1, 1, -1, 0, 0, 2, 1, 1, -1, 0, 0, 2, -1, 1, 0, 0, -2, 1, 0, 
          0, -2, 0, 0, 2, 0, 0, 0 ], 
      [ 0, -1, 1, 1, 2, 0, 0, -1, 1, 1, 2, 0, 0, -1, -1, -2, 0, 0, 1, -2, 0, 
          0, 1, 0, 0, 2, 0, 0, 0 ], 
      [ 0, 0, 1, 1, 1, 1, -1, -1, 0, 0, 0, 0, 0, 0, -1, -1, -1, 1, 1, -1, 
          -1, 1, 1, -1, 1, 1, 1, 1, -1 ], 
      [ 0, 0, 0, 0, 0, 0, 0, 0, 1, 1, 1, 1, -1, -1, -1, -1, -1, 1, 1, -1, 
          -1, 1, 1, -1, 1, 1, 1, 1, -1 ], 
      [ 0, -1, 1, 1, 1, 1, -1, 0, 1, 1, 1, 1, -1, 0, -1, -1, -1, 1, 0, -1, 
          -1, 1, 0, -1, 1, 0, 1, 0, 0 ], 
      [ 0, 0, 1, 1, -1, 1, -1, 1, 0, 0, 0, 0, 0, 0, -1, 1, -1, 1, -1, 1, -1, 
          1, -1, 1, -1, 1, 1, -1, 1 ], 
      [ 0, 0, 0, 0, 0, 0, 0, 0, 1, 1, -1, 1, -1, 1, -1, 1, -1, 1, -1, 1, -1, 
          1, -1, 1, -1, 1, 1, -1, 1 ], 
      [ 0, -1, 1, 1, 0, 1, -1, 1, 1, 1, 0, 1, -1, 1, -1, 0, -1, 1, -1, 0, 
          -1, 1, -1, 0, 0, 0, 1, -1, 1 ], 
      [ 0, 0, 1, 1, 2, 1, -1, -2, 0, 0, 0, 0, 0, 0, -1, -2, -1, 1, 2, -2, 
          -1, 1, 2, -2, 2, 4, 1, 2, -2 ], 
      [ 0, 0, 0, 0, 0, 0, 0, 0, 1, 1, 2, 1, -1, -2, -1, -2, -1, 1, 2, -2, 
          -1, 1, 2, -2, 2, 4, 1, 2, -2 ], 
      [ 0, 0, 0, 0, 0, 0, 0, 0, 1, 1, -2, 1, -1, 2, -1, 2, -1, 1, -2, 2, -1, 
          1, -2, 2, -2, 4, 1, -2, 2 ], 
      [ 0, 0, 1, 1, -2, 1, -1, 2, 0, 0, 0, 0, 0, 0, -1, 2, -1, 1, -2, 2, -1, 
          1, -2, 2, -2, 4, 1, -2, 2 ], 
      [ 0, -1, 1, 1, 2, 1, -1, -1, 1, 1, 2, 1, -1, -1, -1, -2, -1, 1, 1, -2, 
          -1, 1, 1, -2, 2, 2, 1, 1, -1 ], 
      [ 0, -1, 1, 1, -1, 1, -1, 2, 1, 1, -1, 1, -1, 2, -1, 1, -1, 1, -2, 1, 
          -1, 1, -2, 1, -1, 2, 1, -2, 2 ], 
      [ 0, -1, 1, 1, 3, 1, -1, -2, 1, 1, 3, 1, -1, -2, -1, -3, -1, 1, 2, -3, 
          -1, 1, 2, -3, 3, 6, 1, 2, -2 ], 
      [ 0, -1, 1, 1, -2, 1, -1, 3, 1, 1, -2, 1, -1, 3, -1, 2, -1, 1, -3, 2, 
          -1, 1, -3, 2, -2, 6, 1, -3, 3 ] ],
  ListIncidentSymbol := 
   [ [ 0, 0, 0, 1, 0, 1, -1, 0 ], [ -1, 0, 0, 0, 0, 0, 1, 1 ], 
      [ 0, 0, 0, 0, 1, 0, 1, -1 ], [ 0, 0, 1, 0, 0, 1, -1, 0 ], 
      [ -1, 1, 0, 0, 0, 0, 1, 0 ], [ -1, 0, 0, 1, 0, 0, 0, 1 ], 
      [ 0, -1, 1, 0, 0, 0, 0, 1 ], [ 0, 1, -1, 0, 0, 0, 1, 0 ], 
      [ -1, 1, 0, 0, 0, 1, 0, 0 ], [ 0, -1, 0, 1, 0, 0, 0, 1 ], 
      [ -1, 0, 1, 0, 0, 0, 0, 1 ], [ 0, 1, 0, -1, 0, 0, 1, 0 ], 
      [ 0, 0, 1, 0, -1, 0, 0, 1 ], [ 0, 0, 0, 0, 1, -1, 1, 0 ], 
      [ 0, -1, 0, 1, 1, 0, 0, 0 ], [ 0, 0, 0, 0, 1, 1, 0, -1 ], 
      [ 0, 1, 0, 0, -1, 0, 0, 1 ], [ 0, 0, 0, 1, -1, 0, 0, 1 ], 
      [ -1, 0, 1, 0, 0, 1, 0, 0 ], [ 0, -1, 1, 0, 1, 0, 0, 0 ], 
      [ 0, 1, 0, 0, -1, 1, 0, 0 ], [ -1, 0, 0, 1, 1, 0, 0, 0 ], 
      [ 1, 0, 0, 0, -1, 0, 0, 1 ], [ -1, 0, 1, 0, 1, 0, 0, 0 ], 
      [ 0, 0, 0, 0, 0, -1, 1, 1 ], [ -1, 0, 0, 0, 1, 0, 1, 0 ], 
      [ 0, 0, 0, 1, 1, 0, 0, -1 ], [ 0, 0, 0, 0, -1, 0, 1, 1 ], 
      [ 0, 1, 0, 0, 0, 1, 0, -1 ], [ 0, 0, 1, 0, 1, 0, 0, -1 ], 
      [ 0, 0, 0, 0, -1, 1, 0, 1 ], [ -1, 0, 0, 1, 0, 1, 0, 0 ], 
      [ 1, 0, 0, 0, 1, 0, 0, -1 ], [ 0, 1, 0, 0, 1, 0, 0, -1 ], 
      [ 0, 0, 0, 1, 1, 1, -1, -1 ], [ 0, 0, 1, 0, 1, 1, -1, -1 ], 
      [ 0, -1, 1, 1, 1, 0, -1, 0 ], [ -1, 0, 0, 1, 1, 1, 0, -1 ], 
      [ -1, 0, 1, 0, 1, 1, 0, -1 ], [ -1, 0, 1, 1, 0, 1, -1, 0 ], 
      [ 0, 0, 0, 1, -1, 1, -1, 1 ], [ -1, 1, 0, 0, 1, 1, 0, -1 ], 
      [ 0, -1, 1, 1, 0, 1, -1, 0 ], [ 0, 0, 1, 0, -1, 1, -1, 1 ], 
      [ -1, 1, 0, 0, 1, 0, 1, -1 ], [ 0, 1, -1, 0, 1, 0, 1, -1 ], 
      [ -1, 1, 0, 0, -1, 0, 1, 1 ], [ 0, 1, -1, 0, -1, 0, 1, 1 ], 
      [ -1, 1, 0, 0, -1, 1, 0, 1 ], [ 0, 1, 0, -1, 1, 0, 1, -1 ], 
      [ 0, -1, 1, 1, 0, 0, -1, 1 ], [ -1, -1, 1, 1, 0, 0, 0, 1 ], 
      [ -1, 0, 1, 0, -1, 1, 0, 1 ], [ 0, 1, 0, -1, -1, 0, 1, 1 ], 
      [ -1, -1, 1, 1, 1, 0, 0, 0 ], [ -1, 0, 0, 1, -1, 1, 0, 1 ], 
      [ 0, -1, 1, 1, -1, 0, -1, 2 ], [ 0, -1, 1, 1, 2, 0, -1, -1 ], 
      [ -1, -1, 1, 1, -1, 0, 0, 2 ], [ -1, -1, 1, 1, 2, 0, 0, -1 ], 
      [ -1, 0, 1, 1, 1, 1, -1, -1 ], [ 0, -1, 1, 1, 1, 1, -1, -1 ], 
      [ -1, -1, 1, 1, 1, 1, -1, 0 ], [ -1, 0, 1, 1, -1, 1, -1, 1 ], 
      [ 0, -1, 1, 1, -1, 1, -1, 1 ], [ -1, -1, 1, 1, 0, 1, -1, 1 ], 
      [ -1, 0, 1, 1, 2, 1, -1, -2 ], [ 0, -1, 1, 1, 2, 1, -1, -2 ], 
      [ 0, -1, 1, 1, -2, 1, -1, 2 ], [ -1, 0, 1, 1, -2, 1, -1, 2 ], 
      [ -1, -1, 1, 1, 2, 1, -1, -1 ], [ -1, -1, 1, 1, -1, 1, -1, 2 ], 
      [ -1, -1, 1, 1, 3, 1, -1, -2 ], [ -1, -1, 1, 1, -2, 1, -1, 3 ] ],
  ListAdjacent := [ rec(
          DistVect := [ 0, 0, 0, 1, 0, 1, 1, 0, 0, 1, 0, 1, 1, 0, 1, 0, 1, 
              1, 0, 1, 0, 0, 1, 1, 1, 0, 0, 1, 1 ],
          eAdj := [ 1, 2, 3, 4, 5, 6, 7, 8, 9, 10, 11, 12, 13, 14, 15, 16, 
              17, 18, 19, 20, 21, 22, 23, 24, 25, 26, 27, 28, 29, 30, 31, 
              33, 34, 35, 36, 37, 39, 40, 41, 42, 43, 44, 45, 46, 47, 48, 
              49, 50, 51, 52, 53, 54, 55, 57, 58, 59, 60, 61, 62, 63, 64, 
              65, 66, 67, 68, 69, 70, 71, 72, 73, 74 ] ), rec(
          DistVect := [ 0, 1, 0, 0, 1, 1, 0, 1, 1, 1, 0, 0, 1, 0, 0, 1, 1, 
              0, 1, 1, 1, 0, 1, 0, 1, 0, 1, 0, 1 ],
          eAdj := [ 1, 2, 3, 4, 5, 6, 7, 8, 10, 11, 12, 13, 14, 15, 16, 17, 
              18, 19, 20, 21, 22, 23, 24, 25, 26, 27, 28, 29, 30, 31, 32, 
              33, 34, 35, 36, 37, 38, 39, 40, 41, 43, 44, 45, 46, 47, 48, 
              50, 51, 52, 53, 54, 55, 56, 57, 58, 59, 60, 61, 62, 63, 64, 
              65, 66, 67, 68, 69, 70, 71, 72, 73, 74 ] ), rec(
          DistVect := [ 0, 0, 1, 0, 0, 0, 0, 0, 1, 0, 0, 0, 0, 0, 1, 1, 1, 
              1, 1, 0, 0, 0, 0, 0, 0, 0, 0, 0, 0 ],
          eAdj := [ 1, 2, 3, 4, 5, 6, 7, 9, 10, 11, 12, 13, 14, 15, 16, 17, 
              18, 19, 20, 21, 22, 23, 24, 25, 26, 27, 28, 29, 30, 31, 32, 
              33, 34, 35, 36, 37, 38, 39, 40, 41, 42, 43, 44, 45, 47, 49, 
              50, 51, 52, 53, 54, 55, 56, 57, 58, 59, 60, 61, 62, 63, 64, 
              65, 66, 67, 68, 69, 70, 71, 72, 73, 74 ] ), rec(
          DistVect := [ 0, 1, 1, 1, 0, 0, 1, 0, 0, 0, 1, 1, 0, 1, 0, 1, 1, 
              0, 1, 1, 1, 0, 1, 0, 1, 0, 1, 0, 1 ],
          eAdj := [ 1, 2, 3, 4, 6, 7, 8, 9, 10, 11, 12, 13, 14, 15, 16, 17, 
              18, 19, 20, 21, 22, 23, 24, 25, 26, 27, 28, 29, 30, 31, 32, 
              33, 34, 35, 36, 37, 38, 39, 40, 41, 42, 43, 44, 46, 48, 49, 
              50, 51, 52, 53, 54, 55, 56, 57, 58, 59, 60, 61, 62, 63, 64, 
              65, 66, 67, 68, 69, 70, 71, 72, 73, 74 ] ), rec(
          DistVect := [ 0, 0, 0, 0, 1, 1, 1, 1, 0, 0, 1, 1, 1, 1, 0, 1, 1, 
              1, 1, 1, 1, 1, 1, 0, 0, 0, 0, 0, 0 ],
          eAdj := [ 1, 3, 4, 5, 6, 7, 8, 9, 10, 11, 12, 13, 14, 15, 16, 17, 
              18, 19, 20, 21, 22, 23, 24, 25, 27, 28, 29, 30, 31, 32, 33, 
              34, 35, 36, 37, 38, 39, 40, 41, 42, 43, 44, 45, 46, 47, 48, 
              49, 50, 51, 52, 53, 54, 55, 56, 57, 58, 59, 60, 61, 62, 63, 
              64, 65, 66, 67, 68, 69, 70, 71, 72, 73, 74 ] ), rec(
          DistVect := [ 0, 0, 0, 1, 0, 0, 1, 0, 0, 1, 0, 0, 1, 0, 1, 0, 0, 
              1, 0, 1, 1, 0, 1, 0, 1, 0, 1, 0, 1 ],
          eAdj := [ 1, 2, 3, 5, 6, 7, 8, 9, 10, 11, 12, 13, 14, 15, 16, 17, 
              18, 19, 20, 21, 22, 23, 24, 25, 26, 27, 28, 29, 30, 31, 32, 
              33, 34, 35, 37, 38, 39, 40, 41, 42, 43, 45, 46, 47, 48, 49, 
              50, 51, 52, 53, 54, 55, 56, 57, 58, 59, 60, 61, 62, 63, 64, 
              65, 66, 67, 68, 69, 70, 71, 72, 73, 74 ] ), rec(
          DistVect := [ 0, 0, 0, 0, 1, 0, 0, 1, 0, 0, 1, 0, 0, 1, 0, 1, 0, 
              0, 1, 1, 0, 0, 1, 1, 1, 0, 0, 1, 1 ],
          eAdj := [ 1, 2, 3, 4, 5, 6, 7, 8, 9, 10, 11, 12, 13, 14, 15, 16, 
              17, 18, 19, 20, 22, 23, 24, 25, 26, 27, 28, 30, 31, 32, 33, 
              34, 35, 36, 37, 38, 39, 40, 41, 42, 43, 44, 45, 46, 47, 48, 
              49, 50, 51, 52, 53, 54, 55, 56, 57, 58, 59, 60, 61, 62, 63, 
              64, 65, 66, 67, 68, 69, 70, 71, 72, 73, 74 ] ), rec(
          DistVect := [ 0, 1, 1, 0, 0, 0, 0, 0, 0, 1, 1, 1, 1, 1, 1, 1, 1, 
              1, 1, 0, 0, 0, 0, 0, 0, 0, 0, 0, 0 ],
          eAdj := [ 1, 2, 3, 4, 5, 6, 7, 8, 9, 11, 12, 13, 14, 16, 17, 18, 
              19, 20, 21, 22, 23, 24, 25, 26, 27, 28, 29, 30, 31, 32, 33, 
              34, 35, 36, 37, 38, 39, 40, 41, 42, 43, 44, 45, 46, 47, 48, 
              49, 50, 51, 52, 53, 54, 55, 56, 57, 58, 59, 60, 61, 62, 63, 
              64, 65, 66, 67, 68, 69, 70, 71, 72, 73, 74 ] ), rec(
          DistVect := [ 0, 1, 1, 0, 1, 0, 0, 1, 0, 1, 0, 1, 1, 0, 1, 0, 1, 
              1, 0, 1, 0, 0, 1, 1, 1, 0, 0, 1, 1 ],
          eAdj := [ 1, 2, 3, 4, 5, 6, 7, 8, 9, 10, 12, 13, 14, 15, 16, 17, 
              18, 19, 20, 21, 22, 23, 25, 26, 27, 28, 29, 30, 31, 32, 33, 
              34, 35, 36, 37, 38, 39, 40, 41, 42, 43, 44, 45, 46, 47, 48, 
              49, 50, 51, 52, 53, 54, 55, 56, 57, 58, 59, 60, 61, 62, 63, 
              64, 65, 66, 67, 68, 69, 70, 71, 72, 73, 74 ] ), rec(
          DistVect := [ 0, 0, 0, 0, 0, 1, 0, 0, 0, 0, 0, 1, 0, 0, 0, 0, 1, 
              0, 0, 0, 1, 0, 0, 1, 0, 0, 1, 1, 0 ],
          eAdj := [ 1, 2, 3, 4, 5, 6, 7, 8, 9, 10, 11, 12, 13, 15, 16, 17, 
              18, 19, 20, 21, 22, 23, 24, 26, 27, 28, 29, 30, 31, 32, 33, 
              34, 35, 36, 37, 38, 39, 40, 41, 42, 43, 44, 45, 46, 47, 48, 
              49, 50, 51, 52, 53, 54, 55, 56, 57, 58, 59, 60, 61, 62, 63, 
              64, 65, 66, 67, 68, 69, 70, 71, 72, 73, 74 ] ), rec(
          DistVect := [ 0, 4, 3, 3, 5, 5, 4, 4, 5, 5, 3, 7, 8, 4, 4, 8, 8, 
              5, 5, 8, 8, 5, 5, 4, 7, 3, 3, 7, 8 ],
          eAdj := [ 1, 2, 4, 5, 14, 15, 19, 20, 21, 22, 24, 27, 30, 31, 32, 
              40, 47, 48, 49, 54, 55, 58, 60, 61, 62, 63 ] ), rec(
          DistVect := [ 0, 4, 4, 4, 4, 4, 5, 3, 4, 4, 4, 8, 7, 5, 4, 8, 8, 
              7, 5, 8, 8, 7, 5, 4, 5, 3, 3, 5, 8 ],
          eAdj := [ 2, 9, 15, 19, 20, 21, 22, 24, 25, 27, 28, 30, 32, 35, 
              36, 47, 48, 49, 54, 55, 58, 60, 61, 62, 68, 71 ] ), rec(
          DistVect := [ 0, 4, 4, 4, 4, 4, 3, 5, 4, 4, 4, 8, 5, 7, 4, 8, 8, 
              5, 7, 8, 8, 5, 7, 4, 5, 3, 3, 5, 8 ],
          eAdj := [ 1, 2, 4, 9, 15, 17, 19, 20, 21, 22, 24, 25, 28, 32, 35, 
              36, 47, 48, 49, 54, 55, 58, 60, 61, 62, 71 ] ), rec(
          DistVect := [ 0, 4, 5, 5, 3, 4, 4, 4, 3, 3, 5, 8, 8, 4, 4, 8, 7, 
              7, 5, 8, 7, 7, 5, 5, 5, 3, 4, 4, 8 ],
          eAdj := [ 2, 5, 9, 15, 20, 22, 24, 25, 27, 28, 29, 30, 35, 36, 38, 
              39, 42, 48, 54, 55, 58, 60, 62, 67, 68, 71 ] ), rec(
          DistVect := [ 0, 4, 3, 3, 5, 4, 4, 4, 5, 5, 3, 8, 8, 4, 4, 8, 5, 
              5, 5, 8, 5, 5, 5, 7, 7, 3, 4, 4, 8 ],
          eAdj := [ 2, 5, 9, 15, 16, 20, 22, 24, 25, 27, 29, 30, 35, 36, 38, 
              39, 47, 48, 54, 55, 58, 60, 61, 67, 68, 71 ] ), rec(
          DistVect := [ 0, 4, 5, 5, 3, 4, 4, 4, 5, 5, 3, 8, 8, 4, 4, 8, 5, 
              5, 5, 8, 5, 5, 5, 7, 7, 3, 4, 4, 8 ],
          eAdj := [ 2, 5, 9, 15, 16, 20, 22, 24, 25, 26, 27, 29, 30, 35, 36, 
              38, 39, 42, 48, 54, 58, 60, 67, 68, 71, 73 ] ), rec(
          DistVect := [ 0, 4, 5, 5, 3, 4, 4, 4, 5, 5, 3, 8, 8, 4, 4, 8, 7, 
              5, 5, 8, 7, 5, 5, 5, 7, 3, 4, 4, 8 ],
          eAdj := [ 2, 5, 9, 15, 20, 21, 22, 24, 25, 26, 27, 29, 30, 35, 36, 
              38, 39, 48, 54, 58, 60, 61, 62, 67, 68, 71 ] ), rec(
          DistVect := [ 0, 4, 5, 5, 3, 4, 4, 4, 5, 5, 3, 8, 8, 4, 4, 8, 7, 
              7, 5, 8, 7, 7, 5, 5, 5, 3, 4, 4, 8 ],
          eAdj := [ 2, 5, 9, 15, 20, 21, 22, 24, 25, 27, 28, 29, 30, 35, 36, 
              38, 39, 47, 48, 54, 58, 60, 67, 68, 71, 73 ] ), rec(
          DistVect := [ 0, 4, 4, 4, 4, 4, 5, 3, 4, 4, 4, 8, 9, 3, 4, 8, 8, 
              7, 5, 8, 8, 7, 5, 4, 5, 3, 3, 5, 8 ],
          eAdj := [ 2, 5, 9, 15, 19, 20, 21, 22, 24, 25, 27, 28, 29, 30, 32, 
              35, 36, 47, 48, 54, 55, 58, 61, 62, 63, 71 ] ), rec(
          DistVect := [ 0, 4, 5, 5, 3, 3, 4, 4, 5, 5, 3, 7, 8, 4, 4, 8, 8, 
              5, 5, 8, 8, 5, 5, 4, 7, 3, 3, 7, 8 ],
          eAdj := [ 1, 2, 4, 5, 9, 14, 15, 19, 20, 21, 22, 24, 26, 27, 30, 
              31, 32, 48, 49, 54, 58, 60, 61, 62, 63, 71 ] ), rec(
          DistVect := [ 0, 4, 4, 4, 4, 4, 3, 5, 4, 4, 4, 8, 7, 5, 4, 8, 8, 
              5, 7, 8, 8, 5, 7, 4, 5, 3, 3, 5, 8 ],
          eAdj := [ 1, 2, 4, 5, 9, 15, 19, 20, 21, 22, 24, 25, 28, 32, 35, 
              36, 37, 47, 48, 54, 55, 58, 61, 62, 63, 71 ] ), rec(
          DistVect := [ 0, 4, 4, 4, 4, 4, 5, 3, 4, 4, 4, 8, 7, 5, 4, 8, 8, 
              7, 5, 8, 8, 5, 7, 4, 5, 3, 3, 5, 8 ],
          eAdj := [ 1, 2, 6, 9, 15, 19, 20, 21, 22, 24, 25, 28, 30, 32, 35, 
              36, 47, 48, 49, 54, 55, 58, 61, 62, 63, 71 ] ), rec(
          DistVect := [ 0, 4, 4, 3, 4, 5, 4, 5, 4, 5, 4, 7, 8, 3, 7, 8, 5, 
              4, 5, 5, 8, 5, 8, 7, 8, 3, 3, 4, 7 ],
          eAdj := [ 1, 5, 6, 8, 10, 16, 18, 20, 24, 25, 26, 29, 30, 32, 36, 
              39, 40, 42, 43, 45, 50, 51, 52, 55, 61, 63 ] ), rec(
          DistVect := [ 0, 4, 4, 3, 4, 5, 4, 5, 4, 5, 4, 7, 8, 3, 5, 8, 7, 
              4, 7, 5, 8, 5, 8, 7, 8, 3, 3, 4, 7 ],
          eAdj := [ 1, 4, 5, 6, 7, 8, 10, 16, 18, 20, 24, 25, 26, 29, 32, 
              36, 39, 40, 42, 43, 45, 50, 51, 52, 63, 66 ] ), rec(
          DistVect := [ 0, 5, 4, 4, 4, 4, 4, 5, 3, 3, 7, 9, 5, 4, 4, 8, 8, 
              4, 7, 8, 8, 4, 7, 4, 8, 3, 4, 5, 5 ],
          eAdj := [ 1, 3, 4, 7, 9, 10, 14, 19, 22, 24, 26, 29, 32, 34, 40, 
              41, 42, 44, 45, 46, 50, 51, 52, 55, 65, 66 ] ), rec(
          DistVect := [ 0, 4, 5, 4, 3, 4, 5, 4, 3, 4, 5, 8, 7, 4, 7, 8, 7, 
              4, 5, 5, 8, 7, 8, 5, 8, 3, 3, 4, 5 ],
          eAdj := [ 3, 4, 6, 8, 9, 10, 14, 18, 20, 24, 26, 29, 30, 32, 39, 
              40, 41, 42, 43, 45, 50, 51, 52, 55, 65, 66 ] ), rec(
          DistVect := [ 0, 4, 5, 4, 3, 4, 5, 4, 3, 4, 5, 8, 7, 4, 5, 8, 7, 
              4, 5, 7, 8, 5, 8, 5, 8, 3, 3, 4, 5 ],
          eAdj := [ 1, 3, 4, 6, 8, 9, 10, 14, 20, 22, 24, 26, 29, 30, 32, 
              39, 40, 41, 42, 43, 45, 50, 51, 55, 63, 66 ] ), rec(
          DistVect := [ 0, 4, 4, 5, 4, 3, 4, 3, 4, 5, 4, 7, 8, 3, 7, 8, 5, 
              4, 5, 5, 8, 5, 8, 7, 8, 3, 3, 4, 7 ],
          eAdj := [ 1, 2, 5, 6, 8, 9, 10, 16, 18, 20, 24, 25, 26, 29, 30, 
              32, 36, 39, 40, 42, 43, 50, 51, 52, 63, 66 ] ), rec(
          DistVect := [ 0, 4, 4, 3, 4, 4, 4, 5, 4, 5, 4, 8, 8, 3, 7, 8, 8, 
              4, 5, 5, 5, 5, 8, 4, 8, 3, 4, 7, 7 ],
          eAdj := [ 4, 5, 6, 8, 9, 10, 14, 18, 19, 20, 21, 24, 26, 30, 31, 
              40, 41, 45, 50, 51, 52, 55, 56, 64, 65, 66 ] ), rec(
          DistVect := [ 0, 4, 4, 5, 4, 4, 4, 3, 4, 5, 4, 8, 8, 3, 7, 8, 8, 
              4, 5, 5, 5, 5, 8, 4, 8, 3, 4, 7, 7 ],
          eAdj := [ 2, 4, 5, 6, 8, 9, 10, 14, 18, 19, 20, 21, 24, 26, 30, 
              31, 41, 49, 50, 51, 52, 56, 64, 65, 66, 72 ] ), rec(
          DistVect := [ 0, 4, 4, 5, 4, 4, 4, 3, 4, 5, 4, 8, 8, 3, 7, 8, 8, 
              4, 5, 5, 7, 5, 8, 4, 8, 3, 4, 5, 7 ],
          eAdj := [ 2, 4, 5, 6, 8, 9, 10, 14, 18, 19, 20, 21, 24, 26, 29, 
              30, 40, 41, 43, 50, 51, 52, 56, 64, 65, 66 ] ), rec(
          DistVect := [ 0, 4, 4, 5, 4, 4, 4, 3, 4, 3, 4, 8, 8, 5, 7, 8, 8, 
              4, 5, 5, 7, 7, 8, 4, 8, 3, 4, 5, 5 ],
          eAdj := [ 3, 4, 5, 6, 8, 9, 10, 14, 18, 19, 20, 21, 24, 26, 30, 
              41, 43, 49, 50, 51, 52, 55, 56, 64, 65, 66 ] ), rec(
          DistVect := [ 0, 4, 4, 5, 4, 4, 4, 3, 4, 5, 4, 8, 8, 3, 7, 8, 8, 
              4, 5, 5, 7, 7, 8, 4, 8, 3, 4, 5, 5 ],
          eAdj := [ 3, 4, 5, 6, 8, 9, 10, 14, 18, 19, 20, 21, 24, 26, 29, 
              30, 41, 45, 50, 51, 52, 56, 64, 65, 66, 72 ] ), rec(
          DistVect := [ 0, 4, 5, 4, 3, 4, 5, 4, 5, 4, 3, 8, 9, 4, 7, 8, 7, 
              4, 5, 5, 8, 7, 8, 5, 8, 3, 3, 4, 5 ],
          eAdj := [ 3, 4, 5, 6, 8, 9, 10, 14, 18, 20, 21, 24, 26, 29, 30, 
              32, 39, 40, 41, 43, 45, 50, 51, 55, 63, 66 ] ), rec(
          DistVect := [ 0, 4, 4, 3, 4, 4, 4, 5, 4, 5, 4, 8, 8, 3, 5, 8, 8, 
              4, 7, 5, 5, 5, 8, 4, 8, 3, 4, 7, 7 ],
          eAdj := [ 4, 5, 6, 7, 8, 9, 10, 14, 18, 19, 20, 21, 24, 26, 31, 
              41, 44, 45, 50, 51, 52, 56, 64, 65, 66, 72 ] ), rec(
          DistVect := [ 0, 4, 4, 4, 4, 4, 5, 3, 4, 4, 4, 8, 7, 5, 4, 8, 8, 
              5, 7, 8, 8, 5, 7, 4, 5, 3, 5, 3, 8 ],
          eAdj := [ 2, 6, 9, 11, 15, 19, 20, 21, 22, 24, 25, 28, 29, 32, 35, 
              36, 37, 47, 48, 54, 55, 58, 61, 62, 63, 71 ] ), rec(
          DistVect := [ 0, 4, 4, 4, 4, 4, 5, 3, 4, 4, 4, 8, 5, 7, 4, 8, 8, 
              5, 7, 8, 8, 5, 7, 4, 5, 3, 5, 3, 8 ],
          eAdj := [ 2, 6, 9, 11, 15, 17, 19, 20, 21, 22, 24, 25, 28, 32, 35, 
              36, 47, 48, 49, 54, 55, 58, 61, 62, 68, 71 ] ), rec(
          DistVect := [ 0, 3, 4, 4, 3, 4, 4, 4, 3, 3, 4, 7, 5, 7, 4, 7, 8, 
              4, 8, 7, 8, 4, 8, 3, 5, 3, 4, 4, 8 ],
          eAdj := [ 1, 2, 4, 6, 9, 11, 15, 17, 19, 20, 21, 22, 24, 25, 28, 
              32, 37, 40, 43, 47, 48, 49, 54, 55, 62, 63 ] ), rec(
          DistVect := [ 0, 4, 4, 5, 3, 4, 4, 4, 4, 3, 5, 8, 8, 4, 5, 7, 8, 
              4, 8, 8, 7, 7, 5, 5, 5, 3, 4, 4, 8 ],
          eAdj := [ 2, 4, 5, 7, 8, 9, 11, 15, 19, 22, 24, 25, 27, 28, 29, 
              35, 36, 37, 38, 42, 54, 55, 61, 62, 63, 71 ] ), rec(
          DistVect := [ 0, 4, 4, 5, 3, 4, 4, 4, 4, 5, 3, 8, 8, 4, 5, 7, 8, 
              4, 8, 8, 7, 5, 5, 5, 7, 3, 4, 4, 8 ],
          eAdj := [ 2, 4, 5, 7, 8, 9, 11, 15, 19, 20, 21, 22, 24, 25, 26, 
              27, 29, 35, 37, 38, 54, 55, 61, 62, 63, 71 ] ), rec(
          DistVect := [ 0, 4, 4, 4, 4, 5, 4, 5, 4, 4, 4, 7, 8, 3, 4, 8, 5, 
              4, 5, 8, 5, 4, 5, 7, 8, 3, 3, 4, 7 ],
          eAdj := [ 5, 8, 12, 15, 16, 20, 22, 24, 25, 26, 27, 29, 30, 35, 
              36, 37, 38, 39, 42, 45, 55, 60, 61, 62, 67, 71 ] ), rec(
          DistVect := [ 0, 4, 4, 4, 4, 7, 4, 7, 4, 4, 4, 9, 8, 5, 4, 8, 7, 
              4, 7, 8, 7, 4, 7, 7, 8, 3, 5, 4, 9 ],
          eAdj := [ 5, 8, 12, 15, 16, 20, 22, 23, 24, 25, 26, 29, 35, 36, 
              37, 38, 39, 42, 48, 54, 55, 60, 61, 62, 67, 71 ] ), rec(
          DistVect := [ 0, 4, 4, 4, 4, 7, 4, 7, 4, 4, 4, 9, 8, 5, 4, 8, 7, 
              4, 7, 8, 7, 4, 7, 7, 8, 3, 3, 4, 7 ],
          eAdj := [ 1, 4, 5, 8, 12, 15, 16, 20, 22, 23, 24, 25, 26, 29, 35, 
              36, 37, 38, 39, 42, 45, 55, 60, 61, 62, 71 ] ), rec(
          DistVect := [ 0, 4, 4, 4, 4, 5, 4, 5, 4, 4, 4, 7, 8, 3, 4, 8, 7, 
              4, 7, 8, 5, 4, 5, 7, 8, 3, 5, 4, 9 ],
          eAdj := [ 2, 5, 7, 8, 12, 15, 16, 20, 22, 24, 25, 26, 27, 29, 35, 
              36, 37, 38, 39, 42, 54, 55, 61, 62, 67, 71 ] ), rec(
          DistVect := [ 0, 4, 4, 4, 4, 5, 4, 5, 4, 4, 4, 7, 8, 3, 4, 8, 7, 
              4, 7, 8, 5, 4, 5, 7, 8, 3, 3, 4, 7 ],
          eAdj := [ 4, 5, 7, 8, 12, 15, 16, 20, 22, 24, 25, 26, 27, 29, 35, 
              36, 37, 38, 39, 42, 45, 55, 61, 62, 63, 71 ] ), rec(
          DistVect := [ 0, 4, 5, 5, 3, 4, 5, 4, 3, 3, 5, 8, 7, 4, 4, 8, 7, 
              4, 5, 8, 7, 4, 5, 5, 8, 3, 3, 4, 5 ],
          eAdj := [ 1, 3, 4, 8, 9, 12, 14, 15, 20, 22, 24, 26, 27, 29, 30, 
              37, 38, 39, 42, 43, 45, 55, 60, 61, 62, 63 ] ), rec(
          DistVect := [ 0, 4, 4, 4, 4, 5, 4, 5, 4, 4, 4, 9, 8, 5, 4, 8, 5, 
              4, 5, 8, 7, 4, 7, 7, 8, 3, 3, 4, 7 ],
          eAdj := [ 1, 5, 8, 9, 12, 15, 16, 20, 22, 24, 25, 26, 29, 30, 35, 
              36, 37, 38, 39, 42, 48, 55, 60, 61, 62, 71 ] ), rec(
          DistVect := [ 0, 4, 4, 4, 4, 3, 4, 3, 4, 4, 4, 7, 8, 3, 4, 8, 5, 
              4, 5, 8, 5, 4, 5, 7, 8, 3, 3, 4, 7 ],
          eAdj := [ 2, 5, 8, 9, 12, 15, 16, 20, 22, 24, 25, 26, 27, 29, 30, 
              35, 36, 37, 38, 39, 42, 55, 61, 62, 63, 71 ] ), rec(
          DistVect := [ 0, 4, 4, 4, 4, 4, 4, 5, 4, 4, 4, 8, 8, 5, 4, 8, 8, 
              4, 7, 8, 8, 4, 5, 4, 8, 3, 4, 7, 7 ],
          eAdj := [ 1, 4, 5, 8, 9, 12, 14, 15, 19, 20, 21, 22, 24, 26, 27, 
              31, 32, 37, 40, 43, 44, 49, 54, 55, 60, 63 ] ), rec(
          DistVect := [ 0, 4, 4, 4, 4, 4, 4, 5, 4, 4, 4, 8, 8, 3, 4, 8, 8, 
              4, 5, 8, 8, 4, 5, 4, 8, 3, 4, 7, 7 ],
          eAdj := [ 1, 4, 5, 8, 9, 12, 14, 15, 19, 20, 21, 22, 24, 26, 27, 
              30, 31, 32, 37, 40, 43, 45, 55, 60, 61, 63 ] ), rec(
          DistVect := [ 0, 4, 4, 4, 4, 4, 4, 5, 4, 4, 4, 8, 8, 7, 4, 8, 8, 
              4, 7, 8, 8, 4, 7, 4, 8, 3, 4, 5, 7 ],
          eAdj := [ 1, 4, 5, 8, 9, 12, 14, 15, 17, 19, 20, 21, 22, 24, 26, 
              32, 37, 40, 43, 48, 49, 54, 55, 60, 62, 63 ] ), rec(
          DistVect := [ 0, 4, 4, 4, 4, 4, 4, 7, 4, 4, 4, 8, 8, 5, 4, 8, 8, 
              4, 7, 8, 8, 4, 7, 4, 8, 3, 4, 7, 7 ],
          eAdj := [ 1, 4, 5, 8, 9, 12, 14, 15, 19, 20, 21, 22, 23, 24, 26, 
              31, 32, 37, 40, 41, 43, 44, 45, 55, 60, 63 ] ), rec(
          DistVect := [ 0, 4, 4, 4, 4, 4, 4, 7, 4, 4, 4, 8, 8, 5, 4, 8, 8, 
              4, 7, 8, 8, 4, 7, 4, 8, 3, 4, 7, 9 ],
          eAdj := [ 1, 4, 5, 8, 9, 12, 14, 15, 19, 20, 21, 22, 23, 24, 26, 
              31, 32, 37, 40, 43, 48, 54, 55, 60, 61, 63 ] ), rec(
          DistVect := [ 0, 4, 4, 4, 4, 4, 4, 3, 4, 4, 4, 8, 8, 3, 4, 8, 8, 
              4, 5, 8, 8, 4, 5, 4, 8, 3, 4, 5, 7 ],
          eAdj := [ 1, 2, 4, 5, 8, 9, 12, 14, 15, 19, 20, 21, 22, 24, 26, 
              27, 29, 30, 32, 37, 40, 43, 55, 61, 62, 63 ] ), rec(
          DistVect := [ 0, 4, 4, 4, 4, 4, 4, 3, 4, 4, 4, 8, 8, 3, 4, 8, 8, 
              4, 5, 8, 8, 4, 5, 4, 8, 3, 4, 7, 7 ],
          eAdj := [ 1, 2, 4, 5, 8, 9, 12, 14, 15, 19, 20, 21, 22, 24, 26, 
              27, 30, 31, 32, 37, 40, 43, 49, 55, 63, 66 ] ), rec(
          DistVect := [ 0, 4, 4, 4, 4, 4, 4, 5, 4, 4, 4, 8, 8, 5, 4, 8, 8, 
              4, 7, 8, 8, 4, 7, 4, 8, 3, 4, 5, 9 ],
          eAdj := [ 1, 2, 4, 5, 8, 9, 12, 14, 15, 19, 20, 21, 22, 24, 25, 
              26, 32, 37, 40, 43, 48, 54, 55, 61, 62, 63 ] ), rec(
          DistVect := [ 0, 4, 5, 5, 3, 4, 5, 4, 5, 5, 3, 8, 9, 4, 4, 8, 7, 
              4, 5, 8, 7, 4, 5, 5, 8, 3, 3, 4, 5 ],
          eAdj := [ 1, 3, 4, 5, 8, 9, 12, 14, 15, 20, 21, 22, 24, 26, 27, 
              29, 30, 37, 38, 39, 45, 60, 61, 62, 63, 71 ] ), rec(
          DistVect := [ 0, 4, 4, 4, 4, 4, 4, 5, 4, 4, 4, 8, 8, 5, 4, 8, 8, 
              4, 7, 8, 8, 4, 7, 4, 8, 3, 4, 5, 5 ],
          eAdj := [ 1, 3, 4, 5, 8, 9, 12, 14, 15, 19, 20, 21, 22, 24, 26, 
              32, 37, 40, 41, 43, 44, 45, 51, 55, 63, 66 ] ), rec(
          DistVect := [ 0, 4, 4, 4, 4, 4, 4, 3, 4, 4, 4, 8, 8, 5, 4, 8, 8, 
              4, 5, 8, 8, 4, 5, 4, 8, 3, 4, 5, 5 ],
          eAdj := [ 1, 3, 4, 5, 8, 9, 12, 14, 15, 19, 20, 21, 22, 24, 26, 
              27, 30, 32, 37, 40, 43, 49, 55, 60, 62, 63 ] ), rec(
          DistVect := [ 0, 4, 4, 4, 4, 4, 4, 3, 4, 4, 4, 8, 8, 3, 4, 8, 8, 
              4, 5, 8, 8, 4, 5, 4, 8, 3, 4, 5, 5 ],
          eAdj := [ 1, 3, 4, 5, 8, 9, 12, 14, 15, 19, 20, 21, 22, 24, 26, 
              27, 29, 30, 32, 37, 40, 43, 45, 55, 63, 66 ] ), rec(
          DistVect := [ 0, 4, 4, 4, 4, 4, 4, 5, 4, 4, 4, 8, 8, 7, 4, 8, 8, 
              4, 7, 8, 8, 4, 7, 4, 8, 3, 4, 5, 5 ],
          eAdj := [ 1, 3, 4, 5, 8, 9, 12, 14, 15, 17, 19, 20, 21, 22, 24, 
              26, 32, 37, 40, 41, 43, 44, 49, 55, 60, 63 ] ), rec(
          DistVect := [ 0, 4, 4, 4, 4, 4, 4, 3, 4, 4, 4, 8, 8, 5, 4, 8, 8, 
              4, 5, 8, 8, 4, 7, 4, 8, 3, 4, 5, 7 ],
          eAdj := [ 1, 2, 4, 5, 6, 8, 9, 12, 14, 15, 19, 20, 21, 22, 24, 26, 
              30, 32, 37, 40, 43, 48, 49, 55, 62, 63 ] ), rec(
          DistVect := [ 0, 4, 4, 4, 4, 4, 4, 3, 4, 4, 4, 8, 8, 5, 4, 8, 8, 
              4, 5, 8, 8, 4, 7, 4, 8, 3, 4, 5, 5 ],
          eAdj := [ 1, 3, 4, 5, 6, 8, 9, 12, 14, 15, 19, 20, 21, 22, 24, 26, 
              30, 32, 37, 40, 41, 43, 49, 55, 63, 66 ] ), rec(
          DistVect := [ 0, 4, 4, 4, 4, 4, 4, 5, 4, 4, 4, 8, 8, 3, 4, 8, 8, 
              4, 7, 8, 8, 4, 5, 4, 8, 3, 4, 7, 7 ],
          eAdj := [ 1, 4, 5, 7, 8, 9, 12, 14, 15, 19, 20, 21, 22, 24, 26, 
              27, 31, 32, 37, 40, 43, 44, 45, 55, 63, 66 ] ), rec(
          DistVect := [ 0, 4, 4, 4, 4, 4, 4, 5, 4, 4, 4, 8, 8, 3, 4, 8, 8, 
              4, 7, 8, 8, 4, 5, 4, 8, 3, 4, 7, 9 ],
          eAdj := [ 1, 2, 4, 5, 7, 8, 9, 12, 14, 15, 19, 20, 21, 22, 24, 26, 
              27, 31, 32, 37, 40, 43, 54, 55, 61, 63 ] ), rec(
          DistVect := [ 0, 4, 3, 4, 5, 5, 4, 4, 5, 4, 3, 7, 8, 4, 5, 8, 8, 
              3, 5, 7, 7, 4, 8, 4, 9, 3, 5, 7, 8 ],
          eAdj := [ 2, 4, 5, 6, 8, 10, 12, 14, 15, 19, 20, 21, 24, 26, 30, 
              31, 37, 40, 41, 43, 48, 49, 55, 56, 64, 66 ] ), rec(
          DistVect := [ 0, 5, 3, 3, 4, 7, 5, 7, 4, 4, 5, 8, 8, 4, 4, 7, 8, 
              4, 8, 7, 8, 4, 8, 7, 9, 3, 4, 4, 8 ],
          eAdj := [ 1, 4, 7, 8, 10, 12, 16, 22, 23, 24, 25, 26, 29, 38, 39, 
              40, 42, 43, 45, 46, 50, 51, 52, 55, 61, 63 ] ), rec(
          DistVect := [ 0, 4, 4, 4, 4, 7, 4, 7, 4, 4, 4, 7, 8, 3, 4, 8, 7, 
              4, 7, 8, 7, 4, 7, 7, 8, 3, 5, 4, 9 ],
          eAdj := [ 5, 7, 8, 10, 12, 15, 16, 20, 22, 23, 24, 25, 26, 29, 35, 
              36, 37, 38, 39, 42, 45, 55, 61, 62, 67, 71 ] ), rec(
          DistVect := [ 0, 5, 3, 3, 4, 7, 3, 7, 4, 4, 5, 8, 8, 4, 4, 7, 8, 
              4, 8, 7, 8, 4, 8, 7, 7, 3, 4, 4, 8 ],
          eAdj := [ 1, 4, 5, 7, 8, 10, 12, 16, 22, 23, 24, 25, 26, 29, 35, 
              36, 38, 39, 42, 43, 45, 51, 52, 55, 61, 63 ] ), rec(
          DistVect := [ 0, 3, 3, 3, 4, 7, 5, 7, 4, 4, 3, 8, 8, 4, 4, 7, 8, 
              4, 8, 7, 8, 4, 8, 7, 9, 3, 4, 4, 8 ],
          eAdj := [ 1, 4, 5, 7, 8, 10, 12, 15, 16, 20, 22, 23, 24, 25, 26, 
              29, 38, 39, 40, 42, 43, 45, 51, 55, 61, 63 ] ), rec(
          DistVect := [ 0, 4, 3, 4, 5, 4, 4, 4, 3, 4, 5, 8, 8, 4, 5, 8, 5, 
              5, 5, 7, 8, 4, 8, 7, 7, 3, 4, 4, 8 ],
          eAdj := [ 1, 2, 5, 6, 8, 9, 10, 12, 16, 20, 24, 25, 29, 30, 32, 
              35, 36, 37, 39, 42, 48, 52, 55, 61, 62, 63 ] ), rec(
          DistVect := [ 0, 4, 3, 4, 5, 4, 4, 4, 5, 4, 3, 8, 8, 4, 5, 8, 5, 
              3, 5, 7, 8, 4, 8, 7, 9, 3, 4, 4, 8 ],
          eAdj := [ 1, 2, 5, 6, 8, 9, 10, 12, 15, 16, 20, 24, 25, 26, 29, 
              30, 32, 36, 37, 39, 40, 48, 55, 61, 62, 63 ] ), rec(
          DistVect := [ 0, 4, 5, 4, 3, 4, 4, 4, 3, 4, 5, 8, 8, 4, 5, 8, 7, 
              5, 5, 7, 8, 4, 8, 5, 7, 3, 4, 4, 8 ],
          eAdj := [ 1, 2, 5, 6, 8, 9, 10, 12, 20, 22, 24, 25, 26, 29, 30, 
              32, 36, 37, 39, 42, 43, 48, 55, 61, 62, 63 ] ), rec(
          DistVect := [ 0, 4, 4, 3, 4, 5, 4, 5, 4, 3, 4, 9, 8, 5, 5, 8, 7, 
              4, 7, 5, 8, 5, 8, 7, 8, 3, 3, 4, 7 ],
          eAdj := [ 1, 4, 5, 6, 8, 9, 10, 12, 16, 18, 20, 24, 25, 26, 29, 
              32, 36, 39, 40, 42, 43, 50, 51, 52, 55, 63 ] ), rec(
          DistVect := [ 0, 4, 4, 4, 4, 4, 4, 3, 4, 4, 4, 8, 8, 3, 4, 8, 8, 
              4, 5, 8, 8, 4, 7, 4, 8, 3, 4, 5, 7 ],
          eAdj := [ 1, 2, 4, 5, 6, 8, 9, 10, 12, 14, 15, 19, 20, 21, 22, 24, 
              26, 29, 30, 32, 37, 40, 43, 55, 63, 66 ] ), rec(
          DistVect := [ 0, 5, 3, 3, 4, 4, 5, 7, 4, 4, 5, 9, 8, 4, 4, 7, 7, 
              4, 8, 7, 7, 4, 8, 4, 9, 3, 5, 7, 8 ],
          eAdj := [ 7, 8, 9, 10, 12, 14, 19, 21, 22, 23, 24, 26, 31, 32, 40, 
              41, 44, 45, 46, 50, 51, 52, 55, 64, 65, 66 ] ), rec(
          DistVect := [ 0, 5, 4, 4, 4, 4, 4, 5, 3, 3, 7, 9, 7, 4, 4, 8, 8, 
              4, 7, 8, 8, 4, 7, 4, 8, 3, 4, 5, 7 ],
          eAdj := [ 1, 4, 7, 8, 9, 10, 12, 14, 19, 22, 24, 26, 29, 32, 34, 
              40, 42, 43, 45, 46, 50, 51, 52, 55, 65, 66 ] ), rec(
          DistVect := [ 0, 3, 3, 3, 4, 4, 5, 7, 4, 4, 3, 7, 8, 4, 4, 7, 7, 
              4, 8, 7, 7, 4, 8, 4, 9, 3, 5, 7, 8 ],
          eAdj := [ 5, 7, 8, 9, 10, 12, 14, 15, 19, 20, 21, 22, 23, 24, 26, 
              31, 32, 40, 41, 44, 45, 51, 55, 64, 65, 66 ] ), rec(
          DistVect := [ 0, 4, 4, 4, 4, 4, 4, 5, 4, 4, 4, 8, 8, 3, 4, 8, 8, 
              4, 7, 8, 8, 4, 7, 4, 8, 3, 4, 5, 7 ],
          eAdj := [ 1, 4, 5, 7, 8, 9, 10, 12, 14, 15, 19, 20, 21, 22, 24, 
              26, 29, 32, 37, 40, 43, 45, 51, 55, 63, 66 ] ), rec(
          DistVect := [ 0, 5, 3, 3, 4, 4, 3, 7, 4, 4, 5, 9, 8, 4, 4, 7, 7, 
              4, 8, 7, 7, 4, 8, 4, 7, 3, 3, 7, 8 ],
          eAdj := [ 1, 4, 5, 7, 8, 9, 10, 12, 14, 19, 21, 22, 23, 24, 26, 
              31, 32, 40, 41, 44, 45, 51, 52, 55, 65, 66 ] ), rec(
          DistVect := [ 0, 4, 4, 4, 4, 4, 4, 7, 4, 4, 4, 8, 8, 3, 4, 8, 8, 
              4, 7, 8, 8, 4, 7, 4, 8, 3, 4, 7, 9 ],
          eAdj := [ 1, 4, 5, 7, 8, 9, 10, 12, 14, 15, 19, 20, 21, 22, 23, 
              24, 26, 31, 32, 37, 40, 43, 45, 55, 61, 63 ] ), rec(
          DistVect := [ 0, 5, 4, 4, 4, 4, 3, 5, 3, 3, 7, 9, 8, 4, 4, 8, 8, 
              5, 7, 8, 8, 5, 7, 4, 5, 3, 3, 5, 8 ],
          eAdj := [ 1, 2, 4, 5, 7, 8, 9, 10, 12, 19, 22, 24, 25, 28, 29, 32, 
              34, 35, 36, 37, 42, 43, 52, 55, 61, 63 ] ), rec(
          DistVect := [ 0, 4, 4, 4, 4, 4, 4, 5, 4, 4, 4, 8, 8, 3, 4, 8, 8, 
              4, 7, 8, 8, 4, 7, 4, 8, 3, 4, 5, 9 ],
          eAdj := [ 1, 2, 4, 5, 7, 8, 9, 10, 12, 14, 15, 19, 20, 21, 22, 24, 
              25, 26, 29, 32, 37, 40, 43, 55, 61, 63 ] ), rec(
          DistVect := [ 0, 3, 4, 4, 3, 4, 5, 4, 3, 3, 4, 7, 8, 7, 4, 7, 8, 
              5, 8, 7, 8, 5, 8, 3, 8, 3, 5, 4, 5 ],
          eAdj := [ 3, 5, 6, 8, 9, 11, 12, 14, 15, 17, 19, 20, 21, 22, 24, 
              26, 32, 41, 43, 44, 49, 51, 55, 64, 65, 66 ] ), rec(
          DistVect := [ 0, 4, 4, 4, 4, 4, 4, 3, 4, 4, 4, 8, 8, 5, 4, 8, 8, 
              4, 7, 8, 8, 4, 7, 4, 8, 3, 4, 3, 7 ],
          eAdj := [ 1, 2, 4, 5, 6, 8, 9, 11, 12, 14, 15, 19, 20, 21, 22, 24, 
              25, 26, 29, 32, 37, 40, 43, 55, 62, 63 ] ), rec(
          DistVect := [ 0, 4, 4, 4, 4, 4, 4, 3, 4, 4, 4, 8, 8, 5, 4, 8, 8, 
              4, 7, 8, 8, 4, 7, 4, 8, 3, 4, 3, 5 ],
          eAdj := [ 1, 3, 4, 5, 6, 8, 9, 11, 12, 14, 15, 19, 20, 21, 22, 24, 
              26, 29, 32, 37, 40, 43, 51, 55, 63, 66 ] ), rec(
          DistVect := [ 0, 4, 4, 4, 4, 4, 4, 3, 4, 4, 4, 8, 8, 7, 4, 8, 8, 
              4, 7, 8, 8, 4, 7, 4, 8, 3, 4, 3, 5 ],
          eAdj := [ 1, 3, 4, 5, 6, 8, 9, 11, 12, 14, 15, 17, 19, 20, 21, 22, 
              24, 26, 32, 37, 40, 43, 49, 55, 62, 63 ] ), rec(
          DistVect := [ 0, 2, 1, 1, 1, 1, 1, 2, 1, 1, 2, 2, 1, 1, 1, 2, 2, 
              1, 2, 2, 2, 1, 2, 1, 2, 1, 1, 1, 1 ],
          eAdj := [ 1, 3, 4, 7, 10, 14, 19, 22, 23, 24, 26, 29, 32, 34, 38, 
              39, 40, 41, 42, 44, 45, 46, 50, 51, 52, 55, 57, 65, 66 ] ), 
      rec(
          DistVect := [ 0, 1, 1, 1, 1, 1, 1, 1, 1, 1, 1, 1, 2, 2, 1, 2, 2, 
              1, 2, 2, 2, 1, 2, 0, 2, 1, 2, 1, 1 ],
          eAdj := [ 3, 5, 6, 8, 11, 12, 14, 15, 17, 19, 20, 21, 22, 24, 26, 
              31, 32, 37, 41, 43, 44, 49, 51, 53, 55, 56, 64, 65, 66 ] ), 
      rec(
          DistVect := [ 0, 1, 1, 1, 1, 1, 1, 1, 2, 2, 0, 1, 2, 1, 1, 2, 2, 
              1, 1, 2, 2, 1, 1, 1, 2, 1, 1, 2, 2 ],
          eAdj := [ 1, 2, 4, 5, 14, 15, 17, 19, 20, 21, 22, 24, 26, 27, 30, 
              31, 32, 40, 47, 48, 49, 54, 58, 60, 61, 62, 63, 71 ] ), rec(
          DistVect := [ 0, 1, 1, 1, 1, 1, 1, 1, 1, 1, 1, 2, 2, 1, 1, 2, 1, 
              2, 1, 2, 1, 2, 1, 2, 1, 1, 1, 1, 2 ],
          eAdj := [ 2, 5, 9, 15, 16, 20, 22, 24, 25, 27, 28, 29, 30, 35, 36, 
              38, 39, 42, 47, 48, 54, 55, 58, 60, 67, 68, 71, 73 ] ), rec(
          DistVect := [ 0, 1, 1, 1, 1, 1, 1, 1, 1, 1, 1, 2, 2, 1, 1, 2, 2, 
              2, 1, 2, 2, 2, 1, 1, 1, 1, 1, 1, 2 ],
          eAdj := [ 2, 5, 9, 15, 19, 20, 21, 22, 24, 25, 27, 28, 29, 30, 32, 
              35, 36, 38, 39, 47, 48, 54, 55, 58, 60, 61, 62, 67, 68, 71 ] ),
      rec(
          DistVect := [ 0, 1, 1, 1, 1, 1, 1, 1, 1, 1, 1, 2, 1, 2, 1, 2, 2, 
              2, 1, 2, 2, 1, 2, 1, 1, 1, 1, 1, 2 ],
          eAdj := [ 1, 2, 6, 9, 15, 17, 19, 20, 21, 22, 24, 25, 28, 30, 32, 
              35, 36, 39, 47, 48, 49, 54, 55, 58, 60, 61, 62, 68, 71 ] ), 
      rec(
          DistVect := [ 0, 1, 1, 1, 1, 1, 1, 1, 1, 1, 1, 2, 2, 1, 2, 2, 2, 
              1, 1, 1, 2, 2, 2, 1, 2, 1, 1, 1, 1 ],
          eAdj := [ 3, 4, 5, 6, 8, 9, 10, 14, 18, 19, 20, 21, 24, 26, 29, 
              30, 32, 39, 40, 41, 43, 45, 50, 51, 52, 55, 56, 64, 65, 66 ] ),
      rec(
          DistVect := [ 0, 1, 1, 1, 1, 1, 1, 1, 1, 1, 1, 1, 1, 2, 1, 2, 2, 
              1, 2, 2, 2, 1, 2, 0, 1, 1, 1, 1, 2 ],
          eAdj := [ 1, 2, 4, 6, 11, 14, 15, 17, 19, 20, 21, 22, 24, 25, 28, 
              31, 32, 37, 40, 43, 47, 48, 49, 53, 54, 55, 56, 58, 62, 63 ] ),
      rec(
          DistVect := [ 0, 1, 1, 1, 1, 1, 1, 1, 1, 1, 1, 2, 1, 2, 1, 2, 2, 
              1, 2, 2, 2, 1, 2, 1, 1, 1, 2, 0, 2 ],
          eAdj := [ 2, 6, 9, 11, 15, 16, 17, 19, 20, 21, 22, 24, 25, 28, 29, 
              32, 35, 36, 37, 38, 39, 47, 48, 54, 55, 58, 61, 62, 68, 71 ] ),
      rec(
          DistVect := [ 0, 1, 2, 2, 0, 1, 2, 1, 1, 1, 1, 2, 2, 1, 1, 2, 2, 
              1, 1, 2, 2, 1, 1, 1, 2, 1, 1, 1, 1 ],
          eAdj := [ 1, 3, 4, 8, 9, 12, 14, 15, 20, 21, 22, 23, 24, 26, 27, 
              29, 30, 37, 38, 39, 42, 43, 45, 60, 61, 62, 63, 71 ] ), rec(
          DistVect := [ 0, 1, 1, 1, 1, 1, 1, 1, 1, 1, 1, 2, 2, 1, 1, 2, 2, 
              1, 1, 2, 2, 1, 1, 1, 2, 1, 1, 1, 1 ],
          eAdj := [ 1, 3, 4, 5, 8, 9, 12, 14, 15, 19, 20, 21, 22, 24, 26, 
              27, 29, 30, 32, 37, 38, 39, 40, 43, 45, 55, 60, 61, 62, 63 ] ),
      rec(
          DistVect := [ 0, 1, 1, 1, 1, 1, 1, 2, 1, 1, 1, 2, 2, 2, 1, 2, 2, 
              1, 2, 2, 2, 1, 2, 1, 2, 1, 1, 1, 1 ],
          eAdj := [ 1, 3, 4, 5, 8, 9, 12, 14, 15, 17, 19, 20, 21, 22, 23, 
              24, 26, 32, 37, 38, 39, 40, 41, 43, 44, 45, 51, 55, 60, 63 ] ),
      rec(
          DistVect := [ 0, 2, 1, 1, 1, 2, 1, 2, 1, 1, 2, 2, 2, 1, 1, 2, 2, 
              1, 2, 2, 2, 1, 2, 2, 2, 1, 1, 1, 2 ],
          eAdj := [ 1, 4, 7, 8, 10, 12, 16, 22, 23, 24, 25, 26, 29, 34, 35, 
              36, 38, 39, 42, 43, 45, 46, 50, 51, 52, 55, 61, 63 ] ), rec(
          DistVect := [ 0, 1, 1, 1, 1, 1, 2, 2, 1, 1, 1, 2, 2, 1, 1, 2, 2, 
              1, 2, 2, 2, 1, 2, 1, 3, 1, 2, 2, 2 ],
          eAdj := [ 3, 7, 8, 9, 10, 12, 14, 15, 19, 20, 21, 22, 23, 24, 26, 
              31, 32, 40, 41, 44, 45, 46, 50, 51, 55, 64, 65, 66 ] ), rec(
          DistVect := [ 0, 1, 1, 1, 1, 1, 1, 1, 2, 2, 0, 2, 2, 1, 1, 2, 1, 
              1, 1, 2, 1, 1, 1, 2, 2, 1, 1, 1, 2 ],
          eAdj := [ 2, 5, 9, 15, 16, 17, 20, 21, 22, 24, 25, 26, 27, 29, 30, 
              35, 36, 38, 39, 47, 48, 54, 58, 60, 61, 67, 68, 71, 73 ] ), 
      rec(
          DistVect := [ 0, 1, 2, 2, 0, 1, 1, 1, 1, 1, 1, 2, 2, 1, 1, 2, 2, 
              2, 1, 2, 2, 2, 1, 1, 1, 1, 1, 1, 2 ],
          eAdj := [ 2, 5, 9, 15, 20, 21, 22, 23, 24, 25, 26, 27, 28, 29, 30, 
              35, 36, 38, 39, 42, 48, 54, 58, 60, 62, 67, 68, 71, 73 ] ), 
      rec(
          DistVect := [ 0, 1, 1, 1, 1, 1, 0, 2, 1, 1, 1, 2, 1, 2, 1, 2, 2, 
              1, 2, 2, 2, 1, 2, 1, 1, 1, 1, 1, 2 ],
          eAdj := [ 1, 2, 4, 5, 9, 15, 17, 19, 20, 21, 22, 23, 24, 25, 26, 
              28, 32, 35, 36, 37, 38, 39, 47, 48, 54, 55, 58, 60, 61, 62, 71 
             ] ), rec(
          DistVect := [ 0, 1, 1, 1, 1, 1, 1, 1, 1, 2, 1, 1, 2, 0, 2, 2, 1, 
              1, 1, 1, 2, 1, 2, 2, 2, 1, 1, 1, 2 ],
          eAdj := [ 1, 2, 5, 6, 7, 8, 10, 16, 18, 20, 24, 25, 26, 29, 30, 
              32, 34, 36, 39, 40, 42, 43, 45, 50, 51, 52, 61, 63, 66 ] ), 
      rec(
          DistVect := [ 0, 1, 2, 1, 0, 1, 2, 1, 1, 1, 1, 2, 2, 1, 2, 2, 2, 
              1, 1, 1, 2, 2, 2, 1, 2, 1, 1, 1, 1 ],
          eAdj := [ 3, 4, 6, 8, 9, 10, 14, 18, 20, 21, 22, 23, 24, 26, 29, 
              30, 32, 39, 40, 41, 42, 43, 45, 50, 51, 55, 63, 65, 66 ] ), 
      rec(
          DistVect := [ 0, 1, 1, 1, 1, 1, 1, 1, 1, 1, 1, 2, 2, 1, 2, 2, 2, 
              1, 1, 1, 1, 2, 2, 1, 2, 1, 1, 2, 1 ],
          eAdj := [ 3, 4, 5, 6, 8, 9, 10, 14, 18, 19, 20, 21, 24, 26, 30, 
              31, 41, 44, 45, 49, 50, 51, 52, 55, 56, 64, 65, 66, 72 ] ), 
      rec(
          DistVect := [ 0, 1, 1, 1, 1, 2, 1, 2, 1, 1, 1, 2, 2, 1, 1, 2, 2, 
              1, 2, 2, 1, 1, 1, 2, 2, 1, 1, 1, 2 ],
          eAdj := [ 4, 5, 7, 8, 12, 15, 16, 20, 22, 23, 24, 25, 26, 27, 29, 
              35, 36, 37, 38, 39, 42, 45, 54, 55, 60, 61, 62, 67, 71 ] ), 
      rec(
          DistVect := [ 0, 1, 1, 1, 1, 1, 1, 2, 1, 1, 1, 2, 2, 2, 1, 2, 2, 
              1, 2, 2, 2, 1, 2, 1, 2, 1, 1, 2, 2 ],
          eAdj := [ 1, 4, 5, 8, 9, 12, 14, 15, 17, 19, 20, 21, 22, 23, 24, 
              26, 31, 32, 37, 40, 41, 43, 44, 48, 49, 54, 55, 60, 63 ] ), 
      rec(
          DistVect := [ 0, 1, 1, 1, 1, 1, 1, 2, 1, 1, 1, 2, 2, 2, 1, 2, 2, 
              1, 2, 2, 2, 1, 2, 1, 2, 1, 1, 1, 2 ],
          eAdj := [ 1, 4, 5, 8, 9, 12, 14, 15, 17, 19, 20, 21, 22, 23, 24, 
              25, 26, 32, 37, 38, 39, 40, 43, 48, 54, 55, 60, 61, 62, 63, 71 
             ] ), rec(
          DistVect := [ 0, 1, 1, 1, 1, 1, 1, 1, 1, 1, 1, 2, 2, 2, 1, 2, 2, 
              1, 1, 2, 2, 1, 2, 1, 2, 1, 1, 1, 1 ],
          eAdj := [ 1, 3, 4, 5, 6, 8, 9, 12, 14, 15, 17, 19, 20, 21, 22, 24, 
              26, 30, 32, 37, 39, 40, 41, 43, 48, 49, 55, 60, 62, 63 ] ), 
      rec(
          DistVect := [ 0, 1, 1, 1, 1, 1, 1, 2, 1, 1, 1, 2, 2, 1, 1, 2, 2, 
              1, 2, 2, 2, 1, 1, 1, 2, 1, 1, 2, 2 ],
          eAdj := [ 1, 4, 5, 7, 8, 9, 12, 14, 15, 19, 20, 21, 22, 23, 24, 
              26, 27, 31, 32, 37, 38, 40, 43, 44, 45, 54, 55, 60, 61, 63 ] ),
      rec(
          DistVect := [ 0, 2, 1, 1, 1, 1, 1, 2, 1, 1, 2, 2, 2, 1, 1, 2, 2, 
              1, 2, 2, 2, 1, 2, 1, 2, 1, 1, 1, 2 ],
          eAdj := [ 1, 4, 7, 8, 10, 12, 14, 19, 22, 23, 24, 25, 26, 29, 32, 
              34, 38, 39, 40, 42, 43, 45, 46, 50, 51, 52, 55, 61, 63, 65, 66 
             ] ), rec(
          DistVect := [ 0, 1, 1, 1, 1, 2, 2, 2, 1, 1, 1, 2, 2, 1, 1, 2, 2, 
              1, 2, 2, 2, 1, 2, 2, 3, 1, 1, 1, 2 ],
          eAdj := [ 1, 3, 4, 7, 8, 10, 12, 14, 15, 16, 20, 22, 23, 24, 25, 
              26, 29, 38, 39, 40, 42, 43, 45, 46, 50, 51, 55, 61, 63 ] ), 
      rec(
          DistVect := [ 0, 1, 1, 1, 1, 2, 1, 2, 1, 1, 1, 2, 2, 1, 1, 2, 2, 
              1, 2, 2, 2, 1, 2, 2, 2, 1, 2, 1, 3 ],
          eAdj := [ 2, 5, 7, 8, 10, 12, 15, 16, 20, 22, 23, 24, 25, 26, 28, 
              29, 35, 36, 37, 38, 39, 42, 48, 54, 55, 61, 62, 67, 71 ] ), 
      rec(
          DistVect := [ 0, 2, 1, 1, 1, 1, 0, 2, 1, 1, 2, 2, 2, 1, 1, 2, 2, 
              1, 2, 2, 2, 1, 2, 1, 1, 1, 1, 1, 2 ],
          eAdj := [ 1, 2, 4, 5, 7, 8, 10, 12, 19, 22, 23, 24, 25, 26, 28, 
              29, 32, 34, 35, 36, 37, 38, 39, 42, 43, 45, 51, 52, 55, 61, 63 
             ] ), rec(
          DistVect := [ 0, 1, 1, 1, 1, 1, 1, 1, 1, 1, 1, 2, 2, 1, 1, 2, 1, 
              1, 1, 2, 2, 1, 2, 2, 2, 1, 1, 1, 2 ],
          eAdj := [ 1, 2, 5, 6, 8, 9, 10, 12, 15, 16, 20, 22, 24, 25, 26, 
              29, 30, 32, 35, 36, 37, 38, 39, 42, 48, 55, 61, 62, 63, 71 ] ),
      rec(
          DistVect := [ 0, 1, 1, 1, 1, 1, 1, 1, 1, 1, 1, 2, 2, 1, 1, 2, 2, 
              1, 1, 2, 2, 1, 2, 1, 2, 1, 1, 2, 2 ],
          eAdj := [ 1, 2, 4, 5, 6, 8, 9, 10, 12, 14, 15, 19, 20, 21, 22, 24, 
              26, 30, 31, 32, 37, 40, 41, 43, 48, 49, 55, 56, 63, 66 ] ), 
      rec(
          DistVect := [ 0, 1, 1, 1, 1, 1, 1, 2, 1, 1, 1, 2, 2, 1, 1, 2, 2, 
              1, 2, 2, 2, 1, 2, 1, 2, 1, 1, 1, 2 ],
          eAdj := [ 1, 4, 5, 7, 8, 9, 10, 12, 14, 15, 19, 20, 21, 22, 23, 
              24, 25, 26, 29, 32, 37, 38, 39, 40, 42, 43, 45, 51, 55, 61, 63 
             ] ), rec(
          DistVect := [ 0, 1, 1, 1, 1, 1, 1, 1, 1, 1, 1, 2, 2, 2, 1, 2, 2, 
              1, 2, 2, 2, 1, 2, 1, 2, 1, 1, 0, 1 ],
          eAdj := [ 1, 3, 4, 5, 6, 8, 9, 11, 12, 14, 15, 16, 17, 19, 20, 21, 
              22, 24, 25, 26, 29, 32, 37, 38, 39, 40, 43, 51, 55, 62, 63 ] ),
      rec(
          DistVect := [ 0, 0, 1, 1, 0, 1, 0, 1, 1, 1, 0, 1, 0, 1, 0, 1, 0, 
              1, 0, 1, 0, 1, 0, 1, 0, 1, 1, 0, 1 ],
          eAdj := [ 2, 5, 9, 15, 16, 17, 20, 21, 22, 23, 24, 25, 26, 27, 28, 
              29, 30, 35, 36, 38, 39, 42, 47, 48, 54, 58, 60, 67, 68, 73 ] ),
      rec(
          DistVect := [ 0, 1, 1, 1, 1, 1, 1, 1, 0, 1, 2, 2, 1, 1, 1, 2, 2, 
              1, 1, 2, 2, 1, 2, 1, 2, 1, 1, 1, 1 ],
          eAdj := [ 1, 3, 4, 6, 7, 8, 9, 10, 14, 19, 20, 22, 24, 26, 29, 30, 
              32, 34, 39, 40, 41, 42, 43, 45, 46, 50, 51, 52, 55, 65, 66 ] ),
      rec(
          DistVect := [ 0, 1, 1, 1, 1, 1, 1, 1, 1, 2, 1, 2, 2, 0, 2, 2, 2, 
              1, 1, 1, 1, 1, 2, 1, 2, 1, 1, 2, 2 ],
          eAdj := [ 2, 4, 5, 6, 7, 8, 9, 10, 14, 18, 19, 20, 21, 24, 26, 29, 
              30, 31, 34, 40, 41, 45, 50, 51, 52, 56, 64, 65, 66, 72 ] ), 
      rec(
          DistVect := [ 0, 1, 1, 1, 1, 1, 2, 0, 1, 1, 1, 2, 2, 1, 1, 2, 2, 
              2, 1, 2, 2, 2, 1, 1, 1, 1, 1, 1, 2 ],
          eAdj := [ 2, 6, 9, 11, 15, 19, 20, 21, 22, 24, 25, 27, 28, 29, 30, 
              32, 33, 35, 36, 47, 48, 49, 54, 55, 58, 61, 62, 63, 68, 71 ] ),
      rec(
          DistVect := [ 0, 1, 1, 1, 1, 1, 1, 1, 1, 1, 1, 2, 1, 2, 1, 2, 2, 
              1, 2, 2, 2, 1, 2, 1, 1, 1, 1, 1, 2 ],
          eAdj := [ 1, 2, 4, 6, 9, 11, 15, 17, 19, 20, 21, 22, 24, 25, 28, 
              32, 35, 36, 37, 40, 47, 48, 49, 54, 55, 58, 61, 62, 63, 71 ] ),
      rec(
          DistVect := [ 0, 1, 1, 1, 1, 1, 1, 1, 1, 1, 1, 2, 2, 1, 1, 2, 2, 
              1, 2, 2, 2, 2, 1, 1, 1, 1, 1, 1, 2 ],
          eAdj := [ 2, 4, 5, 7, 8, 9, 11, 15, 19, 20, 21, 22, 24, 25, 27, 
              28, 29, 32, 35, 36, 37, 38, 47, 48, 54, 55, 58, 61, 62, 63, 71 
             ] ), rec(
          DistVect := [ 0, 1, 1, 2, 0, 1, 1, 1, 1, 1, 1, 2, 2, 1, 2, 1, 2, 
              1, 2, 2, 2, 2, 1, 1, 1, 1, 1, 1, 2 ],
          eAdj := [ 2, 4, 5, 7, 8, 9, 11, 13, 15, 19, 21, 22, 23, 24, 25, 
              26, 27, 28, 29, 35, 37, 38, 42, 43, 54, 55, 61, 62, 63, 71 ] ),
      rec(
          DistVect := [ 0, 1, 1, 1, 1, 2, 1, 2, 1, 1, 1, 3, 2, 2, 1, 2, 2, 
              1, 2, 2, 2, 1, 2, 2, 2, 1, 1, 1, 2 ],
          eAdj := [ 1, 4, 5, 8, 9, 12, 15, 16, 17, 20, 21, 22, 23, 24, 25, 
              26, 29, 35, 36, 37, 38, 39, 42, 48, 54, 55, 60, 61, 62, 71 ] ),
      rec(
          DistVect := [ 0, 1, 1, 1, 1, 1, 1, 1, 1, 1, 1, 2, 2, 1, 1, 2, 2, 
              1, 1, 2, 2, 1, 1, 1, 2, 1, 1, 2, 1 ],
          eAdj := [ 1, 3, 4, 5, 8, 9, 12, 14, 15, 19, 20, 21, 22, 24, 26, 
              27, 30, 31, 32, 37, 40, 41, 43, 44, 45, 49, 55, 60, 63, 66 ] ),
      rec(
          DistVect := [ 0, 1, 1, 1, 1, 1, 1, 1, 1, 1, 1, 1, 2, 0, 1, 2, 1, 
              1, 1, 2, 1, 1, 1, 2, 2, 1, 1, 1, 2 ],
          eAdj := [ 2, 5, 7, 8, 10, 12, 15, 16, 20, 22, 24, 25, 26, 27, 29, 
              30, 34, 35, 36, 37, 38, 39, 42, 45, 55, 61, 62, 63, 67, 71 ] ),
      rec(
          DistVect := [ 0, 1, 1, 1, 1, 2, 1, 2, 1, 1, 1, 2, 2, 1, 1, 2, 2, 
              1, 2, 2, 2, 1, 2, 2, 2, 1, 1, 1, 2 ],
          eAdj := [ 1, 4, 5, 7, 8, 10, 12, 15, 16, 20, 22, 23, 24, 25, 26, 
              29, 35, 36, 37, 38, 39, 42, 43, 45, 51, 55, 61, 62, 63, 71 ] ),
      rec(
          DistVect := [ 0, 1, 1, 0, 1, 2, 1, 2, 1, 1, 1, 2, 2, 1, 1, 2, 2, 
              1, 2, 1, 2, 1, 2, 2, 2, 1, 1, 1, 2 ],
          eAdj := [ 1, 4, 5, 6, 7, 8, 10, 12, 16, 18, 20, 22, 23, 24, 25, 
              26, 29, 32, 36, 38, 39, 40, 42, 43, 45, 50, 51, 52, 55, 61, 63 
             ] ), rec(
          DistVect := [ 0, 1, 1, 1, 1, 1, 1, 1, 1, 1, 1, 2, 2, 1, 1, 2, 2, 
              1, 1, 2, 2, 1, 2, 1, 2, 1, 1, 1, 2 ],
          eAdj := [ 1, 2, 4, 5, 6, 8, 9, 10, 12, 14, 15, 19, 20, 21, 22, 24, 
              25, 26, 29, 30, 32, 36, 37, 39, 40, 43, 48, 55, 61, 62, 63 ] ),
      rec(
          DistVect := [ 0, 1, 1, 1, 1, 1, 1, 1, 1, 1, 1, 2, 2, 1, 1, 2, 2, 
              1, 1, 2, 2, 1, 2, 1, 2, 1, 1, 1, 1 ],
          eAdj := [ 1, 3, 4, 5, 6, 8, 9, 10, 12, 14, 15, 19, 20, 21, 22, 24, 
              26, 29, 30, 32, 37, 39, 40, 41, 43, 45, 50, 51, 55, 63, 66 ] ),
      rec(
          DistVect := [ 0, 2, 1, 1, 1, 1, 1, 2, 1, 1, 2, 3, 2, 1, 1, 2, 2, 
              1, 2, 2, 2, 1, 2, 1, 2, 1, 1, 2, 2 ],
          eAdj := [ 1, 4, 7, 8, 9, 10, 12, 14, 19, 21, 22, 23, 24, 26, 29, 
              31, 32, 34, 40, 41, 42, 44, 45, 46, 50, 51, 52, 55, 65, 66 ] ),
      rec(
          DistVect := [ 0, 1, 1, 1, 1, 1, 1, 2, 1, 1, 1, 2, 2, 1, 1, 2, 2, 
              1, 2, 2, 2, 1, 2, 1, 2, 1, 1, 2, 2 ],
          eAdj := [ 1, 4, 5, 7, 8, 9, 10, 12, 14, 15, 19, 20, 21, 22, 23, 
              24, 26, 31, 32, 37, 40, 41, 43, 44, 45, 51, 55, 63, 65, 66 ] ),
      rec(
          DistVect := [ 0, 1, 1, 1, 1, 1, 1, 2, 1, 1, 1, 2, 2, 1, 1, 2, 2, 
              1, 2, 2, 2, 1, 2, 1, 2, 1, 1, 2, 3 ],
          eAdj := [ 1, 2, 4, 5, 7, 8, 9, 10, 12, 14, 15, 19, 20, 21, 22, 23, 
              24, 25, 26, 28, 31, 32, 37, 40, 43, 48, 54, 55, 61, 63 ] ), 
      rec(
          DistVect := [ 0, 1, 1, 1, 1, 1, 1, 1, 0, 1, 2, 2, 2, 1, 1, 2, 2, 
              2, 1, 2, 2, 1, 2, 1, 1, 1, 1, 1, 2 ],
          eAdj := [ 1, 2, 5, 6, 7, 8, 9, 10, 12, 19, 20, 22, 24, 25, 28, 29, 
              30, 32, 34, 35, 36, 37, 39, 42, 43, 48, 52, 55, 61, 62, 63 ] ),
      rec(
          DistVect := [ 0, 1, 1, 0, 1, 1, 1, 2, 1, 1, 1, 2, 2, 1, 1, 2, 2, 
              1, 2, 1, 1, 1, 2, 1, 2, 1, 1, 2, 2 ],
          eAdj := [ 4, 5, 6, 7, 8, 9, 10, 12, 14, 18, 19, 20, 21, 22, 23, 
              24, 26, 31, 32, 40, 41, 44, 45, 50, 51, 52, 55, 56, 64, 65, 66 
             ] ), rec(
          DistVect := [ 0, 1, 1, 1, 1, 1, 1, 1, 1, 1, 1, 2, 2, 2, 1, 2, 2, 
              1, 2, 2, 2, 1, 2, 1, 2, 1, 1, 1, 2 ],
          eAdj := [ 1, 2, 4, 5, 6, 8, 9, 11, 12, 14, 15, 17, 19, 20, 21, 22, 
              24, 25, 26, 32, 37, 40, 43, 47, 48, 49, 54, 55, 62, 63 ] ), 
      rec(
          DistVect := [ 0, 1, 1, 1, 1, 1, 1, 1, 1, 1, 1, 2, 2, 2, 1, 2, 2, 
              1, 2, 2, 2, 1, 2, 1, 2, 1, 1, 1, 1 ],
          eAdj := [ 1, 3, 4, 5, 6, 8, 9, 11, 12, 14, 15, 17, 19, 20, 21, 22, 
              24, 26, 32, 37, 40, 41, 43, 44, 49, 51, 55, 63, 64, 66 ] ), 
      rec(
          DistVect := [ 0, 1, 1, 1, 1, 1, 1, 1, 1, 1, 1, 2, 2, 1, 1, 2, 2, 
              1, 2, 2, 2, 1, 2, 1, 2, 1, 1, 1, 2 ],
          eAdj := [ 1, 2, 4, 5, 6, 7, 8, 9, 10, 11, 12, 14, 15, 19, 20, 21, 
              22, 24, 25, 26, 29, 32, 37, 40, 43, 51, 52, 55, 63, 66 ] ), 
      rec(
          DistVect := [ 0, 1, 1, 1, 1, 1, 1, 1, 1, 1, 1, 2, 2, 1, 1, 2, 2, 
              2, 1, 2, 2, 2, 1, 1, 1, 1, 0, 2, 2 ],
          eAdj := [ 1, 2, 4, 5, 9, 14, 15, 19, 20, 21, 22, 24, 25, 27, 28, 
              30, 31, 32, 35, 36, 47, 48, 49, 54, 55, 58, 60, 61, 62, 63, 71 
             ] ), rec(
          DistVect := [ 0, 1, 1, 1, 1, 1, 1, 1, 1, 1, 1, 2, 2, 1, 2, 2, 1, 
              1, 1, 1, 2, 2, 2, 2, 2, 1, 0, 1, 1 ],
          eAdj := [ 1, 3, 4, 5, 6, 8, 9, 10, 14, 16, 18, 20, 24, 25, 26, 29, 
              30, 32, 36, 39, 40, 41, 42, 43, 45, 50, 51, 52, 55, 63, 66 ] ),
      rec(
          DistVect := [ 0, 1, 1, 1, 1, 1, 1, 1, 1, 1, 1, 2, 2, 1, 1, 2, 1, 
              1, 1, 2, 1, 1, 1, 2, 2, 1, 1, 1, 2 ],
          eAdj := [ 2, 5, 8, 9, 12, 15, 16, 20, 22, 24, 25, 26, 27, 29, 30, 
              35, 36, 37, 38, 39, 42, 48, 54, 55, 58, 60, 61, 62, 67, 68, 71 
             ] ), rec(
          DistVect := [ 0, 1, 1, 1, 1, 1, 1, 1, 1, 1, 1, 2, 2, 1, 1, 2, 2, 
              1, 1, 2, 2, 1, 1, 1, 2, 1, 1, 2, 2 ],
          eAdj := [ 1, 2, 4, 5, 8, 9, 12, 14, 15, 19, 20, 21, 22, 24, 26, 
              27, 30, 31, 32, 37, 40, 43, 48, 49, 54, 55, 58, 60, 61, 62, 63 
             ] ), rec(
          DistVect := [ 0, 1, 1, 1, 1, 1, 1, 1, 1, 1, 1, 2, 2, 1, 1, 2, 1, 
              1, 1, 2, 1, 1, 1, 2, 2, 1, 0, 1, 1 ],
          eAdj := [ 1, 3, 4, 5, 8, 9, 12, 14, 15, 16, 20, 22, 24, 25, 26, 
              27, 29, 30, 35, 36, 37, 38, 39, 42, 45, 55, 60, 61, 62, 63, 71 
             ] ), rec(
          DistVect := [ 0, 1, 1, 1, 1, 1, 1, 1, 1, 1, 1, 2, 2, 1, 2, 2, 1, 
              1, 1, 1, 2, 1, 2, 2, 2, 1, 1, 1, 2 ],
          eAdj := [ 1, 2, 5, 6, 8, 9, 10, 12, 16, 18, 20, 24, 25, 26, 29, 
              30, 32, 36, 37, 39, 40, 42, 43, 48, 50, 51, 52, 55, 61, 62, 63 
             ] ), rec(
          DistVect := [ 0, 1, 1, 1, 1, 1, 1, 1, 1, 1, 1, 2, 2, 0, 1, 2, 2, 
              1, 1, 2, 2, 1, 1, 1, 2, 1, 1, 2, 2 ],
          eAdj := [ 1, 2, 4, 5, 7, 8, 9, 10, 12, 14, 15, 19, 20, 21, 22, 24, 
              26, 27, 29, 30, 31, 32, 34, 37, 40, 43, 45, 55, 61, 63, 66 ] ),
      rec(
          DistVect := [ 0, 1, 1, 1, 1, 1, 1, 0, 1, 1, 1, 2, 2, 1, 1, 2, 2, 
              1, 1, 2, 2, 1, 1, 1, 2, 1, 1, 1, 1 ],
          eAdj := [ 1, 2, 3, 4, 5, 6, 8, 9, 11, 12, 14, 15, 19, 20, 21, 22, 
              24, 26, 27, 29, 30, 32, 33, 37, 40, 43, 49, 55, 62, 63, 66 ] ),
      rec(
          DistVect := [ 0, 1, 0, 0, 1, 0, 1, 0, 1, 1, 0, 1, 0, 1, 0, 1, 0, 
              1, 0, 1, 0, 1, 0, 1, 0, 1, 1, 0, 1 ],
          eAdj := [ 2, 6, 9, 11, 15, 16, 17, 19, 20, 21, 22, 24, 25, 27, 28, 
              29, 30, 32, 33, 35, 36, 38, 39, 47, 48, 49, 54, 55, 58, 60, 
              61, 67, 68, 71, 73 ] ), rec(
          DistVect := [ 0, 0, 1, 1, 0, 0, 0, 1, 1, 1, 0, 0, 0, 1, 0, 1, 1, 
              1, 0, 1, 1, 1, 0, 0, 0, 1, 0, 1, 1 ],
          eAdj := [ 1, 2, 4, 5, 9, 14, 15, 17, 19, 20, 21, 22, 23, 24, 25, 
              26, 27, 28, 30, 31, 32, 35, 36, 38, 39, 47, 48, 49, 54, 58, 
              60, 61, 62, 67, 68, 71, 73 ] ), rec(
          DistVect := [ 0, 1, 0, 0, 1, 1, 1, 0, 1, 1, 0, 0, 0, 1, 0, 1, 1, 
              1, 0, 1, 1, 1, 0, 0, 0, 1, 0, 1, 1 ],
          eAdj := [ 1, 2, 4, 6, 11, 14, 15, 17, 19, 20, 21, 22, 24, 25, 27, 
              28, 30, 31, 32, 33, 35, 36, 40, 47, 48, 49, 53, 54, 55, 56, 
              58, 60, 61, 62, 63, 68, 71 ] ), rec(
          DistVect := [ 0, 0, 1, 1, 0, 0, 1, 1, 1, 1, 0, 0, 1, 1, 0, 1, 1, 
              0, 0, 1, 1, 0, 0, 0, 1, 1, 1, 1, 0 ],
          eAdj := [ 1, 3, 4, 5, 8, 9, 12, 14, 15, 17, 19, 20, 21, 22, 23, 
              24, 26, 27, 30, 31, 32, 37, 38, 39, 40, 41, 43, 44, 45, 48, 
              49, 54, 58, 60, 61, 62, 63, 71 ] ), rec(
          DistVect := [ 0, 1, 1, 1, 0, 1, 0, 1, 0, 0, 1, 0, 1, 0, 0, 1, 0, 
              1, 0, 1, 0, 1, 0, 1, 0, 1, 1, 0, 1 ],
          eAdj := [ 2, 5, 7, 8, 10, 12, 15, 16, 20, 22, 23, 24, 25, 26, 27, 
              28, 29, 30, 34, 35, 36, 37, 38, 39, 42, 45, 48, 54, 55, 58, 
              60, 62, 67, 68, 71, 73 ] ), rec(
          DistVect := [ 0, 1, 1, 0, 0, 1, 1, 1, 0, 1, 1, 0, 0, 0, 1, 1, 0, 
              0, 0, 0, 1, 1, 1, 1, 1, 1, 0, 0, 0 ],
          eAdj := [ 1, 3, 4, 6, 7, 8, 10, 14, 16, 18, 20, 22, 23, 24, 25, 
              26, 29, 30, 32, 34, 36, 38, 39, 40, 41, 42, 43, 45, 46, 50, 
              51, 52, 55, 57, 61, 63, 65, 66 ] ), rec(
          DistVect := [ 0, 1, 1, 0, 0, 0, 1, 1, 0, 1, 1, 1, 0, 0, 1, 1, 1, 
              0, 0, 0, 0, 1, 1, 0, 1, 1, 1, 1, 0 ],
          eAdj := [ 3, 4, 6, 7, 8, 9, 10, 14, 18, 19, 20, 21, 22, 23, 24, 
              26, 29, 30, 31, 32, 34, 39, 40, 41, 42, 44, 45, 46, 50, 51, 
              52, 55, 56, 57, 64, 65, 66, 69, 72 ] ), rec(
          DistVect := [ 0, 0, 1, 1, 0, 1, 1, 1, 1, 1, 0, 1, 1, 1, 0, 1, 0, 
              0, 0, 1, 0, 0, 0, 1, 1, 1, 0, 0, 0 ],
          eAdj := [ 1, 3, 4, 5, 8, 9, 12, 14, 15, 16, 17, 20, 21, 22, 23, 
              24, 25, 26, 27, 29, 30, 35, 36, 37, 38, 39, 42, 45, 48, 54, 
              58, 60, 61, 62, 67, 68, 71, 73 ] ), rec(
          DistVect := [ 0, 1, 1, 1, 0, 1, 1, 1, 0, 0, 1, 0, 0, 0, 0, 1, 0, 
              0, 0, 1, 0, 0, 0, 1, 1, 1, 0, 0, 0 ],
          eAdj := [ 1, 3, 4, 7, 8, 10, 12, 14, 15, 16, 20, 22, 23, 24, 25, 
              26, 27, 29, 30, 34, 35, 36, 37, 38, 39, 42, 43, 45, 46, 50, 
              51, 55, 60, 61, 62, 63, 67, 71 ] ), rec(
          DistVect := [ 0, 1, 1, 0, 0, 1, 0, 1, 0, 1, 1, 0, 1, 0, 1, 1, 0, 
              1, 0, 0, 1, 0, 1, 1, 0, 1, 1, 0, 1 ],
          eAdj := [ 1, 2, 5, 6, 7, 8, 10, 12, 16, 18, 20, 22, 23, 24, 25, 
              26, 28, 29, 30, 32, 34, 35, 36, 37, 38, 39, 42, 43, 45, 48, 
              50, 51, 52, 55, 61, 62, 63, 67, 71 ] ), rec(
          DistVect := [ 0, 0, 1, 0, 0, 0, 1, 1, 1, 0, 0, 0, 1, 1, 1, 1, 1, 
              0, 0, 0, 0, 1, 1, 0, 1, 1, 1, 1, 0 ],
          eAdj := [ 3, 4, 5, 6, 8, 9, 10, 12, 14, 15, 17, 18, 19, 20, 21, 
              22, 23, 24, 26, 30, 31, 32, 37, 39, 40, 41, 43, 44, 45, 48, 
              49, 50, 51, 55, 56, 60, 63, 64, 65, 66 ] ), rec(
          DistVect := [ 0, 0, 0, 1, 0, 1, 0, 1, 0, 1, 0, 1, 0, 1, 1, 0, 1, 
              0, 1, 1, 0, 1, 0, 1, 0, 1, 1, 0, 1 ],
          eAdj := [ 2, 4, 5, 7, 8, 9, 11, 13, 15, 16, 17, 19, 20, 21, 22, 
              23, 24, 25, 26, 27, 28, 29, 35, 36, 37, 38, 39, 42, 47, 48, 
              54, 55, 58, 60, 61, 62, 67, 68, 71, 73 ] ), rec(
          DistVect := [ 0, 1, 1, 1, 0, 0, 1, 1, 0, 0, 1, 1, 0, 0, 0, 1, 1, 
              0, 0, 1, 1, 0, 0, 0, 1, 1, 1, 1, 0 ],
          eAdj := [ 1, 3, 4, 7, 8, 9, 10, 12, 14, 15, 19, 20, 21, 22, 23, 
              24, 26, 27, 29, 30, 31, 32, 34, 37, 38, 39, 40, 41, 42, 43, 
              44, 45, 46, 50, 51, 55, 60, 61, 63, 65, 66 ] ), rec(
          DistVect := [ 0, 1, 0, 0, 1, 1, 0, 0, 1, 1, 0, 0, 1, 1, 0, 1, 1, 
              0, 0, 1, 1, 0, 0, 0, 1, 1, 1, 1, 0 ],
          eAdj := [ 1, 2, 3, 4, 5, 6, 8, 11, 12, 14, 15, 17, 19, 20, 21, 22, 
              24, 26, 27, 30, 31, 32, 33, 37, 40, 41, 43, 44, 47, 48, 49, 
              53, 54, 55, 56, 58, 60, 62, 63, 64, 66 ] ), rec(
          DistVect := [ 0, 0, 0, 0, 1, 0, 1, 0, 0, 0, 1, 0, 1, 0, 0, 1, 0, 
              1, 0, 1, 0, 1, 0, 1, 0, 1, 1, 0, 1 ],
          eAdj := [ 2, 5, 6, 7, 8, 9, 10, 11, 12, 15, 16, 19, 20, 22, 24, 
              25, 27, 28, 29, 30, 32, 33, 34, 35, 36, 37, 38, 39, 42, 47, 
              48, 52, 54, 55, 58, 61, 62, 63, 67, 68, 71 ] ), rec(
          DistVect := [ 0, 0, 0, 1, 0, 0, 0, 1, 0, 1, 0, 0, 0, 1, 1, 0, 0, 
              0, 1, 1, 1, 1, 0, 0, 0, 1, 0, 1, 1 ],
          eAdj := [ 1, 2, 4, 5, 7, 8, 9, 11, 13, 14, 15, 17, 19, 20, 21, 22, 
              23, 24, 25, 26, 27, 28, 31, 32, 35, 37, 38, 40, 43, 44, 47, 
              48, 49, 53, 54, 55, 58, 60, 61, 62, 63, 71 ] ), rec(
          DistVect := [ 0, 0, 1, 0, 0, 1, 1, 1, 1, 0, 0, 1, 1, 1, 1, 1, 0, 
              0, 0, 0, 1, 1, 1, 1, 1, 1, 0, 0, 0 ],
          eAdj := [ 1, 3, 4, 5, 6, 8, 9, 10, 12, 14, 15, 16, 17, 18, 20, 21, 
              22, 23, 24, 25, 26, 29, 30, 32, 36, 37, 38, 39, 40, 41, 42, 
              43, 45, 48, 50, 51, 55, 60, 61, 62, 63, 71 ] ), rec(
          DistVect := [ 0, 1, 1, 1, 0, 0, 0, 1, 0, 0, 1, 1, 1, 0, 0, 1, 1, 
              1, 0, 1, 1, 1, 0, 0, 0, 1, 0, 1, 1 ],
          eAdj := [ 1, 2, 4, 5, 7, 8, 9, 10, 12, 14, 15, 19, 20, 21, 22, 23, 
              24, 25, 26, 27, 28, 29, 30, 31, 32, 34, 35, 36, 37, 38, 39, 
              42, 43, 45, 48, 54, 55, 58, 60, 61, 62, 63, 67, 71 ] ), rec(
          DistVect := [ 0, 1, 1, 0, 0, 0, 0, 1, 0, 1, 1, 1, 1, 0, 1, 1, 1, 
              1, 0, 0, 0, 0, 1, 0, 0, 1, 0, 1, 1 ],
          eAdj := [ 1, 2, 4, 5, 6, 7, 8, 9, 10, 12, 14, 18, 19, 20, 21, 22, 
              23, 24, 25, 26, 28, 29, 30, 31, 32, 34, 36, 37, 39, 40, 41, 
              42, 43, 45, 48, 50, 51, 52, 55, 56, 61, 63, 65, 66 ] ), rec(
          DistVect := [ 0, 1, 0, 0, 1, 0, 0, 0, 1, 1, 0, 1, 1, 1, 0, 1, 0, 
              0, 0, 1, 0, 0, 0, 1, 1, 1, 0, 0, 0 ],
          eAdj := [ 1, 2, 3, 4, 5, 6, 8, 9, 11, 12, 14, 15, 16, 17, 19, 20, 
              21, 22, 24, 25, 26, 27, 29, 30, 32, 33, 35, 36, 37, 38, 39, 
              40, 47, 48, 49, 54, 55, 58, 60, 61, 62, 63, 68, 71 ] ), rec(
          DistVect := [ 0, 0, 0, 0, 1, 1, 1, 0, 0, 0, 1, 1, 1, 0, 0, 1, 1, 
              1, 0, 1, 1, 1, 0, 0, 0, 1, 0, 1, 1 ],
          eAdj := [ 1, 2, 4, 5, 6, 7, 8, 9, 10, 11, 12, 14, 15, 19, 20, 21, 
              22, 24, 25, 27, 28, 29, 30, 31, 32, 33, 34, 35, 36, 37, 40, 
              43, 47, 48, 49, 52, 53, 54, 55, 56, 58, 61, 62, 63, 66 ] ), 
      rec(
          DistVect := [ 0, 0, 0, 0, 0, 0, 0, 1, 0, 0, 0, 0, 0, 1, 0, 0, 0, 
              0, 1, 0, 0, 0, 1, 0, 0, 1, 0, 1, 1 ],
          eAdj := [ 1, 2, 4, 5, 6, 7, 8, 9, 10, 11, 12, 13, 14, 15, 17, 18, 
              19, 20, 21, 22, 23, 24, 25, 26, 28, 31, 32, 37, 40, 41, 43, 
              44, 47, 48, 49, 51, 52, 53, 54, 55, 56, 63, 64, 65, 66 ] ), 
      rec(
          DistVect := [ 0, 0, 0, 0, 0, 1, 0, 1, 0, 0, 0, 1, 0, 1, 0, 0, 1, 
              0, 1, 0, 1, 0, 1, 1, 0, 1, 1, 0, 1 ],
          eAdj := [ 1, 2, 4, 5, 6, 7, 8, 9, 10, 11, 12, 13, 15, 16, 17, 18, 
              19, 20, 21, 22, 23, 24, 25, 26, 28, 29, 32, 35, 36, 37, 38, 
              39, 40, 42, 43, 47, 48, 51, 52, 54, 55, 61, 62, 63, 71 ] ), 
      rec(
          DistVect := [ 0, 0, 0, 0, 1, 1, 0, 1, 0, 0, 1, 1, 0, 1, 0, 1, 1, 
              0, 1, 1, 1, 0, 1, 0, 1, 0, 1, 0, 1 ],
          eAdj := [ 1, 2, 3, 4, 5, 6, 7, 8, 9, 10, 11, 12, 13, 14, 15, 16, 
              17, 18, 19, 20, 21, 22, 23, 24, 25, 26, 27, 28, 29, 30, 31, 
              32, 33, 34, 35, 36, 37, 38, 39, 40, 41, 42, 43, 44, 45, 46, 
              47, 48, 49, 50, 51, 52, 53, 54, 55, 56, 57, 58, 59, 60, 61, 
              62, 64, 65, 67, 68, 69, 70 ] ), rec(
          DistVect := [ 0, 1, 1, 1, 0, 0, 0, 0, 0, 0, 1, 1, 1, 1, 0, 1, 1, 
              1, 1, 1, 1, 1, 1, 0, 0, 0, 0, 0, 0 ],
          eAdj := [ 1, 2, 3, 4, 5, 6, 7, 8, 9, 10, 11, 12, 13, 14, 15, 16, 
              17, 18, 19, 20, 21, 22, 23, 24, 25, 26, 27, 28, 29, 30, 31, 
              32, 33, 34, 35, 36, 37, 38, 39, 41, 42, 43, 44, 45, 46, 47, 
              48, 49, 50, 51, 52, 53, 54, 55, 56, 57, 58, 59, 60, 62, 63, 
              65, 66, 68, 69, 71, 72, 73, 74 ] ), rec(
          DistVect := [ 0, 1, 0, 0, 1, 0, 0, 1, 1, 1, 0, 1, 1, 0, 0, 1, 0, 
              0, 1, 1, 0, 0, 1, 1, 1, 0, 0, 1, 1 ],
          eAdj := [ 1, 2, 3, 4, 5, 6, 7, 8, 9, 10, 11, 12, 13, 14, 15, 16, 
              17, 18, 19, 20, 21, 22, 23, 24, 25, 26, 27, 28, 29, 30, 31, 
              32, 33, 34, 35, 36, 37, 38, 39, 40, 41, 42, 44, 45, 46, 47, 
              48, 49, 50, 51, 52, 53, 54, 55, 56, 57, 58, 59, 60, 61, 63, 
              64, 66, 67, 70, 71, 72, 73, 74 ] ), rec(
          DistVect := [ 0, 0, 0, 0, 0, 1, 1, 0, 0, 0, 0, 1, 1, 0, 0, 0, 1, 
              1, 0, 0, 1, 1, 0, 1, 1, 0, 0, 1, 1 ],
          eAdj := [ 1, 2, 3, 4, 5, 6, 7, 8, 9, 10, 11, 12, 13, 14, 15, 16, 
              17, 18, 19, 20, 21, 22, 23, 24, 25, 26, 27, 28, 29, 30, 31, 
              32, 33, 34, 35, 36, 38, 39, 40, 41, 42, 43, 44, 45, 46, 47, 
              48, 49, 50, 52, 53, 54, 55, 56, 59, 60, 61, 62, 63, 64, 65, 
              66, 67, 68, 69, 70, 71, 72, 73, 74 ] ), rec(
          DistVect := [ 0, 0, 1, 1, 0, 0, 1, 0, 1, 1, 0, 0, 1, 0, 0, 1, 1, 
              0, 1, 1, 1, 0, 1, 0, 1, 0, 1, 0, 1 ],
          eAdj := [ 1, 2, 3, 4, 5, 6, 7, 8, 9, 10, 11, 12, 13, 14, 15, 16, 
              17, 18, 19, 20, 21, 22, 23, 24, 25, 26, 27, 28, 29, 30, 31, 
              32, 33, 34, 35, 36, 37, 38, 39, 40, 41, 42, 43, 44, 45, 46, 
              47, 48, 49, 50, 51, 53, 54, 56, 57, 58, 61, 62, 63, 64, 65, 
              66, 67, 68, 69, 70, 71, 72, 73, 74 ] ), rec(
          DistVect := [ 0, 5, 4, 4, 4, 4, 4, 5, 3, 5, 7, 7, 5, 4, 4, 8, 8, 
              4, 7, 8, 8, 4, 9, 4, 8, 3, 4, 3, 5 ],
          eAdj := [ 1, 3, 4, 6, 7, 10, 14, 19, 22, 24, 26, 29, 32, 34, 39, 
              40, 41, 42, 45, 46, 50, 51, 52, 57, 65, 66 ] ), rec(
          DistVect := [ 0, 2, 1, 1, 1, 1, 1, 2, 1, 2, 2, 2, 2, 1, 1, 2, 2, 
              1, 2, 2, 2, 1, 3, 1, 2, 1, 1, 1, 2 ],
          eAdj := [ 1, 4, 6, 7, 8, 10, 14, 18, 19, 22, 23, 24, 25, 26, 29, 
              32, 34, 39, 40, 41, 42, 45, 46, 50, 51, 52, 57, 65, 66 ] ), 
      rec(
          DistVect := [ 0, 7, 4, 4, 4, 4, 4, 7, 3, 5, 7, 9, 7, 4, 4, 8, 8, 
              4, 7, 8, 8, 4, 9, 4, 8, 3, 4, 5, 7 ],
          eAdj := [ 1, 4, 7, 8, 10, 14, 19, 22, 23, 24, 26, 29, 32, 34, 39, 
              40, 41, 42, 45, 46, 50, 51, 52, 55, 65, 66 ] ), rec(
          DistVect := [ 0, 5, 4, 4, 5, 4, 3, 4, 3, 5, 4, 7, 8, 7, 4, 7, 8, 
              5, 8, 9, 8, 3, 8, 3, 8, 3, 5, 4, 5 ],
          eAdj := [ 1, 3, 5, 6, 8, 11, 12, 14, 15, 17, 19, 20, 21, 22, 26, 
              32, 37, 41, 43, 44, 49, 51, 53, 55, 64, 66 ] ), rec(
          DistVect := [ 0, 7, 3, 5, 4, 5, 3, 7, 4, 4, 7, 8, 8, 4, 4, 7, 8, 
              4, 8, 9, 8, 4, 8, 5, 7, 3, 4, 4, 8 ],
          eAdj := [ 1, 4, 7, 8, 10, 12, 19, 22, 23, 24, 25, 26, 29, 34, 35, 
              38, 39, 42, 43, 45, 46, 51, 52, 55, 61, 63 ] ), rec(
          DistVect := [ 0, 2, 1, 2, 1, 1, 1, 2, 1, 1, 2, 2, 2, 1, 1, 2, 2, 
              1, 2, 3, 2, 1, 2, 1, 2, 1, 1, 1, 2 ],
          eAdj := [ 1, 4, 7, 8, 10, 12, 14, 15, 19, 22, 23, 24, 25, 26, 27, 
              29, 34, 35, 37, 38, 39, 42, 43, 45, 46, 51, 55, 61, 63 ] ), 
      rec(
          DistVect := [ 0, 4, 4, 4, 4, 4, 5, 3, 4, 4, 4, 8, 7, 5, 4, 8, 8, 
              7, 5, 8, 8, 5, 7, 4, 5, 3, 5, 3, 8 ],
          eAdj := [ 2, 6, 9, 15, 19, 20, 21, 22, 24, 25, 28, 29, 30, 32, 35, 
              36, 39, 47, 48, 54, 55, 58, 61, 62, 68, 71 ] ), rec(
          DistVect := [ 0, 4, 4, 4, 4, 4, 3, 5, 4, 4, 4, 8, 7, 5, 4, 8, 8, 
              7, 5, 8, 8, 5, 7, 4, 5, 3, 3, 5, 8 ],
          eAdj := [ 1, 2, 5, 9, 15, 19, 20, 21, 22, 24, 25, 28, 30, 32, 35, 
              36, 39, 47, 48, 54, 55, 58, 60, 61, 62, 71 ] ), rec(
          DistVect := [ 0, 4, 4, 4, 4, 4, 3, 5, 4, 4, 4, 8, 5, 7, 4, 8, 8, 
              5, 7, 8, 8, 3, 9, 4, 5, 3, 5, 3, 8 ],
          eAdj := [ 1, 2, 6, 9, 15, 17, 19, 20, 21, 22, 24, 25, 28, 32, 35, 
              36, 37, 39, 47, 48, 54, 55, 58, 61, 62, 71 ] ), rec(
          DistVect := [ 0, 4, 3, 4, 5, 4, 3, 4, 3, 4, 5, 8, 7, 4, 5, 8, 7, 
              4, 5, 7, 8, 5, 8, 5, 8, 3, 3, 4, 5 ],
          eAdj := [ 1, 3, 4, 5, 6, 8, 9, 10, 14, 19, 20, 24, 26, 29, 30, 32, 
              39, 40, 41, 43, 45, 50, 51, 52, 55, 66 ] ), rec(
          DistVect := [ 0, 4, 5, 4, 3, 4, 5, 4, 3, 4, 5, 8, 7, 4, 5, 8, 9, 
              4, 5, 7, 8, 5, 8, 3, 8, 3, 5, 4, 5 ],
          eAdj := [ 3, 4, 6, 8, 9, 10, 14, 19, 20, 21, 22, 24, 26, 29, 30, 
              32, 39, 40, 41, 43, 45, 50, 51, 55, 65, 66 ] ), rec(
          DistVect := [ 0, 4, 3, 4, 4, 4, 4, 5, 3, 4, 4, 8, 8, 5, 5, 5, 7, 
              5, 8, 8, 8, 4, 7, 4, 8, 3, 4, 5, 7 ],
          eAdj := [ 1, 5, 7, 8, 9, 11, 12, 13, 14, 15, 19, 21, 22, 26, 32, 
              40, 43, 44, 46, 51, 52, 53, 55, 64, 65, 66 ] ), rec(
          DistVect := [ 0, 4, 3, 4, 4, 4, 4, 5, 5, 4, 4, 8, 8, 3, 5, 5, 7, 
              5, 8, 8, 8, 4, 7, 4, 8, 3, 4, 5, 7 ],
          eAdj := [ 1, 5, 7, 9, 10, 11, 12, 13, 14, 15, 19, 21, 22, 26, 29, 
              32, 40, 44, 45, 46, 51, 52, 53, 64, 65, 66 ] ), rec(
          DistVect := [ 0, 4, 5, 4, 4, 4, 4, 3, 3, 4, 4, 8, 8, 5, 5, 5, 9, 
              7, 8, 8, 8, 4, 7, 4, 8, 3, 4, 3, 5 ],
          eAdj := [ 1, 3, 5, 6, 7, 9, 11, 12, 13, 14, 15, 19, 21, 22, 26, 
              29, 32, 43, 44, 46, 51, 52, 53, 64, 65, 66 ] ), rec(
          DistVect := [ 0, 4, 3, 4, 4, 4, 4, 5, 3, 4, 4, 8, 8, 5, 5, 5, 7, 
              7, 8, 8, 8, 4, 7, 4, 8, 3, 4, 5, 5 ],
          eAdj := [ 1, 3, 5, 7, 9, 11, 12, 13, 14, 15, 19, 21, 22, 26, 32, 
              41, 44, 45, 46, 51, 52, 53, 55, 64, 65, 66 ] ), rec(
          DistVect := [ 0, 5, 4, 4, 5, 4, 4, 4, 3, 5, 4, 7, 7, 7, 4, 7, 8, 
              4, 8, 9, 8, 4, 8, 3, 7, 3, 4, 4, 8 ],
          eAdj := [ 1, 2, 4, 6, 8, 11, 14, 15, 17, 19, 20, 21, 22, 25, 32, 
              37, 40, 43, 47, 48, 49, 53, 54, 55, 62, 63 ] ), rec(
          DistVect := [ 0, 4, 4, 4, 4, 4, 4, 5, 4, 4, 4, 8, 8, 5, 4, 8, 8, 
              4, 5, 8, 8, 4, 7, 4, 8, 3, 4, 5, 7 ],
          eAdj := [ 1, 4, 5, 8, 9, 12, 14, 15, 19, 20, 21, 22, 24, 26, 30, 
              32, 37, 39, 40, 43, 48, 55, 60, 61, 62, 63 ] ), rec(
          DistVect := [ 0, 4, 4, 4, 4, 4, 4, 5, 4, 4, 4, 8, 8, 3, 4, 8, 8, 
              4, 5, 8, 8, 4, 7, 4, 8, 3, 4, 5, 7 ],
          eAdj := [ 1, 4, 5, 8, 9, 10, 12, 14, 15, 19, 20, 21, 22, 24, 26, 
              29, 30, 32, 37, 39, 40, 43, 45, 55, 61, 63 ] ), rec(
          DistVect := [ 0, 4, 4, 4, 4, 4, 4, 3, 4, 4, 4, 8, 8, 5, 4, 8, 8, 
              4, 5, 8, 8, 4, 7, 4, 8, 3, 4, 3, 5 ],
          eAdj := [ 1, 3, 4, 5, 6, 8, 9, 12, 14, 15, 19, 20, 21, 22, 24, 26, 
              29, 30, 32, 37, 39, 40, 43, 55, 62, 63 ] ), rec(
          DistVect := [ 0, 4, 4, 4, 4, 4, 4, 5, 4, 4, 4, 8, 8, 5, 4, 8, 8, 
              4, 5, 8, 8, 4, 7, 4, 8, 3, 4, 5, 5 ],
          eAdj := [ 1, 3, 4, 5, 8, 9, 12, 14, 15, 19, 20, 21, 22, 24, 26, 
              30, 32, 37, 39, 40, 41, 43, 45, 55, 60, 63 ] ), rec(
          DistVect := [ 0, 4, 4, 4, 4, 4, 4, 7, 4, 4, 4, 8, 8, 5, 4, 8, 8, 
              4, 7, 8, 8, 4, 9, 4, 8, 3, 4, 5, 7 ],
          eAdj := [ 1, 4, 5, 8, 9, 10, 12, 14, 15, 19, 20, 21, 22, 23, 24, 
              26, 32, 37, 39, 40, 41, 43, 45, 51, 55, 63 ] ), rec(
          DistVect := [ 0, 1, 1, 1, 1, 1, 1, 2, 1, 1, 1, 2, 2, 2, 1, 2, 2, 
              1, 2, 2, 2, 1, 3, 1, 2, 1, 1, 1, 2 ],
          eAdj := [ 1, 4, 5, 6, 8, 9, 10, 12, 14, 15, 17, 18, 19, 20, 21, 
              22, 23, 24, 25, 26, 32, 37, 39, 40, 41, 43, 48, 51, 55, 63 ] ),
      rec(
          DistVect := [ 0, 4, 4, 4, 4, 4, 4, 7, 4, 4, 4, 8, 8, 7, 4, 8, 8, 
              4, 7, 8, 8, 4, 9, 4, 8, 3, 4, 5, 7 ],
          eAdj := [ 1, 4, 5, 8, 9, 12, 14, 15, 17, 19, 20, 21, 22, 23, 24, 
              26, 32, 37, 39, 40, 41, 43, 48, 55, 60, 63 ] ), rec(
          DistVect := [ 0, 4, 4, 4, 4, 4, 4, 5, 4, 4, 4, 8, 8, 7, 4, 8, 8, 
              4, 7, 8, 8, 4, 9, 4, 8, 3, 4, 3, 5 ],
          eAdj := [ 1, 3, 4, 5, 6, 8, 9, 12, 14, 15, 17, 19, 20, 21, 22, 24, 
              26, 32, 37, 39, 40, 41, 43, 51, 55, 63 ] ), rec(
          DistVect := [ 0, 5, 3, 5, 4, 5, 5, 7, 4, 4, 5, 8, 8, 4, 4, 7, 8, 
              4, 8, 9, 8, 4, 8, 5, 9, 3, 4, 4, 8 ],
          eAdj := [ 1, 4, 7, 8, 10, 12, 14, 15, 19, 22, 23, 24, 25, 26, 29, 
              38, 39, 40, 42, 43, 45, 46, 51, 55, 61, 63 ] ), rec(
          DistVect := [ 0, 4, 3, 4, 5, 4, 4, 4, 3, 4, 5, 8, 8, 4, 3, 8, 7, 
              5, 5, 9, 8, 4, 8, 5, 7, 3, 4, 4, 8 ],
          eAdj := [ 1, 2, 5, 6, 8, 9, 10, 12, 15, 19, 20, 22, 24, 25, 29, 
              30, 32, 35, 36, 37, 39, 48, 55, 61, 62, 63 ] ), rec(
          DistVect := [ 0, 4, 4, 4, 4, 4, 4, 5, 4, 4, 4, 8, 8, 5, 4, 8, 8, 
              4, 5, 8, 8, 4, 9, 4, 8, 3, 4, 5, 7 ],
          eAdj := [ 1, 4, 5, 6, 8, 9, 10, 12, 14, 15, 19, 20, 21, 22, 24, 
              26, 30, 32, 37, 39, 40, 41, 43, 48, 55, 63 ] ), rec(
          DistVect := [ 0, 5, 3, 5, 4, 5, 3, 7, 4, 4, 5, 8, 8, 4, 4, 7, 8, 
              4, 8, 9, 8, 4, 8, 5, 7, 3, 4, 4, 8 ],
          eAdj := [ 1, 4, 5, 7, 8, 10, 12, 15, 19, 22, 23, 24, 25, 26, 29, 
              35, 37, 38, 39, 42, 43, 45, 51, 55, 61, 63 ] ), rec(
          DistVect := [ 0, 1, 1, 2, 1, 1, 1, 2, 1, 2, 1, 2, 2, 2, 1, 2, 2, 
              1, 2, 3, 2, 1, 2, 1, 2, 1, 1, 1, 2 ],
          eAdj := [ 1, 4, 5, 8, 9, 14, 15, 17, 19, 20, 21, 22, 23, 24, 25, 
              26, 27, 35, 37, 38, 39, 48, 54, 58, 60, 61, 62, 71 ] ), rec(
          DistVect := [ 0, 4, 3, 5, 4, 5, 3, 7, 3, 5, 4, 9, 7, 7, 4, 7, 8, 
              4, 8, 9, 8, 4, 8, 5, 7, 3, 4, 4, 8 ],
          eAdj := [ 1, 4, 5, 8, 9, 15, 17, 19, 20, 21, 22, 23, 24, 25, 26, 
              35, 37, 38, 39, 48, 54, 55, 60, 61, 62, 71 ] ), rec(
          DistVect := [ 0, 4, 4, 4, 4, 4, 4, 7, 4, 4, 4, 8, 8, 5, 4, 8, 8, 
              4, 7, 8, 8, 4, 9, 4, 8, 3, 4, 5, 9 ],
          eAdj := [ 1, 4, 5, 8, 9, 10, 12, 14, 15, 19, 20, 21, 22, 23, 24, 
              25, 26, 32, 37, 39, 40, 43, 48, 55, 61, 63 ] ), rec(
          DistVect := [ 0, 4, 4, 4, 4, 4, 4, 5, 4, 4, 4, 8, 8, 7, 4, 8, 8, 
              4, 7, 8, 8, 4, 9, 4, 8, 3, 4, 3, 7 ],
          eAdj := [ 1, 4, 5, 6, 8, 9, 12, 14, 15, 17, 19, 20, 21, 22, 24, 
              25, 26, 32, 37, 39, 40, 43, 48, 55, 62, 63 ] ), rec(
          DistVect := [ 0, 4, 4, 4, 4, 4, 4, 5, 4, 4, 4, 8, 8, 5, 4, 8, 8, 
              4, 7, 8, 8, 4, 9, 4, 8, 3, 4, 3, 7 ],
          eAdj := [ 1, 4, 5, 6, 8, 9, 10, 12, 14, 15, 19, 20, 21, 22, 24, 
              25, 26, 29, 32, 37, 39, 40, 43, 51, 55, 63 ] ), rec(
          DistVect := [ 0, 4, 5, 5, 4, 3, 3, 7, 5, 5, 4, 7, 7, 7, 4, 9, 8, 
              4, 8, 9, 8, 4, 8, 3, 7, 3, 4, 4, 8 ],
          eAdj := [ 1, 4, 5, 9, 14, 15, 17, 19, 20, 21, 22, 23, 24, 25, 26, 
              32, 37, 38, 39, 48, 54, 58, 60, 61, 62, 71 ] ), rec(
          DistVect := [ 0, 5, 4, 4, 4, 4, 4, 5, 3, 3, 7, 7, 5, 4, 4, 8, 8, 
              4, 7, 8, 8, 4, 7, 4, 8, 3, 4, 3, 5 ],
          eAdj := [ 1, 3, 4, 7, 10, 14, 19, 22, 24, 26, 29, 32, 34, 38, 39, 
              40, 42, 43, 45, 46, 50, 51, 52, 55, 65, 66 ] ), rec(
          DistVect := [ 0, 7, 4, 4, 4, 4, 4, 7, 5, 5, 7, 7, 7, 4, 4, 8, 8, 
              4, 9, 8, 8, 4, 9, 4, 8, 3, 4, 3, 7 ],
          eAdj := [ 1, 4, 7, 10, 14, 19, 22, 23, 24, 25, 26, 29, 32, 34, 38, 
              39, 40, 42, 45, 46, 50, 51, 52, 57, 65, 66 ] ), rec(
          DistVect := [ 0, 5, 4, 4, 5, 4, 3, 4, 3, 3, 4, 7, 8, 7, 4, 7, 8, 
              5, 8, 7, 8, 5, 8, 3, 8, 3, 5, 4, 5 ],
          eAdj := [ 3, 5, 6, 8, 11, 12, 14, 15, 17, 19, 20, 21, 26, 32, 41, 
              43, 44, 49, 51, 52, 53, 55, 56, 64, 65, 66 ] ), rec(
          DistVect := [ 0, 4, 4, 4, 4, 4, 3, 5, 4, 4, 4, 8, 5, 7, 4, 8, 8, 
              5, 7, 8, 8, 5, 7, 4, 5, 3, 5, 3, 8 ],
          eAdj := [ 2, 9, 15, 17, 19, 20, 21, 22, 24, 25, 28, 32, 35, 36, 
              38, 39, 47, 48, 54, 55, 58, 60, 61, 62, 68, 71 ] ), rec(
          DistVect := [ 0, 7, 5, 5, 4, 3, 3, 7, 4, 4, 7, 8, 8, 4, 4, 9, 8, 
              4, 8, 9, 8, 4, 8, 3, 7, 3, 4, 4, 8 ],
          eAdj := [ 1, 4, 7, 8, 10, 12, 14, 19, 22, 23, 24, 25, 26, 29, 32, 
              34, 37, 38, 39, 42, 43, 45, 51, 55, 61, 63 ] ), rec(
          DistVect := [ 0, 4, 4, 4, 4, 4, 3, 5, 4, 4, 4, 8, 7, 5, 4, 8, 8, 
              5, 7, 8, 8, 5, 7, 4, 5, 3, 5, 3, 8 ],
          eAdj := [ 2, 5, 9, 15, 19, 20, 21, 22, 24, 25, 28, 29, 32, 35, 36, 
              37, 38, 39, 47, 48, 54, 55, 58, 61, 62, 71 ] ), rec(
          DistVect := [ 0, 4, 4, 4, 4, 4, 4, 7, 4, 4, 4, 8, 8, 5, 4, 8, 8, 
              4, 7, 8, 8, 4, 7, 4, 8, 3, 4, 5, 7 ],
          eAdj := [ 1, 4, 5, 8, 9, 12, 14, 15, 19, 20, 21, 22, 23, 24, 26, 
              32, 37, 38, 39, 40, 43, 45, 55, 60, 61, 63 ] ), rec(
          DistVect := [ 0, 4, 4, 4, 4, 4, 4, 5, 4, 4, 4, 8, 8, 5, 4, 8, 8, 
              4, 7, 8, 8, 4, 7, 4, 8, 3, 4, 3, 7 ],
          eAdj := [ 1, 4, 5, 8, 9, 12, 14, 15, 19, 20, 21, 22, 24, 25, 26, 
              29, 32, 37, 38, 39, 40, 43, 55, 61, 62, 63 ] ), rec(
          DistVect := [ 0, 4, 4, 4, 4, 4, 4, 5, 4, 4, 4, 8, 8, 7, 4, 8, 8, 
              4, 7, 8, 8, 4, 7, 4, 8, 3, 4, 3, 5 ],
          eAdj := [ 1, 3, 4, 5, 8, 9, 12, 14, 15, 17, 19, 20, 21, 22, 24, 
              26, 32, 37, 38, 39, 40, 43, 55, 60, 62, 63 ] ), rec(
          DistVect := [ 0, 4, 4, 4, 4, 4, 4, 5, 4, 4, 4, 8, 8, 5, 4, 8, 8, 
              4, 7, 8, 8, 4, 7, 4, 8, 3, 4, 3, 5 ],
          eAdj := [ 1, 3, 4, 5, 8, 9, 12, 14, 15, 19, 20, 21, 22, 24, 26, 
              29, 32, 37, 38, 39, 40, 43, 45, 51, 55, 63 ] ), rec(
          DistVect := [ 0, 4, 4, 4, 4, 4, 4, 7, 4, 4, 4, 8, 8, 7, 4, 8, 8, 
              4, 9, 8, 8, 4, 9, 4, 8, 3, 4, 3, 7 ],
          eAdj := [ 1, 4, 5, 8, 9, 12, 14, 15, 17, 19, 20, 21, 22, 23, 24, 
              25, 26, 32, 37, 38, 39, 40, 43, 51, 55, 63 ] ), rec(
          DistVect := [ 0, 5, 3, 3, 4, 5, 3, 7, 4, 4, 5, 8, 8, 4, 4, 7, 8, 
              4, 8, 7, 8, 4, 8, 5, 7, 3, 4, 4, 8 ],
          eAdj := [ 1, 4, 5, 7, 8, 10, 12, 19, 22, 23, 24, 25, 26, 29, 32, 
              38, 39, 40, 42, 43, 45, 51, 52, 55, 61, 63 ] ) ] );
