return rec(
  DistVect := [ 0, 1, 1, 1, 1, 1, 1, 1, 1, 1, 1, 2, 1, 1, 1, 2, 2, 1, 0, 2, 
      2, 1, 1, 1, 1, 2, 2, 2, 1 ],
  ListIncidentIneq := 
   [ [ 0, 0, 0, 0, 0, 1, 0, 1, 0, 0, 0, 0, 0, 0, 0, 0, 0, 0, 0, 0, 0, 0, 0, 
          0, 0, 0, 0, -1, 0 ], 
      [ 0, 0, 1, 0, 0, 0, 0, -1, 0, 0, 0, 0, 0, 0, 0, 0, 0, 0, 1, 0, 0, 0, 
          0, 0, 0, 0, 0, 0, 0 ], 
      [ 0, 0, 0, 0, 1, 0, 0, 1, 0, 0, 0, 0, 0, 0, 0, 0, 0, 0, 0, 0, 0, 0, 0, 
          0, 0, -1, 0, 0, 0 ], 
      [ 0, 0, 0, 0, 0, 0, 0, 0, 0, 0, 0, 0, 0, 0, 0, 0, 0, -1, 1, 0, 0, 0, 
          0, 0, 0, 0, 0, 0, 1 ], 
      [ 0, 0, 0, 0, 0, 0, 0, 0, 1, 0, 0, 0, 0, -1, 0, 0, 0, 0, 1, 0, 0, 0, 
          0, 0, 0, 0, 0, 0, 0 ], 
      [ 0, 0, 0, 0, 0, 0, 0, 0, 0, 0, 1, 0, 0, 1, 0, 0, 0, 0, 0, 0, 0, 0, 0, 
          0, 0, -1, 0, 0, 0 ], 
      [ 0, 1, 0, 0, 0, 1, 0, 0, 0, 0, 0, -1, 0, 0, 0, 0, 0, 0, 0, 0, 0, 0, 
          0, 0, 0, 0, 0, 0, 0 ], 
      [ 0, 0, 0, 0, 0, 0, 0, 0, 0, 0, 0, 0, 0, 0, 0, 0, 0, 0, 0, -1, 0, 1, 
          0, 0, 1, 0, 0, 0, 0 ], 
      [ 0, 0, 0, 0, 0, 0, 0, 0, 0, 0, 0, 0, 0, 0, 1, 0, 0, 0, 1, 0, 0, 0, 
          -1, 0, 0, 0, 0, 0, 0 ], 
      [ 0, 0, 0, 0, 0, 0, 0, 0, 0, 1, 1, 0, 0, 0, 0, 0, 0, 0, 0, -1, 0, 0, 
          0, 0, 0, 0, 0, 0, 0 ], 
      [ 0, 0, 0, 0, 0, 0, 0, 0, 0, 0, 0, 0, 0, 0, 0, -1, 0, 1, 0, 0, 0, 0, 
          0, 0, 1, 0, 0, 0, 0 ], 
      [ 0, 0, 1, 0, 0, 1, 0, 0, 0, 0, 0, 0, 0, 0, 0, 0, -1, 0, 0, 0, 0, 0, 
          0, 0, 0, 0, 0, 0, 0 ], 
      [ 0, 0, 0, 0, 0, 0, 0, 0, 1, 0, 1, 0, 0, 0, 0, -1, 0, 0, 0, 0, 0, 0, 
          0, 0, 0, 0, 0, 0, 0 ], 
      [ 0, 0, 0, 0, 0, 0, 0, 0, 0, 0, 1, -1, 0, 0, 0, 0, 0, 0, 0, 0, 0, 0, 
          0, 1, 0, 0, 0, 0, 0 ], 
      [ 0, 0, 0, 0, 0, 0, 0, 0, 0, 0, 0, 0, 0, 0, 0, 0, 0, 0, 0, 0, 0, 0, 0, 
          1, 1, 0, -1, 0, 0 ], 
      [ 0, 0, 0, 1, 1, 0, 0, 0, 0, 0, 0, 0, 0, 0, 0, 0, 0, 0, 0, -1, 0, 0, 
          0, 0, 0, 0, 0, 0, 0 ], 
      [ 0, 0, 0, 0, 0, 1, 1, 0, 0, 0, 0, 0, 0, 0, 0, 0, 0, 0, 0, 0, 0, 0, 0, 
          0, 0, 0, -1, 0, 0 ], 
      [ 0, 0, 1, 0, 1, 0, 0, 0, 0, 0, 0, 0, 0, 0, 0, -1, 0, 0, 0, 0, 0, 0, 
          0, 0, 0, 0, 0, 0, 0 ], 
      [ 0, 0, 0, 0, 0, 0, 0, 0, 0, 0, 0, 0, 0, 0, 0, 0, 0, 0, 0, 0, 0, 0, 0, 
          0, 1, -1, 0, 0, 1 ], 
      [ 0, 0, 0, 0, 0, 0, 0, 0, 0, 0, 0, 0, 0, 0, 0, 0, -1, 0, 1, 0, 0, 0, 
          0, 0, 0, 0, 0, 1, 0 ], 
      [ 0, 0, 0, 0, 0, 0, 0, 0, 0, 0, 0, 0, 0, 0, 0, 1, 0, 0, 1, 0, 0, 0, 0, 
          0, 0, -1, 0, 0, 0 ], 
      [ 0, 0, 0, 0, 0, 0, 0, 0, 0, 0, 0, 0, 0, 0, 0, 0, 0, 1, 1, 0, 0, 0, 0, 
          0, 0, 0, 0, 0, -1 ], 
      [ 0, 0, 0, 0, 0, 0, 0, 0, 0, 0, 0, 0, 0, 0, 0, -1, 0, 0, 1, 0, 0, 0, 
          0, 0, 0, 1, 0, 0, 0 ], 
      [ 0, 0, 0, 1, 0, 1, 0, 0, 0, 0, 0, 0, 0, 0, 0, 0, 0, 0, 0, 0, -1, 0, 
          0, 0, 0, 0, 0, 0, 0 ], 
      [ 0, 0, 0, 0, 0, 0, 0, 0, 0, 0, 0, 0, 0, 0, 0, 0, 1, 0, 1, 0, 0, 0, 0, 
          0, 0, 0, 0, -1, 0 ], 
      [ 0, 0, 0, 0, 0, 0, 0, 0, 0, 0, 0, 0, 0, 0, -1, 0, 0, 0, 1, 0, 0, 0, 
          1, 0, 0, 0, 0, 0, 0 ], 
      [ 0, 0, -1, 0, 0, 0, 0, 1, 0, 0, 0, 0, 0, 0, 0, 0, 0, 0, 1, 0, 0, 0, 
          0, 0, 0, 0, 0, 0, 0 ], 
      [ 0, 0, 0, 0, 0, 0, 0, 0, -1, 0, 0, 0, 0, 1, 0, 0, 0, 0, 1, 0, 0, 0, 
          0, 0, 0, 0, 0, 0, 0 ], 
      [ 0, 0, -1, 0, 0, 1, 1, 1, 0, 0, 0, 0, 0, 0, 0, 0, 1, 1, 1, 0, 0, 0, 
          0, 0, 0, 0, -1, -1, -1 ], 
      [ 0, 0, 1, 0, 0, 1, 1, -1, 0, 0, 0, 0, 0, 0, 0, 0, -1, -1, 1, 0, 0, 0, 
          0, 0, 0, 0, -1, 1, 1 ], 
      [ 0, 1, -1, 0, 0, 1, 0, 1, 1, 0, 0, -1, 0, -1, 0, 0, 1, 0, 1, 0, 0, 0, 
          0, 0, 0, 0, 0, -1, 0 ], 
      [ 0, 0, 0, 0, 0, 0, 0, 0, 0, 0, 0, 0, 0, 0, -1, -1, 0, 1, 1, -1, 0, 1, 
          1, 0, 1, 1, 0, 0, -1 ], 
      [ 0, 0, 0, 0, 0, 0, 0, 0, 1, 1, 1, 0, -1, 0, -1, -1, 0, 1, 0, -1, 0, 
          1, 0, 0, 1, 0, 0, 0, 0 ], 
      [ 0, 0, 0, 0, 0, 0, 0, 0, 0, 0, 0, 0, 0, 0, 0, 1, -1, -1, 1, 0, 0, 0, 
          0, 1, 1, -1, -1, 1, 1 ], 
      [ 0, 0, 1, 1, 1, 0, -1, 0, 0, 0, 0, 0, 0, 0, -1, -1, 0, 1, 0, -1, 0, 
          1, 0, 0, 1, 0, 0, 0, 0 ], 
      [ 0, 0, 0, 0, 0, 0, 0, 0, -1, 0, 1, -1, 0, 1, 0, 1, -1, 0, 1, 0, 0, 0, 
          0, 1, 0, -1, 0, 1, 0 ], 
      [ 0, 0, 0, 0, 0, 0, 0, 0, 0, 0, 0, 0, 0, 0, 1, 1, 0, -1, 1, -1, 0, 1, 
          -1, 0, 1, -1, 0, 0, 1 ], 
      [ 0, 0, 0, 0, 0, 0, 0, 0, 0, 0, 1, -1, -1, 1, 0, 0, 0, 0, 0, 0, 0, 0, 
          0, 1, 1, -1, -1, 1, 1 ], 
      [ 0, 0, 0, 1, 1, 0, -1, 1, 0, 0, 0, 0, 0, 0, 0, 0, 0, 0, 0, -1, 0, 1, 
          -1, 0, 1, -1, 0, 0, 1 ], 
      [ 0, 0, 1, 1, 0, 1, 0, -1, 0, 0, 0, 0, 0, 0, -1, 0, -1, 0, 1, 0, -1, 
          0, 1, 0, 0, 0, 0, 1, 0 ], 
      [ 0, 0, 0, 0, 0, 0, 0, 0, 0, 1, 1, 0, -1, 1, 0, 0, 0, 0, 0, -1, 0, 1, 
          -1, 0, 1, -1, 0, 0, 1 ], 
      [ 0, 1, 0, 0, -1, 1, 1, 0, 0, 0, 1, -1, -1, 0, 0, 0, 0, 0, 0, 0, 0, 0, 
          0, 1, 1, 0, -1, 0, 0 ], 
      [ 0, 0, 0, 0, 0, 0, 0, 0, 0, 0, 0, 0, 0, 0, 0, -1, 1, 1, 1, 0, 0, 0, 
          0, 1, 1, 1, -1, -1, -1 ], 
      [ 0, 0, -1, 1, 0, 1, 0, 1, 0, 0, 0, 0, 0, 0, 1, 0, 1, 0, 1, 0, -1, 0, 
          -1, 0, 0, 0, 0, -1, 0 ], 
      [ 0, -1, 0, 1, 1, 0, 0, 1, 0, 1, 1, 0, 0, 1, 0, 0, 0, 0, 0, -1, 0, 0, 
          -1, 0, 0, -1, 0, 0, 0 ], 
      [ 0, 1, 1, 0, 0, 1, 0, -1, -1, 0, 0, -1, 0, 1, 0, 0, -1, 0, 1, 0, 0, 
          0, 0, 0, 0, 0, 0, 1, 0 ], 
      [ 0, 0, -1, 1, 1, 0, 0, 1, 0, 0, 0, 0, 0, 0, 1, 1, 0, 0, 1, -1, 0, 0, 
          -1, 0, 0, -1, 0, 0, 0 ], 
      [ 0, 0, 0, 0, 0, 0, 0, 0, 1, 0, 1, -1, 0, -1, 0, -1, 1, 0, 1, 0, 0, 0, 
          0, 1, 0, 1, 0, -1, 0 ], 
      [ 0, 0, 0, 0, 0, 0, 0, 0, -1, 1, 1, 0, 0, 1, 1, 1, 0, 0, 1, -1, 0, 0, 
          -1, 0, 0, -1, 0, 0, 0 ], 
      [ 0, 0, 0, 0, 0, 0, 0, 0, 1, 0, 1, -1, -1, 0, 0, -1, 1, 1, 0, 0, 0, 0, 
          0, 1, 1, 0, -1, 0, 0 ], 
      [ 0, 0, 0, 0, 0, 0, 0, 0, 0, 1, 1, -1, -1, 0, 0, 0, 0, 0, 0, -1, 1, 1, 
          0, 1, 1, 0, -1, 0, 0 ], 
      [ 0, -1, 1, 1, 1, 0, 0, 0, 1, 1, 1, 0, 0, 0, -1, -1, 0, 0, 0, -1, 0, 
          0, 0, 0, 0, 0, 0, 0, 0 ], 
      [ 0, 0, 0, 0, 0, 0, 0, 0, 1, 1, 1, 0, 0, -1, -1, -1, 0, 0, 1, -1, 0, 
          0, 1, 0, 0, 1, 0, 0, 0 ], 
      [ 0, 0, 1, 1, 1, 0, 0, -1, 0, 0, 0, 0, 0, 0, -1, -1, 0, 0, 1, -1, 0, 
          0, 1, 0, 0, 1, 0, 0, 0 ], 
      [ 0, 0, 0, 0, 0, 0, 0, 0, -1, 0, 1, -1, -1, 2, 0, 1, -1, -1, 2, 0, 0, 
          0, 0, 1, 1, -2, -1, 2, 2 ], 
      [ 0, 0, 0, 0, 0, 0, 0, 0, 2, 0, 1, -1, -1, -1, 0, -2, 2, 2, 2, 0, 0, 
          0, 0, 1, 1, 1, -1, -1, -1 ], 
      [ 0, 0, 2, 1, 1, 0, -1, -1, 0, 0, 0, 0, 0, 0, -2, -2, 0, 2, 2, -1, 0, 
          1, 1, 0, 1, 1, 0, 0, -1 ], 
      [ 0, 0, 0, 0, 0, 0, 0, 0, 2, 1, 1, 0, -1, -1, -2, -2, 0, 2, 2, -1, 0, 
          1, 1, 0, 1, 1, 0, 0, -1 ], 
      [ 0, 0, 0, 0, 0, 0, 0, 0, 1, 1, 2, -1, -1, 0, -1, -2, 1, 1, 0, -2, 1, 
          1, 0, 2, 2, 0, -1, 0, 0 ], 
      [ 0, -1, 0, 1, 2, 0, -1, 1, 0, 1, 2, 0, -1, 1, 0, 0, 0, 0, 0, -2, 0, 
          1, -1, 0, 2, -2, 0, 0, 1 ], 
      [ 0, 0, 0, 0, 0, 0, 0, 0, 0, 1, 2, -1, -1, 1, 0, 0, 0, 0, 0, -2, 1, 1, 
          -1, 2, 2, -2, -1, 1, 1 ], 
      [ 0, -1, -1, 1, 1, 0, 0, 2, -1, 1, 1, 0, 0, 2, 1, 1, 0, 0, 2, -1, 0, 
          0, -2, 0, 0, -2, 0, 0, 0 ], 
      [ 0, 0, 0, 0, 0, 0, 0, 0, -1, 1, 1, 0, -1, 2, 1, 1, 0, -1, 2, -1, 0, 
          1, -2, 0, 1, -2, 0, 0, 2 ], 
      [ 0, 0, -1, 1, 1, 0, -1, 2, 0, 0, 0, 0, 0, 0, 1, 1, 0, -1, 2, -1, 0, 
          1, -2, 0, 1, -2, 0, 0, 2 ], 
      [ 0, -1, 1, 1, 2, 0, -1, 0, 1, 1, 2, 0, -1, 0, -1, -2, 0, 1, 0, -2, 0, 
          1, 0, 0, 2, 0, 0, 0, 0 ], 
      [ 0, -1, 2, 1, 1, 0, 0, -1, 2, 1, 1, 0, 0, -1, -2, -2, 0, 0, 2, -1, 0, 
          0, 1, 0, 0, 1, 0, 0, 0 ], 
      [ 0, 1, -1, 0, -1, 1, 1, 1, 1, 0, 1, -1, -1, -1, 0, -1, 1, 1, 1, 0, 0, 
          0, 0, 1, 1, 1, -1, -1, -1 ], 
      [ 0, 0, 0, 0, 0, 0, 0, 0, 1, 1, 1, -1, -1, -1, -1, -1, 1, 1, 1, -1, 1, 
          1, 1, 1, 1, 1, -1, -1, -1 ], 
      [ 0, 1, 1, 0, -1, 1, 1, -1, -1, 0, 1, -1, -1, 1, 0, 1, -1, -1, 1, 0, 
          0, 0, 0, 1, 1, -1, -1, 1, 1 ], 
      [ 0, 0, 0, 0, 0, 0, 0, 0, -1, 1, 1, -1, -1, 1, 1, 1, -1, -1, 1, -1, 1, 
          1, -1, 1, 1, -1, -1, 1, 1 ], 
      [ 0, 0, 0, 0, 0, 0, 0, 0, 2, 1, 2, -1, -1, -1, -2, -4, 2, 2, 2, -2, 1, 
          1, 1, 2, 2, 2, -1, -1, -1 ], 
      [ 0, -1, 2, 1, 2, 0, -1, -1, 2, 1, 2, 0, -1, -1, -2, -4, 0, 2, 2, -2, 
          0, 1, 1, 0, 2, 2, 0, 0, -1 ], 
      [ 0, 0, 0, 0, 0, 0, 0, 0, -1, 1, 2, -1, -1, 2, 1, 2, -1, -1, 2, -2, 1, 
          1, -2, 2, 2, -4, -1, 2, 2 ], 
      [ 0, -1, -1, 1, 2, 0, -1, 2, -1, 1, 2, 0, -1, 2, 1, 2, 0, -1, 2, -2, 
          0, 1, -2, 0, 2, -4, 0, 0, 2 ], 
      [ 0, 1, 2, 0, -1, 1, 1, -2, -2, 0, 1, -1, -1, 2, 0, 2, -2, -2, 4, 0, 
          0, 0, 0, 1, 1, -2, -1, 2, 2 ], 
      [ 0, 1, -2, 0, -1, 1, 1, 2, 2, 0, 1, -1, -1, -2, 0, -2, 2, 2, 4, 0, 0, 
          0, 0, 1, 1, 2, -1, -2, -2 ], 
      [ 0, 0, 0, 0, 0, 0, 0, 0, 2, 1, 1, -1, -1, -2, -2, -2, 2, 2, 4, -1, 1, 
          1, 2, 1, 1, 2, -1, -2, -2 ], 
      [ 0, 0, 0, 0, 0, 0, 0, 0, -2, 1, 1, -1, -1, 2, 2, 2, -2, -2, 4, -1, 1, 
          1, -2, 1, 1, -2, -1, 2, 2 ], 
      [ 0, 0, 0, 0, 0, 0, 0, 0, 3, 1, 2, -1, -1, -2, -3, -6, 3, 3, 6, -2, 1, 
          1, 2, 2, 2, 4, -1, -2, -2 ], 
      [ 0, 0, 0, 0, 0, 0, 0, 0, -2, 1, 2, -1, -1, 3, 2, 4, -2, -2, 6, -2, 1, 
          1, -3, 2, 2, -6, -1, 3, 3 ], 
      [ 0, -1, 3, 1, 2, 0, -1, -2, 3, 1, 2, 0, -1, -2, -3, -6, 0, 3, 6, -2, 
          0, 1, 2, 0, 2, 4, 0, 0, -2 ], 
      [ 0, -1, -2, 1, 2, 0, -1, 3, -2, 1, 2, 0, -1, 3, 2, 4, 0, -2, 6, -2, 
          0, 1, -3, 0, 2, -6, 0, 0, 3 ] ],
  ListIncidentSymbol := 
   [ [ -1, 0, 0, 0, 0, 1, 0, 1 ], [ 1, 0, -1, 0, 0, 0, 0, 1 ], 
      [ -1, 0, 0, 0, 1, 0, 0, 1 ], [ 0, 0, 1, 0, 0, 0, 1, -1 ], 
      [ 0, 1, -1, 0, 0, 0, 0, 1 ], [ 0, -1, 0, 0, 1, 0, 0, 1 ], 
      [ -1, 1, 0, 0, 0, 1, 0, 0 ], [ 0, 0, 0, 1, 1, 0, -1, 0 ], 
      [ 0, 0, -1, 1, 0, 0, 0, 1 ], [ 0, -1, 0, 1, 1, 0, 0, 0 ], 
      [ 0, 0, 1, 0, 1, 0, -1, 0 ], [ -1, 0, 1, 0, 0, 1, 0, 0 ], 
      [ 0, -1, 1, 0, 1, 0, 0, 0 ], [ 0, 1, 0, 0, -1, 1, 0, 0 ], 
      [ 0, 0, 0, 0, -1, 1, 1, 0 ], [ -1, 0, 0, 1, 1, 0, 0, 0 ], 
      [ -1, 0, 0, 0, 0, 1, 1, 0 ], [ -1, 0, 1, 0, 1, 0, 0, 0 ], 
      [ 0, 0, 0, 0, 1, 0, -1, 1 ], [ 0, 0, 1, 0, 0, 1, 0, -1 ], 
      [ 0, 0, -1, 0, 1, 0, 0, 1 ], [ 0, 0, -1, 0, 0, 0, 1, 1 ], 
      [ 0, 0, 1, 0, 1, 0, 0, -1 ], [ -1, 0, 0, 1, 0, 1, 0, 0 ], 
      [ 0, 0, -1, 0, 0, 1, 0, 1 ], [ 0, 0, 1, 1, 0, 0, 0, -1 ], 
      [ 1, 0, 1, 0, 0, 0, 0, -1 ], [ 0, 1, 1, 0, 0, 0, 0, -1 ], 
      [ -1, 0, -1, 0, 0, 1, 1, 1 ], [ -1, 0, 1, 0, 0, 1, 1, -1 ], 
      [ -1, 1, -1, 0, 0, 1, 0, 1 ], [ 0, 0, 1, 1, 1, 0, -1, -1 ], 
      [ 0, -1, 1, 1, 1, 0, -1, 0 ], [ 0, 0, 1, 0, -1, 1, 1, -1 ], 
      [ -1, 0, 1, 1, 1, 0, -1, 0 ], [ 0, 1, 1, 0, -1, 1, 0, -1 ], 
      [ 0, 0, -1, 1, 1, 0, -1, 1 ], [ 0, 1, 0, 0, -1, 1, 1, -1 ], 
      [ -1, 0, 0, 1, 1, 0, -1, 1 ], [ -1, 0, 1, 1, 0, 1, 0, -1 ], 
      [ 0, -1, 0, 1, 1, 0, -1, 1 ], [ -1, 1, 0, 0, -1, 1, 1, 0 ], 
      [ 0, 0, -1, 0, -1, 1, 1, 1 ], [ -1, 0, -1, 1, 0, 1, 0, 1 ], 
      [ -1, -1, 0, 1, 1, 0, 0, 1 ], [ -1, 1, 1, 0, 0, 1, 0, -1 ], 
      [ -1, 0, -1, 1, 1, 0, 0, 1 ], [ 0, 1, -1, 0, -1, 1, 0, 1 ], 
      [ 0, -1, -1, 1, 1, 0, 0, 1 ], [ 0, 1, -1, 0, -1, 1, 1, 0 ], 
      [ 0, 1, 0, -1, -1, 1, 1, 0 ], [ -1, -1, 1, 1, 1, 0, 0, 0 ], 
      [ 0, -1, 1, 1, 1, 0, 0, -1 ], [ -1, 0, 1, 1, 1, 0, 0, -1 ], 
      [ 0, 1, 1, 0, -1, 1, 1, -2 ], [ 0, 1, -2, 0, -1, 1, 1, 1 ], 
      [ -1, 0, 2, 1, 1, 0, -1, -1 ], [ 0, -1, 2, 1, 1, 0, -1, -1 ], 
      [ 0, -1, 1, 1, 2, -1, -1, 0 ], [ -1, -1, 0, 1, 2, 0, -1, 1 ], 
      [ 0, -1, 0, 1, 2, -1, -1, 1 ], [ -1, -1, -1, 1, 1, 0, 0, 2 ], 
      [ 0, -1, -1, 1, 1, 0, -1, 2 ], [ -1, 0, -1, 1, 1, 0, -1, 2 ], 
      [ -1, -1, 1, 1, 2, 0, -1, 0 ], [ -1, -1, 2, 1, 1, 0, 0, -1 ], 
      [ -1, 1, -1, 0, -1, 1, 1, 1 ], [ 0, 1, -1, -1, -1, 1, 1, 1 ], 
      [ -1, 1, 1, 0, -1, 1, 1, -1 ], [ 0, 1, 1, -1, -1, 1, 1, -1 ], 
      [ 0, -1, 2, 1, 2, -1, -1, -1 ], [ -1, -1, 2, 1, 2, 0, -1, -1 ], 
      [ 0, -1, -1, 1, 2, -1, -1, 2 ], [ -1, -1, -1, 1, 2, 0, -1, 2 ], 
      [ -1, 1, 2, 0, -1, 1, 1, -2 ], [ -1, 1, -2, 0, -1, 1, 1, 2 ], 
      [ 0, 1, -2, -1, -1, 1, 1, 2 ], [ 0, 1, 2, -1, -1, 1, 1, -2 ], 
      [ 0, -1, 3, 1, 2, -1, -1, -2 ], [ 0, -1, -2, 1, 2, -1, -1, 3 ], 
      [ -1, -1, 3, 1, 2, 0, -1, -2 ], [ -1, -1, -2, 1, 2, 0, -1, 3 ] ],
  ListAdjacent := [ rec(
          DistVect := [ 0, 1, 1, 1, 0, 0, 0, 1, 0, 0, 1, 1, 1, 0, 0, 1, 1, 
              1, 0, 1, 1, 1, 0, 0, 0, 1, 0, 1, 1 ],
          eAdj := [ 1, 2, 3, 4, 5, 6, 7, 8, 9, 10, 11, 12, 13, 14, 15, 16, 
              17, 18, 19, 20, 21, 22, 23, 24, 25, 26, 27, 28, 29, 30, 31, 
              32, 33, 34, 36, 37, 38, 40, 41, 42, 43, 44, 45, 46, 47, 48, 
              49, 50, 51, 52, 53, 54, 55, 56, 58, 59, 60, 61, 62, 63, 65, 
              66, 67, 68, 69, 70, 71, 72, 73, 74, 75, 76, 77, 78, 79, 80, 
              81, 82 ] ), rec(
          DistVect := [ 0, 1, 0, 1, 1, 0, 1, 0, 1, 0, 0, 1, 0, 1, 1, 1, 0, 
              1, 0, 0, 1, 0, 1, 1, 0, 1, 1, 0, 1 ],
          eAdj := [ 1, 2, 3, 4, 5, 6, 7, 8, 9, 10, 11, 12, 13, 14, 15, 17, 
              18, 19, 20, 21, 22, 23, 24, 25, 26, 27, 28, 29, 30, 31, 32, 
              33, 34, 35, 36, 37, 38, 39, 40, 41, 42, 43, 44, 45, 46, 48, 
              49, 50, 51, 52, 53, 55, 56, 57, 58, 59, 60, 61, 62, 63, 64, 
              65, 66, 67, 68, 69, 70, 71, 72, 73, 74, 75, 76, 77, 78, 79, 
              80, 81, 82 ] ), rec(
          DistVect := [ 0, 0, 0, 1, 0, 1, 0, 0, 0, 1, 0, 1, 0, 0, 1, 0, 1, 
              0, 0, 1, 0, 1, 1, 1, 0, 0, 1, 1, 0 ],
          eAdj := [ 1, 2, 3, 4, 5, 6, 7, 8, 9, 10, 11, 12, 13, 14, 15, 16, 
              17, 18, 19, 20, 21, 22, 23, 25, 26, 27, 28, 29, 30, 31, 32, 
              33, 34, 35, 36, 37, 38, 39, 41, 42, 43, 45, 46, 47, 48, 49, 
              50, 51, 52, 53, 54, 55, 56, 57, 58, 59, 60, 61, 62, 63, 64, 
              65, 66, 67, 68, 69, 70, 71, 72, 73, 74, 75, 76, 77, 78, 79, 
              80, 81, 82 ] ), rec(
          DistVect := [ 0, 0, 1, 0, 0, 0, 0, 1, 1, 0, 0, 0, 0, 1, 1, 1, 1, 
              1, 0, 0, 0, 0, 1, 0, 0, 1, 0, 1, 1 ],
          eAdj := [ 1, 2, 3, 4, 5, 6, 7, 8, 9, 10, 11, 12, 13, 14, 15, 16, 
              17, 18, 19, 20, 21, 22, 23, 24, 25, 26, 27, 28, 29, 30, 31, 
              32, 33, 34, 35, 36, 37, 39, 40, 41, 42, 43, 44, 45, 46, 47, 
              48, 49, 51, 52, 53, 54, 57, 58, 59, 60, 61, 62, 63, 64, 65, 
              66, 67, 68, 69, 70, 71, 72, 73, 74, 75, 76, 77, 78, 79, 80, 
              81, 82 ] ), rec(
          DistVect := [ 0, 1, 0, 0, 1, 1, 0, 0, 1, 1, 0, 0, 1, 1, 0, 1, 1, 
              0, 0, 1, 1, 0, 0, 0, 1, 1, 1, 1, 0 ],
          eAdj := [ 1, 2, 3, 4, 5, 6, 8, 9, 10, 11, 12, 13, 14, 15, 16, 17, 
              18, 19, 20, 21, 22, 23, 24, 25, 26, 27, 28, 29, 30, 32, 33, 
              34, 35, 36, 37, 38, 39, 40, 41, 42, 43, 44, 45, 47, 48, 49, 
              50, 51, 52, 53, 54, 55, 56, 57, 58, 59, 60, 61, 62, 63, 64, 
              65, 66, 67, 68, 69, 70, 71, 72, 73, 74, 75, 76, 77, 78, 79, 
              80, 81, 82 ] ), rec(
          DistVect := [ 0, 1, 1, 0, 0, 0, 0, 1, 0, 1, 1, 1, 1, 0, 1, 1, 1, 
              1, 0, 0, 0, 0, 1, 0, 0, 1, 0, 1, 1 ],
          eAdj := [ 1, 2, 3, 4, 5, 6, 7, 8, 9, 11, 12, 13, 14, 15, 16, 17, 
              18, 19, 20, 21, 22, 23, 24, 25, 26, 27, 28, 29, 30, 31, 32, 
              33, 34, 35, 36, 37, 38, 39, 40, 41, 42, 43, 44, 45, 46, 47, 
              48, 50, 51, 52, 54, 55, 56, 57, 58, 59, 60, 61, 62, 63, 64, 
              65, 66, 67, 68, 69, 70, 71, 72, 73, 74, 75, 76, 77, 78, 79, 
              80, 81, 82 ] ), rec(
          DistVect := [ 0, 0, 0, 0, 1, 0, 1, 0, 0, 0, 1, 0, 1, 0, 0, 1, 0, 
              1, 0, 1, 0, 1, 0, 1, 0, 1, 1, 0, 1 ],
          eAdj := [ 1, 2, 3, 4, 5, 6, 7, 8, 9, 10, 11, 12, 13, 15, 16, 17, 
              18, 19, 20, 21, 22, 23, 24, 25, 26, 27, 28, 29, 30, 31, 32, 
              33, 34, 35, 37, 38, 39, 40, 41, 42, 43, 44, 45, 46, 47, 49, 
              50, 51, 52, 53, 54, 55, 56, 57, 58, 59, 60, 61, 62, 63, 64, 
              65, 66, 67, 68, 69, 70, 71, 72, 73, 74, 75, 76, 77, 78, 79, 
              80, 81, 82 ] ), rec(
          DistVect := [ 0, 1, 0, 1, 0, 0, 0, 0, 1, 0, 1, 1, 1, 1, 1, 0, 0, 
              0, 0, 1, 1, 1, 1, 0, 0, 0, 0, 0, 0 ],
          eAdj := [ 1, 2, 3, 4, 5, 7, 8, 9, 10, 11, 12, 14, 15, 16, 17, 18, 
              19, 20, 21, 22, 23, 24, 25, 26, 27, 28, 29, 30, 31, 32, 33, 
              34, 35, 36, 37, 38, 39, 40, 41, 42, 43, 44, 45, 46, 47, 48, 
              49, 50, 51, 52, 53, 54, 55, 56, 57, 58, 59, 60, 61, 62, 63, 
              64, 65, 66, 67, 68, 69, 70, 71, 72, 73, 74, 75, 76, 77, 78, 
              79, 80, 81, 82 ] ), rec(
          DistVect := [ 0, 1, 1, 0, 1, 0, 1, 1, 0, 1, 0, 1, 0, 0, 1, 0, 1, 
              0, 0, 1, 0, 1, 1, 1, 0, 0, 1, 1, 0 ],
          eAdj := [ 1, 2, 4, 5, 6, 7, 8, 9, 10, 11, 12, 13, 14, 15, 16, 17, 
              19, 20, 21, 22, 23, 24, 25, 26, 27, 28, 29, 30, 31, 32, 33, 
              34, 35, 36, 37, 38, 39, 40, 41, 42, 43, 44, 45, 46, 47, 48, 
              49, 50, 51, 52, 53, 54, 55, 56, 57, 58, 59, 60, 61, 62, 63, 
              64, 65, 66, 67, 68, 69, 70, 71, 72, 73, 74, 75, 76, 77, 78, 
              79, 80, 81, 82 ] ), rec(
          DistVect := [ 0, 0, 1, 0, 0, 1, 0, 1, 1, 0, 0, 1, 0, 1, 1, 1, 0, 
              1, 0, 0, 1, 0, 1, 1, 0, 1, 1, 0, 1 ],
          eAdj := [ 2, 3, 4, 5, 6, 7, 8, 9, 10, 11, 13, 14, 15, 16, 17, 18, 
              19, 20, 21, 22, 23, 24, 25, 26, 27, 28, 29, 30, 31, 32, 33, 
              34, 35, 36, 37, 38, 39, 40, 41, 42, 43, 44, 45, 46, 47, 48, 
              49, 50, 51, 52, 53, 54, 55, 56, 57, 58, 59, 60, 61, 62, 63, 
              64, 65, 66, 67, 68, 69, 70, 71, 72, 73, 74, 75, 76, 77, 78, 
              79, 80, 81, 82 ] ), rec(
          DistVect := [ 0, 4, 7, 5, 5, 3, 4, 4, 7, 5, 5, 7, 4, 4, 4, 8, 8, 
              7, 3, 8, 8, 5, 5, 4, 5, 9, 7, 7, 4 ],
          eAdj := [ 1, 3, 4, 6, 7, 17, 19, 24, 27, 28, 34, 36, 37, 44, 47, 
              49, 55, 62, 63, 64, 69, 70, 73, 74, 78, 82 ] ), rec(
          DistVect := [ 0, 5, 4, 4, 4, 3, 5, 5, 7, 5, 5, 8, 4, 4, 4, 8, 5, 
              7, 3, 8, 7, 5, 5, 3, 5, 9, 8, 8, 4 ],
          eAdj := [ 1, 3, 4, 6, 7, 14, 15, 16, 17, 18, 19, 24, 25, 28, 37, 
              38, 39, 44, 45, 49, 61, 63, 69, 70, 73, 74 ] ), rec(
          DistVect := [ 0, 4, 4, 5, 4, 3, 5, 5, 4, 7, 4, 5, 7, 7, 7, 8, 5, 
              7, 3, 7, 8, 4, 4, 5, 3, 7, 8, 8, 4 ],
          eAdj := [ 1, 4, 5, 8, 13, 15, 17, 18, 19, 24, 25, 26, 31, 33, 35, 
              42, 48, 50, 53, 54, 65, 66, 67, 68, 71, 72 ] ), rec(
          DistVect := [ 0, 7, 7, 4, 4, 4, 4, 4, 4, 5, 5, 7, 7, 7, 5, 9, 7, 
              7, 3, 8, 8, 4, 4, 4, 4, 8, 8, 8, 4 ],
          eAdj := [ 1, 3, 4, 5, 8, 13, 15, 16, 17, 19, 24, 27, 31, 33, 39, 
              44, 48, 50, 51, 52, 53, 59, 60, 65, 67, 68 ] ), rec(
          DistVect := [ 0, 5, 5, 4, 4, 4, 4, 4, 4, 5, 5, 5, 7, 7, 5, 9, 5, 
              7, 3, 8, 8, 4, 4, 4, 4, 8, 8, 8, 4 ],
          eAdj := [ 1, 3, 4, 5, 8, 13, 15, 16, 17, 18, 19, 24, 25, 31, 33, 
              39, 44, 48, 50, 52, 53, 59, 65, 67, 68, 71 ] ), rec(
          DistVect := [ 0, 5, 5, 4, 4, 4, 4, 4, 4, 7, 3, 5, 7, 7, 7, 7, 5, 
              7, 3, 8, 8, 4, 4, 4, 4, 8, 8, 8, 4 ],
          eAdj := [ 1, 3, 4, 5, 8, 13, 15, 16, 17, 19, 24, 25, 26, 31, 33, 
              39, 42, 48, 50, 52, 53, 59, 60, 65, 67, 68 ] ), rec(
          DistVect := [ 0, 4, 4, 5, 4, 3, 5, 5, 4, 5, 4, 7, 5, 5, 7, 8, 5, 
              7, 3, 7, 8, 4, 4, 5, 3, 7, 8, 8, 4 ],
          eAdj := [ 1, 4, 7, 8, 13, 15, 17, 18, 19, 24, 25, 26, 31, 33, 35, 
              42, 48, 50, 52, 53, 54, 59, 65, 66, 68, 71 ] ), rec(
          DistVect := [ 0, 5, 7, 4, 3, 3, 4, 4, 4, 5, 4, 8, 5, 5, 7, 8, 8, 
              7, 3, 7, 7, 4, 4, 4, 3, 7, 7, 7, 4 ],
          eAdj := [ 1, 3, 4, 7, 8, 13, 14, 15, 16, 17, 19, 24, 26, 27, 31, 
              33, 34, 38, 39, 42, 51, 52, 53, 59, 60, 65 ] ), rec(
          DistVect := [ 0, 4, 5, 5, 4, 4, 4, 4, 5, 5, 4, 8, 4, 4, 4, 5, 7, 
              5, 3, 5, 7, 5, 7, 4, 4, 8, 8, 8, 4 ],
          eAdj := [ 1, 3, 6, 7, 9, 14, 15, 17, 19, 21, 34, 36, 37, 38, 42, 
              44, 47, 49, 62, 63, 64, 69, 70, 73, 74, 82 ] ), rec(
          DistVect := [ 0, 4, 5, 5, 4, 4, 4, 4, 3, 3, 4, 8, 4, 4, 4, 5, 7, 
              5, 3, 5, 7, 5, 7, 4, 4, 8, 8, 8, 4 ],
          eAdj := [ 1, 3, 6, 7, 9, 14, 15, 17, 19, 21, 31, 34, 37, 38, 41, 
              42, 44, 45, 47, 49, 62, 63, 64, 70, 73, 74 ] ), rec(
          DistVect := [ 0, 5, 4, 4, 4, 3, 5, 5, 7, 7, 3, 8, 4, 4, 4, 8, 5, 
              7, 3, 8, 5, 7, 7, 5, 3, 7, 8, 8, 4 ],
          eAdj := [ 1, 4, 6, 7, 9, 14, 15, 16, 17, 18, 19, 25, 28, 37, 38, 
              39, 42, 44, 45, 49, 60, 61, 63, 69, 70, 74 ] ), rec(
          DistVect := [ 0, 4, 7, 7, 4, 4, 4, 4, 5, 5, 4, 8, 4, 4, 4, 7, 7, 
              7, 3, 7, 7, 7, 7, 4, 4, 8, 8, 8, 4 ],
          eAdj := [ 1, 3, 4, 6, 7, 9, 14, 15, 17, 19, 27, 31, 34, 37, 38, 
              42, 44, 47, 49, 62, 63, 64, 70, 73, 74, 82 ] ), rec(
          DistVect := [ 0, 4, 5, 5, 4, 4, 4, 4, 7, 7, 4, 8, 4, 4, 4, 7, 5, 
              7, 3, 7, 5, 7, 7, 4, 4, 8, 8, 8, 4 ],
          eAdj := [ 1, 3, 4, 6, 7, 9, 14, 15, 17, 19, 25, 28, 37, 38, 42, 
              44, 47, 49, 62, 63, 64, 69, 70, 73, 74, 82 ] ), rec(
          DistVect := [ 0, 4, 5, 5, 4, 4, 4, 4, 5, 5, 4, 8, 4, 4, 4, 7, 5, 
              7, 3, 7, 5, 7, 7, 4, 4, 8, 8, 8, 4 ],
          eAdj := [ 1, 3, 4, 6, 7, 9, 14, 15, 17, 19, 25, 31, 37, 38, 42, 
              44, 45, 47, 49, 61, 62, 63, 64, 70, 73, 74 ] ), rec(
          DistVect := [ 0, 7, 7, 5, 5, 3, 4, 4, 4, 4, 4, 8, 7, 7, 4, 8, 8, 
              7, 3, 8, 8, 5, 5, 4, 5, 9, 7, 7, 4 ],
          eAdj := [ 1, 3, 4, 5, 10, 13, 14, 17, 19, 24, 27, 31, 34, 37, 38, 
              41, 42, 44, 45, 47, 51, 60, 61, 64, 70, 74 ] ), rec(
          DistVect := [ 0, 4, 4, 4, 4, 3, 5, 5, 4, 4, 4, 5, 7, 7, 4, 8, 5, 
              7, 3, 8, 7, 5, 5, 3, 5, 9, 8, 8, 4 ],
          eAdj := [ 1, 3, 4, 5, 10, 13, 15, 16, 17, 18, 19, 24, 25, 31, 37, 
              39, 41, 42, 44, 48, 50, 51, 52, 59, 60, 61 ] ), rec(
          DistVect := [ 0, 5, 7, 5, 5, 3, 4, 4, 4, 4, 4, 8, 5, 5, 4, 8, 8, 
              7, 3, 8, 8, 5, 5, 4, 5, 9, 7, 7, 4 ],
          eAdj := [ 1, 3, 4, 6, 7, 10, 13, 14, 17, 19, 24, 27, 31, 34, 37, 
              38, 41, 42, 44, 45, 47, 61, 64, 70, 73, 74 ] ), rec(
          DistVect := [ 0, 4, 4, 4, 4, 5, 3, 3, 4, 4, 4, 7, 5, 5, 4, 8, 5, 
              7, 3, 8, 7, 5, 5, 5, 3, 7, 8, 8, 4 ],
          eAdj := [ 1, 3, 4, 8, 10, 13, 15, 16, 17, 18, 19, 25, 31, 37, 39, 
              41, 42, 44, 45, 48, 50, 51, 52, 59, 60, 67 ] ), rec(
          DistVect := [ 0, 5, 5, 4, 4, 4, 4, 4, 4, 5, 3, 7, 5, 7, 5, 7, 7, 
              5, 3, 8, 8, 4, 4, 4, 4, 8, 8, 8, 4 ],
          eAdj := [ 1, 3, 5, 8, 10, 13, 14, 15, 16, 17, 19, 24, 31, 33, 39, 
              42, 48, 50, 51, 52, 53, 59, 60, 65, 67, 68 ] ), rec(
          DistVect := [ 0, 4, 4, 4, 5, 5, 4, 3, 4, 4, 3, 7, 4, 5, 4, 5, 5, 
              4, 3, 7, 7, 4, 5, 4, 3, 8, 7, 8, 5 ],
          eAdj := [ 1, 3, 6, 8, 10, 14, 15, 19, 21, 25, 29, 31, 37, 39, 41, 
              42, 44, 45, 47, 49, 50, 51, 60, 61, 67, 74 ] ), rec(
          DistVect := [ 0, 4, 4, 4, 4, 3, 5, 5, 4, 4, 4, 7, 5, 5, 4, 8, 5, 
              7, 3, 8, 7, 5, 5, 5, 3, 7, 8, 8, 4 ],
          eAdj := [ 1, 4, 7, 8, 10, 13, 15, 16, 17, 18, 19, 24, 25, 31, 37, 
              39, 41, 42, 44, 48, 50, 51, 52, 59, 60, 65 ] ), rec(
          DistVect := [ 0, 4, 5, 4, 4, 4, 4, 4, 7, 4, 4, 8, 4, 4, 5, 7, 7, 
              5, 3, 8, 8, 4, 4, 4, 4, 8, 8, 8, 4 ],
          eAdj := [ 1, 3, 6, 7, 8, 10, 14, 15, 16, 17, 19, 24, 28, 36, 38, 
              39, 41, 42, 45, 49, 51, 60, 61, 69, 70, 74 ] ), rec(
          DistVect := [ 0, 4, 3, 4, 4, 4, 4, 4, 5, 4, 4, 8, 4, 4, 5, 5, 5, 
              5, 3, 8, 8, 4, 4, 4, 4, 8, 8, 8, 4 ],
          eAdj := [ 1, 3, 6, 7, 8, 10, 14, 15, 16, 17, 19, 21, 24, 25, 37, 
              38, 39, 41, 42, 45, 49, 51, 60, 61, 69, 74 ] ), rec(
          DistVect := [ 0, 4, 5, 4, 4, 4, 4, 4, 3, 4, 4, 8, 4, 4, 7, 5, 7, 
              5, 3, 8, 8, 4, 4, 4, 4, 8, 8, 8, 4 ],
          eAdj := [ 1, 3, 6, 7, 8, 10, 14, 15, 16, 17, 19, 21, 24, 26, 31, 
              33, 34, 38, 39, 41, 42, 45, 51, 52, 60, 61 ] ), rec(
          DistVect := [ 0, 4, 5, 4, 4, 4, 4, 4, 5, 4, 4, 8, 4, 4, 7, 5, 7, 
              5, 3, 8, 8, 4, 4, 4, 4, 8, 8, 8, 4 ],
          eAdj := [ 1, 3, 6, 7, 8, 10, 14, 15, 16, 17, 19, 21, 24, 26, 34, 
              36, 38, 39, 41, 42, 45, 51, 60, 61, 69, 74 ] ), rec(
          DistVect := [ 0, 5, 4, 5, 4, 3, 5, 5, 7, 4, 3, 8, 4, 4, 7, 8, 5, 
              7, 3, 7, 8, 4, 4, 5, 3, 7, 8, 8, 4 ],
          eAdj := [ 1, 4, 6, 7, 8, 10, 14, 15, 17, 18, 19, 24, 25, 26, 28, 
              35, 38, 41, 42, 51, 52, 54, 59, 60, 65, 69 ] ), rec(
          DistVect := [ 0, 4, 7, 4, 4, 4, 4, 4, 7, 4, 4, 8, 4, 4, 5, 9, 7, 
              7, 3, 8, 8, 4, 4, 4, 4, 8, 8, 8, 4 ],
          eAdj := [ 1, 3, 4, 6, 7, 8, 10, 14, 15, 16, 17, 19, 24, 27, 28, 
              38, 39, 41, 42, 44, 45, 51, 60, 61, 70, 74 ] ), rec(
          DistVect := [ 0, 4, 7, 4, 4, 4, 4, 4, 5, 4, 4, 8, 4, 4, 5, 9, 7, 
              7, 3, 8, 8, 4, 4, 4, 4, 8, 8, 8, 4 ],
          eAdj := [ 1, 3, 4, 6, 7, 8, 10, 13, 14, 15, 16, 17, 19, 24, 27, 
              31, 38, 39, 41, 42, 44, 45, 51, 59, 60, 61 ] ), rec(
          DistVect := [ 0, 4, 5, 4, 4, 4, 4, 4, 3, 4, 4, 8, 4, 4, 5, 7, 7, 
              7, 3, 8, 8, 4, 4, 4, 4, 8, 8, 8, 4 ],
          eAdj := [ 1, 3, 4, 6, 7, 8, 10, 13, 14, 15, 16, 17, 19, 24, 31, 
              34, 37, 38, 39, 41, 42, 45, 51, 52, 60, 61 ] ), rec(
          DistVect := [ 0, 4, 5, 4, 4, 4, 4, 4, 5, 4, 4, 8, 4, 4, 3, 9, 7, 
              7, 3, 8, 8, 4, 4, 4, 4, 8, 8, 8, 4 ],
          eAdj := [ 1, 3, 4, 6, 7, 8, 10, 13, 14, 15, 16, 17, 18, 19, 24, 
              37, 38, 39, 41, 42, 44, 45, 51, 60, 61, 70 ] ), rec(
          DistVect := [ 0, 4, 5, 4, 4, 4, 4, 4, 5, 4, 4, 8, 4, 4, 5, 7, 5, 
              7, 3, 8, 8, 4, 4, 4, 4, 8, 8, 8, 4 ],
          eAdj := [ 1, 3, 4, 6, 7, 8, 10, 14, 15, 16, 17, 19, 24, 25, 31, 
              37, 38, 39, 41, 42, 44, 45, 51, 60, 61, 74 ] ), rec(
          DistVect := [ 0, 4, 5, 4, 4, 4, 4, 4, 7, 4, 4, 8, 4, 4, 5, 9, 5, 
              7, 3, 8, 8, 4, 4, 4, 4, 8, 8, 8, 4 ],
          eAdj := [ 1, 3, 4, 6, 7, 8, 10, 14, 15, 16, 17, 18, 19, 24, 25, 
              28, 38, 39, 41, 42, 44, 45, 51, 59, 60, 61 ] ), rec(
          DistVect := [ 0, 4, 3, 4, 4, 4, 4, 4, 5, 4, 4, 8, 4, 4, 5, 7, 5, 
              7, 3, 8, 8, 4, 4, 4, 4, 8, 8, 8, 4 ],
          eAdj := [ 1, 3, 4, 6, 7, 8, 10, 14, 15, 16, 17, 18, 19, 24, 25, 
              37, 38, 39, 41, 42, 45, 51, 52, 60, 61, 69 ] ), rec(
          DistVect := [ 0, 4, 7, 4, 4, 4, 4, 4, 5, 4, 4, 8, 4, 4, 7, 7, 7, 
              7, 3, 8, 8, 4, 4, 4, 4, 8, 8, 8, 4 ],
          eAdj := [ 1, 3, 4, 6, 7, 8, 10, 14, 15, 16, 17, 19, 24, 26, 27, 
              31, 34, 38, 39, 41, 42, 45, 51, 60, 61, 74 ] ), rec(
          DistVect := [ 0, 4, 5, 4, 4, 4, 4, 4, 7, 4, 4, 8, 4, 4, 7, 7, 5, 
              7, 3, 8, 8, 4, 4, 4, 4, 8, 8, 8, 4 ],
          eAdj := [ 1, 3, 4, 6, 7, 8, 10, 14, 15, 16, 17, 19, 24, 25, 26, 
              28, 38, 39, 41, 42, 45, 51, 60, 61, 69, 74 ] ), rec(
          DistVect := [ 0, 4, 5, 4, 4, 4, 4, 4, 5, 4, 4, 8, 4, 4, 7, 7, 5, 
              7, 3, 8, 8, 4, 4, 4, 4, 8, 8, 8, 4 ],
          eAdj := [ 1, 3, 4, 6, 7, 8, 10, 14, 15, 16, 17, 19, 24, 25, 26, 
              31, 38, 39, 41, 42, 45, 51, 52, 59, 60, 61 ] ), rec(
          DistVect := [ 0, 4, 4, 4, 4, 3, 5, 5, 4, 4, 4, 5, 7, 7, 4, 8, 5, 
              7, 3, 8, 5, 7, 7, 5, 3, 7, 8, 8, 4 ],
          eAdj := [ 1, 4, 5, 9, 10, 13, 15, 16, 17, 18, 19, 25, 31, 37, 39, 
              41, 42, 44, 48, 50, 51, 52, 59, 60, 65, 67 ] ), rec(
          DistVect := [ 0, 5, 5, 5, 4, 4, 4, 4, 4, 4, 3, 5, 7, 7, 4, 7, 5, 
              7, 3, 7, 5, 7, 7, 4, 4, 8, 8, 8, 4 ],
          eAdj := [ 1, 3, 4, 5, 9, 10, 13, 15, 17, 19, 25, 31, 37, 41, 42, 
              44, 45, 47, 48, 50, 51, 60, 61, 64, 67, 74 ] ), rec(
          DistVect := [ 0, 4, 4, 4, 4, 3, 5, 5, 4, 4, 4, 7, 5, 5, 4, 8, 5, 
              7, 3, 8, 5, 7, 7, 5, 3, 7, 8, 8, 4 ],
          eAdj := [ 1, 4, 7, 9, 10, 13, 15, 16, 17, 18, 19, 25, 31, 37, 39, 
              41, 42, 44, 45, 48, 50, 51, 52, 59, 60, 61 ] ), rec(
          DistVect := [ 0, 5, 7, 7, 3, 3, 4, 4, 4, 4, 4, 8, 5, 5, 4, 8, 8, 
              7, 3, 8, 8, 7, 7, 4, 3, 7, 7, 7, 4 ],
          eAdj := [ 1, 3, 4, 7, 9, 10, 13, 14, 15, 17, 19, 27, 31, 34, 37, 
              38, 41, 42, 44, 45, 47, 60, 61, 64, 70, 74 ] ), rec(
          DistVect := [ 0, 4, 4, 5, 4, 3, 4, 5, 4, 7, 4, 5, 4, 7, 7, 8, 5, 
              4, 3, 7, 8, 7, 4, 5, 4, 7, 5, 8, 7 ],
          eAdj := [ 1, 5, 11, 13, 18, 22, 24, 25, 26, 29, 31, 32, 43, 48, 
              53, 54, 56, 57, 58, 66, 67, 72, 76, 77, 79, 81 ] ), rec(
          DistVect := [ 0, 1, 1, 1, 1, 1, 1, 1, 1, 2, 1, 1, 1, 2, 2, 2, 1, 
              1, 1, 1, 2, 1, 1, 2, 1, 1, 2, 2, 1 ],
          eAdj := [ 1, 5, 11, 13, 17, 18, 23, 24, 25, 26, 29, 31, 32, 35, 
              43, 48, 53, 54, 56, 57, 58, 66, 67, 72, 76, 77, 79, 81 ] ), 
      rec(
          DistVect := [ 0, 7, 7, 4, 4, 4, 7, 4, 4, 5, 5, 7, 4, 7, 5, 9, 7, 
              4, 3, 8, 8, 5, 4, 4, 5, 8, 7, 8, 7 ],
          eAdj := [ 1, 3, 5, 11, 13, 16, 22, 24, 27, 29, 31, 32, 35, 43, 44, 
              48, 52, 53, 56, 58, 65, 68, 71, 72, 76, 77 ] ), rec(
          DistVect := [ 0, 5, 5, 4, 4, 4, 5, 4, 4, 5, 5, 5, 4, 7, 5, 9, 5, 
              4, 3, 8, 8, 5, 4, 4, 5, 8, 5, 8, 7 ],
          eAdj := [ 1, 3, 5, 11, 13, 16, 18, 22, 24, 25, 29, 31, 32, 35, 43, 
              44, 48, 52, 53, 56, 58, 71, 72, 76, 77, 79 ] ), rec(
          DistVect := [ 0, 5, 5, 4, 4, 4, 5, 4, 4, 7, 3, 5, 4, 7, 7, 7, 5, 
              4, 3, 8, 8, 7, 4, 4, 3, 8, 5, 8, 7 ],
          eAdj := [ 1, 3, 5, 11, 13, 16, 22, 24, 25, 26, 29, 31, 32, 35, 43, 
              48, 52, 53, 56, 58, 65, 67, 71, 72, 76, 77 ] ), rec(
          DistVect := [ 0, 4, 5, 4, 3, 4, 4, 4, 3, 4, 5, 8, 4, 4, 7, 8, 7, 
              5, 3, 5, 8, 4, 4, 5, 3, 5, 8, 8, 4 ],
          eAdj := [ 1, 7, 11, 13, 15, 17, 18, 23, 24, 26, 31, 32, 33, 35, 
              43, 48, 50, 52, 53, 54, 58, 66, 67, 68, 71, 72 ] ), rec(
          DistVect := [ 0, 4, 5, 4, 3, 4, 4, 4, 5, 4, 3, 8, 4, 4, 7, 8, 7, 
              5, 3, 5, 8, 4, 4, 5, 3, 5, 8, 8, 4 ],
          eAdj := [ 1, 7, 11, 13, 14, 15, 17, 18, 23, 24, 26, 32, 33, 35, 
              42, 43, 48, 50, 52, 53, 54, 65, 67, 68, 71, 72 ] ), rec(
          DistVect := [ 0, 4, 4, 5, 4, 3, 4, 5, 4, 5, 4, 7, 4, 5, 7, 8, 5, 
              4, 3, 7, 8, 7, 4, 5, 4, 7, 5, 8, 7 ],
          eAdj := [ 1, 7, 11, 13, 18, 22, 24, 25, 26, 29, 31, 32, 43, 48, 
              52, 53, 54, 56, 57, 58, 66, 67, 71, 72, 77, 79 ] ), rec(
          DistVect := [ 0, 5, 7, 4, 3, 3, 7, 4, 4, 5, 4, 8, 4, 5, 7, 8, 8, 
              4, 3, 7, 7, 7, 4, 4, 4, 7, 8, 7, 7 ],
          eAdj := [ 1, 3, 7, 11, 13, 14, 15, 16, 22, 24, 26, 27, 29, 31, 32, 
              35, 43, 50, 52, 53, 58, 65, 67, 68, 71, 72 ] ), rec(
          DistVect := [ 0, 4, 7, 7, 4, 4, 7, 4, 5, 5, 4, 8, 5, 4, 4, 7, 7, 
              4, 3, 7, 7, 4, 7, 4, 3, 8, 7, 8, 7 ],
          eAdj := [ 1, 3, 6, 7, 8, 9, 11, 14, 15, 22, 27, 29, 31, 39, 41, 
              43, 44, 47, 49, 50, 51, 60, 61, 62, 67, 74 ] ), rec(
          DistVect := [ 0, 4, 5, 5, 4, 4, 5, 4, 5, 5, 4, 8, 5, 4, 4, 7, 5, 
              4, 3, 7, 5, 4, 7, 4, 3, 8, 5, 8, 7 ],
          eAdj := [ 1, 3, 6, 7, 8, 9, 11, 14, 22, 25, 29, 31, 39, 41, 43, 
              44, 45, 47, 49, 50, 51, 59, 60, 61, 62, 67 ] ), rec(
          DistVect := [ 0, 4, 7, 4, 4, 4, 7, 4, 5, 4, 4, 8, 5, 4, 5, 9, 7, 
              4, 3, 8, 8, 5, 4, 4, 5, 8, 7, 8, 7 ],
          eAdj := [ 1, 3, 6, 7, 10, 11, 13, 14, 16, 22, 24, 27, 29, 31, 32, 
              33, 35, 43, 44, 45, 50, 59, 65, 67, 68, 71 ] ), rec(
          DistVect := [ 0, 4, 7, 4, 4, 4, 7, 4, 5, 4, 4, 8, 5, 4, 7, 7, 7, 
              4, 3, 8, 8, 7, 4, 4, 3, 8, 7, 8, 7 ],
          eAdj := [ 1, 3, 6, 7, 10, 11, 14, 15, 16, 22, 24, 26, 27, 29, 31, 
              32, 33, 35, 43, 45, 50, 59, 60, 65, 67, 68 ] ), rec(
          DistVect := [ 0, 4, 5, 4, 4, 4, 5, 4, 5, 4, 4, 8, 5, 4, 7, 7, 5, 
              4, 3, 8, 8, 7, 4, 4, 3, 8, 5, 8, 7 ],
          eAdj := [ 1, 3, 6, 7, 10, 11, 14, 16, 22, 24, 25, 26, 29, 31, 32, 
              33, 35, 43, 45, 50, 52, 59, 65, 67, 68, 71 ] ), rec(
          DistVect := [ 0, 4, 4, 4, 4, 5, 4, 3, 4, 4, 4, 7, 4, 5, 4, 8, 5, 
              4, 3, 8, 7, 4, 5, 7, 4, 5, 7, 8, 5 ],
          eAdj := [ 1, 8, 10, 11, 13, 16, 18, 23, 25, 29, 31, 32, 33, 35, 
              43, 44, 48, 52, 53, 56, 65, 67, 68, 71, 72, 76 ] ), rec(
          DistVect := [ 0, 4, 4, 4, 4, 5, 4, 3, 4, 4, 4, 7, 4, 5, 4, 8, 5, 
              4, 3, 8, 7, 4, 5, 5, 4, 7, 5, 8, 7 ],
          eAdj := [ 1, 3, 8, 10, 11, 13, 16, 18, 22, 25, 29, 31, 32, 33, 35, 
              43, 44, 45, 48, 52, 56, 65, 67, 68, 71, 76 ] ), rec(
          DistVect := [ 0, 5, 5, 4, 4, 4, 4, 4, 4, 3, 5, 7, 5, 7, 3, 9, 7, 
              5, 3, 8, 8, 4, 4, 4, 4, 8, 8, 8, 4 ],
          eAdj := [ 1, 3, 5, 8, 10, 11, 13, 15, 16, 17, 18, 19, 24, 31, 33, 
              39, 44, 48, 50, 51, 52, 53, 59, 65, 67, 68 ] ), rec(
          DistVect := [ 0, 7, 7, 5, 5, 3, 7, 4, 4, 4, 4, 8, 4, 7, 4, 8, 8, 
              4, 3, 8, 8, 4, 5, 4, 4, 9, 8, 7, 7 ],
          eAdj := [ 1, 3, 5, 8, 10, 11, 13, 14, 15, 22, 24, 27, 29, 31, 33, 
              39, 44, 45, 47, 50, 51, 59, 60, 65, 67, 68 ] ), rec(
          DistVect := [ 0, 4, 4, 4, 4, 3, 4, 5, 4, 4, 4, 5, 4, 7, 4, 8, 5, 
              4, 3, 8, 7, 4, 5, 3, 4, 9, 5, 8, 7 ],
          eAdj := [ 1, 3, 5, 8, 10, 11, 13, 16, 18, 22, 24, 25, 29, 31, 33, 
              35, 43, 44, 48, 52, 56, 59, 65, 67, 68, 71 ] ), rec(
          DistVect := [ 0, 4, 4, 4, 4, 3, 4, 5, 4, 4, 4, 7, 4, 5, 4, 8, 5, 
              4, 3, 8, 7, 4, 5, 5, 4, 7, 5, 8, 7 ],
          eAdj := [ 1, 7, 8, 10, 11, 13, 16, 18, 22, 24, 25, 29, 31, 32, 33, 
              35, 43, 44, 48, 52, 56, 65, 67, 68, 71, 72 ] ), rec(
          DistVect := [ 0, 4, 3, 4, 5, 4, 4, 4, 5, 4, 3, 8, 4, 4, 5, 8, 5, 
              5, 3, 7, 8, 4, 4, 7, 3, 5, 8, 8, 4 ],
          eAdj := [ 1, 7, 8, 10, 11, 13, 17, 18, 23, 24, 25, 32, 33, 35, 42, 
              43, 48, 50, 52, 53, 54, 65, 67, 68, 71, 72 ] ), rec(
          DistVect := [ 0, 5, 7, 5, 5, 3, 7, 4, 4, 4, 4, 8, 4, 5, 4, 8, 8, 
              4, 3, 8, 8, 4, 5, 4, 4, 9, 8, 7, 7 ],
          eAdj := [ 1, 3, 6, 7, 8, 10, 11, 13, 14, 15, 22, 24, 27, 29, 31, 
              33, 39, 44, 45, 47, 50, 51, 59, 60, 61, 67 ] ), rec(
          DistVect := [ 0, 4, 5, 4, 4, 4, 5, 4, 3, 4, 4, 8, 3, 4, 5, 7, 7, 
              4, 3, 8, 8, 5, 4, 4, 3, 8, 7, 8, 7 ],
          eAdj := [ 1, 3, 6, 7, 8, 10, 11, 13, 14, 15, 16, 22, 24, 29, 31, 
              32, 33, 35, 43, 45, 50, 52, 59, 65, 67, 68 ] ), rec(
          DistVect := [ 0, 4, 5, 4, 4, 4, 5, 4, 5, 4, 4, 8, 5, 4, 5, 7, 5, 
              4, 3, 8, 8, 5, 4, 4, 3, 8, 5, 8, 7 ],
          eAdj := [ 1, 3, 6, 7, 8, 10, 11, 14, 16, 22, 24, 25, 29, 31, 32, 
              33, 35, 43, 44, 45, 50, 59, 60, 65, 67, 68 ] ), rec(
          DistVect := [ 0, 4, 3, 4, 4, 4, 3, 4, 5, 4, 4, 8, 5, 4, 5, 7, 5, 
              4, 3, 8, 8, 5, 4, 4, 3, 8, 5, 8, 7 ],
          eAdj := [ 1, 3, 6, 7, 8, 10, 11, 14, 16, 18, 22, 24, 25, 29, 32, 
              33, 35, 42, 43, 45, 50, 52, 59, 65, 67, 68 ] ), rec(
          DistVect := [ 0, 4, 4, 4, 4, 3, 4, 5, 4, 4, 4, 5, 4, 7, 4, 8, 5, 
              4, 3, 8, 5, 4, 7, 5, 4, 7, 5, 8, 7 ],
          eAdj := [ 1, 5, 8, 9, 10, 11, 13, 16, 18, 22, 25, 29, 31, 33, 35, 
              43, 44, 48, 52, 56, 65, 67, 68, 71, 72, 76 ] ), rec(
          DistVect := [ 0, 5, 5, 5, 4, 4, 5, 4, 4, 4, 3, 5, 4, 7, 4, 7, 5, 
              4, 3, 7, 5, 4, 7, 4, 3, 8, 5, 8, 7 ],
          eAdj := [ 1, 3, 5, 8, 9, 10, 11, 13, 22, 25, 29, 31, 33, 39, 43, 
              44, 45, 47, 48, 56, 59, 60, 65, 67, 68, 76 ] ), rec(
          DistVect := [ 0, 4, 5, 5, 3, 4, 4, 4, 3, 3, 5, 8, 4, 4, 4, 8, 7, 
              5, 3, 8, 7, 5, 7, 5, 3, 5, 8, 8, 4 ],
          eAdj := [ 1, 7, 8, 9, 10, 11, 13, 15, 16, 17, 18, 23, 31, 33, 39, 
              41, 43, 44, 45, 48, 50, 51, 52, 59, 65, 67 ] ), rec(
          DistVect := [ 0, 4, 5, 5, 3, 4, 4, 4, 5, 5, 3, 8, 4, 4, 4, 8, 7, 
              5, 3, 8, 7, 5, 7, 5, 3, 5, 8, 8, 4 ],
          eAdj := [ 1, 7, 8, 9, 10, 11, 13, 14, 15, 16, 17, 18, 23, 39, 41, 
              42, 43, 44, 45, 48, 50, 51, 59, 60, 65, 67 ] ), rec(
          DistVect := [ 0, 4, 4, 4, 4, 3, 4, 5, 4, 4, 4, 7, 4, 5, 4, 8, 5, 
              4, 3, 8, 5, 4, 7, 5, 4, 7, 5, 8, 7 ],
          eAdj := [ 1, 7, 8, 9, 10, 11, 13, 16, 18, 22, 25, 29, 31, 33, 35, 
              43, 44, 45, 48, 52, 56, 59, 65, 67, 68, 71 ] ), rec(
          DistVect := [ 0, 5, 7, 7, 3, 3, 7, 4, 4, 4, 4, 8, 4, 5, 4, 8, 8, 
              4, 3, 8, 8, 4, 7, 4, 4, 7, 8, 7, 7 ],
          eAdj := [ 1, 3, 7, 8, 9, 10, 11, 13, 14, 15, 22, 27, 29, 31, 33, 
              39, 43, 44, 45, 47, 50, 51, 59, 60, 65, 67 ] ), rec(
          DistVect := [ 0, 4, 4, 4, 5, 4, 4, 3, 4, 4, 5, 8, 4, 3, 4, 5, 8, 
              4, 3, 7, 8, 4, 5, 5, 3, 8, 8, 7, 5 ],
          eAdj := [ 1, 3, 6, 7, 8, 12, 15, 17, 19, 21, 24, 34, 36, 37, 38, 
              39, 41, 42, 45, 47, 49, 62, 69, 70, 73, 74 ] ), rec(
          DistVect := [ 0, 4, 3, 4, 4, 4, 4, 4, 5, 4, 4, 8, 4, 4, 3, 7, 7, 
              5, 3, 8, 8, 4, 4, 4, 4, 8, 8, 8, 4 ],
          eAdj := [ 1, 3, 6, 7, 8, 10, 12, 14, 15, 16, 17, 18, 19, 24, 37, 
              38, 39, 41, 42, 45, 49, 51, 60, 61, 69, 70 ] ), rec(
          DistVect := [ 0, 4, 3, 4, 4, 4, 4, 4, 3, 4, 4, 8, 4, 4, 5, 5, 7, 
              5, 3, 8, 8, 4, 4, 4, 4, 8, 8, 8, 4 ],
          eAdj := [ 1, 3, 6, 7, 8, 10, 12, 14, 15, 16, 17, 19, 21, 24, 34, 
              37, 38, 39, 41, 42, 45, 51, 52, 60, 61, 69 ] ), rec(
          DistVect := [ 0, 1, 2, 1, 2, 1, 1, 1, 2, 1, 2, 2, 1, 1, 1, 2, 2, 
              2, 1, 2, 2, 1, 1, 1, 2, 3, 2, 2, 1 ],
          eAdj := [ 1, 3, 4, 6, 7, 17, 19, 21, 24, 27, 28, 34, 36, 37, 44, 
              47, 49, 55, 62, 63, 64, 69, 70, 73, 78, 80, 82 ] ), rec(
          DistVect := [ 0, 1, 1, 1, 1, 1, 1, 1, 2, 2, 1, 2, 1, 1, 1, 1, 1, 
              1, 1, 1, 1, 1, 2, 1, 1, 2, 2, 2, 1 ],
          eAdj := [ 1, 3, 6, 7, 9, 14, 15, 17, 19, 21, 25, 28, 29, 36, 37, 
              38, 39, 42, 44, 47, 49, 62, 63, 64, 69, 70, 73, 74, 82 ] ), 
      rec(
          DistVect := [ 0, 1, 1, 1, 2, 2, 1, 0, 1, 1, 1, 2, 1, 1, 1, 1, 1, 
              1, 1, 2, 2, 1, 1, 1, 1, 2, 2, 2, 1 ],
          eAdj := [ 1, 3, 6, 8, 10, 14, 15, 19, 21, 25, 27, 29, 31, 37, 38, 
              39, 41, 42, 44, 45, 47, 49, 50, 51, 61, 62, 64, 67, 74 ] ), 
      rec(
          DistVect := [ 0, 1, 1, 1, 1, 1, 1, 1, 1, 1, 1, 2, 1, 1, 1, 1, 1, 
              1, 1, 2, 2, 1, 1, 1, 1, 2, 2, 2, 1 ],
          eAdj := [ 1, 3, 6, 7, 8, 10, 14, 15, 16, 17, 19, 21, 24, 25, 29, 
              31, 37, 38, 39, 41, 42, 44, 45, 47, 49, 50, 51, 60, 61, 74 ] ),
      rec(
          DistVect := [ 0, 2, 2, 2, 1, 1, 1, 1, 1, 1, 1, 1, 2, 2, 1, 2, 1, 
              2, 1, 2, 1, 2, 2, 1, 1, 2, 2, 2, 1 ],
          eAdj := [ 1, 3, 4, 5, 9, 10, 13, 15, 17, 19, 25, 27, 29, 31, 37, 
              41, 44, 45, 47, 48, 50, 51, 59, 60, 61, 64, 67, 74 ] ), rec(
          DistVect := [ 0, 1, 1, 1, 1, 1, 1, 1, 1, 1, 1, 2, 1, 1, 1, 2, 1, 
              1, 1, 2, 2, 1, 1, 2, 1, 1, 2, 2, 1 ],
          eAdj := [ 1, 7, 8, 10, 11, 13, 16, 17, 18, 23, 24, 25, 29, 31, 32, 
              33, 35, 43, 44, 48, 50, 52, 53, 54, 56, 65, 67, 68, 71, 72 ] ),
      rec(
          DistVect := [ 0, 1, 1, 1, 1, 1, 1, 1, 1, 1, 1, 1, 1, 2, 1, 2, 1, 
              1, 1, 2, 1, 1, 2, 2, 1, 1, 2, 2, 1 ],
          eAdj := [ 1, 5, 8, 9, 10, 11, 13, 16, 17, 18, 23, 25, 29, 31, 33, 
              35, 39, 43, 44, 48, 52, 53, 56, 65, 67, 68, 71, 72, 76 ] ), 
      rec(
          DistVect := [ 0, 2, 2, 2, 1, 1, 2, 1, 1, 1, 1, 1, 1, 2, 1, 2, 1, 
              1, 1, 2, 1, 1, 2, 1, 1, 2, 1, 2, 2 ],
          eAdj := [ 1, 3, 5, 8, 9, 10, 11, 13, 22, 25, 27, 29, 31, 33, 39, 
              43, 44, 45, 47, 48, 56, 59, 60, 65, 68, 71, 76 ] ), rec(
          DistVect := [ 0, 2, 2, 1, 1, 1, 1, 1, 1, 2, 1, 1, 2, 2, 2, 2, 1, 
              2, 1, 2, 2, 1, 1, 1, 1, 2, 2, 2, 1 ],
          eAdj := [ 1, 3, 4, 5, 8, 13, 15, 16, 17, 19, 24, 25, 26, 27, 29, 
              31, 33, 39, 44, 48, 50, 52, 53, 59, 60, 65, 67, 68, 71 ] ), 
      rec(
          DistVect := [ 0, 1, 1, 1, 1, 1, 1, 1, 1, 2, 1, 1, 2, 2, 2, 2, 1, 
              2, 1, 2, 2, 1, 1, 1, 1, 2, 2, 2, 1 ],
          eAdj := [ 1, 3, 4, 5, 8, 13, 15, 16, 17, 18, 19, 24, 25, 26, 31, 
              33, 35, 39, 42, 48, 50, 52, 53, 54, 59, 65, 66, 67, 68, 71 ] ),
      rec(
          DistVect := [ 0, 1, 2, 2, 1, 1, 1, 1, 1, 1, 1, 2, 1, 1, 1, 1, 2, 
              1, 1, 1, 2, 1, 2, 1, 1, 2, 2, 2, 1 ],
          eAdj := [ 1, 3, 6, 7, 9, 14, 15, 17, 19, 21, 27, 29, 31, 34, 36, 
              37, 38, 41, 42, 44, 47, 49, 62, 63, 64, 70, 73, 74, 82 ] ), 
      rec(
          DistVect := [ 0, 1, 1, 1, 1, 1, 1, 1, 1, 1, 1, 2, 1, 1, 1, 1, 1, 
              1, 1, 1, 1, 1, 2, 1, 1, 2, 2, 2, 1 ],
          eAdj := [ 1, 3, 6, 7, 9, 14, 15, 17, 19, 21, 25, 29, 31, 37, 38, 
              39, 41, 42, 44, 45, 47, 49, 50, 51, 61, 62, 63, 64, 70, 73, 74 
             ] ), rec(
          DistVect := [ 0, 1, 2, 2, 1, 1, 1, 1, 2, 2, 1, 2, 1, 1, 1, 2, 1, 
              2, 1, 2, 1, 2, 2, 1, 1, 2, 2, 2, 1 ],
          eAdj := [ 1, 3, 4, 6, 7, 9, 14, 15, 17, 19, 25, 27, 28, 29, 31, 
              37, 38, 42, 44, 47, 49, 61, 62, 63, 64, 70, 73, 74, 82 ] ), 
      rec(
          DistVect := [ 0, 1, 1, 1, 1, 1, 1, 1, 2, 2, 1, 2, 1, 1, 1, 2, 1, 
              2, 1, 2, 1, 2, 2, 1, 1, 2, 2, 2, 1 ],
          eAdj := [ 1, 3, 4, 6, 7, 9, 14, 15, 16, 17, 18, 19, 25, 28, 37, 
              38, 39, 42, 44, 45, 47, 49, 61, 62, 63, 64, 69, 70, 73, 74 ] ),
      rec(
          DistVect := [ 0, 2, 2, 1, 2, 1, 1, 1, 1, 1, 1, 2, 2, 2, 1, 2, 2, 
              2, 1, 2, 2, 1, 1, 1, 2, 3, 2, 2, 1 ],
          eAdj := [ 1, 3, 4, 5, 6, 10, 13, 14, 17, 19, 21, 24, 27, 31, 34, 
              37, 38, 41, 42, 44, 45, 47, 51, 61, 64, 70, 73, 74 ] ), rec(
          DistVect := [ 0, 1, 2, 1, 1, 1, 1, 1, 1, 1, 1, 2, 1, 1, 2, 1, 2, 
              1, 1, 2, 2, 1, 1, 1, 1, 2, 2, 2, 1 ],
          eAdj := [ 1, 3, 6, 7, 8, 10, 14, 15, 16, 17, 19, 21, 24, 26, 27, 
              29, 31, 33, 34, 36, 38, 39, 41, 42, 45, 47, 51, 60, 61, 74 ] ),
      rec(
          DistVect := [ 0, 1, 1, 1, 1, 1, 1, 1, 1, 1, 1, 2, 1, 1, 2, 1, 1, 
              1, 1, 2, 2, 1, 1, 1, 1, 2, 2, 2, 1 ],
          eAdj := [ 1, 3, 6, 7, 8, 10, 14, 15, 16, 17, 19, 21, 24, 25, 26, 
              29, 31, 33, 35, 38, 39, 41, 42, 45, 50, 51, 52, 59, 60, 61, 68 
             ] ), rec(
          DistVect := [ 0, 1, 1, 1, 1, 1, 1, 1, 2, 1, 1, 2, 1, 1, 2, 1, 1, 
              1, 1, 2, 2, 1, 1, 1, 1, 2, 2, 2, 1 ],
          eAdj := [ 1, 3, 6, 7, 8, 10, 14, 15, 16, 17, 19, 21, 24, 25, 26, 
              28, 29, 35, 36, 38, 39, 41, 42, 45, 49, 51, 60, 61, 69, 74 ] ),
      rec(
          DistVect := [ 0, 1, 1, 1, 1, 1, 1, 1, 2, 1, 1, 2, 1, 1, 2, 2, 1, 
              2, 1, 2, 2, 1, 1, 1, 1, 2, 2, 2, 1 ],
          eAdj := [ 1, 3, 4, 6, 7, 8, 10, 14, 15, 16, 17, 18, 19, 24, 25, 
              26, 28, 35, 38, 39, 41, 42, 45, 51, 52, 54, 59, 60, 61, 69 ] ),
      rec(
          DistVect := [ 0, 1, 1, 1, 1, 1, 1, 1, 1, 1, 1, 1, 2, 2, 1, 2, 1, 
              2, 1, 2, 1, 2, 2, 1, 1, 2, 2, 2, 1 ],
          eAdj := [ 1, 3, 4, 5, 9, 10, 13, 15, 16, 17, 18, 19, 25, 31, 37, 
              39, 41, 42, 44, 45, 47, 48, 50, 51, 52, 59, 60, 61, 64, 67 ] ),
      rec(
          DistVect := [ 0, 2, 2, 1, 1, 1, 2, 1, 1, 1, 2, 2, 1, 2, 1, 3, 2, 
              1, 1, 2, 2, 1, 1, 1, 2, 2, 2, 2, 2 ],
          eAdj := [ 1, 3, 5, 11, 13, 16, 18, 22, 23, 24, 27, 29, 31, 32, 35, 
              43, 44, 48, 52, 53, 56, 58, 68, 71, 72, 76, 77, 79 ] ), rec(
          DistVect := [ 0, 2, 2, 1, 1, 1, 2, 1, 1, 2, 1, 1, 1, 2, 2, 2, 1, 
              1, 1, 2, 2, 2, 1, 1, 1, 2, 1, 2, 2 ],
          eAdj := [ 1, 3, 5, 11, 13, 16, 22, 24, 25, 26, 27, 29, 31, 32, 35, 
              43, 44, 48, 52, 53, 56, 58, 65, 71, 72, 76, 77, 79 ] ), rec(
          DistVect := [ 0, 1, 1, 1, 1, 1, 1, 1, 1, 2, 1, 1, 1, 2, 2, 2, 1, 
              1, 1, 2, 2, 2, 1, 1, 1, 2, 1, 2, 2 ],
          eAdj := [ 1, 3, 5, 11, 13, 16, 18, 22, 24, 25, 26, 29, 31, 32, 35, 
              43, 48, 52, 53, 54, 56, 57, 58, 66, 67, 71, 72, 76, 77, 79 ] ),
      rec(
          DistVect := [ 0, 1, 1, 1, 1, 1, 1, 1, 1, 1, 1, 2, 1, 1, 2, 2, 1, 
              1, 1, 1, 2, 1, 1, 2, 1, 1, 2, 2, 1 ],
          eAdj := [ 1, 7, 11, 13, 17, 18, 23, 24, 25, 26, 29, 31, 32, 33, 
              35, 43, 48, 50, 52, 53, 54, 56, 57, 58, 66, 67, 68, 71, 72, 
              77, 79 ] ), rec(
          DistVect := [ 0, 1, 1, 1, 1, 2, 1, 0, 1, 1, 1, 2, 1, 1, 1, 2, 1, 
              1, 1, 2, 2, 1, 1, 2, 1, 1, 2, 2, 1 ],
          eAdj := [ 1, 3, 8, 10, 11, 13, 16, 18, 23, 25, 27, 29, 31, 32, 33, 
              35, 39, 43, 44, 45, 48, 50, 52, 53, 56, 65, 67, 68, 71, 76 ] ),
      rec(
          DistVect := [ 0, 1, 1, 1, 1, 1, 1, 1, 1, 1, 1, 1, 1, 2, 1, 2, 1, 
              1, 1, 2, 2, 1, 1, 1, 1, 2, 2, 2, 1 ],
          eAdj := [ 1, 3, 5, 8, 10, 11, 13, 15, 16, 17, 18, 19, 24, 25, 29, 
              31, 33, 35, 39, 43, 44, 48, 50, 52, 53, 56, 59, 65, 67, 68, 71 
             ] ), rec(
          DistVect := [ 0, 1, 2, 1, 1, 1, 1, 1, 1, 1, 1, 2, 1, 1, 1, 2, 2, 
              1, 1, 2, 2, 1, 1, 1, 1, 2, 2, 2, 1 ],
          eAdj := [ 1, 3, 6, 7, 8, 10, 11, 13, 14, 15, 16, 17, 19, 24, 27, 
              29, 31, 33, 38, 39, 41, 42, 44, 45, 47, 50, 51, 59, 60, 61, 67 
             ] ), rec(
          DistVect := [ 0, 1, 1, 1, 1, 1, 1, 1, 2, 1, 1, 2, 1, 1, 1, 2, 1, 
              1, 1, 2, 2, 1, 1, 1, 1, 2, 2, 2, 1 ],
          eAdj := [ 1, 3, 6, 7, 8, 10, 11, 14, 15, 16, 17, 18, 19, 24, 25, 
              28, 29, 35, 38, 39, 41, 42, 43, 44, 45, 49, 50, 51, 59, 60, 61 
             ] ), rec(
          DistVect := [ 0, 1, 1, 1, 1, 1, 1, 1, 1, 1, 1, 1, 1, 2, 1, 2, 1, 
              1, 1, 2, 1, 1, 2, 1, 1, 2, 1, 2, 2 ],
          eAdj := [ 1, 3, 5, 8, 9, 10, 11, 13, 16, 18, 22, 25, 29, 31, 33, 
              35, 39, 43, 44, 45, 47, 48, 52, 56, 59, 65, 67, 68, 71, 76 ] ),
      rec(
          DistVect := [ 0, 1, 1, 1, 1, 1, 1, 1, 1, 1, 1, 2, 1, 1, 1, 2, 1, 
              1, 1, 2, 1, 1, 2, 2, 1, 1, 2, 2, 1 ],
          eAdj := [ 1, 7, 8, 9, 10, 11, 13, 16, 17, 18, 23, 25, 29, 31, 33, 
              35, 39, 41, 43, 44, 45, 48, 50, 51, 52, 56, 59, 65, 67, 68, 71 
             ] ), rec(
          DistVect := [ 0, 1, 1, 1, 1, 1, 1, 1, 1, 1, 2, 2, 1, 0, 1, 1, 2, 
              1, 1, 2, 2, 1, 1, 1, 1, 2, 2, 2, 1 ],
          eAdj := [ 1, 3, 6, 7, 8, 12, 15, 16, 17, 19, 21, 24, 28, 34, 36, 
              37, 38, 39, 41, 45, 46, 47, 49, 55, 62, 63, 69, 70, 73, 74 ] ),
      rec(
          DistVect := [ 0, 1, 1, 1, 2, 1, 1, 0, 1, 1, 1, 2, 1, 1, 1, 1, 2, 
              1, 1, 2, 2, 1, 1, 2, 1, 2, 2, 1, 1 ],
          eAdj := [ 1, 3, 6, 7, 8, 10, 12, 17, 19, 20, 21, 24, 27, 34, 36, 
              37, 38, 39, 41, 42, 45, 47, 49, 55, 62, 64, 69, 70, 73, 74 ] ),
      rec(
          DistVect := [ 0, 2, 2, 1, 1, 1, 1, 1, 1, 2, 1, 2, 2, 2, 2, 2, 2, 
              2, 1, 2, 2, 1, 1, 1, 1, 2, 2, 2, 1 ],
          eAdj := [ 1, 3, 4, 5, 8, 13, 14, 15, 16, 17, 19, 24, 26, 27, 31, 
              33, 34, 38, 39, 42, 48, 50, 51, 52, 53, 59, 60, 65, 67, 68 ] ),
      rec(
          DistVect := [ 0, 1, 2, 2, 1, 1, 1, 1, 2, 2, 1, 2, 1, 1, 1, 2, 2, 
              2, 1, 2, 2, 2, 2, 1, 1, 2, 2, 2, 1 ],
          eAdj := [ 1, 3, 4, 6, 7, 9, 14, 15, 17, 19, 27, 28, 34, 36, 37, 
              38, 42, 44, 47, 49, 55, 62, 63, 64, 69, 70, 73, 74, 78, 82 ] ),
      rec(
          DistVect := [ 0, 1, 1, 1, 1, 1, 1, 1, 1, 2, 0, 1, 1, 2, 2, 1, 1, 
              1, 1, 2, 2, 1, 1, 1, 1, 2, 2, 2, 1 ],
          eAdj := [ 1, 3, 5, 6, 8, 10, 13, 14, 15, 16, 17, 19, 21, 24, 25, 
              26, 29, 31, 33, 35, 39, 42, 48, 50, 52, 53, 59, 60, 65, 67, 68 
             ] ), rec(
          DistVect := [ 0, 1, 2, 1, 1, 1, 1, 1, 1, 1, 1, 2, 1, 1, 1, 2, 2, 
              2, 1, 2, 2, 1, 1, 1, 1, 2, 2, 2, 1 ],
          eAdj := [ 1, 3, 4, 6, 7, 8, 10, 13, 14, 15, 16, 17, 19, 24, 27, 
              31, 34, 37, 38, 39, 41, 42, 44, 45, 47, 51, 60, 61, 64, 70, 74 
             ] ), rec(
          DistVect := [ 0, 1, 2, 1, 1, 1, 1, 1, 2, 1, 1, 2, 1, 1, 2, 2, 2, 
              2, 1, 2, 2, 1, 1, 1, 1, 2, 2, 2, 1 ],
          eAdj := [ 1, 3, 4, 6, 7, 8, 10, 14, 15, 16, 17, 19, 24, 26, 27, 
              28, 34, 36, 38, 39, 41, 42, 45, 51, 55, 60, 61, 69, 70, 74 ] ),
      rec(
          DistVect := [ 0, 1, 2, 1, 1, 1, 1, 1, 2, 1, 1, 2, 1, 1, 2, 2, 1, 
              2, 1, 2, 2, 1, 1, 1, 1, 2, 2, 2, 1 ],
          eAdj := [ 1, 3, 4, 6, 7, 8, 10, 14, 15, 16, 17, 19, 24, 25, 26, 
              27, 28, 29, 31, 38, 39, 41, 42, 44, 45, 51, 59, 60, 61, 74 ] ),
      rec(
          DistVect := [ 0, 2, 2, 2, 1, 1, 1, 1, 1, 1, 1, 2, 2, 2, 1, 2, 2, 
              2, 1, 2, 2, 2, 2, 1, 1, 2, 2, 2, 1 ],
          eAdj := [ 1, 3, 4, 5, 9, 10, 13, 14, 15, 17, 19, 27, 31, 34, 37, 
              38, 41, 42, 44, 45, 47, 48, 50, 51, 60, 61, 64, 67, 70, 74 ] ),
      rec(
          DistVect := [ 0, 1, 1, 1, 1, 1, 1, 1, 1, 1, 0, 1, 1, 2, 1, 1, 1, 
              1, 1, 1, 1, 1, 2, 1, 1, 2, 2, 2, 1 ],
          eAdj := [ 1, 3, 5, 6, 9, 10, 13, 14, 15, 17, 19, 21, 25, 29, 31, 
              37, 39, 41, 42, 44, 45, 47, 48, 49, 50, 51, 60, 61, 64, 67, 74 
             ] ), rec(
          DistVect := [ 0, 2, 2, 1, 1, 1, 2, 1, 1, 2, 1, 2, 1, 2, 2, 2, 2, 
              1, 1, 2, 2, 2, 1, 1, 1, 2, 2, 2, 2 ],
          eAdj := [ 1, 3, 5, 11, 13, 14, 15, 16, 22, 24, 26, 27, 29, 31, 32, 
              35, 43, 48, 50, 52, 53, 56, 58, 65, 67, 68, 71, 72, 76, 77 ] ),
      rec(
          DistVect := [ 0, 1, 2, 1, 0, 1, 1, 1, 1, 1, 1, 2, 1, 1, 2, 2, 2, 
              1, 1, 1, 2, 1, 1, 1, 1, 1, 2, 2, 1 ],
          eAdj := [ 1, 3, 7, 11, 13, 14, 15, 16, 17, 18, 23, 24, 26, 27, 29, 
              31, 32, 33, 35, 43, 48, 50, 52, 53, 54, 58, 65, 67, 68, 71, 72 
             ] ), rec(
          DistVect := [ 0, 2, 2, 1, 1, 1, 1, 1, 1, 1, 2, 2, 2, 2, 1, 3, 2, 
              2, 1, 2, 2, 1, 1, 1, 1, 2, 2, 2, 1 ],
          eAdj := [ 1, 3, 4, 5, 8, 11, 13, 15, 16, 17, 18, 19, 23, 24, 27, 
              31, 33, 39, 44, 48, 50, 51, 52, 53, 59, 65, 67, 68, 71 ] ), 
      rec(
          DistVect := [ 0, 1, 1, 1, 1, 1, 1, 1, 2, 1, 0, 2, 1, 1, 2, 2, 1, 
              1, 1, 1, 2, 1, 1, 2, 1, 1, 2, 2, 1 ],
          eAdj := [ 1, 6, 7, 10, 11, 13, 14, 17, 18, 23, 24, 25, 26, 28, 29, 
              32, 33, 35, 42, 43, 48, 50, 52, 53, 54, 57, 65, 67, 68, 71, 72 
             ] ), rec(
          DistVect := [ 0, 2, 2, 1, 1, 1, 1, 1, 1, 1, 1, 2, 1, 2, 1, 2, 2, 
              1, 1, 2, 2, 1, 1, 1, 1, 2, 2, 2, 1 ],
          eAdj := [ 1, 3, 5, 8, 10, 11, 13, 14, 15, 16, 17, 19, 24, 27, 29, 
              31, 33, 39, 44, 45, 47, 48, 50, 51, 52, 53, 59, 60, 65, 67, 68 
             ] ), rec(
          DistVect := [ 0, 2, 2, 1, 2, 1, 2, 1, 1, 1, 1, 2, 1, 2, 1, 2, 2, 
              1, 1, 2, 2, 1, 1, 1, 1, 3, 2, 2, 2 ],
          eAdj := [ 1, 3, 5, 6, 8, 10, 11, 13, 14, 15, 19, 21, 22, 24, 27, 
              29, 31, 33, 39, 44, 45, 47, 50, 51, 59, 60, 61, 67, 68 ] ), 
      rec(
          DistVect := [ 0, 2, 2, 2, 1, 1, 2, 1, 1, 1, 1, 2, 1, 2, 1, 2, 2, 
              1, 1, 2, 2, 1, 2, 1, 1, 2, 2, 2, 2 ],
          eAdj := [ 1, 3, 5, 8, 9, 10, 11, 13, 14, 15, 22, 27, 29, 31, 33, 
              39, 43, 44, 45, 47, 48, 50, 51, 56, 59, 60, 65, 67, 68, 76 ] ),
      rec(
          DistVect := [ 0, 1, 2, 2, 0, 1, 1, 1, 1, 1, 1, 2, 1, 1, 1, 2, 2, 
              1, 1, 2, 2, 1, 2, 1, 1, 1, 2, 2, 1 ],
          eAdj := [ 1, 3, 7, 8, 9, 10, 11, 13, 14, 15, 16, 17, 18, 23, 27, 
              29, 31, 33, 39, 41, 43, 44, 45, 47, 48, 50, 51, 59, 60, 65, 67 
             ] ), rec(
          DistVect := [ 0, 1, 1, 1, 1, 1, 1, 1, 2, 2, 0, 2, 1, 1, 1, 2, 1, 
              1, 1, 2, 1, 1, 2, 2, 1, 1, 2, 2, 1 ],
          eAdj := [ 1, 6, 7, 8, 9, 10, 11, 13, 14, 16, 17, 18, 23, 25, 28, 
              29, 35, 39, 41, 42, 43, 44, 45, 48, 49, 50, 51, 59, 60, 65, 67 
             ] ), rec(
          DistVect := [ 0, 1, 1, 1, 1, 1, 1, 1, 1, 1, 1, 2, 1, 1, 1, 1, 2, 
              1, 1, 1, 2, 1, 2, 1, 1, 2, 2, 2, 1 ],
          eAdj := [ 1, 3, 6, 7, 9, 12, 14, 15, 17, 19, 21, 24, 34, 36, 37, 
              38, 39, 41, 42, 44, 45, 47, 49, 62, 63, 64, 69, 70, 73, 74 ] ),
      rec(
          DistVect := [ 0, 1, 1, 1, 1, 1, 1, 1, 1, 1, 1, 2, 1, 1, 2, 1, 2, 
              1, 1, 2, 2, 1, 1, 1, 1, 2, 2, 2, 1 ],
          eAdj := [ 1, 3, 6, 7, 8, 10, 12, 14, 15, 16, 17, 19, 21, 24, 26, 
              33, 34, 35, 36, 38, 39, 40, 41, 42, 45, 51, 52, 60, 61, 69 ] ),
      rec(
          DistVect := [ 0, 1, 0, 1, 1, 1, 1, 1, 1, 1, 1, 2, 1, 1, 1, 1, 1, 
              1, 1, 2, 2, 1, 1, 1, 1, 2, 2, 2, 1 ],
          eAdj := [ 1, 2, 3, 6, 7, 8, 10, 12, 14, 15, 16, 17, 18, 19, 21, 
              24, 25, 35, 37, 38, 39, 41, 42, 45, 49, 50, 51, 52, 60, 61, 69 
             ] ), rec(
          DistVect := [ 0, 1, 1, 1, 1, 1, 1, 1, 1, 1, 1, 2, 1, 1, 1, 2, 2, 
              2, 1, 2, 2, 1, 1, 1, 1, 2, 2, 2, 1 ],
          eAdj := [ 1, 3, 4, 6, 7, 8, 10, 12, 13, 14, 15, 16, 17, 18, 19, 
              24, 30, 34, 37, 38, 39, 41, 42, 45, 51, 52, 60, 61, 69, 70 ] ),
      rec(
          DistVect := [ 0, 1, 1, 1, 1, 1, 1, 1, 0, 1, 1, 2, 1, 1, 1, 1, 2, 
              1, 1, 2, 2, 1, 1, 1, 1, 2, 2, 2, 1 ],
          eAdj := [ 1, 3, 5, 6, 7, 8, 10, 12, 13, 14, 15, 16, 17, 19, 21, 
              24, 31, 33, 34, 37, 38, 39, 41, 42, 45, 47, 50, 51, 52, 60, 61 
             ] ), rec(
          DistVect := [ 0, 1, 1, 1, 1, 1, 1, 1, 1, 1, 1, 2, 1, 1, 1, 2, 2, 
              1, 1, 2, 2, 1, 0, 1, 1, 2, 2, 2, 1 ],
          eAdj := [ 1, 3, 6, 7, 8, 10, 11, 12, 13, 14, 15, 16, 17, 18, 19, 
              24, 26, 32, 33, 35, 38, 40, 42, 50, 51, 52, 53, 54, 59, 65, 68 
             ] ), rec(
          DistVect := [ 0, 1, 2, 1, 1, 1, 1, 1, 1, 1, 1, 2, 1, 1, 2, 2, 2, 
              2, 1, 2, 2, 1, 1, 1, 1, 2, 2, 2, 1 ],
          eAdj := [ 1, 3, 4, 6, 7, 8, 10, 13, 14, 15, 16, 17, 19, 24, 26, 
              27, 31, 33, 34, 38, 39, 41, 42, 45, 51, 52, 53, 59, 60, 61 ] ),
      rec(
          DistVect := [ 0, 1, 2, 2, 1, 1, 1, 1, 1, 1, 1, 2, 1, 1, 1, 2, 2, 
              2, 1, 2, 2, 2, 2, 1, 1, 2, 2, 2, 1 ],
          eAdj := [ 1, 3, 4, 6, 7, 9, 10, 13, 14, 15, 17, 19, 27, 31, 34, 
              37, 38, 41, 42, 44, 45, 47, 49, 61, 62, 63, 64, 70, 73, 74 ] ),
      rec(
          DistVect := [ 0, 1, 1, 0, 0, 1, 1, 0, 0, 1, 1, 0, 0, 1, 1, 1, 0, 
              0, 1, 0, 1, 1, 0, 1, 1, 0, 0, 1, 1 ],
          eAdj := [ 1, 3, 5, 11, 13, 16, 18, 22, 23, 24, 25, 26, 27, 29, 31, 
              32, 35, 43, 44, 48, 52, 53, 54, 56, 57, 58, 66, 72, 76, 77, 
              79, 81 ] ), rec(
          DistVect := [ 0, 1, 2, 1, 1, 1, 2, 1, 1, 1, 1, 2, 1, 1, 2, 2, 2, 
              1, 1, 2, 2, 2, 1, 1, 1, 2, 2, 2, 2 ],
          eAdj := [ 1, 3, 6, 7, 10, 11, 13, 14, 15, 16, 22, 24, 26, 27, 29, 
              31, 32, 33, 35, 43, 45, 50, 52, 53, 58, 59, 65, 67, 68, 71 ] ),
      rec(
          DistVect := [ 0, 1, 2, 1, 1, 1, 1, 1, 2, 1, 1, 2, 1, 1, 1, 3, 2, 
              2, 1, 2, 2, 1, 1, 1, 1, 2, 2, 2, 1 ],
          eAdj := [ 1, 3, 4, 6, 7, 8, 10, 11, 13, 14, 15, 16, 17, 18, 19, 
              23, 24, 27, 28, 38, 39, 41, 42, 44, 45, 51, 59, 60, 61, 70 ] ),
      rec(
          DistVect := [ 0, 1, 2, 2, 1, 1, 2, 1, 1, 1, 1, 2, 1, 1, 1, 2, 2, 
              1, 1, 2, 2, 1, 2, 1, 1, 2, 2, 2, 2 ],
          eAdj := [ 1, 3, 6, 7, 8, 9, 10, 11, 13, 14, 15, 22, 27, 29, 31, 
              33, 39, 41, 43, 44, 45, 47, 49, 50, 51, 59, 60, 61, 62, 67 ] ),
      rec(
          DistVect := [ 0, 1, 1, 2, 1, 0, 2, 2, 1, 2, 1, 1, 2, 2, 2, 2, 1, 
              2, 1, 2, 2, 1, 1, 1, 1, 2, 2, 2, 1 ],
          eAdj := [ 1, 2, 4, 5, 7, 8, 12, 13, 15, 17, 18, 19, 24, 25, 26, 
              30, 31, 33, 35, 40, 42, 48, 50, 53, 54, 59, 65, 66, 68, 71, 72 
             ] ), rec(
          DistVect := [ 0, 2, 2, 1, 1, 0, 1, 1, 1, 2, 1, 2, 2, 2, 2, 2, 2, 
              2, 1, 2, 1, 1, 1, 1, 1, 2, 1, 1, 1 ],
          eAdj := [ 1, 3, 4, 5, 7, 8, 12, 13, 14, 16, 17, 19, 20, 24, 26, 
              27, 30, 31, 33, 34, 38, 39, 40, 42, 51, 52, 53, 59, 60, 61, 65 
             ] ), rec(
          DistVect := [ 0, 2, 1, 1, 1, 0, 2, 2, 2, 2, 1, 2, 1, 1, 1, 2, 1, 
              2, 1, 2, 1, 2, 2, 1, 1, 2, 2, 2, 1 ],
          eAdj := [ 1, 2, 4, 6, 7, 9, 12, 14, 15, 16, 17, 18, 19, 24, 25, 
              28, 30, 37, 38, 39, 44, 45, 46, 49, 60, 61, 63, 69, 70, 73, 74 
             ] ), rec(
          DistVect := [ 0, 1, 2, 2, 1, 0, 1, 1, 2, 2, 1, 1, 1, 1, 1, 2, 2, 
              2, 1, 2, 2, 2, 2, 1, 1, 2, 1, 1, 1 ],
          eAdj := [ 1, 3, 4, 6, 7, 9, 12, 17, 19, 20, 24, 27, 28, 30, 34, 
              36, 37, 44, 46, 47, 49, 55, 62, 63, 64, 69, 73, 74, 78, 80, 82 
             ] ), rec(
          DistVect := [ 0, 0, 1, 1, 1, 0, 0, 0, 1, 1, 1, 0, 0, 0, 0, 0, 1, 
              1, 1, 0, 1, 1, 1, 1, 1, 1, 0, 0, 0 ],
          eAdj := [ 1, 3, 4, 6, 7, 9, 12, 17, 19, 20, 21, 24, 27, 28, 30, 
              34, 36, 37, 44, 46, 47, 49, 55, 62, 63, 64, 69, 75, 78, 80, 82 
             ] ), rec(
          DistVect := [ 0, 1, 1, 1, 1, 1, 1, 1, 1, 1, 1, 2, 1, 1, 1, 1, 2, 
              1, 1, 2, 2, 1, 1, 1, 1, 2, 2, 2, 1 ],
          eAdj := [ 1, 3, 6, 7, 8, 10, 12, 14, 15, 16, 17, 19, 21, 24, 34, 
              36, 37, 38, 39, 41, 42, 45, 47, 49, 51, 60, 61, 69, 70, 73, 74 
             ] ), rec(
          DistVect := [ 0, 2, 1, 2, 1, 0, 2, 2, 2, 1, 1, 2, 1, 1, 2, 2, 1, 
              2, 1, 2, 2, 1, 1, 1, 1, 2, 2, 2, 1 ],
          eAdj := [ 1, 2, 4, 6, 7, 8, 10, 12, 14, 15, 17, 18, 19, 24, 25, 
              26, 28, 30, 35, 38, 40, 41, 46, 51, 52, 54, 59, 60, 61, 65, 69 
             ] ), rec(
          DistVect := [ 0, 1, 2, 1, 1, 0, 1, 1, 2, 1, 1, 1, 1, 1, 2, 2, 2, 
              2, 1, 2, 1, 1, 1, 1, 1, 2, 1, 1, 1 ],
          eAdj := [ 1, 3, 4, 6, 7, 8, 10, 12, 16, 17, 19, 20, 24, 26, 27, 
              28, 30, 34, 36, 39, 40, 41, 45, 46, 55, 60, 61, 69, 70, 73, 74 
             ] ), rec(
          DistVect := [ 0, 1, 1, 1, 1, 1, 1, 1, 1, 1, 1, 1, 2, 2, 1, 2, 1, 
              2, 1, 2, 2, 1, 1, 1, 1, 2, 2, 2, 1 ],
          eAdj := [ 1, 3, 4, 5, 8, 10, 13, 15, 16, 17, 18, 19, 24, 25, 31, 
              33, 37, 39, 41, 42, 44, 48, 50, 51, 52, 53, 59, 60, 65, 67, 68 
             ] ), rec(
          DistVect := [ 0, 1, 1, 1, 1, 1, 1, 1, 2, 1, 1, 2, 1, 1, 1, 2, 1, 
              2, 1, 2, 2, 1, 1, 1, 1, 2, 2, 2, 1 ],
          eAdj := [ 1, 3, 4, 6, 7, 8, 10, 14, 15, 16, 17, 18, 19, 24, 25, 
              28, 37, 38, 39, 41, 42, 44, 45, 49, 51, 60, 61, 63, 69, 70, 74 
             ] ), rec(
          DistVect := [ 0, 1, 1, 1, 1, 1, 1, 1, 1, 1, 1, 1, 1, 2, 1, 2, 1, 
              1, 1, 2, 2, 1, 1, 1, 1, 2, 1, 2, 2 ],
          eAdj := [ 1, 3, 5, 8, 10, 11, 13, 16, 18, 22, 24, 25, 29, 31, 32, 
              33, 35, 43, 44, 48, 52, 53, 56, 58, 65, 67, 68, 71, 72, 76, 77 
             ] ), rec(
          DistVect := [ 0, 0, 1, 1, 1, 1, 0, 0, 1, 1, 1, 1, 0, 0, 0, 0, 0, 
              1, 1, 0, 0, 1, 1, 0, 1, 1, 1, 1, 0 ],
          eAdj := [ 1, 3, 4, 6, 7, 9, 14, 15, 17, 19, 21, 25, 27, 28, 29, 
              31, 34, 36, 37, 38, 42, 44, 47, 49, 55, 62, 63, 64, 69, 70, 
              73, 78, 80, 82 ] ), rec(
          DistVect := [ 0, 1, 1, 1, 0, 1, 1, 0, 0, 0, 1, 0, 0, 1, 0, 1, 0, 
              0, 1, 1, 0, 0, 1, 1, 1, 0, 0, 1, 1 ],
          eAdj := [ 1, 3, 5, 8, 9, 10, 11, 13, 16, 18, 22, 23, 25, 27, 29, 
              31, 32, 33, 35, 39, 43, 44, 45, 47, 48, 52, 53, 56, 58, 65, 
              68, 71, 72, 76, 77, 79 ] ), rec(
          DistVect := [ 0, 1, 1, 1, 1, 1, 0, 0, 0, 0, 0, 0, 1, 1, 0, 0, 0, 
              1, 1, 0, 0, 1, 1, 0, 1, 1, 1, 1, 0 ],
          eAdj := [ 1, 3, 4, 5, 6, 9, 10, 13, 14, 15, 17, 19, 21, 25, 27, 
              29, 31, 34, 37, 38, 41, 42, 44, 45, 47, 48, 49, 50, 51, 61, 
              62, 63, 64, 67, 70, 73, 74, 82 ] ), rec(
          DistVect := [ 0, 1, 1, 0, 0, 1, 0, 0, 0, 1, 1, 0, 1, 1, 1, 1, 0, 
              1, 1, 0, 1, 0, 0, 1, 0, 0, 1, 1, 0 ],
          eAdj := [ 1, 3, 4, 5, 8, 11, 13, 15, 16, 17, 18, 19, 23, 24, 25, 
              26, 27, 29, 31, 32, 33, 35, 39, 43, 44, 48, 50, 52, 53, 54, 
              56, 58, 65, 66, 67, 68, 71, 72, 76, 77, 79 ] ), rec(
          DistVect := [ 0, 1, 1, 1, 0, 1, 0, 0, 0, 0, 1, 0, 1, 1, 0, 1, 0, 
              1, 1, 1, 0, 1, 1, 1, 0, 0, 1, 1, 0 ],
          eAdj := [ 1, 3, 4, 5, 8, 9, 10, 11, 13, 15, 16, 17, 18, 19, 23, 
              25, 27, 29, 31, 33, 37, 39, 41, 43, 44, 45, 47, 48, 50, 51, 
              52, 53, 56, 59, 60, 64, 65, 67, 68, 71, 76 ] ), rec(
          DistVect := [ 0, 1, 0, 0, 0, 0, 1, 1, 1, 1, 1, 1, 0, 0, 0, 0, 0, 
              1, 1, 0, 0, 1, 1, 0, 1, 1, 1, 1, 0 ],
          eAdj := [ 1, 2, 3, 4, 6, 7, 9, 12, 14, 15, 16, 17, 18, 19, 21, 24, 
              25, 28, 30, 34, 36, 37, 38, 39, 44, 45, 46, 47, 49, 55, 62, 
              63, 64, 69, 70, 73, 74, 75, 78, 80, 82 ] ), rec(
          DistVect := [ 0, 0, 1, 0, 1, 0, 0, 0, 1, 0, 1, 0, 0, 0, 1, 0, 1, 
              1, 1, 1, 0, 0, 0, 1, 1, 1, 0, 0, 0 ],
          eAdj := [ 1, 3, 4, 6, 7, 8, 10, 12, 16, 17, 19, 20, 21, 24, 26, 
              27, 28, 30, 34, 36, 37, 39, 40, 41, 45, 46, 47, 49, 55, 62, 
              63, 64, 69, 70, 73, 74, 75, 78, 80, 82 ] ), rec(
          DistVect := [ 0, 0, 0, 1, 1, 0, 1, 1, 0, 1, 1, 0, 1, 1, 1, 1, 0, 
              1, 1, 0, 1, 0, 0, 1, 0, 0, 1, 1, 0 ],
          eAdj := [ 1, 2, 4, 5, 7, 8, 11, 12, 13, 15, 17, 18, 19, 23, 24, 
              25, 26, 30, 31, 32, 33, 35, 40, 42, 43, 48, 50, 53, 54, 56, 
              57, 58, 66, 67, 68, 71, 72, 77, 79, 81 ] ), rec(
          DistVect := [ 0, 1, 1, 0, 1, 1, 0, 0, 0, 1, 0, 0, 1, 1, 1, 0, 0, 
              1, 1, 1, 1, 0, 0, 0, 1, 1, 1, 1, 0 ],
          eAdj := [ 1, 3, 4, 5, 6, 8, 10, 13, 14, 15, 16, 17, 19, 21, 24, 
              25, 26, 27, 29, 31, 33, 34, 37, 38, 39, 41, 42, 44, 45, 47, 
              48, 50, 51, 52, 53, 59, 60, 61, 64, 67, 68, 74 ] ), rec(
          DistVect := [ 0, 0, 1, 0, 1, 1, 0, 0, 1, 0, 1, 1, 0, 0, 1, 0, 0, 
              1, 1, 1, 1, 0, 0, 0, 1, 1, 1, 1, 0 ],
          eAdj := [ 1, 3, 4, 6, 7, 8, 10, 14, 15, 16, 17, 19, 21, 24, 25, 
              26, 27, 28, 29, 31, 34, 36, 37, 38, 39, 41, 42, 44, 45, 47, 
              49, 51, 55, 61, 62, 63, 64, 69, 70, 73, 74, 82 ] ), rec(
          DistVect := [ 0, 1, 1, 1, 1, 1, 1, 0, 0, 0, 0, 0, 0, 1, 0, 0, 0, 
              0, 1, 0, 0, 0, 1, 0, 0, 1, 0, 1, 1 ],
          eAdj := [ 1, 3, 5, 6, 8, 9, 10, 11, 13, 14, 15, 19, 21, 22, 25, 
              27, 29, 31, 33, 37, 39, 41, 43, 44, 45, 47, 48, 49, 50, 51, 
              56, 59, 60, 61, 62, 64, 67, 68, 74, 76 ] ), rec(
          DistVect := [ 0, 1, 1, 0, 1, 1, 1, 0, 0, 1, 0, 0, 0, 1, 1, 0, 0, 
              0, 1, 1, 1, 1, 0, 0, 0, 1, 0, 1, 1 ],
          eAdj := [ 1, 3, 5, 6, 8, 10, 11, 13, 14, 15, 16, 19, 21, 22, 24, 
              25, 26, 27, 29, 31, 32, 33, 35, 39, 43, 44, 45, 47, 48, 50, 
              52, 53, 56, 58, 59, 60, 65, 67, 68, 71, 76, 77 ] ), rec(
          DistVect := [ 0, 1, 1, 0, 1, 0, 0, 0, 0, 1, 0, 1, 1, 1, 1, 0, 1, 
              1, 1, 1, 0, 0, 0, 1, 1, 1, 0, 0, 0 ],
          eAdj := [ 1, 3, 4, 5, 6, 7, 8, 10, 12, 13, 14, 16, 17, 19, 20, 21, 
              24, 26, 27, 30, 31, 33, 34, 36, 37, 38, 39, 40, 41, 42, 45, 
              47, 51, 52, 53, 55, 60, 61, 64, 69, 70, 73, 74 ] ), rec(
          DistVect := [ 0, 0, 1, 1, 0, 1, 0, 0, 1, 1, 0, 1, 0, 0, 0, 1, 0, 
              1, 1, 1, 0, 1, 1, 1, 0, 0, 1, 1, 0 ],
          eAdj := [ 1, 3, 4, 6, 7, 8, 9, 10, 11, 13, 14, 15, 16, 17, 18, 19, 
              23, 25, 27, 28, 29, 31, 37, 38, 39, 41, 42, 43, 44, 45, 47, 
              48, 49, 50, 51, 59, 60, 61, 62, 63, 64, 67, 70, 74 ] ), rec(
          DistVect := [ 0, 1, 0, 1, 0, 0, 1, 1, 1, 0, 1, 1, 0, 0, 1, 0, 0, 
              1, 1, 1, 1, 0, 0, 0, 1, 1, 1, 1, 0 ],
          eAdj := [ 1, 2, 3, 4, 6, 7, 8, 10, 12, 14, 15, 16, 17, 18, 19, 21, 
              24, 25, 26, 28, 30, 34, 35, 36, 37, 38, 39, 40, 41, 45, 46, 
              49, 51, 52, 54, 55, 60, 61, 63, 69, 70, 73, 74, 75 ] ), rec(
          DistVect := [ 0, 0, 0, 0, 0, 0, 1, 1, 0, 0, 0, 0, 1, 1, 0, 0, 0, 
              1, 1, 0, 0, 1, 1, 0, 1, 1, 1, 1, 0 ],
          eAdj := [ 1, 2, 3, 4, 5, 6, 7, 9, 10, 12, 13, 14, 15, 16, 17, 18, 
              19, 21, 24, 25, 30, 31, 34, 37, 38, 39, 41, 42, 44, 45, 47, 
              48, 49, 50, 51, 52, 60, 61, 63, 64, 69, 70, 73, 74 ] ), rec(
          DistVect := [ 0, 0, 1, 0, 0, 1, 0, 0, 1, 0, 0, 1, 0, 0, 1, 1, 0, 
              1, 1, 0, 1, 0, 0, 1, 0, 0, 1, 1, 0 ],
          eAdj := [ 1, 3, 4, 6, 7, 8, 10, 11, 13, 14, 15, 16, 17, 18, 19, 
              23, 24, 25, 26, 27, 28, 29, 31, 32, 33, 35, 38, 39, 41, 42, 
              43, 44, 45, 48, 50, 51, 52, 53, 54, 59, 60, 65, 67, 68, 71 ] ),
      rec(
          DistVect := [ 0, 0, 0, 1, 0, 0, 1, 1, 0, 1, 0, 0, 1, 1, 1, 0, 0, 
              1, 1, 1, 1, 0, 0, 0, 1, 1, 1, 1, 0 ],
          eAdj := [ 1, 2, 3, 4, 5, 6, 7, 8, 10, 12, 13, 14, 15, 16, 17, 18, 
              19, 21, 24, 25, 26, 30, 31, 33, 34, 35, 37, 38, 39, 40, 41, 
              42, 48, 50, 51, 52, 53, 54, 59, 60, 61, 65, 66, 68, 69 ] ), 
      rec(
          DistVect := [ 0, 1, 0, 1, 1, 0, 1, 1, 1, 0, 0, 1, 0, 0, 1, 1, 0, 
              1, 1, 0, 1, 0, 0, 1, 0, 0, 1, 1, 0 ],
          eAdj := [ 1, 2, 4, 6, 7, 8, 10, 11, 12, 13, 14, 15, 17, 18, 19, 
              23, 24, 25, 26, 28, 30, 32, 33, 35, 38, 40, 41, 42, 43, 46, 
              48, 50, 51, 52, 53, 54, 57, 59, 65, 66, 68, 69, 71, 72 ] ), 
      rec(
          DistVect := [ 0, 1, 1, 0, 1, 0, 1, 0, 0, 1, 0, 1, 0, 1, 1, 0, 1, 
              0, 1, 1, 0, 1, 0, 1, 0, 1, 1, 0, 1 ],
          eAdj := [ 1, 3, 5, 6, 7, 8, 10, 11, 12, 13, 14, 15, 16, 17, 19, 
              20, 21, 22, 24, 26, 27, 29, 31, 32, 33, 34, 35, 36, 38, 39, 
              40, 42, 45, 47, 50, 51, 52, 53, 58, 59, 60, 61, 65, 67, 68 ] ),
      rec(
          DistVect := [ 0, 0, 1, 0, 0, 0, 0, 0, 1, 0, 0, 0, 0, 0, 1, 1, 1, 
              1, 1, 0, 0, 0, 0, 0, 0, 0, 0, 0, 0 ],
          eAdj := [ 1, 3, 4, 6, 7, 8, 10, 11, 12, 13, 14, 15, 16, 17, 18, 
              19, 20, 23, 24, 26, 27, 28, 30, 32, 33, 34, 35, 36, 38, 39, 
              40, 41, 42, 45, 46, 51, 52, 53, 54, 55, 59, 60, 61, 65, 69, 70 
             ] ), rec(
          DistVect := [ 0, 0, 0, 1, 0, 0, 0, 1, 0, 1, 0, 0, 0, 1, 1, 0, 0, 
              0, 1, 1, 1, 1, 0, 0, 0, 1, 0, 1, 1 ],
          eAdj := [ 1, 2, 3, 5, 6, 7, 8, 10, 11, 12, 13, 14, 15, 16, 17, 18, 
              19, 21, 22, 24, 25, 26, 29, 31, 32, 33, 35, 40, 42, 43, 48, 
              50, 52, 53, 54, 56, 57, 58, 59, 65, 66, 67, 68, 71, 72, 77 ] ),
      rec(
          DistVect := [ 0, 0, 0, 0, 0, 1, 0, 0, 0, 0, 0, 1, 0, 0, 0, 0, 1, 
              0, 0, 0, 1, 0, 0, 1, 0, 0, 1, 1, 0 ],
          eAdj := [ 1, 2, 3, 4, 5, 6, 7, 8, 9, 10, 11, 12, 13, 14, 15, 16, 
              17, 18, 19, 20, 21, 22, 23, 24, 25, 26, 27, 28, 29, 30, 31, 
              32, 33, 34, 35, 36, 37, 38, 39, 40, 41, 42, 43, 44, 45, 46, 
              47, 48, 49, 50, 51, 52, 53, 54, 55, 56, 57, 58, 60, 62, 63, 
              64, 65, 66, 67, 68, 69, 70, 72, 74, 75, 76, 77, 78, 81, 82 ] ),
      rec(
          DistVect := [ 0, 0, 0, 0, 1, 1, 0, 0, 0, 0, 1, 1, 0, 0, 0, 1, 1, 
              0, 0, 1, 1, 0, 0, 0, 1, 1, 1, 1, 0 ],
          eAdj := [ 1, 2, 3, 4, 5, 6, 7, 8, 9, 10, 11, 12, 13, 14, 15, 16, 
              17, 18, 19, 20, 21, 22, 23, 24, 25, 26, 27, 28, 29, 30, 31, 
              32, 33, 34, 35, 36, 37, 38, 39, 40, 41, 42, 43, 44, 45, 46, 
              47, 48, 49, 50, 51, 52, 53, 54, 55, 56, 57, 58, 59, 61, 62, 
              63, 64, 66, 67, 68, 69, 70, 71, 73, 75, 76, 77, 78, 79, 80 ] ),
      rec(
          DistVect := [ 0, 1, 1, 1, 0, 0, 1, 1, 0, 0, 1, 1, 0, 0, 0, 1, 1, 
              0, 0, 1, 1, 0, 0, 0, 1, 1, 1, 1, 0 ],
          eAdj := [ 1, 2, 3, 4, 5, 6, 7, 8, 9, 10, 11, 12, 13, 14, 15, 16, 
              17, 18, 19, 20, 21, 22, 23, 24, 25, 26, 27, 28, 29, 30, 31, 
              32, 33, 34, 35, 36, 37, 38, 39, 40, 41, 43, 44, 45, 46, 47, 
              48, 49, 50, 51, 52, 53, 54, 55, 56, 57, 58, 59, 60, 61, 62, 
              63, 64, 65, 66, 68, 70, 71, 72, 73, 74, 77, 78, 79, 80, 81, 82 
             ] ), rec(
          DistVect := [ 0, 0, 0, 1, 0, 0, 0, 0, 0, 1, 0, 0, 0, 0, 1, 0, 0, 
              0, 0, 1, 1, 1, 1, 0, 0, 0, 0, 0, 0 ],
          eAdj := [ 1, 2, 3, 4, 5, 6, 7, 8, 9, 10, 11, 12, 13, 14, 15, 16, 
              17, 18, 19, 20, 21, 22, 23, 24, 25, 26, 27, 28, 29, 30, 31, 
              32, 33, 34, 35, 36, 37, 38, 39, 40, 41, 42, 43, 44, 45, 46, 
              47, 48, 49, 50, 52, 53, 54, 55, 56, 57, 58, 59, 60, 61, 62, 
              63, 64, 65, 66, 67, 69, 71, 72, 73, 74, 75, 76, 79, 80, 81, 82 
             ] ), rec(
          DistVect := [ 0, 1, 0, 0, 1, 0, 1, 0, 1, 1, 0, 1, 0, 1, 0, 1, 0, 
              1, 0, 1, 0, 1, 0, 1, 0, 1, 1, 0, 1 ],
          eAdj := [ 1, 2, 3, 4, 5, 6, 7, 8, 9, 10, 11, 12, 13, 14, 15, 16, 
              17, 18, 19, 20, 21, 22, 23, 24, 25, 26, 27, 28, 29, 30, 31, 
              32, 34, 35, 36, 37, 38, 39, 40, 42, 43, 44, 45, 46, 47, 48, 
              49, 50, 51, 52, 53, 54, 55, 56, 57, 59, 60, 61, 62, 64, 65, 
              66, 67, 68, 69, 70, 71, 72, 73, 74, 75, 76, 77, 78, 79, 80, 
              81, 82 ] ), rec(
          DistVect := [ 0, 4, 4, 5, 4, 3, 4, 5, 4, 5, 4, 7, 4, 5, 7, 8, 5, 
              4, 3, 5, 8, 5, 4, 7, 4, 5, 7, 8, 5 ],
          eAdj := [ 1, 7, 11, 13, 17, 18, 23, 24, 25, 26, 29, 31, 32, 43, 
              48, 53, 54, 56, 57, 58, 66, 67, 72, 77, 79, 81 ] ), rec(
          DistVect := [ 0, 4, 5, 5, 4, 4, 4, 4, 5, 5, 4, 8, 4, 4, 4, 5, 5, 
              5, 3, 5, 5, 5, 7, 4, 4, 8, 8, 8, 4 ],
          eAdj := [ 1, 3, 6, 7, 9, 14, 15, 17, 19, 21, 25, 29, 31, 37, 38, 
              42, 44, 47, 49, 62, 63, 64, 70, 73, 74, 82 ] ), rec(
          DistVect := [ 0, 4, 4, 4, 3, 3, 4, 5, 4, 4, 3, 7, 4, 5, 4, 5, 5, 
              4, 3, 5, 5, 4, 7, 4, 3, 8, 7, 8, 5 ],
          eAdj := [ 1, 3, 6, 7, 9, 14, 15, 17, 19, 21, 25, 29, 31, 37, 39, 
              41, 42, 44, 45, 47, 49, 50, 51, 60, 61, 74 ] ), rec(
          DistVect := [ 0, 4, 5, 4, 4, 4, 4, 4, 5, 4, 4, 8, 4, 4, 7, 5, 5, 
              5, 3, 8, 8, 4, 4, 4, 4, 8, 8, 8, 4 ],
          eAdj := [ 1, 3, 6, 7, 8, 10, 14, 15, 16, 17, 19, 21, 24, 25, 26, 
              29, 31, 38, 39, 41, 42, 45, 51, 60, 61, 74 ] ), rec(
          DistVect := [ 0, 4, 4, 4, 4, 3, 4, 5, 4, 4, 4, 7, 4, 5, 4, 8, 5, 
              4, 3, 8, 5, 4, 7, 7, 4, 5, 7, 8, 5 ],
          eAdj := [ 1, 7, 8, 9, 10, 11, 13, 16, 17, 18, 23, 25, 29, 31, 33, 
              35, 43, 44, 48, 52, 56, 65, 67, 68, 71, 72 ] ), rec(
          DistVect := [ 0, 4, 5, 4, 3, 4, 4, 4, 5, 4, 3, 8, 4, 4, 7, 8, 5, 
              5, 3, 5, 8, 4, 4, 7, 3, 5, 8, 8, 4 ],
          eAdj := [ 1, 7, 11, 13, 17, 18, 23, 24, 25, 26, 29, 31, 32, 33, 
              35, 43, 48, 50, 52, 53, 54, 65, 67, 68, 71, 72 ] ), rec(
          DistVect := [ 0, 4, 7, 7, 4, 4, 4, 4, 5, 5, 4, 8, 4, 4, 4, 7, 7, 
              5, 3, 7, 7, 5, 7, 4, 4, 8, 8, 8, 4 ],
          eAdj := [ 1, 3, 6, 7, 9, 14, 15, 17, 19, 27, 29, 31, 37, 38, 41, 
              42, 44, 47, 49, 61, 62, 63, 64, 70, 73, 74 ] ), rec(
          DistVect := [ 0, 4, 7, 4, 4, 4, 4, 4, 5, 4, 4, 8, 4, 4, 7, 7, 7, 
              5, 3, 8, 8, 4, 4, 4, 4, 8, 8, 8, 4 ],
          eAdj := [ 1, 3, 6, 7, 8, 10, 14, 15, 16, 17, 19, 24, 26, 27, 29, 
              31, 33, 38, 39, 41, 42, 45, 51, 59, 60, 61 ] ), rec(
          DistVect := [ 0, 4, 4, 5, 3, 3, 4, 5, 4, 5, 3, 7, 4, 5, 7, 5, 5, 
              4, 3, 8, 8, 5, 4, 4, 3, 8, 7, 8, 5 ],
          eAdj := [ 1, 3, 6, 7, 8, 10, 14, 15, 16, 17, 19, 21, 24, 25, 26, 
              29, 31, 33, 35, 42, 50, 52, 59, 60, 65, 68 ] ), rec(
          DistVect := [ 0, 5, 7, 7, 3, 3, 5, 4, 4, 4, 4, 8, 4, 5, 4, 8, 8, 
              4, 3, 8, 8, 4, 7, 4, 4, 7, 8, 7, 5 ],
          eAdj := [ 1, 3, 7, 8, 9, 10, 11, 13, 14, 15, 17, 27, 29, 31, 33, 
              39, 41, 44, 45, 47, 50, 51, 59, 60, 61, 67 ] ), rec(
          DistVect := [ 0, 4, 5, 5, 3, 4, 4, 4, 5, 5, 3, 8, 4, 4, 4, 8, 5, 
              5, 3, 8, 5, 5, 7, 7, 3, 5, 8, 8, 4 ],
          eAdj := [ 1, 7, 8, 9, 10, 11, 13, 16, 17, 18, 23, 25, 29, 31, 39, 
              41, 43, 44, 45, 48, 50, 51, 59, 60, 65, 67 ] ), rec(
          DistVect := [ 0, 5, 7, 4, 3, 3, 5, 4, 4, 5, 4, 8, 4, 5, 7, 8, 8, 
              4, 3, 7, 7, 5, 4, 4, 4, 7, 8, 7, 5 ],
          eAdj := [ 1, 3, 7, 11, 13, 14, 15, 16, 17, 24, 26, 27, 29, 31, 32, 
              33, 35, 50, 52, 53, 58, 59, 65, 67, 68, 71 ] ), rec(
          DistVect := [ 0, 4, 7, 4, 4, 4, 4, 4, 5, 4, 4, 8, 4, 4, 5, 7, 7, 
              5, 3, 8, 8, 4, 4, 4, 4, 8, 8, 8, 4 ],
          eAdj := [ 1, 3, 6, 7, 8, 10, 14, 15, 16, 17, 19, 24, 27, 29, 31, 
              38, 39, 41, 42, 44, 45, 47, 51, 60, 61, 74 ] ), rec(
          DistVect := [ 0, 4, 5, 4, 4, 4, 4, 4, 5, 4, 4, 8, 4, 4, 3, 7, 7, 
              5, 3, 8, 8, 4, 4, 4, 4, 8, 8, 8, 4 ],
          eAdj := [ 1, 3, 6, 7, 8, 10, 14, 15, 16, 17, 19, 24, 37, 38, 39, 
              41, 42, 44, 45, 47, 49, 51, 60, 61, 70, 74 ] ), rec(
          DistVect := [ 0, 4, 5, 4, 4, 4, 4, 4, 3, 4, 4, 8, 4, 4, 5, 5, 7, 
              5, 3, 8, 8, 4, 4, 4, 4, 8, 8, 8, 4 ],
          eAdj := [ 1, 3, 6, 7, 8, 10, 14, 15, 16, 17, 19, 21, 24, 31, 34, 
              37, 38, 39, 41, 42, 45, 47, 51, 60, 61, 74 ] ), rec(
          DistVect := [ 0, 4, 5, 4, 3, 4, 4, 4, 3, 4, 5, 8, 4, 4, 5, 8, 7, 
              5, 3, 7, 8, 4, 4, 5, 3, 5, 8, 8, 4 ],
          eAdj := [ 1, 7, 8, 11, 13, 15, 16, 17, 18, 23, 24, 31, 32, 33, 35, 
              43, 48, 50, 52, 53, 54, 65, 67, 68, 71, 72 ] ), rec(
          DistVect := [ 0, 4, 5, 4, 3, 4, 4, 4, 3, 4, 5, 8, 4, 4, 5, 8, 9, 
              3, 3, 7, 8, 4, 4, 3, 5, 5, 8, 8, 4 ],
          eAdj := [ 1, 7, 11, 12, 13, 14, 15, 16, 17, 18, 23, 24, 32, 33, 
              35, 43, 48, 50, 52, 53, 54, 58, 67, 68, 71, 72 ] ), rec(
          DistVect := [ 0, 4, 7, 4, 4, 4, 4, 4, 5, 4, 4, 8, 4, 4, 5, 7, 9, 
              5, 3, 8, 8, 4, 4, 4, 4, 8, 8, 8, 4 ],
          eAdj := [ 1, 3, 6, 7, 8, 10, 14, 15, 16, 17, 19, 24, 27, 34, 36, 
              38, 39, 41, 42, 45, 47, 51, 60, 61, 70, 74 ] ), rec(
          DistVect := [ 0, 1, 2, 1, 1, 1, 1, 1, 1, 1, 1, 2, 1, 1, 1, 2, 3, 
              1, 1, 2, 2, 1, 1, 1, 1, 2, 2, 2, 1 ],
          eAdj := [ 1, 3, 6, 7, 8, 10, 11, 12, 13, 14, 15, 16, 17, 19, 20, 
              24, 27, 33, 34, 36, 38, 39, 41, 42, 45, 47, 51, 60, 61, 70 ] ),
      rec(
          DistVect := [ 0, 5, 7, 3, 5, 5, 5, 4, 4, 4, 4, 8, 4, 5, 4, 8, 8, 
              4, 3, 8, 8, 4, 3, 4, 4, 9, 8, 9, 5 ],
          eAdj := [ 1, 3, 6, 8, 10, 11, 13, 14, 15, 16, 19, 24, 27, 29, 31, 
              33, 39, 44, 45, 47, 50, 51, 59, 60, 67, 68 ] ), rec(
          DistVect := [ 0, 1, 2, 1, 1, 2, 1, 1, 1, 1, 1, 2, 1, 1, 1, 2, 2, 
              1, 1, 2, 2, 1, 1, 1, 1, 2, 2, 3, 1 ],
          eAdj := [ 1, 3, 6, 8, 10, 11, 13, 14, 15, 16, 19, 25, 27, 29, 31, 
              33, 39, 41, 43, 44, 45, 47, 48, 50, 51, 59, 60, 67, 68 ] ), 
      rec(
          DistVect := [ 0, 5, 7, 5, 3, 5, 5, 4, 4, 4, 4, 8, 4, 5, 4, 8, 8, 
              4, 3, 8, 8, 4, 5, 4, 4, 7, 8, 9, 5 ],
          eAdj := [ 1, 3, 8, 10, 11, 13, 14, 15, 16, 27, 29, 31, 33, 39, 43, 
              44, 45, 47, 48, 50, 51, 59, 60, 65, 67, 68 ] ), rec(
          DistVect := [ 0, 4, 5, 4, 4, 4, 4, 4, 3, 4, 4, 8, 4, 4, 5, 5, 9, 
              3, 3, 8, 8, 4, 4, 4, 4, 8, 8, 8, 4 ],
          eAdj := [ 1, 3, 6, 7, 8, 10, 12, 14, 15, 16, 17, 19, 21, 24, 33, 
              34, 36, 38, 39, 41, 42, 45, 47, 51, 60, 61 ] ), rec(
          DistVect := [ 0, 4, 4, 4, 4, 4, 4, 5, 4, 4, 4, 8, 4, 5, 4, 8, 8, 
              4, 3, 8, 8, 4, 3, 4, 4, 7, 8, 9, 3 ],
          eAdj := [ 1, 7, 8, 10, 11, 12, 13, 14, 15, 16, 17, 18, 19, 24, 33, 
              35, 42, 48, 50, 51, 52, 53, 54, 59, 65, 68 ] ), rec(
          DistVect := [ 0, 5, 7, 5, 3, 5, 3, 4, 4, 4, 4, 8, 4, 5, 4, 8, 8, 
              4, 3, 8, 8, 4, 5, 4, 4, 7, 8, 9, 3 ],
          eAdj := [ 1, 3, 8, 10, 11, 13, 14, 15, 16, 17, 19, 27, 29, 31, 33, 
              39, 41, 44, 45, 47, 48, 50, 51, 59, 60, 67 ] ), rec(
          DistVect := [ 0, 4, 7, 4, 4, 4, 4, 4, 5, 4, 4, 8, 4, 4, 5, 7, 9, 
              3, 3, 8, 8, 4, 4, 4, 4, 8, 8, 8, 4 ],
          eAdj := [ 1, 3, 6, 7, 8, 10, 11, 14, 15, 16, 17, 19, 24, 27, 29, 
              33, 36, 38, 39, 41, 42, 45, 47, 51, 60, 61 ] ), rec(
          DistVect := [ 0, 5, 7, 5, 3, 3, 5, 4, 4, 4, 4, 8, 4, 5, 4, 8, 8, 
              4, 3, 8, 8, 4, 5, 4, 4, 7, 8, 7, 5 ],
          eAdj := [ 1, 3, 7, 8, 10, 11, 13, 14, 15, 16, 17, 24, 27, 29, 31, 
              33, 39, 44, 45, 47, 50, 51, 59, 60, 65, 67 ] ), rec(
          DistVect := [ 0, 4, 7, 4, 4, 4, 4, 4, 5, 4, 4, 8, 4, 4, 3, 9, 9, 
              5, 3, 8, 8, 4, 4, 4, 4, 8, 8, 8, 4 ],
          eAdj := [ 1, 3, 6, 7, 8, 10, 11, 13, 14, 15, 16, 17, 19, 24, 27, 
              38, 39, 41, 42, 44, 45, 47, 51, 60, 61, 70 ] ), rec(
          DistVect := [ 0, 4, 4, 4, 5, 5, 4, 3, 4, 4, 5, 9, 4, 3, 4, 5, 5, 
              4, 3, 7, 7, 4, 5, 4, 3, 8, 7, 8, 5 ],
          eAdj := [ 1, 3, 6, 7, 8, 14, 15, 19, 21, 25, 29, 31, 37, 38, 39, 
              41, 42, 44, 45, 47, 49, 50, 51, 61, 62, 74 ] ), rec(
          DistVect := [ 0, 4, 4, 4, 4, 5, 4, 3, 4, 4, 4, 7, 4, 5, 4, 8, 5, 
              4, 3, 8, 9, 4, 3, 5, 4, 7, 7, 8, 5 ],
          eAdj := [ 1, 3, 8, 10, 11, 13, 16, 18, 24, 25, 29, 31, 32, 33, 35, 
              43, 44, 48, 50, 52, 53, 56, 65, 67, 68, 71 ] ), rec(
          DistVect := [ 0, 4, 4, 4, 4, 5, 4, 3, 4, 4, 4, 9, 4, 3, 4, 8, 5, 
              4, 3, 8, 7, 4, 5, 7, 4, 5, 7, 8, 5 ],
          eAdj := [ 1, 7, 8, 10, 11, 13, 16, 18, 23, 25, 29, 31, 32, 33, 35, 
              43, 44, 45, 48, 50, 52, 56, 65, 67, 68, 71 ] ), rec(
          DistVect := [ 0, 4, 4, 4, 5, 4, 4, 3, 4, 4, 5, 8, 4, 3, 4, 5, 8, 
              4, 3, 9, 8, 4, 3, 5, 5, 8, 8, 7, 3 ],
          eAdj := [ 1, 3, 6, 7, 8, 10, 12, 16, 17, 19, 21, 24, 34, 36, 37, 
              38, 39, 41, 45, 47, 49, 55, 69, 70, 73, 74 ] ), rec(
          DistVect := [ 0, 4, 4, 4, 5, 4, 4, 3, 4, 4, 5, 8, 4, 3, 4, 5, 8, 
              4, 3, 7, 8, 4, 5, 7, 3, 8, 8, 5, 5 ],
          eAdj := [ 3, 6, 7, 8, 12, 17, 19, 20, 21, 24, 34, 36, 37, 38, 39, 
              41, 45, 46, 47, 49, 55, 62, 69, 70, 73, 74 ] ), rec(
          DistVect := [ 0, 4, 5, 4, 3, 4, 4, 4, 3, 4, 5, 8, 4, 4, 5, 8, 7, 
              3, 3, 7, 8, 4, 4, 5, 5, 5, 8, 8, 4 ],
          eAdj := [ 1, 7, 11, 13, 16, 17, 18, 23, 24, 29, 31, 32, 33, 35, 
              43, 48, 50, 52, 53, 54, 56, 58, 67, 68, 71, 72 ] ), rec(
          DistVect := [ 0, 4, 5, 4, 4, 4, 4, 4, 5, 4, 4, 8, 4, 4, 5, 7, 5, 
              5, 3, 8, 8, 4, 4, 4, 4, 8, 8, 8, 4 ],
          eAdj := [ 1, 3, 6, 7, 8, 10, 14, 15, 16, 17, 19, 24, 25, 29, 31, 
              38, 39, 41, 42, 44, 45, 50, 51, 59, 60, 61 ] ), rec(
          DistVect := [ 0, 4, 5, 4, 4, 4, 4, 4, 3, 4, 4, 8, 4, 4, 3, 7, 7, 
              5, 3, 8, 8, 4, 4, 4, 4, 8, 8, 8, 4 ],
          eAdj := [ 1, 3, 6, 7, 8, 10, 13, 14, 15, 16, 17, 19, 24, 31, 37, 
              38, 39, 41, 42, 44, 45, 47, 50, 51, 60, 61 ] ), rec(
          DistVect := [ 0, 4, 3, 4, 4, 4, 4, 4, 5, 4, 4, 8, 4, 4, 3, 7, 5, 
              5, 3, 8, 8, 4, 4, 4, 4, 8, 8, 8, 4 ],
          eAdj := [ 1, 3, 6, 7, 8, 10, 14, 15, 16, 17, 18, 19, 24, 25, 37, 
              38, 39, 41, 42, 44, 45, 49, 50, 51, 60, 61 ] ), rec(
          DistVect := [ 0, 4, 3, 4, 4, 4, 4, 4, 3, 4, 4, 8, 4, 4, 5, 5, 5, 
              5, 3, 8, 8, 4, 4, 4, 4, 8, 8, 8, 4 ],
          eAdj := [ 1, 3, 6, 7, 8, 10, 14, 15, 16, 17, 19, 21, 24, 25, 31, 
              37, 38, 39, 41, 42, 45, 50, 51, 52, 60, 61 ] ), rec(
          DistVect := [ 0, 4, 5, 4, 4, 4, 4, 4, 3, 4, 4, 8, 4, 4, 5, 5, 7, 
              3, 3, 8, 8, 4, 4, 4, 4, 8, 8, 8, 4 ],
          eAdj := [ 1, 3, 6, 7, 8, 10, 14, 15, 16, 17, 19, 21, 24, 29, 31, 
              33, 38, 39, 41, 42, 45, 47, 50, 51, 60, 61 ] ), rec(
          DistVect := [ 0, 4, 3, 4, 4, 4, 4, 4, 3, 4, 4, 8, 4, 4, 3, 5, 7, 
              3, 3, 8, 8, 4, 4, 4, 4, 8, 8, 8, 4 ],
          eAdj := [ 1, 3, 6, 7, 8, 10, 12, 14, 15, 16, 17, 19, 21, 24, 37, 
              38, 39, 41, 42, 45, 47, 49, 50, 51, 60, 61 ] ), rec(
          DistVect := [ 0, 4, 4, 4, 4, 3, 4, 5, 4, 4, 4, 7, 4, 5, 4, 8, 5, 
              4, 3, 8, 7, 4, 5, 5, 4, 7, 7, 8, 5 ],
          eAdj := [ 1, 7, 8, 10, 11, 13, 16, 17, 18, 24, 25, 29, 31, 33, 35, 
              43, 44, 48, 50, 52, 56, 59, 65, 67, 68, 71 ] ), rec(
          DistVect := [ 0, 4, 5, 4, 4, 4, 4, 4, 3, 4, 4, 8, 4, 4, 5, 7, 7, 
              5, 3, 8, 8, 4, 4, 4, 4, 8, 8, 8, 4 ],
          eAdj := [ 1, 3, 6, 7, 8, 10, 13, 14, 15, 16, 17, 19, 24, 31, 33, 
              38, 39, 41, 42, 45, 50, 51, 52, 59, 60, 61 ] ), rec(
          DistVect := [ 0, 1, 1, 1, 1, 1, 1, 1, 1, 1, 1, 2, 1, 1, 1, 2, 2, 
              1, 1, 2, 2, 1, 1, 1, 1, 2, 2, 2, 1 ],
          eAdj := [ 1, 3, 6, 7, 8, 10, 11, 12, 13, 14, 15, 16, 17, 18, 19, 
              24, 33, 35, 38, 39, 41, 42, 45, 50, 51, 52, 59, 60, 61, 65 ] ),
      rec(
          DistVect := [ 0, 4, 5, 4, 4, 4, 4, 4, 5, 4, 4, 8, 4, 4, 3, 9, 7, 
              5, 3, 8, 8, 4, 4, 4, 4, 8, 8, 8, 4 ],
          eAdj := [ 1, 3, 6, 7, 8, 10, 11, 13, 14, 15, 16, 17, 18, 19, 24, 
              38, 39, 41, 42, 44, 45, 50, 51, 59, 60, 61 ] ), rec(
          DistVect := [ 0, 4, 3, 4, 4, 4, 4, 4, 3, 4, 4, 8, 4, 4, 3, 7, 7, 
              5, 3, 8, 8, 4, 4, 4, 4, 8, 8, 8, 4 ],
          eAdj := [ 1, 3, 6, 7, 8, 10, 12, 13, 14, 15, 16, 17, 18, 19, 24, 
              37, 38, 39, 41, 42, 45, 50, 51, 52, 60, 61 ] ), rec(
          DistVect := [ 0, 4, 4, 4, 4, 4, 4, 5, 4, 4, 4, 8, 4, 3, 4, 8, 8, 
              4, 3, 8, 8, 4, 3, 4, 4, 7, 8, 9, 3 ],
          eAdj := [ 1, 6, 7, 8, 10, 11, 12, 13, 14, 15, 16, 17, 18, 19, 24, 
              33, 35, 38, 41, 42, 50, 51, 52, 54, 59, 65 ] ), rec(
          DistVect := [ 0, 4, 4, 3, 4, 5, 4, 3, 4, 5, 4, 7, 4, 5, 7, 8, 5, 
              4, 3, 5, 8, 5, 4, 7, 4, 5, 7, 8, 5 ],
          eAdj := [ 1, 11, 13, 18, 23, 24, 25, 26, 29, 31, 32, 35, 43, 48, 
              52, 53, 54, 56, 57, 58, 66, 67, 72, 76, 77, 79 ] ), rec(
          DistVect := [ 0, 4, 3, 3, 4, 4, 4, 4, 5, 5, 4, 8, 4, 4, 4, 5, 5, 
              5, 3, 5, 5, 5, 7, 4, 4, 8, 8, 8, 4 ],
          eAdj := [ 1, 3, 6, 7, 9, 14, 15, 17, 19, 21, 25, 37, 38, 39, 42, 
              44, 45, 47, 49, 62, 63, 64, 69, 70, 73, 74 ] ), rec(
          DistVect := [ 0, 4, 4, 4, 5, 5, 4, 3, 4, 4, 3, 7, 4, 5, 4, 5, 5, 
              4, 3, 5, 5, 4, 7, 4, 3, 8, 7, 8, 5 ],
          eAdj := [ 1, 3, 6, 9, 14, 15, 19, 21, 25, 29, 31, 37, 39, 41, 42, 
              44, 45, 47, 49, 50, 51, 61, 62, 64, 67, 74 ] ), rec(
          DistVect := [ 0, 4, 4, 4, 4, 5, 4, 3, 4, 4, 4, 7, 4, 5, 4, 8, 5, 
              4, 3, 8, 5, 4, 7, 7, 4, 5, 7, 8, 5 ],
          eAdj := [ 1, 8, 9, 10, 11, 13, 16, 18, 23, 25, 29, 31, 33, 35, 39, 
              43, 44, 45, 48, 52, 56, 65, 67, 68, 71, 76 ] ), rec(
          DistVect := [ 0, 4, 3, 4, 4, 4, 4, 4, 5, 4, 4, 8, 4, 4, 7, 5, 5, 
              5, 3, 8, 8, 4, 4, 4, 4, 8, 8, 8, 4 ],
          eAdj := [ 1, 3, 6, 7, 8, 10, 14, 15, 16, 17, 19, 21, 24, 25, 26, 
              35, 38, 39, 41, 42, 45, 51, 52, 60, 61, 69 ] ), rec(
          DistVect := [ 0, 4, 3, 4, 4, 4, 4, 4, 5, 4, 4, 8, 4, 4, 5, 7, 5, 
              5, 3, 8, 8, 4, 4, 4, 4, 8, 8, 8, 4 ],
          eAdj := [ 1, 3, 6, 7, 8, 10, 14, 15, 16, 17, 18, 19, 24, 25, 35, 
              38, 39, 41, 42, 45, 50, 51, 52, 59, 60, 61 ] ), rec(
          DistVect := [ 0, 4, 4, 4, 4, 5, 4, 3, 4, 4, 4, 7, 4, 5, 4, 8, 5, 
              4, 3, 8, 7, 4, 5, 5, 4, 7, 7, 8, 5 ],
          eAdj := [ 1, 3, 8, 10, 11, 13, 16, 18, 25, 29, 31, 33, 35, 39, 43, 
              44, 45, 48, 50, 52, 56, 59, 65, 67, 68, 71 ] ), rec(
          DistVect := [ 0, 4, 4, 4, 5, 4, 4, 3, 4, 4, 5, 8, 4, 3, 4, 5, 8, 
              4, 3, 7, 8, 4, 5, 5, 5, 8, 8, 7, 3 ],
          eAdj := [ 1, 3, 6, 7, 12, 17, 19, 21, 24, 34, 36, 37, 38, 39, 41, 
              45, 47, 49, 55, 62, 63, 64, 69, 70, 73, 74 ] ), rec(
          DistVect := [ 0, 4, 4, 4, 5, 4, 4, 3, 4, 4, 3, 8, 4, 5, 4, 5, 8, 
              4, 3, 5, 8, 4, 7, 7, 3, 8, 8, 5, 5 ],
          eAdj := [ 3, 6, 7, 9, 12, 17, 19, 20, 21, 24, 34, 36, 37, 38, 39, 
              41, 42, 45, 47, 49, 62, 64, 69, 70, 73, 74 ] ), rec(
          DistVect := [ 0, 4, 4, 3, 5, 4, 4, 3, 4, 5, 3, 8, 4, 5, 7, 5, 8, 
              4, 3, 8, 5, 5, 4, 7, 3, 8, 8, 5, 5 ],
          eAdj := [ 3, 6, 7, 8, 10, 12, 16, 17, 19, 20, 21, 26, 33, 34, 35, 
              36, 38, 39, 40, 42, 45, 51, 52, 60, 61, 69 ] ), rec(
          DistVect := [ 0, 4, 3, 4, 4, 4, 4, 4, 3, 4, 4, 8, 4, 4, 5, 5, 7, 
              3, 3, 8, 8, 4, 4, 4, 4, 8, 8, 8, 4 ],
          eAdj := [ 1, 3, 6, 7, 8, 10, 12, 14, 15, 16, 17, 19, 21, 24, 33, 
              35, 38, 39, 41, 42, 45, 50, 51, 52, 60, 61 ] ), rec(
          DistVect := [ 0, 4, 4, 3, 5, 5, 4, 3, 4, 5, 3, 7, 4, 5, 7, 5, 5, 
              4, 3, 8, 8, 5, 4, 4, 3, 8, 7, 8, 5 ],
          eAdj := [ 1, 3, 6, 8, 10, 14, 15, 16, 19, 21, 24, 25, 26, 29, 31, 
              33, 35, 39, 42, 45, 50, 52, 59, 60, 67, 68 ] ) ] );
