return rec(
  DistVect := [ 0, 1, 1, 1, 1, 2, 2, 2, 1, 1, 2, 2, 2, 2, 2, 2, 1, 2, 1, 1, 
      2, 1, 2, 2, 1, 2, 1, 0, 1 ],
  ListIncidentIneq := 
   [ [ 0, 0, 0, 0, 0, 0, 0, 0, 0, 0, 0, 0, 0, 0, 0, 0, 0, 0, 0, 0, 0, 0, 0, 
          -1, 1, 0, 1, 0, 0 ], 
      [ 0, 0, 0, 0, 0, 0, 0, 0, 0, 0, 0, 0, 0, 0, 0, 0, 0, 0, 0, 0, 0, 0, 0, 
          0, 0, 0, -1, 1, 1 ], 
      [ 0, 0, 0, 0, 0, 0, 0, 0, 0, 0, 0, 0, 0, 0, 0, 0, 0, 0, 0, 0, -1, 1, 
          0, 0, 0, 0, 1, 0, 0 ], 
      [ 0, 0, 1, 0, 0, 0, 0, -1, 0, 0, 0, 0, 0, 0, 0, 0, 0, 0, 1, 0, 0, 0, 
          0, 0, 0, 0, 0, 0, 0 ], 
      [ 0, 0, 0, 0, 0, 0, 0, 0, 0, 0, 0, 0, 0, 0, 0, 0, 0, -1, 1, 0, 0, 0, 
          0, 0, 0, 0, 0, 0, 1 ], 
      [ 0, 0, 0, 0, 0, 0, 0, 0, 1, 0, 0, 0, 0, -1, 0, 0, 0, 0, 1, 0, 0, 0, 
          0, 0, 0, 0, 0, 0, 0 ], 
      [ 0, 0, 1, 0, 0, -1, 0, 0, 0, 0, 0, 0, 0, 0, 0, 0, 1, 0, 0, 0, 0, 0, 
          0, 0, 0, 0, 0, 0, 0 ], 
      [ 0, 0, 0, 0, 0, 0, 0, 0, 1, 1, 0, 0, 0, 0, -1, 0, 0, 0, 0, 0, 0, 0, 
          0, 0, 0, 0, 0, 0, 0 ], 
      [ 0, 0, 0, 0, 0, 0, 0, 0, 0, 1, 0, 0, -1, 0, 0, 0, 0, 0, 0, 0, 0, 1, 
          0, 0, 0, 0, 0, 0, 0 ], 
      [ 0, 0, 0, 0, 0, 0, 0, 0, 1, 0, 0, -1, 0, 0, 0, 0, 1, 0, 0, 0, 0, 0, 
          0, 0, 0, 0, 0, 0, 0 ], 
      [ 0, 1, 0, 0, 1, 0, 0, 0, 0, 0, -1, 0, 0, 0, 0, 0, 0, 0, 0, 0, 0, 0, 
          0, 0, 0, 0, 0, 0, 0 ], 
      [ 0, 0, 0, 0, 0, 0, 0, 0, 0, 1, -1, 0, 0, 0, 0, 0, 0, 0, 0, 1, 0, 0, 
          0, 0, 0, 0, 0, 0, 0 ], 
      [ 0, 0, 1, 1, 0, 0, 0, 0, 0, 0, 0, 0, 0, 0, -1, 0, 0, 0, 0, 0, 0, 0, 
          0, 0, 0, 0, 0, 0, 0 ], 
      [ 0, 0, 0, 1, 0, 0, -1, 0, 0, 0, 0, 0, 0, 0, 0, 0, 0, 0, 0, 0, 0, 1, 
          0, 0, 0, 0, 0, 0, 0 ], 
      [ 0, 0, 0, 0, 0, 0, 0, 0, 0, 0, 0, 0, 0, 0, 0, 0, 0, 0, 0, 0, 0, 0, 0, 
          -1, 0, 1, 0, 1, 0 ], 
      [ 0, 0, 0, 0, 0, 0, 0, 0, 0, 0, 0, 0, 0, 0, 0, 0, 0, 0, 0, 0, -1, 0, 
          1, 0, 0, 0, 0, 1, 0 ], 
      [ 0, 0, 0, 0, 0, 0, 0, 0, 0, 0, 0, 0, 0, 0, 0, 0, 0, 0, 0, 0, 1, 0, 
          -1, 0, 0, 0, 0, 1, 0 ], 
      [ 0, 0, 1, 0, 1, 0, 0, 0, 0, 0, 0, 0, 0, 0, 0, -1, 0, 0, 0, 0, 0, 0, 
          0, 0, 0, 0, 0, 0, 0 ], 
      [ 0, 0, 0, 0, 0, 0, 0, 0, 0, 0, 0, 0, 0, 0, 0, 0, 0, 0, 0, 0, 0, 0, 0, 
          0, 1, -1, 0, 0, 1 ], 
      [ 0, 0, 0, 0, 0, 0, 0, 0, 0, 0, 0, 0, 0, 0, 0, 0, 1, -1, 0, 0, 0, 0, 
          0, 0, 0, 0, 1, 0, 0 ], 
      [ 0, 0, 0, 0, 0, 0, 0, 0, 0, 0, 0, 0, 0, 0, 0, 0, 0, 0, 0, 0, 0, 0, 0, 
          0, 0, 0, 1, 1, -1 ], 
      [ 0, 0, 0, 0, 0, 0, 0, 0, 0, 0, 0, 0, 0, 0, 0, 0, -1, 0, 1, 0, 0, 0, 
          0, 0, 0, 0, 0, 1, 0 ], 
      [ 0, 0, 0, 0, 0, 0, 0, 0, 0, 0, 0, 0, 0, 0, 0, 0, 1, 0, -1, 0, 0, 0, 
          0, 0, 0, 0, 0, 1, 0 ], 
      [ 0, 0, 0, 0, 1, 0, -1, 0, 0, 0, 0, 0, 0, 0, 0, 0, 0, 0, 0, 0, 0, 0, 
          0, 0, 1, 0, 0, 0, 0 ], 
      [ 0, 0, 0, 0, 0, 0, 0, 0, 0, 0, 0, 0, 0, 0, 0, 0, 0, 0, 0, 0, 0, 0, 0, 
          1, 0, -1, 0, 1, 0 ], 
      [ 0, 0, 0, 0, 0, -1, 0, 1, 0, 0, 0, 0, 0, 0, 0, 0, 0, 0, 0, 0, 0, 0, 
          0, 0, 0, 0, 0, 1, 0 ], 
      [ 0, 0, 0, 0, 0, 0, 0, 0, 0, 0, 0, 0, 0, 0, 0, 0, 0, 0, 0, 0, 0, 1, 
          -1, 0, 0, 0, 0, 0, 1 ], 
      [ 0, 0, 0, 0, 0, 0, 0, 0, 0, 0, 0, -1, 0, 1, 0, 0, 0, 0, 0, 0, 0, 0, 
          0, 0, 0, 0, 0, 1, 0 ], 
      [ 0, 0, 0, 0, 0, 0, 0, 0, 0, 0, 0, 1, 0, -1, 0, 0, 0, 0, 0, 0, 0, 0, 
          0, 0, 0, 0, 0, 1, 0 ], 
      [ 0, 0, 0, 0, 0, 1, 0, -1, 0, 0, 0, 0, 0, 0, 0, 0, 0, 0, 0, 0, 0, 0, 
          0, 0, 0, 0, 0, 1, 0 ], 
      [ 0, -1, 1, 1, 0, 0, 0, -1, 1, 1, 0, 0, 0, -1, -1, 0, 0, 0, 1, 0, 0, 
          0, 1, 0, 0, 0, 0, 0, 0 ], 
      [ 0, -1, 1, 1, 0, 0, -1, 0, 1, 1, 0, 0, -1, 0, -1, 0, 0, 1, 0, 0, 0, 
          1, 0, 0, 0, 0, 0, 0, 0 ], 
      [ 0, -1, 1, 1, 0, -1, 0, 0, 1, 1, 0, -1, 0, 0, -1, 0, 1, 0, 0, 0, 1, 
          0, 0, 0, 0, 0, 0, 0, 0 ], 
      [ 0, 0, 0, 0, 0, 0, 0, 0, 1, 1, -1, 0, 0, -1, -1, 1, 0, 0, 1, 1, 0, 0, 
          1, 0, 0, -1, 0, 0, 0 ], 
      [ 0, 0, 0, 1, 1, 1, -1, 0, 0, 0, 0, 0, 0, 0, 0, 0, 0, 0, 0, -1, -1, 1, 
          0, -1, 1, 0, 1, 0, 0 ], 
      [ 0, 0, 0, 0, 0, 0, 0, 0, 1, 1, 0, -1, 0, 1, -1, 0, 1, 0, -1, 0, 1, 0, 
          -1, 0, 0, 0, 0, 1, 0 ], 
      [ 0, 0, 1, 1, 0, -1, 0, 1, 0, 0, 0, 0, 0, 0, -1, 0, 1, 0, -1, 0, 1, 0, 
          -1, 0, 0, 0, 0, 1, 0 ], 
      [ 0, 0, 0, 0, 0, 0, 0, 0, 0, 1, -1, 1, 0, -1, 0, 0, 0, 0, 0, 1, -1, 0, 
          1, 1, 0, -1, 0, 1, 0 ], 
      [ 0, 1, 0, 0, 1, 1, -1, 0, 0, 0, -1, -1, 1, 0, 0, 0, 0, 0, 0, 0, 0, 0, 
          0, -1, 1, 0, 1, 0, 0 ], 
      [ 0, 0, 0, 0, 0, 0, 0, 0, 0, 1, -1, -1, 0, 1, 0, 0, 0, 0, 0, 1, 1, 0, 
          -1, -1, 0, 1, 0, 1, 0 ], 
      [ 0, 0, 1, 1, 1, 0, -1, 0, 0, 0, 0, 0, 0, 0, -1, -1, 0, 1, 0, -1, 0, 
          1, 0, 0, 1, 0, 0, 0, 0 ], 
      [ 0, 0, 1, 0, 1, 1, 0, -1, 0, 0, 0, 0, 0, 0, 0, -1, -1, 0, 1, 0, 0, 0, 
          0, -1, 0, 1, 0, 1, 0 ], 
      [ 0, 0, 0, 0, 0, 0, 0, 0, 1, 0, -1, -1, 1, 0, 0, 1, 1, -1, 0, 0, 0, 0, 
          0, -1, 1, 0, 1, 0, 0 ], 
      [ 0, 1, 0, 0, 1, 1, 0, -1, 0, 0, -1, -1, 0, 1, 0, 0, 0, 0, 0, 0, 0, 0, 
          0, -1, 0, 1, 0, 1, 0 ], 
      [ 0, 0, 0, 1, 1, 0, -1, 1, 0, 0, 0, 0, 0, 0, 0, 0, 0, 0, 0, -1, 0, 1, 
          -1, 0, 1, -1, 0, 0, 1 ], 
      [ 0, 0, 1, 1, 0, 1, 0, -1, 0, 0, 0, 0, 0, 0, -1, 0, -1, 0, 1, 0, -1, 
          0, 1, 0, 0, 0, 0, 1, 0 ], 
      [ 0, 0, 0, 0, 1, -1, -1, 1, 0, 0, 0, 0, 0, 0, 0, 0, 0, 0, 0, 0, 0, 0, 
          0, 1, 1, -1, -1, 1, 1 ], 
      [ 0, 0, 0, 1, 0, -1, -1, 1, 0, 0, 0, 0, 0, 0, 0, 0, 0, 0, 0, 0, 1, 1, 
          -1, 0, 0, 0, -1, 1, 1 ], 
      [ 0, 0, 0, 0, 0, 0, 0, 0, 0, 1, 0, -1, -1, 1, 0, 0, 0, 0, 0, 0, 1, 1, 
          -1, 0, 0, 0, -1, 1, 1 ], 
      [ 0, 0, 0, 0, 0, 0, 0, 0, 1, 1, 0, 1, 0, -1, -1, 0, -1, 0, 1, 0, -1, 
          0, 1, 0, 0, 0, 0, 1, 0 ], 
      [ 0, 1, 0, 0, 1, 0, -1, 1, 0, 0, -1, 0, 1, -1, 0, 0, 0, 0, 0, 0, 0, 0, 
          0, 0, 1, -1, 0, 0, 1 ], 
      [ 0, 0, 0, 0, 0, 0, 0, 0, 1, 0, -1, 0, 1, -1, 0, 1, 0, -1, 1, 0, 0, 0, 
          0, 0, 1, -1, 0, 0, 1 ], 
      [ 0, 0, 0, 1, 0, 1, -1, -1, 0, 0, 0, 0, 0, 0, 0, 0, 0, 0, 0, 0, -1, 1, 
          1, 0, 0, 0, 1, 1, -1 ], 
      [ 0, 1, 0, 0, 1, -1, 0, 1, 0, 0, -1, 1, 0, -1, 0, 0, 0, 0, 0, 0, 0, 0, 
          0, 1, 0, -1, 0, 1, 0 ], 
      [ 0, 0, 0, 0, 0, 0, 0, 0, 0, 1, 0, 1, -1, -1, 0, 0, 0, 0, 0, 0, -1, 1, 
          1, 0, 0, 0, 1, 1, -1 ], 
      [ 0, 0, 0, 0, 0, 0, 0, 0, 1, 1, -1, -1, 0, 0, -1, 1, 1, 0, 0, 1, 1, 0, 
          0, -1, 0, 0, 0, 0, 0 ], 
      [ 0, 0, 1, 0, 1, -1, 0, 1, 0, 0, 0, 0, 0, 0, 0, -1, 1, 0, -1, 0, 0, 0, 
          0, 1, 0, -1, 0, 1, 0 ], 
      [ 0, 0, 0, 0, 1, 1, -1, -1, 0, 0, 0, 0, 0, 0, 0, 0, 0, 0, 0, 0, 0, 0, 
          0, -1, 1, 1, 1, 1, -1 ], 
      [ 0, -1, 1, 1, 0, 1, 0, -2, 1, 1, 0, 1, 0, -2, -1, 0, -1, 0, 2, 0, -1, 
          0, 2, 0, 0, 0, 0, 2, 0 ], 
      [ 0, 0, 0, 1, 1, -1, -1, 2, 0, 0, 0, 0, 0, 0, 0, 0, 0, 0, 0, -1, 1, 1, 
          -2, 1, 1, -2, -1, 2, 2 ], 
      [ 0, 0, 0, 1, 1, 2, -1, -1, 0, 0, 0, 0, 0, 0, 0, 0, 0, 0, 0, -1, -2, 
          1, 1, -2, 1, 1, 2, 2, -1 ], 
      [ 0, 1, 0, 0, 1, -1, -1, 2, 0, 0, -1, 1, 1, -2, 0, 0, 0, 0, 0, 0, 0, 
          0, 0, 1, 1, -2, -1, 2, 2 ], 
      [ 0, 1, 0, 0, 1, 2, -1, -1, 0, 0, -1, -2, 1, 1, 0, 0, 0, 0, 0, 0, 0, 
          0, 0, -2, 1, 1, 2, 2, -1 ], 
      [ 0, 0, 0, 0, 0, 0, 0, 0, 1, 0, -1, -2, 1, 1, 0, 1, 2, -1, -1, 0, 0, 
          0, 0, -2, 1, 1, 2, 2, -1 ], 
      [ 0, -1, 1, 1, 0, -2, 0, 1, 1, 1, 0, -2, 0, 1, -1, 0, 2, 0, -1, 0, 2, 
          0, -1, 0, 0, 0, 0, 2, 0 ], 
      [ 0, 0, 0, 0, 0, 0, 0, 0, 1, 1, -1, 1, 0, -2, -1, 1, -1, 0, 2, 1, -1, 
          0, 2, 1, 0, -2, 0, 2, 0 ], 
      [ 0, 0, 0, 0, 0, 0, 0, 0, 1, 1, -1, -2, 0, 1, -1, 1, 2, 0, -1, 1, 2, 
          0, -1, -2, 0, 1, 0, 2, 0 ], 
      [ 0, 0, 0, 0, 0, 0, 0, 0, 1, 0, -1, 1, 1, -2, 0, 1, -1, -1, 2, 0, 0, 
          0, 0, 1, 1, -2, -1, 2, 2 ], 
      [ 0, 0, 1, 1, 1, 1, -1, -1, 0, 0, 0, 0, 0, 0, -1, -1, -1, 1, 1, -1, 
          -1, 1, 1, -1, 1, 1, 1, 1, -1 ], 
      [ 0, -1, 1, 1, 0, 1, -1, -1, 1, 1, 0, 1, -1, -1, -1, 0, -1, 1, 1, 0, 
          -1, 1, 1, 0, 0, 0, 1, 1, -1 ], 
      [ 0, 0, 1, 1, 1, -1, -1, 1, 0, 0, 0, 0, 0, 0, -1, -1, 1, 1, -1, -1, 1, 
          1, -1, 1, 1, -1, -1, 1, 1 ], 
      [ 0, -1, 1, 1, 0, -1, -1, 1, 1, 1, 0, -1, -1, 1, -1, 0, 1, 1, -1, 0, 
          1, 1, -1, 0, 0, 0, -1, 1, 1 ], 
      [ 0, -1, 1, 1, 0, 2, -1, -2, 1, 1, 0, 2, -1, -2, -1, 0, -2, 1, 2, 0, 
          -2, 1, 2, 0, 0, 0, 2, 4, -2 ], 
      [ 0, 0, 1, 1, 1, -2, -1, 2, 0, 0, 0, 0, 0, 0, -1, -1, 2, 1, -2, -1, 2, 
          1, -2, 2, 1, -2, -2, 4, 2 ], 
      [ 0, 0, 1, 1, 1, 2, -1, -2, 0, 0, 0, 0, 0, 0, -1, -1, -2, 1, 2, -1, 
          -2, 1, 2, -2, 1, 2, 2, 4, -2 ], 
      [ 0, -1, 1, 1, 0, -2, -1, 2, 1, 1, 0, -2, -1, 2, -1, 0, 2, 1, -2, 0, 
          2, 1, -2, 0, 0, 0, -2, 4, 2 ] ],
  ListIncidentSymbol := 
   [ [ 0, 0, 0, 0, 1, 1, -1, 0 ], [ 0, 0, 0, 0, 0, 1, 1, -1 ], 
      [ 0, 0, 0, 1, 0, 1, -1, 0 ], [ 1, 0, -1, 0, 0, 0, 0, 1 ], 
      [ 0, 0, 1, 0, 0, 0, 1, -1 ], [ 0, 1, -1, 0, 0, 0, 0, 1 ], 
      [ 1, 0, -1, 0, 0, 1, 0, 0 ], [ 0, -1, 1, 1, 0, 0, 0, 0 ], 
      [ 0, 1, 0, -1, 0, 0, 1, 0 ], [ 0, 1, -1, 0, 0, 1, 0, 0 ], 
      [ -1, 1, 0, 0, 1, 0, 0, 0 ], [ 0, 1, 0, -1, 1, 0, 0, 0 ], 
      [ -1, 0, 1, 1, 0, 0, 0, 0 ], [ 1, 0, 0, -1, 0, 0, 1, 0 ], 
      [ 0, 0, 0, 0, 1, 1, 0, -1 ], [ 0, 0, 0, 1, 0, 1, 0, -1 ], 
      [ 0, 0, 0, 1, 0, -1, 0, 1 ], [ -1, 0, 1, 0, 1, 0, 0, 0 ], 
      [ 0, 0, 0, 0, 1, 0, -1, 1 ], [ 0, 0, 1, 0, 0, -1, 1, 0 ], 
      [ 0, 0, 0, 0, 0, -1, 1, 1 ], [ 0, 0, 1, 0, 0, 1, 0, -1 ], 
      [ 0, 0, 1, 0, 0, -1, 0, 1 ], [ 1, 0, 0, 0, -1, 0, 1, 0 ], 
      [ 0, 0, 0, 0, 1, -1, 0, 1 ], [ 1, 0, 0, 0, 0, 1, 0, -1 ], 
      [ 0, 0, 0, 1, 0, 0, -1, 1 ], [ 0, 1, 0, 0, 0, 1, 0, -1 ], 
      [ 0, 1, 0, 0, 0, -1, 0, 1 ], [ 1, 0, 0, 0, 0, -1, 0, 1 ], 
      [ 1, 1, -1, -1, 0, 0, 0, 1 ], [ 1, 1, -1, -1, 0, 0, 1, 0 ], 
      [ 1, 1, -1, -1, 0, 1, 0, 0 ], [ 0, 1, -1, -1, 1, 0, 0, 1 ], 
      [ -1, 0, 0, 1, 1, 1, -1, 0 ], [ 0, -1, 1, 1, 0, -1, 0, 1 ], 
      [ -1, 0, 1, 1, 0, -1, 0, 1 ], [ 0, 1, 0, -1, 1, -1, 0, 1 ], 
      [ -1, 1, 0, 0, 1, 1, -1, 0 ], [ 0, 1, 0, -1, 1, 1, 0, -1 ], 
      [ -1, 0, 1, 1, 1, 0, -1, 0 ], [ -1, 0, 1, 0, 1, 1, 0, -1 ], 
      [ 0, 1, -1, 0, 1, 1, -1, 0 ], [ -1, 1, 0, 0, 1, 1, 0, -1 ], 
      [ -1, 0, 0, 1, 1, 0, -1, 1 ], [ -1, 0, 1, 1, 0, 1, 0, -1 ], 
      [ 1, 0, 0, 0, -1, 1, 1, -1 ], [ 1, 0, 0, -1, 0, 1, 1, -1 ], 
      [ 0, 1, 0, -1, 0, 1, 1, -1 ], [ 0, -1, 1, 1, 0, 1, 0, -1 ], 
      [ -1, 1, 0, 0, 1, 0, -1, 1 ], [ 0, 1, -1, 0, 1, 0, -1, 1 ], 
      [ 1, 0, 0, -1, 0, -1, 1, 1 ], [ -1, 1, 0, 0, 1, -1, 0, 1 ], 
      [ 0, 1, 0, -1, 0, -1, 1, 1 ], [ 0, 1, -1, -1, 1, 1, 0, 0 ], 
      [ -1, 0, 1, 0, 1, -1, 0, 1 ], [ 1, 0, 0, 0, -1, -1, 1, 1 ], 
      [ 1, 1, -1, -1, 0, -1, 0, 2 ], [ -1, 0, 0, 1, 1, -1, -1, 2 ], 
      [ -1, 0, 0, 1, 1, 2, -1, -1 ], [ -1, 1, 0, 0, 1, -1, -1, 2 ], 
      [ -1, 1, 0, 0, 1, 2, -1, -1 ], [ 0, 1, -1, 0, 1, 2, -1, -1 ], 
      [ 1, 1, -1, -1, 0, 2, 0, -1 ], [ 0, 1, -1, -1, 1, -1, 0, 2 ], 
      [ 0, 1, -1, -1, 1, 2, 0, -1 ], [ 0, 1, -1, 0, 1, -1, -1, 2 ], 
      [ -1, 0, 1, 1, 1, 1, -1, -1 ], [ 1, 1, -1, -1, 0, -1, 1, 1 ], 
      [ -1, 0, 1, 1, 1, -1, -1, 1 ], [ 1, 1, -1, -1, 0, 1, 1, -1 ], 
      [ 1, 1, -1, -1, 0, -2, 1, 2 ], [ -1, 0, 1, 1, 1, -2, -1, 2 ], 
      [ -1, 0, 1, 1, 1, 2, -1, -2 ], [ 1, 1, -1, -1, 0, 2, 1, -2 ] ],
  ListAdjacent := [ rec(
          DistVect := [ 0, 0, 0, 1, 1, 0, 1, 0, 0, 1, 1, 0, 1, 0, 1, 1, 0, 
              1, 0, 0, 1, 0, 1, 1, 0, 1, 1, 0, 1 ],
          eAdj := [ 1, 2, 3, 4, 5, 6, 7, 8, 9, 10, 11, 12, 13, 14, 15, 16, 
              17, 18, 19, 20, 21, 22, 23, 24, 25, 26, 27, 28, 29, 30, 32, 
              34, 35, 36, 37, 38, 39, 40, 41, 42, 43, 44, 45, 46, 47, 48, 
              49, 50, 51, 52, 53, 54, 55, 56, 57, 58, 60, 61, 62, 63, 64, 
              66, 67, 68, 69, 70, 71, 72, 73, 74, 75, 76 ] ), rec(
          DistVect := [ 0, 0, 1, 0, 1, 1, 1, 1, 1, 0, 1, 1, 1, 1, 1, 0, 0, 
              0, 0, 1, 1, 1, 1, 0, 0, 0, 0, 0, 0 ],
          eAdj := [ 1, 2, 3, 4, 5, 6, 7, 8, 9, 10, 11, 12, 13, 14, 15, 16, 
              17, 19, 20, 21, 22, 23, 24, 25, 26, 27, 28, 29, 30, 31, 32, 
              33, 34, 35, 36, 37, 38, 39, 40, 41, 43, 44, 45, 46, 47, 48, 
              49, 50, 51, 52, 53, 54, 55, 56, 58, 59, 60, 61, 62, 63, 64, 
              65, 66, 67, 68, 69, 70, 71, 72, 73, 74, 75, 76 ] ), rec(
          DistVect := [ 0, 1, 0, 0, 0, 0, 0, 0, 1, 1, 1, 1, 1, 1, 0, 0, 0, 
              0, 0, 0, 0, 0, 0, 0, 0, 0, 0, 0, 0 ],
          eAdj := [ 1, 2, 3, 4, 5, 6, 7, 9, 10, 11, 12, 13, 14, 15, 16, 17, 
              18, 19, 20, 21, 22, 23, 24, 25, 26, 27, 28, 29, 30, 31, 32, 
              33, 34, 35, 37, 38, 39, 40, 41, 42, 43, 44, 45, 46, 47, 48, 
              49, 51, 52, 53, 54, 55, 56, 57, 58, 59, 60, 61, 62, 63, 64, 
              65, 66, 67, 68, 69, 70, 71, 72, 73, 74, 75, 76 ] ), rec(
          DistVect := [ 0, 0, 0, 1, 0, 1, 1, 1, 0, 1, 0, 1, 1, 1, 1, 0, 1, 
              1, 1, 1, 0, 0, 0, 1, 1, 1, 0, 0, 0 ],
          eAdj := [ 1, 2, 3, 4, 5, 6, 7, 8, 9, 10, 11, 13, 14, 15, 16, 17, 
              18, 19, 20, 21, 22, 23, 24, 25, 26, 27, 28, 29, 30, 31, 32, 
              33, 34, 35, 36, 37, 39, 41, 42, 43, 44, 45, 46, 47, 48, 49, 
              50, 51, 52, 53, 54, 55, 56, 57, 58, 59, 60, 61, 62, 63, 64, 
              65, 66, 67, 68, 69, 70, 71, 72, 73, 74, 75, 76 ] ), rec(
          DistVect := [ 0, 1, 1, 1, 0, 1, 1, 1, 0, 0, 1, 0, 0, 0, 0, 1, 0, 
              0, 0, 1, 0, 0, 0, 1, 1, 1, 0, 0, 0 ],
          eAdj := [ 1, 2, 3, 4, 5, 6, 7, 8, 9, 10, 11, 12, 14, 15, 16, 17, 
              18, 19, 20, 21, 22, 23, 24, 25, 26, 27, 28, 29, 30, 31, 32, 
              33, 34, 35, 36, 38, 39, 40, 41, 42, 43, 44, 45, 47, 48, 49, 
              50, 51, 52, 53, 54, 55, 56, 57, 58, 59, 60, 61, 62, 63, 64, 
              65, 66, 67, 68, 69, 70, 71, 72, 73, 74, 75, 76 ] ), rec(
          DistVect := [ 0, 1, 1, 0, 0, 0, 0, 0, 0, 1, 1, 1, 1, 1, 1, 1, 1, 
              1, 1, 0, 0, 0, 0, 0, 0, 0, 0, 0, 0 ],
          eAdj := [ 1, 2, 3, 5, 6, 8, 9, 10, 11, 12, 13, 14, 15, 16, 17, 18, 
              19, 20, 21, 22, 23, 24, 25, 26, 27, 28, 29, 30, 31, 32, 33, 
              34, 35, 36, 37, 38, 39, 40, 41, 42, 43, 44, 45, 46, 47, 48, 
              49, 50, 51, 52, 53, 54, 55, 56, 57, 58, 59, 60, 61, 62, 63, 
              64, 65, 66, 67, 68, 69, 70, 71, 72, 73, 74, 75, 76 ] ), rec(
          DistVect := [ 0, 0, 0, 0, 0, 1, 0, 1, 0, 0, 0, 1, 0, 1, 0, 0, 1, 
              0, 1, 0, 1, 0, 1, 1, 0, 1, 1, 0, 1 ],
          eAdj := [ 1, 2, 3, 4, 6, 7, 8, 9, 10, 11, 12, 13, 14, 15, 16, 17, 
              18, 19, 21, 22, 23, 24, 25, 26, 27, 28, 29, 30, 31, 32, 33, 
              34, 35, 36, 37, 38, 39, 40, 41, 42, 43, 44, 45, 46, 47, 48, 
              49, 50, 51, 52, 53, 54, 55, 56, 57, 58, 59, 60, 61, 62, 63, 
              64, 65, 66, 67, 68, 69, 70, 71, 72, 73, 74, 75, 76 ] ), rec(
          DistVect := [ 0, 1, 0, 1, 0, 0, 1, 0, 1, 0, 1, 1, 0, 1, 1, 0, 0, 
              1, 0, 1, 1, 0, 1, 0, 1, 0, 1, 0, 1 ],
          eAdj := [ 2, 3, 4, 5, 6, 7, 8, 9, 10, 11, 12, 13, 14, 15, 16, 17, 
              18, 20, 21, 22, 23, 24, 25, 26, 27, 28, 29, 30, 31, 32, 33, 
              34, 35, 36, 37, 38, 39, 40, 41, 42, 43, 44, 45, 46, 47, 48, 
              49, 50, 51, 52, 53, 54, 55, 56, 57, 58, 59, 60, 61, 62, 63, 
              64, 65, 66, 67, 68, 69, 70, 71, 72, 73, 74, 75, 76 ] ), rec(
          DistVect := [ 0, 5, 4, 4, 4, 8, 8, 7, 5, 5, 7, 5, 5, 8, 8, 8, 4, 
              8, 3, 4, 8, 4, 7, 8, 4, 9, 4, 3, 7 ],
          eAdj := [ 1, 3, 4, 6, 7, 13, 14, 18, 20, 21, 24, 29, 31, 34, 35, 
              38, 41, 50, 51, 52, 53, 54, 55, 66, 69, 70 ] ), rec(
          DistVect := [ 0, 7, 5, 4, 5, 8, 7, 5, 4, 7, 8, 5, 8, 8, 9, 8, 3, 
              8, 4, 5, 8, 3, 5, 7, 4, 8, 5, 3, 4 ],
          eAdj := [ 3, 5, 6, 7, 13, 14, 16, 19, 20, 26, 29, 31, 32, 34, 38, 
              41, 45, 47, 50, 52, 54, 55, 57, 62, 66, 71 ] ), rec(
          DistVect := [ 0, 7, 4, 4, 4, 8, 8, 5, 5, 7, 9, 5, 7, 8, 8, 8, 4, 
              8, 3, 4, 8, 4, 5, 8, 4, 7, 4, 3, 5 ],
          eAdj := [ 1, 3, 5, 6, 7, 13, 14, 16, 18, 20, 24, 26, 29, 31, 34, 
              35, 38, 41, 50, 51, 52, 54, 55, 66, 69, 70 ] ), rec(
          DistVect := [ 0, 5, 4, 4, 4, 8, 8, 7, 5, 5, 7, 5, 7, 8, 8, 8, 4, 
              8, 3, 4, 8, 4, 7, 8, 4, 9, 4, 3, 5 ],
          eAdj := [ 1, 3, 4, 5, 6, 7, 13, 14, 18, 19, 20, 24, 29, 31, 34, 
              35, 38, 41, 45, 50, 51, 52, 54, 55, 66, 70 ] ), rec(
          DistVect := [ 0, 4, 3, 4, 5, 8, 8, 7, 5, 4, 7, 8, 8, 9, 7, 8, 7, 
              7, 4, 5, 8, 4, 7, 5, 5, 8, 4, 3, 3 ],
          eAdj := [ 3, 4, 5, 6, 9, 13, 14, 18, 19, 22, 25, 27, 31, 32, 38, 
              41, 45, 46, 47, 50, 51, 54, 62, 66, 68, 70 ] ), rec(
          DistVect := [ 0, 4, 3, 4, 5, 8, 8, 7, 5, 4, 7, 8, 8, 9, 7, 8, 7, 
              9, 4, 5, 8, 4, 7, 5, 3, 8, 4, 3, 5 ],
          eAdj := [ 3, 4, 5, 6, 9, 13, 14, 18, 19, 22, 24, 25, 31, 38, 41, 
              45, 46, 47, 50, 51, 52, 54, 55, 66, 68, 70 ] ), rec(
          DistVect := [ 0, 5, 3, 4, 7, 8, 7, 5, 4, 5, 8, 7, 8, 8, 7, 8, 5, 
              8, 4, 7, 8, 3, 5, 5, 4, 8, 5, 3, 4 ],
          eAdj := [ 3, 5, 6, 7, 9, 13, 14, 16, 19, 25, 26, 31, 32, 38, 41, 
              45, 47, 50, 52, 54, 55, 57, 62, 66, 68, 71 ] ), rec(
          DistVect := [ 0, 4, 4, 4, 7, 5, 8, 8, 4, 4, 9, 7, 8, 8, 8, 7, 5, 
              8, 4, 7, 5, 4, 8, 8, 3, 5, 5, 3, 4 ],
          eAdj := [ 1, 4, 5, 6, 8, 9, 13, 14, 15, 17, 27, 30, 31, 32, 35, 
              39, 40, 41, 42, 43, 44, 49, 52, 56, 58, 69 ] ), rec(
          DistVect := [ 0, 4, 4, 4, 5, 7, 8, 8, 4, 4, 7, 9, 8, 8, 8, 5, 7, 
              8, 4, 5, 7, 4, 8, 8, 3, 5, 5, 3, 4 ],
          eAdj := [ 1, 4, 5, 6, 8, 9, 13, 14, 15, 22, 24, 27, 31, 32, 35, 
              39, 40, 42, 43, 44, 46, 49, 52, 56, 58, 69 ] ), rec(
          DistVect := [ 0, 4, 4, 4, 7, 5, 8, 8, 4, 4, 7, 9, 8, 8, 8, 7, 5, 
              8, 4, 5, 7, 4, 8, 8, 3, 5, 5, 3, 4 ],
          eAdj := [ 1, 4, 5, 6, 8, 9, 10, 13, 14, 15, 27, 30, 31, 32, 35, 
              39, 40, 42, 43, 44, 46, 49, 56, 58, 63, 69 ] ), rec(
          DistVect := [ 0, 4, 4, 5, 4, 7, 8, 8, 4, 7, 8, 5, 8, 8, 7, 8, 5, 
              8, 4, 5, 8, 3, 5, 7, 4, 8, 5, 3, 4 ],
          eAdj := [ 3, 4, 5, 6, 11, 14, 16, 18, 19, 24, 29, 35, 38, 41, 46, 
              50, 51, 52, 53, 54, 55, 59, 66, 68, 69, 70 ] ), rec(
          DistVect := [ 0, 4, 4, 7, 4, 5, 8, 8, 4, 7, 8, 5, 8, 8, 9, 8, 3, 
              8, 4, 5, 8, 3, 5, 7, 4, 8, 5, 3, 4 ],
          eAdj := [ 3, 4, 5, 6, 11, 16, 18, 19, 20, 24, 29, 30, 34, 35, 38, 
              41, 46, 50, 51, 52, 53, 55, 59, 66, 69, 70 ] ), rec(
          DistVect := [ 0, 4, 4, 7, 4, 5, 8, 8, 4, 5, 8, 7, 8, 8, 7, 8, 5, 
              8, 4, 7, 8, 5, 5, 5, 4, 8, 3, 3, 4 ],
          eAdj := [ 3, 4, 5, 6, 11, 16, 18, 19, 20, 24, 25, 30, 35, 38, 39, 
              46, 50, 51, 52, 53, 55, 59, 66, 69, 70, 73 ] ), rec(
          DistVect := [ 0, 4, 4, 5, 4, 7, 8, 8, 4, 5, 8, 7, 8, 8, 5, 8, 7, 
              8, 4, 7, 8, 5, 5, 5, 4, 8, 3, 3, 4 ],
          eAdj := [ 3, 4, 5, 6, 11, 16, 18, 19, 22, 24, 25, 35, 38, 46, 50, 
              51, 52, 53, 54, 55, 59, 66, 68, 69, 70, 73 ] ), rec(
          DistVect := [ 0, 4, 5, 7, 5, 5, 7, 8, 5, 7, 9, 5, 7, 8, 8, 8, 4, 
              8, 3, 4, 8, 4, 5, 8, 4, 7, 4, 3, 5 ],
          eAdj := [ 1, 3, 4, 5, 6, 11, 16, 20, 29, 30, 34, 38, 39, 42, 46, 
              50, 52, 53, 55, 58, 59, 61, 66, 69, 73, 75 ] ), rec(
          DistVect := [ 0, 4, 4, 5, 4, 7, 8, 8, 4, 7, 8, 5, 8, 8, 7, 8, 5, 
              8, 4, 5, 8, 5, 5, 7, 4, 8, 3, 3, 4 ],
          eAdj := [ 1, 3, 4, 5, 6, 11, 16, 18, 19, 20, 24, 29, 35, 38, 46, 
              50, 51, 52, 53, 54, 55, 59, 66, 69, 70, 73 ] ), rec(
          DistVect := [ 0, 5, 4, 4, 4, 8, 8, 7, 3, 7, 9, 5, 7, 8, 8, 8, 4, 
              8, 5, 4, 8, 4, 5, 8, 4, 7, 4, 3, 5 ],
          eAdj := [ 1, 3, 6, 7, 11, 13, 14, 16, 18, 20, 24, 29, 31, 34, 35, 
              38, 41, 43, 50, 51, 52, 53, 54, 55, 69, 70 ] ), rec(
          DistVect := [ 0, 5, 4, 4, 4, 8, 8, 7, 3, 7, 9, 5, 9, 8, 8, 8, 4, 
              8, 5, 4, 8, 4, 5, 8, 4, 7, 4, 3, 3 ],
          eAdj := [ 1, 3, 5, 6, 7, 11, 13, 14, 16, 18, 19, 20, 24, 29, 31, 
              32, 34, 35, 38, 41, 50, 51, 52, 54, 55, 70 ] ), rec(
          DistVect := [ 0, 4, 3, 5, 4, 8, 8, 7, 3, 5, 8, 8, 8, 7, 8, 5, 7, 
              7, 4, 7, 5, 5, 8, 8, 4, 5, 4, 3, 3 ],
          eAdj := [ 1, 4, 5, 6, 8, 11, 13, 15, 17, 22, 24, 27, 32, 33, 39, 
              40, 41, 42, 43, 44, 45, 48, 49, 52, 56, 72 ] ), rec(
          DistVect := [ 0, 3, 4, 4, 4, 8, 8, 9, 3, 5, 7, 5, 7, 8, 8, 8, 4, 
              8, 5, 4, 8, 4, 7, 8, 4, 9, 4, 3, 5 ],
          eAdj := [ 1, 3, 4, 6, 7, 8, 11, 13, 14, 18, 19, 20, 24, 29, 31, 
              34, 35, 38, 41, 50, 51, 52, 53, 54, 55, 70 ] ), rec(
          DistVect := [ 0, 4, 3, 4, 5, 8, 8, 7, 3, 4, 9, 8, 8, 7, 5, 8, 7, 
              7, 4, 7, 8, 4, 5, 5, 5, 8, 4, 3, 3 ],
          eAdj := [ 3, 4, 5, 6, 9, 11, 14, 16, 18, 19, 22, 25, 31, 32, 38, 
              41, 45, 46, 47, 50, 51, 52, 54, 66, 68, 70 ] ), rec(
          DistVect := [ 0, 4, 4, 7, 4, 5, 8, 8, 4, 5, 8, 7, 8, 8, 7, 8, 5, 
              8, 4, 7, 8, 3, 5, 5, 4, 8, 5, 3, 4 ],
          eAdj := [ 3, 4, 5, 6, 9, 11, 16, 18, 19, 24, 25, 30, 35, 38, 41, 
              46, 50, 51, 52, 53, 55, 59, 66, 68, 69, 70 ] ), rec(
          DistVect := [ 0, 4, 4, 4, 5, 7, 8, 8, 4, 4, 9, 7, 8, 8, 8, 5, 7, 
              8, 4, 7, 5, 4, 8, 8, 5, 5, 3, 3, 4 ],
          eAdj := [ 1, 4, 5, 6, 8, 9, 11, 13, 14, 15, 17, 22, 27, 31, 32, 
              35, 39, 40, 42, 43, 44, 52, 56, 58, 69, 70 ] ), rec(
          DistVect := [ 0, 5, 3, 7, 4, 8, 7, 5, 4, 4, 9, 7, 8, 8, 8, 7, 5, 
              8, 4, 7, 5, 4, 8, 8, 3, 5, 5, 3, 4 ],
          eAdj := [ 1, 5, 6, 7, 8, 9, 11, 15, 17, 18, 24, 26, 27, 33, 37, 
              40, 41, 43, 45, 48, 49, 51, 52, 56, 71, 72 ] ), rec(
          DistVect := [ 0, 5, 3, 7, 4, 8, 9, 5, 4, 4, 9, 7, 8, 8, 8, 7, 5, 
              8, 4, 7, 5, 4, 8, 8, 5, 5, 3, 3, 4 ],
          eAdj := [ 1, 5, 6, 7, 8, 9, 11, 15, 17, 18, 20, 24, 26, 27, 32, 
              33, 37, 39, 40, 41, 43, 45, 48, 51, 56, 72 ] ), rec(
          DistVect := [ 0, 3, 3, 5, 4, 5, 7, 8, 4, 4, 7, 8, 8, 9, 8, 7, 4, 
              8, 5, 5, 8, 4, 7, 5, 3, 8, 4, 3, 5 ],
          eAdj := [ 3, 4, 6, 8, 9, 10, 11, 13, 18, 19, 20, 24, 25, 30, 31, 
              34, 35, 38, 39, 41, 46, 51, 52, 53, 55, 70 ] ), rec(
          DistVect := [ 0, 7, 4, 4, 4, 8, 8, 5, 5, 5, 9, 5, 7, 8, 8, 8, 4, 
              8, 3, 4, 8, 4, 7, 8, 4, 7, 4, 3, 5 ],
          eAdj := [ 1, 3, 5, 6, 7, 12, 13, 14, 18, 20, 24, 26, 29, 31, 32, 
              34, 35, 38, 41, 45, 50, 51, 52, 54, 55, 70 ] ), rec(
          DistVect := [ 0, 5, 4, 4, 4, 8, 8, 7, 5, 3, 7, 5, 5, 8, 8, 8, 4, 
              8, 3, 4, 8, 4, 9, 8, 4, 9, 4, 3, 7 ],
          eAdj := [ 1, 3, 4, 6, 7, 8, 12, 13, 14, 18, 20, 21, 24, 29, 31, 
              34, 35, 38, 41, 45, 50, 51, 52, 54, 55, 70 ] ), rec(
          DistVect := [ 0, 4, 4, 7, 7, 5, 8, 8, 4, 5, 9, 7, 8, 8, 7, 7, 5, 
              8, 4, 4, 8, 3, 5, 8, 3, 5, 5, 3, 4 ],
          eAdj := [ 1, 3, 4, 5, 6, 9, 12, 15, 16, 30, 34, 39, 42, 43, 44, 
              46, 50, 52, 53, 55, 58, 59, 61, 69, 70, 75 ] ), rec(
          DistVect := [ 0, 7, 5, 5, 5, 8, 7, 5, 4, 4, 8, 5, 8, 8, 8, 8, 3, 
              8, 4, 4, 7, 4, 8, 7, 4, 8, 5, 3, 4 ],
          eAdj := [ 5, 6, 7, 8, 9, 12, 19, 20, 26, 27, 29, 32, 33, 34, 37, 
              38, 45, 47, 48, 52, 54, 57, 60, 62, 71, 72 ] ), rec(
          DistVect := [ 0, 5, 3, 7, 7, 8, 7, 5, 4, 4, 8, 7, 8, 8, 8, 8, 5, 
              8, 4, 4, 5, 4, 8, 5, 4, 8, 5, 3, 4 ],
          eAdj := [ 5, 6, 7, 8, 9, 12, 17, 19, 25, 26, 27, 33, 34, 37, 47, 
              48, 49, 52, 54, 57, 60, 62, 68, 71, 72, 74 ] ), rec(
          DistVect := [ 0, 5, 4, 4, 4, 8, 7, 7, 5, 3, 7, 5, 8, 8, 8, 8, 4, 
              7, 3, 4, 8, 5, 9, 8, 5, 9, 7, 3, 4 ],
          eAdj := [ 2, 4, 5, 6, 7, 8, 9, 12, 13, 18, 19, 27, 29, 31, 32, 34, 
              38, 45, 47, 48, 50, 54, 60, 62, 68, 71 ] ), rec(
          DistVect := [ 0, 5, 5, 3, 5, 5, 8, 8, 4, 4, 8, 8, 7, 7, 8, 8, 4, 
              7, 3, 4, 8, 5, 9, 8, 3, 7, 7, 3, 4 ],
          eAdj := [ 2, 4, 5, 6, 8, 10, 12, 13, 14, 19, 24, 27, 30, 31, 32, 
              35, 39, 40, 41, 42, 44, 45, 46, 49, 52, 56 ] ), rec(
          DistVect := [ 0, 3, 3, 5, 7, 5, 7, 8, 4, 4, 8, 8, 8, 9, 8, 8, 4, 
              8, 5, 4, 8, 4, 7, 8, 4, 5, 4, 3, 5 ],
          eAdj := [ 1, 3, 4, 6, 8, 9, 10, 12, 13, 15, 20, 30, 31, 39, 42, 
              43, 44, 46, 53, 55, 56, 58, 61, 63, 69, 70 ] ), rec(
          DistVect := [ 0, 5, 5, 5, 5, 5, 5, 8, 4, 4, 8, 8, 8, 7, 8, 8, 4, 
              8, 3, 4, 8, 4, 7, 8, 4, 7, 4, 3, 7 ],
          eAdj := [ 1, 3, 4, 6, 8, 9, 10, 12, 20, 21, 30, 31, 34, 42, 43, 
              44, 46, 53, 55, 56, 58, 61, 63, 69, 70, 75 ] ), rec(
          DistVect := [ 0, 5, 5, 3, 5, 5, 5, 8, 4, 4, 8, 8, 8, 7, 8, 8, 4, 
              8, 3, 4, 8, 4, 9, 8, 4, 7, 4, 3, 7 ],
          eAdj := [ 1, 3, 4, 6, 8, 9, 10, 12, 13, 20, 21, 30, 31, 35, 40, 
              42, 43, 44, 46, 53, 56, 58, 61, 63, 69, 70 ] ), rec(
          DistVect := [ 0, 5, 5, 5, 5, 5, 8, 8, 4, 4, 8, 8, 7, 7, 8, 8, 4, 
              7, 3, 4, 8, 3, 7, 8, 3, 7, 7, 3, 4 ],
          eAdj := [ 2, 4, 5, 6, 8, 9, 10, 12, 14, 19, 24, 27, 30, 31, 32, 
              34, 35, 39, 41, 42, 44, 46, 49, 52, 56, 69 ] ), rec(
          DistVect := [ 0, 5, 5, 5, 5, 5, 7, 8, 4, 4, 8, 8, 8, 7, 8, 8, 4, 
              8, 3, 4, 8, 4, 7, 8, 4, 7, 4, 3, 5 ],
          eAdj := [ 1, 3, 4, 5, 6, 8, 9, 10, 12, 20, 30, 31, 34, 35, 39, 42, 
              43, 44, 46, 53, 56, 58, 61, 63, 69, 70 ] ), rec(
          DistVect := [ 0, 4, 5, 5, 5, 5, 5, 8, 5, 5, 9, 5, 5, 8, 8, 8, 4, 
              8, 3, 4, 8, 4, 7, 8, 4, 7, 4, 3, 7 ],
          eAdj := [ 1, 3, 4, 6, 11, 12, 20, 21, 29, 30, 34, 38, 39, 42, 43, 
              46, 50, 52, 53, 55, 58, 59, 61, 69, 73, 75 ] ), rec(
          DistVect := [ 0, 4, 5, 5, 5, 5, 7, 8, 5, 5, 9, 5, 7, 8, 8, 8, 4, 
              8, 3, 4, 8, 4, 7, 8, 4, 7, 4, 3, 5 ],
          eAdj := [ 1, 3, 4, 5, 6, 11, 12, 20, 29, 30, 34, 35, 38, 39, 42, 
              46, 50, 52, 53, 55, 58, 59, 61, 69, 70, 73 ] ), rec(
          DistVect := [ 0, 5, 3, 4, 4, 8, 9, 5, 4, 5, 9, 7, 8, 8, 7, 7, 5, 
              8, 4, 4, 8, 5, 5, 8, 5, 5, 3, 3, 4 ],
          eAdj := [ 1, 3, 5, 6, 7, 11, 12, 13, 14, 15, 16, 18, 20, 24, 26, 
              31, 32, 34, 35, 39, 43, 50, 51, 55, 69, 70 ] ), rec(
          DistVect := [ 0, 5, 4, 4, 4, 8, 8, 7, 5, 5, 9, 5, 7, 8, 8, 8, 4, 
              8, 3, 4, 8, 4, 7, 8, 4, 7, 4, 3, 5 ],
          eAdj := [ 1, 3, 4, 5, 6, 7, 11, 12, 13, 14, 18, 20, 24, 29, 31, 
              34, 35, 38, 41, 50, 51, 52, 54, 55, 69, 70 ] ), rec(
          DistVect := [ 0, 4, 4, 4, 4, 5, 5, 8, 4, 4, 8, 5, 5, 8, 8, 8, 3, 
              7, 4, 4, 7, 3, 8, 7, 3, 8, 4, 3, 7 ],
          eAdj := [ 1, 3, 4, 6, 8, 11, 12, 13, 18, 20, 21, 29, 30, 31, 34, 
              35, 38, 39, 41, 43, 52, 53, 55, 58, 69, 70 ] ), rec(
          DistVect := [ 0, 4, 4, 4, 4, 7, 7, 8, 4, 4, 8, 7, 7, 8, 8, 8, 5, 
              9, 4, 4, 9, 5, 8, 7, 3, 8, 4, 3, 7 ],
          eAdj := [ 1, 3, 4, 6, 8, 11, 12, 13, 18, 20, 21, 24, 31, 34, 35, 
              38, 39, 43, 46, 50, 52, 53, 55, 58, 69, 70 ] ), rec(
          DistVect := [ 0, 4, 3, 5, 5, 8, 8, 7, 3, 5, 9, 8, 8, 7, 8, 8, 7, 
              7, 4, 4, 5, 5, 8, 5, 5, 8, 4, 3, 3 ],
          eAdj := [ 4, 5, 6, 8, 11, 12, 13, 17, 18, 19, 22, 25, 27, 32, 33, 
              34, 47, 48, 49, 51, 52, 54, 60, 68, 71, 72 ] ), rec(
          DistVect := [ 0, 5, 4, 4, 4, 8, 8, 7, 3, 5, 9, 5, 7, 8, 8, 8, 4, 
              8, 5, 4, 8, 4, 7, 8, 4, 7, 4, 3, 5 ],
          eAdj := [ 1, 3, 6, 7, 8, 11, 12, 13, 14, 18, 20, 24, 29, 31, 32, 
              34, 35, 38, 41, 43, 50, 51, 52, 54, 55, 70 ] ), rec(
          DistVect := [ 0, 4, 4, 4, 4, 7, 7, 8, 4, 4, 8, 5, 5, 8, 8, 8, 3, 
              7, 4, 4, 9, 5, 8, 9, 5, 8, 4, 3, 7 ],
          eAdj := [ 1, 3, 4, 6, 7, 8, 11, 12, 13, 18, 20, 21, 29, 31, 34, 
              35, 38, 39, 43, 50, 53, 55, 58, 61, 69, 70 ] ), rec(
          DistVect := [ 0, 4, 4, 4, 4, 7, 7, 8, 4, 4, 8, 5, 5, 8, 8, 8, 3, 
              7, 4, 4, 7, 3, 8, 9, 5, 8, 4, 3, 7 ],
          eAdj := [ 1, 3, 4, 6, 7, 8, 11, 12, 13, 14, 18, 20, 21, 29, 31, 
              34, 35, 39, 41, 43, 53, 55, 56, 58, 69, 70 ] ), rec(
          DistVect := [ 0, 4, 3, 4, 4, 8, 8, 7, 5, 4, 8, 8, 8, 9, 7, 5, 7, 
              9, 4, 4, 8, 4, 7, 8, 4, 5, 4, 3, 5 ],
          eAdj := [ 1, 3, 4, 5, 6, 9, 11, 12, 13, 14, 15, 22, 24, 31, 34, 
              35, 39, 42, 43, 46, 50, 52, 55, 58, 69, 70 ] ), rec(
          DistVect := [ 0, 5, 3, 4, 4, 8, 7, 5, 4, 5, 9, 7, 8, 8, 7, 7, 5, 
              8, 4, 4, 8, 3, 5, 8, 3, 5, 5, 3, 4 ],
          eAdj := [ 1, 3, 5, 6, 7, 9, 11, 12, 13, 14, 15, 16, 18, 24, 26, 
              31, 32, 34, 35, 41, 43, 50, 51, 52, 55, 69 ] ), rec(
          DistVect := [ 0, 4, 4, 4, 4, 7, 7, 8, 4, 4, 8, 7, 7, 8, 8, 8, 5, 
              9, 4, 4, 7, 3, 8, 7, 3, 8, 4, 3, 7 ],
          eAdj := [ 1, 3, 4, 6, 8, 9, 11, 12, 13, 14, 18, 20, 21, 24, 31, 
              34, 35, 39, 41, 43, 52, 53, 55, 58, 69, 70 ] ), rec(
          DistVect := [ 0, 4, 4, 4, 4, 7, 8, 8, 4, 4, 8, 5, 8, 8, 8, 8, 5, 
              8, 4, 4, 7, 4, 8, 7, 4, 8, 5, 3, 4 ],
          eAdj := [ 4, 5, 6, 8, 9, 11, 12, 13, 14, 18, 19, 24, 27, 29, 31, 
              32, 34, 38, 41, 45, 50, 51, 52, 54, 68, 70 ] ), rec(
          DistVect := [ 0, 4, 4, 4, 4, 7, 8, 8, 4, 4, 8, 5, 8, 8, 8, 8, 5, 
              8, 4, 4, 5, 4, 8, 7, 4, 8, 5, 3, 4 ],
          eAdj := [ 4, 5, 6, 8, 9, 11, 12, 13, 14, 17, 18, 19, 24, 27, 29, 
              31, 32, 34, 41, 45, 48, 51, 52, 54, 68, 71 ] ), rec(
          DistVect := [ 0, 4, 4, 4, 4, 5, 8, 8, 4, 4, 8, 5, 8, 8, 8, 8, 3, 
              8, 4, 4, 7, 4, 8, 7, 4, 8, 5, 3, 4 ],
          eAdj := [ 4, 5, 6, 8, 9, 11, 12, 13, 14, 18, 19, 20, 24, 27, 29, 
              30, 31, 32, 34, 35, 38, 41, 45, 51, 52, 70 ] ), rec(
          DistVect := [ 0, 4, 4, 4, 4, 5, 8, 8, 4, 4, 8, 5, 8, 8, 8, 8, 3, 
              8, 4, 4, 5, 4, 8, 7, 4, 8, 5, 3, 4 ],
          eAdj := [ 4, 5, 6, 8, 9, 11, 12, 13, 14, 17, 18, 19, 20, 24, 27, 
              29, 30, 31, 32, 34, 41, 45, 51, 52, 56, 71 ] ), rec(
          DistVect := [ 0, 4, 4, 4, 4, 9, 8, 8, 4, 4, 8, 7, 8, 8, 8, 8, 7, 
              8, 4, 4, 7, 4, 8, 7, 4, 8, 5, 3, 4 ],
          eAdj := [ 4, 5, 6, 8, 9, 11, 12, 13, 14, 18, 19, 22, 24, 27, 31, 
              32, 34, 41, 45, 47, 48, 50, 51, 52, 54, 68 ] ), rec(
          DistVect := [ 0, 4, 4, 4, 4, 5, 8, 8, 4, 4, 8, 7, 8, 8, 8, 8, 5, 
              8, 4, 4, 5, 4, 8, 5, 4, 8, 5, 3, 4 ],
          eAdj := [ 4, 5, 6, 8, 9, 11, 12, 13, 14, 17, 18, 19, 24, 25, 27, 
              30, 31, 32, 34, 41, 45, 49, 51, 52, 68, 71 ] ), rec(
          DistVect := [ 0, 4, 4, 4, 4, 7, 8, 8, 4, 4, 8, 9, 8, 8, 8, 8, 7, 
              8, 4, 4, 7, 4, 8, 5, 4, 8, 5, 3, 4 ],
          eAdj := [ 4, 5, 6, 8, 9, 11, 12, 13, 14, 18, 19, 22, 24, 25, 27, 
              31, 32, 34, 41, 45, 46, 47, 49, 51, 52, 68 ] ), rec(
          DistVect := [ 0, 4, 4, 4, 4, 7, 8, 8, 4, 4, 8, 7, 8, 8, 8, 8, 7, 
              8, 4, 4, 5, 4, 8, 5, 4, 8, 3, 3, 4 ],
          eAdj := [ 4, 5, 6, 8, 9, 11, 12, 13, 14, 17, 18, 19, 22, 24, 25, 
              27, 31, 32, 34, 41, 45, 51, 52, 54, 68, 70 ] ), rec(
          DistVect := [ 0, 4, 4, 4, 4, 7, 8, 8, 4, 4, 8, 5, 8, 8, 8, 8, 5, 
              8, 4, 4, 5, 4, 8, 7, 4, 8, 3, 3, 4 ],
          eAdj := [ 1, 4, 5, 6, 8, 9, 11, 12, 13, 14, 17, 18, 19, 20, 24, 
              27, 29, 31, 32, 34, 41, 45, 51, 52, 54, 70 ] ), rec(
          DistVect := [ 0, 4, 4, 4, 4, 7, 8, 8, 4, 4, 8, 7, 8, 8, 8, 8, 5, 
              8, 4, 4, 7, 4, 8, 7, 4, 8, 7, 3, 4 ],
          eAdj := [ 2, 4, 5, 6, 8, 9, 11, 12, 13, 14, 18, 19, 24, 27, 31, 
              32, 34, 41, 45, 47, 48, 49, 51, 52, 68, 71 ] ), rec(
          DistVect := [ 0, 4, 4, 4, 4, 7, 8, 8, 4, 4, 8, 7, 8, 8, 8, 8, 5, 
              8, 4, 4, 9, 4, 8, 7, 4, 8, 5, 3, 4 ],
          eAdj := [ 3, 4, 5, 6, 8, 9, 11, 12, 13, 14, 18, 19, 24, 27, 31, 
              32, 34, 35, 38, 41, 45, 46, 50, 51, 52, 70 ] ), rec(
          DistVect := [ 0, 4, 4, 4, 4, 7, 8, 8, 4, 4, 8, 7, 8, 8, 8, 8, 5, 
              8, 4, 4, 7, 4, 8, 5, 4, 8, 3, 3, 4 ],
          eAdj := [ 3, 4, 5, 6, 8, 9, 11, 12, 13, 14, 18, 19, 20, 24, 25, 
              27, 31, 32, 34, 38, 41, 45, 51, 52, 54, 70 ] ), rec(
          DistVect := [ 0, 4, 4, 4, 4, 7, 8, 8, 4, 4, 8, 9, 8, 8, 8, 8, 7, 
              8, 4, 4, 7, 4, 8, 5, 4, 8, 3, 3, 4 ],
          eAdj := [ 3, 4, 5, 6, 8, 9, 11, 12, 13, 14, 18, 19, 22, 24, 25, 
              27, 31, 32, 34, 39, 41, 45, 46, 51, 52, 70 ] ), rec(
          DistVect := [ 0, 4, 4, 4, 4, 7, 8, 8, 4, 4, 8, 7, 8, 8, 8, 8, 5, 
              8, 4, 4, 7, 4, 8, 7, 4, 8, 3, 3, 4 ],
          eAdj := [ 1, 3, 4, 5, 6, 8, 9, 11, 12, 13, 14, 18, 19, 20, 24, 27, 
              31, 32, 34, 35, 39, 41, 45, 51, 52, 70 ] ), rec(
          DistVect := [ 0, 4, 5, 4, 4, 8, 8, 9, 3, 4, 8, 8, 8, 7, 7, 7, 7, 
              7, 4, 4, 8, 4, 7, 8, 4, 7, 4, 3, 3 ],
          eAdj := [ 1, 3, 4, 5, 6, 8, 9, 11, 12, 14, 19, 22, 24, 27, 31, 32, 
              34, 35, 39, 42, 44, 46, 50, 52, 69, 70 ] ), rec(
          DistVect := [ 0, 4, 4, 4, 4, 9, 8, 8, 4, 4, 8, 7, 8, 8, 8, 8, 7, 
              8, 4, 4, 7, 4, 8, 7, 4, 8, 3, 3, 4 ],
          eAdj := [ 1, 3, 4, 5, 6, 8, 9, 11, 12, 13, 14, 18, 19, 22, 24, 27, 
              31, 32, 34, 41, 45, 50, 51, 52, 54, 70 ] ), rec(
          DistVect := [ 0, 5, 4, 5, 4, 8, 8, 7, 3, 4, 9, 5, 7, 8, 7, 8, 4, 
              8, 5, 5, 5, 3, 8, 8, 4, 7, 4, 3, 5 ],
          eAdj := [ 1, 6, 7, 8, 9, 11, 12, 14, 17, 18, 20, 24, 27, 29, 32, 
              33, 37, 41, 43, 45, 48, 51, 52, 54, 56, 71 ] ), rec(
          DistVect := [ 0, 5, 4, 5, 4, 8, 8, 7, 3, 4, 9, 5, 9, 8, 7, 8, 4, 
              8, 5, 5, 5, 5, 8, 8, 4, 7, 4, 3, 3 ],
          eAdj := [ 1, 5, 6, 7, 8, 9, 11, 12, 17, 18, 19, 20, 24, 27, 29, 
              32, 33, 37, 45, 48, 51, 52, 54, 56, 71, 72 ] ), rec(
          DistVect := [ 0, 4, 4, 4, 4, 9, 8, 8, 4, 4, 8, 5, 8, 8, 8, 8, 5, 
              8, 4, 4, 7, 4, 8, 9, 4, 8, 5, 3, 4 ],
          eAdj := [ 1, 4, 5, 6, 7, 8, 9, 11, 12, 13, 14, 18, 19, 24, 27, 29, 
              31, 32, 34, 41, 45, 48, 50, 51, 52, 54 ] ), rec(
          DistVect := [ 0, 4, 4, 4, 4, 7, 8, 8, 4, 4, 8, 5, 8, 8, 8, 8, 3, 
              8, 4, 4, 7, 4, 8, 9, 4, 8, 5, 3, 4 ],
          eAdj := [ 1, 4, 5, 6, 7, 8, 9, 11, 12, 13, 14, 18, 19, 20, 24, 27, 
              29, 31, 32, 34, 35, 41, 45, 51, 52, 56 ] ), rec(
          DistVect := [ 0, 4, 4, 4, 4, 7, 8, 8, 4, 4, 8, 5, 8, 8, 8, 8, 3, 
              8, 4, 4, 9, 4, 8, 9, 4, 8, 7, 3, 4 ],
          eAdj := [ 2, 4, 5, 6, 7, 8, 9, 11, 12, 13, 14, 18, 19, 24, 27, 29, 
              31, 32, 34, 35, 38, 41, 45, 50, 51, 52 ] ), rec(
          DistVect := [ 0, 4, 4, 4, 4, 9, 8, 8, 4, 4, 8, 7, 8, 8, 8, 8, 5, 
              8, 4, 4, 9, 4, 8, 7, 4, 8, 5, 3, 4 ],
          eAdj := [ 3, 4, 5, 6, 7, 8, 9, 11, 12, 13, 14, 18, 19, 24, 27, 31, 
              32, 34, 38, 41, 45, 47, 50, 51, 52, 54 ] ), rec(
          DistVect := [ 0, 4, 4, 4, 4, 5, 5, 8, 4, 4, 8, 7, 7, 8, 8, 8, 3, 
              7, 4, 4, 9, 5, 8, 7, 3, 8, 4, 3, 7 ],
          eAdj := [ 1, 3, 4, 6, 8, 10, 11, 12, 13, 18, 20, 21, 30, 31, 34, 
              35, 38, 39, 43, 46, 53, 55, 58, 61, 69, 70 ] ), rec(
          DistVect := [ 0, 4, 4, 4, 4, 5, 5, 8, 4, 4, 8, 7, 7, 8, 8, 8, 3, 
              7, 4, 4, 7, 3, 8, 7, 3, 8, 4, 3, 7 ],
          eAdj := [ 1, 3, 4, 6, 8, 9, 10, 11, 12, 13, 18, 20, 21, 30, 31, 
              34, 35, 39, 41, 43, 53, 55, 56, 58, 69, 70 ] ), rec(
          DistVect := [ 0, 4, 4, 4, 4, 5, 8, 8, 4, 4, 8, 7, 8, 8, 8, 8, 3, 
              8, 4, 4, 7, 4, 8, 7, 4, 8, 5, 3, 4 ],
          eAdj := [ 4, 5, 6, 8, 9, 10, 11, 12, 13, 14, 18, 19, 20, 24, 27, 
              30, 31, 32, 34, 35, 39, 41, 45, 51, 52, 56 ] ), rec(
          DistVect := [ 0, 4, 4, 4, 4, 5, 8, 8, 4, 4, 8, 9, 8, 8, 8, 8, 5, 
              8, 4, 4, 7, 4, 8, 5, 4, 8, 5, 3, 4 ],
          eAdj := [ 4, 5, 6, 8, 9, 10, 11, 12, 13, 14, 18, 19, 24, 25, 27, 
              30, 31, 32, 34, 39, 41, 45, 46, 49, 51, 52 ] ), rec(
          DistVect := [ 0, 4, 4, 4, 4, 5, 8, 8, 4, 4, 8, 7, 8, 8, 8, 8, 3, 
              8, 4, 4, 7, 4, 8, 7, 4, 8, 7, 3, 4 ],
          eAdj := [ 2, 4, 5, 6, 8, 9, 10, 11, 12, 13, 14, 18, 19, 24, 27, 
              30, 31, 32, 34, 41, 45, 49, 51, 52, 56, 71 ] ), rec(
          DistVect := [ 0, 4, 4, 4, 4, 5, 8, 8, 4, 4, 8, 7, 8, 8, 8, 8, 3, 
              8, 4, 4, 9, 4, 8, 7, 4, 8, 7, 3, 4 ],
          eAdj := [ 2, 4, 5, 6, 8, 9, 10, 11, 12, 13, 14, 18, 19, 24, 27, 
              30, 31, 32, 34, 35, 38, 41, 45, 46, 51, 52 ] ), rec(
          DistVect := [ 0, 4, 4, 4, 4, 7, 8, 8, 4, 4, 8, 7, 8, 8, 8, 8, 3, 
              8, 4, 4, 9, 4, 8, 7, 4, 8, 5, 3, 4 ],
          eAdj := [ 3, 4, 5, 6, 7, 8, 9, 10, 11, 12, 13, 14, 18, 19, 20, 24, 
              27, 31, 32, 34, 35, 38, 41, 45, 51, 52 ] ), rec(
          DistVect := [ 0, 1, 1, 2, 1, 1, 1, 2, 1, 2, 2, 1, 1, 2, 2, 2, 1, 
              2, 1, 1, 2, 1, 1, 2, 1, 2, 1, 1, 2 ],
          eAdj := [ 1, 3, 4, 6, 11, 16, 18, 20, 21, 29, 30, 34, 38, 39, 42, 
              43, 46, 50, 52, 53, 55, 58, 59, 61, 66, 69, 73, 75 ] ), rec(
          DistVect := [ 0, 1, 1, 1, 1, 2, 2, 2, 1, 1, 2, 2, 2, 2, 2, 2, 2, 
              1, 1, 1, 1, 2, 2, 1, 2, 2, 1, 1, 0 ],
          eAdj := [ 2, 4, 5, 6, 8, 11, 12, 13, 17, 18, 19, 22, 25, 27, 31, 
              32, 33, 34, 47, 48, 49, 51, 54, 60, 62, 68, 71, 72 ] ), rec(
          DistVect := [ 0, 2, 1, 1, 1, 2, 2, 1, 1, 2, 2, 1, 1, 2, 2, 2, 1, 
              2, 1, 1, 2, 1, 1, 2, 1, 2, 1, 1, 2 ],
          eAdj := [ 1, 3, 6, 7, 13, 14, 16, 18, 20, 21, 24, 26, 29, 31, 34, 
              35, 38, 41, 43, 50, 51, 52, 53, 54, 55, 57, 66, 69, 70 ] ), 
      rec(
          DistVect := [ 0, 2, 1, 1, 2, 2, 2, 1, 1, 2, 2, 1, 2, 2, 2, 2, 1, 
              2, 1, 2, 2, 1, 1, 1, 1, 2, 1, 1, 1 ],
          eAdj := [ 3, 5, 6, 7, 13, 14, 16, 19, 20, 25, 26, 29, 31, 32, 38, 
              41, 45, 47, 50, 52, 54, 55, 57, 62, 66, 68, 70, 71 ] ), rec(
          DistVect := [ 0, 1, 1, 1, 1, 2, 2, 2, 2, 1, 1, 2, 2, 3, 2, 2, 2, 
              2, 1, 1, 2, 1, 2, 1, 1, 2, 1, 1, 1 ],
          eAdj := [ 3, 4, 5, 6, 9, 13, 14, 18, 19, 22, 24, 25, 27, 29, 31, 
              38, 41, 45, 46, 47, 50, 51, 54, 55, 59, 62, 66, 68, 70 ] ), 
      rec(
          DistVect := [ 0, 1, 1, 1, 1, 2, 2, 2, 1, 2, 2, 1, 2, 2, 1, 2, 2, 
              2, 1, 1, 2, 1, 1, 2, 1, 2, 1, 1, 1 ],
          eAdj := [ 1, 3, 4, 5, 6, 11, 14, 16, 18, 19, 22, 24, 29, 35, 38, 
              42, 46, 50, 51, 52, 53, 54, 55, 59, 66, 68, 69, 70, 73 ] ), 
      rec(
          DistVect := [ 0, 1, 1, 1, 1, 2, 2, 2, 1, 1, 2, 2, 2, 2, 2, 1, 2, 
              1, 1, 2, 1, 2, 2, 2, 1, 1, 1, 1, 0 ],
          eAdj := [ 1, 2, 4, 5, 6, 8, 11, 13, 15, 17, 19, 22, 24, 27, 31, 
              32, 33, 39, 40, 41, 42, 44, 45, 48, 49, 51, 52, 56, 72 ] ), 
      rec(
          DistVect := [ 0, 1, 1, 2, 1, 1, 2, 2, 1, 1, 2, 2, 2, 2, 1, 2, 2, 
              2, 1, 2, 2, 1, 1, 1, 1, 2, 1, 1, 1 ],
          eAdj := [ 3, 4, 5, 6, 9, 11, 16, 18, 19, 22, 24, 25, 30, 35, 38, 
              39, 42, 46, 50, 51, 52, 53, 55, 59, 66, 68, 69, 70, 73 ] ), 
      rec(
          DistVect := [ 0, 1, 1, 1, 1, 2, 2, 2, 1, 1, 2, 2, 2, 2, 1, 2, 2, 
              1, 1, 2, 2, 1, 1, 1, 2, 2, 1, 1, 0 ],
          eAdj := [ 2, 3, 4, 5, 6, 9, 11, 14, 16, 18, 19, 22, 25, 27, 31, 
              32, 38, 41, 45, 46, 47, 50, 51, 54, 59, 62, 66, 68, 70 ] ), 
      rec(
          DistVect := [ 0, 1, 1, 1, 1, 2, 2, 2, 1, 1, 2, 2, 2, 2, 1, 1, 2, 
              2, 1, 1, 2, 2, 1, 2, 2, 1, 0, 1, 1 ],
          eAdj := [ 1, 3, 4, 5, 6, 11, 12, 15, 16, 20, 21, 22, 31, 34, 39, 
              42, 43, 44, 46, 50, 53, 55, 58, 59, 61, 63, 70, 73, 75 ] ), 
      rec(
          DistVect := [ 0, 1, 1, 1, 1, 2, 2, 2, 1, 1, 2, 1, 1, 2, 2, 2, 1, 
              2, 1, 1, 2, 1, 2, 3, 2, 2, 1, 1, 2 ],
          eAdj := [ 1, 3, 4, 6, 7, 8, 11, 12, 13, 14, 15, 18, 20, 21, 29, 
              31, 34, 35, 39, 42, 43, 50, 53, 55, 56, 58, 61, 69, 70 ] ), 
      rec(
          DistVect := [ 0, 1, 1, 1, 1, 2, 2, 2, 1, 1, 2, 2, 2, 2, 2, 2, 2, 
              2, 1, 1, 2, 1, 2, 2, 1, 2, 2, 1, 1 ],
          eAdj := [ 2, 4, 5, 6, 8, 9, 11, 12, 13, 14, 18, 19, 22, 24, 27, 
              31, 32, 34, 41, 42, 45, 46, 47, 48, 49, 50, 51, 52, 68 ] ), 
      rec(
          DistVect := [ 0, 1, 2, 1, 1, 2, 2, 3, 1, 1, 2, 2, 2, 2, 2, 2, 2, 
              2, 1, 1, 2, 1, 2, 2, 1, 2, 1, 1, 1 ],
          eAdj := [ 1, 3, 4, 5, 6, 8, 9, 11, 12, 14, 19, 22, 24, 27, 30, 31, 
              34, 35, 39, 42, 44, 46, 50, 52, 53, 58, 59, 69, 70 ] ), rec(
          DistVect := [ 0, 1, 1, 1, 1, 2, 2, 2, 1, 1, 1, 1, 1, 2, 2, 2, 1, 
              2, 1, 1, 2, 1, 2, 2, 1, 3, 1, 1, 2 ],
          eAdj := [ 1, 3, 4, 6, 7, 8, 13, 14, 18, 19, 20, 21, 24, 25, 29, 
              31, 34, 35, 38, 41, 45, 50, 51, 52, 53, 54, 55, 57, 66, 70 ] ),
      rec(
          DistVect := [ 0, 1, 1, 2, 1, 1, 2, 2, 1, 2, 2, 1, 2, 2, 2, 2, 1, 
              2, 1, 2, 2, 1, 1, 1, 1, 2, 1, 1, 1 ],
          eAdj := [ 3, 4, 5, 6, 11, 16, 18, 19, 20, 24, 25, 29, 30, 35, 38, 
              41, 46, 50, 51, 52, 53, 54, 55, 59, 66, 68, 69, 70, 73 ] ), 
      rec(
          DistVect := [ 0, 1, 1, 1, 1, 2, 2, 2, 1, 1, 2, 2, 2, 2, 1, 2, 2, 
              2, 1, 2, 2, 2, 1, 1, 1, 2, 0, 1, 1 ],
          eAdj := [ 1, 3, 4, 5, 6, 11, 16, 18, 19, 20, 21, 22, 24, 25, 31, 
              35, 38, 39, 46, 50, 51, 52, 53, 54, 55, 59, 66, 69, 70, 73 ] ),
      rec(
          DistVect := [ 0, 1, 1, 1, 1, 2, 2, 2, 1, 1, 2, 2, 2, 2, 2, 1, 2, 
              2, 1, 2, 1, 1, 2, 2, 2, 1, 0, 1, 1 ],
          eAdj := [ 1, 3, 4, 5, 6, 8, 9, 11, 13, 14, 15, 17, 20, 21, 22, 27, 
              31, 32, 33, 35, 39, 40, 42, 43, 44, 56, 58, 63, 69, 70 ] ), 
      rec(
          DistVect := [ 0, 2, 1, 1, 1, 2, 2, 1, 1, 1, 2, 1, 1, 2, 2, 2, 1, 
              2, 1, 1, 2, 1, 2, 2, 1, 2, 1, 1, 2 ],
          eAdj := [ 1, 3, 6, 7, 8, 12, 13, 14, 18, 20, 21, 24, 26, 29, 31, 
              32, 33, 34, 35, 37, 38, 41, 43, 45, 50, 51, 52, 54, 55, 57, 70 
             ] ), rec(
          DistVect := [ 0, 2, 1, 1, 1, 2, 1, 1, 1, 1, 2, 1, 2, 2, 2, 2, 1, 
              2, 1, 1, 2, 1, 2, 2, 1, 2, 2, 1, 1 ],
          eAdj := [ 2, 5, 6, 7, 8, 9, 12, 13, 18, 19, 26, 27, 29, 31, 32, 
              33, 34, 37, 38, 45, 47, 48, 50, 52, 54, 57, 60, 62, 68, 71, 72 
             ] ), rec(
          DistVect := [ 0, 1, 1, 1, 1, 1, 1, 2, 1, 1, 2, 1, 1, 2, 2, 2, 1, 
              2, 1, 1, 2, 1, 2, 2, 1, 2, 1, 1, 2 ],
          eAdj := [ 1, 3, 4, 6, 8, 11, 12, 13, 18, 20, 21, 29, 30, 31, 34, 
              35, 38, 39, 42, 43, 46, 50, 52, 53, 55, 58, 59, 61, 69, 70, 73 
             ] ), rec(
          DistVect := [ 0, 1, 1, 1, 1, 2, 2, 2, 1, 1, 2, 2, 2, 2, 1, 1, 2, 
              1, 1, 1, 2, 1, 1, 2, 1, 1, 1, 1, 0 ],
          eAdj := [ 1, 2, 3, 4, 5, 6, 9, 11, 12, 14, 15, 16, 19, 22, 24, 27, 
              31, 32, 34, 35, 39, 42, 44, 46, 50, 51, 52, 59, 69, 70 ] ), 
      rec(
          DistVect := [ 0, 1, 1, 1, 1, 1, 2, 2, 1, 1, 2, 2, 2, 2, 2, 2, 2, 
              2, 1, 1, 1, 1, 2, 1, 1, 2, 1, 1, 1 ],
          eAdj := [ 4, 5, 6, 8, 9, 11, 12, 13, 14, 17, 18, 19, 22, 24, 25, 
              27, 30, 31, 32, 34, 39, 41, 42, 45, 46, 49, 51, 52, 68, 70 ] ),
      rec(
          DistVect := [ 0, 1, 1, 1, 1, 2, 2, 2, 1, 1, 2, 1, 2, 2, 2, 2, 2, 
              2, 1, 1, 1, 1, 2, 2, 1, 2, 1, 1, 1 ],
          eAdj := [ 1, 4, 5, 6, 8, 9, 11, 12, 13, 14, 17, 18, 19, 22, 24, 
              27, 29, 31, 32, 34, 41, 42, 45, 48, 50, 51, 52, 54, 68, 70 ] ),
      rec(
          DistVect := [ 0, 1, 1, 1, 1, 1, 2, 2, 1, 1, 2, 1, 2, 2, 2, 2, 1, 
              2, 1, 1, 2, 1, 2, 2, 1, 2, 2, 1, 1 ],
          eAdj := [ 2, 4, 5, 6, 8, 9, 11, 12, 13, 14, 18, 19, 24, 27, 29, 
              30, 31, 32, 34, 35, 38, 41, 42, 45, 46, 50, 51, 52, 59, 68, 70 
             ] ), rec(
          DistVect := [ 0, 1, 1, 1, 1, 2, 2, 2, 1, 1, 2, 2, 2, 2, 2, 2, 2, 
              2, 1, 1, 2, 1, 2, 2, 1, 2, 1, 1, 1 ],
          eAdj := [ 1, 3, 4, 5, 6, 8, 9, 11, 12, 13, 14, 18, 19, 22, 24, 27, 
              31, 32, 34, 35, 39, 41, 42, 45, 46, 50, 51, 52, 69, 70 ] ), 
      rec(
          DistVect := [ 0, 1, 1, 1, 1, 2, 2, 2, 1, 1, 2, 2, 2, 2, 2, 2, 2, 
              3, 1, 1, 2, 1, 2, 2, 1, 2, 1, 1, 2 ],
          eAdj := [ 1, 3, 4, 5, 6, 8, 9, 11, 12, 13, 14, 18, 20, 21, 22, 24, 
              31, 34, 35, 39, 42, 43, 46, 50, 52, 53, 55, 58, 69, 70 ] ), 
      rec(
          DistVect := [ 0, 1, 1, 1, 1, 2, 2, 2, 1, 1, 2, 1, 2, 2, 2, 2, 1, 
              2, 1, 1, 2, 1, 2, 3, 1, 2, 2, 1, 1 ],
          eAdj := [ 1, 2, 4, 5, 6, 7, 8, 9, 11, 12, 13, 14, 15, 18, 19, 24, 
              27, 29, 31, 32, 34, 35, 41, 42, 45, 48, 50, 51, 52, 56 ] ), 
      rec(
          DistVect := [ 0, 1, 1, 1, 1, 3, 2, 2, 1, 1, 2, 2, 2, 2, 2, 2, 2, 
              2, 1, 1, 2, 1, 2, 2, 1, 2, 1, 1, 1 ],
          eAdj := [ 1, 3, 4, 5, 6, 7, 8, 9, 11, 12, 13, 14, 18, 19, 22, 24, 
              26, 27, 31, 32, 33, 34, 41, 45, 47, 48, 50, 51, 52, 54 ] ), 
      rec(
          DistVect := [ 0, 1, 1, 1, 1, 1, 1, 2, 1, 1, 2, 2, 2, 2, 2, 2, 1, 
              2, 1, 1, 2, 1, 2, 2, 1, 2, 1, 1, 2 ],
          eAdj := [ 1, 3, 4, 6, 8, 9, 10, 11, 12, 13, 18, 20, 21, 30, 31, 
              34, 35, 39, 42, 43, 44, 46, 53, 55, 56, 58, 61, 63, 69, 70 ] ),
      rec(
          DistVect := [ 0, 1, 1, 1, 1, 1, 2, 2, 1, 1, 2, 2, 2, 2, 2, 2, 1, 
              2, 1, 1, 2, 1, 2, 2, 1, 2, 2, 1, 1 ],
          eAdj := [ 2, 4, 5, 6, 8, 9, 10, 11, 12, 13, 14, 18, 19, 24, 27, 
              30, 31, 32, 34, 35, 39, 41, 42, 44, 45, 46, 49, 51, 52, 56 ] ),
      rec(
          DistVect := [ 0, 1, 1, 1, 1, 2, 2, 2, 1, 1, 2, 2, 2, 2, 2, 2, 1, 
              2, 1, 1, 2, 1, 2, 1, 1, 2, 1, 1, 1 ],
          eAdj := [ 3, 4, 5, 6, 7, 8, 9, 10, 11, 12, 13, 14, 18, 19, 20, 24, 
              25, 27, 31, 32, 33, 34, 38, 41, 45, 47, 51, 52, 54, 57, 71 ] ),
      rec(
          DistVect := [ 0, 1, 1, 1, 1, 2, 2, 2, 1, 1, 2, 2, 2, 2, 2, 2, 1, 
              2, 1, 1, 2, 1, 2, 2, 1, 2, 1, 1, 1 ],
          eAdj := [ 1, 3, 4, 5, 6, 7, 8, 9, 10, 11, 12, 13, 14, 18, 19, 20, 
              24, 27, 31, 32, 33, 34, 35, 39, 41, 43, 45, 51, 52, 56 ] ), 
      rec(
          DistVect := [ 0, 2, 1, 1, 1, 2, 2, 1, 1, 2, 2, 1, 2, 2, 2, 2, 1, 
              2, 1, 1, 2, 1, 1, 2, 1, 2, 1, 1, 1 ],
          eAdj := [ 1, 3, 5, 6, 7, 13, 14, 16, 18, 19, 20, 24, 26, 29, 31, 
              32, 34, 35, 38, 41, 45, 47, 50, 51, 52, 54, 55, 57, 62, 66, 70 
             ] ), rec(
          DistVect := [ 0, 2, 1, 1, 1, 2, 1, 1, 1, 2, 2, 1, 2, 2, 2, 2, 1, 
              2, 1, 1, 2, 0, 1, 2, 1, 2, 2, 1, 1 ],
          eAdj := [ 2, 3, 5, 6, 7, 9, 13, 14, 16, 18, 19, 26, 27, 29, 31, 
              32, 34, 38, 41, 45, 47, 48, 50, 52, 54, 55, 57, 62, 66, 68, 71 
             ] ), rec(
          DistVect := [ 0, 1, 1, 2, 1, 1, 2, 2, 1, 2, 2, 1, 2, 2, 2, 2, 1, 
              2, 1, 1, 2, 1, 1, 2, 1, 2, 1, 1, 1 ],
          eAdj := [ 1, 3, 4, 5, 6, 11, 16, 18, 19, 20, 24, 29, 30, 34, 35, 
              38, 39, 42, 46, 50, 51, 52, 53, 55, 58, 59, 61, 66, 69, 70, 73 
             ] ), rec(
          DistVect := [ 0, 1, 1, 1, 1, 2, 2, 2, 1, 2, 2, 1, 2, 2, 2, 2, 1, 
              2, 1, 1, 2, 1, 1, 2, 1, 2, 1, 1, 1 ],
          eAdj := [ 1, 3, 4, 5, 6, 7, 11, 13, 14, 16, 18, 19, 20, 24, 29, 
              31, 34, 35, 38, 41, 46, 50, 51, 52, 53, 54, 55, 59, 66, 69, 70 
             ] ), rec(
          DistVect := [ 0, 1, 1, 2, 1, 1, 2, 2, 1, 2, 2, 1, 2, 2, 2, 2, 1, 
              2, 1, 1, 2, 0, 1, 2, 1, 2, 2, 1, 1 ],
          eAdj := [ 2, 3, 4, 5, 6, 9, 11, 14, 16, 18, 19, 24, 27, 29, 30, 
              34, 35, 38, 41, 42, 46, 50, 51, 52, 53, 55, 59, 66, 68, 69, 70 
             ] ), rec(
          DistVect := [ 0, 1, 0, 2, 1, 2, 2, 1, 1, 1, 2, 2, 2, 2, 2, 1, 2, 
              2, 1, 2, 1, 1, 2, 2, 1, 1, 1, 1, 1 ],
          eAdj := [ 1, 4, 5, 6, 7, 8, 9, 11, 13, 15, 17, 18, 22, 24, 26, 27, 
              32, 33, 37, 39, 40, 41, 42, 43, 45, 48, 49, 51, 52, 56, 72 ] ),
      rec(
          DistVect := [ 0, 1, 1, 1, 1, 2, 2, 2, 0, 2, 2, 2, 2, 1, 2, 2, 2, 
              2, 1, 1, 1, 1, 2, 2, 1, 2, 1, 1, 1 ],
          eAdj := [ 1, 4, 5, 6, 8, 10, 11, 13, 14, 17, 18, 19, 22, 24, 27, 
              28, 32, 33, 36, 39, 40, 41, 42, 43, 44, 45, 48, 49, 52, 56, 72 
             ] ), rec(
          DistVect := [ 0, 1, 1, 2, 1, 1, 2, 2, 1, 1, 2, 2, 2, 2, 2, 2, 1, 
              2, 1, 2, 2, 1, 1, 1, 1, 2, 1, 1, 1 ],
          eAdj := [ 3, 4, 5, 6, 8, 9, 10, 11, 16, 18, 19, 20, 24, 25, 30, 
              31, 34, 35, 38, 39, 41, 46, 50, 51, 52, 53, 55, 59, 66, 69, 70 
             ] ), rec(
          DistVect := [ 0, 1, 1, 2, 2, 1, 2, 2, 1, 2, 3, 1, 2, 2, 2, 2, 1, 
              2, 1, 1, 2, 1, 1, 2, 1, 1, 1, 1, 1 ],
          eAdj := [ 1, 3, 4, 5, 6, 11, 12, 15, 16, 20, 29, 30, 34, 38, 39, 
              42, 43, 44, 46, 50, 52, 53, 55, 58, 59, 61, 69, 70, 73, 75 ] ),
      rec(
          DistVect := [ 0, 2, 1, 1, 1, 2, 2, 1, 1, 2, 3, 1, 2, 2, 2, 2, 1, 
              2, 1, 1, 2, 1, 1, 2, 1, 1, 1, 1, 1 ],
          eAdj := [ 1, 3, 5, 6, 7, 11, 12, 13, 14, 15, 16, 18, 20, 24, 26, 
              29, 31, 32, 34, 35, 38, 41, 43, 50, 51, 52, 54, 55, 69, 70 ] ),
      rec(
          DistVect := [ 0, 1, 0, 1, 1, 2, 2, 1, 1, 1, 2, 2, 2, 2, 1, 1, 2, 
              2, 1, 1, 2, 1, 1, 2, 1, 1, 1, 1, 1 ],
          eAdj := [ 1, 3, 4, 5, 6, 7, 9, 11, 12, 13, 14, 15, 16, 18, 22, 24, 
              26, 31, 32, 34, 35, 39, 42, 43, 46, 50, 51, 52, 55, 69, 70 ] ),
      rec(
          DistVect := [ 0, 1, 1, 1, 1, 1, 2, 2, 1, 1, 2, 1, 2, 2, 2, 2, 1, 
              2, 1, 1, 1, 1, 2, 1, 1, 2, 1, 1, 1 ],
          eAdj := [ 4, 5, 6, 8, 9, 11, 12, 13, 14, 17, 18, 19, 20, 24, 25, 
              27, 29, 30, 31, 32, 34, 38, 41, 45, 51, 52, 54, 68, 70, 71 ] ),
      rec(
          DistVect := [ 0, 1, 1, 1, 1, 1, 2, 2, 1, 1, 2, 1, 2, 2, 2, 2, 1, 
              2, 1, 1, 1, 1, 2, 2, 1, 2, 1, 1, 1 ],
          eAdj := [ 1, 4, 5, 6, 8, 9, 11, 12, 13, 14, 17, 18, 19, 20, 24, 
              27, 29, 30, 31, 32, 34, 35, 39, 41, 42, 45, 51, 52, 56, 58, 70 
             ] ), rec(
          DistVect := [ 0, 1, 1, 1, 1, 2, 2, 2, 1, 1, 2, 2, 2, 2, 2, 2, 2, 
              2, 1, 1, 1, 1, 2, 1, 1, 2, 0, 1, 1 ],
          eAdj := [ 1, 3, 4, 5, 6, 8, 9, 11, 12, 13, 14, 17, 18, 19, 20, 21, 
              22, 24, 25, 27, 31, 32, 33, 34, 39, 41, 45, 51, 52, 54, 70 ] ),
      rec(
          DistVect := [ 0, 2, 1, 2, 1, 2, 2, 1, 1, 1, 3, 1, 2, 2, 2, 2, 1, 
              2, 1, 2, 1, 1, 2, 2, 1, 1, 1, 1, 1 ],
          eAdj := [ 1, 5, 6, 7, 8, 9, 11, 12, 15, 17, 18, 20, 24, 26, 27, 
              29, 32, 33, 37, 40, 41, 43, 45, 48, 51, 52, 54, 56, 71, 72 ] ),
      rec(
          DistVect := [ 0, 1, 1, 1, 1, 2, 2, 2, 1, 1, 2, 1, 2, 2, 2, 2, 1, 
              2, 1, 1, 1, 1, 2, 2, 1, 2, 1, 1, 1 ],
          eAdj := [ 1, 4, 5, 6, 7, 8, 9, 11, 12, 13, 14, 17, 18, 19, 20, 24, 
              27, 29, 31, 32, 33, 34, 37, 41, 45, 48, 51, 52, 54, 56, 71 ] ),
      rec(
          DistVect := [ 0, 1, 1, 1, 1, 2, 2, 2, 0, 1, 2, 2, 2, 1, 1, 2, 2, 
              2, 1, 1, 2, 1, 1, 2, 1, 2, 1, 1, 1 ],
          eAdj := [ 1, 3, 4, 5, 6, 8, 9, 10, 11, 12, 14, 16, 18, 19, 22, 24, 
              28, 31, 32, 34, 35, 39, 42, 43, 44, 46, 50, 52, 53, 69, 70 ] ),
      rec(
          DistVect := [ 0, 1, 1, 1, 1, 2, 2, 2, 1, 1, 2, 1, 1, 2, 2, 2, 1, 
              2, 1, 1, 2, 1, 2, 2, 1, 2, 1, 1, 2 ],
          eAdj := [ 1, 3, 4, 6, 7, 8, 11, 12, 13, 14, 18, 20, 21, 24, 29, 
              31, 34, 35, 38, 39, 41, 43, 50, 51, 52, 53, 54, 55, 58, 69, 70 
             ] ), rec(
          DistVect := [ 0, 1, 1, 1, 1, 2, 2, 2, 1, 1, 2, 2, 2, 2, 2, 2, 2, 
              2, 1, 1, 2, 1, 2, 1, 1, 2, 1, 1, 1 ],
          eAdj := [ 3, 4, 5, 6, 8, 9, 11, 12, 13, 14, 18, 19, 22, 24, 25, 
              27, 31, 32, 34, 38, 41, 45, 46, 47, 50, 51, 52, 54, 66, 68, 70 
             ] ), rec(
          DistVect := [ 0, 0, 1, 1, 1, 0, 0, 1, 1, 1, 1, 0, 0, 1, 0, 0, 1, 
              1, 0, 0, 1, 1, 0, 1, 1, 0, 0, 1, 1 ],
          eAdj := [ 1, 3, 4, 5, 6, 11, 12, 15, 16, 20, 21, 22, 29, 30, 34, 
              38, 39, 42, 43, 44, 46, 50, 52, 53, 55, 58, 59, 61, 63, 66, 
              73, 75 ] ), rec(
          DistVect := [ 0, 1, 0, 0, 1, 1, 0, 0, 1, 1, 0, 0, 1, 1, 0, 1, 1, 
              0, 0, 1, 1, 0, 0, 0, 1, 1, 1, 1, 0 ],
          eAdj := [ 2, 3, 4, 5, 6, 7, 9, 13, 14, 16, 18, 19, 22, 25, 26, 27, 
              29, 31, 32, 38, 41, 45, 46, 47, 48, 50, 54, 55, 57, 59, 60, 
              62, 66, 68, 70, 71 ] ), rec(
          DistVect := [ 0, 0, 1, 1, 0, 0, 0, 1, 1, 1, 0, 0, 0, 1, 0, 1, 1, 
              1, 0, 1, 1, 1, 0, 0, 0, 1, 0, 1, 1 ],
          eAdj := [ 1, 3, 4, 5, 6, 11, 16, 18, 19, 20, 21, 22, 24, 25, 29, 
              30, 35, 38, 39, 42, 46, 50, 51, 52, 53, 54, 55, 58, 59, 61, 
              66, 68, 69, 73, 75 ] ), rec(
          DistVect := [ 0, 1, 0, 1, 1, 1, 0, 0, 1, 0, 0, 0, 1, 1, 1, 1, 1, 
              0, 0, 0, 0, 1, 1, 0, 1, 1, 1, 1, 0 ],
          eAdj := [ 2, 4, 5, 6, 7, 8, 9, 12, 13, 17, 18, 19, 22, 25, 26, 27, 
              29, 31, 32, 33, 34, 37, 38, 47, 48, 49, 50, 54, 57, 60, 62, 
              66, 68, 71, 72, 74 ] ), rec(
          DistVect := [ 0, 1, 0, 0, 1, 1, 1, 0, 1, 1, 0, 0, 0, 1, 0, 1, 1, 
              1, 0, 1, 1, 1, 0, 0, 0, 1, 0, 1, 1 ],
          eAdj := [ 1, 3, 4, 5, 6, 7, 13, 14, 16, 18, 19, 20, 21, 22, 24, 
              25, 26, 29, 31, 35, 38, 41, 45, 46, 47, 50, 51, 52, 53, 54, 
              55, 57, 59, 62, 66, 68, 69, 70, 73 ] ), rec(
          DistVect := [ 0, 0, 0, 1, 1, 0, 0, 1, 0, 1, 1, 0, 0, 1, 1, 1, 0, 
              0, 1, 0, 1, 1, 0, 1, 1, 0, 0, 1, 1 ],
          eAdj := [ 1, 3, 4, 6, 7, 8, 10, 11, 12, 13, 15, 16, 18, 20, 21, 
              23, 29, 30, 31, 34, 38, 39, 42, 43, 44, 46, 50, 53, 55, 56, 
              58, 59, 61, 63, 64, 69, 70, 73, 75 ] ), rec(
          DistVect := [ 0, 1, 1, 0, 1, 0, 1, 1, 0, 1, 0, 1, 0, 0, 1, 0, 1, 
              0, 0, 1, 0, 1, 1, 1, 0, 0, 1, 1, 0 ],
          eAdj := [ 1, 2, 4, 5, 6, 8, 10, 13, 14, 15, 17, 19, 22, 24, 27, 
              28, 30, 31, 32, 33, 35, 36, 39, 40, 41, 42, 43, 44, 45, 46, 
              48, 49, 52, 56, 58, 63, 67, 69, 72 ] ), rec(
          DistVect := [ 0, 0, 1, 0, 0, 0, 1, 1, 1, 0, 0, 0, 1, 1, 1, 1, 1, 
              0, 0, 0, 0, 1, 1, 0, 1, 1, 1, 1, 0 ],
          eAdj := [ 2, 4, 5, 6, 8, 9, 11, 12, 13, 14, 17, 18, 19, 22, 24, 
              25, 27, 29, 30, 31, 32, 34, 38, 41, 42, 45, 46, 47, 48, 49, 
              50, 51, 54, 59, 60, 62, 66, 68, 70, 71 ] ), rec(
          DistVect := [ 0, 0, 0, 1, 0, 0, 0, 1, 0, 1, 0, 0, 0, 1, 1, 0, 0, 
              0, 1, 1, 1, 1, 0, 0, 0, 1, 0, 1, 1 ],
          eAdj := [ 1, 3, 4, 6, 7, 8, 10, 11, 13, 16, 18, 19, 20, 21, 23, 
              24, 25, 29, 30, 31, 34, 35, 38, 39, 41, 43, 46, 50, 51, 52, 
              53, 54, 55, 57, 58, 59, 61, 66, 69, 70, 73 ] ), rec(
          DistVect := [ 0, 1, 0, 0, 0, 1, 1, 0, 1, 1, 1, 0, 0, 1, 0, 0, 1, 
              1, 0, 0, 1, 1, 0, 1, 1, 0, 0, 1, 1 ],
          eAdj := [ 1, 3, 4, 5, 6, 7, 11, 12, 13, 14, 15, 16, 18, 20, 21, 
              22, 24, 26, 29, 31, 34, 35, 38, 39, 42, 43, 46, 50, 51, 52, 
              53, 54, 55, 58, 59, 61, 66, 69, 70, 73, 75 ] ), rec(
          DistVect := [ 0, 1, 1, 0, 0, 0, 1, 1, 0, 1, 1, 1, 0, 0, 1, 1, 1, 
              0, 0, 0, 0, 1, 1, 0, 1, 1, 1, 1, 0 ],
          eAdj := [ 2, 4, 5, 6, 8, 10, 11, 12, 13, 14, 17, 18, 19, 22, 24, 
              25, 27, 28, 30, 31, 32, 33, 34, 36, 39, 40, 41, 42, 44, 45, 
              46, 47, 48, 49, 51, 52, 56, 60, 68, 71, 72 ] ), rec(
          DistVect := [ 0, 1, 0, 1, 0, 1, 0, 0, 1, 0, 1, 0, 1, 1, 1, 0, 1, 
              0, 0, 1, 0, 1, 1, 1, 0, 0, 1, 1, 0 ],
          eAdj := [ 1, 2, 4, 5, 6, 7, 8, 9, 11, 12, 13, 15, 17, 18, 19, 22, 
              24, 26, 27, 29, 31, 32, 33, 34, 37, 40, 41, 42, 45, 47, 48, 
              49, 50, 51, 52, 54, 56, 60, 62, 68, 71, 72 ] ), rec(
          DistVect := [ 0, 1, 1, 1, 0, 0, 0, 1, 0, 0, 1, 1, 1, 0, 0, 1, 1, 
              1, 0, 1, 1, 1, 0, 0, 0, 1, 0, 1, 1 ],
          eAdj := [ 1, 3, 4, 5, 6, 8, 9, 10, 11, 12, 16, 18, 19, 20, 21, 22, 
              24, 25, 28, 30, 31, 34, 35, 38, 39, 42, 43, 44, 46, 50, 52, 
              53, 55, 58, 59, 61, 63, 66, 69, 70, 73, 75 ] ), rec(
          DistVect := [ 0, 1, 0, 0, 0, 1, 0, 0, 1, 1, 1, 0, 1, 1, 0, 0, 1, 
              0, 0, 0, 1, 0, 0, 1, 0, 0, 1, 1, 0 ],
          eAdj := [ 1, 2, 3, 4, 5, 6, 7, 9, 11, 12, 13, 14, 15, 16, 18, 19, 
              22, 24, 26, 27, 29, 31, 32, 34, 35, 38, 41, 42, 45, 46, 47, 
              48, 50, 51, 52, 54, 55, 59, 62, 66, 68, 69, 70 ] ), rec(
          DistVect := [ 0, 0, 0, 1, 0, 1, 1, 0, 0, 1, 0, 1, 1, 0, 1, 0, 1, 
              1, 0, 1, 0, 0, 1, 1, 1, 0, 0, 1, 1 ],
          eAdj := [ 1, 3, 4, 5, 6, 7, 8, 9, 10, 11, 13, 14, 15, 17, 18, 20, 
              21, 22, 24, 26, 27, 28, 32, 33, 35, 36, 37, 39, 40, 41, 42, 
              43, 44, 45, 48, 49, 56, 58, 63, 64, 65, 67, 69, 72 ] ), rec(
          DistVect := [ 0, 0, 1, 0, 0, 0, 0, 1, 1, 0, 0, 0, 0, 1, 1, 1, 1, 
              1, 0, 0, 0, 0, 1, 0, 0, 1, 0, 1, 1 ],
          eAdj := [ 1, 3, 4, 5, 6, 8, 9, 11, 12, 13, 14, 17, 18, 19, 20, 21, 
              22, 24, 25, 27, 29, 30, 31, 34, 35, 38, 39, 41, 42, 45, 46, 
              50, 51, 52, 53, 54, 55, 58, 59, 66, 68, 69, 70, 73 ] ), rec(
          DistVect := [ 0, 1, 0, 1, 0, 1, 1, 0, 1, 0, 1, 0, 0, 1, 1, 0, 1, 
              1, 0, 1, 0, 0, 1, 1, 1, 0, 0, 1, 1 ],
          eAdj := [ 1, 3, 4, 5, 6, 7, 8, 9, 11, 12, 13, 14, 15, 17, 18, 20, 
              21, 22, 24, 26, 27, 29, 31, 32, 33, 34, 35, 37, 39, 40, 41, 
              42, 43, 45, 48, 50, 51, 52, 54, 55, 56, 58, 69, 70 ] ), rec(
          DistVect := [ 0, 1, 1, 0, 0, 0, 0, 1, 0, 1, 1, 1, 1, 0, 1, 1, 1, 
              1, 0, 0, 0, 0, 1, 0, 0, 1, 0, 1, 1 ],
          eAdj := [ 1, 3, 4, 5, 6, 8, 9, 10, 11, 12, 13, 14, 17, 18, 19, 20, 
              21, 22, 24, 25, 27, 28, 30, 31, 32, 33, 34, 35, 36, 39, 40, 
              41, 42, 43, 44, 45, 46, 49, 52, 53, 56, 58, 63, 69, 70 ] ), 
      rec(
          DistVect := [ 0, 0, 0, 0, 0, 0, 0, 1, 0, 0, 0, 0, 0, 1, 0, 0, 0, 
              0, 1, 0, 0, 0, 1, 0, 0, 1, 0, 1, 1 ],
          eAdj := [ 1, 3, 4, 6, 7, 8, 9, 10, 11, 12, 13, 14, 17, 18, 19, 20, 
              21, 23, 24, 25, 27, 29, 30, 31, 32, 33, 34, 35, 36, 37, 38, 
              39, 41, 43, 45, 51, 52, 53, 54, 55, 56, 57, 58, 70, 71 ] ), 
      rec(
          DistVect := [ 0, 0, 0, 1, 1, 1, 1, 0, 0, 1, 1, 1, 1, 0, 1, 1, 1, 
              1, 0, 0, 0, 0, 1, 0, 0, 1, 0, 1, 1 ],
          eAdj := [ 1, 3, 4, 5, 6, 7, 8, 9, 10, 11, 12, 13, 14, 17, 18, 19, 
              20, 21, 22, 24, 25, 26, 27, 28, 32, 33, 34, 36, 37, 39, 40, 
              41, 43, 45, 47, 48, 49, 51, 52, 54, 56, 57, 60, 65, 71, 72 ] ),
      rec(
          DistVect := [ 0, 0, 1, 0, 0, 1, 0, 1, 1, 0, 0, 1, 0, 1, 1, 1, 0, 
              1, 0, 0, 1, 0, 1, 1, 0, 1, 1, 0, 1 ],
          eAdj := [ 1, 2, 3, 4, 5, 6, 7, 8, 9, 10, 11, 12, 13, 14, 15, 16, 
              17, 18, 19, 20, 21, 22, 23, 24, 25, 26, 27, 28, 29, 30, 31, 
              33, 34, 35, 36, 37, 38, 39, 40, 41, 42, 43, 44, 45, 46, 47, 
              48, 49, 50, 51, 52, 53, 54, 55, 56, 57, 58, 59, 60, 61, 62, 
              63, 64, 65, 66, 67, 68, 69, 71, 74, 75 ] ), rec(
          DistVect := [ 0, 1, 1, 0, 0, 1, 0, 1, 0, 1, 1, 0, 1, 0, 1, 1, 0, 
              1, 0, 0, 1, 0, 1, 1, 0, 1, 1, 0, 1 ],
          eAdj := [ 1, 2, 3, 4, 5, 6, 7, 8, 9, 10, 11, 12, 13, 14, 15, 16, 
              17, 18, 19, 20, 21, 22, 23, 24, 25, 26, 27, 28, 29, 30, 31, 
              32, 33, 34, 35, 36, 37, 38, 40, 41, 42, 43, 44, 45, 46, 47, 
              48, 49, 50, 52, 53, 54, 55, 56, 57, 58, 59, 60, 61, 64, 65, 
              66, 67, 68, 69, 70, 71, 72, 73, 74, 75, 76 ] ), rec(
          DistVect := [ 0, 0, 1, 0, 0, 1, 1, 1, 1, 0, 0, 1, 1, 1, 1, 1, 0, 
              0, 0, 0, 1, 1, 1, 1, 1, 1, 0, 0, 0 ],
          eAdj := [ 1, 2, 3, 4, 5, 6, 7, 8, 9, 10, 11, 12, 13, 14, 15, 16, 
              17, 18, 19, 20, 21, 22, 23, 24, 25, 26, 27, 28, 29, 30, 31, 
              32, 33, 34, 35, 36, 37, 38, 39, 40, 41, 42, 44, 45, 46, 47, 
              48, 49, 50, 51, 53, 54, 55, 56, 57, 58, 59, 60, 61, 62, 63, 
              65, 66, 67, 69, 70, 71, 72, 73, 74, 75, 76 ] ), rec(
          DistVect := [ 0, 4, 5, 5, 3, 5, 5, 8, 5, 5, 7, 5, 5, 8, 8, 8, 4, 
              8, 3, 4, 8, 4, 7, 8, 4, 9, 4, 3, 7 ],
          eAdj := [ 1, 3, 4, 6, 11, 18, 20, 21, 29, 30, 34, 35, 38, 39, 42, 
              46, 50, 52, 53, 55, 58, 59, 61, 66, 69, 73 ] ), rec(
          DistVect := [ 0, 4, 5, 5, 3, 5, 8, 8, 5, 5, 7, 5, 8, 8, 8, 8, 4, 
              7, 3, 4, 8, 3, 7, 8, 5, 9, 7, 3, 4 ],
          eAdj := [ 2, 4, 5, 6, 9, 11, 14, 18, 19, 24, 27, 29, 30, 34, 35, 
              38, 41, 42, 45, 46, 50, 51, 59, 66, 68, 70 ] ), rec(
          DistVect := [ 0, 7, 4, 4, 4, 8, 8, 5, 5, 5, 7, 5, 5, 8, 8, 8, 4, 
              8, 3, 4, 8, 4, 7, 8, 4, 9, 4, 3, 7 ],
          eAdj := [ 1, 3, 6, 7, 13, 14, 18, 20, 21, 24, 26, 29, 31, 34, 35, 
              38, 41, 45, 50, 51, 52, 54, 55, 57, 66, 70 ] ), rec(
          DistVect := [ 0, 7, 4, 4, 4, 8, 5, 5, 5, 5, 7, 5, 8, 8, 8, 8, 4, 
              7, 3, 4, 8, 3, 7, 8, 5, 9, 7, 3, 4 ],
          eAdj := [ 2, 5, 6, 7, 9, 13, 18, 19, 26, 27, 29, 31, 32, 34, 38, 
              45, 47, 48, 50, 54, 57, 60, 62, 66, 68, 71 ] ), rec(
          DistVect := [ 0, 4, 4, 5, 4, 7, 8, 8, 4, 5, 8, 7, 8, 8, 5, 8, 7, 
              8, 4, 5, 8, 3, 5, 7, 4, 8, 5, 3, 4 ],
          eAdj := [ 3, 4, 5, 6, 9, 11, 14, 16, 18, 19, 22, 24, 35, 38, 42, 
              46, 50, 51, 52, 53, 55, 59, 66, 68, 69, 70 ] ), rec(
          DistVect := [ 0, 4, 4, 7, 4, 5, 8, 8, 4, 5, 8, 7, 8, 8, 7, 8, 5, 
              8, 4, 5, 8, 3, 5, 7, 4, 8, 5, 3, 4 ],
          eAdj := [ 3, 4, 5, 6, 9, 11, 16, 18, 19, 24, 30, 34, 35, 38, 39, 
              42, 46, 50, 51, 52, 53, 55, 59, 66, 69, 70 ] ), rec(
          DistVect := [ 0, 7, 5, 5, 3, 8, 5, 5, 4, 4, 8, 5, 8, 8, 8, 8, 3, 
              8, 4, 4, 7, 4, 8, 9, 4, 8, 7, 3, 4 ],
          eAdj := [ 2, 5, 6, 7, 8, 9, 12, 18, 19, 26, 27, 29, 33, 34, 37, 
              45, 47, 48, 52, 54, 56, 57, 60, 62, 71, 72 ] ), rec(
          DistVect := [ 0, 4, 4, 4, 4, 5, 5, 8, 4, 4, 8, 5, 5, 8, 8, 8, 3, 
              7, 4, 4, 7, 3, 8, 9, 5, 8, 4, 3, 7 ],
          eAdj := [ 1, 3, 4, 6, 8, 11, 12, 13, 18, 20, 21, 29, 30, 31, 34, 
              35, 39, 42, 43, 53, 55, 56, 58, 61, 69, 70 ] ), rec(
          DistVect := [ 0, 4, 4, 4, 4, 7, 8, 8, 4, 4, 8, 7, 8, 8, 8, 8, 7, 
              8, 4, 4, 5, 4, 8, 7, 4, 8, 5, 3, 4 ],
          eAdj := [ 4, 5, 6, 8, 9, 11, 12, 13, 14, 17, 18, 19, 22, 24, 27, 
              31, 32, 34, 41, 42, 45, 48, 49, 51, 52, 68 ] ), rec(
          DistVect := [ 0, 7, 5, 5, 3, 5, 8, 8, 4, 4, 8, 8, 5, 5, 8, 8, 4, 
              7, 3, 4, 8, 3, 7, 8, 5, 9, 7, 3, 4 ],
          eAdj := [ 2, 4, 5, 8, 10, 12, 14, 18, 19, 24, 27, 28, 30, 31, 32, 
              34, 35, 39, 41, 42, 44, 45, 46, 49, 52, 56 ] ), rec(
          DistVect := [ 0, 4, 3, 5, 4, 8, 8, 7, 3, 5, 8, 8, 8, 7, 8, 7, 7, 
              9, 4, 5, 5, 3, 8, 8, 4, 7, 4, 3, 5 ],
          eAdj := [ 1, 4, 5, 6, 8, 9, 11, 13, 14, 17, 18, 22, 24, 27, 32, 
              33, 39, 40, 41, 42, 43, 45, 48, 49, 52, 56 ] ), rec(
          DistVect := [ 0, 4, 4, 4, 4, 5, 8, 8, 4, 4, 8, 7, 8, 8, 8, 8, 5, 
              8, 4, 4, 5, 4, 8, 7, 4, 8, 5, 3, 4 ],
          eAdj := [ 4, 5, 6, 8, 9, 11, 12, 13, 14, 17, 18, 19, 24, 27, 30, 
              31, 32, 34, 39, 41, 42, 45, 49, 51, 52, 56 ] ), rec(
          DistVect := [ 0, 4, 3, 4, 4, 8, 8, 7, 3, 4, 8, 8, 8, 7, 5, 7, 7, 
              9, 4, 4, 8, 4, 5, 8, 4, 7, 4, 3, 5 ],
          eAdj := [ 1, 3, 4, 5, 6, 9, 11, 12, 14, 16, 18, 22, 24, 31, 34, 
              35, 39, 42, 43, 46, 50, 52, 53, 55, 69, 70 ] ), rec(
          DistVect := [ 0, 5, 4, 4, 4, 8, 8, 7, 3, 5, 7, 5, 7, 8, 8, 8, 4, 
              8, 5, 4, 8, 4, 7, 8, 4, 9, 4, 3, 5 ],
          eAdj := [ 1, 3, 6, 7, 8, 13, 14, 18, 19, 20, 24, 29, 31, 32, 34, 
              35, 38, 41, 45, 50, 51, 52, 54, 55, 57, 70 ] ), rec(
          DistVect := [ 0, 5, 3, 5, 5, 8, 7, 5, 4, 4, 8, 7, 8, 8, 8, 8, 5, 
              8, 4, 4, 7, 4, 8, 7, 4, 8, 5, 3, 4 ],
          eAdj := [ 5, 6, 7, 8, 9, 12, 13, 18, 19, 26, 27, 32, 33, 34, 37, 
              45, 47, 48, 51, 52, 54, 57, 60, 62, 71, 72 ] ), rec(
          DistVect := [ 0, 4, 4, 4, 4, 5, 8, 8, 4, 4, 8, 7, 8, 8, 8, 8, 5, 
              8, 4, 4, 7, 4, 8, 7, 4, 8, 5, 3, 4 ],
          eAdj := [ 4, 5, 6, 8, 9, 11, 12, 13, 14, 18, 19, 24, 27, 30, 31, 
              32, 34, 35, 39, 41, 42, 45, 46, 51, 52, 70 ] ), rec(
          DistVect := [ 0, 4, 4, 4, 4, 7, 8, 8, 4, 4, 8, 5, 8, 8, 8, 8, 5, 
              8, 4, 4, 7, 4, 8, 9, 4, 8, 5, 3, 4 ],
          eAdj := [ 1, 4, 5, 6, 8, 9, 11, 12, 13, 14, 18, 19, 24, 27, 29, 
              31, 32, 34, 35, 41, 42, 45, 50, 51, 52, 70 ] ), rec(
          DistVect := [ 0, 4, 4, 4, 4, 5, 8, 8, 4, 4, 8, 5, 8, 8, 8, 8, 3, 
              8, 4, 4, 7, 4, 8, 9, 4, 8, 7, 3, 4 ],
          eAdj := [ 2, 4, 5, 6, 8, 9, 11, 12, 13, 14, 18, 19, 24, 27, 29, 
              30, 31, 32, 34, 35, 41, 42, 45, 51, 52, 56 ] ), rec(
          DistVect := [ 0, 5, 3, 4, 5, 5, 7, 8, 4, 5, 8, 8, 8, 7, 7, 8, 4, 
              8, 5, 5, 5, 3, 8, 8, 4, 7, 4, 3, 5 ],
          eAdj := [ 1, 4, 9, 10, 13, 14, 17, 18, 20, 27, 30, 32, 33, 35, 36, 
              39, 40, 41, 42, 43, 44, 49, 56, 58, 63, 67 ] ) ] );
