return rec(
  DistVect := [ 0, 1, 1, 1, 1, 1, 1, 0, 1, 1, 1, 2, 1, 1, 1, 2, 2, 1, 1, 2, 
      2, 1, 1, 1, 1, 1, 2, 1, 1 ],
  ListIncidentIneq := 
   [ [ 0, 0, 0, 0, 0, 0, 0, 0, 0, 0, 0, 0, 0, 0, 0, 0, 0, 0, 0, 0, 0, 0, 0, 
          0, 0, 0, -1, 1, 1 ], 
      [ 0, 0, 0, 0, 0, 0, 1, 1, 0, 0, 0, 0, 0, 0, 0, 0, 0, 0, 0, 0, 0, 0, 0, 
          0, 0, 0, 0, 0, -1 ], 
      [ 0, 0, 0, 0, 0, 1, 0, 1, 0, 0, 0, 0, 0, 0, 0, 0, 0, 0, 0, 0, 0, 0, 0, 
          0, 0, 0, 0, -1, 0 ], 
      [ 0, 1, 0, 0, 0, 0, 0, 1, 0, 0, 0, 0, 0, -1, 0, 0, 0, 0, 0, 0, 0, 0, 
          0, 0, 0, 0, 0, 0, 0 ], 
      [ 0, 0, 0, 0, 1, 0, 0, 1, 0, 0, 0, 0, 0, 0, 0, 0, 0, 0, 0, 0, 0, 0, 0, 
          0, 0, -1, 0, 0, 0 ], 
      [ 0, 0, 0, 1, 0, 0, 0, 1, 0, 0, 0, 0, 0, 0, 0, 0, 0, 0, 0, 0, 0, 0, 
          -1, 0, 0, 0, 0, 0, 0 ], 
      [ 0, 1, 0, 0, 0, 1, 0, 0, 0, 0, 0, -1, 0, 0, 0, 0, 0, 0, 0, 0, 0, 0, 
          0, 0, 0, 0, 0, 0, 0 ], 
      [ 0, 0, 1, 0, 0, 0, 0, 1, 0, 0, 0, 0, 0, 0, 0, 0, 0, 0, -1, 0, 0, 0, 
          0, 0, 0, 0, 0, 0, 0 ], 
      [ 0, 0, 0, 0, 0, 0, -1, 1, 0, 0, 0, 0, 0, 0, 0, 0, 0, 0, 0, 0, 0, 0, 
          0, 0, 0, 0, 0, 0, 1 ], 
      [ 0, 0, 0, 0, 0, 0, 0, 0, 0, 0, 0, 0, 0, 0, 0, 0, 0, 0, 0, -1, 0, 1, 
          0, 0, 1, 0, 0, 0, 0 ], 
      [ 0, 0, 0, 0, 0, 0, 0, 0, 0, 1, 1, 0, 0, 0, 0, 0, 0, 0, 0, -1, 0, 0, 
          0, 0, 0, 0, 0, 0, 0 ], 
      [ 0, 0, 0, 0, 0, 0, 0, 0, 0, 0, 0, 0, 0, 0, 0, -1, 0, 1, 0, 0, 0, 0, 
          0, 0, 1, 0, 0, 0, 0 ], 
      [ 0, 0, 1, 0, 0, 1, 0, 0, 0, 0, 0, 0, 0, 0, 0, 0, -1, 0, 0, 0, 0, 0, 
          0, 0, 0, 0, 0, 0, 0 ], 
      [ 0, 0, 0, 0, 0, 0, 0, 0, 1, 0, 1, 0, 0, 0, 0, -1, 0, 0, 0, 0, 0, 0, 
          0, 0, 0, 0, 0, 0, 0 ], 
      [ 0, 0, 0, 0, 0, 0, 0, 0, 0, 0, 1, -1, 0, 0, 0, 0, 0, 0, 0, 0, 0, 0, 
          0, 1, 0, 0, 0, 0, 0 ], 
      [ 0, 0, 0, 0, 0, 0, 0, 0, 0, 0, 0, 0, 0, 0, 0, 0, 0, 0, 0, 0, 0, 0, 0, 
          1, 1, 0, -1, 0, 0 ], 
      [ 0, 0, 0, 1, 1, 0, 0, 0, 0, 0, 0, 0, 0, 0, 0, 0, 0, 0, 0, -1, 0, 0, 
          0, 0, 0, 0, 0, 0, 0 ], 
      [ 0, 0, 0, 0, 0, 1, 1, 0, 0, 0, 0, 0, 0, 0, 0, 0, 0, 0, 0, 0, 0, 0, 0, 
          0, 0, 0, -1, 0, 0 ], 
      [ 0, 0, 0, 0, 0, 0, 0, 0, 0, 0, 0, 0, 0, 0, 0, 0, 0, 0, 0, 0, -1, 0, 
          1, 0, 0, 0, 0, 1, 0 ], 
      [ 0, 0, 1, 0, 1, 0, 0, 0, 0, 0, 0, 0, 0, 0, 0, -1, 0, 0, 0, 0, 0, 0, 
          0, 0, 0, 0, 0, 0, 0 ], 
      [ 0, 0, 0, 0, 0, 0, 0, 0, 0, 0, 0, 0, 0, 0, 0, 0, -1, 0, 1, 0, 0, 0, 
          0, 0, 0, 0, 0, 1, 0 ], 
      [ 0, 0, 0, 0, 0, 0, 0, 0, 0, 0, 0, 0, 0, 0, 0, 0, 0, 0, 0, -1, 0, 0, 
          1, 0, 0, 1, 0, 0, 0 ], 
      [ 0, 0, 0, 0, 0, -1, 0, 1, 0, 0, 0, 0, 0, 0, 0, 0, 0, 0, 0, 0, 0, 0, 
          0, 0, 0, 0, 0, 1, 0 ], 
      [ 0, 0, 0, 0, 0, 0, 0, 0, 0, 0, 0, -1, 0, 1, 0, 0, 0, 0, 0, 0, 0, 0, 
          0, 0, 0, 0, 0, 1, 0 ], 
      [ 0, 0, 0, 0, 0, 0, 0, 0, 0, 0, 0, 0, 0, 0, 0, -1, 0, 0, 1, 0, 0, 0, 
          0, 0, 0, 1, 0, 0, 0 ], 
      [ 0, 0, 0, 1, 0, 1, 0, 0, 0, 0, 0, 0, 0, 0, 0, 0, 0, 0, 0, 0, -1, 0, 
          0, 0, 0, 0, 0, 0, 0 ], 
      [ 0, 0, 0, 0, -1, 0, 0, 1, 0, 0, 0, 0, 0, 0, 0, 0, 0, 0, 0, 0, 0, 0, 
          0, 0, 0, 1, 0, 0, 0 ], 
      [ 0, -1, 0, 0, 0, 0, 0, 1, 0, 0, 0, 0, 0, 1, 0, 0, 0, 0, 0, 0, 0, 0, 
          0, 0, 0, 0, 0, 0, 0 ], 
      [ 0, 0, 0, -1, 0, 0, 0, 1, 0, 0, 0, 0, 0, 0, 0, 0, 0, 0, 0, 0, 0, 0, 
          1, 0, 0, 0, 0, 0, 0 ], 
      [ 0, 0, -1, 0, 0, 0, 0, 1, 0, 0, 0, 0, 0, 0, 0, 0, 0, 0, 1, 0, 0, 0, 
          0, 0, 0, 0, 0, 0, 0 ], 
      [ 0, 0, 0, 0, 0, 0, 0, 0, 0, 0, 0, 0, 0, 0, -1, -1, 0, 1, 1, -1, 0, 1, 
          1, 0, 1, 1, 0, 0, -1 ], 
      [ 0, 0, 0, 0, 0, 0, 0, 0, 1, 1, 1, 0, -1, 0, -1, -1, 0, 1, 0, -1, 0, 
          1, 0, 0, 1, 0, 0, 0, 0 ], 
      [ 0, 0, 1, 1, 1, 0, -1, 0, 0, 0, 0, 0, 0, 0, -1, -1, 0, 1, 0, -1, 0, 
          1, 0, 0, 1, 0, 0, 0, 0 ], 
      [ 0, 0, 0, -1, -1, 0, 1, 1, 0, 0, 0, 0, 0, 0, 0, 0, 0, 0, 0, -1, 0, 1, 
          1, 0, 1, 1, 0, 0, -1 ], 
      [ 0, 0, 0, 0, 0, 0, 0, 0, 0, 0, 1, -1, -1, 1, 0, 0, 0, 0, 0, 0, 0, 0, 
          0, 1, 1, -1, -1, 1, 1 ], 
      [ 0, 0, 0, 0, -1, 1, 1, 1, 0, 0, 0, 0, 0, 0, 0, 0, 0, 0, 0, 0, 0, 0, 
          0, 1, 1, 1, -1, -1, -1 ], 
      [ 0, 0, 0, 1, 1, 0, -1, 1, 0, 0, 0, 0, 0, 0, 0, 0, 0, 0, 0, -1, 0, 1, 
          -1, 0, 1, -1, 0, 0, 1 ], 
      [ 0, 0, -1, 0, -1, 0, 1, 1, 0, 0, 0, 0, 0, 0, 0, -1, 0, 1, 1, 0, 0, 0, 
          0, 0, 1, 1, 0, 0, -1 ], 
      [ 0, 0, 0, 0, 1, -1, -1, 1, 0, 0, 0, 0, 0, 0, 0, 0, 0, 0, 0, 0, 0, 0, 
          0, 1, 1, -1, -1, 1, 1 ], 
      [ 0, 1, 0, 0, -1, 1, 1, 0, 0, 0, 1, -1, -1, 0, 0, 0, 0, 0, 0, 0, 0, 0, 
          0, 1, 1, 0, -1, 0, 0 ], 
      [ 0, 0, 1, 0, 1, 0, -1, 1, 0, 0, 0, 0, 0, 0, 0, -1, 0, 1, -1, 0, 0, 0, 
          0, 0, 1, -1, 0, 0, 1 ], 
      [ 0, -1, 0, 0, 1, -1, 0, 1, 0, 0, 1, -1, 0, 1, 0, 0, 0, 0, 0, 0, 0, 0, 
          0, 1, 0, -1, 0, 1, 0 ], 
      [ 0, -1, 0, 1, 1, 0, 0, 1, 0, 1, 1, 0, 0, 1, 0, 0, 0, 0, 0, -1, 0, 0, 
          -1, 0, 0, -1, 0, 0, 0 ], 
      [ 0, -1, 1, 0, 1, 0, 0, 1, 1, 0, 1, 0, 0, 1, 0, -1, 0, 0, -1, 0, 0, 0, 
          0, 0, 0, -1, 0, 0, 0 ], 
      [ 0, 1, 0, 0, -1, 1, 0, 1, 0, 0, 1, -1, 0, -1, 0, 0, 0, 0, 0, 0, 0, 0, 
          0, 1, 0, 1, 0, -1, 0 ], 
      [ 0, 1, 0, -1, -1, 0, 0, 1, 0, 1, 1, 0, 0, -1, 0, 0, 0, 0, 0, -1, 0, 
          0, 1, 0, 0, 1, 0, 0, 0 ], 
      [ 0, 1, -1, 0, -1, 0, 0, 1, 1, 0, 1, 0, 0, -1, 0, -1, 0, 0, 1, 0, 0, 
          0, 0, 0, 0, 1, 0, 0, 0 ], 
      [ 0, 0, 0, 0, 0, 0, 0, 0, 1, 0, 1, -1, -1, 0, 0, -1, 1, 1, 0, 0, 0, 0, 
          0, 1, 1, 0, -1, 0, 0 ], 
      [ 0, 0, 0, 0, 0, 0, 0, 0, 0, 1, 1, -1, -1, 0, 0, 0, 0, 0, 0, -1, 1, 1, 
          0, 1, 1, 0, -1, 0, 0 ], 
      [ 0, -1, 1, 1, 1, 0, 0, 0, 1, 1, 1, 0, 0, 0, -1, -1, 0, 0, 0, -1, 0, 
          0, 0, 0, 0, 0, 0, 0, 0 ], 
      [ 0, 0, 0, 0, 0, 0, 0, 0, 1, 1, 1, 0, 0, -1, -1, -1, 0, 0, 1, -1, 0, 
          0, 1, 0, 0, 1, 0, 0, 0 ], 
      [ 0, 0, -1, -1, -1, 0, 1, 2, 0, 0, 0, 0, 0, 0, -1, -1, 0, 1, 2, -1, 0, 
          1, 2, 0, 1, 2, 0, 0, -2 ], 
      [ 0, 2, 0, 0, -2, 2, 2, 2, 0, 0, 1, -1, -1, -1, 0, 0, 0, 0, 0, 0, 0, 
          0, 0, 1, 1, 1, -1, -1, -1 ], 
      [ 0, -1, 0, 0, 1, -1, -1, 2, 0, 0, 1, -1, -1, 2, 0, 0, 0, 0, 0, 0, 0, 
          0, 0, 1, 1, -2, -1, 2, 2 ], 
      [ 0, -2, 2, 2, 2, 0, 0, 2, 1, 1, 1, 0, 0, 1, -1, -1, 0, 0, -1, -1, 0, 
          0, -1, 0, 0, -1, 0, 0, 0 ], 
      [ 0, 1, -1, -1, -1, 0, 0, 2, 1, 1, 1, 0, 0, -2, -1, -1, 0, 0, 2, -1, 
          0, 0, 2, 0, 0, 2, 0, 0, 0 ], 
      [ 0, 0, 2, 2, 2, 0, -2, 2, 0, 0, 0, 0, 0, 0, -1, -1, 0, 1, -1, -1, 0, 
          1, -1, 0, 1, -1, 0, 0, 1 ], 
      [ 0, 0, 0, 0, 0, 0, 0, 0, 1, 1, 2, -1, -1, 0, -1, -2, 1, 1, 0, -2, 1, 
          1, 0, 2, 2, 0, -1, 0, 0 ], 
      [ 0, 0, 0, 0, 0, 0, 0, 0, 1, 1, 2, 0, -1, -1, -1, -2, 0, 1, 1, -2, 0, 
          1, 1, 0, 2, 2, 0, 0, -1 ], 
      [ 0, -1, 1, 1, 2, 0, -1, 0, 1, 1, 2, 0, -1, 0, -1, -2, 0, 1, 0, -2, 0, 
          1, 0, 0, 2, 0, 0, 0, 0 ], 
      [ 0, 1, -1, 0, -1, 1, 1, 1, 1, 0, 1, -1, -1, -1, 0, -1, 1, 1, 1, 0, 0, 
          0, 0, 1, 1, 1, -1, -1, -1 ], 
      [ 0, 1, 0, -1, -1, 1, 1, 1, 0, 1, 1, -1, -1, -1, 0, 0, 0, 0, 0, -1, 1, 
          1, 1, 1, 1, 1, -1, -1, -1 ], 
      [ 0, 1, -1, -1, -1, 0, 1, 1, 1, 1, 1, 0, -1, -1, -1, -1, 0, 1, 1, -1, 
          0, 1, 1, 0, 1, 1, 0, 0, -1 ], 
      [ 0, -1, 1, 0, 1, -1, -1, 1, 1, 0, 1, -1, -1, 1, 0, -1, 1, 1, -1, 0, 
          0, 0, 0, 1, 1, -1, -1, 1, 1 ], 
      [ 0, -1, 0, 1, 1, -1, -1, 1, 0, 1, 1, -1, -1, 1, 0, 0, 0, 0, 0, -1, 1, 
          1, -1, 1, 1, -1, -1, 1, 1 ], 
      [ 0, -1, 1, 1, 1, 0, -1, 1, 1, 1, 1, 0, -1, 1, -1, -1, 0, 1, -1, -1, 
          0, 1, -1, 0, 1, -1, 0, 0, 1 ], 
      [ 0, 2, -2, -2, -2, 0, 2, 4, 1, 1, 1, 0, -1, -2, -1, -1, 0, 1, 2, -1, 
          0, 1, 2, 0, 1, 2, 0, 0, -2 ], 
      [ 0, 2, -2, 0, -2, 2, 2, 4, 1, 0, 1, -1, -1, -2, 0, -1, 1, 1, 2, 0, 0, 
          0, 0, 1, 1, 2, -1, -2, -2 ], 
      [ 0, 2, 0, -2, -2, 2, 2, 4, 0, 1, 1, -1, -1, -2, 0, 0, 0, 0, 0, -1, 1, 
          1, 2, 1, 1, 2, -1, -2, -2 ], 
      [ 0, -2, 2, 2, 2, 0, -2, 4, 1, 1, 1, 0, -1, 2, -1, -1, 0, 1, -2, -1, 
          0, 1, -2, 0, 1, -2, 0, 0, 2 ], 
      [ 0, 1, -1, -1, -2, 0, 1, 2, 1, 1, 2, 0, -1, -2, -1, -2, 0, 1, 2, -2, 
          0, 1, 2, 0, 2, 4, 0, 0, -2 ], 
      [ 0, -2, 0, 2, 2, -2, -2, 4, 0, 1, 1, -1, -1, 2, 0, 0, 0, 0, 0, -1, 1, 
          1, -2, 1, 1, -2, -1, 2, 2 ], 
      [ 0, -2, 2, 0, 2, -2, -2, 4, 1, 0, 1, -1, -1, 2, 0, -1, 1, 1, -2, 0, 
          0, 0, 0, 1, 1, -2, -1, 2, 2 ], 
      [ 0, -2, 2, 2, 4, 0, -2, 2, 1, 1, 2, 0, -1, 1, -1, -2, 0, 1, -1, -2, 
          0, 1, -1, 0, 2, -2, 0, 0, 1 ], 
      [ 0, 2, -2, -2, -4, 0, 2, 6, 1, 1, 2, 0, -1, -3, -1, -2, 0, 1, 3, -2, 
          0, 1, 3, 0, 2, 6, 0, 0, -3 ], 
      [ 0, -3, 3, 3, 6, 0, -3, 6, 1, 1, 2, 0, -1, 2, -1, -2, 0, 1, -2, -2, 
          0, 1, -2, 0, 2, -4, 0, 0, 2 ], 
      [ 0, 1, -1, -1, -2, 1, 1, 1, 1, 1, 2, -1, -1, -1, -1, -2, 1, 1, 1, -2, 
          1, 1, 1, 2, 2, 2, -1, -1, -1 ], 
      [ 0, -1, 1, 1, 2, -1, -1, 1, 1, 1, 2, -1, -1, 1, -1, -2, 1, 1, -1, -2, 
          1, 1, -1, 2, 2, -2, -1, 1, 1 ], 
      [ 0, 2, -2, -2, -4, 2, 2, 4, 1, 1, 2, -1, -1, -2, -1, -2, 1, 1, 2, -2, 
          1, 1, 2, 2, 2, 4, -1, -2, -2 ], 
      [ 0, -2, 2, 2, 4, -2, -2, 4, 1, 1, 2, -1, -1, 2, -1, -2, 1, 1, -2, -2, 
          1, 1, -2, 2, 2, -4, -1, 2, 2 ], 
      [ 0, -3, 3, 3, 6, -3, -3, 9, 1, 1, 2, -1, -1, 3, -1, -2, 1, 1, -3, -2, 
          1, 1, -3, 2, 2, -6, -1, 3, 3 ], 
      [ 0, 3, -3, -3, -6, 3, 3, 9, 1, 1, 2, -1, -1, -3, -1, -2, 1, 1, 3, -2, 
          1, 1, 3, 2, 2, 6, -1, -3, -3 ] ],
  ListIncidentSymbol := 
   [ [ 0, 0, 0, 0, 0, 1, 1, -1 ], [ -1, 0, 0, 0, 0, 0, 1, 1 ], 
      [ -1, 0, 0, 0, 0, 1, 0, 1 ], [ -1, 1, 0, 0, 0, 0, 0, 1 ], 
      [ -1, 0, 0, 0, 1, 0, 0, 1 ], [ -1, 0, 0, 1, 0, 0, 0, 1 ], 
      [ -1, 1, 0, 0, 0, 1, 0, 0 ], [ -1, 0, 1, 0, 0, 0, 0, 1 ], 
      [ 1, 0, 0, 0, 0, 0, 1, -1 ], [ 0, 0, 0, 1, 1, 0, -1, 0 ], 
      [ 0, -1, 0, 1, 1, 0, 0, 0 ], [ 0, 0, 1, 0, 1, 0, -1, 0 ], 
      [ -1, 0, 1, 0, 0, 1, 0, 0 ], [ 0, -1, 1, 0, 1, 0, 0, 0 ], 
      [ 0, 1, 0, 0, -1, 1, 0, 0 ], [ 0, 0, 0, 0, -1, 1, 1, 0 ], 
      [ -1, 0, 0, 1, 1, 0, 0, 0 ], [ -1, 0, 0, 0, 0, 1, 1, 0 ], 
      [ 0, 0, 0, 1, 0, 1, 0, -1 ], [ -1, 0, 1, 0, 1, 0, 0, 0 ], 
      [ 0, 0, 1, 0, 0, 1, 0, -1 ], [ 0, 0, 0, 1, 1, 0, 0, -1 ], 
      [ 1, 0, 0, 0, 0, 1, 0, -1 ], [ 0, 1, 0, 0, 0, 1, 0, -1 ], 
      [ 0, 0, 1, 0, 1, 0, 0, -1 ], [ -1, 0, 0, 1, 0, 1, 0, 0 ], 
      [ 1, 0, 0, 0, 1, 0, 0, -1 ], [ 1, 1, 0, 0, 0, 0, 0, -1 ], 
      [ 1, 0, 0, 1, 0, 0, 0, -1 ], [ 1, 0, 1, 0, 0, 0, 0, -1 ], 
      [ 0, 0, 1, 1, 1, 0, -1, -1 ], [ 0, -1, 1, 1, 1, 0, -1, 0 ], 
      [ -1, 0, 1, 1, 1, 0, -1, 0 ], [ 1, 0, 0, 1, 1, 0, -1, -1 ], 
      [ 0, 1, 0, 0, -1, 1, 1, -1 ], [ -1, 0, 0, 0, -1, 1, 1, 1 ], 
      [ -1, 0, 0, 1, 1, 0, -1, 1 ], [ 1, 0, 1, 0, 1, 0, -1, -1 ], 
      [ 1, 0, 0, 0, -1, 1, 1, -1 ], [ -1, 1, 0, 0, -1, 1, 1, 0 ], 
      [ -1, 0, 1, 0, 1, 0, -1, 1 ], [ 1, 1, 0, 0, -1, 1, 0, -1 ], 
      [ -1, -1, 0, 1, 1, 0, 0, 1 ], [ -1, -1, 1, 0, 1, 0, 0, 1 ], 
      [ -1, 1, 0, 0, -1, 1, 0, 1 ], [ 1, -1, 0, 1, 1, 0, 0, -1 ], 
      [ 1, -1, 1, 0, 1, 0, 0, -1 ], [ 0, 1, -1, 0, -1, 1, 1, 0 ], 
      [ 0, 1, 0, -1, -1, 1, 1, 0 ], [ -1, -1, 1, 1, 1, 0, 0, 0 ], 
      [ 0, -1, 1, 1, 1, 0, 0, -1 ], [ 1, 0, 1, 1, 1, 0, -1, -2 ], 
      [ -2, 1, 0, 0, -1, 1, 1, 1 ], [ 1, 1, 0, 0, -1, 1, 1, -2 ], 
      [ -2, -1, 1, 1, 1, 0, 0, 1 ], [ 1, -1, 1, 1, 1, 0, 0, -2 ], 
      [ -2, 0, 1, 1, 1, 0, -1, 1 ], [ 0, -1, 1, 1, 2, -1, -1, 0 ], 
      [ 0, -1, 1, 1, 2, 0, -1, -1 ], [ -1, -1, 1, 1, 2, 0, -1, 0 ], 
      [ -1, 1, -1, 0, -1, 1, 1, 1 ], [ -1, 1, 0, -1, -1, 1, 1, 1 ], 
      [ 1, -1, 1, 1, 1, 0, -1, -1 ], [ 1, 1, -1, 0, -1, 1, 1, -1 ], 
      [ 1, 1, 0, -1, -1, 1, 1, -1 ], [ -1, -1, 1, 1, 1, 0, -1, 1 ], 
      [ 2, -1, 1, 1, 1, 0, -1, -2 ], [ -2, 1, -1, 0, -1, 1, 1, 2 ], 
      [ -2, 1, 0, -1, -1, 1, 1, 2 ], [ -2, -1, 1, 1, 1, 0, -1, 2 ], 
      [ 1, -1, 1, 1, 2, 0, -1, -2 ], [ 2, 1, 0, -1, -1, 1, 1, -2 ], 
      [ 2, 1, -1, 0, -1, 1, 1, -2 ], [ -2, -1, 1, 1, 2, 0, -1, 1 ], 
      [ 2, -1, 1, 1, 2, 0, -1, -3 ], [ -3, -1, 1, 1, 2, 0, -1, 2 ], 
      [ 1, -1, 1, 1, 2, -1, -1, -1 ], [ -1, -1, 1, 1, 2, -1, -1, 1 ], 
      [ 2, -1, 1, 1, 2, -1, -1, -2 ], [ -2, -1, 1, 1, 2, -1, -1, 2 ], 
      [ -3, -1, 1, 1, 2, -1, -1, 3 ], [ 3, -1, 1, 1, 2, -1, -1, -3 ] ],
  ListAdjacent := [ rec(
          DistVect := [ 0, 1, 1, 1, 0, 0, 0, 0, 0, 0, 1, 1, 1, 1, 0, 1, 1, 
              1, 1, 1, 1, 1, 1, 0, 0, 0, 0, 0, 0 ],
          eAdj := [ 1, 2, 3, 4, 5, 6, 7, 8, 9, 10, 11, 12, 13, 14, 15, 16, 
              17, 18, 19, 20, 21, 22, 23, 24, 25, 26, 27, 28, 29, 30, 32, 
              34, 35, 36, 37, 38, 39, 40, 41, 42, 43, 44, 45, 46, 47, 48, 
              49, 50, 51, 53, 54, 55, 56, 58, 59, 60, 61, 62, 63, 64, 65, 
              66, 67, 68, 69, 70, 71, 72, 73, 74, 75, 76, 77, 78, 79, 80, 
              81, 82 ] ), rec(
          DistVect := [ 0, 1, 1, 1, 0, 0, 1, 0, 0, 0, 1, 1, 0, 1, 0, 1, 1, 
              0, 1, 1, 1, 0, 1, 0, 1, 0, 1, 0, 1 ],
          eAdj := [ 1, 2, 3, 4, 5, 6, 7, 8, 9, 10, 11, 12, 13, 14, 15, 16, 
              17, 18, 19, 20, 21, 22, 23, 24, 25, 26, 27, 28, 29, 30, 31, 
              32, 33, 34, 36, 37, 38, 39, 41, 42, 43, 44, 45, 46, 47, 48, 
              49, 50, 51, 52, 55, 56, 57, 58, 59, 60, 61, 62, 63, 64, 65, 
              66, 67, 68, 69, 70, 71, 72, 73, 74, 75, 76, 77, 78, 79, 80, 
              81, 82 ] ), rec(
          DistVect := [ 0, 1, 0, 1, 0, 0, 0, 0, 1, 0, 1, 1, 1, 1, 1, 0, 0, 
              0, 0, 1, 1, 1, 1, 0, 0, 0, 0, 0, 0 ],
          eAdj := [ 1, 2, 3, 4, 5, 6, 7, 8, 9, 10, 11, 12, 13, 15, 16, 17, 
              18, 19, 20, 21, 22, 23, 24, 25, 26, 27, 28, 29, 30, 31, 32, 
              33, 34, 35, 36, 37, 38, 39, 40, 41, 42, 43, 45, 46, 48, 49, 
              50, 51, 52, 53, 54, 55, 56, 57, 58, 59, 60, 61, 62, 63, 64, 
              65, 66, 67, 68, 69, 70, 71, 72, 73, 74, 75, 76, 77, 78, 79, 
              80, 81, 82 ] ), rec(
          DistVect := [ 0, 0, 0, 0, 1, 0, 1, 0, 0, 0, 1, 0, 1, 0, 0, 1, 0, 
              1, 0, 1, 0, 1, 0, 1, 0, 1, 1, 0, 1 ],
          eAdj := [ 1, 2, 3, 4, 5, 6, 7, 8, 9, 10, 11, 12, 13, 14, 16, 17, 
              18, 19, 20, 21, 22, 23, 24, 25, 26, 27, 28, 29, 30, 31, 32, 
              33, 34, 35, 36, 37, 38, 39, 40, 41, 43, 44, 46, 47, 48, 49, 
              50, 51, 52, 53, 54, 55, 56, 57, 58, 59, 60, 61, 62, 63, 64, 
              65, 66, 67, 68, 69, 70, 71, 72, 73, 74, 75, 76, 77, 78, 79, 
              80, 81, 82 ] ), rec(
          DistVect := [ 0, 0, 0, 1, 0, 1, 0, 0, 0, 1, 0, 1, 0, 0, 1, 0, 1, 
              0, 0, 1, 0, 1, 1, 1, 0, 0, 1, 1, 0 ],
          eAdj := [ 1, 2, 3, 4, 5, 6, 7, 8, 9, 10, 11, 12, 13, 14, 15, 16, 
              17, 18, 20, 21, 22, 23, 24, 25, 27, 28, 29, 30, 31, 32, 33, 
              34, 35, 36, 37, 38, 39, 40, 41, 42, 43, 44, 45, 46, 47, 48, 
              49, 50, 51, 52, 53, 54, 55, 56, 57, 58, 59, 60, 61, 62, 63, 
              64, 65, 66, 67, 68, 69, 70, 71, 72, 73, 74, 75, 76, 77, 78, 
              79, 80, 81, 82 ] ), rec(
          DistVect := [ 0, 1, 1, 0, 1, 0, 1, 0, 0, 1, 0, 1, 0, 1, 1, 0, 1, 
              0, 1, 1, 0, 1, 0, 1, 0, 1, 1, 0, 1 ],
          eAdj := [ 1, 2, 3, 4, 5, 6, 7, 8, 9, 10, 11, 12, 13, 14, 15, 16, 
              17, 18, 19, 21, 22, 23, 24, 26, 27, 28, 29, 30, 31, 32, 33, 
              34, 35, 36, 37, 38, 39, 40, 41, 42, 43, 44, 45, 46, 47, 48, 
              49, 50, 51, 52, 53, 54, 55, 56, 57, 58, 59, 60, 61, 62, 63, 
              64, 65, 66, 67, 68, 69, 70, 71, 72, 73, 74, 75, 76, 77, 78, 
              79, 80, 81, 82 ] ), rec(
          DistVect := [ 0, 1, 0, 0, 1, 1, 0, 0, 1, 1, 0, 0, 1, 1, 0, 1, 1, 
              0, 0, 1, 1, 0, 0, 0, 1, 1, 1, 1, 0 ],
          eAdj := [ 1, 2, 3, 4, 5, 6, 8, 9, 10, 11, 12, 13, 14, 15, 16, 17, 
              18, 19, 20, 21, 22, 23, 25, 26, 27, 28, 29, 30, 31, 32, 33, 
              34, 35, 36, 37, 38, 39, 40, 41, 42, 43, 44, 45, 46, 47, 48, 
              49, 50, 51, 52, 53, 54, 55, 56, 57, 58, 59, 60, 61, 62, 63, 
              64, 65, 66, 67, 68, 69, 70, 71, 72, 73, 74, 75, 76, 77, 78, 
              79, 80, 81, 82 ] ), rec(
          DistVect := [ 0, 7, 7, 7, 4, 4, 4, 3, 4, 4, 3, 7, 5, 4, 4, 7, 7, 
              5, 4, 7, 7, 5, 4, 4, 4, 3, 8, 3, 5 ],
          eAdj := [ 1, 11, 14, 15, 16, 18, 19, 21, 22, 24, 25, 28, 29, 30, 
              34, 35, 38, 42, 48, 49, 51, 52, 59, 63, 71, 77 ] ), rec(
          DistVect := [ 0, 7, 7, 5, 5, 3, 4, 3, 4, 4, 4, 8, 7, 4, 4, 8, 8, 
              7, 4, 8, 8, 5, 4, 4, 5, 4, 7, 4, 7 ],
          eAdj := [ 2, 11, 14, 15, 18, 19, 21, 22, 24, 25, 26, 28, 30, 34, 
              36, 38, 40, 49, 51, 52, 59, 61, 62, 63, 71, 77 ] ), rec(
          DistVect := [ 0, 4, 7, 7, 4, 4, 4, 3, 5, 5, 4, 8, 4, 5, 4, 7, 7, 
              5, 4, 7, 7, 5, 4, 4, 4, 3, 8, 3, 5 ],
          eAdj := [ 1, 7, 15, 16, 18, 19, 21, 22, 24, 25, 29, 30, 34, 38, 
              40, 46, 47, 52, 56, 61, 62, 63, 67, 71, 77, 79 ] ), rec(
          DistVect := [ 0, 4, 7, 7, 4, 4, 4, 3, 5, 5, 4, 8, 4, 5, 4, 7, 7, 
              7, 4, 7, 7, 7, 4, 4, 4, 3, 8, 3, 7 ],
          eAdj := [ 2, 7, 15, 16, 18, 19, 21, 22, 24, 25, 29, 30, 34, 36, 
              38, 40, 46, 47, 52, 56, 61, 62, 67, 71, 75, 79 ] ), rec(
          DistVect := [ 0, 5, 7, 7, 3, 3, 4, 3, 4, 4, 4, 8, 5, 4, 4, 8, 8, 
              7, 4, 8, 8, 7, 4, 4, 3, 4, 7, 4, 7 ],
          eAdj := [ 2, 7, 11, 14, 15, 16, 18, 19, 21, 22, 24, 25, 29, 30, 
              34, 36, 38, 40, 51, 52, 59, 61, 62, 63, 71, 77 ] ), rec(
          DistVect := [ 0, 4, 7, 5, 5, 3, 4, 3, 7, 5, 5, 7, 4, 7, 4, 8, 8, 
              7, 4, 8, 8, 5, 4, 4, 5, 4, 7, 4, 7 ],
          eAdj := [ 2, 4, 7, 18, 19, 21, 22, 25, 26, 30, 34, 36, 38, 45, 46, 
              47, 52, 53, 56, 62, 67, 68, 69, 71, 75, 79 ] ), rec(
          DistVect := [ 0, 1, 1, 1, 2, 2, 1, 1, 1, 1, 1, 2, 1, 1, 1, 1, 1, 
              1, 0, 2, 2, 1, 1, 1, 1, 1, 2, 1, 1 ],
          eAdj := [ 1, 10, 11, 15, 16, 19, 21, 22, 23, 24, 25, 27, 30, 31, 
              34, 35, 38, 40, 46, 47, 48, 49, 51, 52, 56, 61, 63, 71, 77 ] ),
      rec(
          DistVect := [ 0, 7, 7, 4, 4, 4, 4, 3, 4, 5, 5, 7, 7, 4, 5, 9, 7, 
              7, 4, 8, 8, 4, 5, 4, 4, 5, 8, 3, 7 ],
          eAdj := [ 2, 10, 14, 16, 17, 18, 19, 21, 24, 25, 26, 28, 30, 31, 
              32, 35, 38, 42, 43, 48, 49, 50, 58, 59, 60, 65 ] ), rec(
          DistVect := [ 0, 7, 7, 4, 4, 4, 4, 3, 4, 7, 3, 7, 5, 4, 7, 7, 7, 
              5, 4, 8, 8, 4, 7, 4, 4, 3, 8, 3, 5 ],
          eAdj := [ 1, 6, 10, 14, 15, 16, 17, 18, 21, 24, 25, 26, 28, 30, 
              31, 32, 35, 38, 42, 43, 48, 50, 58, 59, 60, 65 ] ), rec(
          DistVect := [ 0, 4, 7, 4, 4, 4, 4, 3, 5, 4, 4, 8, 4, 5, 5, 7, 9, 
              5, 4, 8, 8, 4, 5, 4, 4, 3, 8, 5, 5 ],
          eAdj := [ 7, 10, 11, 15, 16, 17, 18, 21, 22, 25, 26, 30, 31, 36, 
              38, 40, 45, 47, 49, 51, 59, 61, 62, 63, 71, 77 ] ), rec(
          DistVect := [ 0, 4, 7, 4, 4, 4, 4, 3, 5, 4, 4, 8, 4, 5, 5, 7, 7, 
              5, 4, 8, 8, 4, 5, 4, 4, 3, 8, 3, 5 ],
          eAdj := [ 1, 7, 10, 11, 15, 16, 17, 18, 19, 21, 22, 24, 25, 26, 
              30, 31, 38, 40, 47, 49, 51, 59, 61, 63, 71, 77 ] ), rec(
          DistVect := [ 0, 4, 7, 4, 4, 4, 4, 3, 7, 4, 4, 8, 4, 7, 5, 9, 7, 
              7, 4, 8, 8, 4, 5, 4, 4, 5, 8, 3, 7 ],
          eAdj := [ 2, 4, 7, 10, 11, 15, 16, 17, 18, 19, 21, 25, 26, 30, 31, 
              38, 40, 47, 49, 51, 59, 61, 62, 63, 71, 77 ] ), rec(
          DistVect := [ 0, 4, 7, 4, 4, 4, 4, 3, 5, 4, 4, 8, 4, 5, 7, 7, 7, 
              5, 4, 8, 8, 4, 7, 4, 4, 3, 8, 3, 5 ],
          eAdj := [ 1, 6, 7, 10, 11, 15, 16, 17, 18, 21, 24, 25, 26, 30, 31, 
              32, 38, 40, 47, 49, 51, 58, 59, 61, 63, 77 ] ), rec(
          DistVect := [ 0, 4, 7, 4, 4, 4, 4, 3, 5, 4, 4, 8, 4, 5, 7, 7, 7, 
              7, 4, 8, 8, 4, 7, 4, 4, 3, 8, 3, 7 ],
          eAdj := [ 2, 6, 7, 10, 11, 15, 16, 17, 18, 21, 24, 25, 26, 30, 31, 
              36, 38, 40, 47, 49, 51, 59, 61, 63, 71, 77 ] ), rec(
          DistVect := [ 0, 7, 5, 3, 4, 5, 5, 3, 4, 4, 7, 8, 4, 4, 4, 9, 8, 
              4, 4, 7, 8, 4, 4, 5, 5, 7, 8, 4, 4 ],
          eAdj := [ 1, 5, 12, 17, 19, 20, 21, 24, 26, 28, 33, 37, 39, 41, 
              42, 43, 44, 50, 54, 55, 64, 65, 66, 72, 74, 80 ] ), rec(
          DistVect := [ 0, 4, 5, 3, 4, 5, 5, 3, 5, 3, 4, 9, 5, 7, 4, 9, 8, 
              4, 4, 7, 8, 4, 4, 5, 5, 7, 8, 4, 4 ],
          eAdj := [ 1, 4, 5, 7, 11, 12, 14, 15, 17, 19, 20, 21, 26, 32, 33, 
              35, 37, 39, 41, 48, 49, 50, 51, 60, 65, 78 ] ), rec(
          DistVect := [ 0, 7, 7, 4, 4, 4, 7, 3, 4, 5, 5, 7, 4, 4, 5, 9, 7, 
              4, 4, 8, 8, 5, 5, 4, 5, 5, 7, 3, 4 ],
          eAdj := [ 1, 9, 12, 14, 17, 19, 21, 24, 25, 26, 28, 30, 33, 37, 
              39, 42, 43, 50, 54, 60, 64, 65, 66, 72, 74, 78 ] ), rec(
          DistVect := [ 0, 4, 4, 4, 4, 7, 4, 3, 4, 4, 4, 9, 4, 5, 4, 8, 9, 
              4, 5, 8, 7, 4, 3, 5, 4, 5, 7, 4, 3 ],
          eAdj := [ 1, 10, 11, 12, 14, 15, 17, 19, 20, 21, 22, 23, 24, 32, 
              33, 35, 39, 41, 42, 49, 50, 51, 60, 64, 65, 78 ] ), rec(
          DistVect := [ 0, 7, 5, 5, 5, 5, 5, 3, 4, 4, 4, 8, 4, 4, 4, 8, 8, 
              4, 4, 8, 8, 4, 4, 4, 4, 4, 8, 4, 4 ],
          eAdj := [ 1, 10, 11, 12, 14, 15, 16, 19, 21, 22, 24, 25, 28, 31, 
              32, 35, 42, 48, 49, 50, 51, 58, 59, 60, 64, 65 ] ), rec(
          DistVect := [ 0, 5, 7, 5, 3, 5, 5, 3, 4, 4, 4, 8, 4, 4, 4, 8, 8, 
              4, 4, 8, 8, 4, 4, 4, 4, 4, 8, 4, 4 ],
          eAdj := [ 1, 10, 11, 12, 14, 15, 16, 17, 19, 21, 22, 24, 25, 30, 
              31, 32, 35, 39, 42, 48, 49, 51, 58, 59, 60, 65 ] ), rec(
          DistVect := [ 0, 7, 7, 7, 3, 3, 5, 3, 4, 4, 4, 8, 4, 4, 4, 8, 8, 
              4, 4, 8, 8, 4, 4, 4, 4, 4, 8, 4, 4 ],
          eAdj := [ 1, 10, 11, 12, 14, 15, 16, 18, 19, 21, 22, 24, 25, 28, 
              29, 30, 31, 32, 35, 42, 48, 49, 51, 58, 59, 60 ] ), rec(
          DistVect := [ 0, 7, 5, 5, 5, 5, 3, 3, 4, 4, 4, 8, 4, 4, 4, 8, 8, 
              4, 4, 8, 8, 4, 4, 4, 4, 4, 8, 4, 4 ],
          eAdj := [ 1, 10, 11, 12, 14, 15, 16, 18, 19, 21, 22, 24, 25, 28, 
              31, 32, 34, 35, 38, 42, 48, 49, 50, 51, 58, 59 ] ), rec(
          DistVect := [ 0, 5, 7, 5, 3, 5, 3, 3, 4, 4, 4, 8, 4, 4, 4, 8, 8, 
              4, 4, 8, 8, 4, 4, 4, 4, 4, 8, 4, 4 ],
          eAdj := [ 1, 10, 11, 12, 14, 15, 16, 17, 18, 19, 21, 22, 24, 25, 
              30, 31, 32, 35, 38, 42, 48, 49, 51, 58, 59, 63 ] ), rec(
          DistVect := [ 0, 5, 5, 5, 3, 5, 3, 3, 4, 4, 4, 8, 4, 4, 4, 8, 8, 
              4, 4, 8, 8, 4, 4, 4, 4, 4, 8, 4, 4 ],
          eAdj := [ 1, 10, 11, 12, 14, 15, 16, 17, 18, 19, 20, 21, 22, 24, 
              25, 31, 32, 35, 42, 48, 49, 50, 51, 58, 59, 60 ] ), rec(
          DistVect := [ 0, 5, 5, 3, 5, 7, 3, 3, 4, 4, 4, 8, 4, 4, 4, 8, 8, 
              4, 4, 8, 8, 4, 4, 4, 4, 4, 8, 4, 4 ],
          eAdj := [ 1, 10, 11, 12, 14, 15, 16, 17, 19, 21, 22, 23, 24, 25, 
              31, 32, 35, 38, 42, 48, 49, 50, 51, 58, 59, 65 ] ), rec(
          DistVect := [ 0, 1, 1, 1, 1, 2, 1, 1, 1, 1, 1, 1, 1, 0, 1, 2, 2, 
              1, 1, 2, 2, 1, 1, 1, 1, 1, 2, 1, 1 ],
          eAdj := [ 1, 10, 11, 12, 14, 16, 17, 19, 20, 21, 22, 23, 24, 25, 
              28, 31, 32, 33, 35, 39, 42, 43, 44, 50, 54, 60, 64, 65, 66, 78 
             ] ), rec(
          DistVect := [ 0, 3, 5, 5, 3, 7, 3, 3, 4, 4, 4, 8, 4, 4, 4, 8, 8, 
              4, 4, 8, 8, 4, 4, 4, 4, 4, 8, 4, 4 ],
          eAdj := [ 1, 10, 11, 12, 14, 15, 16, 17, 19, 20, 21, 22, 23, 24, 
              25, 31, 32, 35, 39, 42, 48, 49, 51, 58, 59, 63 ] ), rec(
          DistVect := [ 0, 4, 4, 4, 4, 7, 4, 3, 4, 4, 4, 7, 4, 3, 4, 8, 9, 
              4, 5, 8, 9, 4, 5, 3, 4, 3, 7, 4, 3 ],
          eAdj := [ 1, 10, 11, 12, 14, 15, 16, 17, 19, 20, 21, 22, 23, 24, 
              25, 32, 33, 35, 39, 42, 50, 60, 64, 65, 66, 78 ] ), rec(
          DistVect := [ 0, 7, 7, 4, 4, 4, 4, 3, 4, 5, 5, 7, 5, 4, 5, 9, 7, 
              5, 4, 8, 8, 4, 5, 4, 4, 5, 8, 3, 5 ],
          eAdj := [ 1, 10, 12, 14, 16, 17, 18, 19, 21, 24, 25, 26, 28, 30, 
              31, 32, 35, 38, 42, 43, 48, 50, 58, 60, 65, 78 ] ), rec(
          DistVect := [ 0, 7, 5, 3, 7, 5, 5, 3, 4, 4, 4, 8, 4, 4, 4, 8, 8, 
              4, 4, 8, 8, 4, 4, 4, 4, 4, 8, 4, 4 ],
          eAdj := [ 1, 10, 11, 12, 14, 15, 16, 19, 21, 22, 24, 25, 26, 27, 
              28, 31, 32, 35, 38, 48, 49, 50, 51, 58, 59, 65 ] ), rec(
          DistVect := [ 0, 7, 7, 5, 5, 3, 5, 3, 4, 4, 4, 8, 4, 4, 4, 8, 8, 
              4, 4, 8, 8, 4, 4, 4, 4, 4, 8, 4, 4 ],
          eAdj := [ 1, 10, 11, 12, 14, 15, 16, 18, 19, 21, 22, 24, 25, 26, 
              28, 30, 31, 32, 35, 38, 48, 49, 51, 58, 59, 77 ] ), rec(
          DistVect := [ 0, 5, 5, 4, 3, 5, 3, 3, 4, 5, 4, 8, 4, 4, 5, 8, 8, 
              4, 4, 7, 9, 3, 7, 4, 4, 4, 8, 4, 4 ],
          eAdj := [ 1, 6, 10, 12, 14, 15, 16, 17, 18, 20, 21, 24, 25, 26, 
              32, 33, 35, 37, 42, 43, 48, 50, 60, 65, 66, 78 ] ), rec(
          DistVect := [ 0, 5, 7, 7, 3, 3, 5, 3, 4, 4, 4, 8, 4, 4, 4, 8, 8, 
              4, 4, 8, 8, 4, 4, 4, 4, 4, 8, 4, 4 ],
          eAdj := [ 1, 7, 10, 11, 12, 14, 15, 16, 18, 19, 21, 22, 24, 25, 
              29, 30, 31, 32, 35, 48, 49, 51, 58, 59, 63, 77 ] ), rec(
          DistVect := [ 0, 5, 7, 5, 3, 3, 5, 3, 4, 4, 4, 8, 4, 4, 4, 8, 8, 
              4, 4, 8, 8, 4, 4, 4, 4, 4, 8, 4, 4 ],
          eAdj := [ 1, 7, 10, 11, 12, 14, 15, 16, 17, 18, 19, 21, 22, 24, 
              25, 26, 30, 31, 32, 35, 48, 49, 51, 58, 59, 60 ] ), rec(
          DistVect := [ 0, 4, 5, 5, 5, 5, 5, 3, 5, 5, 5, 9, 5, 7, 4, 8, 8, 
              4, 4, 8, 8, 4, 4, 4, 4, 4, 8, 4, 4 ],
          eAdj := [ 1, 4, 7, 10, 12, 15, 16, 19, 21, 22, 25, 31, 40, 45, 46, 
              47, 48, 49, 51, 56, 59, 61, 62, 63, 71, 77 ] ), rec(
          DistVect := [ 0, 4, 5, 5, 5, 5, 3, 3, 5, 5, 5, 9, 3, 7, 4, 8, 8, 
              4, 4, 8, 8, 4, 4, 4, 4, 4, 8, 4, 4 ],
          eAdj := [ 1, 4, 7, 10, 12, 15, 16, 18, 19, 21, 22, 25, 31, 34, 38, 
              40, 45, 46, 47, 51, 56, 61, 62, 63, 71, 77 ] ), rec(
          DistVect := [ 0, 4, 7, 4, 4, 4, 4, 3, 7, 4, 4, 8, 4, 7, 5, 9, 7, 
              5, 4, 8, 8, 4, 5, 4, 4, 5, 8, 3, 5 ],
          eAdj := [ 1, 4, 7, 10, 11, 12, 15, 16, 17, 18, 19, 21, 25, 26, 30, 
              31, 38, 40, 47, 49, 51, 58, 59, 61, 63, 77 ] ), rec(
          DistVect := [ 0, 4, 5, 3, 7, 5, 5, 3, 5, 3, 7, 9, 5, 7, 4, 8, 8, 
              4, 4, 8, 8, 4, 4, 4, 4, 4, 8, 4, 4 ],
          eAdj := [ 1, 4, 7, 10, 12, 16, 19, 21, 22, 25, 26, 27, 31, 38, 40, 
              45, 46, 47, 49, 51, 56, 61, 62, 63, 71, 77 ] ), rec(
          DistVect := [ 0, 4, 7, 5, 5, 3, 5, 3, 7, 5, 5, 7, 5, 7, 4, 8, 8, 
              4, 4, 8, 8, 4, 4, 4, 4, 4, 8, 4, 4 ],
          eAdj := [ 1, 4, 7, 10, 12, 16, 18, 19, 21, 22, 25, 26, 30, 31, 38, 
              40, 45, 46, 47, 56, 61, 62, 63, 71, 77, 79 ] ), rec(
          DistVect := [ 0, 7, 7, 5, 5, 3, 7, 3, 4, 4, 4, 8, 4, 4, 4, 8, 8, 
              4, 4, 8, 8, 4, 4, 4, 4, 4, 8, 4, 4 ],
          eAdj := [ 1, 9, 10, 11, 12, 14, 15, 16, 19, 21, 22, 24, 25, 26, 
              28, 30, 31, 32, 35, 48, 49, 51, 58, 59, 60, 65 ] ), rec(
          DistVect := [ 0, 7, 5, 5, 7, 3, 4, 3, 4, 4, 4, 8, 7, 4, 4, 8, 8, 
              5, 4, 8, 8, 5, 4, 4, 7, 4, 7, 4, 7 ],
          eAdj := [ 2, 11, 13, 14, 15, 18, 19, 21, 22, 24, 25, 26, 27, 28, 
              34, 36, 38, 40, 51, 52, 61, 62, 63, 71, 77, 79 ] ), rec(
          DistVect := [ 0, 7, 4, 4, 7, 4, 4, 3, 5, 5, 4, 7, 7, 4, 4, 9, 8, 
              4, 5, 9, 8, 4, 5, 3, 7, 4, 8, 3, 7 ],
          eAdj := [ 2, 11, 13, 14, 15, 18, 19, 21, 22, 24, 25, 26, 27, 28, 
              31, 32, 34, 36, 38, 40, 48, 49, 50, 58, 59, 77 ] ), rec(
          DistVect := [ 0, 4, 5, 5, 7, 3, 4, 3, 5, 5, 7, 7, 4, 7, 4, 8, 8, 
              5, 4, 8, 8, 5, 4, 4, 7, 4, 7, 4, 7 ],
          eAdj := [ 2, 4, 7, 13, 18, 19, 21, 22, 25, 26, 27, 34, 36, 38, 45, 
              46, 47, 52, 53, 56, 67, 68, 69, 75, 79, 82 ] ), rec(
          DistVect := [ 0, 4, 4, 4, 7, 4, 4, 3, 4, 4, 7, 8, 4, 7, 4, 9, 8, 
              4, 5, 9, 8, 4, 5, 3, 7, 4, 8, 3, 7 ],
          eAdj := [ 2, 4, 7, 13, 18, 19, 21, 22, 25, 26, 27, 31, 34, 36, 38, 
              45, 46, 47, 51, 53, 61, 62, 63, 71, 77, 79 ] ), rec(
          DistVect := [ 0, 7, 4, 4, 4, 4, 4, 3, 5, 5, 5, 7, 5, 4, 4, 8, 8, 
              4, 5, 8, 8, 4, 5, 4, 4, 5, 8, 3, 5 ],
          eAdj := [ 1, 10, 12, 13, 16, 17, 18, 19, 20, 21, 24, 26, 28, 33, 
              35, 42, 43, 44, 50, 55, 60, 64, 65, 66, 74, 78 ] ), rec(
          DistVect := [ 0, 7, 5, 5, 5, 3, 5, 3, 4, 4, 4, 8, 4, 4, 4, 8, 8, 
              4, 4, 8, 8, 4, 4, 4, 4, 4, 8, 4, 4 ],
          eAdj := [ 1, 10, 11, 12, 13, 14, 15, 16, 18, 19, 21, 22, 24, 25, 
              26, 28, 31, 32, 35, 48, 49, 50, 51, 58, 59, 60 ] ), rec(
          DistVect := [ 0, 4, 5, 5, 4, 3, 4, 3, 5, 5, 4, 7, 4, 7, 4, 9, 8, 
              5, 4, 9, 8, 5, 4, 3, 4, 7, 7, 4, 7 ],
          eAdj := [ 2, 4, 5, 7, 10, 11, 12, 13, 14, 15, 16, 17, 18, 19, 20, 
              21, 26, 31, 40, 51, 58, 59, 61, 62, 63, 77 ] ), rec(
          DistVect := [ 0, 4, 4, 4, 4, 4, 4, 3, 4, 4, 4, 8, 4, 7, 4, 8, 8, 
              4, 5, 8, 8, 4, 5, 4, 4, 7, 8, 3, 7 ],
          eAdj := [ 2, 4, 5, 7, 10, 11, 12, 13, 14, 15, 16, 17, 18, 19, 20, 
              21, 26, 32, 33, 40, 48, 49, 50, 58, 60, 78 ] ), rec(
          DistVect := [ 0, 2, 2, 1, 2, 1, 1, 1, 1, 1, 1, 2, 2, 1, 1, 2, 2, 
              2, 1, 2, 2, 1, 1, 1, 2, 1, 2, 1, 2 ],
          eAdj := [ 2, 11, 14, 15, 18, 19, 21, 22, 24, 25, 26, 27, 28, 30, 
              34, 36, 38, 40, 47, 49, 51, 52, 61, 62, 63, 71, 77, 79 ] ), 
      rec(
          DistVect := [ 0, 1, 2, 1, 2, 1, 1, 1, 2, 1, 2, 2, 1, 2, 1, 2, 2, 
              2, 1, 2, 2, 1, 1, 1, 2, 1, 2, 1, 2 ],
          eAdj := [ 2, 4, 7, 18, 19, 21, 22, 25, 26, 27, 30, 34, 36, 38, 45, 
              46, 47, 52, 53, 56, 62, 67, 68, 69, 75, 79, 82 ] ), rec(
          DistVect := [ 0, 1, 1, 0, 1, 2, 1, 1, 1, 1, 1, 2, 1, 1, 1, 2, 2, 
              1, 1, 1, 2, 1, 1, 2, 1, 2, 2, 1, 1 ],
          eAdj := [ 1, 5, 6, 12, 14, 17, 19, 20, 21, 23, 24, 26, 33, 35, 37, 
              39, 41, 42, 43, 44, 50, 54, 55, 57, 64, 65, 66, 72, 74, 80 ] ),
      rec(
          DistVect := [ 0, 1, 1, 1, 1, 2, 1, 1, 1, 1, 1, 2, 1, 1, 1, 2, 2, 
              1, 1, 2, 1, 1, 0, 2, 1, 2, 2, 1, 1 ],
          eAdj := [ 1, 5, 10, 11, 12, 14, 17, 19, 20, 21, 22, 23, 24, 29, 
              31, 32, 33, 35, 39, 41, 42, 44, 49, 50, 51, 54, 60, 64, 65, 78 
             ] ), rec(
          DistVect := [ 0, 0, 1, 1, 1, 2, 1, 1, 1, 1, 1, 2, 1, 1, 1, 2, 2, 
              1, 1, 2, 2, 1, 1, 1, 1, 1, 2, 1, 1 ],
          eAdj := [ 1, 4, 7, 10, 11, 12, 14, 15, 16, 17, 19, 20, 21, 22, 23, 
              24, 25, 31, 32, 33, 35, 39, 40, 46, 47, 48, 49, 51, 58, 59, 63 
             ] ), rec(
          DistVect := [ 0, 2, 2, 2, 1, 1, 2, 1, 1, 1, 1, 1, 1, 1, 1, 2, 1, 
              1, 1, 2, 1, 1, 1, 1, 1, 1, 1, 0, 1 ],
          eAdj := [ 1, 9, 10, 11, 12, 14, 19, 21, 22, 23, 24, 25, 28, 29, 
              30, 31, 32, 39, 42, 51, 54, 58, 59, 60, 64, 65, 78 ] ), rec(
          DistVect := [ 0, 1, 1, 1, 2, 1, 1, 1, 1, 1, 1, 2, 1, 1, 1, 2, 2, 
              1, 1, 2, 2, 1, 1, 1, 2, 1, 2, 1, 2 ],
          eAdj := [ 2, 7, 11, 13, 14, 15, 18, 19, 21, 22, 24, 25, 26, 27, 
              31, 34, 36, 38, 40, 45, 46, 47, 51, 52, 53, 61, 62, 63, 71, 
              77, 79 ] ), rec(
          DistVect := [ 0, 1, 1, 1, 1, 1, 1, 1, 1, 1, 1, 2, 1, 1, 1, 2, 2, 
              1, 1, 2, 2, 1, 1, 1, 1, 2, 2, 1, 2 ],
          eAdj := [ 2, 5, 7, 10, 11, 12, 13, 14, 15, 16, 17, 18, 19, 20, 21, 
              24, 26, 31, 32, 33, 35, 40, 42, 43, 44, 48, 49, 50, 58, 60, 78 
             ] ), rec(
          DistVect := [ 0, 2, 2, 2, 1, 1, 1, 1, 1, 1, 1, 1, 2, 1, 1, 2, 1, 
              2, 1, 2, 1, 2, 1, 1, 1, 1, 2, 0, 2 ],
          eAdj := [ 1, 2, 11, 14, 16, 18, 19, 21, 22, 23, 24, 25, 28, 29, 
              30, 34, 35, 38, 42, 48, 49, 51, 52, 58, 59, 63, 71, 77 ] ), 
      rec(
          DistVect := [ 0, 1, 2, 2, 1, 1, 1, 1, 1, 1, 1, 2, 1, 1, 1, 2, 2, 
              2, 1, 2, 2, 2, 1, 1, 1, 1, 2, 1, 2 ],
          eAdj := [ 2, 7, 11, 14, 15, 16, 18, 19, 21, 22, 24, 25, 29, 30, 
              34, 36, 38, 40, 46, 47, 51, 52, 56, 61, 62, 63, 67, 71, 77, 79 
             ] ), rec(
          DistVect := [ 0, 1, 2, 1, 1, 1, 1, 1, 1, 1, 1, 2, 1, 1, 2, 2, 2, 
              2, 1, 2, 2, 1, 2, 1, 1, 1, 2, 1, 2 ],
          eAdj := [ 2, 6, 7, 10, 11, 14, 15, 16, 17, 18, 21, 24, 25, 26, 30, 
              31, 32, 36, 38, 40, 43, 47, 49, 50, 51, 58, 59, 61, 63, 77 ] ),
      rec(
          DistVect := [ 0, 2, 2, 1, 1, 1, 2, 1, 1, 2, 1, 1, 1, 1, 2, 2, 1, 
              1, 1, 2, 2, 2, 2, 1, 1, 1, 1, 0, 1 ],
          eAdj := [ 1, 6, 9, 12, 14, 17, 19, 21, 23, 24, 25, 26, 28, 30, 33, 
              37, 39, 42, 43, 50, 54, 60, 64, 66, 72, 74, 78, 80 ] ), rec(
          DistVect := [ 0, 1, 2, 1, 1, 2, 1, 1, 1, 1, 1, 2, 1, 1, 1, 2, 2, 
              1, 1, 2, 2, 1, 1, 1, 1, 1, 2, 1, 1 ],
          eAdj := [ 1, 10, 11, 12, 14, 15, 16, 17, 19, 21, 22, 23, 24, 25, 
              30, 31, 32, 35, 38, 39, 42, 47, 48, 49, 51, 58, 59, 63, 65 ] ),
      rec(
          DistVect := [ 0, 2, 1, 1, 1, 2, 1, 1, 1, 1, 2, 2, 1, 1, 1, 2, 2, 
              1, 1, 2, 2, 1, 1, 2, 1, 2, 2, 1, 1 ],
          eAdj := [ 1, 5, 10, 12, 17, 19, 20, 21, 23, 24, 28, 33, 37, 39, 
              41, 42, 43, 44, 50, 54, 55, 64, 65, 66, 72, 73, 74, 80 ] ), 
      rec(
          DistVect := [ 0, 1, 1, 0, 2, 2, 1, 1, 1, 1, 1, 2, 1, 1, 1, 2, 2, 
              1, 1, 2, 2, 1, 1, 1, 1, 1, 2, 1, 1 ],
          eAdj := [ 1, 6, 10, 11, 12, 14, 15, 16, 17, 19, 21, 22, 23, 24, 
              25, 26, 27, 31, 32, 33, 35, 38, 40, 47, 48, 49, 50, 51, 58, 
              59, 65 ] ), rec(
          DistVect := [ 0, 2, 2, 1, 2, 1, 2, 1, 1, 1, 1, 2, 1, 1, 1, 2, 2, 
              1, 1, 2, 2, 1, 1, 1, 1, 1, 2, 1, 1 ],
          eAdj := [ 1, 9, 10, 11, 12, 14, 15, 16, 19, 21, 22, 24, 25, 26, 
              27, 28, 30, 31, 32, 35, 38, 47, 48, 49, 51, 58, 59, 65, 77 ] ),
      rec(
          DistVect := [ 0, 1, 2, 2, 1, 1, 2, 1, 1, 1, 1, 2, 1, 1, 1, 2, 2, 
              1, 1, 2, 2, 1, 1, 1, 1, 1, 2, 1, 1 ],
          eAdj := [ 1, 7, 9, 10, 11, 12, 14, 15, 16, 19, 21, 22, 24, 25, 29, 
              30, 31, 32, 35, 39, 46, 47, 48, 49, 51, 56, 58, 59, 63, 77 ] ),
      rec(
          DistVect := [ 0, 0, 1, 1, 1, 0, 0, 1, 1, 1, 1, 0, 0, 1, 0, 0, 1, 
              1, 0, 0, 1, 1, 0, 1, 1, 0, 0, 1, 1 ],
          eAdj := [ 2, 3, 4, 7, 13, 18, 19, 21, 22, 25, 26, 27, 29, 30, 34, 
              36, 38, 45, 46, 47, 52, 53, 56, 67, 68, 69, 75, 82 ] ), rec(
          DistVect := [ 0, 1, 1, 1, 1, 1, 1, 1, 1, 1, 1, 2, 1, 1, 1, 2, 2, 
              1, 1, 2, 2, 1, 1, 1, 1, 1, 2, 1, 1 ],
          eAdj := [ 1, 7, 10, 11, 12, 13, 14, 15, 16, 17, 18, 19, 20, 21, 
              22, 24, 25, 26, 31, 32, 33, 35, 40, 48, 49, 50, 51, 58, 59, 60 
             ] ), rec(
          DistVect := [ 0, 2, 2, 2, 1, 1, 1, 1, 1, 1, 1, 2, 2, 1, 1, 2, 2, 
              2, 1, 2, 2, 2, 1, 1, 1, 1, 2, 1, 2 ],
          eAdj := [ 2, 11, 14, 15, 16, 18, 19, 21, 22, 24, 25, 28, 29, 30, 
              34, 35, 36, 38, 40, 42, 48, 49, 51, 52, 59, 61, 62, 63, 71, 77 
             ] ), rec(
          DistVect := [ 0, 1, 2, 2, 1, 1, 1, 1, 1, 1, 1, 2, 1, 1, 1, 1, 2, 
              1, 1, 1, 2, 1, 1, 1, 1, 0, 2, 1, 1 ],
          eAdj := [ 1, 7, 15, 16, 18, 19, 21, 22, 24, 25, 27, 29, 30, 34, 
              36, 38, 40, 45, 46, 47, 52, 56, 61, 62, 63, 67, 71, 75, 79 ] ),
      rec(
          DistVect := [ 0, 1, 2, 2, 1, 1, 1, 1, 2, 2, 1, 2, 1, 2, 1, 2, 2, 
              2, 1, 2, 2, 2, 1, 1, 1, 1, 2, 1, 2 ],
          eAdj := [ 2, 4, 7, 15, 16, 18, 19, 21, 22, 25, 29, 30, 34, 36, 38, 
              40, 45, 46, 47, 52, 53, 56, 61, 62, 67, 68, 69, 71, 75, 79 ] ),
      rec(
          DistVect := [ 0, 1, 2, 2, 1, 1, 1, 1, 2, 2, 1, 2, 1, 2, 1, 2, 1, 
              2, 1, 2, 1, 2, 1, 1, 1, 1, 2, 0, 2 ],
          eAdj := [ 1, 2, 4, 7, 15, 16, 18, 19, 21, 22, 23, 24, 25, 29, 30, 
              34, 38, 40, 46, 47, 52, 56, 61, 62, 67, 71, 75, 77, 79 ] ), 
      rec(
          DistVect := [ 0, 2, 2, 1, 1, 1, 1, 1, 1, 2, 1, 2, 2, 1, 2, 2, 2, 
              2, 1, 2, 2, 1, 2, 1, 1, 1, 2, 1, 2 ],
          eAdj := [ 2, 6, 10, 14, 15, 16, 17, 18, 21, 24, 25, 26, 28, 30, 
              31, 32, 35, 36, 38, 40, 42, 43, 48, 49, 50, 58, 59, 60, 61, 65 
             ] ), rec(
          DistVect := [ 0, 2, 2, 1, 1, 1, 1, 1, 1, 2, 1, 1, 2, 1, 2, 2, 1, 
              2, 1, 2, 2, 1, 2, 1, 1, 1, 2, 0, 2 ],
          eAdj := [ 1, 2, 6, 10, 14, 16, 17, 18, 19, 21, 23, 24, 25, 26, 28, 
              30, 31, 32, 35, 38, 42, 43, 48, 50, 58, 59, 60, 65, 78 ] ), 
      rec(
          DistVect := [ 0, 1, 2, 1, 1, 1, 1, 1, 1, 1, 1, 2, 1, 1, 1, 2, 2, 
              2, 1, 2, 2, 1, 1, 1, 1, 1, 2, 1, 2 ],
          eAdj := [ 2, 7, 10, 11, 14, 15, 16, 17, 18, 19, 21, 22, 24, 25, 
              26, 30, 31, 34, 36, 38, 40, 47, 49, 51, 52, 59, 61, 62, 63, 
              71, 77 ] ), rec(
          DistVect := [ 0, 1, 2, 1, 1, 1, 1, 1, 2, 1, 1, 2, 1, 2, 2, 2, 2, 
              2, 1, 2, 2, 1, 2, 1, 1, 1, 2, 1, 2 ],
          eAdj := [ 2, 4, 6, 7, 10, 11, 15, 16, 17, 18, 21, 25, 26, 30, 31, 
              36, 38, 40, 45, 47, 49, 51, 53, 59, 61, 62, 63, 68, 71, 77 ] ),
      rec(
          DistVect := [ 0, 2, 2, 1, 1, 1, 2, 1, 1, 1, 2, 2, 1, 1, 1, 3, 2, 
              1, 1, 2, 2, 1, 1, 1, 2, 2, 2, 1, 1 ],
          eAdj := [ 1, 5, 9, 12, 14, 17, 19, 20, 21, 24, 25, 26, 28, 30, 33, 
              37, 39, 41, 42, 43, 44, 50, 54, 64, 65, 66, 72, 74, 78, 80 ] ),
      rec(
          DistVect := [ 0, 1, 2, 1, 1, 1, 2, 1, 2, 1, 1, 2, 2, 2, 1, 3, 2, 
              1, 1, 2, 2, 1, 1, 1, 2, 2, 2, 1, 1 ],
          eAdj := [ 1, 4, 5, 7, 9, 11, 12, 14, 15, 17, 19, 20, 21, 25, 26, 
              30, 32, 33, 35, 37, 39, 41, 47, 48, 49, 51, 58, 60, 65, 78 ] ),
      rec(
          DistVect := [ 0, 2, 1, 1, 2, 2, 1, 1, 1, 1, 1, 2, 1, 1, 1, 2, 2, 
              1, 1, 2, 2, 1, 1, 1, 1, 1, 2, 1, 1 ],
          eAdj := [ 1, 10, 11, 12, 14, 15, 16, 19, 21, 22, 23, 24, 25, 27, 
              28, 31, 32, 34, 35, 38, 42, 48, 49, 50, 51, 58, 59, 64, 65 ] ),
      rec(
          DistVect := [ 0, 1, 1, 1, 1, 2, 1, 1, 1, 1, 1, 2, 1, 1, 1, 2, 2, 
              1, 1, 2, 3, 1, 2, 1, 1, 1, 2, 1, 1 ],
          eAdj := [ 1, 6, 10, 11, 12, 14, 15, 16, 17, 19, 20, 21, 23, 24, 
              25, 26, 32, 33, 35, 37, 39, 42, 43, 48, 50, 60, 64, 65, 66, 78 
             ] ), rec(
          DistVect := [ 0, 1, 2, 1, 1, 1, 1, 1, 1, 1, 1, 2, 1, 1, 1, 2, 2, 
              1, 1, 2, 2, 1, 1, 1, 1, 1, 2, 1, 1 ],
          eAdj := [ 1, 7, 10, 11, 12, 14, 15, 16, 17, 18, 19, 21, 22, 24, 
              25, 26, 30, 31, 32, 35, 38, 40, 47, 48, 49, 51, 58, 59, 61, 
              63, 77 ] ), rec(
          DistVect := [ 0, 1, 2, 1, 1, 1, 1, 1, 2, 1, 1, 2, 1, 2, 1, 3, 2, 
              2, 1, 2, 2, 1, 1, 1, 1, 2, 2, 1, 2 ],
          eAdj := [ 2, 4, 5, 7, 10, 11, 12, 14, 15, 16, 17, 18, 19, 20, 21, 
              25, 26, 30, 31, 38, 40, 47, 49, 51, 58, 59, 61, 62, 63, 77 ] ),
      rec(
          DistVect := [ 0, 2, 2, 2, 1, 1, 2, 1, 1, 1, 1, 2, 1, 1, 1, 2, 2, 
              1, 1, 2, 2, 1, 1, 1, 1, 1, 2, 1, 1 ],
          eAdj := [ 1, 9, 10, 11, 12, 14, 15, 16, 19, 21, 22, 24, 25, 28, 
              29, 30, 31, 32, 35, 39, 42, 48, 49, 51, 54, 58, 59, 60, 64, 65 
             ] ), rec(
          DistVect := [ 0, 1, 2, 1, 1, 1, 2, 1, 1, 1, 1, 2, 1, 1, 1, 2, 2, 
              1, 1, 2, 2, 1, 1, 1, 1, 1, 2, 1, 1 ],
          eAdj := [ 1, 7, 9, 10, 11, 12, 14, 15, 16, 17, 19, 21, 22, 24, 25, 
              26, 30, 31, 32, 33, 35, 37, 39, 47, 48, 49, 51, 58, 59, 60, 65 
             ] ), rec(
          DistVect := [ 0, 1, 2, 2, 1, 0, 1, 1, 2, 2, 1, 1, 1, 2, 1, 2, 2, 
              2, 1, 2, 2, 2, 1, 1, 1, 1, 1, 1, 2 ],
          eAdj := [ 2, 3, 4, 7, 13, 18, 19, 21, 22, 25, 26, 29, 30, 34, 36, 
              38, 45, 46, 47, 52, 53, 56, 67, 68, 69, 71, 75, 79, 82 ] ), 
      rec(
          DistVect := [ 0, 1, 2, 1, 1, 1, 1, 1, 1, 1, 1, 2, 1, 1, 2, 1, 2, 
              1, 1, 2, 2, 1, 2, 1, 1, 0, 2, 1, 1 ],
          eAdj := [ 1, 6, 7, 10, 11, 15, 16, 17, 18, 21, 22, 24, 25, 26, 27, 
              30, 31, 32, 36, 38, 40, 45, 47, 49, 51, 59, 61, 63, 71, 77 ] ),
      rec(
          DistVect := [ 0, 1, 2, 1, 1, 1, 1, 1, 2, 1, 1, 2, 1, 2, 2, 2, 1, 
              2, 1, 2, 2, 1, 2, 1, 1, 1, 2, 0, 2 ],
          eAdj := [ 1, 2, 4, 6, 7, 10, 11, 15, 16, 17, 18, 19, 21, 23, 24, 
              25, 26, 30, 31, 38, 40, 47, 49, 51, 58, 59, 61, 63, 71, 77 ] ),
      rec(
          DistVect := [ 0, 1, 1, 1, 1, 2, 1, 1, 1, 1, 1, 2, 1, 1, 1, 2, 2, 
              1, 1, 2, 2, 1, 1, 1, 1, 1, 2, 1, 1 ],
          eAdj := [ 1, 10, 11, 12, 14, 15, 16, 17, 19, 20, 21, 22, 23, 24, 
              25, 31, 32, 33, 35, 39, 42, 48, 49, 50, 51, 58, 59, 60, 64, 
              65, 78 ] ), rec(
          DistVect := [ 0, 1, 1, 1, 2, 2, 1, 1, 1, 1, 2, 3, 1, 2, 1, 2, 2, 
              1, 1, 2, 2, 1, 1, 1, 1, 1, 2, 1, 1 ],
          eAdj := [ 1, 4, 7, 10, 12, 15, 16, 19, 21, 22, 23, 24, 25, 27, 31, 
              34, 38, 40, 45, 46, 47, 48, 49, 51, 56, 61, 62, 63, 71, 77 ] ),
      rec(
          DistVect := [ 0, 1, 1, 1, 1, 2, 1, 1, 1, 1, 1, 3, 1, 2, 1, 2, 2, 
              1, 1, 2, 2, 1, 1, 2, 1, 2, 2, 1, 1 ],
          eAdj := [ 1, 4, 5, 7, 10, 11, 12, 14, 15, 17, 19, 20, 21, 23, 24, 
              32, 33, 35, 37, 39, 41, 42, 48, 49, 50, 51, 60, 64, 65, 78 ] ),
      rec(
          DistVect := [ 0, 2, 1, 1, 2, 1, 1, 1, 1, 1, 1, 2, 2, 1, 1, 2, 2, 
              1, 1, 2, 2, 1, 1, 1, 2, 1, 2, 1, 2 ],
          eAdj := [ 2, 11, 13, 14, 15, 18, 19, 21, 22, 24, 25, 26, 27, 28, 
              31, 32, 34, 36, 38, 40, 48, 49, 50, 51, 52, 59, 61, 62, 63, 
              71, 77 ] ), rec(
          DistVect := [ 0, 2, 2, 2, 1, 0, 1, 1, 1, 1, 1, 2, 2, 1, 1, 2, 2, 
              2, 1, 2, 2, 2, 1, 1, 1, 1, 1, 1, 2 ],
          eAdj := [ 2, 3, 7, 11, 13, 14, 15, 18, 19, 21, 22, 24, 25, 26, 28, 
              29, 30, 34, 36, 38, 40, 51, 52, 59, 61, 62, 63, 71, 77, 79 ] ),
      rec(
          DistVect := [ 0, 1, 1, 1, 2, 1, 1, 1, 1, 1, 2, 2, 1, 2, 1, 2, 2, 
              1, 1, 2, 2, 1, 1, 1, 2, 1, 2, 1, 2 ],
          eAdj := [ 2, 4, 7, 13, 18, 19, 21, 22, 25, 26, 27, 31, 34, 36, 38, 
              45, 46, 47, 51, 52, 53, 56, 61, 62, 63, 67, 68, 69, 71, 75, 79 
             ] ), rec(
          DistVect := [ 0, 1, 1, 1, 1, 1, 1, 1, 1, 1, 1, 2, 1, 2, 1, 2, 2, 
              1, 1, 2, 2, 1, 1, 1, 1, 2, 2, 1, 2 ],
          eAdj := [ 2, 4, 5, 7, 10, 11, 12, 13, 14, 15, 16, 17, 18, 19, 20, 
              21, 26, 31, 32, 33, 40, 48, 49, 50, 51, 58, 59, 60, 61, 62, 63 
             ] ), rec(
          DistVect := [ 0, 1, 2, 2, 0, 1, 1, 1, 1, 1, 1, 2, 1, 1, 1, 2, 2, 
              1, 1, 2, 2, 1, 1, 1, 1, 1, 2, 1, 1 ],
          eAdj := [ 1, 5, 7, 10, 11, 12, 14, 15, 16, 17, 18, 19, 20, 21, 22, 
              24, 25, 29, 30, 31, 32, 35, 39, 42, 48, 49, 51, 58, 59, 60, 63 
             ] ), rec(
          DistVect := [ 0, 1, 1, 1, 1, 1, 1, 1, 1, 1, 1, 2, 1, 2, 1, 2, 2, 
              1, 2, 2, 2, 1, 2, 1, 1, 1, 2, 0, 2 ],
          eAdj := [ 1, 2, 4, 6, 7, 8, 10, 11, 12, 13, 14, 15, 16, 17, 18, 
              19, 20, 21, 23, 24, 26, 32, 33, 40, 48, 49, 50, 58, 59, 60, 78 
             ] ), rec(
          DistVect := [ 0, 0, 1, 1, 1, 1, 0, 1, 1, 1, 1, 1, 0, 1, 0, 0, 0, 
              1, 0, 0, 0, 1, 0, 0, 1, 0, 1, 0, 1 ],
          eAdj := [ 1, 2, 4, 7, 15, 16, 18, 19, 21, 22, 23, 24, 25, 27, 29, 
              30, 34, 36, 38, 40, 45, 46, 47, 52, 53, 56, 61, 62, 67, 68, 
              69, 75, 79, 82 ] ), rec(
          DistVect := [ 0, 1, 1, 0, 0, 1, 1, 1, 0, 1, 1, 0, 0, 0, 1, 1, 0, 
              0, 0, 0, 1, 1, 1, 1, 1, 1, 0, 0, 0 ],
          eAdj := [ 1, 5, 6, 9, 12, 14, 17, 19, 20, 21, 23, 24, 25, 26, 28, 
              30, 33, 37, 39, 41, 42, 43, 44, 50, 54, 55, 57, 64, 66, 70, 
              72, 73, 74, 76, 80, 81 ] ), rec(
          DistVect := [ 0, 1, 1, 1, 1, 1, 0, 1, 0, 0, 0, 0, 1, 0, 0, 0, 0, 
              1, 0, 0, 0, 1, 0, 0, 1, 0, 1, 0, 1 ],
          eAdj := [ 1, 2, 11, 14, 15, 16, 18, 19, 21, 22, 23, 24, 25, 27, 
              28, 29, 30, 34, 35, 36, 38, 40, 42, 46, 47, 48, 49, 51, 52, 
              56, 61, 62, 63, 67, 71, 75, 77, 79 ] ), rec(
          DistVect := [ 0, 1, 1, 1, 1, 1, 1, 1, 0, 0, 0, 0, 0, 0, 0, 0, 0, 
              0, 0, 0, 0, 0, 0, 0, 0, 0, 0, 0, 0 ],
          eAdj := [ 1, 9, 10, 11, 12, 14, 15, 16, 19, 21, 22, 23, 24, 25, 
              27, 28, 29, 30, 31, 32, 34, 35, 38, 39, 42, 46, 47, 48, 49, 
              51, 52, 54, 56, 58, 59, 63, 64, 65, 71, 77 ] ), rec(
          DistVect := [ 0, 1, 1, 1, 0, 1, 1, 1, 0, 0, 1, 0, 0, 0, 0, 1, 0, 
              0, 0, 1, 0, 0, 0, 1, 1, 1, 0, 0, 0 ],
          eAdj := [ 1, 5, 9, 10, 11, 12, 14, 17, 19, 20, 21, 22, 23, 24, 25, 
              28, 29, 30, 31, 32, 33, 37, 39, 41, 42, 43, 44, 50, 51, 54, 
              60, 64, 65, 66, 72, 73, 74, 78, 80 ] ), rec(
          DistVect := [ 0, 1, 1, 1, 1, 0, 0, 1, 0, 0, 0, 1, 1, 0, 0, 0, 1, 
              1, 0, 0, 1, 1, 0, 1, 1, 0, 0, 1, 1 ],
          eAdj := [ 2, 3, 7, 11, 13, 14, 15, 18, 19, 21, 22, 24, 25, 26, 27, 
              28, 29, 30, 34, 36, 38, 40, 45, 46, 47, 51, 52, 53, 56, 61, 
              62, 63, 67, 68, 69, 71, 75, 79, 82 ] ), rec(
          DistVect := [ 0, 0, 1, 0, 0, 1, 1, 1, 1, 0, 0, 1, 1, 1, 1, 1, 0, 
              0, 0, 0, 1, 1, 1, 1, 1, 1, 0, 0, 0 ],
          eAdj := [ 1, 4, 5, 6, 7, 9, 11, 12, 14, 15, 17, 19, 20, 21, 23, 
              24, 25, 26, 30, 32, 33, 35, 37, 39, 41, 42, 43, 47, 48, 50, 
              51, 54, 57, 60, 64, 65, 66, 72, 74, 78, 80 ] ), rec(
          DistVect := [ 0, 1, 1, 0, 1, 1, 0, 1, 0, 1, 0, 0, 1, 0, 1, 0, 0, 
              1, 0, 1, 1, 0, 1, 0, 1, 0, 1, 0, 1 ],
          eAdj := [ 1, 2, 6, 10, 11, 14, 15, 16, 17, 18, 19, 21, 22, 23, 24, 
              25, 26, 27, 28, 30, 31, 32, 34, 35, 36, 38, 40, 42, 43, 47, 
              48, 49, 50, 51, 52, 58, 59, 61, 63, 65, 71, 77 ] ), rec(
          DistVect := [ 0, 1, 1, 1, 0, 1, 0, 1, 0, 0, 1, 0, 1, 0, 0, 1, 0, 
              1, 0, 1, 0, 1, 0, 1, 0, 1, 1, 0, 1 ],
          eAdj := [ 1, 2, 5, 10, 11, 12, 14, 16, 17, 18, 19, 20, 21, 22, 23, 
              24, 25, 28, 29, 30, 31, 32, 34, 35, 38, 39, 42, 43, 44, 48, 
              49, 50, 51, 52, 54, 58, 59, 60, 63, 64, 65, 78 ] ), rec(
          DistVect := [ 0, 1, 1, 0, 1, 1, 1, 1, 0, 1, 0, 0, 0, 0, 1, 0, 0, 
              0, 0, 1, 1, 1, 1, 0, 0, 0, 0, 0, 0 ],
          eAdj := [ 1, 6, 9, 10, 11, 12, 14, 15, 16, 17, 19, 21, 22, 23, 24, 
              25, 26, 27, 28, 30, 31, 32, 33, 35, 37, 38, 39, 42, 43, 47, 
              48, 50, 51, 54, 58, 59, 60, 64, 65, 66, 72, 78 ] ), rec(
          DistVect := [ 0, 0, 1, 0, 1, 1, 0, 1, 1, 0, 1, 1, 0, 1, 1, 0, 0, 
              1, 0, 1, 1, 0, 1, 0, 1, 0, 1, 0, 1 ],
          eAdj := [ 1, 2, 4, 6, 7, 10, 11, 15, 16, 17, 18, 19, 21, 22, 23, 
              24, 25, 26, 27, 30, 31, 34, 36, 38, 40, 45, 46, 47, 49, 51, 
              52, 53, 56, 61, 62, 63, 67, 68, 71, 75, 77, 79 ] ), rec(
          DistVect := [ 0, 0, 1, 1, 0, 1, 0, 1, 1, 1, 0, 1, 0, 1, 0, 1, 0, 
              1, 0, 1, 0, 1, 0, 1, 0, 1, 1, 0, 1 ],
          eAdj := [ 1, 2, 4, 5, 7, 10, 11, 12, 14, 15, 16, 17, 18, 19, 20, 
              21, 22, 23, 24, 25, 29, 30, 31, 34, 35, 38, 39, 40, 42, 46, 
              47, 48, 49, 51, 52, 56, 58, 59, 61, 62, 63, 67, 71, 77 ] ), 
      rec(
          DistVect := [ 0, 0, 1, 0, 0, 1, 0, 1, 1, 0, 0, 1, 0, 1, 1, 1, 0, 
              1, 0, 0, 1, 0, 1, 1, 0, 1, 1, 0, 1 ],
          eAdj := [ 1, 2, 4, 5, 6, 7, 10, 11, 12, 14, 15, 16, 17, 18, 19, 
              20, 21, 23, 24, 25, 26, 30, 31, 32, 33, 35, 37, 38, 39, 40, 
              42, 43, 47, 48, 49, 50, 51, 58, 59, 60, 61, 63, 65, 78 ] ), 
      rec(
          DistVect := [ 0, 0, 1, 1, 0, 0, 0, 1, 1, 1, 0, 0, 0, 1, 0, 1, 1, 
              1, 0, 1, 1, 1, 0, 0, 0, 1, 0, 1, 1 ],
          eAdj := [ 2, 3, 4, 5, 7, 10, 11, 12, 13, 14, 15, 16, 17, 18, 19, 
              20, 21, 22, 25, 26, 29, 30, 31, 34, 36, 38, 40, 45, 46, 47, 
              51, 52, 53, 56, 59, 61, 62, 63, 67, 68, 69, 71, 77, 79 ] ), 
      rec(
          DistVect := [ 0, 0, 0, 0, 0, 1, 0, 1, 0, 0, 0, 1, 0, 1, 0, 0, 1, 
              0, 1, 0, 1, 0, 1, 1, 0, 1, 1, 0, 1 ],
          eAdj := [ 1, 2, 4, 5, 6, 7, 8, 10, 11, 12, 13, 14, 15, 16, 17, 18, 
              19, 20, 21, 23, 24, 26, 32, 33, 35, 37, 39, 40, 41, 42, 43, 
              44, 48, 49, 50, 55, 57, 60, 64, 65, 66, 74, 78, 80 ] ), rec(
          DistVect := [ 0, 1, 1, 1, 0, 0, 0, 1, 0, 0, 1, 1, 1, 0, 0, 1, 1, 
              1, 0, 1, 1, 1, 0, 0, 0, 1, 0, 1, 1 ],
          eAdj := [ 2, 3, 5, 7, 10, 11, 12, 13, 14, 15, 16, 17, 18, 19, 20, 
              21, 22, 24, 25, 26, 28, 29, 30, 31, 32, 34, 35, 36, 38, 40, 
              42, 43, 44, 48, 49, 50, 51, 52, 58, 59, 60, 61, 62, 63, 77 ] ),
      rec(
          DistVect := [ 0, 0, 0, 0, 1, 1, 0, 1, 0, 0, 1, 1, 0, 1, 0, 1, 1, 
              0, 1, 1, 1, 0, 1, 0, 1, 0, 1, 0, 1 ],
          eAdj := [ 1, 2, 4, 6, 7, 8, 10, 11, 12, 13, 14, 15, 16, 17, 18, 
              19, 20, 21, 22, 23, 24, 25, 26, 27, 31, 32, 33, 34, 36, 38, 
              40, 45, 46, 47, 48, 49, 50, 51, 53, 58, 59, 61, 62, 63, 71, 77 
             ] ), rec(
          DistVect := [ 0, 0, 0, 0, 0, 1, 0, 0, 0, 0, 0, 1, 0, 0, 0, 0, 1, 
              0, 0, 0, 1, 0, 0, 1, 0, 0, 1, 1, 0 ],
          eAdj := [ 1, 2, 3, 4, 5, 6, 7, 8, 9, 10, 11, 12, 13, 14, 15, 16, 
              17, 18, 19, 20, 21, 22, 23, 24, 25, 26, 27, 28, 29, 30, 31, 
              32, 33, 34, 35, 36, 37, 38, 39, 40, 41, 42, 43, 44, 45, 46, 
              47, 48, 49, 50, 51, 52, 53, 54, 55, 56, 57, 59, 60, 61, 62, 
              63, 64, 65, 66, 67, 68, 69, 70, 71, 72, 73, 74, 75, 76 ] ), 
      rec(
          DistVect := [ 0, 0, 0, 0, 1, 1, 0, 0, 0, 0, 1, 1, 0, 0, 0, 1, 1, 
              0, 0, 1, 1, 0, 0, 0, 1, 1, 1, 1, 0 ],
          eAdj := [ 1, 2, 3, 4, 5, 6, 7, 8, 9, 10, 11, 12, 13, 14, 15, 16, 
              17, 18, 19, 20, 21, 22, 23, 24, 25, 26, 27, 28, 29, 30, 31, 
              32, 33, 34, 35, 36, 37, 38, 39, 40, 41, 42, 43, 44, 45, 46, 
              47, 48, 49, 50, 51, 52, 53, 54, 55, 56, 57, 58, 61, 62, 63, 
              64, 65, 66, 67, 68, 69, 70, 72, 73, 77, 78, 79, 80, 81, 82 ] ),
      rec(
          DistVect := [ 0, 1, 0, 0, 1, 0, 1, 0, 1, 1, 0, 1, 0, 1, 0, 1, 0, 
              1, 0, 1, 0, 1, 0, 1, 0, 1, 1, 0, 1 ],
          eAdj := [ 1, 2, 3, 4, 5, 6, 7, 8, 9, 10, 11, 12, 13, 14, 15, 16, 
              17, 18, 19, 20, 21, 22, 23, 24, 25, 26, 27, 28, 29, 30, 31, 
              33, 34, 35, 36, 37, 38, 39, 40, 41, 42, 43, 44, 45, 46, 47, 
              48, 49, 50, 51, 52, 53, 54, 55, 56, 57, 58, 59, 60, 61, 62, 
              64, 65, 68, 69, 71, 72, 73, 74, 75, 76, 77, 78, 79, 80, 81, 82 
             ] ), rec(
          DistVect := [ 0, 0, 0, 1, 0, 0, 0, 0, 0, 1, 0, 0, 0, 0, 1, 0, 0, 
              0, 0, 1, 1, 1, 1, 0, 0, 0, 0, 0, 0 ],
          eAdj := [ 1, 2, 3, 4, 5, 6, 7, 8, 9, 10, 11, 12, 13, 14, 15, 16, 
              17, 18, 19, 20, 21, 22, 23, 24, 25, 26, 27, 28, 29, 30, 31, 
              32, 33, 34, 35, 36, 37, 38, 39, 40, 41, 42, 43, 44, 45, 46, 
              47, 48, 50, 51, 52, 53, 54, 55, 56, 57, 58, 59, 60, 61, 63, 
              64, 66, 67, 68, 70, 71, 73, 74, 75, 76, 77, 78, 79, 80, 81, 82 
             ] ), rec(
          DistVect := [ 0, 5, 3, 7, 5, 5, 5, 3, 4, 4, 4, 8, 4, 4, 4, 8, 8, 
              4, 4, 8, 8, 4, 4, 4, 4, 4, 8, 4, 4 ],
          eAdj := [ 1, 10, 11, 12, 13, 14, 15, 16, 19, 20, 21, 22, 24, 25, 
              29, 31, 32, 34, 35, 46, 48, 49, 51, 58, 59, 64 ] ), rec(
          DistVect := [ 0, 4, 4, 7, 4, 4, 4, 3, 4, 5, 4, 8, 4, 5, 3, 8, 8, 
              4, 3, 9, 9, 5, 4, 4, 4, 5, 8, 5, 5 ],
          eAdj := [ 7, 10, 11, 12, 13, 14, 15, 16, 18, 19, 20, 21, 22, 25, 
              29, 31, 34, 40, 46, 48, 51, 59, 61, 62, 63, 77 ] ), rec(
          DistVect := [ 0, 4, 4, 4, 7, 7, 4, 3, 4, 4, 5, 9, 4, 5, 4, 7, 7, 
              4, 3, 7, 7, 4, 3, 4, 3, 4, 7, 4, 3 ],
          eAdj := [ 1, 10, 12, 15, 16, 19, 21, 22, 23, 24, 25, 27, 31, 34, 
              35, 38, 40, 46, 47, 48, 49, 51, 56, 63, 71, 77 ] ), rec(
          DistVect := [ 0, 1, 1, 1, 2, 2, 1, 1, 1, 1, 1, 2, 1, 1, 1, 2, 2, 
              1, 1, 2, 2, 1, 1, 1, 1, 1, 2, 1, 1 ],
          eAdj := [ 1, 10, 11, 12, 14, 15, 16, 19, 21, 22, 23, 24, 25, 27, 
              31, 32, 34, 35, 38, 40, 46, 47, 48, 49, 51, 58, 59, 63, 71, 77 
             ] ), rec(
          DistVect := [ 0, 5, 3, 3, 4, 7, 3, 3, 4, 4, 5, 8, 4, 4, 4, 7, 8, 
              4, 4, 7, 8, 4, 4, 7, 3, 7, 8, 4, 4 ],
          eAdj := [ 1, 5, 10, 12, 17, 19, 20, 21, 23, 24, 33, 35, 37, 39, 
              41, 42, 43, 44, 50, 54, 55, 64, 65, 66, 74, 80 ] ), rec(
          DistVect := [ 0, 1, 1, 1, 1, 2, 1, 1, 1, 1, 1, 2, 1, 1, 1, 2, 2, 
              1, 1, 2, 2, 1, 1, 2, 1, 2, 2, 1, 1 ],
          eAdj := [ 1, 5, 10, 11, 12, 14, 17, 19, 20, 21, 23, 24, 32, 33, 
              35, 37, 39, 41, 42, 43, 44, 50, 54, 60, 64, 65, 66, 74, 78, 80 
             ] ), rec(
          DistVect := [ 0, 4, 4, 4, 4, 7, 4, 3, 4, 4, 4, 7, 4, 3, 4, 8, 7, 
              4, 3, 8, 9, 4, 5, 5, 4, 5, 7, 4, 3 ],
          eAdj := [ 1, 10, 11, 12, 14, 17, 19, 20, 21, 23, 24, 25, 32, 33, 
              35, 37, 39, 42, 43, 50, 54, 60, 64, 65, 66, 78 ] ), rec(
          DistVect := [ 0, 5, 5, 3, 4, 5, 5, 3, 4, 4, 5, 8, 4, 4, 4, 9, 8, 
              4, 4, 7, 8, 4, 4, 5, 5, 7, 8, 4, 4 ],
          eAdj := [ 1, 5, 12, 14, 17, 19, 20, 21, 24, 26, 33, 35, 37, 39, 
              41, 42, 43, 44, 50, 54, 64, 65, 66, 74, 78, 80 ] ), rec(
          DistVect := [ 0, 4, 4, 4, 4, 7, 4, 3, 4, 4, 4, 9, 4, 5, 4, 8, 7, 
              4, 3, 8, 7, 4, 3, 7, 4, 7, 7, 4, 3 ],
          eAdj := [ 1, 5, 10, 11, 12, 14, 17, 19, 20, 21, 23, 24, 32, 33, 
              35, 37, 39, 41, 42, 50, 51, 54, 60, 64, 65, 78 ] ), rec(
          DistVect := [ 0, 3, 5, 3, 5, 7, 3, 3, 4, 4, 4, 8, 4, 4, 4, 8, 8, 
              4, 4, 8, 8, 4, 4, 4, 4, 4, 8, 4, 4 ],
          eAdj := [ 1, 10, 11, 12, 14, 15, 16, 17, 19, 21, 22, 23, 24, 25, 
              31, 32, 35, 38, 40, 47, 48, 49, 51, 58, 59, 63 ] ), rec(
          DistVect := [ 0, 5, 5, 3, 7, 5, 5, 3, 4, 4, 4, 8, 4, 4, 4, 8, 8, 
              4, 4, 8, 8, 4, 4, 4, 4, 4, 8, 4, 4 ],
          eAdj := [ 1, 10, 11, 12, 14, 15, 16, 19, 21, 22, 24, 25, 26, 27, 
              31, 32, 35, 38, 40, 47, 48, 49, 51, 58, 59, 77 ] ), rec(
          DistVect := [ 0, 4, 4, 4, 4, 4, 4, 3, 4, 4, 4, 8, 4, 5, 4, 8, 8, 
              4, 3, 8, 8, 4, 5, 4, 4, 5, 8, 5, 3 ],
          eAdj := [ 1, 7, 10, 11, 12, 13, 14, 15, 16, 17, 18, 20, 21, 25, 
              26, 32, 33, 35, 37, 40, 48, 49, 50, 51, 58, 60 ] ), rec(
          DistVect := [ 0, 4, 4, 4, 4, 4, 4, 3, 4, 4, 4, 8, 4, 3, 4, 8, 8, 
              4, 5, 8, 8, 4, 5, 4, 4, 3, 8, 5, 3 ],
          eAdj := [ 1, 7, 10, 11, 12, 13, 14, 15, 16, 17, 18, 20, 22, 24, 
              25, 26, 32, 33, 35, 40, 48, 49, 50, 58, 60, 66 ] ), rec(
          DistVect := [ 0, 5, 5, 5, 5, 3, 5, 3, 4, 4, 4, 8, 4, 4, 4, 8, 8, 
              4, 4, 8, 8, 4, 4, 4, 4, 4, 8, 4, 4 ],
          eAdj := [ 1, 7, 10, 11, 12, 13, 14, 15, 16, 18, 19, 21, 22, 24, 
              25, 26, 31, 32, 35, 40, 48, 49, 51, 58, 59, 77 ] ), rec(
          DistVect := [ 0, 5, 5, 5, 5, 5, 3, 3, 4, 4, 4, 8, 4, 4, 4, 8, 8, 
              4, 4, 8, 8, 4, 4, 4, 4, 4, 8, 4, 4 ],
          eAdj := [ 1, 10, 11, 12, 14, 15, 16, 18, 19, 21, 22, 24, 25, 31, 
              32, 34, 35, 38, 40, 48, 49, 51, 58, 59, 63, 77 ] ), rec(
          DistVect := [ 0, 5, 3, 3, 7, 7, 3, 3, 4, 4, 4, 8, 4, 4, 4, 8, 8, 
              4, 4, 8, 8, 4, 4, 4, 4, 4, 8, 4, 4 ],
          eAdj := [ 1, 10, 11, 12, 14, 15, 16, 19, 21, 22, 23, 24, 25, 27, 
              31, 32, 34, 35, 38, 40, 48, 49, 50, 51, 58, 59 ] ), rec(
          DistVect := [ 0, 5, 3, 3, 4, 7, 5, 3, 4, 4, 5, 8, 4, 4, 4, 7, 8, 
              4, 4, 7, 8, 4, 4, 7, 5, 7, 8, 4, 4 ],
          eAdj := [ 1, 5, 17, 19, 20, 21, 23, 24, 33, 37, 39, 41, 42, 43, 
              44, 50, 54, 55, 57, 64, 65, 66, 72, 73, 74, 80 ] ), rec(
          DistVect := [ 0, 4, 4, 4, 7, 7, 4, 3, 4, 4, 5, 9, 4, 5, 4, 7, 7, 
              4, 3, 7, 7, 4, 3, 4, 5, 4, 9, 4, 5 ],
          eAdj := [ 1, 15, 16, 19, 21, 22, 23, 24, 25, 27, 31, 34, 38, 40, 
              46, 47, 48, 49, 51, 52, 56, 61, 62, 63, 71, 77 ] ), rec(
          DistVect := [ 0, 5, 3, 3, 7, 7, 5, 3, 4, 4, 4, 8, 4, 4, 4, 8, 8, 
              4, 4, 8, 8, 4, 4, 4, 4, 4, 8, 4, 4 ],
          eAdj := [ 1, 10, 11, 12, 14, 15, 16, 19, 21, 22, 23, 24, 25, 27, 
              31, 32, 33, 35, 48, 49, 50, 51, 58, 59, 64, 65 ] ), rec(
          DistVect := [ 0, 4, 4, 4, 4, 7, 4, 3, 4, 4, 4, 7, 4, 3, 4, 8, 7, 
              4, 3, 8, 7, 4, 3, 5, 4, 5, 7, 4, 3 ],
          eAdj := [ 1, 10, 11, 12, 14, 17, 19, 20, 21, 22, 23, 24, 25, 31, 
              32, 33, 35, 39, 42, 50, 51, 54, 60, 64, 65, 78 ] ), rec(
          DistVect := [ 0, 5, 3, 3, 4, 5, 5, 3, 4, 4, 5, 8, 4, 4, 4, 7, 8, 
              4, 4, 7, 8, 4, 4, 5, 5, 7, 8, 4, 4 ],
          eAdj := [ 1, 5, 13, 17, 19, 20, 21, 24, 26, 33, 35, 37, 39, 41, 
              42, 43, 44, 50, 54, 55, 57, 64, 65, 66, 74, 80 ] ), rec(
          DistVect := [ 0, 4, 4, 4, 4, 7, 4, 3, 4, 4, 4, 9, 4, 5, 4, 8, 7, 
              4, 3, 8, 7, 4, 3, 7, 4, 7, 9, 4, 5 ],
          eAdj := [ 1, 5, 10, 11, 12, 14, 17, 19, 20, 21, 23, 24, 31, 32, 
              33, 35, 39, 42, 48, 49, 50, 51, 60, 64, 65, 78 ] ), rec(
          DistVect := [ 0, 4, 4, 4, 4, 4, 4, 3, 4, 4, 4, 8, 4, 5, 4, 8, 8, 
              4, 3, 8, 8, 4, 5, 4, 4, 5, 8, 5, 5 ],
          eAdj := [ 7, 10, 11, 12, 13, 14, 15, 16, 17, 18, 20, 21, 25, 26, 
              31, 32, 33, 40, 48, 49, 50, 51, 58, 59, 60, 61 ] ), rec(
          DistVect := [ 0, 4, 4, 4, 4, 4, 4, 3, 4, 4, 4, 8, 4, 3, 4, 8, 8, 
              4, 3, 8, 8, 4, 3, 4, 4, 5, 8, 7, 3 ],
          eAdj := [ 3, 7, 10, 11, 12, 13, 14, 15, 16, 17, 18, 20, 22, 25, 
              26, 31, 32, 33, 35, 40, 48, 49, 50, 51, 58, 60 ] ), rec(
          DistVect := [ 0, 5, 3, 3, 7, 5, 5, 3, 4, 4, 4, 8, 4, 4, 4, 8, 8, 
              4, 4, 8, 8, 4, 4, 4, 4, 4, 8, 4, 4 ],
          eAdj := [ 1, 10, 11, 12, 13, 14, 15, 16, 19, 21, 22, 24, 25, 26, 
              27, 31, 32, 33, 35, 40, 48, 49, 50, 51, 58, 59 ] ) ] );
