return rec(
  DistVect := [ 0, 1, 1, 1, 1, 1, 2, 0, 1, 1, 1, 1, 2, 1, 1, 1, 2, 2, 1, 1, 
      2, 2, 1, 2, 2, 1, 1, 1, 2 ],
  ListIncidentIneq := 
   [ [ 0, 0, 0, 0, 0, 0, 1, 1, 0, 0, 0, 0, 0, 0, 0, 0, 0, 0, 0, 0, 0, 0, 0, 
          0, 0, 0, 0, 0, -1 ], 
      [ 0, 0, 0, 0, 0, 1, 0, 1, 0, 0, 0, 0, 0, 0, 0, 0, 0, 0, 0, 0, 0, 0, 0, 
          0, 0, 0, 0, -1, 0 ], 
      [ 0, 1, 0, 0, 0, 0, 0, 1, 0, 0, 0, 0, 0, -1, 0, 0, 0, 0, 0, 0, 0, 0, 0, 
          0, 0, 0, 0, 0, 0 ], 
      [ 0, 0, 0, 0, 1, 0, 0, 1, 0, 0, 0, 0, 0, 0, 0, 0, 0, 0, 0, 0, 0, 0, 0, 
          0, 0, -1, 0, 0, 0 ], 
      [ 0, 0, 0, 1, 0, 0, 0, 1, 0, 0, 0, 0, 0, 0, 0, 0, 0, 0, 0, 0, 0, 0, -1, 
          0, 0, 0, 0, 0, 0 ], 
      [ 0, 0, 1, 0, 0, 0, 0, 1, 0, 0, 0, 0, 0, 0, 0, 0, 0, 0, -1, 0, 0, 0, 0, 
          0, 0, 0, 0, 0, 0 ], 
      [ 0, 0, 0, 0, 0, 0, -1, 1, 0, 0, 0, 0, 0, 0, 0, 0, 0, 0, 0, 0, 0, 0, 0, 
          0, 0, 0, 0, 0, 1 ], 
      [ 0, 0, 0, 0, 0, 0, 0, 0, 1, 0, 0, 1, 0, 0, 0, 0, -1, 0, 0, 0, 0, 0, 0, 
          0, 0, 0, 0, 0, 0 ], 
      [ 0, 0, 0, 0, 0, 0, 0, 0, 0, 0, 0, 0, 0, 0, 0, 0, 0, 0, 0, 0, 0, 0, 0, 
          -1, 0, 1, 0, 1, 0 ], 
      [ 0, 0, 1, 0, 0, 1, 0, 0, 0, 0, 0, 0, 0, 0, 0, 0, -1, 0, 0, 0, 0, 0, 0, 
          0, 0, 0, 0, 0, 0 ], 
      [ 0, 0, 0, 0, 0, 0, 0, 0, 0, 0, 0, 0, 0, 0, 0, 0, 0, 0, 0, 0, -1, 0, 1, 
          0, 0, 0, 0, 1, 0 ], 
      [ 0, 0, 0, 0, 0, 0, 0, 0, 0, 0, 0, 0, 0, 0, 0, 0, 0, 0, 0, 0, 0, 0, 0, 
          0, 0, 0, 1, 1, -1 ], 
      [ 0, 0, 0, 0, 0, 0, 0, 0, 0, 0, 1, 1, 0, 0, 0, 0, 0, 0, 0, 0, 0, 0, 0, 
          -1, 0, 0, 0, 0, 0 ], 
      [ 0, 0, 0, 0, 0, 0, 0, 0, 0, 0, 0, 0, 0, 0, 0, 0, -1, 0, 1, 0, 0, 0, 0, 
          0, 0, 0, 0, 1, 0 ], 
      [ 0, 0, 0, 0, 0, 0, 0, 0, 0, 1, 0, 1, 0, 0, 0, 0, 0, 0, 0, 0, -1, 0, 0, 
          0, 0, 0, 0, 0, 0 ], 
      [ 0, 0, 0, 0, 0, -1, 0, 1, 0, 0, 0, 0, 0, 0, 0, 0, 0, 0, 0, 0, 0, 0, 0, 
          0, 0, 0, 0, 1, 0 ], 
      [ 0, 0, 0, 0, 0, 0, 0, 0, 0, 0, 0, 1, -1, 0, 0, 0, 0, 0, 0, 0, 0, 0, 0, 
          0, 0, 0, 1, 0, 0 ], 
      [ 0, 0, 0, 0, 1, 1, 0, 0, 0, 0, 0, 0, 0, 0, 0, 0, 0, 0, 0, 0, 0, 0, 0, 
          -1, 0, 0, 0, 0, 0 ], 
      [ 0, 0, 0, 1, 0, 1, 0, 0, 0, 0, 0, 0, 0, 0, 0, 0, 0, 0, 0, 0, -1, 0, 0, 
          0, 0, 0, 0, 0, 0 ], 
      [ 0, 0, 0, 0, -1, 0, 0, 1, 0, 0, 0, 0, 0, 0, 0, 0, 0, 0, 0, 0, 0, 0, 0, 
          0, 0, 1, 0, 0, 0 ], 
      [ 0, 0, 0, 0, 0, 1, -1, 0, 0, 0, 0, 0, 0, 0, 0, 0, 0, 0, 0, 0, 0, 0, 0, 
          0, 0, 0, 1, 0, 0 ], 
      [ 0, -1, 0, 0, 0, 0, 0, 1, 0, 0, 0, 0, 0, 1, 0, 0, 0, 0, 0, 0, 0, 0, 0, 
          0, 0, 0, 0, 0, 0 ], 
      [ 0, 0, 0, -1, 0, 0, 0, 1, 0, 0, 0, 0, 0, 0, 0, 0, 0, 0, 0, 0, 0, 0, 1, 
          0, 0, 0, 0, 0, 0 ], 
      [ 0, 0, -1, 0, 0, 0, 0, 1, 0, 0, 0, 0, 0, 0, 0, 0, 0, 0, 1, 0, 0, 0, 0, 
          0, 0, 0, 0, 0, 0 ], 
      [ 0, 0, 0, 0, 0, 0, 0, 0, 0, 1, 1, 1, 0, -1, 0, 0, 0, 0, 0, -1, -1, 0, 
          1, -1, 0, 1, 0, 1, 0 ], 
      [ 0, 0, 0, 0, 0, 0, 0, 0, 1, 0, 1, 1, 0, -1, 0, -1, -1, 0, 1, 0, 0, 0, 
          0, -1, 0, 1, 0, 1, 0 ], 
      [ 0, -1, 0, 0, 1, 1, 0, 1, 0, 0, 1, 1, 0, 1, 0, 0, 0, 0, 0, 0, 0, 0, 0, 
          -1, 0, -1, 0, -1, 0 ], 
      [ 0, 1, 0, 0, -1, -1, 0, 1, 0, 0, 1, 1, 0, -1, 0, 0, 0, 0, 0, 0, 0, 0, 
          0, -1, 0, 1, 0, 1, 0 ], 
      [ 0, -1, 0, 1, 0, 1, 0, 1, 0, 1, 0, 1, 0, 1, 0, 0, 0, 0, 0, 0, -1, 0, 
          -1, 0, 0, 0, 0, -1, 0 ], 
      [ 0, 0, 0, 0, 0, 0, 0, 0, 1, 1, 0, 1, 0, -1, -1, 0, -1, 0, 1, 0, -1, 0, 
          1, 0, 0, 0, 0, 1, 0 ], 
      [ 0, -1, 1, 0, 0, 1, 0, 1, 1, 0, 0, 1, 0, 1, 0, 0, -1, 0, -1, 0, 0, 0, 
          0, 0, 0, 0, 0, -1, 0 ], 
      [ 0, 1, 0, 0, 0, -1, 1, 1, 0, 0, 0, 1, -1, -1, 0, 0, 0, 0, 0, 0, 0, 0, 
          0, 0, 0, 0, 1, 1, -1 ], 
      [ 0, 1, 0, -1, 0, -1, 0, 1, 0, 1, 0, 1, 0, -1, 0, 0, 0, 0, 0, 0, -1, 0, 
          1, 0, 0, 0, 0, 1, 0 ], 
      [ 0, 1, -1, 0, 0, -1, 0, 1, 1, 0, 0, 1, 0, -1, 0, 0, -1, 0, 1, 0, 0, 0, 
          0, 0, 0, 0, 0, 1, 0 ], 
      [ 0, 0, 0, 0, 0, 0, 0, 0, 1, 0, 0, 1, -1, -1, 0, 0, -1, 1, 1, 0, 0, 0, 
          0, 0, 0, 0, 1, 1, -1 ], 
      [ 0, -1, 1, 0, 0, 1, -1, 0, 1, 0, 0, 1, -1, 0, 0, 0, -1, 1, 0, 0, 0, 0, 
          0, 0, 0, 0, 1, 0, 0 ], 
      [ 0, -1, 0, 0, 0, 1, -1, 1, 0, 0, 0, 1, -1, 1, 0, 0, 0, 0, 0, 0, 0, 0, 
          0, 0, 0, 0, 1, -1, 1 ], 
      [ 0, -1, 0, 1, 0, 1, -1, 0, 0, 1, 0, 1, -1, 0, 0, 0, 0, 0, 0, 0, -1, 1, 
          0, 0, 0, 0, 1, 0, 0 ], 
      [ 0, 0, 0, 0, 0, 0, 0, 0, 0, 1, 0, 1, -1, -1, 0, 0, 0, 0, 0, 0, -1, 1, 
          1, 0, 0, 0, 1, 1, -1 ], 
      [ 0, -1, 0, 0, 1, 1, -1, 0, 0, 0, 1, 1, -1, 0, 0, 0, 0, 0, 0, 0, 0, 0, 
          0, -1, 1, 0, 1, 0, 0 ], 
      [ 0, -1, 1, 0, 1, 1, 0, 0, 1, 0, 1, 1, 0, 0, 0, -1, -1, 0, 0, 0, 0, 0, 
          0, -1, 0, 0, 0, 0, 0 ], 
      [ 0, -1, 1, 1, 0, 1, 0, 0, 1, 1, 0, 1, 0, 0, -1, 0, -1, 0, 0, 0, -1, 0, 
          0, 0, 0, 0, 0, 0, 0 ], 
      [ 0, 0, 0, 0, 0, 0, 0, 0, 0, 0, 1, 1, -1, -1, 0, 0, 0, 0, 0, 0, 0, 0, 
          0, -1, 1, 1, 1, 1, -1 ], 
      [ 0, -1, 0, 1, 1, 1, 0, 0, 0, 1, 1, 1, 0, 0, 0, 0, 0, 0, 0, -1, -1, 0, 
          0, -1, 0, 0, 0, 0, 0 ], 
      [ 0, -2, 0, 2, 2, 2, 0, 2, 0, 1, 1, 1, 0, 1, 0, 0, 0, 0, 0, -1, -1, 0, 
          -1, -1, 0, -1, 0, -1, 0 ], 
      [ 0, 1, 0, -1, -1, -1, 0, 2, 0, 1, 1, 1, 0, -2, 0, 0, 0, 0, 0, -1, -1, 
          0, 2, -1, 0, 2, 0, 2, 0 ], 
      [ 0, -2, 2, 0, 2, 2, 0, 2, 1, 0, 1, 1, 0, 1, 0, -1, -1, 0, -1, 0, 0, 0, 
          0, -1, 0, -1, 0, -1, 0 ], 
      [ 0, -2, 2, 2, 0, 2, 0, 2, 1, 1, 0, 1, 0, 1, -1, 0, -1, 0, -1, 0, -1, 
          0, -1, 0, 0, 0, 0, -1, 0 ], 
      [ 0, 1, -1, 0, -1, -1, 0, 2, 1, 0, 1, 1, 0, -2, 0, -1, -1, 0, 2, 0, 0, 
          0, 0, -1, 0, 2, 0, 2, 0 ], 
      [ 0, 1, -1, -1, 0, -1, 0, 2, 1, 1, 0, 1, 0, -2, -1, 0, -1, 0, 2, 0, -1, 
          0, 2, 0, 0, 0, 0, 2, 0 ], 
      [ 0, 0, 0, 0, 0, 0, 0, 0, 0, 1, 1, 2, -1, -1, 0, 0, 0, 0, 0, -1, -2, 1, 
          1, -2, 1, 1, 2, 2, -1 ], 
      [ 0, 0, 0, 0, 0, 0, 0, 0, 1, 0, 1, 2, -1, -1, 0, -1, -2, 1, 1, 0, 0, 0, 
          0, -2, 1, 1, 2, 2, -1 ], 
      [ 0, -1, 0, 1, 1, 2, -1, 0, 0, 1, 1, 2, -1, 0, 0, 0, 0, 0, 0, -1, -2, 
          1, 0, -2, 1, 0, 2, 0, 0 ], 
      [ 0, -1, 1, 0, 1, 2, -1, 0, 1, 0, 1, 2, -1, 0, 0, -1, -2, 1, 0, 0, 0, 
          0, 0, -2, 1, 0, 2, 0, 0 ], 
      [ 0, 0, 0, 0, 0, 0, 0, 0, 1, 1, 0, 2, -1, -1, -1, 0, -2, 1, 1, 0, -2, 
          1, 1, 0, 0, 0, 2, 2, -1 ], 
      [ 0, -1, 1, 1, 0, 2, -1, 0, 1, 1, 0, 2, -1, 0, -1, 0, -2, 1, 0, 0, -2, 
          1, 0, 0, 0, 0, 2, 0, 0 ], 
      [ 0, 1, -1, 0, 0, -1, 1, 2, 1, 0, 0, 1, -1, -2, 0, 0, -1, 1, 2, 0, 0, 
          0, 0, 0, 0, 0, 1, 2, -2 ], 
      [ 0, -2, 2, 0, 0, 2, -2, 2, 1, 0, 0, 1, -1, 1, 0, 0, -1, 1, -1, 0, 0, 
          0, 0, 0, 0, 0, 1, -1, 1 ], 
      [ 0, 1, 0, -1, 0, -1, 1, 2, 0, 1, 0, 1, -1, -2, 0, 0, 0, 0, 0, 0, -1, 
          1, 2, 0, 0, 0, 1, 2, -2 ], 
      [ 0, 1, 0, 0, -1, -1, 1, 2, 0, 0, 1, 1, -1, -2, 0, 0, 0, 0, 0, 0, 0, 0, 
          0, -1, 1, 2, 1, 2, -2 ], 
      [ 0, -2, 0, 2, 0, 2, -2, 2, 0, 1, 0, 1, -1, 1, 0, 0, 0, 0, 0, 0, -1, 1, 
          -1, 0, 0, 0, 1, -1, 1 ], 
      [ 0, -2, 0, 0, 2, 2, -2, 2, 0, 0, 1, 1, -1, 1, 0, 0, 0, 0, 0, 0, 0, 0, 
          0, -1, 1, -1, 1, -1, 1 ], 
      [ 0, 0, 0, 0, 0, 0, 0, 0, 1, 1, 1, 2, -1, -2, -1, -1, -2, 1, 2, -1, -2, 
          1, 2, -2, 1, 2, 2, 4, -2 ], 
      [ 0, 0, 0, 0, 0, 0, 0, 0, 2, 2, 2, 4, -2, -2, -1, -1, -2, 1, 1, -1, -2, 
          1, 1, -2, 1, 1, 2, 2, -1 ], 
      [ 0, -2, 0, 2, 2, 4, -2, 2, 0, 1, 1, 2, -1, 1, 0, 0, 0, 0, 0, -1, -2, 
          1, -1, -2, 1, -1, 2, -2, 1 ], 
      [ 0, -2, 2, 0, 2, 4, -2, 2, 1, 0, 1, 2, -1, 1, 0, -1, -2, 1, -1, 0, 0, 
          0, 0, -2, 1, -1, 2, -2, 1 ], 
      [ 0, -2, 2, 2, 0, 4, -2, 2, 1, 1, 0, 2, -1, 1, -1, 0, -2, 1, -1, 0, -2, 
          1, -1, 0, 0, 0, 2, -2, 1 ], 
      [ 0, 1, -1, -1, 0, -2, 1, 2, 1, 1, 0, 2, -1, -2, -1, 0, -2, 1, 2, 0, 
          -2, 1, 2, 0, 0, 0, 2, 4, -2 ], 
      [ 0, 1, -1, 0, -1, -2, 1, 2, 1, 0, 1, 2, -1, -2, 0, -1, -2, 1, 2, 0, 0, 
          0, 0, -2, 1, 2, 2, 4, -2 ], 
      [ 0, -2, 2, 2, 2, 4, -2, 0, 1, 1, 1, 2, -1, 0, -1, -1, -2, 1, 0, -1, 
          -2, 1, 0, -2, 1, 0, 2, 0, 0 ], 
      [ 0, -2, 1, 1, 1, 2, -1, 0, 2, 2, 2, 4, -2, 0, -1, -1, -2, 1, 0, -1, 
          -2, 1, 0, -2, 1, 0, 2, 0, 0 ], 
      [ 0, 1, 0, -1, -1, -2, 1, 2, 0, 1, 1, 2, -1, -2, 0, 0, 0, 0, 0, -1, -2, 
          1, 2, -2, 1, 2, 2, 4, -2 ], 
      [ 0, 2, -2, -2, 0, -4, 2, 6, 1, 1, 0, 2, -1, -3, -1, 0, -2, 1, 3, 0, 
          -2, 1, 3, 0, 0, 0, 2, 6, -3 ], 
      [ 0, 2, -2, 0, -2, -4, 2, 6, 1, 0, 1, 2, -1, -3, 0, -1, -2, 1, 3, 0, 0, 
          0, 0, -2, 1, 3, 2, 6, -3 ], 
      [ 0, 2, 0, -2, -2, -4, 2, 6, 0, 1, 1, 2, -1, -3, 0, 0, 0, 0, 0, -1, -2, 
          1, 3, -2, 1, 3, 2, 6, -3 ], 
      [ 0, -3, 0, 3, 3, 6, -3, 6, 0, 1, 1, 2, -1, 2, 0, 0, 0, 0, 0, -1, -2, 
          1, -2, -2, 1, -2, 2, -4, 2 ], 
      [ 0, -3, 3, 0, 3, 6, -3, 6, 1, 0, 1, 2, -1, 2, 0, -1, -2, 1, -2, 0, 0, 
          0, 0, -2, 1, -2, 2, -4, 2 ], 
      [ 0, -3, 3, 3, 0, 6, -3, 6, 1, 1, 0, 2, -1, 2, -1, 0, -2, 1, -2, 0, -2, 
          1, -2, 0, 0, 0, 2, -4, 2 ], 
      [ 0, 0, 0, 0, 0, 0, 0, 0, 2, 2, 2, 6, -2, -4, -1, -1, -3, 1, 2, -1, -3, 
          1, 2, -3, 1, 2, 3, 6, -2 ], 
      [ 0, -4, 2, 2, 2, 6, -2, 0, 2, 2, 2, 6, -2, 0, -1, -1, -3, 1, 0, -1, 
          -3, 1, 0, -3, 1, 0, 3, 0, 0 ], 
      [ 0, -1, 1, 1, 1, 2, -1, -1, 1, 1, 1, 2, -1, -1, -1, -1, -2, 1, 1, -1, 
          -2, 1, 1, -2, 1, 1, 2, 2, -1 ], 
      [ 0, 1, -1, -1, -1, -2, 1, 3, 1, 1, 1, 2, -1, -3, -1, -1, -2, 1, 3, -1, 
          -2, 1, 3, -2, 1, 3, 2, 6, -3 ], 
      [ 0, -3, 3, 3, 3, 6, -3, 3, 1, 1, 1, 2, -1, 1, -1, -1, -2, 1, -1, -1, 
          -2, 1, -1, -2, 1, -1, 2, -2, 1 ], 
      [ 0, -2, 1, 1, 1, 3, -1, -1, 2, 2, 2, 6, -2, -2, -1, -1, -3, 1, 1, -1, 
          -3, 1, 1, -3, 1, 1, 3, 3, -1 ], 
      [ 0, 2, -1, -1, -1, -2, 1, 2, 2, 2, 2, 4, -2, -4, -1, -1, -2, 1, 2, -1, 
          -2, 1, 2, -2, 1, 2, 2, 4, -2 ], 
      [ 0, -4, 2, 2, 2, 4, -2, 2, 2, 2, 2, 4, -2, 2, -1, -1, -2, 1, -1, -1, 
          -2, 1, -1, -2, 1, -1, 2, -2, 1 ], 
      [ 0, -4, 4, 4, 4, 8, -4, 8, 1, 1, 1, 2, -1, 2, -1, -1, -2, 1, -2, -1, 
          -2, 1, -2, -2, 1, -2, 2, -4, 2 ], 
      [ 0, 2, -2, -2, -2, -4, 2, 8, 1, 1, 1, 2, -1, -4, -1, -1, -2, 1, 4, -1, 
          -2, 1, 4, -2, 1, 4, 2, 8, -4 ], 
      [ 0, 2, -1, -1, -1, -3, 1, 3, 2, 2, 2, 6, -2, -6, -1, -1, -3, 1, 3, -1, 
          -3, 1, 3, -3, 1, 3, 3, 9, -3 ], 
      [ 0, -6, 3, 3, 3, 9, -3, 3, 2, 2, 2, 6, -2, 2, -1, -1, -3, 1, -1, -1, 
          -3, 1, -1, -3, 1, -1, 3, -3, 1 ], 
      [ 0, -6, 3, 3, 3, 6, -3, 6, 2, 2, 2, 4, -2, 4, -1, -1, -2, 1, -2, -1, 
          -2, 1, -2, -2, 1, -2, 2, -4, 2 ], 
      [ 0, 4, -2, -2, -2, -4, 2, 6, 2, 2, 2, 4, -2, -6, -1, -1, -2, 1, 3, -1, 
          -2, 1, 3, -2, 1, 3, 2, 6, -3 ], 
      [ 0, -8, 4, 4, 4, 8, -4, 12, 2, 2, 2, 4, -2, 6, -1, -1, -2, 1, -3, -1, 
          -2, 1, -3, -2, 1, -3, 2, -6, 3 ], 
      [ 0, -8, 4, 4, 4, 12, -4, 8, 2, 2, 2, 6, -2, 4, -1, -1, -3, 1, -2, -1, 
          -3, 1, -2, -3, 1, -2, 3, -6, 2 ], 
      [ 0, 6, -3, -3, -3, -6, 3, 12, 2, 2, 2, 4, -2, -8, -1, -1, -2, 1, 4, 
          -1, -2, 1, 4, -2, 1, 4, 2, 8, -4 ], 
      [ 0, 4, -2, -2, -2, -6, 2, 8, 2, 2, 2, 6, -2, -8, -1, -1, -3, 1, 4, -1, 
          -3, 1, 4, -3, 1, 4, 3, 12, -4 ], 
      [ 0, -10, 5, 5, 5, 15, -5, 15, 2, 2, 2, 6, -2, 6, -1, -1, -3, 1, -3, 
          -1, -3, 1, -3, -3, 1, -3, 3, -9, 3 ], 
      [ 0, 6, -3, -3, -3, -9, 3, 15, 2, 2, 2, 6, -2, -10, -1, -1, -3, 1, 5, 
          -1, -3, 1, 5, -3, 1, 5, 3, 15, -5 ] ],
  ListIncidentSymbol := 
   [ [ -1, 0, 0, 0, 0, 0, 1, 1 ], [ -1, 0, 0, 0, 0, 1, 0, 1 ], 
      [ -1, 1, 0, 0, 0, 0, 0, 1 ], [ -1, 0, 0, 0, 1, 0, 0, 1 ], 
      [ -1, 0, 0, 1, 0, 0, 0, 1 ], [ -1, 0, 1, 0, 0, 0, 0, 1 ], 
      [ 1, 0, 0, 0, 0, 0, 1, -1 ], [ 0, -1, 1, 0, 0, 1, 0, 0 ], 
      [ 0, 0, 0, 0, 1, 1, 0, -1 ], [ -1, 0, 1, 0, 0, 1, 0, 0 ], 
      [ 0, 0, 0, 1, 0, 1, 0, -1 ], [ 0, 0, 0, 0, 0, -1, 1, 1 ], 
      [ 0, -1, 0, 0, 1, 1, 0, 0 ], [ 0, 0, 1, 0, 0, 1, 0, -1 ], 
      [ 0, -1, 0, 1, 0, 1, 0, 0 ], [ 1, 0, 0, 0, 0, 1, 0, -1 ], 
      [ 0, 1, 0, 0, 0, -1, 1, 0 ], [ -1, 0, 0, 0, 1, 1, 0, 0 ], 
      [ -1, 0, 0, 1, 0, 1, 0, 0 ], [ 1, 0, 0, 0, 1, 0, 0, -1 ], 
      [ 1, 0, 0, 0, 0, -1, 1, 0 ], [ 1, 1, 0, 0, 0, 0, 0, -1 ], 
      [ 1, 0, 0, 1, 0, 0, 0, -1 ], [ 1, 0, 1, 0, 0, 0, 0, -1 ], 
      [ 0, -1, 0, 1, 1, 1, 0, -1 ], [ 0, -1, 1, 0, 1, 1, 0, -1 ], 
      [ -1, -1, 0, 0, 1, 1, 0, 1 ], [ 1, -1, 0, 0, 1, 1, 0, -1 ], 
      [ -1, -1, 0, 1, 0, 1, 0, 1 ], [ 0, -1, 1, 1, 0, 1, 0, -1 ], 
      [ -1, -1, 1, 0, 0, 1, 0, 1 ], [ -1, 1, 0, 0, 0, -1, 1, 1 ], 
      [ 1, -1, 0, 1, 0, 1, 0, -1 ], [ 1, -1, 1, 0, 0, 1, 0, -1 ], 
      [ 0, 1, -1, 0, 0, -1, 1, 1 ], [ 1, 1, -1, 0, 0, -1, 1, 0 ], 
      [ 1, 1, 0, 0, 0, -1, 1, -1 ], [ 1, 1, 0, -1, 0, -1, 1, 0 ], 
      [ 0, 1, 0, -1, 0, -1, 1, 1 ], [ 1, 1, 0, 0, -1, -1, 1, 0 ], 
      [ -1, -1, 1, 0, 1, 1, 0, 0 ], [ -1, -1, 1, 1, 0, 1, 0, 0 ], 
      [ 0, 1, 0, 0, -1, -1, 1, 1 ], [ -1, -1, 0, 1, 1, 1, 0, 0 ], 
      [ -2, -1, 0, 1, 1, 1, 0, 1 ], [ 1, -1, 0, 1, 1, 1, 0, -2 ], 
      [ -2, -1, 1, 0, 1, 1, 0, 1 ], [ -2, -1, 1, 1, 0, 1, 0, 1 ], 
      [ 1, -1, 1, 0, 1, 1, 0, -2 ], [ 1, -1, 1, 1, 0, 1, 0, -2 ], 
      [ 0, -1, 0, 1, 1, 2, -1, -1 ], [ 0, -1, 1, 0, 1, 2, -1, -1 ], 
      [ -1, -1, 0, 1, 1, 2, -1, 0 ], [ -1, -1, 1, 0, 1, 2, -1, 0 ], 
      [ 0, -1, 1, 1, 0, 2, -1, -1 ], [ -1, -1, 1, 1, 0, 2, -1, 0 ], 
      [ -1, 1, -1, 0, 0, -1, 1, 2 ], [ 2, 1, -1, 0, 0, -1, 1, -1 ], 
      [ -1, 1, 0, -1, 0, -1, 1, 2 ], [ -1, 1, 0, 0, -1, -1, 1, 2 ], 
      [ 2, 1, 0, -1, 0, -1, 1, -1 ], [ 2, 1, 0, 0, -1, -1, 1, -1 ], 
      [ 0, -1, 1, 1, 1, 2, -1, -2 ], [ 0, -2, 1, 1, 1, 2, -1, -1 ], 
      [ -2, -1, 0, 1, 1, 2, -1, 1 ], [ -2, -1, 1, 0, 1, 2, -1, 1 ], 
      [ -2, -1, 1, 1, 0, 2, -1, 1 ], [ 1, -1, 1, 1, 0, 2, -1, -2 ], 
      [ 1, -1, 1, 0, 1, 2, -1, -2 ], [ -2, -1, 1, 1, 1, 2, -1, 0 ], 
      [ -1, -2, 1, 1, 1, 2, -1, 0 ], [ 1, -1, 0, 1, 1, 2, -1, -2 ], 
      [ 2, -1, 1, 1, 0, 2, -1, -3 ], [ 2, -1, 1, 0, 1, 2, -1, -3 ], 
      [ 2, -1, 0, 1, 1, 2, -1, -3 ], [ -3, -1, 0, 1, 1, 2, -1, 2 ], 
      [ -3, -1, 1, 0, 1, 2, -1, 2 ], [ -3, -1, 1, 1, 0, 2, -1, 2 ], 
      [ 0, -2, 1, 1, 1, 3, -1, -2 ], [ -2, -2, 1, 1, 1, 3, -1, 0 ], 
      [ -1, -1, 1, 1, 1, 2, -1, -1 ], [ 1, -1, 1, 1, 1, 2, -1, -3 ], 
      [ -3, -1, 1, 1, 1, 2, -1, 1 ], [ -1, -2, 1, 1, 1, 3, -1, -1 ], 
      [ 1, -2, 1, 1, 1, 2, -1, -2 ], [ -2, -2, 1, 1, 1, 2, -1, 1 ], 
      [ -4, -1, 1, 1, 1, 2, -1, 2 ], [ 2, -1, 1, 1, 1, 2, -1, -4 ], 
      [ 1, -2, 1, 1, 1, 3, -1, -3 ], [ -3, -2, 1, 1, 1, 3, -1, 1 ], 
      [ -3, -2, 1, 1, 1, 2, -1, 2 ], [ 2, -2, 1, 1, 1, 2, -1, -3 ], 
      [ -4, -2, 1, 1, 1, 2, -1, 3 ], [ -4, -2, 1, 1, 1, 3, -1, 2 ], 
      [ 3, -2, 1, 1, 1, 2, -1, -4 ], [ 2, -2, 1, 1, 1, 3, -1, -4 ], 
      [ -5, -2, 1, 1, 1, 3, -1, 3 ], [ 3, -2, 1, 1, 1, 3, -1, -5 ] ],
  ListAdjacent := [ rec(
          DistVect := [ 0, 4, 7, 4, 4, 4, 8, 3, 7, 4, 4, 4, 8, 7, 5, 5, 9, 7, 
              4, 4, 8, 8, 5, 8, 8, 5, 4, 5, 7 ],
          eAdj := [ 3, 13, 14, 15, 17, 18, 19, 21, 24, 25, 26, 30, 34, 35, 
              38, 39, 40, 43, 44, 52, 53, 55, 64, 79, 81, 84 ] ), rec(
          DistVect := [ 0, 4, 7, 4, 4, 4, 8, 3, 7, 4, 4, 4, 8, 7, 5, 5, 9, 5, 
              4, 4, 8, 8, 5, 8, 8, 5, 4, 5, 5 ],
          eAdj := [ 3, 7, 13, 14, 15, 17, 18, 19, 21, 24, 25, 26, 30, 34, 35, 
              38, 40, 44, 52, 53, 54, 55, 56, 64, 81, 84 ] ), rec(
          DistVect := [ 0, 4, 7, 4, 4, 4, 8, 3, 7, 4, 4, 4, 8, 7, 7, 7, 7, 5, 
              4, 4, 8, 8, 7, 8, 8, 7, 4, 3, 5 ],
          eAdj := [ 3, 4, 5, 7, 13, 14, 15, 17, 18, 19, 21, 24, 26, 30, 34, 
              35, 38, 40, 44, 52, 53, 55, 64, 79, 81, 84 ] ), rec(
          DistVect := [ 0, 4, 7, 4, 4, 3, 8, 3, 7, 4, 4, 3, 8, 7, 7, 7, 8, 5, 
              4, 4, 7, 8, 7, 7, 8, 7, 5, 4, 5 ],
          eAdj := [ 3, 4, 5, 7, 13, 14, 15, 17, 18, 19, 21, 24, 26, 30, 34, 
              35, 38, 40, 44, 54, 56, 65, 70, 71, 80, 84 ] ), rec(
          DistVect := [ 0, 7, 7, 4, 4, 4, 8, 3, 4, 5, 5, 5, 7, 4, 5, 5, 9, 7, 
              4, 4, 8, 8, 5, 8, 8, 5, 4, 5, 7 ],
          eAdj := [ 8, 14, 18, 19, 21, 22, 24, 27, 29, 36, 37, 38, 40, 41, 
              42, 44, 45, 54, 56, 61, 62, 65, 70, 80, 86, 90 ] ), rec(
          DistVect := [ 0, 7, 7, 4, 4, 4, 8, 3, 4, 5, 5, 5, 5, 4, 5, 5, 9, 5, 
              4, 4, 8, 8, 5, 8, 8, 5, 4, 5, 5 ],
          eAdj := [ 7, 8, 14, 18, 19, 21, 22, 24, 27, 29, 36, 37, 41, 42, 44, 
              45, 54, 56, 61, 62, 65, 66, 67, 70, 86, 90 ] ), rec(
          DistVect := [ 0, 7, 7, 4, 4, 3, 8, 3, 4, 7, 7, 4, 5, 4, 7, 7, 8, 5, 
              4, 4, 7, 8, 7, 7, 8, 7, 5, 4, 5 ],
          eAdj := [ 4, 5, 7, 8, 14, 18, 19, 21, 22, 24, 27, 29, 36, 37, 41, 
              42, 45, 61, 62, 66, 67, 76, 83, 90, 91, 94 ] ), rec(
          DistVect := [ 0, 7, 7, 4, 4, 4, 8, 3, 4, 7, 7, 3, 5, 4, 7, 7, 7, 5, 
              4, 4, 8, 8, 7, 8, 8, 7, 4, 3, 5 ],
          eAdj := [ 4, 5, 7, 8, 14, 18, 19, 21, 22, 24, 27, 29, 36, 37, 41, 
              42, 45, 54, 56, 61, 62, 65, 70, 80, 86, 90 ] ), rec(
          DistVect := [ 0, 4, 7, 4, 4, 4, 8, 3, 5, 4, 4, 4, 8, 5, 7, 5, 7, 5, 
              4, 4, 8, 8, 7, 8, 8, 5, 4, 3, 5 ],
          eAdj := [ 5, 7, 9, 13, 14, 15, 17, 18, 19, 21, 24, 26, 30, 34, 35, 
              38, 40, 44, 52, 53, 55, 56, 64, 71, 81, 84 ] ), rec(
          DistVect := [ 0, 4, 5, 4, 5, 5, 8, 3, 5, 4, 5, 5, 8, 7, 5, 4, 8, 7, 
              4, 5, 9, 8, 7, 8, 7, 4, 3, 4, 5 ],
          eAdj := [ 3, 5, 7, 9, 14, 15, 17, 19, 21, 25, 26, 28, 30, 34, 35, 
              38, 43, 49, 51, 52, 53, 55, 56, 64, 79, 81 ] ), rec(
          DistVect := [ 0, 4, 7, 4, 7, 4, 8, 3, 7, 4, 7, 4, 8, 7, 7, 4, 7, 5, 
              4, 7, 8, 8, 7, 7, 5, 4, 4, 3, 5 ],
          eAdj := [ 3, 5, 7, 9, 14, 15, 17, 19, 20, 21, 24, 25, 28, 30, 34, 
              35, 38, 43, 49, 51, 55, 63, 69, 79, 85, 89 ] ), rec(
          DistVect := [ 0, 4, 7, 4, 7, 3, 8, 3, 7, 4, 7, 3, 8, 7, 7, 4, 8, 5, 
              4, 7, 7, 8, 7, 8, 5, 4, 5, 4, 5 ],
          eAdj := [ 3, 5, 7, 9, 14, 15, 17, 19, 20, 21, 24, 25, 28, 30, 34, 
              35, 38, 43, 49, 52, 53, 56, 64, 79, 81, 84 ] ), rec(
          DistVect := [ 0, 4, 7, 4, 4, 4, 8, 3, 5, 4, 4, 4, 8, 5, 5, 3, 9, 7, 
              4, 4, 8, 8, 5, 8, 8, 3, 4, 5, 7 ],
          eAdj := [ 8, 9, 13, 14, 15, 17, 18, 19, 21, 24, 25, 26, 30, 34, 35, 
              38, 40, 43, 44, 52, 53, 55, 56, 64, 81, 84 ] ), rec(
          DistVect := [ 0, 7, 5, 4, 5, 5, 8, 3, 4, 7, 4, 4, 5, 4, 5, 4, 8, 7, 
              4, 5, 9, 8, 7, 8, 7, 4, 3, 4, 5 ],
          eAdj := [ 5, 7, 8, 9, 13, 14, 19, 21, 22, 26, 29, 36, 37, 40, 41, 
              42, 44, 53, 54, 56, 61, 65, 67, 70, 80, 86 ] ), rec(
          DistVect := [ 0, 5, 7, 4, 5, 3, 8, 3, 4, 5, 4, 4, 7, 4, 7, 4, 8, 5, 
              4, 5, 7, 8, 7, 8, 7, 4, 5, 4, 5 ],
          eAdj := [ 5, 7, 8, 9, 13, 14, 18, 19, 21, 24, 26, 29, 36, 37, 40, 
              42, 44, 54, 56, 61, 65, 67, 70, 71, 80, 86 ] ), rec(
          DistVect := [ 0, 7, 7, 4, 7, 3, 8, 3, 4, 7, 4, 4, 5, 4, 7, 4, 8, 5, 
              4, 7, 7, 8, 7, 8, 5, 4, 5, 4, 5 ],
          eAdj := [ 5, 7, 8, 9, 13, 14, 19, 20, 21, 22, 24, 26, 29, 36, 37, 
              40, 42, 44, 54, 61, 65, 67, 70, 80, 86, 90 ] ), rec(
          DistVect := [ 0, 7, 7, 4, 7, 4, 8, 3, 4, 7, 4, 3, 5, 4, 7, 4, 7, 5, 
              4, 7, 8, 8, 7, 7, 5, 4, 4, 3, 5 ],
          eAdj := [ 5, 7, 8, 9, 13, 14, 19, 20, 21, 22, 24, 26, 29, 36, 37, 
              40, 42, 44, 52, 53, 56, 61, 71, 80, 81, 84 ] ), rec(
          DistVect := [ 0, 5, 3, 3, 5, 4, 9, 3, 4, 4, 4, 5, 8, 4, 4, 4, 7, 8, 
              4, 4, 7, 8, 4, 9, 8, 4, 5, 7, 8 ],
          eAdj := [ 2, 10, 13, 18, 19, 21, 27, 29, 31, 36, 37, 38, 40, 41, 
              42, 44, 48, 58, 61, 65, 66, 67, 70, 83, 86, 90 ] ), rec(
          DistVect := [ 0, 5, 3, 3, 3, 4, 7, 3, 4, 4, 4, 5, 8, 4, 4, 4, 7, 8, 
              4, 4, 7, 8, 4, 7, 8, 4, 3, 7, 8 ],
          eAdj := [ 2, 10, 17, 18, 19, 21, 27, 29, 31, 36, 37, 38, 40, 41, 
              42, 44, 45, 47, 48, 65, 66, 67, 70, 83, 86, 90 ] ), rec(
          DistVect := [ 0, 5, 3, 3, 5, 4, 7, 3, 4, 4, 4, 5, 8, 4, 4, 4, 7, 8, 
              4, 4, 7, 8, 4, 9, 8, 4, 3, 7, 8 ],
          eAdj := [ 2, 10, 13, 17, 18, 19, 21, 27, 29, 31, 36, 37, 38, 40, 
              41, 42, 44, 48, 53, 54, 65, 66, 67, 70, 86, 90 ] ), rec(
          DistVect := [ 0, 7, 4, 4, 4, 4, 8, 3, 5, 5, 3, 7, 7, 4, 4, 4, 8, 8, 
              5, 4, 8, 8, 5, 8, 8, 3, 4, 7, 7 ],
          eAdj := [ 2, 10, 18, 19, 21, 22, 27, 29, 31, 37, 40, 41, 44, 45, 
              47, 48, 58, 61, 62, 65, 66, 67, 78, 83, 91, 94 ] ), rec(
          DistVect := [ 0, 7, 5, 5, 3, 4, 7, 3, 4, 4, 4, 7, 8, 4, 4, 4, 9, 8, 
              4, 4, 9, 8, 4, 7, 8, 4, 3, 7, 8 ],
          eAdj := [ 2, 10, 18, 19, 21, 22, 27, 29, 31, 36, 37, 38, 40, 41, 
              42, 44, 45, 47, 56, 62, 65, 66, 67, 70, 86, 90 ] ), rec(
          DistVect := [ 0, 7, 4, 4, 4, 4, 8, 3, 5, 5, 7, 5, 7, 4, 4, 4, 8, 8, 
              5, 4, 8, 8, 5, 8, 8, 7, 4, 5, 7 ],
          eAdj := [ 4, 10, 18, 19, 21, 22, 27, 29, 31, 36, 37, 38, 42, 45, 
              47, 48, 58, 61, 62, 65, 66, 67, 83, 90, 91, 94 ] ), rec(
          DistVect := [ 0, 7, 4, 4, 4, 4, 8, 3, 5, 5, 5, 5, 5, 4, 4, 4, 8, 8, 
              5, 4, 8, 8, 5, 8, 8, 5, 4, 5, 5 ],
          eAdj := [ 7, 10, 18, 19, 21, 22, 27, 29, 31, 37, 41, 42, 44, 45, 
              47, 48, 58, 61, 62, 65, 66, 67, 83, 90, 91, 94 ] ), rec(
          DistVect := [ 0, 7, 4, 4, 4, 4, 8, 3, 5, 5, 7, 5, 5, 4, 4, 4, 8, 8, 
              5, 4, 8, 8, 5, 8, 8, 7, 4, 5, 5 ],
          eAdj := [ 4, 7, 10, 18, 19, 21, 22, 27, 29, 31, 37, 42, 45, 47, 48, 
              58, 61, 62, 65, 66, 67, 76, 77, 83, 91, 94 ] ), rec(
          DistVect := [ 0, 7, 4, 4, 4, 3, 8, 3, 7, 7, 7, 4, 5, 4, 4, 4, 7, 8, 
              7, 4, 7, 8, 7, 7, 8, 7, 5, 4, 5 ],
          eAdj := [ 4, 5, 6, 7, 10, 18, 19, 21, 22, 27, 29, 31, 37, 45, 47, 
              48, 58, 61, 62, 76, 77, 78, 87, 93, 94, 97 ] ), rec(
          DistVect := [ 0, 7, 4, 4, 4, 4, 8, 3, 7, 7, 7, 3, 5, 4, 4, 4, 8, 8, 
              7, 4, 8, 8, 7, 8, 8, 7, 4, 3, 5 ],
          eAdj := [ 4, 5, 6, 7, 10, 18, 19, 21, 22, 27, 29, 31, 37, 45, 47, 
              48, 58, 61, 62, 65, 66, 67, 83, 90, 91, 94 ] ), rec(
          DistVect := [ 0, 1, 0, 0, 0, 0, 1, 1, 1, 1, 1, 1, 0, 0, 0, 0, 0, 1, 
              1, 0, 0, 1, 1, 0, 1, 1, 1, 1, 0 ],
          eAdj := [ 2, 4, 5, 6, 7, 10, 18, 19, 21, 22, 27, 29, 31, 37, 45, 
              47, 48, 58, 61, 62, 76, 77, 78, 87, 93, 97 ] ), rec(
          DistVect := [ 0, 4, 4, 4, 4, 4, 8, 3, 4, 4, 4, 4, 8, 3, 4, 4, 8, 8, 
              3, 4, 8, 8, 5, 8, 8, 5, 4, 5, 7 ],
          eAdj := [ 8, 10, 13, 14, 15, 17, 18, 19, 21, 27, 29, 36, 37, 38, 
              40, 41, 42, 44, 53, 54, 56, 65, 70, 71, 80, 86 ] ), rec(
          DistVect := [ 0, 4, 4, 4, 4, 4, 8, 3, 4, 4, 4, 4, 8, 5, 4, 4, 8, 8, 
              3, 4, 8, 8, 5, 8, 8, 5, 4, 5, 7 ],
          eAdj := [ 8, 10, 13, 14, 15, 17, 18, 19, 21, 26, 30, 35, 36, 38, 
              40, 41, 42, 44, 53, 54, 56, 70, 71, 80, 81, 84 ] ), rec(
          DistVect := [ 0, 4, 4, 4, 4, 4, 8, 3, 4, 4, 4, 4, 8, 5, 4, 4, 8, 8, 
              3, 4, 8, 8, 5, 8, 8, 3, 4, 7, 7 ],
          eAdj := [ 2, 8, 10, 13, 15, 17, 18, 19, 21, 26, 29, 36, 37, 38, 40, 
              41, 42, 44, 53, 54, 56, 65, 67, 70, 71, 80 ] ), rec(
          DistVect := [ 0, 4, 4, 4, 4, 4, 8, 3, 4, 4, 4, 4, 8, 5, 4, 4, 8, 8, 
              3, 4, 8, 8, 3, 8, 8, 3, 4, 7, 7 ],
          eAdj := [ 2, 8, 10, 13, 15, 17, 18, 19, 21, 25, 26, 30, 36, 37, 38, 
              40, 41, 42, 44, 53, 54, 56, 70, 71, 80, 81 ] ), rec(
          DistVect := [ 0, 4, 4, 4, 4, 4, 8, 3, 4, 4, 4, 4, 8, 5, 4, 4, 8, 8, 
              5, 4, 8, 8, 3, 8, 8, 3, 4, 7, 9 ],
          eAdj := [ 2, 8, 10, 13, 15, 17, 18, 19, 21, 25, 31, 36, 38, 39, 40, 
              41, 42, 43, 44, 53, 54, 56, 70, 71, 80, 81 ] ), rec(
          DistVect := [ 0, 3, 3, 3, 3, 4, 9, 3, 4, 4, 4, 3, 8, 4, 4, 4, 7, 8, 
              4, 4, 7, 8, 4, 7, 8, 4, 5, 7, 8 ],
          eAdj := [ 2, 8, 10, 13, 15, 17, 18, 19, 21, 27, 29, 31, 36, 37, 38, 
              40, 41, 42, 44, 65, 66, 67, 70, 83, 86, 90 ] ), rec(
          DistVect := [ 0, 4, 4, 4, 4, 4, 8, 3, 4, 4, 4, 4, 8, 3, 4, 4, 8, 8, 
              3, 4, 8, 8, 3, 8, 8, 3, 4, 7, 9 ],
          eAdj := [ 2, 8, 10, 13, 15, 17, 18, 19, 21, 27, 29, 31, 36, 37, 38, 
              40, 41, 42, 44, 53, 54, 56, 70, 71, 80, 81 ] ), rec(
          DistVect := [ 0, 4, 5, 5, 3, 4, 7, 3, 5, 5, 3, 4, 7, 7, 4, 4, 9, 8, 
              4, 4, 9, 8, 4, 7, 8, 4, 3, 7, 8 ],
          eAdj := [ 2, 3, 8, 10, 13, 15, 17, 18, 19, 21, 25, 26, 30, 35, 39, 
              40, 41, 43, 44, 53, 54, 55, 56, 64, 81, 84 ] ), rec(
          DistVect := [ 0, 4, 4, 4, 4, 4, 8, 3, 4, 4, 4, 4, 8, 7, 4, 4, 8, 8, 
              5, 4, 8, 8, 5, 8, 8, 3, 4, 7, 7 ],
          eAdj := [ 2, 3, 8, 10, 13, 15, 17, 18, 19, 21, 25, 26, 36, 38, 40, 
              41, 42, 43, 44, 53, 54, 56, 67, 70, 71, 80 ] ), rec(
          DistVect := [ 0, 4, 4, 4, 4, 4, 8, 3, 4, 4, 4, 4, 8, 5, 4, 4, 8, 8, 
              3, 4, 8, 8, 5, 8, 8, 7, 4, 5, 7 ],
          eAdj := [ 4, 8, 10, 13, 14, 15, 17, 18, 19, 21, 27, 30, 35, 36, 38, 
              40, 41, 42, 44, 53, 54, 56, 65, 70, 71, 80 ] ), rec(
          DistVect := [ 0, 4, 4, 4, 4, 4, 8, 3, 4, 4, 4, 4, 8, 7, 4, 4, 8, 8, 
              5, 4, 8, 8, 5, 8, 8, 7, 4, 5, 7 ],
          eAdj := [ 3, 4, 8, 10, 13, 15, 17, 18, 19, 21, 30, 35, 36, 38, 39, 
              40, 41, 42, 44, 53, 54, 56, 70, 71, 80, 84 ] ), rec(
          DistVect := [ 0, 4, 4, 4, 4, 4, 8, 3, 4, 4, 4, 4, 8, 5, 4, 4, 8, 8, 
              5, 4, 8, 8, 5, 8, 8, 5, 4, 5, 5 ],
          eAdj := [ 7, 8, 10, 13, 15, 17, 18, 19, 21, 36, 37, 38, 40, 41, 42, 
              44, 53, 54, 56, 65, 66, 67, 70, 71, 80, 86 ] ), rec(
          DistVect := [ 0, 4, 4, 4, 4, 4, 8, 3, 4, 4, 4, 4, 8, 5, 4, 4, 8, 8, 
              3, 4, 8, 8, 5, 8, 8, 5, 4, 5, 5 ],
          eAdj := [ 7, 8, 10, 13, 14, 15, 17, 18, 19, 21, 26, 30, 36, 37, 38, 
              40, 41, 42, 44, 53, 54, 56, 65, 70, 71, 80 ] ), rec(
          DistVect := [ 0, 4, 4, 4, 4, 4, 8, 3, 4, 4, 4, 4, 8, 7, 4, 4, 8, 8, 
              5, 4, 8, 8, 5, 8, 8, 5, 4, 5, 5 ],
          eAdj := [ 3, 7, 8, 10, 13, 15, 17, 18, 19, 21, 25, 26, 30, 36, 38, 
              40, 41, 42, 44, 53, 54, 56, 70, 71, 80, 84 ] ), rec(
          DistVect := [ 0, 4, 4, 4, 4, 4, 8, 3, 4, 4, 4, 4, 8, 7, 4, 4, 8, 8, 
              5, 4, 8, 8, 5, 8, 8, 7, 4, 5, 5 ],
          eAdj := [ 3, 4, 7, 8, 10, 13, 15, 17, 18, 19, 21, 30, 36, 38, 40, 
              41, 42, 44, 53, 54, 56, 65, 66, 70, 71, 80 ] ), rec(
          DistVect := [ 0, 5, 5, 4, 4, 3, 8, 3, 4, 5, 5, 4, 7, 4, 5, 5, 8, 7, 
              4, 4, 7, 8, 7, 7, 8, 7, 5, 4, 5 ],
          eAdj := [ 4, 5, 7, 8, 10, 14, 18, 19, 21, 27, 29, 36, 37, 41, 42, 
              45, 61, 62, 65, 66, 67, 76, 83, 86, 90, 91 ] ), rec(
          DistVect := [ 0, 4, 4, 4, 4, 4, 8, 3, 4, 4, 4, 4, 8, 5, 4, 4, 8, 8, 
              5, 4, 8, 8, 7, 8, 8, 7, 4, 3, 5 ],
          eAdj := [ 4, 5, 7, 8, 10, 13, 14, 15, 17, 18, 19, 21, 36, 38, 40, 
              41, 42, 44, 53, 54, 56, 65, 70, 71, 80, 86 ] ), rec(
          DistVect := [ 0, 4, 4, 4, 4, 3, 8, 3, 4, 4, 4, 3, 8, 7, 4, 4, 7, 8, 
              7, 4, 7, 8, 7, 7, 8, 7, 5, 4, 5 ],
          eAdj := [ 3, 4, 5, 6, 7, 8, 10, 13, 15, 17, 18, 19, 21, 36, 38, 40, 
              41, 42, 44, 65, 66, 67, 80, 83, 86, 90 ] ), rec(
          DistVect := [ 0, 4, 4, 4, 4, 4, 8, 3, 4, 4, 4, 4, 8, 7, 4, 4, 8, 8, 
              7, 4, 8, 8, 7, 8, 8, 7, 4, 3, 5 ],
          eAdj := [ 3, 4, 5, 6, 7, 8, 10, 13, 15, 17, 18, 19, 21, 36, 38, 40, 
              41, 42, 44, 53, 54, 56, 70, 71, 80, 84 ] ), rec(
          DistVect := [ 0, 4, 4, 4, 4, 4, 8, 3, 4, 4, 4, 4, 8, 3, 4, 4, 8, 8, 
              3, 4, 8, 8, 5, 8, 8, 3, 4, 5, 7 ],
          eAdj := [ 8, 9, 10, 13, 14, 15, 17, 18, 19, 21, 26, 29, 36, 37, 38, 
              40, 41, 42, 44, 53, 54, 56, 70, 71, 80, 81 ] ), rec(
          DistVect := [ 0, 5, 5, 4, 5, 3, 8, 3, 4, 5, 4, 4, 7, 4, 5, 4, 8, 7, 
              4, 5, 7, 8, 7, 8, 7, 4, 5, 4, 5 ],
          eAdj := [ 5, 7, 8, 9, 10, 13, 14, 18, 19, 21, 26, 29, 36, 37, 40, 
              41, 42, 44, 54, 61, 65, 67, 70, 80, 86, 90 ] ), rec(
          DistVect := [ 0, 4, 4, 4, 4, 4, 8, 3, 4, 4, 4, 4, 8, 5, 4, 4, 8, 8, 
              5, 4, 8, 8, 7, 8, 8, 5, 4, 3, 5 ],
          eAdj := [ 5, 7, 8, 9, 10, 13, 14, 15, 17, 18, 19, 21, 26, 36, 38, 
              40, 41, 42, 44, 53, 54, 56, 70, 71, 80, 84 ] ), rec(
          DistVect := [ 0, 4, 7, 4, 4, 4, 8, 3, 5, 4, 4, 4, 8, 5, 5, 5, 7, 5, 
              4, 4, 8, 8, 5, 8, 8, 5, 4, 3, 5 ],
          eAdj := [ 7, 9, 11, 13, 14, 15, 17, 18, 19, 21, 24, 25, 26, 30, 34, 
              35, 38, 40, 44, 52, 53, 55, 64, 79, 81, 84 ] ), rec(
          DistVect := [ 0, 4, 7, 4, 7, 4, 8, 3, 5, 4, 5, 4, 8, 5, 5, 4, 7, 5, 
              4, 5, 8, 8, 5, 7, 5, 4, 4, 3, 5 ],
          eAdj := [ 7, 9, 11, 14, 15, 17, 19, 20, 21, 24, 25, 28, 30, 34, 35, 
              38, 43, 49, 51, 52, 55, 63, 64, 69, 79, 85 ] ), rec(
          DistVect := [ 0, 4, 5, 5, 5, 5, 8, 3, 5, 5, 5, 5, 8, 7, 4, 4, 8, 7, 
              4, 4, 8, 7, 4, 8, 7, 4, 3, 4, 5 ],
          eAdj := [ 3, 7, 9, 11, 14, 17, 21, 25, 26, 28, 30, 33, 34, 35, 39, 
              43, 46, 49, 50, 51, 52, 55, 63, 79, 85, 89 ] ), rec(
          DistVect := [ 0, 4, 5, 5, 7, 5, 8, 3, 5, 5, 7, 5, 8, 7, 4, 4, 8, 7, 
              4, 4, 8, 7, 4, 8, 5, 4, 3, 4, 5 ],
          eAdj := [ 3, 7, 9, 11, 14, 17, 20, 21, 28, 30, 33, 34, 35, 39, 43, 
              46, 49, 50, 51, 52, 55, 63, 69, 72, 85, 89 ] ), rec(
          DistVect := [ 0, 4, 7, 7, 7, 4, 8, 3, 7, 7, 7, 4, 8, 7, 4, 4, 7, 5, 
              4, 4, 7, 5, 4, 7, 5, 4, 4, 3, 5 ],
          eAdj := [ 3, 7, 9, 11, 14, 17, 20, 21, 23, 24, 28, 33, 34, 35, 39, 
              43, 46, 49, 50, 68, 69, 72, 82, 89, 92, 96 ] ), rec(
          DistVect := [ 0, 4, 7, 7, 7, 3, 8, 3, 7, 7, 7, 3, 8, 7, 4, 4, 8, 5, 
              4, 4, 8, 5, 4, 8, 5, 4, 5, 4, 5 ],
          eAdj := [ 3, 7, 9, 11, 14, 17, 20, 21, 23, 24, 28, 33, 34, 35, 39, 
              43, 46, 49, 50, 51, 52, 55, 63, 79, 85, 89 ] ), rec(
          DistVect := [ 0, 5, 5, 5, 5, 5, 8, 3, 4, 4, 4, 4, 7, 4, 4, 4, 8, 7, 
              4, 4, 8, 7, 4, 8, 7, 4, 3, 4, 5 ],
          eAdj := [ 7, 8, 9, 11, 13, 14, 15, 17, 21, 25, 26, 30, 36, 37, 38, 
              40, 51, 52, 53, 54, 55, 56, 64, 71, 81, 84 ] ), rec(
          DistVect := [ 0, 5, 5, 5, 3, 5, 8, 3, 4, 4, 4, 4, 7, 4, 4, 4, 8, 7, 
              4, 4, 8, 7, 4, 8, 9, 4, 3, 4, 5 ],
          eAdj := [ 7, 8, 9, 11, 13, 14, 15, 17, 18, 21, 25, 26, 30, 36, 37, 
              38, 40, 41, 44, 53, 54, 55, 56, 71, 81, 84 ] ), rec(
          DistVect := [ 0, 7, 5, 5, 5, 5, 8, 3, 4, 4, 4, 4, 5, 4, 4, 4, 8, 7, 
              4, 4, 8, 7, 4, 8, 7, 4, 3, 4, 5 ],
          eAdj := [ 7, 8, 9, 11, 13, 14, 15, 21, 22, 25, 26, 30, 36, 37, 38, 
              40, 41, 42, 44, 53, 54, 56, 71, 80, 81, 84 ] ), rec(
          DistVect := [ 0, 7, 5, 5, 7, 5, 8, 3, 4, 4, 4, 4, 5, 4, 4, 4, 8, 7, 
              4, 4, 8, 7, 4, 8, 5, 4, 3, 4, 5 ],
          eAdj := [ 7, 8, 9, 11, 13, 14, 15, 20, 21, 22, 25, 26, 30, 36, 37, 
              38, 40, 42, 51, 52, 53, 54, 56, 71, 81, 84 ] ), rec(
          DistVect := [ 0, 5, 7, 5, 5, 3, 8, 3, 4, 4, 4, 4, 7, 4, 4, 4, 8, 5, 
              4, 4, 8, 7, 4, 8, 7, 4, 5, 4, 5 ],
          eAdj := [ 7, 8, 9, 11, 13, 14, 15, 18, 19, 21, 24, 25, 26, 30, 36, 
              37, 38, 40, 44, 53, 54, 56, 71, 80, 81, 84 ] ), rec(
          DistVect := [ 0, 5, 7, 5, 7, 3, 8, 3, 4, 4, 4, 4, 7, 4, 4, 4, 8, 5, 
              4, 4, 8, 7, 4, 8, 5, 4, 5, 4, 5 ],
          eAdj := [ 7, 8, 9, 11, 13, 14, 15, 19, 20, 21, 24, 25, 26, 30, 36, 
              37, 38, 40, 52, 53, 54, 56, 64, 71, 81, 84 ] ), rec(
          DistVect := [ 0, 7, 7, 7, 7, 4, 8, 3, 4, 4, 4, 3, 5, 4, 4, 4, 7, 5, 
              4, 4, 7, 5, 4, 7, 5, 4, 4, 3, 5 ],
          eAdj := [ 7, 8, 9, 11, 13, 14, 15, 20, 21, 22, 23, 24, 25, 26, 30, 
              36, 37, 38, 40, 51, 52, 55, 63, 64, 79, 84 ] ), rec(
          DistVect := [ 0, 7, 7, 7, 7, 3, 8, 3, 4, 4, 4, 4, 5, 4, 4, 4, 8, 5, 
              4, 4, 8, 5, 4, 8, 5, 4, 5, 4, 5 ],
          eAdj := [ 7, 8, 9, 11, 13, 14, 15, 20, 21, 22, 23, 24, 25, 26, 30, 
              36, 37, 38, 40, 53, 54, 56, 71, 80, 81, 84 ] ), rec(
          DistVect := [ 0, 4, 4, 4, 4, 4, 8, 3, 4, 4, 4, 4, 8, 3, 4, 4, 8, 8, 
              5, 4, 8, 8, 5, 8, 8, 5, 4, 3, 5 ],
          eAdj := [ 7, 8, 9, 10, 11, 13, 14, 15, 17, 18, 19, 21, 36, 37, 38, 
              40, 41, 42, 44, 53, 54, 56, 70, 71, 80, 86 ] ), rec(
          DistVect := [ 0, 3, 5, 5, 5, 3, 8, 3, 4, 4, 4, 4, 9, 4, 4, 4, 8, 7, 
              4, 4, 8, 7, 4, 8, 7, 4, 5, 4, 5 ],
          eAdj := [ 7, 8, 9, 10, 11, 13, 14, 15, 17, 18, 19, 21, 25, 26, 30, 
              36, 37, 38, 40, 53, 54, 56, 64, 71, 81, 84 ] ), rec(
          DistVect := [ 0, 4, 7, 4, 4, 4, 8, 3, 5, 4, 4, 4, 8, 5, 7, 5, 7, 7, 
              4, 4, 8, 8, 7, 8, 8, 5, 4, 3, 7 ],
          eAdj := [ 5, 9, 12, 13, 14, 15, 17, 18, 19, 21, 24, 26, 30, 34, 35, 
              38, 40, 43, 44, 52, 53, 55, 64, 79, 81, 84 ] ), rec(
          DistVect := [ 0, 4, 4, 4, 4, 4, 8, 3, 4, 4, 4, 4, 8, 5, 4, 4, 8, 8, 
              5, 4, 8, 8, 5, 8, 8, 5, 4, 5, 9 ],
          eAdj := [ 8, 10, 12, 13, 15, 17, 18, 19, 21, 35, 36, 38, 39, 40, 
              41, 42, 43, 44, 53, 54, 56, 70, 71, 80, 81, 84 ] ), rec(
          DistVect := [ 0, 4, 4, 4, 4, 4, 8, 3, 4, 4, 4, 4, 8, 3, 4, 4, 8, 8, 
              3, 4, 8, 8, 5, 8, 8, 5, 4, 5, 9 ],
          eAdj := [ 8, 10, 12, 13, 14, 15, 17, 18, 19, 21, 27, 29, 35, 36, 
              38, 40, 41, 42, 44, 53, 54, 56, 70, 71, 80, 81 ] ), rec(
          DistVect := [ 0, 5, 5, 4, 4, 3, 7, 3, 4, 5, 5, 4, 8, 4, 5, 5, 8, 8, 
              4, 4, 7, 7, 7, 7, 7, 7, 4, 4, 8 ],
          eAdj := [ 4, 5, 8, 10, 12, 14, 17, 18, 19, 21, 27, 29, 35, 36, 38, 
              40, 41, 42, 45, 54, 56, 65, 70, 80, 86, 90 ] ), rec(
          DistVect := [ 0, 4, 4, 4, 4, 4, 8, 3, 4, 4, 4, 4, 8, 5, 4, 4, 8, 8, 
              5, 4, 8, 8, 7, 8, 8, 7, 4, 3, 7 ],
          eAdj := [ 4, 5, 8, 10, 12, 13, 14, 15, 17, 18, 19, 21, 35, 36, 38, 
              40, 41, 42, 44, 53, 54, 56, 70, 71, 80, 84 ] ), rec(
          DistVect := [ 0, 3, 5, 4, 5, 3, 7, 3, 4, 3, 4, 4, 8, 4, 5, 4, 8, 8, 
              4, 5, 7, 7, 7, 8, 8, 4, 4, 4, 8 ],
          eAdj := [ 5, 8, 9, 10, 12, 13, 14, 15, 17, 18, 19, 21, 26, 29, 35, 
              38, 42, 43, 44, 52, 53, 56, 64, 71, 81, 84 ] ), rec(
          DistVect := [ 0, 4, 4, 4, 4, 4, 8, 3, 4, 4, 4, 4, 8, 3, 4, 4, 8, 8, 
              5, 4, 8, 8, 7, 8, 8, 5, 4, 3, 7 ],
          eAdj := [ 5, 8, 9, 10, 12, 13, 14, 15, 17, 18, 19, 21, 29, 36, 38, 
              40, 41, 42, 44, 53, 54, 56, 70, 71, 80, 86 ] ), rec(
          DistVect := [ 0, 3, 5, 5, 5, 3, 7, 3, 4, 4, 4, 4, 8, 4, 4, 4, 8, 8, 
              4, 4, 8, 8, 4, 8, 8, 4, 4, 4, 8 ],
          eAdj := [ 8, 9, 10, 11, 12, 13, 14, 15, 17, 18, 19, 21, 25, 26, 30, 
              35, 39, 43, 51, 52, 55, 63, 64, 79, 81, 84 ] ), rec(
          DistVect := [ 0, 1, 1, 1, 1, 0, 2, 1, 1, 1, 1, 1, 2, 1, 1, 1, 1, 2, 
              2, 1, 1, 2, 2, 1, 2, 2, 2, 1, 1 ],
          eAdj := [ 2, 4, 5, 6, 7, 10, 18, 19, 21, 27, 29, 31, 37, 45, 47, 
              48, 58, 61, 62, 76, 77, 78, 87, 91, 93, 94, 97 ] ), rec(
          DistVect := [ 0, 2, 1, 1, 1, 1, 2, 1, 1, 1, 2, 2, 2, 1, 1, 1, 2, 2, 
              1, 1, 2, 2, 1, 2, 2, 2, 1, 2, 2 ],
          eAdj := [ 2, 4, 10, 18, 19, 21, 22, 27, 29, 31, 36, 37, 38, 42, 45, 
              47, 48, 58, 61, 62, 65, 66, 67, 76, 77, 83, 91, 94 ] ), rec(
          DistVect := [ 0, 1, 2, 1, 1, 0, 2, 1, 1, 1, 1, 1, 2, 1, 2, 2, 2, 1, 
              1, 1, 1, 2, 2, 1, 2, 2, 2, 1, 1 ],
          eAdj := [ 2, 4, 5, 7, 8, 10, 14, 18, 19, 21, 24, 27, 29, 36, 37, 
              41, 42, 45, 61, 62, 66, 67, 76, 83, 86, 90, 91, 94 ] ), rec(
          DistVect := [ 0, 1, 1, 1, 1, 0, 1, 1, 1, 1, 1, 1, 2, 1, 1, 1, 1, 1, 
              2, 1, 1, 1, 2, 1, 1, 2, 1, 1, 2 ],
          eAdj := [ 1, 2, 4, 5, 6, 10, 12, 17, 18, 19, 21, 27, 29, 31, 36, 
              38, 40, 45, 47, 48, 65, 66, 67, 83, 86, 90, 91, 94 ] ), rec(
          DistVect := [ 0, 2, 1, 1, 1, 1, 2, 1, 1, 1, 1, 2, 1, 1, 1, 1, 2, 2, 
              1, 1, 2, 2, 1, 2, 2, 1, 1, 2, 1 ],
          eAdj := [ 2, 7, 10, 18, 19, 21, 22, 27, 29, 31, 37, 41, 42, 44, 45, 
              47, 48, 58, 61, 62, 65, 66, 67, 76, 77, 78, 83, 91, 94 ] ), rec(
          DistVect := [ 0, 1, 1, 1, 1, 1, 2, 1, 1, 1, 1, 1, 2, 2, 1, 1, 2, 2, 
              1, 1, 2, 2, 1, 2, 2, 2, 1, 2, 2 ],
          eAdj := [ 2, 3, 4, 8, 10, 13, 15, 17, 18, 19, 21, 27, 30, 35, 36, 
              38, 39, 40, 41, 42, 44, 53, 54, 56, 65, 66, 70, 71, 80 ] ), rec(
          DistVect := [ 0, 1, 1, 1, 1, 1, 3, 1, 1, 1, 1, 1, 2, 1, 1, 1, 2, 2, 
              1, 1, 2, 2, 1, 2, 2, 1, 2, 2, 2 ],
          eAdj := [ 2, 7, 8, 10, 13, 15, 18, 19, 21, 27, 29, 31, 36, 37, 38, 
              40, 41, 42, 44, 58, 61, 62, 65, 66, 67, 70, 83, 86, 90 ] ), rec(
          DistVect := [ 0, 1, 2, 1, 2, 0, 2, 1, 1, 1, 1, 1, 2, 1, 2, 1, 2, 1, 
              1, 2, 1, 2, 2, 2, 1, 1, 2, 1, 1 ],
          eAdj := [ 2, 5, 7, 8, 9, 10, 13, 14, 18, 19, 20, 21, 24, 26, 29, 
              36, 37, 40, 42, 44, 54, 61, 65, 67, 70, 71, 80, 86, 90 ] ), rec(
          DistVect := [ 0, 1, 2, 1, 1, 0, 1, 1, 1, 1, 1, 1, 2, 1, 2, 2, 2, 2, 
              1, 1, 1, 1, 2, 1, 1, 2, 1, 1, 2 ],
          eAdj := [ 1, 2, 4, 5, 8, 10, 12, 14, 17, 18, 19, 21, 24, 27, 29, 
              35, 38, 40, 41, 42, 45, 54, 56, 65, 70, 71, 80, 86, 90 ] ), rec(
          DistVect := [ 0, 1, 2, 1, 1, 1, 2, 1, 2, 1, 1, 1, 2, 2, 2, 2, 2, 1, 
              1, 1, 2, 2, 2, 2, 2, 2, 1, 1, 1 ],
          eAdj := [ 3, 4, 5, 7, 13, 14, 15, 17, 18, 19, 21, 24, 26, 30, 34, 
              35, 38, 40, 44, 52, 53, 54, 55, 56, 64, 65, 70, 71, 81, 84 ] ), 
      rec(
          DistVect := [ 0, 2, 2, 1, 1, 1, 2, 1, 1, 2, 2, 1, 1, 1, 2, 2, 2, 1, 
              1, 1, 2, 2, 2, 2, 2, 2, 1, 1, 1 ],
          eAdj := [ 4, 5, 7, 8, 14, 18, 19, 21, 22, 24, 27, 29, 36, 37, 41, 
              42, 45, 54, 56, 61, 62, 65, 66, 67, 70, 76, 83, 86, 90, 91 ] ), 
      rec(
          DistVect := [ 0, 1, 2, 1, 2, 1, 2, 1, 2, 1, 2, 1, 2, 2, 2, 1, 2, 1, 
              1, 2, 2, 2, 2, 2, 1, 1, 1, 1, 1 ],
          eAdj := [ 3, 5, 7, 9, 14, 15, 17, 19, 20, 21, 24, 25, 28, 30, 34, 
              35, 38, 43, 49, 51, 52, 53, 55, 56, 63, 64, 69, 79, 81, 85 ] ), 
      rec(
          DistVect := [ 0, 2, 2, 1, 2, 1, 2, 1, 1, 2, 1, 1, 1, 1, 2, 1, 2, 1, 
              1, 2, 2, 2, 2, 2, 1, 1, 1, 1, 1 ],
          eAdj := [ 5, 7, 8, 9, 13, 14, 19, 20, 21, 22, 24, 26, 29, 36, 37, 
              40, 42, 44, 52, 53, 54, 56, 61, 65, 67, 70, 71, 80, 81, 86 ] ), 
      rec(
          DistVect := [ 0, 1, 0, 1, 1, 1, 2, 1, 1, 1, 1, 1, 2, 1, 1, 1, 1, 2, 
              1, 1, 2, 2, 1, 2, 2, 1, 1, 2, 2 ],
          eAdj := [ 2, 6, 10, 13, 15, 17, 18, 19, 21, 27, 29, 31, 36, 37, 38, 
              40, 41, 42, 44, 47, 48, 53, 58, 65, 66, 67, 70, 83, 86, 90 ] ), 
      rec(
          DistVect := [ 0, 2, 1, 1, 1, 1, 2, 1, 2, 2, 2, 1, 1, 1, 1, 1, 2, 2, 
              2, 1, 2, 2, 2, 2, 2, 2, 1, 1, 1 ],
          eAdj := [ 4, 5, 6, 7, 10, 18, 19, 21, 22, 27, 29, 31, 37, 45, 47, 
              48, 58, 61, 62, 65, 66, 67, 76, 77, 78, 83, 87, 91, 93, 94 ] ), 
      rec(
          DistVect := [ 0, 1, 1, 1, 1, 1, 2, 1, 1, 1, 1, 1, 2, 1, 1, 1, 2, 2, 
              1, 1, 2, 2, 1, 2, 2, 1, 1, 2, 2 ],
          eAdj := [ 2, 8, 10, 13, 15, 17, 18, 19, 21, 27, 29, 31, 36, 37, 38, 
              40, 41, 42, 44, 53, 54, 56, 65, 66, 67, 70, 71, 80, 86, 90 ] ), 
      rec(
          DistVect := [ 0, 2, 2, 1, 1, 1, 2, 1, 1, 1, 1, 2, 2, 1, 1, 1, 3, 2, 
              1, 1, 2, 2, 1, 2, 2, 1, 1, 2, 2 ],
          eAdj := [ 2, 8, 10, 14, 18, 19, 21, 22, 24, 27, 29, 31, 36, 37, 38, 
              40, 41, 42, 44, 45, 54, 56, 61, 62, 65, 66, 67, 70, 86, 90 ] ), 
      rec(
          DistVect := [ 0, 1, 2, 1, 1, 1, 2, 1, 2, 1, 1, 1, 2, 2, 1, 1, 3, 2, 
              1, 1, 2, 2, 1, 2, 2, 1, 1, 2, 2 ],
          eAdj := [ 2, 3, 8, 10, 13, 14, 15, 17, 18, 19, 21, 24, 25, 26, 30, 
              34, 35, 38, 39, 40, 43, 44, 52, 53, 54, 55, 56, 64, 81, 84 ] ), 
      rec(
          DistVect := [ 0, 1, 1, 1, 1, 1, 2, 1, 1, 1, 1, 1, 2, 2, 1, 1, 2, 2, 
              1, 1, 2, 2, 1, 2, 2, 1, 1, 2, 1 ],
          eAdj := [ 2, 3, 7, 8, 10, 13, 15, 17, 18, 19, 21, 25, 26, 30, 36, 
              37, 38, 40, 41, 42, 44, 53, 54, 56, 65, 66, 67, 70, 71, 80 ] ), 
      rec(
          DistVect := [ 0, 1, 1, 1, 1, 1, 2, 1, 1, 1, 1, 1, 2, 2, 1, 1, 2, 2, 
              2, 1, 2, 2, 2, 2, 2, 2, 1, 1, 1 ],
          eAdj := [ 3, 4, 5, 6, 7, 8, 10, 13, 15, 17, 18, 19, 21, 36, 38, 40, 
              41, 42, 44, 53, 54, 56, 65, 66, 67, 70, 71, 80, 83, 86 ] ), rec(
          DistVect := [ 0, 1, 2, 2, 2, 1, 2, 1, 2, 2, 2, 1, 2, 2, 1, 1, 2, 1, 
              1, 1, 2, 1, 1, 2, 1, 1, 1, 1, 1 ],
          eAdj := [ 3, 7, 9, 11, 14, 17, 20, 21, 23, 24, 28, 33, 34, 35, 39, 
              43, 46, 49, 50, 51, 52, 55, 63, 68, 69, 72, 82, 85, 89, 92 ] ), 
      rec(
          DistVect := [ 0, 2, 2, 2, 2, 1, 2, 1, 1, 1, 1, 1, 1, 1, 1, 1, 2, 1, 
              1, 1, 2, 1, 1, 2, 1, 1, 1, 1, 1 ],
          eAdj := [ 7, 8, 9, 11, 13, 14, 15, 20, 21, 22, 23, 24, 25, 26, 30, 
              36, 37, 38, 40, 51, 52, 53, 54, 55, 56, 63, 64, 71, 81, 84 ] ), 
      rec(
          DistVect := [ 0, 1, 1, 1, 1, 1, 2, 1, 1, 1, 1, 1, 2, 1, 1, 1, 2, 2, 
              1, 1, 2, 2, 1, 2, 2, 1, 1, 1, 1 ],
          eAdj := [ 7, 8, 9, 10, 11, 13, 14, 15, 17, 18, 19, 21, 25, 26, 30, 
              36, 37, 38, 40, 41, 42, 44, 53, 54, 56, 70, 71, 80, 81, 84 ] ), 
      rec(
          DistVect := [ 0, 1, 2, 2, 2, 0, 2, 1, 1, 1, 1, 1, 2, 1, 1, 1, 2, 1, 
              1, 1, 2, 1, 1, 2, 1, 1, 2, 1, 1 ],
          eAdj := [ 2, 7, 8, 9, 10, 11, 13, 14, 15, 18, 19, 20, 21, 23, 24, 
              25, 26, 30, 36, 37, 38, 40, 53, 54, 56, 64, 71, 80, 81, 84 ] ), 
      rec(
          DistVect := [ 0, 1, 2, 1, 1, 1, 2, 1, 2, 1, 1, 1, 2, 2, 2, 2, 2, 2, 
              1, 1, 2, 2, 2, 2, 2, 2, 1, 1, 2 ],
          eAdj := [ 3, 4, 5, 12, 13, 14, 15, 17, 18, 19, 21, 24, 26, 30, 32, 
              34, 35, 38, 39, 40, 43, 44, 52, 53, 55, 57, 64, 79, 81, 84 ] ), 
      rec(
          DistVect := [ 0, 2, 2, 1, 1, 1, 2, 1, 1, 2, 2, 1, 2, 1, 2, 2, 2, 2, 
              1, 1, 2, 2, 2, 2, 2, 2, 1, 1, 2 ],
          eAdj := [ 4, 5, 8, 12, 14, 17, 18, 19, 21, 22, 24, 27, 29, 35, 36, 
              37, 38, 40, 41, 42, 45, 54, 56, 61, 62, 65, 70, 80, 86, 90 ] ), 
      rec(
          DistVect := [ 0, 1, 2, 1, 1, 1, 2, 1, 1, 1, 1, 1, 2, 1, 2, 1, 2, 2, 
              1, 1, 2, 2, 2, 2, 2, 1, 1, 1, 2 ],
          eAdj := [ 5, 8, 9, 12, 13, 14, 15, 17, 18, 19, 21, 24, 26, 29, 30, 
              34, 35, 38, 40, 42, 43, 44, 52, 53, 55, 56, 64, 71, 81, 84 ] ), 
      rec(
          DistVect := [ 0, 2, 1, 1, 1, 1, 2, 1, 2, 2, 2, 1, 2, 1, 1, 1, 2, 2, 
              2, 1, 2, 2, 2, 2, 2, 2, 1, 1, 2 ],
          eAdj := [ 4, 5, 6, 10, 12, 17, 18, 19, 21, 22, 27, 29, 31, 36, 37, 
              38, 40, 45, 47, 48, 58, 61, 62, 65, 66, 67, 83, 90, 91, 94 ] ), 
      rec(
          DistVect := [ 0, 1, 1, 1, 1, 1, 2, 1, 1, 1, 1, 1, 2, 1, 1, 1, 2, 2, 
              1, 1, 2, 2, 1, 2, 2, 1, 1, 2, 3 ],
          eAdj := [ 1, 2, 8, 10, 12, 13, 15, 17, 18, 19, 21, 27, 29, 31, 35, 
              36, 38, 39, 40, 41, 42, 43, 44, 53, 54, 56, 70, 71, 80, 81 ] ), 
      rec(
          DistVect := [ 0, 1, 1, 1, 1, 1, 2, 1, 1, 1, 1, 1, 2, 1, 1, 1, 2, 2, 
              1, 1, 2, 2, 2, 2, 2, 2, 1, 1, 2 ],
          eAdj := [ 4, 5, 8, 10, 12, 13, 14, 15, 17, 18, 19, 21, 27, 29, 35, 
              36, 38, 40, 41, 42, 44, 45, 53, 54, 56, 65, 70, 71, 80, 86 ] ), 
      rec(
          DistVect := [ 0, 1, 1, 1, 1, 1, 2, 1, 1, 1, 1, 1, 2, 2, 1, 1, 2, 2, 
              2, 1, 2, 2, 2, 2, 2, 2, 1, 1, 2 ],
          eAdj := [ 3, 4, 5, 6, 8, 10, 12, 13, 15, 17, 18, 19, 21, 32, 35, 
              36, 38, 39, 40, 41, 42, 43, 44, 53, 54, 56, 70, 71, 80, 84 ] ), 
      rec(
          DistVect := [ 0, 1, 2, 1, 2, 0, 1, 1, 1, 1, 1, 1, 2, 1, 2, 1, 2, 2, 
              1, 2, 1, 1, 2, 2, 2, 1, 1, 1, 2 ],
          eAdj := [ 1, 2, 5, 8, 9, 10, 12, 13, 14, 17, 18, 19, 20, 21, 24, 
              26, 29, 35, 38, 42, 43, 44, 52, 53, 56, 64, 71, 80, 81, 84 ] ), 
      rec(
          DistVect := [ 0, 1, 2, 1, 1, 1, 2, 1, 2, 1, 1, 1, 2, 2, 2, 1, 2, 1, 
              1, 1, 2, 2, 2, 2, 2, 1, 1, 1, 1 ],
          eAdj := [ 3, 5, 7, 9, 13, 14, 15, 17, 18, 19, 21, 24, 25, 26, 28, 
              30, 34, 35, 38, 40, 43, 44, 49, 52, 53, 55, 56, 64, 79, 81, 84 
             ] ), rec(
          DistVect := [ 0, 2, 2, 1, 1, 1, 2, 1, 1, 2, 1, 1, 1, 1, 2, 1, 2, 1, 
              1, 1, 2, 2, 2, 2, 2, 1, 1, 1, 1 ],
          eAdj := [ 5, 7, 8, 9, 13, 14, 18, 19, 21, 22, 24, 26, 27, 29, 36, 
              37, 40, 41, 42, 44, 45, 54, 56, 61, 62, 65, 67, 70, 80, 86, 90 
             ] ), rec(
          DistVect := [ 0, 2, 1, 1, 1, 1, 2, 1, 1, 1, 1, 2, 2, 1, 1, 1, 2, 2, 
              1, 1, 2, 2, 1, 2, 2, 1, 1, 2, 2 ],
          eAdj := [ 2, 10, 18, 19, 21, 22, 27, 29, 31, 36, 37, 38, 40, 41, 
              42, 44, 45, 47, 48, 58, 61, 62, 65, 66, 67, 70, 83, 86, 90, 91, 
              94 ] ), rec(
          DistVect := [ 0, 1, 1, 1, 1, 1, 2, 1, 1, 1, 1, 1, 2, 1, 1, 1, 2, 2, 
              0, 1, 2, 2, 1, 2, 2, 1, 1, 2, 2 ],
          eAdj := [ 2, 8, 10, 13, 14, 15, 17, 18, 19, 21, 24, 26, 27, 29, 30, 
              35, 36, 37, 38, 40, 41, 42, 44, 53, 54, 56, 65, 70, 71, 80, 81 
             ] ), rec(
          DistVect := [ 0, 1, 1, 1, 1, 1, 2, 1, 1, 1, 1, 1, 2, 2, 1, 1, 2, 2, 
              1, 1, 2, 2, 1, 2, 2, 1, 1, 2, 2 ],
          eAdj := [ 2, 3, 8, 10, 13, 15, 17, 18, 19, 21, 25, 26, 30, 35, 36, 
              38, 39, 40, 41, 42, 43, 44, 53, 54, 56, 64, 70, 71, 80, 81, 84 
             ] ), rec(
          DistVect := [ 0, 2, 1, 1, 1, 1, 2, 1, 1, 2, 2, 1, 1, 1, 1, 1, 2, 2, 
              1, 1, 2, 2, 2, 2, 2, 2, 1, 1, 1 ],
          eAdj := [ 4, 5, 7, 8, 10, 14, 18, 19, 21, 22, 27, 29, 31, 36, 37, 
              41, 42, 45, 47, 48, 58, 61, 62, 65, 66, 67, 76, 83, 90, 91, 94 
             ] ), rec(
          DistVect := [ 0, 1, 1, 1, 1, 1, 2, 1, 1, 1, 1, 1, 2, 2, 1, 1, 2, 2, 
              1, 1, 2, 2, 2, 2, 2, 2, 1, 1, 1 ],
          eAdj := [ 3, 4, 5, 7, 8, 10, 13, 14, 15, 17, 18, 19, 21, 26, 30, 
              34, 35, 36, 38, 40, 41, 42, 44, 53, 54, 56, 65, 70, 71, 80, 84 
             ] ), rec(
          DistVect := [ 0, 1, 1, 1, 1, 1, 2, 1, 1, 1, 1, 1, 2, 1, 1, 1, 2, 2, 
              1, 1, 2, 2, 2, 2, 2, 1, 1, 1, 1 ],
          eAdj := [ 5, 7, 8, 9, 10, 13, 14, 15, 17, 18, 19, 21, 26, 29, 36, 
              37, 38, 40, 41, 42, 44, 53, 54, 56, 61, 65, 67, 70, 71, 80, 86 
             ] ), rec(
          DistVect := [ 0, 1, 2, 1, 2, 1, 2, 1, 2, 1, 2, 1, 2, 2, 1, 1, 2, 1, 
              1, 1, 2, 2, 1, 2, 1, 1, 1, 1, 1 ],
          eAdj := [ 3, 7, 9, 11, 14, 15, 17, 19, 20, 21, 24, 25, 28, 30, 33, 
              34, 35, 38, 39, 43, 46, 49, 50, 51, 52, 55, 63, 69, 79, 85, 89 
             ] ), rec(
          DistVect := [ 0, 1, 2, 1, 1, 1, 2, 1, 1, 1, 1, 1, 2, 1, 1, 1, 2, 1, 
              1, 1, 2, 2, 1, 2, 2, 1, 1, 1, 1 ],
          eAdj := [ 7, 8, 9, 11, 13, 14, 15, 17, 18, 19, 21, 24, 25, 26, 30, 
              34, 35, 36, 37, 38, 40, 44, 52, 53, 54, 55, 56, 64, 71, 81, 84 
             ] ), rec(
          DistVect := [ 0, 2, 2, 1, 2, 1, 2, 1, 1, 1, 1, 1, 1, 1, 1, 1, 2, 1, 
              1, 1, 2, 2, 1, 2, 1, 1, 1, 1, 1 ],
          eAdj := [ 7, 8, 9, 11, 13, 14, 15, 19, 20, 21, 22, 24, 25, 26, 29, 
              30, 36, 37, 38, 40, 42, 44, 52, 53, 54, 56, 61, 71, 80, 81, 84 
             ] ), rec(
          DistVect := [ 0, 2, 1, 1, 1, 1, 1, 1, 1, 1, 1, 2, 2, 1, 1, 1, 2, 2, 
              1, 1, 2, 2, 1, 2, 2, 1, 0, 2, 2 ],
          eAdj := [ 1, 2, 10, 12, 17, 18, 19, 21, 22, 27, 29, 31, 36, 37, 38, 
              40, 41, 42, 44, 45, 47, 48, 53, 54, 56, 65, 66, 67, 70, 86, 90 
             ] ), rec(
          DistVect := [ 0, 1, 1, 1, 1, 1, 1, 1, 1, 1, 1, 1, 1, 2, 1, 1, 2, 2, 
              1, 1, 2, 2, 1, 2, 2, 1, 0, 2, 2 ],
          eAdj := [ 1, 2, 3, 8, 10, 12, 13, 15, 17, 18, 19, 21, 25, 26, 30, 
              32, 35, 39, 41, 42, 43, 44, 51, 52, 53, 54, 55, 56, 64, 81, 84 
             ] ), rec(
          DistVect := [ 0, 1, 1, 1, 1, 1, 2, 1, 1, 1, 1, 1, 2, 1, 1, 1, 2, 2, 
              1, 1, 2, 2, 2, 2, 2, 1, 1, 1, 2 ],
          eAdj := [ 5, 8, 9, 10, 12, 13, 14, 15, 17, 18, 19, 21, 26, 29, 35, 
              36, 38, 40, 41, 42, 43, 44, 52, 53, 54, 56, 70, 71, 80, 81, 84 
             ] ), rec(
          DistVect := [ 0, 1, 1, 1, 1, 1, 2, 1, 1, 1, 1, 1, 2, 0, 1, 1, 2, 2, 
              1, 1, 2, 2, 1, 2, 2, 1, 1, 1, 2 ],
          eAdj := [ 8, 9, 10, 11, 12, 13, 14, 15, 17, 18, 19, 21, 22, 27, 29, 
              31, 36, 37, 38, 40, 41, 42, 44, 53, 54, 56, 70, 71, 80, 81, 86 
             ] ), rec(
          DistVect := [ 0, 1, 2, 2, 2, 0, 1, 1, 1, 1, 1, 1, 2, 1, 1, 1, 2, 2, 
              1, 1, 2, 2, 1, 2, 2, 1, 1, 1, 2 ],
          eAdj := [ 1, 2, 8, 9, 10, 11, 12, 13, 14, 15, 17, 18, 19, 20, 21, 
              23, 24, 25, 26, 30, 35, 39, 43, 51, 52, 55, 63, 64, 79, 84, 85 
             ] ), rec(
          DistVect := [ 0, 1, 1, 0, 0, 0, 1, 1, 0, 1, 1, 1, 0, 0, 1, 1, 1, 0, 
              0, 0, 0, 1, 1, 0, 1, 1, 1, 1, 0 ],
          eAdj := [ 2, 4, 5, 7, 8, 10, 14, 18, 19, 21, 22, 24, 27, 29, 31, 
              36, 37, 41, 42, 45, 47, 48, 58, 61, 62, 66, 67, 76, 77, 78, 83, 
              87, 91, 93, 94, 97 ] ), rec(
          DistVect := [ 0, 1, 0, 0, 0, 0, 0, 1, 1, 1, 1, 1, 1, 0, 0, 0, 0, 0, 
              1, 0, 0, 0, 1, 0, 0, 1, 0, 1, 1 ],
          eAdj := [ 1, 2, 4, 5, 6, 10, 12, 17, 18, 19, 21, 22, 27, 29, 31, 
              36, 37, 38, 40, 45, 47, 48, 58, 61, 62, 65, 66, 67, 76, 77, 78, 
              83, 87, 91, 93, 94, 97 ] ), rec(
          DistVect := [ 0, 1, 1, 0, 1, 0, 1, 1, 0, 1, 0, 1, 0, 0, 1, 0, 1, 0, 
              0, 1, 0, 1, 1, 1, 0, 0, 1, 1, 0 ],
          eAdj := [ 2, 5, 7, 8, 9, 10, 13, 14, 18, 19, 20, 21, 22, 24, 26, 
              27, 29, 31, 36, 37, 40, 41, 42, 44, 45, 48, 54, 58, 61, 62, 65, 
              66, 67, 70, 76, 78, 83, 86, 90, 91, 94 ] ), rec(
          DistVect := [ 0, 1, 1, 0, 0, 0, 0, 1, 0, 1, 1, 1, 1, 0, 1, 1, 1, 1, 
              0, 0, 0, 0, 1, 0, 0, 1, 0, 1, 1 ],
          eAdj := [ 1, 2, 4, 5, 8, 10, 12, 14, 17, 18, 19, 21, 22, 24, 27, 
              29, 31, 35, 36, 37, 38, 40, 41, 42, 45, 47, 48, 54, 56, 61, 62, 
              65, 66, 67, 70, 76, 83, 86, 90, 91, 94 ] ), rec(
          DistVect := [ 0, 0, 0, 0, 0, 0, 1, 1, 0, 0, 0, 0, 1, 1, 0, 0, 0, 1, 
              1, 0, 0, 1, 1, 0, 1, 1, 1, 1, 0 ],
          eAdj := [ 2, 3, 4, 5, 6, 7, 8, 10, 13, 15, 17, 18, 19, 21, 27, 29, 
              31, 36, 37, 38, 40, 41, 42, 44, 45, 47, 48, 58, 61, 62, 65, 66, 
              67, 76, 77, 78, 83, 86, 87, 90, 91, 94 ] ), rec(
          DistVect := [ 0, 0, 1, 0, 0, 0, 1, 1, 1, 0, 0, 0, 1, 1, 1, 1, 1, 0, 
              0, 0, 0, 1, 1, 0, 1, 1, 1, 1, 0 ],
          eAdj := [ 2, 3, 4, 5, 7, 8, 10, 13, 14, 15, 17, 18, 19, 21, 24, 26, 
              27, 29, 30, 34, 35, 36, 37, 38, 40, 41, 42, 44, 45, 54, 56, 61, 
              62, 65, 66, 67, 70, 71, 76, 80, 83, 86, 90 ] ), rec(
          DistVect := [ 0, 0, 0, 0, 0, 0, 0, 1, 0, 0, 0, 0, 0, 1, 0, 0, 0, 0, 
              1, 0, 0, 0, 1, 0, 0, 1, 0, 1, 1 ],
          eAdj := [ 1, 2, 3, 4, 5, 6, 8, 10, 12, 13, 15, 17, 18, 19, 21, 27, 
              29, 31, 32, 35, 36, 38, 39, 40, 41, 42, 43, 44, 45, 47, 48, 53, 
              54, 56, 65, 66, 67, 70, 71, 80, 83, 86, 90 ] ), rec(
          DistVect := [ 0, 0, 1, 0, 1, 0, 1, 1, 1, 0, 1, 0, 1, 1, 1, 0, 1, 0, 
              0, 1, 0, 1, 1, 1, 0, 0, 1, 1, 0 ],
          eAdj := [ 2, 3, 5, 7, 8, 9, 10, 13, 14, 15, 17, 18, 19, 20, 21, 24, 
              25, 26, 28, 29, 30, 34, 35, 36, 37, 38, 40, 42, 43, 44, 49, 52, 
              53, 54, 56, 61, 64, 65, 67, 70, 71, 80, 81, 84 ] ), rec(
          DistVect := [ 0, 1, 1, 1, 1, 0, 1, 1, 0, 0, 0, 1, 0, 0, 0, 0, 1, 0, 
              0, 0, 1, 0, 0, 1, 0, 0, 1, 1, 0 ],
          eAdj := [ 2, 7, 8, 9, 10, 11, 13, 14, 15, 18, 19, 20, 21, 22, 23, 
              24, 25, 26, 27, 29, 30, 31, 36, 37, 38, 40, 41, 42, 44, 53, 54, 
              56, 58, 61, 62, 65, 66, 67, 70, 71, 80, 81, 86, 90 ] ), rec(
          DistVect := [ 0, 0, 1, 0, 0, 0, 0, 1, 1, 0, 0, 0, 0, 1, 1, 1, 1, 1, 
              0, 0, 0, 0, 1, 0, 0, 1, 0, 1, 1 ],
          eAdj := [ 1, 2, 3, 4, 5, 8, 10, 12, 13, 14, 15, 17, 18, 19, 21, 24, 
              26, 27, 29, 30, 32, 34, 35, 38, 39, 40, 41, 42, 43, 44, 45, 52, 
              53, 54, 55, 56, 57, 64, 65, 70, 71, 80, 81, 84 ] ), rec(
          DistVect := [ 0, 1, 1, 0, 1, 0, 0, 1, 0, 1, 0, 1, 1, 0, 1, 0, 1, 1, 
              0, 1, 0, 0, 1, 1, 1, 0, 0, 1, 1 ],
          eAdj := [ 1, 2, 5, 8, 9, 10, 12, 13, 14, 17, 18, 19, 20, 21, 22, 
              24, 26, 27, 29, 31, 35, 36, 37, 38, 40, 41, 42, 43, 44, 45, 48, 
              52, 53, 54, 56, 61, 65, 67, 70, 71, 80, 81, 86, 90 ] ), rec(
          DistVect := [ 0, 0, 1, 1, 1, 0, 1, 1, 1, 1, 1, 0, 1, 1, 0, 0, 1, 0, 
              0, 0, 1, 0, 0, 1, 0, 0, 1, 1, 0 ],
          eAdj := [ 2, 3, 7, 8, 9, 10, 11, 13, 14, 15, 17, 18, 19, 20, 21, 
              23, 24, 25, 26, 28, 30, 33, 34, 35, 36, 37, 38, 39, 40, 43, 46, 
              49, 50, 51, 52, 53, 54, 55, 56, 63, 64, 79, 81, 84, 85 ] ), rec(
          DistVect := [ 0, 0, 1, 0, 1, 0, 0, 1, 1, 0, 1, 0, 0, 1, 1, 0, 1, 1, 
              0, 1, 0, 0, 1, 1, 1, 0, 0, 1, 1 ],
          eAdj := [ 1, 2, 3, 5, 8, 9, 10, 12, 13, 14, 15, 17, 18, 19, 20, 21, 
              24, 25, 26, 28, 29, 30, 32, 34, 35, 38, 39, 42, 43, 44, 49, 51, 
              52, 53, 55, 56, 57, 60, 63, 64, 69, 79, 81, 84, 85 ] ), rec(
          DistVect := [ 0, 1, 1, 1, 1, 0, 0, 1, 0, 0, 0, 1, 1, 0, 0, 0, 1, 1, 
              0, 0, 1, 1, 0, 1, 1, 0, 0, 1, 1 ],
          eAdj := [ 1, 2, 8, 9, 10, 11, 12, 13, 14, 15, 17, 18, 19, 20, 21, 
              22, 23, 24, 25, 26, 27, 29, 30, 31, 35, 36, 37, 38, 39, 40, 41, 
              42, 43, 44, 51, 52, 53, 54, 55, 56, 63, 64, 71, 80, 81, 84 ] ), 
      rec(
          DistVect := [ 0, 0, 1, 1, 1, 0, 0, 1, 1, 1, 1, 0, 0, 1, 0, 0, 1, 1, 
              0, 0, 1, 1, 0, 1, 1, 0, 0, 1, 1 ],
          eAdj := [ 1, 2, 3, 8, 9, 10, 11, 12, 13, 14, 15, 17, 18, 19, 20, 
              21, 23, 24, 25, 26, 28, 30, 32, 33, 34, 35, 39, 43, 46, 49, 50, 
              51, 52, 55, 57, 59, 60, 63, 68, 69, 72, 79, 82, 85, 89, 92 ] ), 
      rec(
          DistVect := [ 0, 0, 0, 0, 0, 1, 1, 0, 0, 0, 0, 1, 1, 0, 0, 0, 1, 1, 
              0, 0, 1, 1, 0, 1, 1, 0, 0, 1, 1 ],
          eAdj := [ 1, 2, 3, 4, 5, 6, 7, 8, 9, 10, 11, 12, 13, 14, 15, 16, 
              17, 18, 19, 20, 21, 22, 23, 24, 25, 26, 27, 28, 29, 30, 31, 32, 
              33, 34, 35, 36, 37, 38, 39, 40, 41, 42, 43, 44, 45, 46, 47, 48, 
              49, 50, 51, 52, 53, 54, 55, 56, 57, 58, 59, 60, 61, 62, 63, 64, 
              65, 66, 67, 68, 69, 70, 71, 72, 73, 74, 75, 76, 77, 78, 81, 82, 
              83, 85, 86, 87, 88, 91, 92, 93, 95 ] ), rec(
          DistVect := [ 0, 1, 0, 0, 0, 1, 1, 0, 1, 1, 1, 0, 0, 1, 0, 0, 1, 1, 
              0, 0, 1, 1, 0, 1, 1, 0, 0, 1, 1 ],
          eAdj := [ 1, 2, 3, 4, 5, 6, 7, 8, 9, 10, 11, 12, 13, 14, 15, 16, 
              17, 18, 19, 20, 21, 22, 23, 24, 25, 26, 27, 28, 29, 30, 31, 32, 
              33, 34, 35, 36, 37, 38, 39, 40, 41, 42, 43, 44, 45, 46, 47, 48, 
              49, 50, 51, 52, 53, 54, 55, 56, 57, 58, 59, 60, 61, 62, 63, 65, 
              66, 67, 68, 69, 70, 72, 73, 74, 75, 76, 77, 78, 79, 80, 81, 82, 
              83, 84, 87, 88, 89, 90, 94, 96, 97, 98 ] ), rec(
          DistVect := [ 0, 1, 1, 1, 1, 0, 0, 0, 0, 0, 0, 1, 1, 1, 0, 0, 1, 1, 
              1, 0, 1, 1, 1, 1, 1, 1, 0, 0, 0 ],
          eAdj := [ 1, 2, 3, 4, 5, 6, 7, 8, 9, 10, 11, 12, 13, 14, 15, 16, 
              17, 18, 19, 20, 21, 22, 23, 24, 25, 26, 27, 28, 29, 30, 31, 32, 
              33, 34, 35, 36, 37, 38, 39, 40, 41, 42, 43, 44, 45, 46, 47, 48, 
              49, 50, 51, 52, 53, 54, 55, 56, 57, 58, 59, 60, 61, 62, 64, 65, 
              66, 67, 68, 69, 71, 72, 73, 74, 75, 76, 77, 78, 79, 80, 84, 85, 
              86, 89, 90, 91, 92, 93, 94, 95, 96, 97, 98 ] ), rec(
          DistVect := [ 0, 0, 0, 0, 1, 0, 1, 0, 0, 0, 1, 0, 1, 0, 0, 1, 0, 1, 
              0, 1, 0, 1, 0, 1, 0, 1, 1, 0, 1 ],
          eAdj := [ 1, 2, 3, 4, 5, 6, 7, 8, 9, 10, 11, 12, 13, 14, 15, 16, 
              17, 18, 19, 20, 21, 22, 23, 24, 25, 26, 27, 28, 29, 30, 31, 32, 
              33, 34, 35, 36, 37, 38, 39, 40, 41, 42, 43, 44, 45, 46, 47, 48, 
              49, 50, 51, 52, 53, 54, 57, 58, 59, 60, 61, 62, 63, 64, 65, 66, 
              69, 70, 71, 72, 74, 75, 76, 77, 79, 80, 81, 82, 83, 84, 85, 86, 
              87, 88, 89, 90, 91, 92, 93, 94, 95, 96, 97, 98 ] ), rec(
          DistVect := [ 0, 0, 1, 0, 0, 0, 0, 0, 1, 0, 0, 0, 0, 0, 1, 1, 1, 1, 
              1, 0, 0, 0, 0, 0, 0, 0, 0, 0, 0 ],
          eAdj := [ 1, 2, 3, 4, 5, 6, 7, 8, 9, 10, 11, 12, 13, 14, 15, 16, 
              17, 18, 19, 20, 21, 22, 23, 24, 25, 26, 27, 28, 29, 30, 31, 32, 
              33, 34, 37, 38, 39, 40, 41, 42, 43, 44, 45, 46, 47, 48, 49, 50, 
              51, 52, 53, 54, 55, 56, 59, 60, 61, 62, 63, 64, 65, 66, 67, 68, 
              69, 70, 71, 72, 73, 74, 75, 76, 77, 78, 79, 80, 81, 82, 83, 84, 
              85, 86, 87, 88, 89, 90, 91, 92, 93, 94, 95, 96, 97, 98 ] ), rec(
          DistVect := [ 0, 0, 1, 1, 0, 0, 1, 0, 1, 1, 0, 0, 1, 0, 0, 1, 1, 0, 
              1, 1, 1, 0, 1, 0, 1, 0, 1, 0, 1 ],
          eAdj := [ 1, 2, 3, 4, 5, 6, 7, 8, 9, 10, 11, 12, 13, 14, 15, 16, 
              17, 18, 19, 20, 21, 22, 23, 24, 25, 26, 27, 28, 29, 31, 32, 33, 
              34, 35, 36, 37, 38, 39, 40, 41, 43, 44, 45, 46, 47, 49, 51, 52, 
              53, 54, 55, 56, 57, 58, 59, 60, 61, 62, 63, 64, 65, 66, 67, 68, 
              69, 70, 71, 72, 73, 74, 75, 76, 77, 78, 79, 80, 81, 82, 83, 84, 
              85, 86, 87, 88, 89, 90, 91, 92, 93, 94, 95, 96, 97, 98 ] ), rec(
          DistVect := [ 0, 1, 0, 1, 1, 0, 0, 0, 1, 0, 0, 1, 1, 1, 1, 1, 0, 0, 
              0, 0, 1, 1, 1, 1, 1, 1, 0, 0, 0 ],
          eAdj := [ 1, 2, 3, 4, 5, 6, 7, 9, 10, 11, 12, 13, 14, 15, 16, 17, 
              18, 19, 20, 21, 22, 23, 24, 25, 26, 27, 28, 29, 30, 32, 33, 35, 
              36, 37, 38, 39, 40, 41, 42, 43, 44, 45, 46, 47, 48, 49, 50, 51, 
              52, 53, 54, 55, 56, 57, 58, 59, 60, 61, 62, 63, 64, 65, 66, 67, 
              68, 69, 70, 71, 72, 73, 74, 75, 76, 77, 78, 79, 80, 81, 82, 83, 
              84, 85, 86, 87, 88, 89, 90, 91, 92, 93, 94, 95, 96, 97, 98 ] ), 
      rec(
          DistVect := [ 0, 1, 1, 1, 1, 0, 1, 0, 0, 0, 0, 1, 0, 1, 0, 0, 1, 0, 
              1, 0, 1, 0, 1, 1, 0, 1, 1, 0, 1 ],
          eAdj := [ 1, 2, 3, 4, 5, 6, 7, 8, 9, 10, 11, 12, 13, 14, 15, 16, 
              18, 19, 20, 21, 22, 23, 24, 25, 26, 27, 28, 29, 30, 31, 33, 34, 
              35, 36, 38, 39, 40, 41, 42, 43, 44, 45, 46, 47, 48, 49, 50, 51, 
              52, 53, 54, 55, 56, 57, 58, 59, 60, 61, 62, 63, 64, 65, 66, 67, 
              68, 69, 70, 71, 72, 73, 74, 75, 76, 77, 78, 79, 80, 81, 82, 83, 
              84, 85, 86, 87, 88, 89, 90, 91, 92, 93, 94, 95, 96, 97, 98 ] ), 
      rec(
          DistVect := [ 0, 1, 0, 0, 0, 1, 0, 0, 1, 1, 1, 0, 1, 1, 0, 0, 1, 0, 
              0, 0, 1, 0, 0, 1, 0, 0, 1, 1, 0 ],
          eAdj := [ 1, 2, 3, 4, 5, 6, 7, 8, 9, 10, 11, 13, 14, 15, 16, 17, 
              18, 19, 20, 22, 23, 24, 25, 26, 27, 28, 29, 30, 31, 32, 33, 34, 
              35, 36, 37, 38, 39, 40, 41, 42, 43, 44, 45, 46, 47, 48, 49, 50, 
              51, 52, 53, 54, 55, 56, 57, 58, 59, 60, 61, 62, 63, 64, 65, 66, 
              67, 68, 69, 70, 71, 72, 73, 74, 75, 76, 77, 78, 79, 80, 81, 82, 
              83, 84, 85, 86, 87, 88, 89, 90, 91, 92, 93, 94, 95, 96, 97, 98 
             ] ), rec(
          DistVect := [ 0, 1, 0, 1, 0, 1, 1, 0, 1, 0, 1, 0, 0, 1, 1, 0, 1, 1, 
              0, 1, 0, 0, 1, 1, 1, 0, 0, 1, 1 ],
          eAdj := [ 1, 2, 3, 4, 5, 6, 7, 8, 9, 10, 12, 13, 14, 15, 16, 17, 
              18, 20, 21, 22, 23, 24, 25, 26, 27, 28, 29, 30, 31, 32, 33, 34, 
              35, 36, 37, 38, 39, 40, 41, 42, 43, 44, 45, 46, 47, 48, 49, 50, 
              51, 52, 53, 54, 55, 56, 57, 58, 59, 60, 61, 62, 63, 64, 65, 66, 
              67, 68, 69, 70, 71, 72, 73, 74, 75, 76, 77, 78, 79, 80, 81, 82, 
              83, 84, 85, 86, 87, 88, 89, 90, 91, 92, 93, 94, 95, 96, 97, 98 
             ] ) ] );
