return rec(
  DistVect := [ 0, 1, 1, 1, 2, 2, 2, 1, 1, 1, 2, 2, 2, 1, 2, 1, 1, 2, 2, 2, 
      2, 1, 0, 1, 1, 2, 1, 2, 1 ],
  ListIncidentIneq := 
   [ [ 0, 0, 0, 0, 0, 0, 0, 0, 0, 0, 0, 0, 0, 0, 0, 0, 0, 0, 0, 0, -1, 1, 0, 
          0, 0, 0, 1, 0, 0 ], 
      [ 0, 0, 0, 0, 0, 0, 0, 0, 0, 0, 0, 0, 0, 0, 0, 0, 0, 0, 0, 0, 0, -1, 
          1, 0, 0, 0, 0, 0, 1 ], 
      [ 0, 0, 0, 0, 0, 0, 0, 0, 0, 0, 0, 0, -1, 1, 0, 0, 0, 0, 0, 0, 0, 0, 
          0, 0, 0, 0, 0, 0, 1 ], 
      [ 0, 0, 0, 0, 0, 0, 0, 0, 1, 0, 0, 0, 0, 1, 0, 0, 0, 0, -1, 0, 0, 0, 
          0, 0, 0, 0, 0, 0, 0 ], 
      [ 0, 0, 0, 0, 0, 0, 0, 0, 0, 1, 0, 0, 0, -1, 0, 0, 0, 0, 0, 0, 0, 0, 
          1, 0, 0, 0, 0, 0, 0 ], 
      [ 0, 0, 1, 0, 0, -1, 0, 0, 0, 0, 0, 0, 0, 0, 0, 0, 1, 0, 0, 0, 0, 0, 
          0, 0, 0, 0, 0, 0, 0 ], 
      [ 0, 0, 1, 0, 0, 0, 0, 1, 0, 0, 0, 0, 0, 0, 0, 0, 0, 0, -1, 0, 0, 0, 
          0, 0, 0, 0, 0, 0, 0 ], 
      [ 0, 0, 0, 0, 0, 0, -1, 1, 0, 0, 0, 0, 0, 0, 0, 0, 0, 0, 0, 0, 0, 0, 
          0, 0, 0, 0, 0, 0, 1 ], 
      [ 0, 0, 0, 0, 0, 0, 0, 0, 1, 1, 0, 0, 0, 0, -1, 0, 0, 0, 0, 0, 0, 0, 
          0, 0, 0, 0, 0, 0, 0 ], 
      [ 0, 0, 0, 1, 0, 0, 0, -1, 0, 0, 0, 0, 0, 0, 0, 0, 0, 0, 0, 0, 0, 0, 
          1, 0, 0, 0, 0, 0, 0 ], 
      [ 0, 0, 0, 0, 0, 0, 0, 0, 0, 0, 0, 0, 0, 0, 1, 0, 0, 0, -1, 0, 0, 0, 
          1, 0, 0, 0, 0, 0, 0 ], 
      [ 0, 0, 0, 0, 0, 0, 0, 0, 0, 1, 0, 0, -1, 0, 0, 0, 0, 0, 0, 0, 0, 1, 
          0, 0, 0, 0, 0, 0, 0 ], 
      [ 0, 0, 0, 0, 0, 0, 0, 0, 1, 0, 0, -1, 0, 0, 0, 0, 1, 0, 0, 0, 0, 0, 
          0, 0, 0, 0, 0, 0, 0 ], 
      [ 0, 0, 1, 0, -1, 0, 0, 0, 0, 0, 0, 0, 0, 0, 0, 1, 0, 0, 0, 0, 0, 0, 
          0, 0, 0, 0, 0, 0, 0 ], 
      [ 0, 0, 1, 1, 0, 0, 0, 0, 0, 0, 0, 0, 0, 0, -1, 0, 0, 0, 0, 0, 0, 0, 
          0, 0, 0, 0, 0, 0, 0 ], 
      [ 0, 0, 0, 0, 0, 0, 0, 0, 0, 0, 0, 0, 0, 0, 0, 0, 0, 0, 0, -1, 0, 1, 
          0, 0, 1, 0, 0, 0, 0 ], 
      [ 0, 0, 0, 1, 0, 0, -1, 0, 0, 0, 0, 0, 0, 0, 0, 0, 0, 0, 0, 0, 0, 1, 
          0, 0, 0, 0, 0, 0, 0 ], 
      [ 0, 0, 0, 0, 0, 0, 0, 0, 1, 0, -1, 0, 0, 0, 0, 1, 0, 0, 0, 0, 0, 0, 
          0, 0, 0, 0, 0, 0, 0 ], 
      [ 0, 0, 0, 0, 0, 0, 0, 0, 0, 0, 0, 0, 0, 0, 0, 1, 0, -1, 0, 0, 0, 0, 
          0, 0, 1, 0, 0, 0, 0 ], 
      [ 0, 0, 0, 0, 0, 0, 0, 0, 0, 0, 0, 0, 0, 0, 0, 0, 0, 0, 0, 0, 0, 0, 0, 
          0, 0, 0, 1, -1, 1 ], 
      [ 0, 0, 0, 0, 0, 0, 0, 0, 0, 0, 0, 0, 0, 0, 0, 0, 0, 0, 0, 0, -1, 0, 
          1, 0, 0, 0, 0, 1, 0 ], 
      [ 0, 0, 0, 0, 0, 0, 0, 0, 0, 0, 0, 0, 0, 0, 0, 0, 0, 0, 0, 1, 0, 0, 1, 
          0, 0, -1, 0, 0, 0 ], 
      [ 0, 0, 0, 0, 0, 0, 0, 0, 0, 0, 0, 0, 0, 0, 0, 0, 0, 0, 0, 0, 0, 0, 0, 
          0, 1, -1, 0, 0, 1 ], 
      [ 0, 0, 0, 0, 0, 0, 0, 0, 0, 0, 0, 0, 0, 0, 0, 0, 1, -1, 0, 0, 0, 0, 
          0, 0, 0, 0, 1, 0, 0 ], 
      [ 0, 0, 0, 0, 0, 0, 0, 0, 0, 0, 0, 0, 0, 0, 0, 0, 0, 0, 0, -1, 0, 0, 
          1, 0, 0, 1, 0, 0, 0 ], 
      [ 0, 0, 0, 0, 0, 0, 0, 0, 0, 0, 0, 0, 0, 0, 0, 0, 0, 0, 0, 0, 0, 1, 1, 
          0, 0, 0, 0, 0, -1 ], 
      [ 0, 0, 0, 0, 0, 0, 0, 0, 0, 0, 0, 0, 0, 0, -1, 0, 0, 0, 1, 0, 0, 0, 
          1, 0, 0, 0, 0, 0, 0 ], 
      [ 0, 0, 0, 0, 0, 0, 0, 0, 0, 0, 0, 0, 0, 0, 0, 0, 0, 0, 0, 0, 1, 0, 1, 
          0, 0, 0, 0, -1, 0 ], 
      [ 0, 0, 0, -1, 0, 0, 0, 1, 0, 0, 0, 0, 0, 0, 0, 0, 0, 0, 0, 0, 0, 0, 
          1, 0, 0, 0, 0, 0, 0 ], 
      [ 0, 0, 0, 0, 0, 0, 0, 0, 0, -1, 0, 0, 0, 1, 0, 0, 0, 0, 0, 0, 0, 0, 
          1, 0, 0, 0, 0, 0, 0 ], 
      [ 0, -1, 1, 1, 0, 0, -1, 0, 1, 1, 0, 0, -1, 0, -1, 0, 0, 1, 0, 0, 0, 
          1, 0, 0, 0, 0, 0, 0, 0 ], 
      [ 0, 0, 1, 1, 0, -1, 0, -1, 0, 0, 0, 0, 0, 0, -1, 0, 1, 0, 1, 0, 1, 0, 
          1, 0, 0, 0, 0, -1, 0 ], 
      [ 0, -1, 1, 1, 0, -1, 0, 0, 1, 1, 0, -1, 0, 0, -1, 0, 1, 0, 0, 0, 1, 
          0, 0, 0, 0, 0, 0, 0, 0 ], 
      [ 0, 0, 0, 0, 0, 0, 0, 0, 1, 1, 0, -1, 0, -1, -1, 0, 1, 0, 1, 0, 1, 0, 
          1, 0, 0, 0, 0, -1, 0 ], 
      [ 0, 0, 1, 1, -1, 0, 0, -1, 0, 0, 0, 0, 0, 0, -1, 1, 0, 0, 1, 1, 0, 0, 
          1, 0, 0, -1, 0, 0, 0 ], 
      [ 0, -1, 1, 1, -1, 0, 0, 0, 1, 1, -1, 0, 0, 0, -1, 1, 0, 0, 0, 1, 0, 
          0, 0, 0, 0, 0, 0, 0, 0 ], 
      [ 0, 0, 0, 0, 0, 0, 0, 0, 1, 1, -1, 0, 0, -1, -1, 1, 0, 0, 1, 1, 0, 0, 
          1, 0, 0, -1, 0, 0, 0 ], 
      [ 0, 0, 0, 0, 0, 0, 0, 0, 0, 0, 0, 0, 0, 0, 1, 1, 1, -1, 0, -1, -1, 1, 
          0, -1, 1, 0, 1, 0, 0 ], 
      [ 0, 0, 0, 0, 0, 0, 0, 0, 0, 0, 0, 0, 0, 0, -1, 0, 1, -1, 1, 0, 1, -1, 
          1, 0, 0, 0, 1, -1, 1 ], 
      [ 0, 0, 0, 0, 0, 0, 0, 0, 1, 0, -1, -1, 1, 0, 0, 1, 1, -1, 0, 0, 0, 0, 
          0, -1, 1, 0, 1, 0, 0 ], 
      [ 0, 0, 0, 0, 0, 0, 0, 0, 0, 0, 0, 0, 0, 0, 0, 1, 1, -1, 1, 0, 0, 0, 
          0, -1, 1, -1, 1, -1, 1 ], 
      [ 0, 0, 1, 0, -1, -1, 1, 0, 0, 0, 0, 0, 0, 0, 0, 1, 1, -1, 0, 0, 0, 0, 
          0, -1, 1, 0, 1, 0, 0 ], 
      [ 0, -1, 1, 0, 0, 0, -1, 1, 1, 0, 0, 0, -1, 1, 0, 0, 0, 1, -1, 0, 0, 
          0, 0, 0, 0, 0, 0, 0, 1 ], 
      [ 0, -1, 1, 0, 0, -1, 0, 1, 1, 0, 0, -1, 0, 1, 0, 0, 1, 0, -1, 0, 0, 
          0, 0, 0, 0, 0, 0, 1, 0 ], 
      [ 0, -1, 1, 0, -1, 0, 0, 1, 1, 0, -1, 0, 0, 1, 0, 1, 0, 0, -1, 0, 0, 
          0, 0, 0, 0, 1, 0, 0, 0 ], 
      [ 0, 0, 1, -1, 0, -1, 0, 1, 0, 0, 0, 0, 0, 0, 1, 0, 1, 0, -1, 0, -1, 
          0, 1, 0, 0, 0, 0, 1, 0 ], 
      [ 0, 0, 0, 0, 0, 0, 0, 0, 1, -1, 0, -1, 0, 1, 1, 0, 1, 0, -1, 0, -1, 
          0, 1, 0, 0, 0, 0, 1, 0 ], 
      [ 0, 0, 1, -1, -1, 0, 0, 1, 0, 0, 0, 0, 0, 0, 1, 1, 0, 0, -1, -1, 0, 
          0, 1, 0, 0, 1, 0, 0, 0 ], 
      [ 0, 0, 0, 0, 0, 0, 0, 0, 0, 0, 0, 0, 0, 0, 1, 1, 0, -1, -1, -1, 0, 1, 
          1, 0, 1, 1, 0, 0, -1 ], 
      [ 0, 0, 0, 0, 0, 0, 0, 0, 1, -1, -1, 0, 0, 1, 1, 1, 0, 0, -1, -1, 0, 
          0, 1, 0, 0, 1, 0, 0, 0 ], 
      [ 0, 0, 0, 0, 0, 0, 0, 0, 0, 0, 0, 0, 0, 0, -1, 1, 0, -1, 1, 1, 0, -1, 
          1, 0, 1, -1, 0, 0, 1 ], 
      [ 0, 0, 0, 0, 0, 0, 0, 0, 0, 0, 0, 0, 0, 0, 1, 0, 1, -1, -1, 0, -1, 1, 
          1, 0, 0, 0, 1, 1, -1 ], 
      [ 0, -1, 1, 2, 0, 0, -1, -1, 1, 2, 0, 0, -1, -1, -2, 0, 0, 1, 1, 0, 0, 
          2, 2, 0, 0, 0, 0, 0, -1 ], 
      [ 0, -1, 1, 2, 0, -1, 0, -1, 1, 2, 0, -1, 0, -1, -2, 0, 1, 0, 1, 0, 2, 
          0, 2, 0, 0, 0, 0, -1, 0 ], 
      [ 0, -1, 1, 2, -1, 0, 0, -1, 1, 2, -1, 0, 0, -1, -2, 1, 0, 0, 1, 2, 0, 
          0, 2, 0, 0, -1, 0, 0, 0 ], 
      [ 0, -1, 2, 0, -1, -1, 0, 1, 2, 0, -1, -1, 0, 1, 0, 2, 2, 0, -2, 0, 0, 
          0, 0, -1, 0, 1, 0, 1, 0 ], 
      [ 0, -1, 1, -1, 0, 0, -1, 2, 1, -1, 0, 0, -1, 2, 1, 0, 0, 1, -2, 0, 0, 
          -1, 2, 0, 0, 0, 0, 0, 2 ], 
      [ 0, -1, 1, -1, 0, -1, 0, 2, 1, -1, 0, -1, 0, 2, 1, 0, 1, 0, -2, 0, 
          -1, 0, 2, 0, 0, 0, 0, 2, 0 ], 
      [ 0, -1, 2, 1, -1, -1, 0, 0, 2, 1, -1, -1, 0, 0, -2, 2, 2, 0, 0, 1, 1, 
          0, 0, -1, 0, 0, 0, 0, 0 ], 
      [ 0, -1, 1, -1, -1, 0, 0, 2, 1, -1, -1, 0, 0, 2, 1, 1, 0, 0, -2, -1, 
          0, 0, 2, 0, 0, 2, 0, 0, 0 ], 
      [ 0, -1, 2, 0, -1, -1, 1, 0, 2, 0, -1, -1, 1, 0, 0, 2, 2, -2, 0, 0, 0, 
          0, 0, -1, 1, 0, 1, 0, 0 ], 
      [ 0, 0, 0, 0, 0, 0, 0, 0, 0, 0, 0, 0, 0, 0, 2, 1, 1, -1, -1, -2, -2, 
          2, 2, -1, 1, 1, 1, 1, -1 ], 
      [ 0, 0, 0, 0, 0, 0, 0, 0, 0, 0, 0, 0, 0, 0, -1, 1, 1, -1, 2, 1, 1, -1, 
          2, -1, 1, -2, 1, -2, 2 ], 
      [ 0, 0, 0, 0, 0, 0, 0, 0, 1, -1, -1, -1, 1, 1, 1, 1, 1, -1, -1, -1, 
          -1, 1, 1, -1, 1, 1, 1, 1, -1 ], 
      [ 0, 0, 1, -1, -1, -1, 1, 1, 0, 0, 0, 0, 0, 0, 1, 1, 1, -1, -1, -1, 
          -1, 1, 1, -1, 1, 1, 1, 1, -1 ], 
      [ 0, 0, 1, 1, -1, -1, 1, -1, 0, 0, 0, 0, 0, 0, -1, 1, 1, -1, 1, 1, 1, 
          -1, 1, -1, 1, -1, 1, -1, 1 ], 
      [ 0, 0, 0, 0, 0, 0, 0, 0, 1, 1, -1, -1, 1, -1, -1, 1, 1, -1, 1, 1, 1, 
          -1, 1, -1, 1, -1, 1, -1, 1 ], 
      [ 0, -1, 2, -1, -1, -1, 0, 2, 2, -1, -1, -1, 0, 2, 2, 2, 2, 0, -4, -1, 
          -1, 0, 2, -1, 0, 2, 0, 2, 0 ], 
      [ 0, -1, 2, 2, -1, -1, 0, -1, 2, 2, -1, -1, 0, -1, -4, 2, 2, 0, 2, 2, 
          2, 0, 2, -1, 0, -1, 0, -1, 0 ], 
      [ 0, 0, 0, 0, 0, 0, 0, 0, 1, -2, -1, -1, 1, 2, 2, 1, 1, -1, -2, -2, 
          -2, 2, 4, -1, 1, 2, 1, 2, -2 ], 
      [ 0, 0, 1, -2, -1, -1, 1, 2, 0, 0, 0, 0, 0, 0, 2, 1, 1, -1, -2, -2, 
          -2, 2, 4, -1, 1, 2, 1, 2, -2 ], 
      [ 0, 0, 0, 0, 0, 0, 0, 0, 1, 2, -1, -1, 1, -2, -2, 1, 1, -1, 2, 2, 2, 
          -2, 4, -1, 1, -2, 1, -2, 2 ], 
      [ 0, 0, 1, 2, -1, -1, 1, -2, 0, 0, 0, 0, 0, 0, -2, 1, 1, -1, 2, 2, 2, 
          -2, 4, -1, 1, -2, 1, -2, 2 ], 
      [ 0, -1, 2, 3, -1, -1, 0, -2, 2, 3, -1, -1, 0, -2, -6, 2, 2, 0, 4, 3, 
          3, 0, 6, -1, 0, -2, 0, -2, 0 ], 
      [ 0, -1, 2, -2, -1, -1, 0, 3, 2, -2, -1, -1, 0, 3, 4, 2, 2, 0, -6, -2, 
          -2, 0, 6, -1, 0, 3, 0, 3, 0 ], 
      [ 0, -1, 2, -1, -1, -1, 1, 1, 2, -1, -1, -1, 1, 1, 2, 2, 2, -2, -2, 
          -1, -1, 1, 1, -1, 1, 1, 1, 1, -1 ], 
      [ 0, -1, 2, 1, -1, -1, 1, -1, 2, 1, -1, -1, 1, -1, -2, 2, 2, -2, 2, 1, 
          1, -1, 1, -1, 1, -1, 1, -1, 1 ], 
      [ 0, -1, 2, -2, -1, -1, 1, 2, 2, -2, -1, -1, 1, 2, 4, 2, 2, -2, -4, 
          -2, -2, 2, 4, -1, 1, 2, 1, 2, -2 ], 
      [ 0, -1, 2, 2, -1, -1, 1, -2, 2, 2, -1, -1, 1, -2, -4, 2, 2, -2, 4, 2, 
          2, -2, 4, -1, 1, -2, 1, -2, 2 ], 
      [ 0, -1, 2, -3, -1, -1, 1, 3, 2, -3, -1, -1, 1, 3, 6, 2, 2, -2, -6, 
          -3, -3, 3, 9, -1, 1, 3, 1, 3, -3 ], 
      [ 0, -1, 2, 3, -1, -1, 1, -3, 2, 3, -1, -1, 1, -3, -6, 2, 2, -2, 6, 3, 
          3, -3, 9, -1, 1, -3, 1, -3, 3 ] ],
  ListIncidentSymbol := 
   [ [ 0, 0, 0, 1, 0, 1, -1, 0 ], [ 0, 0, 0, 1, 0, 0, 1, -1 ], 
      [ 0, 1, 0, 0, 0, 0, 1, -1 ], [ 0, -1, 1, 0, 0, 0, 0, 1 ], 
      [ 0, 1, 0, -1, 0, 0, 0, 1 ], [ 1, 0, -1, 0, 0, 1, 0, 0 ], 
      [ -1, 0, 1, 0, 0, 0, 0, 1 ], [ 1, 0, 0, 0, 0, 0, 1, -1 ], 
      [ 0, -1, 1, 1, 0, 0, 0, 0 ], [ 1, 0, 0, -1, 0, 0, 0, 1 ], 
      [ 0, 0, 1, -1, 0, 0, 0, 1 ], [ 0, 1, 0, -1, 0, 0, 1, 0 ], 
      [ 0, 1, -1, 0, 0, 1, 0, 0 ], [ 1, 0, -1, 0, 1, 0, 0, 0 ], 
      [ -1, 0, 1, 1, 0, 0, 0, 0 ], [ 0, 0, 0, 1, 1, 0, -1, 0 ], 
      [ 1, 0, 0, -1, 0, 0, 1, 0 ], [ 0, 1, -1, 0, 1, 0, 0, 0 ], 
      [ 0, 0, 1, 0, -1, 0, 1, 0 ], [ 0, 0, 0, 0, 0, 1, -1, 1 ], 
      [ 0, 0, 0, 1, 0, 1, 0, -1 ], [ 0, 0, 0, -1, 1, 0, 0, 1 ], 
      [ 0, 0, 0, 0, 1, 0, -1, 1 ], [ 0, 0, 1, 0, 0, -1, 1, 0 ], 
      [ 0, 0, 0, 1, 1, 0, 0, -1 ], [ 0, 0, 0, -1, 0, 0, 1, 1 ], 
      [ 0, 0, 1, 1, 0, 0, 0, -1 ], [ 0, 0, 0, -1, 0, 1, 0, 1 ], 
      [ 1, 0, 0, 1, 0, 0, 0, -1 ], [ 0, 1, 0, 1, 0, 0, 0, -1 ], 
      [ 1, 1, -1, -1, 0, 0, 1, 0 ], [ 1, 0, -1, -1, 0, 1, 0, 1 ], 
      [ 1, 1, -1, -1, 0, 1, 0, 0 ], [ 0, 1, -1, -1, 0, 1, 0, 1 ], 
      [ 1, 0, -1, -1, 1, 0, 0, 1 ], [ 1, 1, -1, -1, 1, 0, 0, 0 ], 
      [ 0, 1, -1, -1, 1, 0, 0, 1 ], [ 0, 0, -1, 1, 1, 1, -1, 0 ], 
      [ 0, 0, 1, 1, 0, -1, 1, -1 ], [ 0, 1, -1, 0, 1, 1, -1, 0 ], 
      [ 0, 0, -1, 0, 1, 1, -1, 1 ], [ 1, 0, -1, 0, 1, 1, -1, 0 ], 
      [ 1, 1, -1, 0, 0, 0, 1, -1 ], [ 1, 1, -1, 0, 0, 1, 0, -1 ], 
      [ 1, 1, -1, 0, 1, 0, 0, -1 ], [ 1, 0, -1, 1, 0, 1, 0, -1 ], 
      [ 0, 1, -1, 1, 0, 1, 0, -1 ], [ 1, 0, -1, 1, 1, 0, 0, -1 ], 
      [ 0, 0, 1, -1, -1, 0, 1, 1 ], [ 0, 1, -1, 1, 1, 0, 0, -1 ], 
      [ 0, 0, 1, 1, -1, 0, 1, -1 ], [ 0, 0, 1, -1, 0, -1, 1, 1 ], 
      [ 1, 1, -1, -2, 0, 0, 1, 1 ], [ 1, 1, -1, -2, 0, 1, 0, 1 ], 
      [ 1, 1, -1, -2, 1, 0, 0, 1 ], [ 1, 1, -2, 0, 1, 1, 0, -1 ], 
      [ 1, 1, -1, 1, 0, 0, 1, -2 ], [ 1, 1, -1, 1, 0, 1, 0, -2 ], 
      [ 1, 1, -2, -1, 1, 1, 0, 0 ], [ 1, 1, -1, 1, 1, 0, 0, -2 ], 
      [ 1, 1, -2, 0, 1, 1, -1, 0 ], [ 0, 0, -1, 2, 1, 1, -1, -1 ], 
      [ 0, 0, -1, -1, 1, 1, -1, 2 ], [ 0, 1, -1, 1, 1, 1, -1, -1 ], 
      [ 1, 0, -1, 1, 1, 1, -1, -1 ], [ 1, 0, -1, -1, 1, 1, -1, 1 ], 
      [ 0, 1, -1, -1, 1, 1, -1, 1 ], [ 1, 1, -2, 1, 1, 1, 0, -2 ], 
      [ 1, 1, -2, -2, 1, 1, 0, 1 ], [ 0, 1, -1, 2, 1, 1, -1, -2 ], 
      [ 1, 0, -1, 2, 1, 1, -1, -2 ], [ 0, 1, -1, -2, 1, 1, -1, 2 ], 
      [ 1, 0, -1, -2, 1, 1, -1, 2 ], [ 1, 1, -2, -3, 1, 1, 0, 2 ], 
      [ 1, 1, -2, 2, 1, 1, 0, -3 ], [ 1, 1, -2, 1, 1, 1, -1, -1 ], 
      [ 1, 1, -2, -1, 1, 1, -1, 1 ], [ 1, 1, -2, 2, 1, 1, -1, -2 ], 
      [ 1, 1, -2, -2, 1, 1, -1, 2 ], [ 1, 1, -2, 3, 1, 1, -1, -3 ], 
      [ 1, 1, -2, -3, 1, 1, -1, 3 ] ],
  ListAdjacent := [ rec(
          DistVect := [ 0, 0, 0, 1, 1, 0, 1, 1, 0, 1, 1, 0, 1, 1, 1, 1, 0, 
              1, 1, 0, 1, 0, 0, 1, 0, 0, 1, 1, 0 ],
          eAdj := [ 1, 2, 3, 4, 5, 6, 7, 8, 9, 10, 11, 12, 13, 14, 15, 16, 
              17, 18, 19, 20, 21, 22, 23, 24, 25, 26, 27, 28, 29, 30, 31, 
              32, 34, 35, 36, 37, 38, 39, 40, 41, 42, 43, 45, 46, 47, 48, 
              49, 50, 51, 52, 53, 55, 56, 57, 59, 60, 61, 62, 63, 64, 65, 
              66, 67, 68, 69, 70, 71, 72, 73, 74, 75, 76, 77, 78, 79, 80, 81 
             ] ), rec(
          DistVect := [ 0, 1, 1, 1, 1, 1, 1, 1, 0, 0, 0, 0, 0, 0, 0, 0, 0, 
              0, 0, 0, 0, 0, 0, 0, 0, 0, 0, 0, 0 ],
          eAdj := [ 1, 2, 3, 4, 5, 6, 8, 9, 10, 11, 12, 13, 14, 16, 17, 18, 
              19, 20, 21, 22, 23, 24, 25, 26, 27, 28, 29, 30, 31, 32, 33, 
              34, 35, 36, 37, 38, 39, 40, 41, 42, 43, 44, 45, 46, 47, 48, 
              49, 50, 51, 52, 53, 54, 55, 56, 57, 58, 59, 60, 61, 62, 63, 
              64, 65, 66, 67, 68, 69, 70, 71, 72, 73, 74, 75, 76, 77, 78, 
              79, 80, 81 ] ), rec(
          DistVect := [ 0, 1, 0, 1, 0, 1, 1, 1, 1, 0, 1, 0, 0, 0, 1, 0, 1, 
              1, 1, 1, 0, 0, 0, 1, 1, 1, 0, 0, 0 ],
          eAdj := [ 1, 2, 3, 4, 5, 6, 7, 8, 9, 10, 11, 12, 14, 15, 16, 17, 
              18, 19, 20, 21, 22, 23, 24, 25, 26, 27, 28, 29, 30, 31, 32, 
              33, 35, 36, 37, 38, 39, 40, 41, 42, 43, 44, 45, 46, 48, 49, 
              50, 51, 52, 53, 54, 55, 56, 57, 58, 59, 60, 61, 62, 63, 64, 
              65, 66, 67, 68, 69, 70, 71, 72, 73, 74, 75, 76, 77, 78, 79, 
              80, 81 ] ), rec(
          DistVect := [ 0, 1, 0, 1, 0, 0, 0, 1, 1, 0, 1, 1, 1, 0, 1, 0, 0, 
              0, 1, 1, 1, 1, 0, 0, 0, 1, 0, 1, 1 ],
          eAdj := [ 1, 2, 3, 4, 5, 6, 7, 9, 10, 11, 12, 13, 14, 15, 16, 18, 
              19, 20, 21, 22, 23, 24, 25, 26, 27, 28, 29, 30, 31, 32, 33, 
              34, 35, 36, 37, 38, 39, 40, 41, 42, 43, 44, 45, 46, 47, 48, 
              49, 50, 51, 52, 53, 54, 55, 56, 57, 58, 59, 60, 61, 62, 63, 
              64, 65, 66, 67, 68, 69, 70, 71, 72, 73, 74, 75, 76, 77, 78, 
              79, 80, 81 ] ), rec(
          DistVect := [ 0, 0, 0, 0, 0, 1, 0, 0, 0, 0, 0, 1, 0, 0, 0, 0, 1, 
              0, 0, 0, 1, 0, 0, 1, 0, 0, 1, 1, 0 ],
          eAdj := [ 1, 2, 3, 4, 5, 6, 7, 8, 9, 10, 11, 12, 13, 14, 15, 16, 
              17, 18, 19, 20, 21, 22, 23, 25, 26, 27, 28, 29, 30, 31, 32, 
              33, 34, 35, 36, 37, 38, 40, 41, 42, 43, 44, 45, 46, 47, 48, 
              49, 50, 51, 53, 54, 55, 56, 57, 58, 59, 60, 61, 62, 63, 64, 
              65, 66, 67, 68, 69, 70, 71, 72, 73, 74, 75, 76, 77, 78, 79, 
              80, 81 ] ), rec(
          DistVect := [ 0, 0, 1, 0, 1, 1, 0, 0, 1, 0, 1, 1, 0, 0, 1, 0, 0, 
              1, 1, 1, 1, 0, 0, 0, 1, 1, 1, 1, 0 ],
          eAdj := [ 1, 2, 3, 4, 5, 6, 7, 8, 9, 10, 11, 12, 13, 14, 15, 16, 
              17, 18, 19, 20, 21, 22, 23, 24, 25, 26, 27, 28, 29, 30, 32, 
              33, 34, 35, 36, 37, 38, 39, 40, 41, 42, 44, 45, 46, 47, 48, 
              49, 50, 51, 52, 54, 55, 56, 58, 59, 60, 61, 62, 63, 64, 65, 
              66, 67, 68, 69, 70, 71, 72, 73, 74, 75, 76, 77, 78, 79, 80, 81 
             ] ), rec(
          DistVect := [ 0, 0, 0, 0, 0, 1, 1, 0, 0, 0, 0, 1, 1, 0, 0, 0, 1, 
              1, 0, 0, 1, 1, 0, 1, 1, 0, 0, 1, 1 ],
          eAdj := [ 1, 2, 3, 4, 5, 6, 7, 8, 9, 10, 11, 12, 13, 14, 15, 17, 
              18, 19, 20, 21, 22, 24, 25, 26, 27, 28, 29, 30, 31, 32, 33, 
              34, 35, 36, 37, 38, 39, 40, 41, 42, 43, 44, 45, 46, 47, 48, 
              49, 50, 51, 52, 53, 54, 55, 56, 57, 58, 59, 60, 61, 62, 63, 
              64, 65, 66, 67, 68, 69, 70, 71, 72, 73, 74, 75, 76, 77, 78, 
              79, 80, 81 ] ), rec(
          DistVect := [ 0, 5, 4, 4, 8, 8, 8, 5, 5, 7, 7, 7, 9, 4, 8, 4, 4, 
              8, 9, 8, 8, 4, 3, 4, 4, 7, 4, 7, 5 ],
          eAdj := [ 1, 3, 4, 6, 7, 14, 15, 16, 17, 19, 24, 30, 38, 42, 43, 
              44, 45, 47, 49, 50, 52, 56, 64, 65, 68, 76 ] ), rec(
          DistVect := [ 0, 5, 4, 4, 8, 7, 8, 5, 3, 7, 7, 8, 7, 4, 8, 4, 5, 
              8, 7, 8, 5, 4, 3, 5, 4, 7, 5, 8, 3 ],
          eAdj := [ 3, 4, 8, 13, 14, 15, 16, 17, 18, 19, 20, 23, 28, 30, 32, 
              33, 39, 40, 41, 43, 45, 50, 59, 61, 66, 77 ] ), rec(
          DistVect := [ 0, 5, 4, 4, 7, 7, 8, 5, 3, 7, 8, 8, 7, 4, 8, 5, 5, 
              8, 7, 5, 5, 4, 3, 4, 5, 8, 5, 8, 3 ],
          eAdj := [ 3, 4, 8, 13, 15, 17, 18, 20, 22, 23, 28, 30, 32, 33, 35, 
              36, 39, 43, 51, 59, 63, 66, 67, 69, 73, 77 ] ), rec(
          DistVect := [ 0, 5, 4, 4, 8, 7, 8, 5, 3, 7, 5, 8, 7, 4, 8, 4, 5, 
              8, 7, 8, 5, 4, 3, 7, 4, 5, 5, 8, 3 ],
          eAdj := [ 3, 4, 8, 13, 14, 15, 16, 17, 19, 20, 25, 28, 30, 32, 33, 
              39, 40, 41, 42, 43, 45, 50, 56, 59, 61, 66 ] ), rec(
          DistVect := [ 0, 5, 4, 4, 8, 8, 8, 5, 3, 7, 7, 5, 7, 4, 8, 4, 4, 
              8, 7, 8, 8, 4, 3, 4, 4, 7, 4, 5, 3 ],
          eAdj := [ 1, 3, 4, 6, 8, 14, 15, 16, 17, 18, 19, 21, 23, 24, 30, 
              38, 42, 43, 44, 45, 47, 50, 56, 61, 64, 76 ] ), rec(
          DistVect := [ 0, 5, 4, 4, 8, 8, 8, 5, 3, 7, 5, 5, 7, 4, 8, 4, 4, 
              8, 7, 8, 8, 4, 3, 4, 4, 5, 4, 5, 3 ],
          eAdj := [ 1, 3, 4, 6, 8, 14, 15, 16, 17, 19, 21, 24, 25, 30, 38, 
              42, 43, 44, 45, 47, 50, 56, 64, 65, 68, 76 ] ), rec(
          DistVect := [ 0, 4, 4, 5, 8, 7, 8, 4, 4, 7, 8, 5, 8, 4, 7, 4, 5, 
              8, 8, 7, 8, 3, 3, 5, 4, 8, 5, 5, 4 ],
          eAdj := [ 1, 3, 4, 7, 8, 14, 16, 17, 18, 19, 21, 23, 30, 38, 43, 
              45, 46, 47, 50, 52, 58, 64, 65, 68, 76, 78 ] ), rec(
          DistVect := [ 0, 4, 4, 5, 8, 7, 8, 4, 4, 7, 8, 5, 8, 4, 7, 4, 5, 
              8, 8, 5, 8, 3, 3, 7, 4, 8, 5, 5, 4 ],
          eAdj := [ 1, 3, 4, 7, 8, 14, 17, 18, 19, 21, 22, 23, 30, 38, 42, 
              43, 45, 46, 47, 52, 56, 58, 64, 65, 68, 76 ] ), rec(
          DistVect := [ 0, 4, 5, 7, 7, 5, 7, 4, 5, 7, 7, 5, 7, 4, 8, 4, 4, 
              8, 9, 8, 8, 4, 3, 4, 4, 7, 4, 5, 3 ],
          eAdj := [ 1, 3, 4, 7, 8, 16, 19, 21, 23, 24, 29, 30, 38, 46, 47, 
              48, 50, 52, 57, 58, 60, 64, 65, 68, 75, 78 ] ), rec(
          DistVect := [ 0, 4, 4, 7, 8, 5, 8, 4, 4, 7, 8, 5, 8, 4, 9, 4, 3, 
              8, 8, 7, 8, 3, 3, 5, 4, 8, 5, 5, 4 ],
          eAdj := [ 1, 3, 4, 7, 8, 14, 16, 18, 19, 21, 23, 24, 29, 30, 38, 
              43, 45, 46, 47, 52, 56, 58, 64, 65, 68, 76 ] ), rec(
          DistVect := [ 0, 4, 5, 7, 8, 7, 7, 4, 5, 7, 8, 7, 7, 4, 8, 3, 4, 
              8, 9, 5, 8, 4, 3, 5, 5, 8, 4, 7, 3 ],
          eAdj := [ 1, 3, 4, 7, 8, 14, 18, 19, 20, 22, 23, 24, 29, 30, 40, 
              41, 42, 45, 46, 47, 51, 56, 57, 58, 68, 76 ] ), rec(
          DistVect := [ 0, 4, 4, 5, 7, 7, 8, 4, 4, 7, 5, 5, 8, 4, 7, 5, 5, 
              8, 8, 8, 8, 3, 3, 4, 5, 5, 5, 5, 4 ],
          eAdj := [ 1, 3, 4, 7, 8, 16, 17, 21, 25, 30, 43, 46, 47, 48, 49, 
              50, 52, 58, 60, 62, 65, 68, 70, 71, 75, 78 ] ), rec(
          DistVect := [ 0, 4, 4, 5, 8, 8, 8, 4, 4, 7, 8, 8, 8, 4, 9, 4, 4, 
              8, 8, 7, 7, 5, 3, 4, 4, 8, 4, 8, 4 ],
          eAdj := [ 3, 4, 6, 7, 8, 13, 14, 15, 18, 19, 20, 23, 24, 30, 39, 
              40, 41, 42, 43, 44, 45, 51, 56, 59, 61, 66 ] ), rec(
          DistVect := [ 0, 4, 4, 7, 8, 8, 8, 4, 4, 7, 8, 8, 8, 4, 9, 4, 4, 
              8, 8, 7, 5, 3, 3, 4, 4, 8, 4, 8, 4 ],
          eAdj := [ 3, 4, 6, 7, 8, 13, 14, 16, 18, 19, 20, 23, 24, 28, 29, 
              30, 39, 40, 41, 42, 43, 44, 45, 56, 59, 61 ] ), rec(
          DistVect := [ 0, 4, 4, 5, 8, 8, 8, 4, 4, 7, 8, 8, 8, 4, 7, 4, 4, 
              8, 8, 7, 5, 3, 3, 4, 4, 8, 4, 8, 4 ],
          eAdj := [ 3, 4, 6, 7, 8, 13, 14, 16, 17, 18, 19, 20, 23, 24, 28, 
              30, 40, 41, 42, 43, 44, 45, 50, 56, 61, 76 ] ), rec(
          DistVect := [ 0, 4, 4, 5, 8, 8, 8, 4, 4, 5, 8, 8, 8, 4, 7, 4, 4, 
              8, 8, 5, 7, 5, 3, 4, 4, 8, 4, 8, 4 ],
          eAdj := [ 3, 4, 6, 7, 8, 13, 14, 18, 19, 20, 22, 23, 24, 36, 40, 
              41, 42, 43, 44, 45, 51, 56, 59, 61, 66, 67 ] ), rec(
          DistVect := [ 0, 4, 4, 5, 8, 8, 8, 4, 4, 7, 8, 8, 8, 4, 7, 4, 4, 
              8, 8, 5, 5, 3, 3, 4, 4, 8, 4, 8, 4 ],
          eAdj := [ 3, 4, 6, 7, 8, 13, 14, 17, 18, 19, 20, 22, 23, 24, 28, 
              30, 40, 41, 42, 43, 44, 45, 56, 59, 61, 66 ] ), rec(
          DistVect := [ 0, 4, 4, 5, 7, 8, 8, 4, 4, 5, 7, 8, 8, 4, 7, 5, 4, 
              8, 8, 8, 7, 5, 3, 5, 3, 5, 4, 8, 4 ],
          eAdj := [ 3, 4, 6, 7, 8, 13, 16, 19, 20, 24, 25, 38, 40, 42, 43, 
              44, 45, 48, 49, 50, 56, 60, 64, 65, 68, 76 ] ), rec(
          DistVect := [ 0, 5, 4, 4, 8, 8, 8, 5, 5, 7, 7, 7, 7, 4, 8, 4, 4, 
              8, 9, 8, 8, 4, 3, 4, 4, 7, 4, 7, 3 ],
          eAdj := [ 1, 3, 4, 6, 7, 8, 14, 15, 16, 17, 19, 20, 23, 24, 30, 
              38, 42, 43, 44, 45, 47, 50, 56, 64, 68, 76 ] ), rec(
          DistVect := [ 0, 4, 4, 5, 8, 8, 8, 4, 4, 7, 8, 8, 8, 4, 9, 4, 4, 
              8, 8, 7, 7, 3, 3, 4, 4, 8, 4, 8, 4 ],
          eAdj := [ 1, 3, 4, 6, 7, 8, 13, 14, 15, 16, 17, 18, 19, 20, 23, 
              24, 30, 40, 41, 42, 43, 44, 45, 56, 59, 61 ] ), rec(
          DistVect := [ 0, 4, 4, 4, 8, 8, 9, 5, 4, 4, 8, 8, 7, 3, 8, 4, 4, 
              7, 7, 8, 8, 7, 3, 4, 3, 7, 5, 9, 4 ],
          eAdj := [ 2, 3, 4, 6, 8, 9, 13, 14, 15, 18, 19, 20, 23, 32, 33, 
              36, 39, 40, 41, 43, 45, 51, 59, 66, 67, 77 ] ), rec(
          DistVect := [ 0, 4, 4, 5, 8, 8, 8, 4, 4, 5, 8, 8, 8, 4, 9, 4, 4, 
              8, 8, 7, 9, 5, 3, 4, 4, 8, 4, 8, 4 ],
          eAdj := [ 1, 3, 4, 6, 7, 8, 9, 13, 14, 15, 18, 19, 20, 23, 24, 36, 
              40, 41, 42, 43, 44, 45, 51, 56, 59, 61 ] ), rec(
          DistVect := [ 0, 4, 4, 5, 8, 8, 8, 4, 4, 3, 8, 8, 8, 4, 7, 4, 4, 
              8, 8, 7, 9, 7, 3, 4, 4, 8, 4, 8, 4 ],
          eAdj := [ 2, 3, 4, 6, 7, 8, 9, 13, 14, 18, 19, 20, 23, 24, 36, 40, 
              41, 42, 43, 44, 45, 46, 51, 56, 61, 67 ] ), rec(
          DistVect := [ 0, 7, 4, 4, 8, 5, 8, 7, 5, 7, 7, 8, 7, 4, 8, 4, 3, 
              8, 9, 8, 5, 4, 3, 5, 4, 7, 5, 8, 3 ],
          eAdj := [ 3, 4, 10, 13, 14, 15, 16, 17, 19, 20, 23, 24, 28, 30, 
              32, 33, 39, 40, 41, 43, 45, 50, 56, 59, 61, 66 ] ), rec(
          DistVect := [ 0, 7, 5, 4, 7, 5, 7, 7, 4, 7, 8, 8, 8, 4, 9, 4, 4, 
              8, 8, 7, 5, 3, 3, 4, 4, 8, 4, 8, 4 ],
          eAdj := [ 3, 4, 10, 13, 15, 16, 17, 18, 19, 20, 23, 24, 28, 30, 
              31, 32, 33, 35, 36, 39, 40, 41, 59, 66, 69, 77 ] ), rec(
          DistVect := [ 0, 4, 4, 5, 8, 8, 8, 4, 4, 5, 8, 8, 8, 4, 7, 4, 4, 
              8, 8, 7, 7, 3, 3, 4, 4, 8, 4, 8, 4 ],
          eAdj := [ 1, 3, 4, 6, 7, 8, 12, 13, 14, 16, 17, 18, 19, 20, 23, 
              24, 38, 40, 41, 42, 43, 44, 45, 56, 61, 76 ] ), rec(
          DistVect := [ 0, 4, 4, 5, 8, 8, 8, 4, 4, 5, 8, 8, 8, 4, 7, 4, 4, 
              8, 8, 5, 7, 3, 3, 4, 4, 8, 4, 8, 4 ],
          eAdj := [ 1, 3, 4, 6, 7, 8, 12, 13, 14, 17, 18, 19, 20, 22, 23, 
              24, 36, 40, 41, 42, 43, 44, 45, 56, 59, 61 ] ), rec(
          DistVect := [ 0, 4, 4, 5, 7, 8, 8, 4, 4, 5, 7, 8, 8, 4, 7, 5, 4, 
              8, 8, 8, 7, 3, 3, 5, 5, 5, 4, 8, 4 ],
          eAdj := [ 1, 3, 4, 6, 7, 8, 12, 13, 16, 17, 20, 24, 25, 38, 43, 
              44, 45, 48, 49, 50, 56, 60, 64, 65, 68, 76 ] ), rec(
          DistVect := [ 0, 4, 4, 4, 7, 8, 8, 5, 4, 4, 9, 8, 8, 3, 8, 7, 4, 
              8, 5, 5, 8, 4, 3, 5, 3, 8, 4, 7, 5 ],
          eAdj := [ 1, 3, 6, 9, 12, 13, 15, 17, 22, 23, 24, 27, 31, 32, 33, 
              35, 36, 37, 40, 41, 51, 55, 66, 67, 69, 77 ] ), rec(
          DistVect := [ 0, 4, 4, 4, 8, 8, 8, 5, 4, 4, 8, 8, 8, 3, 8, 4, 4, 
              8, 5, 8, 8, 4, 3, 4, 4, 5, 4, 7, 5 ],
          eAdj := [ 1, 3, 6, 9, 12, 13, 14, 15, 16, 17, 18, 19, 24, 25, 27, 
              31, 32, 33, 36, 38, 40, 42, 45, 59, 61, 64 ] ), rec(
          DistVect := [ 0, 4, 4, 4, 8, 8, 8, 5, 4, 4, 8, 8, 8, 3, 8, 4, 4, 
              8, 7, 8, 8, 4, 3, 4, 4, 7, 4, 9, 5 ],
          eAdj := [ 1, 3, 4, 6, 9, 12, 13, 14, 15, 16, 17, 18, 19, 20, 24, 
              31, 32, 33, 36, 38, 40, 41, 42, 45, 59, 61 ] ), rec(
          DistVect := [ 0, 4, 4, 4, 7, 7, 8, 5, 4, 4, 7, 7, 8, 5, 8, 7, 7, 
              8, 5, 5, 5, 4, 3, 4, 5, 8, 5, 8, 3 ],
          eAdj := [ 3, 8, 9, 12, 15, 17, 20, 22, 23, 27, 28, 31, 32, 34, 35, 
              37, 39, 51, 54, 55, 63, 72, 73, 74, 79, 81 ] ), rec(
          DistVect := [ 0, 4, 3, 5, 8, 8, 8, 4, 3, 5, 8, 8, 8, 4, 8, 7, 7, 
              9, 5, 5, 5, 3, 3, 4, 4, 8, 4, 8, 4 ],
          eAdj := [ 3, 8, 9, 12, 15, 17, 20, 22, 23, 27, 28, 31, 32, 33, 34, 
              35, 36, 37, 39, 51, 63, 66, 67, 69, 77, 79 ] ), rec(
          DistVect := [ 0, 4, 4, 4, 8, 7, 8, 5, 4, 4, 8, 7, 8, 5, 8, 4, 7, 
              8, 5, 8, 5, 4, 3, 7, 4, 5, 5, 8, 3 ],
          eAdj := [ 3, 8, 9, 12, 14, 15, 16, 17, 18, 19, 20, 25, 27, 28, 31, 
              32, 34, 36, 39, 41, 54, 66, 67, 69, 77, 79 ] ), rec(
          DistVect := [ 0, 4, 3, 5, 7, 8, 8, 4, 3, 5, 7, 8, 8, 4, 8, 4, 7, 
              9, 5, 8, 5, 3, 3, 7, 5, 5, 4, 8, 4 ],
          eAdj := [ 3, 8, 9, 12, 14, 15, 16, 17, 18, 19, 20, 25, 27, 28, 31, 
              32, 33, 34, 39, 40, 41, 42, 45, 59, 61, 77 ] ), rec(
          DistVect := [ 0, 4, 3, 5, 8, 8, 8, 4, 5, 3, 8, 8, 8, 4, 8, 7, 5, 
              7, 5, 5, 7, 5, 3, 4, 4, 8, 4, 8, 4 ],
          eAdj := [ 3, 6, 8, 9, 12, 15, 20, 22, 23, 27, 31, 32, 33, 34, 35, 
              36, 37, 39, 51, 55, 63, 66, 67, 69, 72, 79 ] ), rec(
          DistVect := [ 0, 4, 3, 5, 7, 8, 8, 4, 5, 3, 9, 8, 8, 4, 8, 4, 5, 
              7, 5, 8, 7, 5, 3, 5, 3, 5, 4, 8, 4 ],
          eAdj := [ 3, 6, 8, 9, 12, 14, 15, 16, 18, 19, 20, 25, 27, 31, 32, 
              33, 34, 36, 39, 40, 41, 42, 45, 59, 67, 77 ] ), rec(
          DistVect := [ 0, 4, 3, 5, 7, 7, 8, 4, 3, 5, 7, 7, 8, 4, 8, 4, 4, 
              9, 5, 8, 8, 3, 3, 4, 5, 5, 5, 5, 4 ],
          eAdj := [ 1, 3, 6, 8, 9, 12, 13, 14, 15, 16, 17, 18, 19, 21, 24, 
              25, 27, 31, 38, 44, 45, 56, 61, 64, 65, 76 ] ), rec(
          DistVect := [ 0, 4, 4, 4, 8, 8, 8, 5, 4, 4, 8, 8, 8, 5, 8, 4, 4, 
              8, 5, 8, 8, 4, 3, 4, 4, 5, 4, 5, 3 ],
          eAdj := [ 1, 3, 6, 8, 9, 12, 13, 14, 15, 16, 17, 18, 19, 21, 24, 
              25, 27, 31, 33, 36, 38, 40, 42, 59, 61, 77 ] ), rec(
          DistVect := [ 0, 1, 1, 2, 2, 2, 2, 1, 1, 2, 2, 2, 2, 1, 2, 1, 1, 
              2, 2, 1, 2, 1, 1, 1, 1, 2, 1, 2, 1 ],
          eAdj := [ 1, 3, 4, 6, 7, 8, 13, 14, 18, 19, 20, 22, 23, 24, 29, 
              30, 40, 41, 42, 43, 44, 45, 46, 47, 51, 56, 57, 58, 61, 76 ] ),
      rec(
          DistVect := [ 0, 1, 1, 2, 1, 2, 2, 1, 1, 2, 1, 2, 2, 1, 2, 1, 1, 
              2, 2, 2, 2, 1, 1, 1, 1, 1, 1, 2, 1 ],
          eAdj := [ 1, 3, 4, 6, 7, 8, 13, 16, 19, 20, 24, 25, 29, 30, 38, 
              43, 44, 46, 47, 48, 49, 50, 57, 58, 60, 64, 65, 68, 76, 78 ] ),
      rec(
          DistVect := [ 0, 1, 1, 2, 2, 2, 1, 1, 1, 2, 2, 2, 1, 1, 2, 1, 1, 
              2, 2, 1, 1, 1, 1, 1, 2, 2, 2, 2, 0 ],
          eAdj := [ 2, 3, 4, 6, 7, 8, 13, 14, 18, 20, 22, 23, 28, 29, 30, 
              39, 44, 45, 51, 56, 57, 59, 61, 63, 66, 67, 77 ] ), rec(
          DistVect := [ 0, 1, 1, 1, 2, 2, 2, 1, 1, 2, 2, 2, 2, 1, 2, 1, 1, 
              2, 2, 2, 2, 2, 1, 1, 1, 2, 1, 2, 1 ],
          eAdj := [ 2, 3, 4, 6, 7, 8, 13, 14, 15, 18, 19, 20, 23, 24, 30, 
              39, 40, 41, 42, 43, 44, 45, 47, 50, 51, 56, 57, 61, 66 ] ), 
      rec(
          DistVect := [ 0, 1, 1, 1, 2, 2, 2, 1, 1, 1, 2, 2, 2, 1, 2, 2, 1, 
              1, 1, 1, 2, 2, 1, 1, 1, 2, 1, 2, 1 ],
          eAdj := [ 2, 3, 6, 8, 9, 13, 15, 20, 22, 23, 27, 31, 32, 33, 34, 
              35, 36, 37, 39, 43, 51, 55, 63, 66, 67, 69, 72, 73, 79 ] ), 
      rec(
          DistVect := [ 0, 2, 1, 1, 1, 2, 2, 2, 1, 2, 2, 2, 2, 1, 2, 1, 1, 
              2, 2, 1, 2, 1, 1, 1, 1, 2, 1, 2, 1 ],
          eAdj := [ 1, 3, 4, 6, 10, 13, 15, 17, 18, 19, 20, 22, 23, 24, 30, 
              31, 32, 33, 35, 36, 40, 41, 43, 44, 47, 51, 59, 61, 66, 77 ] ),
      rec(
          DistVect := [ 0, 1, 1, 1, 2, 2, 2, 1, 1, 2, 1, 1, 2, 1, 1, 2, 2, 
              2, 2, 2, 2, 1, 1, 1, 1, 1, 1, 1, 1 ],
          eAdj := [ 1, 3, 4, 7, 8, 11, 16, 17, 21, 25, 30, 43, 46, 47, 48, 
              49, 50, 52, 57, 58, 60, 62, 65, 70, 71, 75, 78, 80 ] ), rec(
          DistVect := [ 0, 1, 1, 1, 2, 2, 2, 1, 1, 2, 1, 2, 2, 1, 1, 2, 1, 
              2, 2, 2, 1, 1, 1, 2, 1, 1, 1, 2, 1 ],
          eAdj := [ 3, 4, 6, 7, 8, 11, 13, 16, 17, 20, 24, 25, 28, 30, 38, 
              42, 43, 44, 47, 48, 49, 50, 57, 60, 64, 65, 68, 76, 78 ] ), 
      rec(
          DistVect := [ 0, 1, 1, 1, 2, 2, 2, 1, 2, 1, 2, 2, 1, 0, 1, 1, 1, 
              2, 2, 2, 2, 2, 1, 1, 1, 2, 1, 2, 1 ],
          eAdj := [ 2, 3, 4, 6, 7, 8, 11, 14, 19, 20, 23, 24, 30, 38, 40, 
              41, 42, 44, 45, 46, 47, 48, 50, 57, 58, 60, 64, 68, 76 ] ), 
      rec(
          DistVect := [ 0, 1, 1, 2, 2, 1, 1, 1, 1, 2, 2, 1, 1, 1, 2, 1, 1, 
              2, 2, 1, 2, 1, 1, 2, 2, 2, 1, 1, 0 ],
          eAdj := [ 1, 2, 3, 4, 7, 8, 14, 18, 20, 21, 22, 23, 24, 29, 30, 
              40, 41, 42, 45, 46, 47, 51, 56, 57, 58, 61, 68, 76 ] ), rec(
          DistVect := [ 0, 1, 1, 1, 2, 2, 2, 1, 1, 1, 2, 2, 1, 0, 2, 1, 1, 
              1, 1, 2, 2, 2, 1, 1, 1, 2, 1, 2, 1 ],
          eAdj := [ 2, 3, 4, 6, 8, 9, 13, 14, 15, 18, 20, 23, 27, 30, 32, 
              33, 35, 36, 39, 40, 41, 43, 44, 45, 51, 59, 63, 66, 67, 77 ] ),
      rec(
          DistVect := [ 0, 1, 1, 1, 2, 2, 2, 1, 1, 1, 2, 2, 2, 1, 2, 1, 1, 
              2, 2, 2, 2, 2, 1, 1, 1, 2, 2, 3, 1 ],
          eAdj := [ 2, 3, 4, 6, 7, 8, 9, 13, 14, 15, 18, 19, 20, 23, 28, 32, 
              33, 34, 36, 39, 41, 43, 45, 51, 59, 63, 66, 67, 77 ] ), rec(
          DistVect := [ 0, 2, 1, 1, 1, 1, 2, 2, 1, 2, 2, 2, 1, 1, 2, 1, 1, 
              2, 2, 1, 1, 1, 1, 1, 2, 2, 2, 2, 0 ],
          eAdj := [ 2, 3, 4, 8, 10, 13, 15, 17, 18, 20, 22, 23, 28, 30, 32, 
              33, 35, 36, 39, 43, 51, 59, 63, 67, 69, 73, 77, 79 ] ), rec(
          DistVect := [ 0, 1, 1, 1, 2, 2, 3, 2, 1, 1, 2, 2, 2, 1, 2, 1, 1, 
              2, 2, 2, 2, 2, 1, 1, 1, 2, 1, 2, 1 ],
          eAdj := [ 2, 3, 4, 6, 8, 9, 10, 13, 14, 15, 17, 18, 19, 20, 23, 
              24, 31, 32, 33, 35, 36, 39, 40, 41, 43, 51, 59, 66, 67, 77 ] ),
      rec(
          DistVect := [ 0, 1, 2, 2, 2, 2, 2, 1, 2, 2, 2, 2, 2, 1, 2, 1, 1, 
              2, 3, 2, 2, 1, 1, 1, 1, 2, 1, 2, 1 ],
          eAdj := [ 1, 3, 4, 7, 8, 11, 16, 19, 20, 23, 24, 29, 30, 38, 46, 
              47, 48, 49, 50, 52, 57, 58, 60, 64, 65, 68, 75, 78 ] ), rec(
          DistVect := [ 0, 1, 1, 1, 2, 2, 2, 1, 1, 2, 2, 2, 2, 1, 1, 1, 1, 
              2, 2, 1, 1, 1, 1, 1, 1, 2, 1, 2, 1 ],
          eAdj := [ 3, 4, 6, 7, 8, 11, 13, 14, 17, 18, 19, 20, 22, 23, 24, 
              28, 30, 40, 41, 42, 43, 44, 45, 47, 50, 56, 57, 61, 66, 76 ] ),
      rec(
          DistVect := [ 0, 1, 1, 1, 2, 2, 2, 1, 1, 1, 2, 2, 2, 1, 1, 1, 1, 
              2, 2, 1, 2, 2, 1, 1, 1, 2, 1, 2, 1 ],
          eAdj := [ 2, 3, 4, 6, 7, 8, 11, 13, 14, 18, 19, 20, 22, 23, 24, 
              36, 40, 41, 42, 43, 44, 45, 46, 47, 51, 56, 57, 61, 66, 67 ] ),
      rec(
          DistVect := [ 0, 1, 1, 1, 2, 2, 2, 1, 2, 0, 2, 2, 2, 1, 2, 1, 1, 
              1, 1, 2, 2, 2, 1, 1, 1, 2, 1, 2, 1 ],
          eAdj := [ 2, 3, 5, 6, 8, 9, 12, 14, 15, 20, 23, 27, 31, 32, 33, 
              34, 35, 36, 37, 39, 41, 51, 54, 55, 63, 66, 67, 69, 72, 79 ] ),
      rec(
          DistVect := [ 0, 1, 1, 2, 2, 1, 2, 1, 1, 1, 2, 2, 2, 1, 2, 1, 1, 
              2, 2, 2, 2, 1, 1, 1, 1, 2, 1, 1, 1 ],
          eAdj := [ 1, 3, 4, 7, 8, 9, 12, 13, 14, 16, 18, 19, 21, 23, 24, 
              29, 38, 40, 43, 44, 45, 46, 47, 48, 52, 56, 58, 64, 65, 68, 76 
             ] ), rec(
          DistVect := [ 0, 1, 1, 2, 2, 2, 2, 1, 1, 1, 2, 2, 2, 1, 2, 1, 1, 
              2, 2, 2, 1, 1, 1, 1, 1, 2, 1, 2, 1 ],
          eAdj := [ 3, 4, 6, 7, 8, 9, 12, 13, 14, 16, 18, 19, 20, 23, 24, 
              28, 29, 33, 34, 39, 40, 41, 42, 43, 44, 45, 48, 56, 59, 61, 67 
             ] ), rec(
          DistVect := [ 0, 0, 1, 0, 0, 0, 1, 1, 1, 0, 0, 0, 1, 1, 1, 1, 1, 
              0, 0, 0, 0, 1, 1, 0, 1, 1, 1, 1, 0 ],
          eAdj := [ 2, 3, 5, 8, 9, 10, 12, 15, 17, 20, 22, 23, 27, 28, 31, 
              32, 34, 35, 37, 39, 51, 53, 54, 55, 63, 72, 73, 74, 81 ] ), 
      rec(
          DistVect := [ 0, 1, 1, 2, 1, 1, 1, 1, 1, 2, 1, 1, 1, 1, 2, 1, 1, 
              2, 2, 2, 2, 1, 1, 1, 1, 1, 1, 1, 0 ],
          eAdj := [ 1, 2, 3, 4, 7, 8, 16, 19, 20, 21, 23, 24, 25, 29, 30, 
              38, 46, 47, 48, 50, 57, 58, 60, 64, 65, 68, 75, 76, 78 ] ), 
      rec(
          DistVect := [ 0, 1, 1, 1, 2, 2, 2, 1, 1, 2, 2, 2, 2, 1, 2, 1, 1, 
              2, 2, 2, 2, 1, 1, 1, 1, 2, 1, 2, 1 ],
          eAdj := [ 1, 3, 4, 6, 7, 8, 13, 14, 15, 16, 17, 18, 19, 20, 23, 
              24, 30, 38, 40, 41, 42, 43, 44, 45, 47, 50, 56, 61, 64, 76 ] ),
      rec(
          DistVect := [ 0, 1, 1, 1, 2, 2, 2, 1, 0, 2, 2, 2, 2, 1, 2, 2, 2, 
              2, 1, 1, 1, 1, 1, 1, 1, 2, 1, 2, 1 ],
          eAdj := [ 3, 4, 8, 9, 13, 15, 17, 18, 20, 22, 23, 27, 28, 30, 31, 
              32, 33, 34, 35, 36, 37, 39, 43, 51, 63, 66, 67, 69, 73, 77, 79 
             ] ), rec(
          DistVect := [ 0, 1, 1, 1, 2, 2, 2, 1, 0, 2, 1, 2, 2, 1, 2, 1, 2, 
              2, 1, 2, 1, 1, 1, 2, 1, 1, 1, 2, 1 ],
          eAdj := [ 3, 4, 8, 9, 13, 14, 15, 16, 17, 18, 19, 20, 25, 27, 28, 
              30, 31, 32, 33, 34, 39, 40, 41, 42, 43, 45, 50, 59, 61, 66, 77 
             ] ), rec(
          DistVect := [ 0, 1, 1, 1, 2, 2, 2, 1, 1, 1, 2, 2, 2, 1, 2, 1, 1, 
              1, 1, 2, 2, 2, 1, 1, 0, 1, 1, 2, 1 ],
          eAdj := [ 2, 3, 6, 8, 9, 13, 14, 15, 16, 18, 19, 20, 23, 25, 27, 
              31, 32, 33, 34, 36, 39, 40, 41, 42, 43, 45, 51, 59, 66, 67, 77 
             ] ), rec(
          DistVect := [ 0, 1, 1, 1, 2, 2, 2, 1, 0, 2, 1, 1, 2, 1, 2, 1, 1, 
              2, 1, 2, 2, 1, 1, 1, 1, 1, 1, 1, 1 ],
          eAdj := [ 1, 3, 4, 6, 8, 9, 13, 14, 15, 16, 17, 18, 19, 21, 24, 
              25, 27, 30, 31, 38, 42, 43, 44, 45, 47, 50, 56, 61, 64, 65, 76 
             ] ), rec(
          DistVect := [ 0, 1, 1, 1, 2, 2, 2, 1, 1, 1, 2, 2, 2, 1, 2, 1, 1, 
              2, 2, 2, 3, 2, 1, 1, 1, 2, 1, 2, 1 ],
          eAdj := [ 1, 2, 3, 4, 6, 7, 8, 9, 13, 14, 15, 18, 19, 20, 21, 23, 
              24, 36, 38, 40, 41, 42, 43, 44, 45, 46, 47, 51, 56, 61 ] ), 
      rec(
          DistVect := [ 0, 2, 1, 1, 2, 1, 2, 2, 1, 2, 1, 2, 1, 1, 2, 1, 1, 
              2, 2, 2, 1, 1, 1, 2, 1, 1, 2, 2, 0 ],
          eAdj := [ 2, 3, 4, 8, 10, 13, 14, 15, 16, 17, 19, 20, 23, 25, 28, 
              30, 32, 33, 39, 40, 41, 43, 45, 50, 56, 59, 61, 66, 77 ] ), 
      rec(
          DistVect := [ 0, 2, 2, 1, 2, 2, 2, 2, 1, 2, 2, 2, 2, 1, 3, 1, 1, 
              2, 2, 2, 2, 1, 1, 1, 1, 2, 1, 2, 1 ],
          eAdj := [ 1, 3, 4, 9, 10, 13, 15, 16, 17, 18, 19, 20, 23, 24, 27, 
              30, 31, 32, 33, 35, 36, 39, 40, 41, 51, 59, 66, 69, 77 ] ), 
      rec(
          DistVect := [ 0, 1, 1, 1, 2, 2, 2, 1, 1, 1, 2, 2, 2, 1, 1, 2, 1, 
              2, 2, 2, 2, 2, 1, 1, 0, 1, 1, 2, 1 ],
          eAdj := [ 2, 3, 4, 6, 7, 8, 11, 13, 16, 19, 20, 23, 24, 25, 38, 
              40, 42, 43, 44, 45, 46, 47, 48, 49, 50, 57, 60, 64, 65, 68, 76 
             ] ), rec(
          DistVect := [ 0, 1, 1, 2, 1, 1, 2, 1, 1, 2, 1, 1, 2, 1, 2, 1, 1, 
              2, 2, 2, 2, 0, 1, 1, 2, 1, 2, 1, 1 ],
          eAdj := [ 1, 3, 4, 7, 8, 12, 16, 17, 21, 25, 26, 29, 30, 43, 46, 
              47, 48, 49, 50, 52, 58, 60, 62, 68, 70, 71, 75, 78, 80 ] ), 
      rec(
          DistVect := [ 0, 1, 1, 1, 2, 2, 2, 1, 1, 1, 2, 2, 2, 0, 2, 1, 1, 
              2, 1, 2, 2, 1, 1, 1, 1, 2, 1, 2, 2 ],
          eAdj := [ 1, 3, 4, 6, 9, 12, 13, 14, 15, 16, 17, 18, 19, 24, 26, 
              27, 30, 31, 32, 33, 35, 36, 38, 40, 41, 42, 44, 45, 59, 61, 64 
             ] ), rec(
          DistVect := [ 0, 1, 1, 1, 2, 2, 2, 1, 1, 1, 2, 2, 2, 1, 2, 1, 2, 
              2, 1, 2, 1, 1, 1, 1, 1, 2, 1, 2, 1 ],
          eAdj := [ 3, 8, 9, 12, 14, 15, 16, 17, 18, 19, 20, 23, 27, 28, 31, 
              32, 33, 34, 35, 36, 37, 39, 41, 51, 54, 63, 66, 67, 69, 77, 79 
             ] ), rec(
          DistVect := [ 0, 1, 1, 1, 2, 2, 2, 1, 1, 1, 2, 2, 2, 1, 2, 2, 2, 
              2, 1, 1, 1, 1, 1, 1, 1, 2, 1, 2, 1 ],
          eAdj := [ 3, 8, 9, 12, 15, 17, 20, 22, 23, 27, 28, 31, 32, 33, 34, 
              35, 36, 37, 39, 51, 54, 55, 63, 66, 67, 69, 72, 73, 74, 79 ] ),
      rec(
          DistVect := [ 0, 1, 1, 1, 2, 2, 2, 1, 1, 1, 2, 2, 2, 1, 2, 1, 2, 
              2, 1, 2, 1, 1, 1, 2, 1, 1, 1, 2, 1 ],
          eAdj := [ 3, 8, 9, 12, 14, 15, 16, 17, 18, 19, 20, 25, 27, 28, 31, 
              32, 33, 34, 36, 39, 40, 41, 42, 45, 54, 59, 66, 67, 69, 77 ] ),
      rec(
          DistVect := [ 0, 1, 1, 1, 2, 2, 2, 1, 1, 1, 2, 2, 2, 1, 2, 1, 1, 
              2, 1, 2, 2, 1, 1, 1, 1, 2, 1, 1, 1 ],
          eAdj := [ 1, 3, 6, 8, 9, 12, 13, 14, 15, 16, 17, 18, 19, 21, 23, 
              24, 27, 31, 33, 35, 36, 37, 38, 40, 41, 42, 44, 51, 59, 61, 77 
             ] ), rec(
          DistVect := [ 0, 1, 1, 1, 2, 2, 2, 1, 1, 1, 2, 2, 2, 1, 2, 1, 1, 
              2, 1, 2, 2, 1, 1, 1, 1, 1, 1, 1, 1 ],
          eAdj := [ 1, 3, 6, 8, 9, 12, 13, 14, 15, 16, 17, 18, 19, 21, 24, 
              25, 27, 31, 33, 36, 38, 40, 42, 44, 45, 56, 59, 61, 64, 65 ] ),
      rec(
          DistVect := [ 0, 1, 1, 1, 2, 2, 2, 1, 1, 1, 2, 2, 2, 1, 2, 1, 1, 
              2, 2, 2, 2, 1, 1, 1, 1, 2, 1, 2, 1 ],
          eAdj := [ 1, 3, 4, 6, 7, 8, 9, 12, 13, 14, 15, 16, 17, 18, 19, 20, 
              23, 24, 31, 33, 36, 38, 40, 41, 42, 43, 44, 45, 56, 59, 61 ] ),
      rec(
          DistVect := [ 0, 1, 1, 2, 2, 1, 2, 1, 1, 2, 2, 1, 2, 1, 2, 1, 1, 
              2, 2, 1, 2, 1, 1, 2, 1, 2, 1, 1, 1 ],
          eAdj := [ 1, 3, 4, 7, 8, 14, 18, 19, 21, 22, 23, 24, 29, 30, 38, 
              40, 41, 42, 43, 45, 46, 47, 51, 52, 56, 57, 58, 64, 65, 68, 76 
             ] ), rec(
          DistVect := [ 0, 1, 1, 2, 1, 1, 2, 1, 1, 2, 1, 1, 2, 1, 2, 1, 1, 
              2, 2, 2, 2, 1, 1, 1, 1, 1, 1, 1, 1 ],
          eAdj := [ 1, 3, 4, 7, 8, 16, 19, 21, 24, 25, 29, 30, 38, 43, 46, 
              47, 48, 49, 50, 52, 57, 58, 60, 62, 64, 65, 68, 70, 71, 75, 78 
             ] ), rec(
          DistVect := [ 0, 1, 1, 2, 2, 2, 2, 1, 1, 2, 2, 2, 2, 1, 2, 1, 1, 
              2, 2, 1, 1, 1, 1, 1, 1, 2, 1, 2, 1 ],
          eAdj := [ 3, 4, 6, 7, 8, 13, 14, 18, 19, 20, 22, 23, 24, 28, 29, 
              30, 39, 40, 41, 42, 43, 44, 45, 51, 56, 57, 59, 61, 63, 66, 67 
             ] ), rec(
          DistVect := [ 0, 1, 1, 2, 2, 2, 2, 1, 1, 2, 2, 2, 2, 1, 3, 1, 1, 
              2, 2, 2, 2, 1, 1, 1, 1, 2, 1, 2, 1 ],
          eAdj := [ 1, 3, 4, 6, 7, 8, 9, 13, 14, 15, 16, 18, 19, 20, 23, 24, 
              27, 29, 30, 39, 40, 41, 42, 43, 44, 45, 51, 56, 59, 61 ] ), 
      rec(
          DistVect := [ 0, 1, 1, 1, 2, 2, 2, 1, 1, 1, 2, 2, 2, 1, 2, 1, 1, 
              2, 2, 2, 2, 2, 1, 1, 1, 2, 1, 2, 1 ],
          eAdj := [ 2, 3, 4, 6, 7, 8, 9, 13, 14, 15, 18, 19, 20, 23, 24, 33, 
              36, 39, 40, 41, 42, 43, 44, 45, 51, 56, 59, 61, 66, 67, 77 ] ),
      rec(
          DistVect := [ 0, 2, 1, 1, 1, 1, 2, 2, 1, 2, 2, 2, 2, 1, 2, 1, 1, 
              2, 2, 1, 1, 1, 1, 1, 1, 2, 1, 2, 1 ],
          eAdj := [ 3, 4, 10, 13, 15, 17, 18, 19, 20, 22, 23, 24, 28, 30, 
              31, 32, 33, 35, 36, 39, 40, 41, 43, 51, 59, 63, 66, 67, 69, 
              73, 77 ] ), rec(
          DistVect := [ 0, 2, 1, 1, 2, 1, 2, 2, 1, 2, 1, 2, 2, 1, 2, 1, 1, 
              2, 2, 2, 1, 1, 1, 2, 1, 1, 1, 2, 1 ],
          eAdj := [ 3, 4, 10, 13, 14, 15, 16, 17, 19, 20, 24, 25, 28, 30, 
              31, 32, 33, 38, 39, 40, 41, 42, 43, 45, 49, 50, 56, 59, 61, 
              64, 66 ] ), rec(
          DistVect := [ 0, 2, 1, 1, 2, 2, 2, 2, 1, 2, 1, 1, 1, 1, 2, 1, 1, 
              2, 2, 2, 2, 1, 1, 1, 1, 1, 1, 1, 0 ],
          eAdj := [ 1, 2, 3, 4, 6, 8, 10, 14, 15, 16, 17, 19, 20, 21, 23, 
              24, 25, 30, 38, 42, 43, 44, 45, 47, 50, 56, 61, 64, 68, 76 ] ),
      rec(
          DistVect := [ 0, 1, 1, 2, 2, 1, 2, 1, 1, 2, 2, 1, 2, 1, 2, 1, 1, 
              2, 2, 1, 2, 0, 1, 2, 1, 2, 2, 1, 1 ],
          eAdj := [ 1, 3, 4, 7, 8, 12, 14, 16, 17, 18, 19, 21, 22, 23, 26, 
              29, 30, 38, 43, 45, 46, 47, 52, 56, 58, 64, 65, 68, 76, 78 ] ),
      rec(
          DistVect := [ 0, 1, 1, 2, 2, 2, 2, 1, 1, 2, 2, 2, 2, 1, 2, 1, 1, 
              2, 2, 1, 1, 0, 1, 1, 1, 2, 1, 2, 1 ],
          eAdj := [ 1, 3, 4, 6, 7, 8, 12, 13, 14, 16, 17, 18, 19, 20, 22, 
              23, 24, 26, 28, 29, 30, 40, 41, 42, 43, 44, 45, 56, 59, 61, 76 
             ] ), rec(
          DistVect := [ 0, 1, 1, 0, 0, 0, 1, 1, 0, 1, 1, 1, 0, 0, 1, 1, 1, 
              0, 0, 0, 0, 1, 1, 0, 1, 1, 1, 1, 0 ],
          eAdj := [ 2, 3, 4, 8, 9, 10, 13, 15, 17, 18, 20, 22, 23, 27, 28, 
              30, 31, 32, 33, 34, 35, 36, 37, 39, 43, 51, 54, 55, 63, 67, 
              69, 72, 73, 74, 79, 81 ] ), rec(
          DistVect := [ 0, 0, 1, 1, 0, 0, 0, 0, 1, 1, 0, 0, 0, 0, 0, 1, 1, 
              1, 1, 1, 1, 1, 1, 0, 0, 0, 0, 0, 0 ],
          eAdj := [ 1, 2, 3, 4, 7, 8, 11, 16, 19, 20, 21, 23, 24, 25, 29, 
              30, 38, 46, 47, 48, 49, 50, 52, 57, 58, 60, 62, 64, 65, 70, 
              71, 75, 78, 80 ] ), rec(
          DistVect := [ 0, 0, 0, 1, 1, 1, 0, 0, 0, 1, 1, 1, 0, 0, 1, 1, 1, 
              0, 0, 0, 0, 1, 1, 0, 1, 1, 1, 1, 0 ],
          eAdj := [ 2, 3, 4, 6, 7, 8, 9, 13, 14, 15, 18, 20, 22, 23, 27, 28, 
              29, 30, 32, 33, 34, 35, 36, 37, 39, 43, 44, 45, 51, 57, 59, 
              63, 66, 67, 69, 72, 73, 77, 79 ] ), rec(
          DistVect := [ 0, 0, 1, 1, 0, 1, 0, 0, 1, 1, 0, 1, 0, 0, 0, 1, 0, 
              1, 1, 1, 0, 1, 1, 1, 0, 0, 1, 1, 0 ],
          eAdj := [ 2, 3, 4, 6, 7, 8, 11, 13, 16, 19, 20, 23, 24, 25, 28, 
              29, 30, 38, 39, 40, 41, 42, 44, 46, 47, 48, 49, 50, 57, 58, 
              60, 64, 65, 68, 75, 76, 78 ] ), rec(
          DistVect := [ 0, 0, 1, 1, 1, 1, 0, 0, 1, 1, 1, 1, 0, 0, 0, 0, 0, 
              1, 1, 0, 0, 1, 1, 0, 1, 1, 1, 1, 0 ],
          eAdj := [ 2, 3, 4, 6, 7, 8, 11, 13, 14, 18, 19, 20, 22, 23, 24, 
              28, 29, 30, 39, 40, 41, 42, 44, 45, 46, 47, 48, 50, 51, 56, 
              57, 58, 60, 61, 63, 66, 67, 68, 76 ] ), rec(
          DistVect := [ 0, 0, 1, 0, 0, 1, 1, 1, 1, 0, 0, 1, 1, 1, 1, 1, 0, 
              0, 0, 0, 1, 1, 1, 1, 1, 1, 0, 0, 0 ],
          eAdj := [ 1, 2, 3, 5, 6, 8, 9, 10, 12, 13, 15, 17, 20, 21, 22, 23, 
              24, 27, 31, 32, 33, 34, 35, 37, 39, 41, 51, 53, 54, 55, 63, 
              66, 67, 69, 72, 73, 74, 79, 81 ] ), rec(
          DistVect := [ 0, 1, 1, 0, 1, 0, 1, 1, 0, 1, 0, 1, 0, 0, 1, 0, 1, 
              0, 0, 1, 0, 1, 1, 1, 0, 0, 1, 1, 0 ],
          eAdj := [ 2, 3, 4, 8, 9, 10, 13, 14, 15, 16, 17, 18, 19, 20, 23, 
              25, 27, 28, 30, 31, 32, 33, 34, 35, 36, 39, 40, 41, 43, 45, 
              50, 51, 54, 59, 63, 66, 67, 69, 73, 77, 79 ] ), rec(
          DistVect := [ 0, 0, 0, 1, 0, 1, 0, 0, 0, 1, 0, 1, 0, 0, 1, 0, 1, 
              0, 0, 1, 0, 1, 1, 1, 0, 0, 1, 1, 0 ],
          eAdj := [ 2, 3, 4, 6, 7, 8, 9, 13, 14, 15, 16, 18, 19, 20, 23, 25, 
              27, 28, 29, 30, 32, 33, 34, 39, 40, 41, 42, 43, 44, 45, 48, 
              50, 51, 56, 57, 59, 60, 61, 63, 66, 67, 77 ] ), rec(
          DistVect := [ 0, 1, 0, 0, 0, 0, 1, 1, 1, 1, 1, 1, 0, 0, 0, 0, 0, 
              1, 1, 0, 0, 1, 1, 0, 1, 1, 1, 1, 0 ],
          eAdj := [ 2, 3, 4, 6, 7, 8, 10, 11, 13, 14, 15, 17, 18, 19, 20, 
              22, 23, 24, 28, 30, 32, 33, 35, 36, 39, 40, 41, 43, 44, 45, 
              47, 50, 51, 56, 57, 59, 61, 63, 66, 67, 73, 77 ] ), rec(
          DistVect := [ 0, 1, 0, 0, 1, 0, 1, 1, 1, 1, 0, 1, 0, 0, 0, 1, 0, 
              1, 1, 1, 0, 1, 1, 1, 0, 0, 1, 1, 0 ],
          eAdj := [ 2, 3, 4, 6, 7, 8, 10, 11, 13, 14, 15, 16, 17, 19, 20, 
              23, 24, 25, 28, 30, 32, 33, 38, 39, 40, 41, 42, 43, 44, 45, 
              47, 48, 49, 50, 56, 57, 60, 61, 64, 66, 68, 76 ] ), rec(
          DistVect := [ 0, 1, 0, 0, 1, 1, 1, 1, 1, 1, 0, 0, 0, 0, 0, 1, 1, 
              1, 1, 1, 1, 1, 1, 0, 0, 0, 0, 0, 0 ],
          eAdj := [ 1, 2, 3, 4, 6, 7, 8, 10, 11, 14, 15, 16, 17, 19, 20, 21, 
              23, 24, 25, 30, 38, 42, 43, 44, 45, 46, 47, 48, 49, 50, 52, 
              57, 58, 60, 62, 64, 65, 68, 70, 75, 76, 78 ] ), rec(
          DistVect := [ 0, 0, 0, 1, 0, 0, 0, 0, 0, 1, 0, 0, 0, 0, 1, 0, 0, 
              0, 0, 1, 1, 1, 1, 0, 0, 0, 0, 0, 0 ],
          eAdj := [ 1, 2, 3, 4, 6, 7, 8, 9, 13, 14, 15, 16, 18, 19, 20, 21, 
              23, 24, 25, 27, 29, 30, 38, 39, 40, 41, 42, 43, 44, 45, 46, 
              47, 48, 50, 51, 56, 57, 58, 60, 61, 64, 65, 68, 76 ] ), rec(
          DistVect := [ 0, 1, 1, 0, 1, 1, 1, 1, 0, 1, 0, 0, 0, 0, 1, 0, 0, 
              0, 0, 1, 1, 1, 1, 0, 0, 0, 0, 0, 0 ],
          eAdj := [ 1, 2, 3, 4, 6, 8, 9, 10, 13, 14, 15, 16, 17, 18, 19, 20, 
              21, 23, 24, 25, 27, 30, 31, 32, 33, 35, 36, 38, 39, 40, 41, 
              42, 43, 44, 45, 47, 50, 51, 56, 59, 61, 64, 66, 77 ] ), rec(
          DistVect := [ 0, 0, 0, 1, 0, 0, 1, 0, 0, 1, 0, 0, 1, 0, 1, 0, 0, 
              1, 0, 1, 1, 0, 1, 0, 1, 0, 1, 0, 1 ],
          eAdj := [ 1, 3, 4, 6, 7, 8, 9, 12, 13, 14, 15, 16, 17, 18, 19, 21, 
              24, 25, 26, 27, 29, 30, 31, 38, 43, 44, 45, 46, 47, 48, 49, 
              50, 52, 56, 58, 60, 62, 64, 65, 68, 70, 71, 76, 78 ] ), rec(
          DistVect := [ 0, 0, 1, 0, 1, 1, 1, 1, 1, 0, 1, 1, 1, 1, 1, 0, 0, 
              0, 0, 1, 1, 1, 1, 0, 0, 0, 0, 0, 0 ],
          eAdj := [ 1, 2, 3, 5, 6, 8, 9, 10, 12, 13, 14, 15, 16, 17, 18, 19, 
              20, 21, 23, 24, 25, 27, 31, 32, 33, 34, 35, 36, 37, 38, 39, 
              40, 41, 42, 51, 53, 54, 55, 59, 66, 67, 69, 77, 79 ] ), rec(
          DistVect := [ 0, 0, 0, 1, 1, 0, 1, 0, 0, 1, 1, 0, 1, 0, 1, 1, 0, 
              1, 0, 0, 1, 0, 1, 1, 0, 1, 1, 0, 1 ],
          eAdj := [ 1, 3, 4, 6, 7, 8, 9, 12, 13, 14, 15, 16, 17, 18, 19, 21, 
              22, 23, 24, 26, 27, 29, 30, 31, 35, 36, 37, 38, 40, 41, 42, 
              43, 44, 45, 46, 47, 51, 52, 56, 58, 59, 61, 64, 65, 76 ] ), 
      rec(
          DistVect := [ 0, 0, 0, 1, 1, 1, 1, 0, 0, 1, 1, 1, 1, 0, 1, 1, 1, 
              1, 0, 0, 0, 0, 1, 0, 0, 1, 0, 1, 1 ],
          eAdj := [ 1, 3, 4, 6, 7, 8, 9, 12, 13, 14, 15, 16, 17, 18, 19, 20, 
              22, 23, 24, 26, 27, 28, 29, 30, 31, 32, 33, 34, 35, 36, 37, 
              39, 40, 41, 42, 43, 44, 45, 51, 59, 61, 63, 66, 67, 69, 77 ] ),
      rec(
          DistVect := [ 0, 0, 1, 0, 1, 1, 1, 0, 1, 0, 1, 1, 1, 0, 1, 0, 0, 
              0, 1, 1, 1, 1, 0, 0, 0, 1, 0, 1, 1 ],
          eAdj := [ 1, 2, 3, 4, 5, 6, 7, 8, 9, 10, 11, 12, 13, 14, 15, 16, 
              17, 18, 19, 20, 21, 22, 23, 24, 25, 26, 27, 28, 29, 30, 31, 
              32, 33, 34, 35, 36, 37, 38, 39, 40, 41, 42, 43, 44, 45, 46, 
              47, 48, 49, 50, 51, 52, 53, 54, 55, 56, 57, 58, 59, 60, 62, 
              63, 64, 65, 66, 67, 68, 69, 70, 71, 72, 73, 74, 75 ] ), rec(
          DistVect := [ 0, 0, 0, 0, 1, 1, 1, 0, 0, 0, 1, 1, 1, 0, 0, 1, 1, 
              1, 0, 1, 1, 1, 0, 0, 0, 1, 0, 1, 1 ],
          eAdj := [ 1, 2, 3, 4, 5, 6, 7, 8, 9, 10, 11, 12, 13, 14, 15, 16, 
              17, 18, 19, 20, 21, 22, 23, 24, 25, 26, 27, 28, 29, 30, 31, 
              32, 33, 34, 35, 36, 37, 38, 39, 40, 41, 42, 43, 44, 45, 46, 
              47, 48, 49, 50, 51, 52, 53, 54, 55, 57, 58, 60, 61, 62, 63, 
              64, 65, 66, 67, 70, 71, 72, 73, 76, 77, 78, 79, 80, 81 ] ), 
      rec(
          DistVect := [ 0, 1, 0, 1, 0, 0, 1, 1, 1, 0, 1, 1, 0, 0, 1, 0, 0, 
              1, 1, 1, 1, 0, 0, 0, 1, 1, 1, 1, 0 ],
          eAdj := [ 1, 2, 3, 4, 5, 6, 7, 8, 9, 10, 11, 12, 13, 14, 15, 16, 
              17, 18, 19, 20, 21, 22, 23, 24, 25, 26, 27, 28, 29, 30, 31, 
              32, 33, 34, 35, 36, 37, 38, 39, 40, 41, 43, 44, 45, 46, 47, 
              48, 49, 50, 51, 52, 53, 54, 55, 56, 57, 58, 59, 60, 61, 62, 
              63, 64, 67, 68, 69, 70, 72, 74, 75, 76, 77, 78, 79, 80, 81 ] ),
      rec(
          DistVect := [ 0, 0, 0, 1, 1, 1, 1, 1, 0, 1, 1, 1, 1, 1, 1, 1, 1, 
              1, 1, 0, 0, 0, 0, 0, 0, 0, 0, 0, 0 ],
          eAdj := [ 1, 2, 3, 4, 5, 6, 7, 8, 9, 10, 11, 12, 13, 14, 15, 16, 
              17, 18, 19, 20, 21, 22, 23, 24, 25, 26, 27, 28, 29, 30, 31, 
              32, 33, 34, 35, 36, 37, 39, 40, 42, 43, 44, 45, 46, 47, 48, 
              49, 50, 51, 52, 53, 54, 55, 56, 57, 58, 59, 60, 61, 64, 65, 
              66, 67, 68, 69, 70, 71, 72, 73, 74, 75, 76, 77, 78, 79, 80, 81 
             ] ), rec(
          DistVect := [ 0, 4, 5, 4, 8, 8, 7, 3, 5, 4, 8, 8, 7, 3, 5, 5, 3, 
              8, 8, 8, 8, 7, 3, 4, 3, 7, 5, 9, 4 ],
          eAdj := [ 2, 3, 4, 6, 7, 8, 11, 13, 19, 20, 23, 24, 38, 40, 41, 
              42, 44, 45, 46, 47, 48, 50, 57, 60, 68, 76 ] ), rec(
          DistVect := [ 0, 1, 1, 1, 2, 2, 2, 1, 1, 1, 2, 2, 2, 1, 1, 1, 1, 
              2, 2, 2, 2, 2, 1, 1, 1, 2, 1, 2, 1 ],
          eAdj := [ 2, 3, 4, 6, 7, 8, 11, 13, 14, 18, 19, 20, 23, 24, 38, 
              40, 41, 42, 43, 44, 45, 46, 47, 48, 50, 56, 57, 61, 68, 76 ] ),
      rec(
          DistVect := [ 0, 4, 4, 5, 8, 8, 8, 4, 4, 5, 8, 8, 8, 4, 7, 4, 4, 
              8, 8, 5, 9, 5, 3, 4, 4, 8, 4, 8, 4 ],
          eAdj := [ 1, 3, 4, 6, 7, 8, 13, 14, 18, 19, 20, 22, 23, 24, 36, 
              40, 41, 42, 43, 44, 45, 46, 47, 51, 56, 61 ] ), rec(
          DistVect := [ 0, 4, 4, 5, 7, 8, 8, 4, 4, 5, 7, 8, 8, 4, 7, 5, 4, 
              8, 8, 8, 9, 5, 3, 3, 3, 5, 4, 8, 4 ],
          eAdj := [ 1, 3, 4, 6, 7, 8, 13, 16, 19, 20, 24, 25, 38, 43, 44, 
              45, 46, 47, 48, 49, 50, 60, 64, 65, 68, 76 ] ), rec(
          DistVect := [ 0, 4, 4, 3, 8, 8, 8, 4, 4, 7, 8, 8, 8, 4, 7, 4, 4, 
              8, 8, 7, 7, 5, 3, 4, 4, 8, 4, 8, 4 ],
          eAdj := [ 3, 4, 6, 7, 8, 13, 14, 15, 17, 18, 19, 20, 23, 24, 30, 
              40, 41, 42, 43, 44, 45, 47, 50, 56, 61, 66 ] ), rec(
          DistVect := [ 0, 4, 5, 3, 8, 8, 8, 4, 5, 3, 8, 8, 8, 4, 8, 5, 3, 
              5, 5, 7, 9, 7, 3, 4, 4, 8, 4, 8, 4 ],
          eAdj := [ 2, 3, 6, 8, 9, 13, 15, 20, 23, 27, 31, 32, 33, 34, 35, 
              36, 37, 39, 41, 51, 55, 63, 66, 67, 69, 79 ] ), rec(
          DistVect := [ 0, 1, 1, 1, 2, 2, 2, 1, 1, 1, 2, 2, 2, 1, 2, 1, 1, 
              1, 1, 2, 2, 2, 1, 1, 1, 2, 1, 2, 1 ],
          eAdj := [ 2, 3, 6, 8, 9, 13, 14, 15, 18, 20, 23, 27, 31, 32, 33, 
              34, 35, 36, 37, 39, 41, 43, 51, 59, 63, 66, 67, 69, 77, 79 ] ),
      rec(
          DistVect := [ 0, 4, 4, 4, 8, 8, 7, 3, 4, 4, 8, 8, 7, 3, 8, 4, 4, 
              5, 5, 8, 8, 7, 3, 4, 3, 7, 5, 9, 4 ],
          eAdj := [ 2, 3, 6, 8, 9, 13, 14, 15, 18, 20, 23, 27, 32, 33, 34, 
              36, 39, 41, 43, 45, 51, 59, 63, 66, 67, 77 ] ), rec(
          DistVect := [ 0, 4, 4, 3, 8, 8, 8, 4, 4, 5, 8, 8, 8, 4, 5, 4, 4, 
              8, 8, 7, 7, 5, 3, 4, 4, 8, 4, 8, 4 ],
          eAdj := [ 3, 4, 6, 7, 8, 11, 13, 14, 17, 18, 19, 20, 23, 24, 38, 
              40, 41, 42, 43, 44, 45, 47, 50, 56, 61, 76 ] ), rec(
          DistVect := [ 0, 4, 4, 3, 8, 8, 8, 4, 4, 3, 8, 8, 8, 4, 5, 4, 4, 
              8, 8, 7, 9, 7, 3, 4, 4, 8, 4, 8, 4 ],
          eAdj := [ 2, 3, 4, 6, 7, 8, 11, 13, 14, 18, 19, 20, 23, 24, 36, 
              38, 40, 41, 42, 43, 44, 45, 46, 47, 56, 61 ] ), rec(
          DistVect := [ 0, 4, 5, 3, 8, 8, 8, 4, 3, 5, 8, 8, 8, 4, 8, 5, 5, 
              7, 5, 7, 7, 5, 3, 4, 4, 8, 4, 8, 4 ],
          eAdj := [ 3, 8, 9, 13, 15, 17, 18, 20, 23, 27, 31, 32, 33, 34, 35, 
              36, 37, 39, 41, 51, 63, 66, 67, 69, 77, 79 ] ), rec(
          DistVect := [ 0, 3, 4, 4, 8, 8, 8, 3, 3, 7, 7, 7, 9, 4, 8, 4, 4, 
              8, 7, 8, 8, 4, 3, 4, 4, 7, 4, 7, 5 ],
          eAdj := [ 1, 3, 4, 6, 7, 8, 13, 14, 15, 16, 17, 18, 19, 24, 30, 
              38, 42, 43, 44, 45, 47, 50, 56, 64, 65, 76 ] ), rec(
          DistVect := [ 0, 4, 3, 7, 8, 8, 7, 4, 3, 7, 8, 8, 7, 4, 8, 5, 5, 
              8, 7, 5, 5, 4, 3, 4, 5, 8, 5, 8, 3 ],
          eAdj := [ 3, 4, 6, 7, 8, 13, 14, 18, 20, 22, 23, 28, 29, 30, 39, 
              43, 44, 45, 51, 57, 59, 61, 63, 66, 67, 77 ] ), rec(
          DistVect := [ 0, 4, 4, 5, 7, 7, 8, 4, 4, 5, 7, 7, 8, 4, 5, 7, 7, 
              8, 8, 8, 8, 5, 3, 4, 3, 5, 3, 5, 4 ],
          eAdj := [ 1, 3, 4, 7, 8, 11, 16, 21, 25, 43, 46, 47, 48, 49, 50, 
              52, 57, 58, 60, 62, 64, 65, 70, 71, 75, 78 ] ), rec(
          DistVect := [ 0, 4, 4, 7, 5, 5, 8, 4, 4, 7, 5, 5, 8, 4, 7, 5, 5, 
              8, 8, 8, 8, 3, 3, 4, 5, 5, 5, 5, 4 ],
          eAdj := [ 1, 3, 4, 7, 8, 16, 21, 25, 29, 30, 43, 46, 47, 48, 49, 
              50, 52, 57, 58, 60, 62, 70, 71, 75, 78, 80 ] ), rec(
          DistVect := [ 0, 4, 3, 4, 8, 8, 9, 5, 5, 4, 8, 8, 7, 3, 5, 5, 5, 
              8, 8, 8, 8, 7, 3, 4, 3, 7, 3, 7, 4 ],
          eAdj := [ 2, 3, 4, 6, 7, 8, 11, 14, 19, 20, 23, 24, 38, 40, 42, 
              43, 44, 45, 46, 47, 48, 50, 57, 64, 68, 76 ] ), rec(
          DistVect := [ 0, 4, 3, 7, 8, 5, 7, 4, 3, 7, 8, 5, 7, 4, 8, 5, 4, 
              8, 7, 5, 8, 4, 3, 7, 5, 8, 4, 5, 3 ],
          eAdj := [ 1, 3, 4, 7, 8, 14, 18, 21, 22, 23, 24, 29, 30, 40, 41, 
              42, 43, 45, 46, 47, 51, 56, 57, 58, 61, 76 ] ), rec(
          DistVect := [ 0, 7, 4, 4, 5, 5, 8, 7, 3, 7, 8, 8, 7, 4, 8, 5, 5, 
              8, 7, 5, 5, 4, 3, 4, 5, 8, 5, 8, 3 ],
          eAdj := [ 3, 4, 10, 13, 15, 17, 18, 20, 22, 23, 28, 30, 31, 32, 
              33, 35, 36, 39, 43, 51, 63, 67, 69, 73, 77, 79 ] ), rec(
          DistVect := [ 0, 4, 4, 7, 8, 8, 8, 4, 4, 7, 8, 8, 8, 4, 7, 4, 4, 
              8, 8, 5, 5, 3, 3, 4, 4, 8, 4, 8, 4 ],
          eAdj := [ 3, 4, 6, 7, 8, 13, 14, 18, 19, 20, 22, 23, 24, 28, 29, 
              30, 40, 41, 42, 43, 44, 45, 56, 57, 61, 76 ] ), rec(
          DistVect := [ 0, 4, 4, 5, 8, 8, 8, 4, 4, 5, 8, 8, 8, 4, 5, 4, 4, 
              8, 8, 5, 7, 5, 3, 4, 4, 8, 4, 8, 4 ],
          eAdj := [ 3, 4, 6, 7, 8, 11, 13, 14, 18, 19, 20, 22, 23, 24, 40, 
              41, 42, 43, 44, 45, 46, 47, 56, 57, 61, 76 ] ), rec(
          DistVect := [ 0, 4, 4, 7, 8, 8, 8, 4, 4, 5, 8, 8, 8, 4, 7, 4, 4, 
              8, 8, 5, 7, 5, 3, 4, 4, 8, 4, 8, 4 ],
          eAdj := [ 3, 4, 6, 7, 8, 13, 14, 18, 19, 20, 22, 23, 24, 29, 40, 
              41, 42, 43, 44, 45, 46, 51, 56, 57, 61, 67 ] ), rec(
          DistVect := [ 0, 4, 3, 7, 5, 5, 7, 4, 3, 7, 5, 5, 7, 4, 8, 4, 4, 
              8, 7, 8, 8, 4, 3, 4, 4, 5, 4, 5, 3 ],
          eAdj := [ 1, 3, 4, 7, 8, 16, 19, 21, 24, 25, 29, 30, 38, 43, 46, 
              47, 48, 50, 57, 58, 60, 64, 65, 68, 76, 78 ] ), rec(
          DistVect := [ 0, 4, 4, 7, 5, 8, 8, 4, 4, 7, 5, 8, 8, 4, 7, 5, 4, 
              8, 8, 8, 5, 3, 3, 7, 5, 5, 4, 8, 4 ],
          eAdj := [ 3, 4, 6, 7, 8, 13, 16, 20, 24, 25, 28, 29, 30, 38, 43, 
              44, 48, 49, 50, 57, 60, 64, 65, 68, 76, 78 ] ), rec(
          DistVect := [ 0, 4, 4, 5, 7, 8, 8, 4, 4, 5, 7, 8, 8, 4, 5, 7, 4, 
              8, 8, 8, 7, 5, 3, 5, 3, 5, 4, 8, 4 ],
          eAdj := [ 3, 4, 6, 7, 8, 11, 13, 16, 20, 24, 25, 38, 43, 44, 46, 
              47, 48, 49, 50, 57, 60, 64, 65, 68, 76, 78 ] ), rec(
          DistVect := [ 0, 4, 4, 7, 5, 8, 8, 4, 4, 5, 7, 8, 8, 4, 7, 5, 4, 
              8, 8, 8, 7, 5, 3, 5, 3, 5, 4, 8, 4 ],
          eAdj := [ 3, 4, 6, 7, 8, 13, 16, 19, 20, 24, 25, 29, 38, 40, 43, 
              44, 46, 48, 49, 50, 57, 60, 64, 65, 68, 76 ] ), rec(
          DistVect := [ 0, 4, 4, 3, 8, 8, 8, 4, 4, 5, 8, 8, 8, 4, 5, 4, 4, 
              8, 8, 7, 7, 7, 3, 4, 4, 8, 4, 8, 4 ],
          eAdj := [ 2, 3, 4, 6, 7, 8, 11, 13, 14, 18, 19, 20, 23, 24, 40, 
              41, 42, 43, 44, 45, 47, 50, 56, 57, 61, 66 ] ), rec(
          DistVect := [ 0, 4, 4, 5, 8, 8, 8, 4, 4, 5, 8, 8, 8, 4, 7, 4, 4, 
              8, 8, 7, 7, 7, 3, 4, 4, 8, 4, 8, 4 ],
          eAdj := [ 2, 3, 4, 6, 7, 8, 13, 14, 18, 19, 20, 23, 24, 39, 40, 
              41, 42, 43, 44, 45, 51, 56, 57, 61, 66, 67 ] ), rec(
          DistVect := [ 0, 4, 3, 5, 8, 8, 8, 4, 5, 3, 8, 8, 8, 4, 8, 5, 5, 
              5, 5, 7, 7, 7, 3, 4, 4, 8, 4, 8, 4 ],
          eAdj := [ 2, 3, 6, 8, 9, 14, 15, 20, 23, 27, 31, 32, 33, 34, 35, 
              36, 37, 39, 43, 51, 63, 66, 67, 69, 72, 79 ] ), rec(
          DistVect := [ 0, 4, 3, 5, 8, 8, 8, 4, 3, 5, 8, 8, 8, 4, 8, 7, 7, 
              7, 5, 5, 5, 5, 3, 4, 4, 8, 4, 8, 4 ],
          eAdj := [ 3, 8, 9, 15, 20, 22, 23, 27, 28, 31, 32, 33, 34, 35, 36, 
              37, 39, 43, 51, 63, 66, 67, 69, 72, 73, 79 ] ), rec(
          DistVect := [ 0, 4, 3, 5, 8, 8, 8, 4, 3, 5, 8, 8, 8, 4, 8, 7, 5, 
              7, 5, 5, 7, 5, 3, 4, 4, 8, 4, 8, 4 ],
          eAdj := [ 3, 6, 8, 9, 13, 15, 20, 22, 23, 27, 31, 32, 33, 34, 35, 
              36, 37, 39, 43, 51, 63, 66, 67, 69, 77, 79 ] ), rec(
          DistVect := [ 0, 7, 4, 4, 5, 8, 8, 7, 3, 7, 8, 5, 7, 4, 8, 5, 4, 
              8, 7, 5, 8, 4, 3, 7, 5, 8, 4, 5, 3 ],
          eAdj := [ 1, 3, 4, 6, 10, 15, 17, 18, 21, 22, 23, 24, 30, 31, 35, 
              36, 40, 41, 43, 44, 47, 51, 59, 61, 66, 77 ] ), rec(
          DistVect := [ 0, 5, 4, 4, 7, 8, 8, 5, 3, 7, 8, 7, 9, 4, 8, 5, 4, 
              8, 7, 5, 8, 4, 3, 5, 3, 8, 4, 7, 5 ],
          eAdj := [ 1, 3, 4, 6, 13, 15, 17, 18, 19, 22, 23, 24, 30, 31, 35, 
              36, 40, 41, 42, 43, 44, 47, 51, 59, 61, 66 ] ), rec(
          DistVect := [ 0, 7, 3, 4, 5, 5, 7, 7, 4, 7, 8, 8, 8, 4, 7, 4, 4, 
              8, 8, 5, 5, 3, 3, 4, 4, 8, 4, 8, 4 ],
          eAdj := [ 3, 4, 10, 13, 15, 17, 18, 19, 20, 22, 23, 24, 28, 30, 
              31, 32, 33, 35, 36, 40, 41, 43, 59, 61, 66, 77 ] ), rec(
          DistVect := [ 0, 5, 3, 4, 5, 7, 9, 7, 4, 5, 8, 8, 8, 4, 7, 4, 4, 
              8, 8, 5, 7, 5, 3, 4, 4, 8, 4, 8, 4 ],
          eAdj := [ 3, 4, 6, 10, 13, 15, 17, 18, 19, 20, 22, 23, 24, 31, 32, 
              33, 35, 36, 40, 41, 43, 51, 59, 66, 67, 77 ] ), rec(
          DistVect := [ 0, 4, 4, 5, 7, 8, 8, 4, 4, 5, 7, 8, 8, 4, 5, 7, 4, 
              8, 8, 8, 5, 5, 3, 7, 3, 5, 4, 8, 4 ],
          eAdj := [ 3, 4, 6, 7, 8, 11, 13, 16, 20, 24, 25, 28, 38, 40, 42, 
              43, 44, 48, 49, 50, 57, 60, 64, 65, 68, 76 ] ), rec(
          DistVect := [ 0, 4, 4, 4, 8, 8, 9, 5, 4, 4, 8, 8, 7, 3, 8, 4, 4, 
              5, 5, 8, 8, 7, 3, 4, 3, 7, 3, 7, 4 ],
          eAdj := [ 2, 3, 6, 8, 9, 13, 14, 15, 18, 20, 23, 27, 31, 32, 33, 
              35, 36, 39, 40, 41, 43, 51, 59, 66, 67, 77 ] ), rec(
          DistVect := [ 0, 4, 3, 5, 7, 8, 8, 4, 3, 5, 7, 8, 8, 4, 8, 4, 7, 
              7, 5, 8, 5, 5, 3, 7, 3, 5, 4, 8, 4 ],
          eAdj := [ 3, 8, 9, 14, 15, 16, 18, 19, 20, 25, 27, 28, 31, 32, 33, 
              34, 39, 40, 41, 42, 43, 45, 59, 66, 67, 77 ] ), rec(
          DistVect := [ 0, 4, 3, 5, 7, 7, 8, 4, 3, 5, 7, 7, 8, 4, 8, 4, 4, 
              7, 5, 8, 8, 5, 3, 4, 3, 5, 3, 5, 4 ],
          eAdj := [ 1, 3, 6, 8, 9, 13, 14, 15, 16, 18, 19, 21, 24, 25, 27, 
              31, 38, 40, 42, 43, 44, 45, 56, 61, 64, 65 ] ), rec(
          DistVect := [ 0, 4, 4, 4, 8, 8, 8, 5, 4, 4, 8, 8, 8, 5, 8, 4, 4, 
              8, 5, 8, 8, 4, 3, 4, 4, 5, 4, 5, 5 ],
          eAdj := [ 1, 6, 9, 12, 13, 14, 15, 16, 17, 18, 19, 21, 24, 25, 27, 
              31, 33, 36, 38, 40, 42, 53, 59, 61, 64, 65 ] ), rec(
          DistVect := [ 0, 4, 4, 4, 8, 8, 9, 5, 4, 4, 8, 8, 9, 5, 8, 4, 4, 
              7, 7, 8, 8, 7, 3, 4, 3, 7, 3, 7, 4 ],
          eAdj := [ 2, 3, 6, 8, 9, 13, 14, 15, 18, 19, 20, 23, 24, 31, 33, 
              36, 39, 40, 41, 42, 43, 51, 59, 66, 67, 77 ] ), rec(
          DistVect := [ 0, 4, 3, 5, 8, 7, 8, 4, 3, 5, 8, 7, 8, 4, 8, 5, 4, 
              7, 5, 7, 8, 5, 3, 5, 4, 8, 3, 5, 4 ],
          eAdj := [ 1, 3, 6, 8, 9, 13, 14, 15, 18, 21, 23, 24, 27, 31, 35, 
              36, 37, 40, 41, 42, 43, 44, 51, 59, 61, 77 ] ), rec(
          DistVect := [ 0, 4, 5, 3, 8, 8, 8, 4, 5, 3, 8, 8, 8, 4, 8, 5, 5, 
              5, 5, 7, 7, 7, 3, 4, 4, 8, 4, 8, 4 ],
          eAdj := [ 2, 3, 8, 9, 15, 20, 23, 27, 31, 32, 33, 34, 35, 36, 37, 
              39, 51, 54, 55, 63, 66, 67, 69, 72, 73, 79 ] ), rec(
          DistVect := [ 0, 4, 5, 4, 8, 8, 7, 3, 5, 4, 8, 8, 7, 3, 5, 5, 5, 
              8, 8, 8, 8, 7, 3, 4, 3, 7, 3, 7, 4 ],
          eAdj := [ 2, 3, 4, 7, 8, 11, 19, 20, 23, 24, 38, 40, 42, 44, 45, 
              46, 47, 48, 50, 57, 58, 60, 64, 65, 68, 76 ] ), rec(
          DistVect := [ 0, 4, 4, 4, 8, 8, 7, 3, 4, 4, 8, 8, 7, 3, 8, 4, 4, 
              7, 7, 8, 8, 7, 3, 4, 5, 9, 5, 9, 4 ],
          eAdj := [ 2, 3, 4, 6, 7, 8, 9, 13, 14, 15, 18, 20, 23, 33, 36, 39, 
              41, 43, 44, 45, 51, 59, 63, 66, 67, 77 ] ), rec(
          DistVect := [ 0, 4, 4, 4, 8, 8, 7, 3, 4, 4, 8, 8, 7, 3, 8, 4, 4, 
              5, 5, 8, 8, 7, 3, 4, 3, 7, 3, 7, 4 ],
          eAdj := [ 2, 3, 6, 8, 9, 13, 14, 15, 18, 20, 23, 27, 33, 36, 39, 
              40, 41, 42, 43, 44, 45, 51, 59, 66, 67, 77 ] ), rec(
          DistVect := [ 0, 4, 4, 3, 8, 8, 8, 4, 4, 3, 8, 8, 8, 4, 5, 4, 4, 
              8, 8, 7, 7, 7, 3, 4, 4, 8, 4, 8, 4 ],
          eAdj := [ 2, 3, 4, 6, 7, 8, 11, 13, 14, 18, 19, 20, 23, 24, 33, 
              36, 40, 41, 42, 43, 44, 45, 56, 61, 66, 67 ] ), rec(
          DistVect := [ 0, 4, 5, 3, 8, 8, 8, 4, 5, 3, 8, 8, 8, 4, 8, 5, 5, 
              7, 5, 7, 7, 5, 3, 4, 4, 8, 4, 8, 4 ],
          eAdj := [ 3, 8, 9, 12, 15, 17, 20, 23, 27, 31, 32, 33, 34, 35, 36, 
              37, 39, 41, 51, 54, 55, 63, 66, 67, 69, 79 ] ), rec(
          DistVect := [ 0, 4, 4, 3, 8, 8, 8, 4, 4, 3, 8, 8, 8, 4, 7, 4, 4, 
              8, 8, 9, 9, 7, 3, 4, 4, 8, 4, 8, 4 ],
          eAdj := [ 2, 3, 4, 6, 7, 8, 9, 13, 14, 15, 18, 19, 20, 23, 24, 33, 
              36, 38, 40, 41, 42, 43, 44, 45, 56, 61 ] ), rec(
          DistVect := [ 0, 4, 4, 4, 8, 8, 8, 5, 4, 4, 8, 8, 8, 3, 8, 4, 4, 
              8, 7, 8, 8, 4, 3, 4, 4, 7, 4, 7, 5 ],
          eAdj := [ 1, 3, 4, 6, 9, 12, 13, 14, 15, 16, 17, 18, 19, 24, 31, 
              33, 36, 38, 40, 42, 44, 45, 56, 59, 61, 64 ] ), rec(
          DistVect := [ 0, 4, 4, 4, 8, 8, 8, 3, 4, 4, 8, 8, 8, 3, 8, 4, 4, 
              8, 5, 8, 8, 4, 3, 4, 4, 7, 4, 7, 5 ],
          eAdj := [ 1, 3, 6, 8, 9, 12, 13, 14, 15, 16, 17, 18, 19, 24, 27, 
              31, 33, 36, 38, 40, 41, 42, 44, 45, 59, 61 ] ) ] );
