return rec(
  DistVect := [ 0, 1, 1, 1, 1, 2, 1, 0, 1, 1, 1, 2, 1, 1, 1, 2, 1, 1, 1, 2, 
      2, 2, 1, 2, 1, 1, 1, 2, 1 ],
  ListIncidentIneq := 
   [ [ 0, 0, 0, 0, 0, 0, 0, 0, 0, 0, 0, 0, 0, 0, 0, 0, 0, 0, 0, 0, 0, 0, 0, 
          -1, 1, 0, 1, 0, 0 ], 
      [ 0, 0, 0, 0, 0, 0, 1, 1, 0, 0, 0, 0, 0, 0, 0, 0, 0, 0, 0, 0, 0, 0, 0, 
          0, 0, 0, 0, 0, -1 ], 
      [ 0, 0, 0, 0, 0, 1, 0, 1, 0, 0, 0, 0, 0, 0, 0, 0, 0, 0, 0, 0, 0, 0, 0, 
          0, 0, 0, 0, -1, 0 ], 
      [ 0, 0, 0, 0, 0, 0, 0, 0, 0, 0, 0, 0, 0, 0, 0, 0, 0, 0, 0, 0, 0, -1, 1, 
          0, 0, 0, 0, 0, 1 ], 
      [ 0, 0, 0, 0, 0, 0, 0, 0, 0, 0, 0, -1, 1, 0, 0, 0, 0, 0, 0, 0, 0, 0, 0, 
          0, 0, 0, 1, 0, 0 ], 
      [ 0, 1, 0, 0, 0, 0, 0, 1, 0, 0, 0, 0, 0, -1, 0, 0, 0, 0, 0, 0, 0, 0, 0, 
          0, 0, 0, 0, 0, 0 ], 
      [ 0, 0, 0, 0, 1, 0, 0, 1, 0, 0, 0, 0, 0, 0, 0, 0, 0, 0, 0, 0, 0, 0, 0, 
          0, 0, -1, 0, 0, 0 ], 
      [ 0, 0, 0, 0, 0, -1, 1, 0, 0, 0, 0, 0, 0, 0, 0, 0, 0, 0, 0, 0, 0, 0, 0, 
          0, 0, 0, 1, 0, 0 ], 
      [ 0, 0, 0, 1, 0, 0, 0, 1, 0, 0, 0, 0, 0, 0, 0, 0, 0, 0, 0, 0, 0, 0, -1, 
          0, 0, 0, 0, 0, 0 ], 
      [ 0, 0, 1, 0, 0, -1, 0, 0, 0, 0, 0, 0, 0, 0, 0, 0, 1, 0, 0, 0, 0, 0, 0, 
          0, 0, 0, 0, 0, 0 ], 
      [ 0, 0, 1, 0, 0, 0, 0, 1, 0, 0, 0, 0, 0, 0, 0, 0, 0, 0, -1, 0, 0, 0, 0, 
          0, 0, 0, 0, 0, 0 ], 
      [ 0, 0, 0, 0, 0, 0, -1, 1, 0, 0, 0, 0, 0, 0, 0, 0, 0, 0, 0, 0, 0, 0, 0, 
          0, 0, 0, 0, 0, 1 ], 
      [ 0, 0, 0, 0, 0, 0, 0, 0, 1, 0, 0, -1, 0, 0, 0, 0, 1, 0, 0, 0, 0, 0, 0, 
          0, 0, 0, 0, 0, 0 ], 
      [ 0, 0, 0, 0, 0, 0, 0, 0, 0, 1, 1, 0, 0, 0, 0, 0, 0, 0, 0, -1, 0, 0, 0, 
          0, 0, 0, 0, 0, 0 ], 
      [ 0, 0, 0, 0, 0, 0, 0, 0, 0, 0, 0, 0, 0, 0, 0, -1, 0, 1, 0, 0, 0, 0, 0, 
          0, 1, 0, 0, 0, 0 ], 
      [ 0, 0, 0, 0, 0, 0, 0, 0, 0, 0, 0, 0, 0, 0, 1, 0, 0, 1, 0, 0, 0, -1, 0, 
          0, 0, 0, 0, 0, 0 ], 
      [ 0, 0, 0, 0, 0, 0, 0, 0, 1, 0, 1, 0, 0, 0, 0, -1, 0, 0, 0, 0, 0, 0, 0, 
          0, 0, 0, 0, 0, 0 ], 
      [ 0, 0, 0, 0, 0, 0, 0, 0, 0, 0, 0, 0, 0, 0, 0, 0, 0, 0, 0, 0, 0, 0, 0, 
          0, 0, 0, 1, -1, 1 ], 
      [ 0, 0, 0, 1, 1, 0, 0, 0, 0, 0, 0, 0, 0, 0, 0, 0, 0, 0, 0, -1, 0, 0, 0, 
          0, 0, 0, 0, 0, 0 ], 
      [ 0, 0, 0, 0, 0, 0, 0, 0, 0, 1, 0, 0, 1, 0, 0, 0, 0, 0, 0, 0, 0, -1, 0, 
          0, 0, 0, 0, 0, 0 ], 
      [ 0, 0, 0, 0, 0, 0, 0, 0, 0, 0, 0, 0, 0, 0, 1, 0, 1, 0, 0, 0, -1, 0, 0, 
          0, 0, 0, 0, 0, 0 ], 
      [ 0, 0, 1, 0, 1, 0, 0, 0, 0, 0, 0, 0, 0, 0, 0, -1, 0, 0, 0, 0, 0, 0, 0, 
          0, 0, 0, 0, 0, 0 ], 
      [ 0, 0, 0, 0, 0, 0, 0, 0, 0, 0, 0, 0, 0, 0, 0, 0, 0, 0, 0, -1, 0, 0, 1, 
          0, 0, 1, 0, 0, 0 ], 
      [ 0, 0, 0, 1, 0, 0, 1, 0, 0, 0, 0, 0, 0, 0, 0, 0, 0, 0, 0, 0, 0, -1, 0, 
          0, 0, 0, 0, 0, 0 ], 
      [ 0, 0, 0, 0, 0, -1, 0, 1, 0, 0, 0, 0, 0, 0, 0, 0, 0, 0, 0, 0, 0, 0, 0, 
          0, 0, 0, 0, 1, 0 ], 
      [ 0, 0, 0, 0, 0, 0, 0, 0, 0, 0, 0, 0, 0, 0, 0, -1, 0, 0, 1, 0, 0, 0, 0, 
          0, 0, 1, 0, 0, 0 ], 
      [ 0, 0, 0, 0, -1, 0, 0, 1, 0, 0, 0, 0, 0, 0, 0, 0, 0, 0, 0, 0, 0, 0, 0, 
          0, 0, 1, 0, 0, 0 ], 
      [ 0, -1, 0, 0, 0, 0, 0, 1, 0, 0, 0, 0, 0, 1, 0, 0, 0, 0, 0, 0, 0, 0, 0, 
          0, 0, 0, 0, 0, 0 ], 
      [ 0, 0, 0, 0, 0, 0, 0, 0, 0, 0, 0, 0, 0, 0, 0, 0, 1, 0, 1, 0, 0, 0, 0, 
          0, 0, 0, 0, -1, 0 ], 
      [ 0, 0, 0, -1, 0, 0, 0, 1, 0, 0, 0, 0, 0, 0, 0, 0, 0, 0, 0, 0, 0, 0, 1, 
          0, 0, 0, 0, 0, 0 ], 
      [ 0, 0, -1, 0, 0, 0, 0, 1, 0, 0, 0, 0, 0, 0, 0, 0, 0, 0, 1, 0, 0, 0, 0, 
          0, 0, 0, 0, 0, 0 ], 
      [ 0, 0, 0, 0, -1, -1, 1, 1, 0, 0, 0, 0, 0, 0, 0, 0, 0, 0, 0, 0, 0, 0, 
          0, -1, 1, 1, 1, 1, -1 ], 
      [ 0, -1, 0, 1, 0, 0, 1, 1, 0, 1, 0, 0, 1, 1, 0, 0, 0, 0, 0, 0, 0, -1, 
          -1, 0, 0, 0, 0, 0, -1 ], 
      [ 0, 1, -1, 0, 0, 1, 0, 1, 1, 0, 0, -1, 0, -1, 0, 0, 1, 0, 1, 0, 0, 0, 
          0, 0, 0, 0, 0, -1, 0 ], 
      [ 0, 0, -1, 1, 0, 0, 1, 1, 0, 0, 0, 0, 0, 0, 1, 0, 0, 1, 1, 0, 0, -1, 
          -1, 0, 0, 0, 0, 0, -1 ], 
      [ 0, -1, 1, 0, 1, -1, 0, 0, 1, 0, 1, -1, 0, 0, 0, -1, 1, 0, 0, 0, 0, 0, 
          0, 1, 0, 0, 0, 0, 0 ], 
      [ 0, 0, 0, 0, 1, 1, -1, 1, 0, 0, 0, 0, 0, 0, 0, 0, 0, 0, 0, 0, 0, 0, 0, 
          -1, 1, -1, 1, -1, 1 ], 
      [ 0, 0, 0, 0, 0, 0, 0, 0, 0, 1, 1, 0, 1, -1, 0, 0, 0, 0, 0, -1, 0, -1, 
          1, 0, -1, 1, 0, 0, 1 ], 
      [ 0, 0, -1, 0, -1, 0, 1, 1, 0, 0, 0, 0, 0, 0, 0, -1, 0, 1, 1, 0, 0, 0, 
          0, 0, 1, 1, 0, 0, -1 ], 
      [ 0, 1, 0, -1, 0, 0, -1, 1, 0, 1, 0, 0, 1, -1, 0, 0, 0, 0, 0, 0, 0, -1, 
          1, 0, 0, 0, 0, 0, 1 ], 
      [ 0, 1, 0, 0, 0, 1, -1, 1, 0, 0, 0, -1, 1, -1, 0, 0, 0, 0, 0, 0, 0, 0, 
          0, 0, 0, 0, 1, -1, 1 ], 
      [ 0, 0, 1, 0, 1, 0, -1, 1, 0, 0, 0, 0, 0, 0, 0, -1, 0, 1, -1, 0, 0, 0, 
          0, 0, 1, -1, 0, 0, 1 ], 
      [ 0, -1, 0, 1, 1, 0, 1, 0, 0, 1, 1, 0, 1, 0, 0, 0, 0, 0, 0, -1, 0, -1, 
          0, 0, -1, 0, 0, 0, 0 ], 
      [ 0, 0, 1, -1, 0, 0, -1, 1, 0, 0, 0, 0, 0, 0, 1, 0, 0, 1, -1, 0, 0, -1, 
          1, 0, 0, 0, 0, 0, 1 ], 
      [ 0, 0, 0, 0, 0, 0, 0, 0, 1, 0, 0, -1, 1, -1, 0, 0, 1, -1, 1, 0, 0, 0, 
          0, 0, 0, 0, 1, -1, 1 ], 
      [ 0, -1, 1, 0, 0, -1, 0, 1, 1, 0, 0, -1, 0, 1, 0, 0, 1, 0, -1, 0, 0, 0, 
          0, 0, 0, 0, 0, 1, 0 ], 
      [ 0, 0, -1, 1, 0, 1, 0, 1, 0, 0, 0, 0, 0, 0, 1, 0, 1, 0, 1, 0, -1, 0, 
          -1, 0, 0, 0, 0, -1, 0 ], 
      [ 0, -1, 0, 1, 1, 0, 0, 1, 0, 1, 1, 0, 0, 1, 0, 0, 0, 0, 0, -1, 0, 0, 
          -1, 0, 0, -1, 0, 0, 0 ], 
      [ 0, -1, 0, 0, 0, -1, 1, 1, 0, 0, 0, -1, 1, 1, 0, 0, 0, 0, 0, 0, 0, 0, 
          0, 0, 0, 0, 1, 1, -1 ], 
      [ 0, -1, 1, 0, 1, 0, 0, 1, 1, 0, 1, 0, 0, 1, 0, -1, 0, 0, -1, 0, 0, 0, 
          0, 0, 0, -1, 0, 0, 0 ], 
      [ 0, 0, 0, 0, 0, 0, 0, 0, 0, 1, 0, -1, 1, -1, 0, 0, 0, 0, 0, 0, 1, -1, 
          1, 0, 0, 0, 1, -1, 1 ], 
      [ 0, 0, 1, -1, 0, -1, 0, 1, 0, 0, 0, 0, 0, 0, 1, 0, 1, 0, -1, 0, -1, 0, 
          1, 0, 0, 0, 0, 1, 0 ], 
      [ 0, -1, 1, 0, 0, -1, 1, 0, 1, 0, 0, -1, 1, 0, 0, 0, 1, -1, 0, 0, 0, 0, 
          0, 0, 0, 0, 1, 0, 0 ], 
      [ 0, 1, 0, -1, -1, 0, 0, 1, 0, 1, 1, 0, 0, -1, 0, 0, 0, 0, 0, -1, 0, 0, 
          1, 0, 0, 1, 0, 0, 0 ], 
      [ 0, 1, -1, 0, -1, 0, 0, 1, 1, 0, 1, 0, 0, -1, 0, -1, 0, 0, 1, 0, 0, 0, 
          0, 0, 0, 1, 0, 0, 0 ], 
      [ 0, 0, 0, 0, 0, 0, 0, 0, 1, 0, 1, -1, 0, -1, 0, -1, 1, 0, 1, 0, 0, 0, 
          0, 1, 0, 1, 0, -1, 0 ], 
      [ 0, -1, 0, 1, 0, -1, 1, 0, 0, 1, 0, -1, 1, 0, 0, 0, 0, 0, 0, 0, 1, -1, 
          0, 0, 0, 0, 1, 0, 0 ], 
      [ 0, -1, 1, 1, 1, 0, 0, 0, 1, 1, 1, 0, 0, 0, -1, -1, 0, 0, 0, -1, 0, 0, 
          0, 0, 0, 0, 0, 0, 0 ], 
      [ 0, 0, 0, 0, 0, 0, 0, 0, 1, 1, 1, 0, 0, -1, -1, -1, 0, 0, 1, -1, 0, 0, 
          1, 0, 0, 1, 0, 0, 0 ], 
      [ 0, -2, 0, 2, 2, 0, 2, 2, 0, 1, 1, 0, 1, 1, 0, 0, 0, 0, 0, -1, 0, -1, 
          -1, 0, -1, -1, 0, 0, -1 ], 
      [ 0, 1, 0, -1, -1, 0, -1, 2, 0, 1, 1, 0, 1, -2, 0, 0, 0, 0, 0, -1, 0, 
          -1, 2, 0, -1, 2, 0, 0, 2 ], 
      [ 0, -2, 2, 2, 2, 0, 0, 2, 1, 1, 1, 0, 0, 1, -1, -1, 0, 0, -1, -1, 0, 
          0, -1, 0, 0, -1, 0, 0, 0 ], 
      [ 0, 1, -1, -1, -1, 0, 0, 2, 1, 1, 1, 0, 0, -2, -1, -1, 0, 0, 2, -1, 0, 
          0, 2, 0, 0, 2, 0, 0, 0 ], 
      [ 0, 1, -1, 0, -1, 1, 0, 2, 1, 0, 1, -1, 0, -2, 0, -1, 1, 0, 2, 0, 0, 
          0, 0, 1, 0, 2, 0, -2, 0 ], 
      [ 0, -2, 2, 0, 0, -2, 2, 2, 1, 0, 0, -1, 1, 1, 0, 0, 1, -1, -1, 0, 0, 
          0, 0, 0, 0, 0, 1, 1, -1 ], 
      [ 0, 1, -1, 0, 0, 1, -1, 2, 1, 0, 0, -1, 1, -2, 0, 0, 1, -1, 2, 0, 0, 
          0, 0, 0, 0, 0, 1, -2, 2 ], 
      [ 0, 1, 0, -1, 0, 1, -1, 2, 0, 1, 0, -1, 1, -2, 0, 0, 0, 0, 0, 0, 1, 
          -1, 2, 0, 0, 0, 1, -2, 2 ], 
      [ 0, -2, 2, 0, 2, -2, 0, 2, 1, 0, 1, -1, 0, 1, 0, -1, 1, 0, -1, 0, 0, 
          0, 0, 1, 0, -1, 0, 1, 0 ], 
      [ 0, -2, 0, 2, 0, -2, 2, 2, 0, 1, 0, -1, 1, 1, 0, 0, 0, 0, 0, 0, 1, -1, 
          -1, 0, 0, 0, 1, 1, -1 ], 
      [ 0, 0, 0, 0, 0, 0, 0, 0, 1, 1, 1, -1, 1, -1, -1, -1, 1, -1, 1, -1, 1, 
          -1, 1, 1, -1, 1, 1, -1, 1 ], 
      [ 0, -1, 1, 1, 1, -1, 1, 0, 1, 1, 1, -1, 1, 0, -1, -1, 1, -1, 0, -1, 1, 
          -1, 0, 1, -1, 0, 1, 0, 0 ], 
      [ 0, 1, -1, -1, -1, 1, -1, 2, 1, 1, 1, -1, 1, -2, -1, -1, 1, -1, 2, -1, 
          1, -1, 2, 1, -1, 2, 1, -2, 2 ], 
      [ 0, -2, 2, 2, 2, -2, 2, 2, 1, 1, 1, -1, 1, 1, -1, -1, 1, -1, -1, -1, 
          1, -1, -1, 1, -1, -1, 1, 1, -1 ], 
      [ 0, -3, 3, 3, 3, -3, 3, 6, 1, 1, 1, -1, 1, 2, -1, -1, 1, -1, -2, -1, 
          1, -1, -2, 1, -1, -2, 1, 2, -2 ], 
      [ 0, 2, -2, -2, -2, 2, -2, 6, 1, 1, 1, -1, 1, -3, -1, -1, 1, -1, 3, -1, 
          1, -1, 3, 1, -1, 3, 1, -3, 3 ] ],
  ListIncidentSymbol := 
   [ [ 0, 0, 0, 0, 1, 1, -1, 0 ], [ -1, 0, 0, 0, 0, 0, 1, 1 ], 
      [ -1, 0, 0, 0, 0, 1, 0, 1 ], [ 0, 0, 0, 1, 0, 0, 1, -1 ], 
      [ 0, 1, 0, 0, 0, 1, -1, 0 ], [ -1, 1, 0, 0, 0, 0, 0, 1 ], 
      [ -1, 0, 0, 0, 1, 0, 0, 1 ], [ 1, 0, 0, 0, 0, 1, -1, 0 ], 
      [ -1, 0, 0, 1, 0, 0, 0, 1 ], [ 1, 0, -1, 0, 0, 1, 0, 0 ], 
      [ -1, 0, 1, 0, 0, 0, 0, 1 ], [ 1, 0, 0, 0, 0, 0, 1, -1 ], 
      [ 0, 1, -1, 0, 0, 1, 0, 0 ], [ 0, -1, 0, 1, 1, 0, 0, 0 ], 
      [ 0, 0, 1, 0, 1, 0, -1, 0 ], [ 0, 0, -1, 1, 0, 0, 1, 0 ], 
      [ 0, -1, 1, 0, 1, 0, 0, 0 ], [ 0, 0, 0, 0, 0, 1, -1, 1 ], 
      [ -1, 0, 0, 1, 1, 0, 0, 0 ], [ 0, -1, 0, 1, 0, 0, 1, 0 ], 
      [ 0, 0, -1, 1, 0, 1, 0, 0 ], [ -1, 0, 1, 0, 1, 0, 0, 0 ], 
      [ 0, 0, 0, 1, 1, 0, 0, -1 ], [ -1, 0, 0, 1, 0, 0, 1, 0 ], 
      [ 1, 0, 0, 0, 0, 1, 0, -1 ], [ 0, 0, 1, 0, 1, 0, 0, -1 ], 
      [ 1, 0, 0, 0, 1, 0, 0, -1 ], [ 1, 1, 0, 0, 0, 0, 0, -1 ], 
      [ 0, 0, -1, 0, 0, 1, 0, 1 ], [ 1, 0, 0, 1, 0, 0, 0, -1 ], 
      [ 1, 0, 1, 0, 0, 0, 0, -1 ], [ 1, 0, 0, 0, 1, 1, -1, -1 ], 
      [ -1, -1, 0, 1, 0, 0, 1, 1 ], [ -1, 1, -1, 0, 0, 1, 0, 1 ], 
      [ -1, 0, -1, 1, 0, 0, 1, 1 ], [ 1, 1, -1, 0, -1, 1, 0, 0 ], 
      [ -1, 0, 0, 0, 1, 1, -1, 1 ], [ 0, -1, 0, 1, 1, 0, 1, -1 ], 
      [ 1, 0, 1, 0, 1, 0, -1, -1 ], [ 1, -1, 0, 1, 0, 0, 1, -1 ], 
      [ -1, 1, 0, 0, 0, 1, -1, 1 ], [ -1, 0, 1, 0, 1, 0, -1, 1 ], 
      [ -1, -1, 0, 1, 1, 0, 1, 0 ], [ 1, 0, -1, 1, 0, 0, 1, -1 ], 
      [ 0, 1, -1, 0, 0, 1, -1, 1 ], [ 1, 1, -1, 0, 0, 1, 0, -1 ], 
      [ -1, 0, -1, 1, 0, 1, 0, 1 ], [ -1, -1, 0, 1, 1, 0, 0, 1 ], 
      [ 1, 1, 0, 0, 0, 1, -1, -1 ], [ -1, -1, 1, 0, 1, 0, 0, 1 ], 
      [ 0, 1, 0, -1, 0, 1, -1, 1 ], [ 1, 0, -1, 1, 0, 1, 0, -1 ], 
      [ 1, 1, -1, 0, 0, 1, -1, 0 ], [ 1, -1, 0, 1, 1, 0, 0, -1 ], 
      [ 1, -1, 1, 0, 1, 0, 0, -1 ], [ 0, 1, -1, 0, -1, 1, 0, 1 ], 
      [ 1, 1, 0, -1, 0, 1, -1, 0 ], [ -1, -1, 1, 1, 1, 0, 0, 0 ], 
      [ 0, -1, 1, 1, 1, 0, 0, -1 ], [ -2, -1, 0, 1, 1, 0, 1, 1 ], 
      [ 1, -1, 0, 1, 1, 0, 1, -2 ], [ -2, -1, 1, 1, 1, 0, 0, 1 ], 
      [ 1, -1, 1, 1, 1, 0, 0, -2 ], [ -1, 1, -1, 0, -1, 1, 0, 2 ], 
      [ 2, 1, -1, 0, 0, 1, -1, -1 ], [ -1, 1, -1, 0, 0, 1, -1, 2 ], 
      [ -1, 1, 0, -1, 0, 1, -1, 2 ], [ 2, 1, -1, 0, -1, 1, 0, -1 ], 
      [ 2, 1, 0, -1, 0, 1, -1, -1 ], [ 0, -1, 1, 1, 1, -1, 1, -1 ], 
      [ -1, -1, 1, 1, 1, -1, 1, 0 ], [ 1, -1, 1, 1, 1, -1, 1, -2 ], 
      [ -2, -1, 1, 1, 1, -1, 1, 1 ], [ -3, -1, 1, 1, 1, -1, 1, 2 ], 
      [ 2, -1, 1, 1, 1, -1, 1, -3 ] ],
  ListAdjacent := [ rec(
          DistVect := [ 0, 1, 0, 1, 0, 0, 0, 0, 1, 0, 1, 1, 1, 1, 1, 0, 0, 0, 
              0, 1, 1, 1, 1, 0, 0, 0, 0, 0, 0 ],
          eAdj := [ 1, 2, 3, 4, 5, 6, 7, 8, 9, 10, 11, 12, 13, 14, 15, 16, 
              18, 19, 20, 21, 22, 23, 24, 25, 26, 27, 28, 29, 30, 31, 32, 33, 
              34, 35, 36, 37, 38, 39, 40, 41, 42, 43, 44, 45, 46, 47, 48, 49, 
              51, 52, 53, 54, 56, 57, 58, 59, 60, 61, 62, 63, 64, 65, 66, 67, 
              68, 69, 70, 71, 72, 73, 74, 75 ] ), rec(
          DistVect := [ 0, 1, 1, 0, 0, 1, 1, 0, 0, 1, 1, 0, 0, 1, 1, 1, 0, 0, 
              1, 0, 1, 1, 0, 1, 1, 0, 0, 1, 1 ],
          eAdj := [ 1, 2, 3, 4, 5, 6, 7, 8, 9, 10, 11, 12, 13, 15, 16, 17, 
              18, 19, 20, 21, 22, 23, 24, 25, 26, 27, 28, 29, 30, 31, 32, 33, 
              34, 35, 36, 37, 38, 39, 40, 41, 42, 43, 44, 45, 46, 47, 49, 50, 
              51, 52, 53, 55, 56, 57, 58, 59, 60, 61, 62, 63, 64, 65, 66, 67, 
              68, 69, 70, 71, 72, 73, 74, 75 ] ), rec(
          DistVect := [ 0, 0, 0, 1, 0, 1, 0, 0, 0, 1, 0, 1, 0, 0, 1, 0, 1, 0, 
              0, 1, 0, 1, 1, 1, 0, 0, 1, 1, 0 ],
          eAdj := [ 1, 2, 3, 4, 5, 6, 7, 8, 9, 10, 11, 12, 13, 14, 15, 16, 
              17, 18, 19, 20, 22, 23, 24, 25, 26, 27, 28, 29, 30, 31, 32, 33, 
              34, 35, 36, 37, 38, 39, 40, 41, 42, 43, 44, 45, 46, 48, 49, 50, 
              51, 53, 54, 55, 56, 57, 58, 59, 60, 61, 62, 63, 64, 65, 66, 67, 
              68, 69, 70, 71, 72, 73, 74, 75 ] ), rec(
          DistVect := [ 0, 1, 1, 1, 0, 1, 0, 0, 0, 0, 1, 0, 1, 1, 0, 1, 0, 1, 
              1, 1, 0, 1, 1, 1, 0, 0, 1, 1, 0 ],
          eAdj := [ 1, 2, 3, 4, 6, 7, 8, 9, 10, 11, 12, 13, 14, 15, 16, 17, 
              18, 19, 20, 21, 22, 23, 24, 25, 26, 27, 28, 29, 30, 31, 32, 33, 
              34, 35, 36, 37, 38, 39, 40, 42, 43, 44, 45, 46, 47, 48, 50, 51, 
              52, 53, 54, 55, 56, 57, 58, 59, 60, 61, 62, 63, 64, 65, 66, 67, 
              68, 69, 70, 71, 72, 73, 74, 75 ] ), rec(
          DistVect := [ 0, 0, 1, 0, 0, 1, 0, 0, 1, 0, 0, 1, 0, 0, 1, 1, 0, 1, 
              1, 0, 1, 0, 0, 1, 0, 0, 1, 1, 0 ],
          eAdj := [ 1, 2, 3, 4, 5, 6, 7, 8, 9, 10, 11, 12, 13, 14, 15, 17, 
              18, 19, 20, 21, 22, 23, 24, 25, 26, 27, 28, 29, 30, 31, 32, 33, 
              34, 36, 37, 38, 39, 40, 41, 42, 43, 45, 46, 47, 48, 49, 50, 51, 
              52, 53, 54, 55, 56, 57, 58, 59, 60, 61, 62, 63, 64, 65, 66, 67, 
              68, 69, 70, 71, 72, 73, 74, 75 ] ), rec(
          DistVect := [ 0, 1, 1, 1, 0, 0, 0, 0, 0, 0, 1, 1, 1, 1, 0, 1, 1, 1, 
              1, 1, 1, 1, 1, 0, 0, 0, 0, 0, 0 ],
          eAdj := [ 1, 2, 3, 4, 5, 6, 7, 8, 9, 11, 12, 13, 14, 15, 16, 17, 
              18, 19, 20, 21, 22, 23, 24, 25, 26, 27, 28, 30, 31, 32, 33, 34, 
              35, 36, 37, 38, 39, 40, 41, 42, 43, 44, 45, 46, 47, 48, 49, 50, 
              51, 52, 53, 54, 55, 56, 57, 58, 59, 60, 61, 62, 63, 64, 65, 66, 
              67, 68, 69, 70, 71, 72, 73, 74, 75 ] ), rec(
          DistVect := [ 0, 1, 1, 0, 1, 1, 1, 0, 0, 1, 0, 0, 0, 1, 1, 0, 0, 0, 
              1, 1, 1, 1, 0, 0, 0, 1, 0, 1, 1 ],
          eAdj := [ 1, 2, 3, 4, 5, 6, 7, 8, 9, 10, 11, 12, 13, 14, 15, 16, 
              17, 18, 19, 20, 21, 23, 24, 25, 27, 28, 29, 30, 31, 32, 33, 34, 
              35, 36, 37, 38, 39, 40, 41, 42, 43, 44, 45, 46, 47, 48, 49, 50, 
              51, 52, 53, 54, 55, 56, 57, 58, 59, 60, 61, 62, 63, 64, 65, 66, 
              67, 68, 69, 70, 71, 72, 73, 74, 75 ] ), rec(
          DistVect := [ 0, 1, 0, 1, 1, 0, 0, 0, 1, 0, 0, 1, 1, 1, 1, 1, 0, 0, 
              0, 0, 1, 1, 1, 1, 1, 1, 0, 0, 0 ],
          eAdj := [ 1, 2, 3, 4, 5, 6, 7, 8, 9, 10, 11, 12, 13, 14, 15, 16, 
              17, 18, 20, 21, 22, 24, 25, 26, 27, 28, 29, 30, 31, 32, 33, 34, 
              35, 36, 37, 38, 39, 40, 41, 42, 43, 44, 45, 46, 47, 48, 49, 50, 
              51, 52, 53, 54, 55, 56, 57, 58, 59, 60, 61, 62, 63, 64, 65, 66, 
              67, 68, 69, 70, 71, 72, 73, 74, 75 ] ), rec(
          DistVect := [ 0, 4, 4, 4, 4, 5, 4, 3, 4, 4, 4, 7, 4, 5, 4, 8, 3, 4, 
              5, 8, 7, 8, 5, 7, 4, 5, 5, 8, 3 ],
          eAdj := [ 3, 4, 13, 14, 15, 16, 17, 18, 19, 20, 21, 22, 24, 29, 34, 
              37, 38, 41, 42, 43, 45, 47, 51, 56, 58, 70 ] ), rec(
          DistVect := [ 0, 4, 4, 4, 4, 5, 4, 3, 4, 4, 4, 7, 4, 5, 4, 8, 5, 4, 
              3, 8, 7, 8, 5, 7, 4, 5, 5, 8, 3 ],
          eAdj := [ 3, 4, 14, 15, 16, 17, 18, 19, 20, 22, 24, 26, 29, 34, 37, 
              38, 41, 43, 45, 47, 51, 56, 58, 59, 66, 70 ] ), rec(
          DistVect := [ 0, 4, 4, 7, 4, 5, 4, 3, 4, 5, 4, 7, 4, 5, 5, 8, 3, 4, 
              5, 7, 8, 7, 4, 9, 4, 3, 5, 8, 3 ],
          eAdj := [ 1, 3, 4, 13, 15, 17, 18, 21, 22, 23, 26, 29, 30, 34, 37, 
              38, 40, 41, 44, 45, 54, 56, 59, 61, 67, 72 ] ), rec(
          DistVect := [ 0, 7, 4, 4, 4, 5, 4, 3, 5, 5, 5, 8, 5, 4, 4, 8, 3, 4, 
              5, 8, 7, 8, 5, 7, 4, 5, 3, 8, 5 ],
          eAdj := [ 1, 3, 5, 13, 15, 16, 18, 19, 21, 22, 24, 28, 29, 33, 36, 
              37, 43, 47, 48, 50, 53, 57, 58, 60, 62, 71 ] ), rec(
          DistVect := [ 0, 4, 4, 4, 4, 5, 4, 3, 4, 4, 4, 7, 4, 5, 4, 8, 3, 4, 
              5, 8, 7, 8, 5, 7, 4, 5, 3, 8, 5 ],
          eAdj := [ 1, 3, 5, 13, 14, 15, 16, 17, 18, 19, 20, 21, 22, 24, 29, 
              34, 37, 41, 43, 45, 47, 51, 56, 58, 70, 71 ] ), rec(
          DistVect := [ 0, 7, 4, 4, 7, 5, 4, 3, 3, 5, 4, 8, 5, 4, 4, 7, 5, 4, 
              3, 9, 7, 8, 5, 8, 5, 4, 3, 8, 5 ],
          eAdj := [ 1, 3, 5, 13, 14, 16, 17, 18, 23, 24, 26, 27, 28, 29, 33, 
              35, 39, 43, 45, 47, 53, 56, 57, 58, 59, 70 ] ), rec(
          DistVect := [ 0, 7, 4, 4, 7, 5, 4, 3, 5, 5, 4, 8, 5, 4, 4, 9, 3, 4, 
              5, 9, 7, 8, 5, 8, 5, 4, 3, 8, 5 ],
          eAdj := [ 1, 3, 5, 13, 14, 15, 16, 17, 18, 21, 23, 24, 26, 27, 28, 
              29, 33, 39, 43, 47, 53, 56, 57, 58, 70, 71 ] ), rec(
          DistVect := [ 0, 7, 7, 5, 5, 7, 5, 3, 4, 4, 4, 8, 4, 4, 4, 8, 4, 4, 
              4, 8, 8, 8, 4, 8, 4, 4, 4, 8, 4 ],
          eAdj := [ 1, 4, 5, 13, 14, 15, 16, 17, 18, 20, 21, 23, 26, 28, 29, 
              31, 38, 39, 43, 45, 47, 51, 56, 57, 59, 70 ] ), rec(
          DistVect := [ 0, 7, 5, 5, 5, 7, 5, 3, 4, 4, 4, 8, 4, 4, 4, 8, 4, 4, 
              4, 8, 8, 8, 4, 8, 4, 4, 4, 8, 4 ],
          eAdj := [ 1, 4, 5, 13, 14, 15, 16, 17, 18, 20, 21, 23, 26, 28, 29, 
              36, 38, 43, 45, 51, 53, 56, 57, 58, 59, 70 ] ), rec(
          DistVect := [ 0, 5, 7, 7, 3, 7, 5, 3, 4, 4, 4, 8, 4, 4, 4, 8, 4, 4, 
              4, 8, 8, 8, 4, 8, 4, 4, 4, 8, 4 ],
          eAdj := [ 1, 4, 5, 13, 14, 15, 16, 17, 18, 20, 21, 23, 26, 29, 30, 
              31, 34, 37, 38, 40, 45, 51, 56, 59, 70, 72 ] ), rec(
          DistVect := [ 0, 7, 7, 7, 3, 7, 5, 3, 4, 4, 4, 8, 4, 4, 4, 8, 4, 4, 
              4, 8, 8, 8, 4, 8, 4, 4, 4, 8, 4 ],
          eAdj := [ 1, 4, 5, 13, 14, 15, 16, 17, 18, 20, 21, 23, 26, 28, 29, 
              30, 31, 36, 37, 38, 43, 45, 51, 56, 59, 70 ] ), rec(
          DistVect := [ 0, 5, 7, 5, 3, 7, 5, 3, 4, 4, 4, 8, 4, 4, 4, 8, 4, 4, 
              4, 8, 8, 8, 4, 8, 4, 4, 4, 8, 4 ],
          eAdj := [ 1, 4, 5, 13, 14, 15, 16, 17, 18, 19, 20, 21, 23, 26, 29, 
              31, 34, 37, 38, 43, 45, 47, 51, 56, 59, 70 ] ), rec(
          DistVect := [ 0, 5, 5, 7, 3, 7, 5, 3, 4, 4, 4, 8, 4, 4, 4, 8, 4, 4, 
              4, 8, 8, 8, 4, 8, 4, 4, 4, 8, 4 ],
          eAdj := [ 1, 4, 5, 13, 14, 15, 16, 17, 18, 20, 21, 22, 23, 26, 29, 
              30, 36, 37, 38, 40, 44, 45, 51, 56, 59, 70 ] ), rec(
          DistVect := [ 0, 3, 5, 5, 3, 7, 5, 3, 4, 4, 4, 8, 4, 4, 4, 8, 4, 4, 
              4, 8, 8, 8, 4, 8, 4, 4, 4, 8, 4 ],
          eAdj := [ 1, 4, 5, 13, 14, 15, 16, 17, 18, 19, 20, 21, 22, 23, 26, 
              29, 34, 37, 38, 40, 41, 45, 51, 56, 59, 70 ] ), rec(
          DistVect := [ 0, 5, 5, 5, 3, 7, 5, 3, 4, 4, 4, 8, 4, 4, 4, 8, 4, 4, 
              4, 8, 8, 8, 4, 8, 4, 4, 4, 8, 4 ],
          eAdj := [ 1, 4, 5, 13, 14, 15, 16, 17, 18, 19, 20, 21, 22, 23, 26, 
              29, 36, 37, 38, 43, 45, 51, 56, 58, 59, 70 ] ), rec(
          DistVect := [ 0, 7, 3, 5, 7, 5, 5, 3, 4, 4, 4, 8, 4, 4, 4, 8, 4, 4, 
              4, 8, 8, 8, 4, 8, 4, 4, 4, 8, 4 ],
          eAdj := [ 1, 3, 4, 5, 13, 14, 15, 16, 17, 18, 20, 21, 23, 26, 27, 
              28, 29, 38, 44, 45, 51, 53, 56, 58, 59, 70 ] ), rec(
          DistVect := [ 0, 7, 5, 5, 7, 5, 5, 3, 4, 4, 4, 8, 4, 4, 4, 8, 4, 4, 
              4, 8, 8, 8, 4, 8, 4, 4, 4, 8, 4 ],
          eAdj := [ 1, 3, 4, 5, 13, 14, 15, 16, 17, 18, 20, 21, 23, 26, 27, 
              28, 29, 38, 39, 45, 47, 51, 56, 59, 70, 72 ] ), rec(
          DistVect := [ 0, 7, 5, 5, 5, 5, 5, 3, 4, 4, 4, 8, 4, 4, 4, 8, 4, 4, 
              4, 8, 8, 8, 4, 8, 4, 4, 4, 8, 4 ],
          eAdj := [ 1, 3, 4, 5, 13, 14, 15, 16, 17, 18, 20, 21, 23, 26, 28, 
              29, 37, 38, 43, 45, 47, 51, 56, 58, 59, 70 ] ), rec(
          DistVect := [ 0, 5, 5, 5, 5, 5, 5, 3, 4, 4, 4, 8, 4, 4, 4, 8, 4, 4, 
              4, 8, 8, 8, 4, 8, 4, 4, 4, 8, 4 ],
          eAdj := [ 1, 3, 4, 5, 13, 14, 15, 16, 17, 18, 20, 21, 23, 26, 29, 
              34, 37, 38, 41, 45, 47, 51, 56, 59, 70, 72 ] ), rec(
          DistVect := [ 0, 5, 3, 5, 5, 5, 5, 3, 4, 4, 4, 8, 4, 4, 4, 8, 4, 4, 
              4, 8, 8, 8, 4, 8, 4, 4, 4, 8, 4 ],
          eAdj := [ 1, 3, 4, 5, 13, 14, 15, 16, 17, 18, 20, 21, 22, 23, 26, 
              29, 37, 38, 41, 44, 45, 51, 56, 58, 59, 70 ] ), rec(
          DistVect := [ 0, 5, 5, 7, 3, 5, 3, 3, 4, 4, 4, 8, 4, 4, 4, 8, 4, 4, 
              4, 8, 8, 8, 4, 8, 4, 4, 4, 8, 4 ],
          eAdj := [ 1, 3, 4, 5, 13, 14, 15, 16, 17, 18, 20, 21, 22, 23, 26, 
              29, 30, 34, 37, 38, 43, 45, 51, 56, 59, 70 ] ), rec(
          DistVect := [ 0, 5, 3, 5, 5, 5, 3, 3, 4, 4, 4, 8, 4, 4, 4, 8, 4, 4, 
              4, 8, 8, 8, 4, 8, 4, 4, 4, 8, 4 ],
          eAdj := [ 1, 3, 4, 5, 13, 14, 15, 16, 17, 18, 20, 21, 22, 23, 24, 
              26, 29, 38, 43, 45, 51, 53, 56, 58, 59, 70 ] ), rec(
          DistVect := [ 0, 4, 4, 4, 4, 5, 4, 3, 4, 4, 4, 5, 4, 7, 4, 8, 3, 4, 
              5, 8, 7, 8, 5, 7, 4, 5, 3, 8, 5 ],
          eAdj := [ 1, 3, 6, 14, 15, 16, 17, 18, 19, 20, 21, 22, 24, 29, 34, 
              37, 38, 41, 43, 45, 47, 51, 56, 58, 59, 70 ] ), rec(
          DistVect := [ 0, 4, 4, 4, 7, 5, 4, 3, 4, 4, 7, 5, 4, 7, 4, 7, 5, 4, 
              3, 9, 7, 8, 5, 8, 5, 4, 3, 8, 5 ],
          eAdj := [ 1, 3, 6, 16, 18, 20, 23, 24, 26, 27, 29, 34, 35, 38, 39, 
              41, 45, 47, 51, 54, 55, 59, 63, 64, 66, 72 ] ), rec(
          DistVect := [ 0, 4, 4, 4, 7, 5, 4, 3, 4, 4, 7, 5, 4, 7, 4, 9, 3, 4, 
              5, 9, 7, 8, 5, 8, 5, 4, 3, 8, 5 ],
          eAdj := [ 1, 3, 6, 15, 16, 18, 20, 21, 23, 24, 26, 27, 29, 34, 38, 
              39, 41, 45, 47, 51, 54, 55, 59, 64, 70, 72 ] ), rec(
          DistVect := [ 0, 4, 5, 5, 5, 7, 5, 3, 5, 5, 5, 7, 5, 7, 4, 8, 4, 4, 
              4, 8, 8, 8, 4, 8, 4, 4, 4, 8, 4 ],
          eAdj := [ 1, 4, 6, 15, 16, 18, 21, 23, 26, 29, 34, 38, 40, 41, 45, 
              51, 54, 55, 56, 59, 61, 63, 64, 66, 67, 72 ] ), rec(
          DistVect := [ 0, 4, 7, 5, 5, 7, 5, 3, 7, 5, 5, 7, 5, 7, 4, 8, 4, 4, 
              4, 8, 8, 8, 4, 8, 4, 4, 4, 8, 4 ],
          eAdj := [ 1, 4, 6, 15, 16, 18, 21, 23, 26, 29, 31, 34, 38, 39, 40, 
              41, 47, 51, 54, 55, 61, 63, 64, 66, 67, 72 ] ), rec(
          DistVect := [ 0, 4, 7, 7, 3, 7, 5, 3, 7, 7, 3, 7, 5, 7, 4, 8, 4, 4, 
              4, 8, 8, 8, 4, 8, 4, 4, 4, 8, 4 ],
          eAdj := [ 1, 4, 6, 15, 16, 18, 21, 23, 26, 29, 30, 31, 34, 37, 38, 
              40, 41, 54, 55, 56, 61, 63, 64, 66, 67, 72 ] ), rec(
          DistVect := [ 0, 4, 3, 5, 7, 5, 5, 3, 3, 5, 7, 5, 5, 7, 4, 8, 4, 4, 
              4, 8, 8, 8, 4, 8, 4, 4, 4, 8, 4 ],
          eAdj := [ 1, 3, 4, 6, 15, 16, 18, 21, 23, 26, 27, 29, 34, 40, 41, 
              44, 45, 54, 55, 59, 61, 63, 64, 66, 67, 72 ] ), rec(
          DistVect := [ 0, 4, 5, 5, 7, 5, 5, 3, 5, 5, 7, 5, 5, 7, 4, 8, 4, 4, 
              4, 8, 8, 8, 4, 8, 4, 4, 4, 8, 4 ],
          eAdj := [ 1, 3, 4, 6, 15, 16, 18, 21, 23, 26, 27, 29, 34, 39, 40, 
              41, 47, 54, 55, 61, 63, 64, 66, 67, 72, 75 ] ), rec(
          DistVect := [ 0, 4, 5, 5, 5, 5, 5, 3, 5, 5, 5, 5, 5, 7, 4, 8, 4, 4, 
              4, 8, 8, 8, 4, 8, 4, 4, 4, 8, 4 ],
          eAdj := [ 1, 3, 4, 6, 15, 16, 18, 21, 23, 26, 29, 34, 37, 38, 40, 
              41, 47, 54, 55, 59, 61, 63, 64, 66, 67, 72 ] ), rec(
          DistVect := [ 0, 7, 4, 4, 4, 5, 4, 3, 3, 5, 7, 8, 5, 4, 4, 8, 5, 4, 
              3, 8, 7, 8, 5, 5, 4, 7, 3, 8, 5 ],
          eAdj := [ 3, 5, 7, 13, 15, 16, 18, 19, 22, 24, 28, 29, 33, 35, 36, 
              37, 45, 47, 48, 50, 53, 57, 58, 60, 62, 71 ] ), rec(
          DistVect := [ 0, 7, 4, 4, 4, 5, 4, 3, 5, 5, 7, 8, 5, 4, 4, 8, 3, 4, 
              5, 8, 7, 8, 5, 5, 4, 7, 3, 8, 5 ],
          eAdj := [ 3, 5, 7, 13, 15, 16, 18, 19, 21, 22, 24, 28, 29, 33, 36, 
              37, 42, 47, 48, 50, 53, 57, 60, 62, 71, 73 ] ), rec(
          DistVect := [ 0, 7, 3, 5, 4, 5, 5, 3, 4, 4, 7, 8, 4, 4, 4, 7, 4, 4, 
              4, 9, 8, 8, 4, 5, 5, 7, 4, 8, 4 ],
          eAdj := [ 3, 4, 5, 7, 13, 16, 18, 19, 20, 21, 22, 28, 29, 36, 37, 
              42, 43, 44, 45, 48, 50, 51, 53, 58, 62, 71 ] ), rec(
          DistVect := [ 0, 7, 5, 5, 4, 5, 5, 3, 4, 4, 7, 8, 4, 4, 4, 9, 4, 4, 
              4, 9, 8, 8, 4, 5, 5, 7, 4, 8, 4 ],
          eAdj := [ 3, 4, 5, 7, 13, 15, 16, 18, 19, 20, 21, 22, 28, 29, 36, 
              37, 42, 43, 45, 47, 48, 50, 51, 58, 70, 71 ] ), rec(
          DistVect := [ 0, 5, 3, 3, 4, 5, 5, 3, 4, 4, 5, 8, 4, 4, 4, 7, 4, 4, 
              4, 7, 8, 8, 4, 5, 5, 7, 4, 8, 4 ],
          eAdj := [ 3, 4, 5, 7, 13, 16, 18, 19, 20, 21, 22, 24, 29, 36, 37, 
              41, 42, 43, 45, 47, 48, 50, 51, 58, 62, 71 ] ), rec(
          DistVect := [ 0, 4, 4, 4, 4, 5, 4, 3, 4, 4, 4, 7, 4, 5, 4, 8, 5, 4, 
              3, 8, 9, 8, 3, 5, 4, 7, 3, 8, 5 ],
          eAdj := [ 3, 4, 5, 7, 14, 15, 16, 17, 18, 19, 20, 21, 22, 24, 29, 
              34, 37, 41, 43, 45, 47, 51, 56, 58, 59, 70 ] ), rec(
          DistVect := [ 0, 4, 4, 4, 4, 5, 4, 3, 4, 4, 4, 5, 4, 7, 4, 8, 5, 4, 
              3, 8, 7, 8, 5, 5, 4, 7, 3, 8, 5 ],
          eAdj := [ 3, 6, 7, 14, 15, 16, 17, 18, 19, 20, 22, 24, 29, 34, 35, 
              37, 41, 43, 45, 47, 51, 56, 58, 59, 66, 70 ] ), rec(
          DistVect := [ 0, 4, 4, 4, 4, 5, 4, 3, 4, 4, 4, 5, 4, 7, 4, 8, 3, 4, 
              5, 8, 7, 8, 5, 5, 4, 7, 3, 8, 5 ],
          eAdj := [ 3, 6, 7, 14, 15, 16, 17, 18, 19, 20, 21, 22, 24, 29, 34, 
              37, 41, 42, 43, 45, 47, 51, 56, 58, 70, 71 ] ), rec(
          DistVect := [ 0, 4, 3, 5, 4, 5, 5, 3, 3, 5, 4, 5, 5, 7, 4, 7, 4, 4, 
              4, 9, 8, 8, 4, 5, 5, 7, 4, 8, 4 ],
          eAdj := [ 3, 4, 6, 7, 14, 16, 17, 18, 19, 21, 22, 29, 34, 37, 38, 
              40, 41, 42, 44, 45, 56, 58, 59, 66, 67, 70 ] ), rec(
          DistVect := [ 0, 4, 5, 5, 4, 5, 5, 3, 5, 5, 4, 5, 5, 7, 4, 9, 4, 4, 
              4, 9, 8, 8, 4, 5, 5, 7, 4, 8, 4 ],
          eAdj := [ 3, 4, 6, 7, 14, 15, 16, 17, 18, 19, 21, 22, 29, 34, 37, 
              38, 40, 41, 42, 47, 56, 59, 66, 67, 70, 72 ] ), rec(
          DistVect := [ 0, 7, 7, 4, 4, 8, 4, 3, 4, 5, 5, 7, 5, 4, 5, 9, 3, 5, 
              4, 8, 8, 8, 5, 8, 4, 5, 4, 7, 5 ],
          eAdj := [ 1, 8, 13, 15, 17, 19, 21, 24, 26, 28, 29, 31, 33, 35, 36, 
              39, 43, 47, 48, 49, 53, 57, 58, 60, 69, 71 ] ), rec(
          DistVect := [ 0, 7, 5, 3, 7, 7, 4, 3, 4, 4, 4, 8, 7, 4, 4, 8, 4, 5, 
              4, 8, 8, 7, 4, 8, 7, 4, 3, 8, 7 ],
          eAdj := [ 2, 8, 13, 14, 17, 21, 23, 24, 26, 27, 28, 29, 32, 33, 35, 
              39, 43, 47, 49, 53, 56, 57, 58, 59, 69, 71 ] ), rec(
          DistVect := [ 0, 7, 7, 4, 4, 8, 4, 3, 4, 5, 5, 7, 7, 4, 5, 9, 3, 7, 
              4, 8, 8, 8, 5, 8, 4, 5, 4, 7, 7 ],
          eAdj := [ 1, 2, 8, 13, 17, 19, 21, 24, 26, 28, 29, 31, 32, 33, 35, 
              36, 39, 47, 48, 49, 53, 58, 60, 69, 71, 73 ] ), rec(
          DistVect := [ 0, 7, 7, 5, 5, 7, 4, 3, 4, 4, 4, 8, 7, 4, 4, 8, 4, 7, 
              4, 8, 8, 9, 4, 8, 5, 4, 3, 8, 7 ],
          eAdj := [ 1, 2, 8, 13, 14, 17, 21, 23, 24, 26, 28, 29, 31, 32, 33, 
              35, 39, 43, 47, 49, 53, 56, 57, 59, 70, 71 ] ), rec(
          DistVect := [ 0, 7, 5, 5, 5, 7, 4, 3, 4, 4, 4, 8, 7, 4, 4, 8, 4, 5, 
              4, 8, 8, 9, 4, 8, 5, 4, 3, 8, 7 ],
          eAdj := [ 1, 2, 8, 13, 14, 16, 17, 21, 23, 24, 26, 28, 29, 32, 33, 
              35, 36, 39, 43, 49, 53, 56, 57, 58, 59, 71 ] ), rec(
          DistVect := [ 0, 5, 7, 5, 3, 9, 4, 3, 4, 4, 4, 8, 5, 4, 4, 8, 4, 7, 
              4, 8, 8, 9, 4, 8, 3, 4, 5, 8, 7 ],
          eAdj := [ 1, 2, 8, 13, 14, 17, 19, 20, 21, 23, 24, 26, 29, 31, 32, 
              33, 35, 36, 39, 43, 49, 53, 56, 57, 59, 71 ] ), rec(
          DistVect := [ 0, 7, 7, 7, 4, 8, 4, 3, 4, 4, 3, 7, 5, 4, 4, 7, 3, 5, 
              4, 7, 7, 9, 4, 8, 4, 3, 4, 7, 5 ],
          eAdj := [ 1, 4, 8, 13, 14, 16, 17, 20, 21, 23, 26, 28, 29, 30, 31, 
              32, 36, 38, 39, 43, 49, 53, 56, 57, 59, 70 ] ), rec(
          DistVect := [ 0, 4, 7, 4, 4, 8, 4, 3, 5, 4, 4, 8, 4, 5, 5, 7, 5, 5, 
              4, 8, 8, 8, 5, 8, 4, 3, 4, 9, 5 ],
          eAdj := [ 1, 5, 8, 14, 18, 19, 20, 23, 24, 26, 29, 31, 34, 35, 38, 
              39, 43, 45, 47, 51, 55, 56, 57, 59, 64, 70 ] ), rec(
          DistVect := [ 0, 4, 7, 4, 4, 8, 4, 3, 5, 4, 4, 8, 4, 5, 5, 7, 3, 5, 
              4, 8, 8, 8, 5, 8, 4, 3, 4, 7, 5 ],
          eAdj := [ 1, 5, 8, 13, 14, 19, 20, 21, 23, 24, 26, 29, 31, 32, 34, 
              35, 38, 39, 43, 45, 47, 55, 56, 57, 59, 70 ] ), rec(
          DistVect := [ 0, 4, 7, 4, 4, 8, 4, 3, 5, 4, 4, 8, 4, 5, 5, 7, 5, 7, 
              4, 8, 8, 8, 5, 8, 4, 3, 4, 9, 7 ],
          eAdj := [ 1, 2, 5, 8, 14, 19, 20, 23, 24, 26, 29, 31, 32, 33, 34, 
              35, 39, 43, 45, 47, 55, 56, 57, 59, 64, 70 ] ), rec(
          DistVect := [ 0, 5, 5, 5, 5, 7, 4, 3, 4, 4, 4, 8, 5, 4, 4, 8, 4, 5, 
              4, 8, 8, 9, 4, 8, 5, 4, 3, 8, 7 ],
          eAdj := [ 1, 2, 5, 8, 13, 14, 16, 17, 20, 21, 23, 24, 26, 29, 32, 
              33, 35, 39, 43, 49, 53, 56, 57, 59, 70, 71 ] ), rec(
          DistVect := [ 0, 4, 7, 7, 4, 8, 4, 3, 5, 5, 4, 8, 4, 5, 4, 7, 3, 3, 
              4, 7, 7, 7, 4, 8, 4, 3, 4, 7, 3 ],
          eAdj := [ 1, 4, 5, 8, 13, 15, 16, 18, 21, 23, 26, 29, 30, 31, 34, 
              38, 39, 40, 45, 51, 54, 55, 56, 61, 63, 72 ] ), rec(
          DistVect := [ 0, 4, 7, 7, 4, 8, 4, 3, 5, 5, 4, 8, 4, 5, 4, 7, 3, 5, 
              4, 7, 7, 9, 4, 8, 4, 3, 4, 7, 5 ],
          eAdj := [ 1, 4, 5, 8, 13, 16, 20, 21, 23, 26, 29, 30, 31, 32, 34, 
              38, 39, 40, 45, 51, 54, 55, 56, 63, 70, 72 ] ), rec(
          DistVect := [ 0, 5, 7, 7, 3, 7, 3, 3, 4, 4, 4, 8, 4, 4, 4, 8, 4, 4, 
              4, 8, 8, 8, 4, 8, 4, 4, 4, 8, 4 ],
          eAdj := [ 1, 4, 5, 8, 13, 14, 15, 16, 17, 18, 20, 21, 23, 26, 29, 
              30, 31, 34, 38, 39, 43, 45, 51, 56, 59, 70 ] ), rec(
          DistVect := [ 0, 5, 7, 5, 3, 9, 5, 3, 4, 4, 4, 8, 4, 4, 4, 8, 4, 4, 
              4, 8, 8, 8, 4, 8, 4, 4, 4, 8, 4 ],
          eAdj := [ 1, 4, 5, 8, 13, 14, 15, 16, 17, 18, 19, 20, 21, 23, 26, 
              29, 31, 36, 38, 43, 45, 51, 56, 57, 59, 70 ] ), rec(
          DistVect := [ 0, 5, 5, 7, 3, 7, 3, 3, 4, 4, 4, 8, 4, 4, 4, 8, 4, 4, 
              4, 8, 8, 8, 4, 8, 4, 4, 4, 8, 4 ],
          eAdj := [ 1, 4, 5, 8, 13, 14, 15, 16, 17, 18, 20, 21, 22, 23, 26, 
              29, 30, 36, 38, 43, 45, 51, 53, 56, 59, 70 ] ), rec(
          DistVect := [ 0, 5, 5, 5, 5, 7, 3, 3, 4, 4, 4, 8, 4, 4, 4, 8, 4, 4, 
              4, 8, 8, 8, 4, 8, 4, 4, 4, 8, 4 ],
          eAdj := [ 1, 4, 5, 8, 13, 14, 15, 16, 17, 18, 20, 21, 23, 24, 26, 
              29, 38, 39, 43, 45, 51, 53, 56, 57, 59, 70 ] ), rec(
          DistVect := [ 0, 3, 5, 5, 3, 7, 3, 3, 4, 4, 4, 8, 4, 4, 4, 8, 4, 4, 
              4, 8, 8, 8, 4, 8, 4, 4, 4, 8, 4 ],
          eAdj := [ 1, 4, 5, 8, 13, 14, 15, 16, 17, 18, 19, 20, 21, 22, 23, 
              24, 26, 29, 34, 38, 43, 45, 51, 56, 59, 70 ] ), rec(
          DistVect := [ 0, 4, 5, 3, 7, 7, 4, 3, 5, 3, 7, 7, 4, 7, 4, 8, 4, 5, 
              4, 8, 8, 7, 4, 8, 7, 4, 3, 8, 7 ],
          eAdj := [ 2, 5, 6, 8, 20, 21, 23, 24, 26, 27, 29, 32, 34, 35, 38, 
              39, 45, 47, 51, 54, 55, 57, 59, 63, 64, 70 ] ), rec(
          DistVect := [ 0, 4, 7, 7, 4, 8, 4, 3, 7, 7, 4, 8, 4, 7, 4, 7, 3, 5, 
              4, 7, 7, 9, 4, 8, 4, 3, 4, 7, 5 ],
          eAdj := [ 1, 4, 5, 6, 8, 16, 21, 23, 26, 29, 30, 31, 32, 34, 38, 
              39, 40, 45, 51, 54, 55, 56, 61, 63, 64, 72 ] ), rec(
          DistVect := [ 0, 7, 7, 4, 3, 7, 5, 3, 4, 7, 4, 8, 4, 4, 7, 8, 4, 4, 
              4, 7, 7, 9, 7, 8, 4, 4, 4, 8, 4 ],
          eAdj := [ 1, 5, 9, 13, 15, 17, 18, 19, 24, 26, 28, 29, 31, 33, 35, 
              36, 37, 43, 45, 47, 48, 56, 57, 58, 60, 71 ] ), rec(
          DistVect := [ 0, 5, 7, 4, 3, 7, 5, 3, 4, 5, 4, 8, 4, 4, 7, 8, 4, 4, 
              4, 7, 7, 9, 7, 8, 4, 4, 4, 8, 4 ],
          eAdj := [ 1, 5, 9, 13, 15, 17, 18, 19, 20, 24, 26, 29, 31, 33, 34, 
              35, 37, 43, 45, 47, 48, 56, 57, 58, 70, 71 ] ), rec(
          DistVect := [ 0, 5, 5, 4, 3, 7, 5, 3, 4, 5, 4, 8, 4, 4, 5, 8, 4, 4, 
              4, 7, 7, 9, 7, 8, 4, 4, 4, 8, 4 ],
          eAdj := [ 1, 5, 9, 13, 15, 16, 17, 18, 19, 20, 22, 24, 26, 29, 33, 
              35, 36, 37, 43, 45, 47, 48, 56, 57, 58, 71 ] ), rec(
          DistVect := [ 0, 4, 7, 4, 3, 7, 5, 3, 7, 4, 3, 7, 5, 7, 7, 8, 4, 4, 
              4, 7, 7, 9, 7, 8, 4, 4, 4, 8, 4 ],
          eAdj := [ 1, 6, 9, 14, 15, 18, 19, 20, 24, 26, 29, 31, 34, 35, 37, 
              38, 41, 43, 47, 51, 55, 56, 59, 64, 66, 70 ] ), rec(
          DistVect := [ 0, 5, 7, 4, 3, 7, 3, 3, 4, 5, 4, 8, 4, 4, 7, 8, 4, 4, 
              4, 7, 7, 7, 7, 8, 4, 4, 4, 8, 4 ],
          eAdj := [ 1, 5, 8, 9, 13, 15, 17, 18, 19, 24, 26, 29, 31, 33, 34, 
              35, 39, 43, 45, 47, 48, 56, 57, 58, 60, 71 ] ), rec(
          DistVect := [ 0, 4, 7, 4, 4, 8, 4, 3, 5, 4, 4, 8, 4, 5, 7, 7, 3, 5, 
              4, 8, 8, 8, 7, 8, 4, 3, 4, 7, 5 ],
          eAdj := [ 1, 5, 8, 9, 13, 14, 19, 20, 24, 26, 29, 31, 32, 33, 34, 
              35, 39, 43, 45, 47, 55, 56, 57, 59, 70, 71 ] ), rec(
          DistVect := [ 0, 4, 7, 4, 4, 8, 4, 3, 5, 4, 4, 8, 4, 5, 7, 7, 3, 3, 
              4, 8, 8, 8, 7, 8, 4, 3, 4, 7, 3 ],
          eAdj := [ 1, 5, 8, 9, 13, 14, 15, 18, 19, 20, 24, 26, 29, 31, 34, 
              35, 38, 39, 43, 45, 47, 55, 56, 57, 59, 70 ] ), rec(
          DistVect := [ 0, 5, 5, 4, 3, 7, 3, 3, 4, 5, 4, 8, 4, 4, 5, 8, 4, 4, 
              4, 7, 7, 7, 7, 8, 4, 4, 4, 8, 4 ],
          eAdj := [ 1, 5, 8, 9, 13, 15, 17, 18, 19, 22, 24, 26, 29, 33, 35, 
              36, 43, 45, 47, 48, 53, 56, 57, 58, 60, 71 ] ), rec(
          DistVect := [ 0, 4, 4, 4, 4, 8, 4, 3, 4, 4, 4, 8, 4, 3, 4, 8, 4, 4, 
              5, 8, 8, 8, 5, 8, 4, 3, 4, 9, 5 ],
          eAdj := [ 1, 5, 8, 10, 13, 14, 15, 16, 17, 18, 19, 20, 21, 22, 23, 
              24, 26, 29, 33, 36, 43, 53, 56, 57, 58, 71 ] ), rec(
          DistVect := [ 0, 4, 4, 4, 4, 8, 4, 3, 4, 4, 4, 8, 4, 5, 4, 8, 4, 4, 
              5, 8, 8, 8, 5, 8, 4, 5, 4, 7, 7 ],
          eAdj := [ 1, 2, 5, 8, 10, 13, 14, 15, 16, 17, 19, 20, 21, 22, 24, 
              32, 33, 35, 36, 43, 49, 53, 57, 58, 71, 73 ] ), rec(
          DistVect := [ 0, 7, 4, 4, 4, 8, 4, 3, 7, 5, 5, 7, 7, 4, 4, 8, 4, 4, 
              7, 8, 8, 8, 5, 8, 4, 5, 4, 7, 7 ],
          eAdj := [ 1, 2, 8, 10, 11, 15, 16, 19, 21, 22, 24, 28, 32, 33, 46, 
              48, 49, 50, 52, 60, 62, 65, 68, 69, 73, 74 ] ), rec(
          DistVect := [ 0, 5, 4, 5, 3, 9, 4, 3, 5, 4, 4, 8, 5, 4, 5, 7, 5, 4, 
              7, 8, 8, 9, 4, 8, 3, 4, 5, 8, 7 ],
          eAdj := [ 1, 2, 8, 10, 11, 14, 15, 16, 19, 20, 22, 23, 24, 32, 33, 
              36, 43, 46, 49, 50, 52, 57, 58, 65, 68, 73 ] ), rec(
          DistVect := [ 0, 7, 4, 5, 5, 7, 4, 3, 7, 4, 4, 8, 7, 4, 5, 9, 3, 4, 
              7, 8, 8, 9, 4, 8, 5, 4, 3, 8, 7 ],
          eAdj := [ 1, 2, 8, 10, 11, 14, 15, 16, 21, 22, 23, 24, 28, 32, 33, 
              36, 43, 46, 49, 50, 52, 57, 58, 65, 71, 73 ] ), rec(
          DistVect := [ 0, 4, 4, 4, 4, 8, 4, 3, 4, 4, 4, 8, 4, 5, 4, 8, 4, 4, 
              7, 8, 8, 8, 5, 8, 4, 3, 4, 9, 7 ],
          eAdj := [ 1, 2, 5, 8, 10, 11, 13, 14, 15, 16, 17, 19, 20, 21, 22, 
              23, 24, 32, 33, 36, 43, 53, 56, 57, 58, 71 ] ), rec(
          DistVect := [ 0, 4, 4, 4, 4, 8, 4, 3, 4, 4, 4, 8, 4, 7, 4, 8, 4, 4, 
              7, 8, 8, 8, 5, 8, 4, 5, 4, 7, 7 ],
          eAdj := [ 1, 2, 5, 6, 8, 10, 11, 13, 14, 15, 16, 17, 19, 20, 21, 
              22, 24, 32, 36, 43, 52, 53, 57, 58, 71, 73 ] ), rec(
          DistVect := [ 0, 4, 4, 5, 5, 7, 4, 3, 4, 5, 5, 7, 4, 7, 5, 9, 3, 4, 
              7, 8, 8, 9, 4, 8, 5, 4, 3, 8, 7 ],
          eAdj := [ 1, 2, 5, 6, 8, 10, 11, 13, 15, 16, 17, 20, 21, 22, 23, 
              24, 32, 38, 51, 52, 53, 54, 56, 59, 70, 71 ] ), rec(
          DistVect := [ 0, 2, 2, 1, 2, 2, 1, 1, 1, 1, 1, 2, 2, 1, 1, 2, 1, 2, 
              1, 2, 2, 2, 1, 2, 2, 1, 1, 2, 2 ],
          eAdj := [ 2, 8, 13, 14, 17, 21, 23, 24, 26, 27, 28, 29, 31, 32, 33, 
              35, 39, 43, 47, 49, 53, 55, 56, 57, 59, 69, 70, 71 ] ), rec(
          DistVect := [ 0, 1, 2, 1, 2, 2, 1, 1, 2, 1, 2, 2, 1, 2, 1, 2, 1, 2, 
              1, 2, 2, 2, 1, 2, 2, 1, 1, 2, 2 ],
          eAdj := [ 2, 5, 6, 8, 20, 21, 23, 24, 26, 27, 29, 31, 32, 34, 35, 
              38, 39, 45, 47, 51, 54, 55, 57, 63, 64, 70, 72 ] ), rec(
          DistVect := [ 0, 1, 1, 1, 1, 3, 1, 1, 1, 1, 1, 2, 1, 1, 1, 2, 2, 1, 
              2, 2, 2, 2, 1, 2, 1, 1, 2, 2, 2 ],
          eAdj := [ 2, 8, 10, 11, 14, 15, 16, 17, 19, 20, 22, 23, 24, 25, 32, 
              33, 36, 43, 46, 49, 50, 52, 57, 58, 65, 68, 69, 73 ] ), rec(
          DistVect := [ 0, 2, 1, 2, 2, 1, 1, 1, 1, 1, 1, 2, 1, 1, 1, 2, 1, 1, 
              1, 2, 2, 2, 1, 2, 1, 1, 1, 2, 1 ],
          eAdj := [ 1, 3, 4, 5, 13, 14, 15, 16, 17, 18, 20, 21, 23, 26, 27, 
              28, 29, 30, 38, 39, 44, 45, 51, 53, 54, 56, 59, 70, 72 ] ), rec(
          DistVect := [ 0, 1, 1, 1, 2, 1, 1, 1, 1, 1, 1, 2, 1, 1, 1, 1, 2, 1, 
              0, 2, 2, 2, 1, 2, 1, 1, 1, 2, 1 ],
          eAdj := [ 1, 3, 4, 5, 14, 16, 18, 20, 23, 24, 26, 27, 29, 31, 34, 
              35, 38, 39, 41, 45, 47, 51, 54, 55, 59, 63, 64, 66, 72 ] ), rec(
          DistVect := [ 0, 1, 1, 2, 2, 1, 1, 1, 1, 2, 2, 1, 1, 2, 1, 2, 1, 1, 
              1, 2, 2, 2, 1, 2, 1, 1, 1, 2, 1 ],
          eAdj := [ 1, 3, 4, 6, 15, 16, 18, 21, 23, 26, 27, 29, 30, 34, 39, 
              40, 41, 44, 45, 54, 55, 61, 63, 64, 66, 67, 72, 75 ] ), rec(
          DistVect := [ 0, 1, 2, 1, 1, 2, 1, 1, 1, 1, 1, 2, 1, 1, 1, 2, 2, 2, 
              1, 2, 2, 2, 1, 2, 1, 1, 1, 3, 2 ],
          eAdj := [ 1, 2, 3, 5, 8, 14, 17, 18, 19, 20, 23, 24, 26, 29, 31, 
              33, 34, 35, 39, 43, 45, 47, 51, 55, 56, 57, 59, 64, 70 ] ), rec(
          DistVect := [ 0, 1, 2, 2, 1, 2, 1, 1, 1, 1, 1, 2, 1, 1, 1, 2, 1, 1, 
              1, 2, 2, 2, 1, 2, 1, 1, 1, 2, 1 ],
          eAdj := [ 1, 4, 5, 8, 13, 14, 15, 16, 17, 18, 20, 21, 23, 26, 29, 
              30, 31, 34, 38, 39, 40, 45, 51, 54, 55, 56, 59, 63, 70, 72 ] ), 
      rec(
          DistVect := [ 0, 1, 2, 1, 1, 1, 1, 1, 2, 1, 1, 1, 1, 2, 2, 2, 1, 1, 
              1, 2, 1, 2, 2, 2, 1, 1, 1, 2, 1 ],
          eAdj := [ 1, 3, 6, 9, 14, 15, 18, 19, 20, 24, 26, 29, 31, 34, 35, 
              37, 38, 39, 41, 43, 47, 51, 55, 59, 64, 66, 70, 72 ] ), rec(
          DistVect := [ 0, 2, 1, 1, 1, 1, 1, 1, 1, 2, 2, 2, 1, 1, 1, 2, 1, 1, 
              1, 2, 1, 2, 2, 1, 1, 2, 1, 2, 1 ],
          eAdj := [ 3, 5, 7, 9, 13, 15, 16, 18, 19, 22, 24, 28, 29, 33, 35, 
              36, 37, 42, 45, 47, 48, 50, 53, 57, 60, 62, 71, 73 ] ), rec(
          DistVect := [ 0, 1, 1, 1, 1, 1, 1, 1, 1, 1, 1, 1, 1, 2, 1, 2, 1, 1, 
              1, 2, 1, 2, 2, 1, 1, 2, 1, 2, 1 ],
          eAdj := [ 3, 6, 7, 9, 14, 15, 16, 17, 18, 19, 20, 22, 24, 29, 34, 
              35, 37, 41, 42, 43, 45, 47, 48, 51, 56, 58, 66, 70, 71 ] ), rec(
          DistVect := [ 0, 1, 2, 1, 1, 2, 1, 1, 1, 1, 1, 2, 1, 1, 2, 2, 1, 1, 
              1, 2, 2, 2, 2, 2, 1, 1, 1, 2, 1 ],
          eAdj := [ 1, 5, 8, 9, 13, 14, 15, 17, 18, 19, 20, 24, 26, 29, 31, 
              33, 34, 35, 39, 43, 45, 47, 48, 55, 56, 57, 58, 59, 70, 71 ] ), 
      rec(
          DistVect := [ 0, 1, 1, 1, 2, 2, 1, 1, 1, 1, 1, 2, 1, 1, 1, 2, 1, 1, 
              1, 2, 2, 2, 1, 2, 1, 1, 1, 2, 1 ],
          eAdj := [ 1, 4, 5, 8, 10, 13, 14, 15, 16, 17, 18, 20, 21, 23, 24, 
              26, 27, 29, 32, 38, 39, 45, 51, 53, 54, 55, 56, 57, 59, 70 ] ), 
      rec(
          DistVect := [ 0, 1, 1, 0, 1, 2, 1, 1, 1, 1, 1, 2, 1, 1, 1, 2, 1, 1, 
              1, 1, 2, 1, 1, 2, 1, 2, 1, 2, 2 ],
          eAdj := [ 1, 2, 5, 7, 8, 9, 10, 13, 15, 17, 19, 21, 22, 24, 29, 33, 
              35, 36, 47, 48, 49, 50, 53, 57, 58, 60, 62, 69, 73 ] ), rec(
          DistVect := [ 0, 2, 1, 1, 1, 2, 1, 1, 2, 1, 2, 2, 2, 1, 1, 2, 1, 1, 
              2, 2, 2, 2, 1, 2, 1, 2, 1, 2, 2 ],
          eAdj := [ 1, 2, 7, 8, 10, 11, 15, 16, 19, 21, 22, 24, 28, 33, 42, 
              46, 48, 49, 50, 52, 57, 60, 62, 65, 68, 69, 73, 74 ] ), rec(
          DistVect := [ 0, 1, 1, 1, 1, 2, 1, 1, 1, 1, 1, 2, 1, 2, 1, 2, 1, 1, 
              2, 2, 2, 2, 1, 2, 1, 2, 1, 2, 2 ],
          eAdj := [ 1, 2, 5, 6, 7, 8, 10, 11, 13, 14, 15, 16, 17, 19, 20, 21, 
              22, 24, 36, 42, 43, 50, 51, 52, 53, 57, 58, 71, 73 ] ), rec(
          DistVect := [ 0, 1, 1, 1, 2, 1, 1, 1, 1, 1, 1, 2, 1, 1, 1, 2, 1, 1, 
              1, 2, 2, 2, 1, 2, 1, 1, 1, 2, 1 ],
          eAdj := [ 1, 3, 4, 5, 13, 14, 15, 16, 17, 18, 20, 21, 23, 24, 26, 
              27, 29, 34, 38, 39, 41, 45, 47, 51, 54, 55, 56, 59, 64, 70, 72 
             ] ), rec(
          DistVect := [ 0, 1, 2, 2, 1, 1, 1, 1, 2, 2, 1, 1, 1, 2, 1, 2, 1, 1, 
              1, 2, 2, 2, 1, 2, 1, 1, 1, 2, 1 ],
          eAdj := [ 1, 3, 4, 6, 15, 16, 18, 21, 23, 26, 29, 30, 31, 34, 37, 
              38, 39, 40, 41, 47, 54, 55, 61, 63, 64, 66, 67, 72, 75 ] ), rec(
          DistVect := [ 0, 2, 1, 2, 1, 1, 1, 1, 1, 1, 2, 2, 1, 1, 1, 2, 1, 1, 
              1, 3, 2, 2, 1, 1, 1, 2, 1, 2, 1 ],
          eAdj := [ 3, 4, 5, 7, 13, 14, 15, 16, 18, 19, 20, 21, 22, 23, 28, 
              29, 30, 36, 37, 42, 43, 44, 45, 48, 50, 51, 53, 58, 70, 71 ] ), 
      rec(
          DistVect := [ 0, 1, 1, 1, 1, 1, 1, 1, 1, 1, 1, 2, 1, 1, 1, 2, 1, 1, 
              1, 2, 2, 2, 1, 1, 1, 2, 1, 2, 1 ],
          eAdj := [ 3, 4, 5, 7, 13, 14, 15, 16, 17, 18, 19, 20, 21, 22, 24, 
              29, 34, 36, 37, 41, 42, 43, 45, 47, 48, 50, 51, 56, 58, 70, 71 
             ] ), rec(
          DistVect := [ 0, 1, 1, 1, 1, 1, 1, 1, 1, 1, 1, 2, 1, 1, 1, 2, 2, 1, 
              0, 2, 2, 2, 1, 1, 1, 2, 1, 2, 1 ],
          eAdj := [ 3, 4, 5, 7, 14, 15, 16, 17, 18, 19, 20, 22, 24, 26, 29, 
              31, 34, 35, 37, 41, 43, 45, 47, 48, 51, 56, 58, 59, 66, 70 ] ), 
      rec(
          DistVect := [ 0, 1, 1, 2, 1, 1, 1, 1, 1, 2, 1, 1, 1, 2, 1, 2, 1, 1, 
              1, 3, 2, 2, 1, 1, 1, 2, 1, 2, 1 ],
          eAdj := [ 3, 4, 6, 7, 14, 15, 16, 17, 18, 19, 21, 22, 23, 29, 30, 
              34, 37, 38, 40, 41, 42, 44, 45, 54, 56, 59, 66, 67, 70, 72 ] ), 
      rec(
          DistVect := [ 0, 2, 2, 1, 1, 2, 1, 1, 1, 1, 2, 2, 2, 1, 1, 3, 1, 2, 
              1, 2, 2, 2, 1, 2, 1, 2, 1, 2, 2 ],
          eAdj := [ 1, 2, 7, 8, 13, 15, 17, 19, 21, 22, 24, 26, 28, 29, 31, 
              33, 35, 36, 39, 47, 48, 49, 50, 53, 57, 58, 60, 69, 71, 73 ] ), 
      rec(
          DistVect := [ 0, 1, 2, 1, 1, 2, 1, 1, 2, 1, 1, 2, 1, 2, 1, 3, 1, 2, 
              1, 2, 2, 2, 1, 2, 1, 2, 1, 2, 2 ],
          eAdj := [ 1, 2, 5, 6, 7, 8, 14, 15, 17, 19, 20, 21, 22, 24, 26, 29, 
              31, 34, 35, 39, 43, 45, 47, 51, 55, 56, 57, 59, 70, 71 ] ), rec(
          DistVect := [ 0, 2, 2, 1, 1, 1, 1, 1, 1, 2, 1, 2, 1, 1, 2, 2, 1, 1, 
              1, 2, 1, 2, 2, 2, 1, 1, 1, 2, 1 ],
          eAdj := [ 1, 3, 5, 9, 13, 15, 17, 18, 19, 24, 26, 28, 29, 31, 33, 
              34, 35, 37, 39, 43, 45, 47, 48, 56, 57, 58, 60, 70, 71 ] ), rec(
          DistVect := [ 0, 1, 1, 1, 1, 1, 0, 1, 1, 1, 1, 2, 1, 1, 1, 2, 1, 1, 
              1, 2, 1, 1, 2, 2, 1, 1, 1, 2, 1 ],
          eAdj := [ 1, 2, 3, 5, 8, 9, 13, 14, 15, 17, 18, 19, 22, 24, 26, 29, 
              33, 34, 35, 39, 43, 45, 47, 48, 53, 56, 57, 58, 60, 71 ] ), rec(
          DistVect := [ 0, 1, 1, 1, 1, 2, 1, 1, 1, 1, 1, 2, 1, 0, 1, 2, 1, 1, 
              1, 2, 2, 2, 1, 2, 1, 1, 1, 2, 1 ],
          eAdj := [ 1, 4, 5, 8, 10, 13, 14, 15, 16, 17, 18, 19, 20, 21, 22, 
              23, 24, 26, 28, 29, 33, 36, 43, 46, 48, 49, 50, 53, 57, 58, 71 
             ] ), rec(
          DistVect := [ 0, 1, 1, 1, 2, 2, 1, 1, 1, 1, 1, 2, 1, 1, 1, 2, 1, 1, 
              1, 1, 2, 2, 0, 2, 2, 1, 1, 2, 2 ],
          eAdj := [ 2, 4, 5, 8, 10, 13, 16, 17, 20, 21, 23, 24, 26, 27, 29, 
              30, 32, 38, 39, 49, 51, 52, 53, 54, 55, 56, 57, 59, 63, 70 ] ), 
      rec(
          DistVect := [ 0, 1, 1, 0, 2, 2, 1, 1, 1, 1, 1, 2, 1, 1, 1, 2, 1, 1, 
              1, 2, 2, 1, 1, 2, 2, 1, 1, 2, 2 ],
          eAdj := [ 2, 5, 8, 9, 10, 13, 14, 17, 19, 21, 23, 24, 26, 27, 29, 
              32, 33, 35, 39, 43, 47, 49, 53, 55, 56, 57, 58, 59, 69, 71 ] ), 
      rec(
          DistVect := [ 0, 2, 1, 1, 2, 2, 1, 1, 2, 1, 1, 2, 2, 1, 1, 3, 1, 1, 
              2, 2, 2, 2, 1, 2, 2, 1, 1, 2, 2 ],
          eAdj := [ 2, 8, 10, 11, 14, 15, 16, 17, 21, 22, 23, 24, 26, 27, 28, 
              32, 33, 36, 39, 43, 46, 49, 50, 52, 57, 58, 65, 69, 71, 73 ] ), 
      rec(
          DistVect := [ 0, 1, 1, 1, 1, 2, 1, 1, 1, 1, 1, 2, 1, 1, 1, 2, 1, 1, 
              2, 2, 2, 2, 1, 2, 1, 1, 1, 3, 2 ],
          eAdj := [ 1, 2, 3, 5, 8, 10, 11, 13, 14, 15, 16, 17, 18, 19, 20, 
              21, 22, 23, 24, 29, 33, 36, 43, 50, 51, 53, 56, 57, 58, 71 ] ), 
      rec(
          DistVect := [ 0, 1, 1, 1, 2, 2, 1, 1, 1, 1, 2, 2, 1, 2, 1, 3, 1, 1, 
              2, 2, 2, 2, 1, 2, 2, 1, 1, 2, 2 ],
          eAdj := [ 2, 5, 6, 8, 10, 11, 13, 15, 16, 17, 20, 21, 22, 23, 24, 
              26, 27, 32, 38, 39, 51, 52, 53, 54, 55, 56, 57, 59, 70, 71 ] ), 
      rec(
          DistVect := [ 0, 2, 2, 2, 1, 1, 1, 1, 1, 1, 1, 2, 1, 1, 1, 2, 1, 1, 
              1, 2, 2, 2, 1, 2, 1, 1, 1, 2, 1 ],
          eAdj := [ 1, 3, 4, 5, 13, 14, 15, 16, 17, 18, 20, 21, 23, 26, 28, 
              29, 30, 31, 34, 37, 38, 39, 43, 45, 47, 51, 56, 59, 70, 72 ] ), 
      rec(
          DistVect := [ 0, 2, 1, 2, 1, 1, 1, 1, 1, 1, 1, 2, 1, 1, 1, 2, 1, 1, 
              1, 2, 2, 2, 1, 2, 1, 1, 1, 2, 1 ],
          eAdj := [ 1, 3, 4, 5, 13, 14, 15, 16, 17, 18, 20, 21, 22, 23, 26, 
              28, 29, 30, 36, 37, 38, 43, 44, 45, 50, 51, 53, 56, 58, 59, 70 
             ] ), rec(
          DistVect := [ 0, 1, 1, 1, 1, 1, 1, 1, 1, 1, 1, 2, 1, 1, 1, 2, 1, 1, 
              1, 2, 2, 2, 1, 2, 1, 1, 1, 2, 1 ],
          eAdj := [ 1, 3, 4, 5, 13, 14, 15, 16, 17, 18, 19, 20, 21, 22, 23, 
              24, 26, 29, 34, 37, 38, 41, 43, 45, 47, 51, 56, 58, 59, 70 ] ), 
      rec(
          DistVect := [ 0, 1, 1, 2, 1, 1, 1, 1, 1, 2, 1, 1, 1, 2, 1, 2, 1, 1, 
              1, 2, 2, 2, 1, 2, 1, 1, 1, 2, 1 ],
          eAdj := [ 1, 3, 4, 6, 15, 16, 17, 18, 21, 22, 23, 26, 29, 30, 34, 
              37, 38, 40, 41, 44, 45, 54, 55, 56, 59, 61, 63, 64, 66, 67, 72 
             ] ), rec(
          DistVect := [ 0, 2, 2, 1, 1, 2, 1, 1, 1, 1, 1, 2, 2, 1, 1, 2, 1, 2, 
              1, 2, 2, 2, 1, 2, 1, 1, 1, 2, 2 ],
          eAdj := [ 1, 2, 8, 13, 14, 17, 19, 21, 23, 24, 26, 28, 29, 31, 32, 
              33, 35, 36, 39, 43, 47, 48, 49, 53, 56, 57, 58, 59, 60, 69, 71 
             ] ), rec(
          DistVect := [ 0, 1, 2, 1, 1, 2, 1, 1, 1, 1, 1, 2, 1, 1, 1, 2, 1, 2, 
              1, 2, 2, 2, 1, 2, 1, 1, 1, 2, 2 ],
          eAdj := [ 1, 2, 5, 8, 13, 14, 17, 19, 20, 21, 23, 24, 26, 29, 31, 
              32, 33, 34, 35, 39, 43, 45, 47, 49, 53, 55, 56, 57, 59, 70, 71 
             ] ), rec(
          DistVect := [ 0, 2, 2, 2, 1, 2, 1, 1, 1, 1, 1, 2, 1, 1, 1, 2, 1, 1, 
              1, 2, 2, 2, 1, 2, 1, 1, 1, 2, 1 ],
          eAdj := [ 1, 4, 5, 8, 13, 14, 15, 16, 17, 18, 20, 21, 23, 26, 28, 
              29, 30, 31, 36, 38, 39, 43, 45, 49, 51, 53, 56, 57, 59, 70 ] ), 
      rec(
          DistVect := [ 0, 1, 2, 1, 1, 2, 1, 1, 1, 1, 1, 2, 1, 1, 1, 2, 1, 1, 
              1, 2, 2, 2, 1, 2, 1, 1, 1, 2, 1 ],
          eAdj := [ 1, 4, 5, 8, 13, 14, 15, 16, 17, 18, 19, 20, 21, 23, 24, 
              26, 29, 31, 34, 35, 38, 39, 43, 45, 47, 51, 55, 56, 57, 59, 70 
             ] ), rec(
          DistVect := [ 0, 1, 1, 2, 1, 1, 0, 1, 1, 1, 1, 2, 1, 1, 1, 2, 1, 1, 
              1, 2, 2, 2, 1, 2, 1, 1, 1, 2, 1 ],
          eAdj := [ 1, 2, 3, 4, 5, 8, 13, 14, 15, 16, 17, 18, 20, 21, 22, 23, 
              24, 26, 29, 30, 34, 38, 39, 43, 45, 51, 53, 54, 56, 59, 70 ] ), 
      rec(
          DistVect := [ 0, 1, 2, 2, 1, 2, 1, 1, 2, 2, 1, 2, 1, 2, 1, 2, 1, 1, 
              1, 2, 2, 2, 1, 2, 1, 1, 1, 2, 1 ],
          eAdj := [ 1, 4, 5, 6, 8, 15, 16, 18, 21, 23, 26, 29, 30, 31, 34, 
              38, 39, 40, 41, 45, 51, 54, 55, 56, 61, 63, 64, 66, 67, 72 ] ), 
      rec(
          DistVect := [ 0, 2, 1, 1, 1, 1, 1, 1, 1, 2, 1, 2, 1, 1, 1, 2, 1, 1, 
              1, 2, 1, 2, 2, 2, 1, 1, 1, 2, 1 ],
          eAdj := [ 1, 3, 5, 9, 13, 15, 16, 17, 18, 19, 22, 24, 26, 28, 29, 
              33, 35, 36, 37, 43, 45, 47, 48, 50, 53, 56, 57, 58, 60, 62, 71 
             ] ), rec(
          DistVect := [ 0, 1, 1, 1, 1, 1, 1, 1, 1, 1, 1, 1, 1, 2, 1, 2, 1, 1, 
              1, 2, 1, 2, 2, 2, 1, 1, 1, 2, 1 ],
          eAdj := [ 1, 3, 6, 9, 14, 15, 16, 17, 18, 19, 20, 22, 24, 26, 29, 
              34, 35, 37, 38, 41, 43, 45, 47, 51, 55, 56, 58, 59, 64, 66, 70 
             ] ), rec(
          DistVect := [ 0, 2, 2, 1, 1, 2, 1, 1, 1, 2, 1, 2, 1, 1, 2, 2, 1, 1, 
              1, 2, 2, 2, 2, 2, 1, 1, 1, 2, 1 ],
          eAdj := [ 1, 5, 8, 9, 13, 15, 17, 18, 19, 24, 26, 28, 29, 31, 33, 
              35, 36, 39, 43, 45, 47, 48, 49, 53, 56, 57, 58, 60, 69, 71 ] ), 
      rec(
          DistVect := [ 0, 1, 2, 1, 1, 2, 1, 1, 2, 1, 1, 2, 1, 2, 2, 2, 1, 1, 
              1, 2, 2, 2, 2, 2, 1, 1, 1, 2, 1 ],
          eAdj := [ 1, 5, 6, 8, 9, 14, 15, 18, 19, 20, 24, 26, 29, 31, 34, 
              35, 38, 39, 41, 43, 45, 47, 51, 55, 56, 57, 59, 64, 66, 70 ] ), 
      rec(
          DistVect := [ 0, 1, 1, 1, 1, 2, 1, 1, 1, 1, 1, 2, 1, 1, 1, 2, 1, 1, 
              1, 2, 2, 2, 0, 2, 1, 2, 1, 2, 2 ],
          eAdj := [ 1, 2, 4, 5, 7, 8, 10, 13, 14, 15, 16, 17, 19, 20, 21, 22, 
              23, 24, 29, 30, 36, 43, 49, 50, 51, 52, 53, 57, 58, 59, 71 ] ), 
      rec(
          DistVect := [ 0, 2, 1, 1, 1, 2, 1, 1, 2, 1, 1, 2, 2, 1, 1, 2, 1, 1, 
              2, 2, 2, 2, 1, 2, 1, 1, 1, 2, 2 ],
          eAdj := [ 1, 2, 8, 10, 11, 14, 15, 16, 19, 21, 22, 23, 24, 28, 32, 
              33, 36, 43, 46, 48, 49, 50, 52, 57, 58, 60, 62, 65, 68, 69, 73 
             ] ), rec(
          DistVect := [ 0, 1, 1, 1, 1, 2, 1, 1, 1, 1, 1, 2, 1, 1, 1, 2, 1, 1, 
              2, 2, 2, 2, 1, 2, 1, 1, 1, 2, 2 ],
          eAdj := [ 1, 2, 5, 8, 10, 11, 13, 14, 15, 16, 17, 19, 20, 21, 22, 
              23, 24, 32, 33, 36, 43, 46, 49, 50, 52, 53, 57, 58, 65, 71, 73 
             ] ), rec(
          DistVect := [ 0, 1, 1, 1, 1, 2, 1, 1, 1, 1, 1, 2, 1, 2, 1, 2, 1, 1, 
              2, 2, 2, 2, 1, 2, 1, 1, 1, 2, 2 ],
          eAdj := [ 1, 2, 5, 6, 8, 10, 11, 13, 14, 15, 16, 17, 19, 20, 21, 
              22, 23, 24, 32, 36, 38, 43, 51, 52, 53, 54, 56, 57, 58, 59, 71 
             ] ), rec(
          DistVect := [ 0, 1, 0, 0, 0, 1, 0, 1, 1, 1, 1, 0, 1, 0, 0, 0, 1, 0, 
              1, 0, 1, 0, 1, 1, 0, 1, 1, 0, 1 ],
          eAdj := [ 1, 2, 7, 8, 9, 10, 11, 15, 16, 19, 21, 22, 24, 25, 28, 
              32, 33, 35, 42, 46, 48, 49, 50, 52, 60, 62, 65, 68, 69, 74 ] ), 
      rec(
          DistVect := [ 0, 2, 1, 1, 2, 1, 1, 1, 1, 1, 1, 2, 2, 1, 1, 2, 1, 1, 
              1, 2, 2, 2, 1, 2, 2, 1, 0, 2, 2 ],
          eAdj := [ 1, 2, 3, 5, 8, 13, 14, 16, 17, 18, 21, 23, 24, 26, 27, 
              28, 29, 32, 33, 35, 39, 43, 47, 49, 53, 56, 57, 58, 59, 70, 71 
             ] ), rec(
          DistVect := [ 0, 1, 1, 1, 2, 1, 1, 1, 1, 1, 2, 1, 1, 2, 1, 2, 1, 1, 
              1, 2, 2, 2, 1, 2, 2, 1, 0, 2, 2 ],
          eAdj := [ 1, 2, 3, 5, 6, 8, 16, 18, 20, 21, 23, 24, 26, 27, 29, 32, 
              34, 35, 38, 39, 41, 45, 47, 51, 54, 55, 59, 63, 64, 70, 72 ] ), 
      rec(
          DistVect := [ 0, 2, 1, 1, 1, 1, 1, 1, 1, 1, 2, 2, 2, 1, 1, 2, 1, 1, 
              1, 2, 2, 2, 1, 1, 1, 2, 0, 2, 2 ],
          eAdj := [ 1, 2, 3, 5, 7, 8, 13, 15, 16, 18, 19, 21, 22, 24, 28, 29, 
              33, 35, 36, 37, 47, 48, 49, 50, 53, 57, 58, 60, 62, 71, 73 ] ), 
      rec(
          DistVect := [ 0, 1, 1, 1, 1, 1, 1, 1, 1, 1, 1, 1, 1, 2, 1, 2, 1, 1, 
              1, 2, 2, 2, 1, 1, 1, 2, 0, 2, 2 ],
          eAdj := [ 1, 2, 3, 5, 6, 7, 8, 14, 15, 16, 17, 18, 19, 20, 21, 22, 
              24, 29, 34, 35, 37, 41, 43, 45, 47, 51, 56, 58, 59, 70, 71 ] ), 
      rec(
          DistVect := [ 0, 1, 1, 1, 1, 2, 1, 1, 1, 1, 1, 2, 1, 1, 1, 2, 1, 1, 
              1, 2, 2, 2, 1, 2, 1, 1, 1, 2, 1 ],
          eAdj := [ 1, 4, 5, 8, 10, 13, 14, 15, 16, 17, 18, 19, 20, 21, 22, 
              23, 24, 26, 29, 36, 38, 43, 45, 51, 53, 56, 57, 58, 59, 70, 71 
             ] ), rec(
          DistVect := [ 0, 1, 1, 0, 1, 1, 0, 1, 0, 1, 0, 0, 1, 0, 1, 0, 0, 1, 
              0, 1, 1, 0, 1, 0, 1, 0, 1, 0, 1 ],
          eAdj := [ 2, 8, 9, 10, 13, 14, 17, 19, 21, 23, 24, 25, 26, 27, 28, 
              29, 31, 32, 33, 35, 36, 39, 43, 46, 47, 48, 49, 53, 55, 56, 58, 
              59, 60, 65, 69, 71, 73 ] ), rec(
          DistVect := [ 0, 1, 0, 0, 1, 1, 0, 1, 1, 1, 0, 0, 1, 0, 0, 1, 1, 0, 
              1, 1, 1, 0, 1, 0, 1, 0, 1, 0, 1 ],
          eAdj := [ 2, 8, 9, 10, 11, 14, 15, 16, 17, 19, 21, 22, 23, 24, 25, 
              26, 27, 28, 32, 33, 35, 36, 39, 43, 46, 48, 49, 50, 52, 58, 60, 
              62, 65, 68, 69, 73, 74 ] ), rec(
          DistVect := [ 0, 1, 1, 0, 0, 1, 0, 1, 0, 1, 1, 0, 1, 0, 1, 1, 0, 1, 
              0, 0, 1, 0, 1, 1, 0, 1, 1, 0, 1 ],
          eAdj := [ 1, 2, 7, 8, 9, 10, 13, 15, 17, 19, 21, 22, 24, 25, 26, 
              28, 29, 31, 32, 33, 35, 36, 39, 46, 47, 48, 49, 50, 53, 58, 60, 
              62, 65, 68, 69, 73, 74 ] ), rec(
          DistVect := [ 0, 1, 0, 1, 1, 1, 0, 1, 1, 0, 0, 0, 1, 0, 1, 1, 1, 0, 
              1, 0, 0, 1, 0, 0, 1, 0, 1, 0, 1 ],
          eAdj := [ 2, 4, 8, 10, 11, 14, 15, 16, 17, 20, 22, 23, 24, 25, 26, 
              27, 28, 30, 32, 33, 36, 38, 39, 43, 44, 46, 49, 50, 52, 54, 57, 
              58, 59, 65, 68, 69, 71, 73 ] ), rec(
          DistVect := [ 0, 1, 1, 0, 1, 0, 0, 1, 0, 1, 0, 1, 1, 0, 1, 0, 1, 1, 
              0, 1, 0, 0, 1, 1, 1, 0, 0, 1, 1 ],
          eAdj := [ 1, 2, 3, 5, 8, 9, 13, 14, 17, 18, 19, 23, 24, 26, 27, 28, 
              29, 31, 32, 33, 34, 35, 39, 43, 45, 47, 48, 49, 53, 55, 56, 57, 
              58, 59, 60, 64, 69, 70, 71 ] ), rec(
          DistVect := [ 0, 1, 1, 0, 0, 0, 0, 1, 0, 1, 1, 1, 1, 0, 1, 1, 1, 1, 
              0, 0, 0, 0, 1, 0, 0, 1, 0, 1, 1 ],
          eAdj := [ 1, 2, 3, 5, 7, 8, 9, 13, 15, 17, 18, 19, 22, 24, 26, 28, 
              29, 31, 33, 34, 35, 36, 37, 39, 45, 47, 48, 49, 50, 53, 56, 57, 
              58, 60, 62, 69, 71, 73 ] ), rec(
          DistVect := [ 0, 0, 1, 0, 0, 0, 0, 1, 1, 0, 0, 0, 0, 1, 1, 1, 1, 1, 
              0, 0, 0, 0, 1, 0, 0, 1, 0, 1, 1 ],
          eAdj := [ 1, 2, 3, 5, 6, 7, 8, 9, 14, 15, 17, 18, 19, 20, 22, 24, 
              26, 29, 31, 33, 34, 35, 37, 39, 41, 43, 45, 47, 48, 51, 55, 56, 
              57, 58, 59, 60, 64, 66, 70, 71 ] ), rec(
          DistVect := [ 0, 1, 0, 0, 0, 0, 0, 1, 1, 1, 1, 1, 1, 0, 0, 0, 0, 0, 
              1, 0, 0, 0, 1, 0, 0, 1, 0, 1, 1 ],
          eAdj := [ 1, 2, 3, 5, 7, 8, 9, 10, 11, 13, 15, 16, 18, 19, 21, 22, 
              24, 28, 29, 33, 35, 36, 37, 42, 46, 47, 48, 49, 50, 53, 57, 60, 
              62, 65, 68, 69, 73, 74 ] ), rec(
          DistVect := [ 0, 0, 0, 1, 1, 1, 0, 1, 0, 1, 1, 1, 0, 1, 1, 1, 1, 0, 
              1, 0, 0, 1, 0, 0, 1, 0, 1, 0, 1 ],
          eAdj := [ 2, 4, 5, 6, 8, 10, 11, 13, 15, 16, 17, 20, 22, 23, 24, 
              25, 26, 27, 30, 32, 36, 38, 39, 40, 44, 46, 49, 51, 52, 53, 54, 
              55, 56, 57, 59, 61, 63, 65, 70, 71 ] ), rec(
          DistVect := [ 0, 0, 0, 0, 0, 1, 0, 1, 0, 0, 0, 1, 0, 1, 0, 0, 1, 0, 
              1, 0, 1, 0, 1, 1, 0, 1, 1, 0, 1 ],
          eAdj := [ 1, 2, 5, 6, 7, 8, 9, 10, 11, 13, 14, 15, 16, 17, 19, 20, 
              21, 22, 24, 25, 32, 33, 35, 36, 42, 43, 46, 48, 49, 50, 52, 53, 
              57, 58, 60, 62, 65, 68, 69, 73, 74 ] ), rec(
          DistVect := [ 0, 1, 1, 1, 1, 0, 0, 1, 0, 0, 0, 1, 1, 0, 0, 0, 1, 1, 
              0, 0, 1, 1, 0, 1, 1, 0, 0, 1, 1 ],
          eAdj := [ 1, 2, 3, 4, 5, 8, 13, 14, 16, 17, 18, 20, 21, 23, 24, 26, 
              27, 28, 29, 30, 31, 32, 33, 34, 35, 38, 39, 43, 45, 47, 49, 51, 
              53, 54, 55, 56, 57, 59, 63, 64, 70, 72 ] ), rec(
          DistVect := [ 0, 0, 0, 1, 0, 1, 0, 1, 0, 1, 0, 1, 0, 1, 1, 0, 1, 0, 
              1, 1, 0, 1, 0, 1, 0, 1, 1, 0, 1 ],
          eAdj := [ 1, 2, 4, 5, 6, 7, 8, 10, 11, 13, 14, 15, 16, 17, 19, 20, 
              22, 23, 24, 25, 30, 32, 36, 38, 40, 42, 43, 44, 46, 49, 50, 51, 
              52, 53, 54, 57, 58, 59, 65, 68, 71, 73 ] ), rec(
          DistVect := [ 0, 0, 0, 0, 0, 0, 0, 1, 0, 0, 0, 0, 0, 1, 0, 0, 0, 0, 
              1, 0, 0, 0, 1, 0, 0, 1, 0, 1, 1 ],
          eAdj := [ 1, 2, 3, 5, 6, 7, 8, 9, 10, 11, 13, 14, 15, 16, 17, 18, 
              19, 20, 21, 22, 24, 29, 33, 34, 35, 36, 37, 41, 42, 43, 45, 47, 
              48, 50, 51, 53, 56, 57, 58, 60, 62, 71, 73 ] ), rec(
          DistVect := [ 0, 0, 1, 1, 0, 0, 0, 1, 1, 1, 0, 0, 0, 1, 0, 1, 1, 1, 
              0, 1, 1, 1, 0, 0, 0, 1, 0, 1, 1 ],
          eAdj := [ 1, 2, 3, 4, 5, 6, 7, 8, 14, 15, 16, 17, 18, 19, 20, 21, 
              22, 23, 24, 26, 29, 30, 31, 34, 35, 37, 38, 39, 40, 41, 43, 45, 
              47, 51, 54, 55, 56, 59, 63, 64, 66, 67, 70, 72 ] ), rec(
          DistVect := [ 0, 1, 0, 0, 1, 0, 0, 1, 1, 1, 0, 1, 1, 0, 0, 1, 0, 0, 
              1, 1, 0, 0, 1, 1, 1, 0, 0, 1, 1 ],
          eAdj := [ 1, 2, 3, 5, 8, 9, 10, 11, 13, 14, 15, 16, 17, 18, 19, 21, 
              22, 23, 24, 26, 27, 28, 29, 32, 33, 35, 36, 39, 43, 46, 47, 48, 
              49, 50, 53, 56, 57, 58, 60, 62, 65, 69, 71, 73 ] ), rec(
          DistVect := [ 0, 1, 1, 1, 0, 0, 0, 1, 0, 0, 1, 1, 1, 0, 0, 1, 1, 1, 
              0, 1, 1, 1, 0, 0, 0, 1, 0, 1, 1 ],
          eAdj := [ 1, 2, 3, 4, 5, 7, 8, 13, 14, 15, 16, 17, 18, 19, 20, 21, 
              22, 23, 24, 26, 28, 29, 30, 31, 33, 34, 35, 36, 37, 39, 43, 45, 
              47, 48, 49, 50, 51, 53, 56, 57, 58, 59, 60, 70, 71 ] ), rec(
          DistVect := [ 0, 1, 0, 1, 1, 0, 0, 1, 1, 0, 0, 1, 1, 0, 1, 1, 0, 0, 
              1, 0, 1, 1, 0, 1, 1, 0, 0, 1, 1 ],
          eAdj := [ 1, 2, 3, 4, 5, 8, 10, 11, 13, 14, 15, 16, 17, 18, 20, 21, 
              22, 23, 24, 26, 27, 28, 29, 30, 32, 33, 36, 38, 39, 43, 44, 46, 
              49, 50, 51, 52, 53, 54, 56, 57, 58, 59, 65, 70, 71 ] ), rec(
          DistVect := [ 0, 0, 0, 1, 1, 0, 0, 1, 0, 1, 1, 0, 0, 1, 1, 1, 0, 0, 
              1, 0, 1, 1, 0, 1, 1, 0, 0, 1, 1 ],
          eAdj := [ 1, 2, 3, 4, 5, 6, 8, 10, 11, 13, 15, 16, 17, 18, 20, 21, 
              22, 23, 24, 26, 27, 29, 30, 32, 34, 38, 39, 40, 41, 44, 45, 51, 
              52, 53, 54, 55, 56, 59, 61, 63, 64, 67, 70, 72 ] ), rec(
          DistVect := [ 0, 0, 0, 1, 0, 0, 0, 1, 0, 1, 0, 0, 0, 1, 1, 0, 0, 0, 
              1, 1, 1, 1, 0, 0, 0, 1, 0, 1, 1 ],
          eAdj := [ 1, 2, 3, 4, 5, 6, 7, 8, 10, 11, 13, 14, 15, 16, 17, 18, 
              19, 20, 21, 22, 23, 24, 29, 30, 34, 36, 37, 38, 40, 41, 42, 43, 
              44, 45, 50, 51, 52, 53, 54, 56, 58, 59, 67, 70, 71 ] ), rec(
          DistVect := [ 0, 0, 0, 0, 0, 1, 0, 0, 0, 0, 0, 1, 0, 0, 0, 0, 1, 0, 
              0, 0, 1, 0, 0, 1, 0, 0, 1, 1, 0 ],
          eAdj := [ 1, 2, 3, 4, 5, 6, 7, 8, 9, 10, 11, 12, 13, 14, 15, 16, 
              17, 18, 19, 20, 21, 22, 23, 24, 25, 26, 27, 28, 29, 30, 31, 32, 
              33, 34, 35, 36, 37, 38, 39, 40, 41, 42, 43, 44, 45, 46, 47, 48, 
              49, 50, 51, 52, 53, 54, 55, 56, 57, 58, 59, 60, 61, 62, 63, 64, 
              65, 66, 67, 68, 69 ] ), rec(
          DistVect := [ 0, 0, 0, 0, 1, 1, 1, 0, 0, 0, 1, 1, 1, 0, 0, 1, 1, 1, 
              0, 1, 1, 1, 0, 0, 0, 1, 0, 1, 1 ],
          eAdj := [ 1, 2, 3, 4, 5, 6, 7, 8, 9, 10, 11, 12, 13, 14, 15, 16, 
              17, 18, 19, 20, 21, 22, 23, 24, 25, 26, 27, 28, 29, 30, 31, 32, 
              33, 34, 35, 36, 37, 39, 40, 41, 42, 44, 45, 46, 47, 48, 49, 50, 
              51, 52, 53, 54, 55, 56, 57, 58, 59, 62, 63, 64, 65, 66, 67, 68, 
              69, 70, 71, 72, 73, 74, 75 ] ), rec(
          DistVect := [ 0, 0, 0, 0, 1, 0, 0, 0, 0, 0, 1, 0, 0, 0, 0, 1, 0, 0, 
              0, 1, 0, 0, 0, 1, 1, 1, 0, 0, 0 ],
          eAdj := [ 1, 2, 3, 4, 5, 6, 7, 8, 9, 10, 11, 12, 13, 14, 15, 16, 
              17, 18, 19, 20, 21, 22, 23, 24, 25, 26, 27, 28, 29, 30, 31, 32, 
              33, 34, 35, 37, 38, 39, 40, 41, 42, 43, 44, 45, 46, 47, 48, 49, 
              50, 51, 52, 53, 54, 55, 57, 58, 59, 60, 61, 62, 63, 65, 66, 67, 
              69, 70, 71, 72, 73, 74, 75 ] ), rec(
          DistVect := [ 0, 0, 1, 0, 0, 1, 1, 0, 1, 0, 0, 1, 1, 0, 1, 1, 0, 0, 
              1, 0, 1, 1, 0, 1, 1, 0, 0, 1, 1 ],
          eAdj := [ 1, 2, 3, 4, 5, 6, 7, 8, 9, 10, 11, 12, 13, 14, 15, 16, 
              17, 18, 19, 20, 21, 22, 23, 24, 25, 26, 27, 28, 29, 30, 31, 32, 
              33, 34, 35, 36, 37, 38, 39, 40, 41, 42, 43, 44, 46, 47, 48, 49, 
              50, 51, 52, 54, 55, 56, 57, 58, 59, 60, 61, 62, 63, 64, 67, 68, 
              69, 70, 71, 72, 73, 74, 75 ] ), rec(
          DistVect := [ 0, 5, 5, 7, 5, 5, 3, 3, 4, 4, 4, 8, 4, 4, 4, 8, 4, 4, 
              4, 8, 8, 8, 4, 8, 4, 4, 4, 8, 4 ],
          eAdj := [ 1, 3, 4, 5, 13, 14, 15, 16, 17, 18, 20, 21, 23, 26, 29, 
              30, 34, 38, 39, 45, 51, 54, 56, 59, 70, 72 ] ), rec(
          DistVect := [ 0, 5, 3, 5, 7, 5, 3, 3, 4, 4, 4, 8, 4, 4, 4, 8, 4, 4, 
              4, 8, 8, 8, 4, 8, 4, 4, 4, 8, 4 ],
          eAdj := [ 1, 3, 4, 5, 13, 14, 15, 16, 17, 18, 20, 21, 23, 24, 26, 
              27, 29, 38, 39, 45, 51, 53, 54, 56, 59, 70 ] ), rec(
          DistVect := [ 0, 4, 4, 4, 7, 5, 4, 3, 4, 4, 5, 7, 4, 5, 4, 7, 5, 4, 
              3, 9, 7, 8, 5, 8, 3, 4, 5, 8, 3 ],
          eAdj := [ 1, 3, 4, 14, 15, 16, 18, 20, 23, 24, 26, 27, 29, 34, 38, 
              39, 41, 45, 47, 51, 54, 55, 59, 64, 66, 72 ] ), rec(
          DistVect := [ 0, 4, 4, 4, 7, 5, 4, 3, 4, 4, 5, 7, 4, 5, 4, 7, 5, 4, 
              3, 9, 7, 8, 5, 8, 5, 4, 3, 8, 5 ],
          eAdj := [ 1, 3, 5, 14, 16, 18, 20, 23, 24, 26, 27, 29, 34, 35, 38, 
              39, 41, 45, 47, 51, 54, 55, 59, 64, 70, 72 ] ), rec(
          DistVect := [ 0, 3, 5, 7, 3, 7, 3, 3, 4, 4, 4, 8, 4, 4, 4, 8, 4, 4, 
              4, 8, 8, 8, 4, 8, 4, 4, 4, 8, 4 ],
          eAdj := [ 1, 4, 5, 8, 13, 14, 15, 16, 17, 18, 20, 21, 22, 23, 26, 
              29, 30, 34, 38, 40, 45, 51, 54, 56, 59, 70 ] ), rec(
          DistVect := [ 0, 4, 4, 4, 4, 5, 4, 3, 4, 4, 4, 7, 4, 5, 4, 8, 5, 4, 
              3, 8, 7, 8, 5, 5, 4, 7, 3, 8, 5 ],
          eAdj := [ 3, 5, 7, 14, 15, 16, 17, 18, 19, 20, 22, 24, 29, 34, 35, 
              37, 41, 43, 45, 47, 48, 51, 56, 58, 70, 71 ] ), rec(
          DistVect := [ 0, 4, 4, 4, 4, 5, 4, 3, 4, 4, 4, 7, 4, 5, 4, 8, 5, 4, 
              3, 8, 7, 8, 5, 5, 4, 7, 5, 8, 3 ],
          eAdj := [ 3, 4, 7, 14, 15, 16, 17, 18, 19, 20, 22, 24, 29, 34, 37, 
              41, 42, 43, 45, 47, 48, 51, 56, 58, 66, 70 ] ), rec(
          DistVect := [ 0, 5, 5, 4, 5, 5, 3, 3, 4, 5, 4, 8, 4, 4, 5, 8, 4, 4, 
              4, 9, 5, 7, 7, 8, 4, 4, 4, 8, 4 ],
          eAdj := [ 1, 3, 5, 9, 13, 14, 15, 17, 18, 19, 24, 26, 29, 33, 34, 
              35, 39, 43, 45, 47, 48, 56, 57, 58, 70, 71 ] ), rec(
          DistVect := [ 0, 3, 5, 4, 3, 7, 3, 3, 4, 3, 4, 8, 4, 4, 5, 8, 4, 4, 
              4, 7, 7, 7, 7, 8, 4, 4, 4, 8, 4 ],
          eAdj := [ 1, 5, 8, 9, 13, 14, 15, 17, 18, 19, 20, 22, 24, 26, 29, 
              33, 34, 35, 43, 45, 47, 48, 56, 57, 58, 71 ] ), rec(
          DistVect := [ 0, 4, 4, 4, 7, 8, 4, 3, 4, 4, 5, 8, 4, 5, 4, 7, 4, 4, 
              3, 9, 8, 8, 5, 5, 3, 4, 4, 5, 3 ],
          eAdj := [ 4, 5, 8, 10, 13, 14, 15, 16, 20, 21, 23, 24, 25, 26, 27, 
              32, 38, 39, 45, 53, 54, 55, 56, 57, 59, 70 ] ), rec(
          DistVect := [ 0, 3, 3, 5, 5, 7, 3, 3, 4, 4, 4, 8, 4, 4, 4, 8, 4, 4, 
              4, 8, 8, 8, 4, 8, 4, 4, 4, 8, 4 ],
          eAdj := [ 1, 4, 5, 8, 10, 13, 14, 15, 16, 17, 18, 20, 21, 22, 23, 
              24, 26, 29, 38, 45, 51, 53, 54, 56, 59, 70 ] ), rec(
          DistVect := [ 0, 4, 4, 4, 4, 8, 4, 3, 4, 4, 4, 8, 4, 3, 4, 8, 4, 4, 
              3, 8, 8, 8, 5, 8, 4, 5, 4, 7, 5 ],
          eAdj := [ 1, 5, 8, 10, 13, 14, 15, 16, 17, 19, 20, 21, 22, 24, 26, 
              29, 33, 35, 36, 43, 48, 49, 53, 57, 58, 71 ] ), rec(
          DistVect := [ 0, 3, 3, 5, 5, 5, 3, 3, 4, 4, 4, 8, 4, 4, 4, 8, 4, 4, 
              4, 8, 8, 8, 4, 8, 4, 4, 4, 8, 4 ],
          eAdj := [ 1, 3, 4, 5, 13, 14, 15, 16, 17, 18, 20, 21, 22, 23, 24, 
              26, 29, 34, 38, 41, 45, 51, 54, 56, 59, 70 ] ), rec(
          DistVect := [ 0, 4, 4, 4, 4, 5, 4, 3, 4, 4, 4, 9, 4, 3, 4, 8, 5, 4, 
              3, 8, 7, 8, 5, 7, 4, 5, 5, 8, 3 ],
          eAdj := [ 3, 4, 5, 13, 14, 15, 16, 17, 18, 19, 20, 22, 24, 26, 29, 
              34, 37, 41, 43, 45, 47, 48, 51, 56, 58, 70 ] ), rec(
          DistVect := [ 0, 4, 7, 4, 4, 8, 4, 3, 3, 4, 4, 8, 4, 3, 5, 7, 5, 5, 
              4, 8, 8, 8, 5, 8, 4, 3, 4, 9, 5 ],
          eAdj := [ 1, 5, 8, 13, 14, 17, 18, 19, 20, 23, 24, 26, 29, 31, 33, 
              34, 35, 39, 43, 45, 47, 55, 56, 57, 59, 70 ] ), rec(
          DistVect := [ 0, 3, 5, 5, 5, 7, 5, 3, 4, 4, 4, 8, 4, 4, 4, 8, 4, 4, 
              4, 8, 8, 8, 4, 8, 4, 4, 4, 8, 4 ],
          eAdj := [ 1, 4, 5, 13, 14, 15, 16, 17, 18, 20, 21, 23, 26, 29, 34, 
              38, 40, 41, 45, 51, 54, 55, 56, 59, 70, 72 ] ), rec(
          DistVect := [ 0, 3, 7, 5, 3, 9, 5, 3, 4, 4, 4, 8, 4, 4, 4, 8, 4, 4, 
              4, 8, 8, 8, 4, 8, 4, 4, 4, 8, 4 ],
          eAdj := [ 1, 4, 5, 8, 13, 14, 15, 16, 17, 18, 19, 20, 21, 23, 26, 
              29, 31, 34, 38, 40, 45, 51, 55, 56, 59, 70 ] ) ] );
