return rec(
  DistVect := [ 0, 1, 1, 1, 1, 1, 2, 1, 1, 1, 1, 1, 2, 1, 1, 1, 1, 2, 1, 1, 
      1, 2, 1, 2, 2, 2, 1, 0, 1 ],
  ListIncidentIneq := 
   [ [ 0, 0, 0, 0, 0, 0, 0, 0, 0, 0, 0, 0, 0, 0, 0, 0, 0, 0, 0, 0, 0, 0, 0, 
          0, 0, 0, -1, 1, 1 ], 
      [ 0, 0, 0, 0, 0, 0, 0, 0, 0, 0, 0, 0, 0, 0, 0, 0, 0, 0, 0, 0, 0, -1, 
          1, 0, 0, 0, 0, 0, 1 ], 
      [ 0, 0, 0, 0, 1, 0, 0, 1, 0, 0, 0, 0, 0, 0, 0, 0, 0, 0, 0, 0, 0, 0, 0, 
          0, 0, -1, 0, 0, 0 ], 
      [ 0, 0, 0, 0, 0, 0, 0, 0, 0, 0, 0, 0, 0, 0, 0, 0, 0, -1, 1, 0, 0, 0, 
          0, 0, 0, 0, 0, 0, 1 ], 
      [ 0, 0, 0, 0, 0, 0, 0, 0, 0, 0, 1, 0, 0, 1, 0, 0, 0, 0, 0, 0, 0, 0, 0, 
          0, 0, -1, 0, 0, 0 ], 
      [ 0, 0, 0, 0, 0, 0, 0, 0, 0, 0, 0, 0, -1, 1, 0, 0, 0, 0, 0, 0, 0, 0, 
          0, 0, 0, 0, 0, 0, 1 ], 
      [ 0, 0, 0, 0, 0, 0, -1, 1, 0, 0, 0, 0, 0, 0, 0, 0, 0, 0, 0, 0, 0, 0, 
          0, 0, 0, 0, 0, 0, 1 ], 
      [ 0, 0, 0, 0, 0, 0, 0, 0, 0, 0, 0, 0, 0, 0, 0, 0, 0, 0, 0, 1, 1, 0, 0, 
          -1, 0, 0, 0, 0, 0 ], 
      [ 0, 0, 0, 0, 0, 0, 0, 0, 0, 0, 0, 0, 0, 0, 0, 0, 0, 0, 0, 0, 0, 0, 0, 
          -1, 0, 1, 0, 1, 0 ], 
      [ 0, 0, 0, 0, 0, 0, 0, 0, 0, 0, 0, 0, 0, 0, 0, 0, 0, 0, 0, 0, 1, -1, 
          0, 0, 0, 0, 1, 0, 0 ], 
      [ 0, 0, 0, 0, 0, 0, 0, 0, 0, 0, 0, 0, 0, 0, 0, 1, 1, 0, 0, 0, 0, 0, 0, 
          -1, 0, 0, 0, 0, 0 ], 
      [ 0, 0, 0, 0, 0, 0, 0, 0, 0, 0, 0, 0, 0, 0, 0, 0, 0, 0, 0, 0, -1, 0, 
          1, 0, 0, 0, 0, 1, 0 ], 
      [ 0, 0, 0, 0, 0, 0, 0, 0, 0, 0, 0, 0, 0, 0, 0, 0, 0, 0, 0, 1, 0, 0, 1, 
          0, 0, -1, 0, 0, 0 ], 
      [ 0, 0, 0, 0, 0, 0, 0, 0, 0, 0, 0, 0, 0, 0, 0, 0, 0, 0, 0, 0, 1, 0, 
          -1, 0, 0, 0, 0, 1, 0 ], 
      [ 0, 0, 0, 0, 0, 0, 0, 0, 0, 0, 0, 0, 0, 0, 0, 0, 1, -1, 0, 0, 0, 0, 
          0, 0, 0, 0, 1, 0, 0 ], 
      [ 0, 0, 0, 0, 0, 0, 0, 0, 0, 0, 0, 0, 0, 0, 0, 0, 0, 0, 0, 0, 0, 0, 0, 
          0, 0, 0, 1, 1, -1 ], 
      [ 0, 0, 0, 0, 0, 0, 0, 0, 0, 0, 1, 1, 0, 0, 0, 0, 0, 0, 0, 0, 0, 0, 0, 
          -1, 0, 0, 0, 0, 0 ], 
      [ 0, 0, 0, 0, 0, 0, 0, 0, 0, 0, 0, 0, 0, 0, 0, 0, -1, 0, 1, 0, 0, 0, 
          0, 0, 0, 0, 0, 1, 0 ], 
      [ 0, 0, 0, 0, 0, 0, 0, 0, 0, 0, 0, 0, 0, 0, 0, 1, 0, 0, 1, 0, 0, 0, 0, 
          0, 0, -1, 0, 0, 0 ], 
      [ 0, 0, 0, 0, 0, 0, 0, 0, 0, 0, 0, 0, 0, 0, 0, 0, 1, 0, -1, 0, 0, 0, 
          0, 0, 0, 0, 0, 1, 0 ], 
      [ 0, 0, 0, 0, 0, 0, 0, 0, 0, 0, 0, 0, 0, 0, 0, 0, 0, 0, 0, 0, 0, 0, 0, 
          1, 0, -1, 0, 1, 0 ], 
      [ 0, 0, 0, 0, 0, -1, 0, 1, 0, 0, 0, 0, 0, 0, 0, 0, 0, 0, 0, 0, 0, 0, 
          0, 0, 0, 0, 0, 1, 0 ], 
      [ 0, 0, 0, 0, 0, 0, 0, 0, 0, 0, 0, 1, -1, 0, 0, 0, 0, 0, 0, 0, 0, 0, 
          0, 0, 0, 0, 1, 0, 0 ], 
      [ 0, 0, 0, 0, 1, 1, 0, 0, 0, 0, 0, 0, 0, 0, 0, 0, 0, 0, 0, 0, 0, 0, 0, 
          -1, 0, 0, 0, 0, 0 ], 
      [ 0, 0, 0, 0, 0, 0, 0, 0, 0, 0, 0, -1, 0, 1, 0, 0, 0, 0, 0, 0, 0, 0, 
          0, 0, 0, 0, 0, 1, 0 ], 
      [ 0, 0, 0, 0, 0, 0, 0, 0, 0, 0, 0, 1, 0, -1, 0, 0, 0, 0, 0, 0, 0, 0, 
          0, 0, 0, 0, 0, 1, 0 ], 
      [ 0, 0, 0, 0, 0, 1, -1, 0, 0, 0, 0, 0, 0, 0, 0, 0, 0, 0, 0, 0, 0, 0, 
          0, 0, 0, 0, 1, 0, 0 ], 
      [ 0, 0, 0, 0, 0, 1, 0, -1, 0, 0, 0, 0, 0, 0, 0, 0, 0, 0, 0, 0, 0, 0, 
          0, 0, 0, 0, 0, 1, 0 ], 
      [ 0, 0, 0, 0, 0, 0, 0, 0, -1, 0, 1, 1, -1, 0, 0, 1, 1, -1, 0, 0, 0, 0, 
          0, -1, 1, 0, 1, 0, 0 ], 
      [ 0, 0, 0, 0, 0, 0, 0, 0, 0, 0, 0, 0, 0, 0, -1, 1, 1, -1, 0, 1, 1, -1, 
          0, -1, 1, 0, 1, 0, 0 ], 
      [ 0, 0, -1, 0, 1, 1, -1, 0, 0, 0, 0, 0, 0, 0, 0, 1, 1, -1, 0, 0, 0, 0, 
          0, -1, 1, 0, 1, 0, 0 ], 
      [ 0, 0, 0, 0, 0, 0, 0, 0, 0, -1, 1, 1, -1, 0, 0, 0, 0, 0, 0, 1, 1, -1, 
          0, -1, 1, 0, 1, 0, 0 ], 
      [ 0, 0, 0, -1, 1, 1, -1, 0, 0, 0, 0, 0, 0, 0, 0, 0, 0, 0, 0, 1, 1, -1, 
          0, -1, 1, 0, 1, 0, 0 ], 
      [ 0, -1, 0, 0, 1, 0, -1, 1, 0, 0, 1, 0, -1, 1, 0, 0, 0, 0, 0, 0, 0, 0, 
          0, 0, 1, -1, 0, 0, 1 ], 
      [ 0, 0, -1, 0, 1, 0, -1, 1, 0, 0, 0, 0, 0, 0, 0, 1, 0, -1, 1, 0, 0, 0, 
          0, 0, 1, -1, 0, 0, 1 ], 
      [ 0, 0, 0, 0, 0, 0, 0, 0, -1, 0, 1, 0, -1, 1, 0, 1, 0, -1, 1, 0, 0, 0, 
          0, 0, 1, -1, 0, 0, 1 ], 
      [ 0, -1, 0, 0, 1, 1, -1, 0, 0, 0, 1, 1, -1, 0, 0, 0, 0, 0, 0, 0, 0, 0, 
          0, -1, 1, 0, 1, 0, 0 ], 
      [ 0, 0, 0, 0, 0, 0, 0, 0, 0, 0, 0, 0, 0, 0, -1, 1, 0, -1, 1, 1, 0, -1, 
          1, 0, 1, -1, 0, 0, 1 ], 
      [ 0, 0, 0, 0, 0, 0, 0, 0, 0, -1, 1, 0, -1, 1, 0, 0, 0, 0, 0, 1, 0, -1, 
          1, 0, 1, -1, 0, 0, 1 ], 
      [ 0, 0, 0, -1, 1, 0, -1, 1, 0, 0, 0, 0, 0, 0, 0, 0, 0, 0, 0, 1, 0, -1, 
          1, 0, 1, -1, 0, 0, 1 ], 
      [ 0, -1, -1, 0, 1, 2, -1, 0, -1, 0, 1, 2, -1, 0, 0, 1, 2, -1, 0, 0, 0, 
          0, 0, -2, 1, 0, 2, 0, 0 ], 
      [ 0, 0, 0, 0, 0, 0, 0, 0, -1, -1, 1, 2, -1, 0, -1, 1, 2, -1, 0, 1, 2, 
          -1, 0, -2, 1, 0, 2, 0, 0 ], 
      [ 0, -1, 0, -1, 1, 2, -1, 0, 0, -1, 1, 2, -1, 0, 0, 0, 0, 0, 0, 1, 2, 
          -1, 0, -2, 1, 0, 2, 0, 0 ], 
      [ 0, 0, -1, -1, 1, 2, -1, 0, 0, 0, 0, 0, 0, 0, -1, 1, 2, -1, 0, 1, 2, 
          -1, 0, -2, 1, 0, 2, 0, 0 ], 
      [ 0, 0, 0, 0, 0, 0, 0, 0, 0, 0, 0, 0, 0, 0, -1, 1, -1, -1, 2, 1, -1, 
          -1, 2, 1, 1, -2, -1, 2, 2 ], 
      [ 0, 0, 0, 0, 0, 0, 0, 0, 0, -1, 1, -1, -1, 2, 0, 0, 0, 0, 0, 1, -1, 
          -1, 2, 1, 1, -2, -1, 2, 2 ], 
      [ 0, 0, 0, -1, 1, -1, -1, 2, 0, 0, 0, 0, 0, 0, 0, 0, 0, 0, 0, 1, -1, 
          -1, 2, 1, 1, -2, -1, 2, 2 ], 
      [ 0, 0, 0, 0, 0, 0, 0, 0, -1, 0, 1, -1, -1, 2, 0, 1, -1, -1, 2, 0, 0, 
          0, 0, 1, 1, -2, -1, 2, 2 ], 
      [ 0, 0, -1, 0, 1, -1, -1, 2, 0, 0, 0, 0, 0, 0, 0, 1, -1, -1, 2, 0, 0, 
          0, 0, 1, 1, -2, -1, 2, 2 ], 
      [ 0, -1, 0, 0, 1, -1, -1, 2, 0, 0, 1, -1, -1, 2, 0, 0, 0, 0, 0, 0, 0, 
          0, 0, 1, 1, -2, -1, 2, 2 ], 
      [ 0, -1, 0, 0, 1, 2, -1, -1, 0, 0, 1, 2, -1, -1, 0, 0, 0, 0, 0, 0, 0, 
          0, 0, -2, 1, 1, 2, 2, -1 ], 
      [ 0, -1, -1, 0, 1, 0, -1, 2, -1, 0, 1, 0, -1, 2, 0, 1, 0, -1, 2, 0, 0, 
          0, 0, 0, 1, -2, 0, 0, 2 ], 
      [ 0, 0, 0, 0, 0, 0, 0, 0, -1, -1, 1, 0, -1, 2, -1, 1, 0, -1, 2, 1, 0, 
          -1, 2, 0, 1, -2, 0, 0, 2 ], 
      [ 0, 0, -1, 0, 1, 2, -1, -1, 0, 0, 0, 0, 0, 0, 0, 1, 2, -1, -1, 0, 0, 
          0, 0, -2, 1, 1, 2, 2, -1 ], 
      [ 0, 0, 0, 0, 0, 0, 0, 0, -1, 0, 1, 2, -1, -1, 0, 1, 2, -1, -1, 0, 0, 
          0, 0, -2, 1, 1, 2, 2, -1 ], 
      [ 0, -1, 0, -1, 1, 0, -1, 2, 0, -1, 1, 0, -1, 2, 0, 0, 0, 0, 0, 1, 0, 
          -1, 2, 0, 1, -2, 0, 0, 2 ], 
      [ 0, 0, -1, -1, 1, 0, -1, 2, 0, 0, 0, 0, 0, 0, -1, 1, 0, -1, 2, 1, 0, 
          -1, 2, 0, 1, -2, 0, 0, 2 ], 
      [ 0, 0, 0, -1, 1, 2, -1, -1, 0, 0, 0, 0, 0, 0, 0, 0, 0, 0, 0, 1, 2, 
          -1, -1, -2, 1, 1, 2, 2, -1 ], 
      [ 0, 0, 0, 0, 0, 0, 0, 0, 0, -1, 1, 2, -1, -1, 0, 0, 0, 0, 0, 1, 2, 
          -1, -1, -2, 1, 1, 2, 2, -1 ], 
      [ 0, 0, 0, 0, 0, 0, 0, 0, 0, 0, 0, 0, 0, 0, -1, 1, 2, -1, -1, 1, 2, 
          -1, -1, -2, 1, 1, 2, 2, -1 ], 
      [ 0, 0, 0, 0, 0, 0, 0, 0, -1, -1, 1, 1, -1, 1, -1, 1, 1, -1, 1, 1, 1, 
          -1, 1, -1, 1, -1, 1, -1, 1 ], 
      [ 0, 0, -1, -1, 1, 1, -1, 1, 0, 0, 0, 0, 0, 0, -1, 1, 1, -1, 1, 1, 1, 
          -1, 1, -1, 1, -1, 1, -1, 1 ], 
      [ 0, -1, -1, 0, 1, 1, -1, 1, -1, 0, 1, 1, -1, 1, 0, 1, 1, -1, 1, 0, 0, 
          0, 0, -1, 1, -1, 1, -1, 1 ], 
      [ 0, -1, 0, -1, 1, 1, -1, 1, 0, -1, 1, 1, -1, 1, 0, 0, 0, 0, 0, 1, 1, 
          -1, 1, -1, 1, -1, 1, -1, 1 ], 
      [ 0, -1, -1, -1, 2, 2, -1, 0, -1, -1, 2, 2, -1, 0, -1, 2, 2, -1, 0, 2, 
          2, -1, 0, -4, 2, 0, 2, 0, 0 ], 
      [ 0, -1, -1, -1, 2, 0, -1, 2, -1, -1, 2, 0, -1, 2, -1, 2, 0, -1, 2, 2, 
          0, -1, 2, 0, 2, -4, 0, 0, 2 ], 
      [ 0, -1, -1, 0, 1, 3, -1, -1, -1, 0, 1, 3, -1, -1, 0, 1, 3, -1, -1, 0, 
          0, 0, 0, -3, 1, 1, 3, 3, -1 ], 
      [ 0, -1, 0, -1, 1, 3, -1, -1, 0, -1, 1, 3, -1, -1, 0, 0, 0, 0, 0, 1, 
          3, -1, -1, -3, 1, 1, 3, 3, -1 ], 
      [ 0, 0, -1, -1, 1, 3, -1, -1, 0, 0, 0, 0, 0, 0, -1, 1, 3, -1, -1, 1, 
          3, -1, -1, -3, 1, 1, 3, 3, -1 ], 
      [ 0, 0, 0, 0, 0, 0, 0, 0, -1, -1, 1, -1, -1, 3, -1, 1, -1, -1, 3, 1, 
          -1, -1, 3, 1, 1, -3, -1, 3, 3 ], 
      [ 0, 0, 0, 0, 0, 0, 0, 0, -1, -1, 1, 3, -1, -1, -1, 1, 3, -1, -1, 1, 
          3, -1, -1, -3, 1, 1, 3, 3, -1 ], 
      [ 0, 0, -1, -1, 1, -1, -1, 3, 0, 0, 0, 0, 0, 0, -1, 1, -1, -1, 3, 1, 
          -1, -1, 3, 1, 1, -3, -1, 3, 3 ], 
      [ 0, -1, 0, -1, 1, -1, -1, 3, 0, -1, 1, -1, -1, 3, 0, 0, 0, 0, 0, 1, 
          -1, -1, 3, 1, 1, -3, -1, 3, 3 ], 
      [ 0, -1, -1, 0, 1, -1, -1, 3, -1, 0, 1, -1, -1, 3, 0, 1, -1, -1, 3, 0, 
          0, 0, 0, 1, 1, -3, -1, 3, 3 ], 
      [ 0, -1, -1, -1, 2, 3, -2, 0, -1, -1, 2, 3, -2, 0, -1, 2, 3, -2, 0, 2, 
          3, -2, 0, -6, 4, 0, 6, 0, 0 ], 
      [ 0, -1, -1, -1, 2, 0, -2, 3, -1, -1, 2, 0, -2, 3, -1, 2, 0, -2, 3, 2, 
          0, -2, 3, 0, 4, -6, 0, 0, 6 ], 
      [ 0, -1, -1, -1, 2, 1, -1, 1, -1, -1, 2, 1, -1, 1, -1, 2, 1, -1, 1, 2, 
          1, -1, 1, -2, 2, -2, 1, -1, 1 ], 
      [ 0, -1, -1, -1, 2, 3, -1, -1, -1, -1, 2, 3, -1, -1, -1, 2, 3, -1, -1, 
          2, 3, -1, -1, -6, 2, 2, 3, 3, -1 ], 
      [ 0, -1, -1, -1, 2, -1, -1, 3, -1, -1, 2, -1, -1, 3, -1, 2, -1, -1, 3, 
          2, -1, -1, 3, 2, 2, -6, -1, 3, 3 ], 
      [ 0, -1, -1, -1, 2, 2, -2, 1, -1, -1, 2, 2, -2, 1, -1, 2, 2, -2, 1, 2, 
          2, -2, 1, -4, 4, -2, 4, -2, 2 ], 
      [ 0, -1, -1, -1, 2, 1, -2, 2, -1, -1, 2, 1, -2, 2, -1, 2, 1, -2, 2, 2, 
          1, -2, 2, -2, 4, -4, 2, -2, 4 ], 
      [ 0, -1, -1, -1, 2, -1, -2, 4, -1, -1, 2, -1, -2, 4, -1, 2, -1, -2, 4, 
          2, -1, -2, 4, 2, 4, -8, -2, 4, 8 ], 
      [ 0, -1, -1, -1, 2, 4, -2, -1, -1, -1, 2, 4, -2, -1, -1, 2, 4, -2, -1, 
          2, 4, -2, -1, -8, 4, 2, 8, 4, -2 ], 
      [ 0, -1, -1, -1, 2, -2, -1, 4, -1, -1, 2, -2, -1, 4, -1, 2, -2, -1, 4, 
          2, -2, -1, 4, 4, 2, -8, -2, 8, 4 ], 
      [ 0, -1, -1, -1, 2, 4, -1, -2, -1, -1, 2, 4, -1, -2, -1, 2, 4, -1, -2, 
          2, 4, -1, -2, -8, 2, 4, 4, 8, -2 ], 
      [ 0, -1, -1, -1, 2, -2, -2, 5, -1, -1, 2, -2, -2, 5, -1, 2, -2, -2, 5, 
          2, -2, -2, 5, 4, 4, -10, -4, 10, 10 ], 
      [ 0, -1, -1, -1, 2, 5, -2, -2, -1, -1, 2, 5, -2, -2, -1, 2, 5, -2, -2, 
          2, 5, -2, -2, -10, 4, 4, 10, 10, -4 ] ],
  ListIncidentSymbol := 
   [ [ 0, 0, 0, 0, 0, 1, 1, -1 ], [ 0, 0, 0, 1, 0, 0, 1, -1 ], 
      [ -1, 0, 0, 0, 1, 0, 0, 1 ], [ 0, 0, 1, 0, 0, 0, 1, -1 ], 
      [ 0, -1, 0, 0, 1, 0, 0, 1 ], [ 0, 1, 0, 0, 0, 0, 1, -1 ], 
      [ 1, 0, 0, 0, 0, 0, 1, -1 ], [ 0, 0, 0, -1, 1, 1, 0, 0 ], 
      [ 0, 0, 0, 0, 1, 1, 0, -1 ], [ 0, 0, 0, 1, 0, -1, 1, 0 ], 
      [ 0, 0, -1, 0, 1, 1, 0, 0 ], [ 0, 0, 0, 1, 0, 1, 0, -1 ], 
      [ 0, 0, 0, -1, 1, 0, 0, 1 ], [ 0, 0, 0, 1, 0, -1, 0, 1 ], 
      [ 0, 0, 1, 0, 0, -1, 1, 0 ], [ 0, 0, 0, 0, 0, -1, 1, 1 ], 
      [ 0, -1, 0, 0, 1, 1, 0, 0 ], [ 0, 0, 1, 0, 0, 1, 0, -1 ], 
      [ 0, 0, -1, 0, 1, 0, 0, 1 ], [ 0, 0, 1, 0, 0, -1, 0, 1 ], 
      [ 0, 0, 0, 0, 1, -1, 0, 1 ], [ 1, 0, 0, 0, 0, 1, 0, -1 ], 
      [ 0, 1, 0, 0, 0, -1, 1, 0 ], [ -1, 0, 0, 0, 1, 1, 0, 0 ], 
      [ 0, 1, 0, 0, 0, 1, 0, -1 ], [ 0, 1, 0, 0, 0, -1, 0, 1 ], 
      [ 1, 0, 0, 0, 0, -1, 1, 0 ], [ 1, 0, 0, 0, 0, -1, 0, 1 ], 
      [ 0, 1, 1, 0, -1, -1, 1, 0 ], [ 0, 0, 1, 1, -1, -1, 1, 0 ], 
      [ 1, 0, 1, 0, -1, -1, 1, 0 ], [ 0, 1, 0, 1, -1, -1, 1, 0 ], 
      [ 1, 0, 0, 1, -1, -1, 1, 0 ], [ 1, 1, 0, 0, -1, 0, 1, -1 ], 
      [ 1, 0, 1, 0, -1, 0, 1, -1 ], [ 0, 1, 1, 0, -1, 0, 1, -1 ], 
      [ 1, 1, 0, 0, -1, -1, 1, 0 ], [ 0, 0, 1, 1, -1, 0, 1, -1 ], 
      [ 0, 1, 0, 1, -1, 0, 1, -1 ], [ 1, 0, 0, 1, -1, 0, 1, -1 ], 
      [ 1, 1, 1, 0, -1, -2, 1, 0 ], [ 0, 1, 1, 1, -1, -2, 1, 0 ], 
      [ 1, 1, 0, 1, -1, -2, 1, 0 ], [ 1, 0, 1, 1, -1, -2, 1, 0 ], 
      [ 0, 0, 1, 1, -1, 1, 1, -2 ], [ 0, 1, 0, 1, -1, 1, 1, -2 ], 
      [ 1, 0, 0, 1, -1, 1, 1, -2 ], [ 0, 1, 1, 0, -1, 1, 1, -2 ], 
      [ 1, 0, 1, 0, -1, 1, 1, -2 ], [ 1, 1, 0, 0, -1, 1, 1, -2 ], 
      [ 1, 1, 0, 0, -1, -2, 1, 1 ], [ 1, 1, 1, 0, -1, 0, 1, -2 ], 
      [ 0, 1, 1, 1, -1, 0, 1, -2 ], [ 1, 0, 1, 0, -1, -2, 1, 1 ], 
      [ 0, 1, 1, 0, -1, -2, 1, 1 ], [ 1, 1, 0, 1, -1, 0, 1, -2 ], 
      [ 1, 0, 1, 1, -1, 0, 1, -2 ], [ 1, 0, 0, 1, -1, -2, 1, 1 ], 
      [ 0, 1, 0, 1, -1, -2, 1, 1 ], [ 0, 0, 1, 1, -1, -2, 1, 1 ], 
      [ 0, 1, 1, 1, -1, -1, 1, -1 ], [ 1, 0, 1, 1, -1, -1, 1, -1 ], 
      [ 1, 1, 1, 0, -1, -1, 1, -1 ], [ 1, 1, 0, 1, -1, -1, 1, -1 ], 
      [ 1, 1, 1, 1, -2, -2, 1, 0 ], [ 1, 1, 1, 1, -2, 0, 1, -2 ], 
      [ 1, 1, 1, 0, -1, -3, 1, 1 ], [ 1, 1, 0, 1, -1, -3, 1, 1 ], 
      [ 1, 0, 1, 1, -1, -3, 1, 1 ], [ 0, 1, 1, 1, -1, 1, 1, -3 ], 
      [ 0, 1, 1, 1, -1, -3, 1, 1 ], [ 1, 0, 1, 1, -1, 1, 1, -3 ], 
      [ 1, 1, 0, 1, -1, 1, 1, -3 ], [ 1, 1, 1, 0, -1, 1, 1, -3 ], 
      [ 1, 1, 1, 1, -2, -3, 2, 0 ], [ 1, 1, 1, 1, -2, 0, 2, -3 ], 
      [ 1, 1, 1, 1, -2, -1, 1, -1 ], [ 1, 1, 1, 1, -2, -3, 1, 1 ], 
      [ 1, 1, 1, 1, -2, 1, 1, -3 ], [ 1, 1, 1, 1, -2, -2, 2, -1 ], 
      [ 1, 1, 1, 1, -2, -1, 2, -2 ], [ 1, 1, 1, 1, -2, 1, 2, -4 ], 
      [ 1, 1, 1, 1, -2, -4, 2, 1 ], [ 1, 1, 1, 1, -2, 2, 1, -4 ], 
      [ 1, 1, 1, 1, -2, -4, 1, 2 ], [ 1, 1, 1, 1, -2, 2, 2, -5 ], 
      [ 1, 1, 1, 1, -2, -5, 2, 2 ] ],
  ListAdjacent := [ rec(
          DistVect := [ 0, 1, 0, 1, 0, 1, 1, 1, 1, 0, 1, 0, 0, 0, 1, 0, 1, 
              1, 1, 1, 0, 0, 0, 1, 1, 1, 0, 0, 0 ],
          eAdj := [ 1, 2, 3, 4, 5, 6, 7, 8, 9, 10, 11, 12, 13, 14, 15, 16, 
              17, 18, 19, 20, 21, 22, 23, 24, 25, 26, 27, 28, 29, 30, 31, 
              33, 34, 35, 36, 37, 38, 40, 41, 42, 43, 44, 45, 47, 48, 49, 
              50, 51, 52, 53, 54, 55, 56, 57, 58, 60, 61, 62, 63, 64, 65, 
              66, 67, 68, 69, 70, 71, 72, 73, 74, 75, 76, 77, 78, 79, 80, 
              81, 82, 83, 84, 85, 86, 87 ] ), rec(
          DistVect := [ 0, 1, 1, 1, 0, 1, 0, 1, 0, 0, 1, 0, 1, 0, 0, 1, 0, 
              1, 0, 1, 0, 1, 0, 1, 0, 1, 1, 0, 1 ],
          eAdj := [ 1, 2, 3, 4, 5, 6, 8, 9, 10, 11, 12, 13, 14, 15, 16, 17, 
              18, 19, 20, 21, 22, 23, 24, 25, 26, 28, 29, 30, 31, 32, 33, 
              34, 35, 36, 37, 38, 39, 40, 41, 42, 43, 44, 45, 46, 47, 48, 
              49, 50, 51, 52, 53, 54, 55, 56, 57, 58, 59, 60, 61, 62, 63, 
              64, 65, 66, 67, 68, 69, 70, 71, 72, 73, 74, 75, 76, 77, 78, 
              79, 80, 81, 82, 83, 84, 85, 86, 87 ] ), rec(
          DistVect := [ 0, 1, 0, 0, 0, 0, 0, 0, 1, 1, 1, 1, 1, 1, 0, 0, 0, 
              0, 0, 0, 0, 0, 0, 0, 0, 0, 0, 0, 0 ],
          eAdj := [ 1, 2, 3, 4, 6, 7, 8, 9, 10, 11, 12, 13, 14, 15, 16, 18, 
              19, 20, 21, 22, 23, 24, 25, 26, 27, 28, 29, 30, 31, 32, 33, 
              34, 35, 36, 37, 38, 39, 40, 41, 42, 43, 44, 45, 46, 47, 48, 
              49, 50, 51, 52, 53, 54, 55, 56, 57, 58, 59, 60, 61, 62, 63, 
              64, 65, 66, 67, 68, 69, 70, 71, 72, 73, 74, 75, 76, 77, 78, 
              79, 80, 81, 82, 83, 84, 85, 86, 87 ] ), rec(
          DistVect := [ 0, 4, 4, 4, 4, 5, 8, 4, 4, 4, 4, 3, 8, 4, 4, 4, 5, 
              8, 4, 4, 5, 8, 4, 7, 8, 8, 5, 3, 4 ],
          eAdj := [ 2, 3, 4, 5, 6, 7, 13, 17, 19, 23, 34, 35, 36, 38, 39, 
              40, 52, 53, 56, 57, 61, 63, 64, 66, 76, 81 ] ), rec(
          DistVect := [ 0, 4, 4, 4, 4, 3, 8, 4, 4, 4, 4, 3, 8, 4, 4, 4, 3, 
              8, 4, 4, 3, 8, 4, 5, 8, 8, 7, 3, 4 ],
          eAdj := [ 1, 2, 3, 4, 5, 6, 7, 13, 19, 21, 34, 35, 36, 38, 39, 40, 
              52, 53, 56, 57, 61, 62, 63, 64, 66, 76 ] ), rec(
          DistVect := [ 0, 4, 4, 4, 5, 4, 7, 3, 4, 4, 5, 4, 7, 3, 4, 5, 4, 
              7, 3, 5, 4, 7, 3, 5, 8, 8, 7, 3, 4 ],
          eAdj := [ 1, 2, 3, 4, 5, 6, 7, 13, 19, 21, 45, 46, 47, 48, 49, 50, 
              52, 53, 56, 57, 70, 72, 73, 74, 79, 82 ] ), rec(
          DistVect := [ 0, 1, 1, 1, 1, 1, 2, 1, 1, 1, 2, 1, 1, 0, 1, 1, 1, 
              2, 1, 1, 1, 2, 1, 1, 2, 2, 2, 1, 1 ],
          eAdj := [ 1, 2, 3, 4, 5, 6, 7, 13, 19, 21, 25, 35, 38, 40, 45, 46, 
              47, 48, 49, 50, 52, 53, 56, 57, 70, 73, 74, 79, 82 ] ), rec(
          DistVect := [ 0, 4, 4, 4, 4, 5, 8, 4, 4, 4, 4, 5, 8, 4, 4, 4, 7, 
              8, 4, 4, 5, 8, 4, 9, 8, 8, 5, 3, 4 ],
          eAdj := [ 2, 3, 4, 5, 6, 7, 8, 13, 17, 18, 19, 24, 34, 35, 36, 38, 
              39, 40, 52, 53, 56, 57, 64, 66, 76, 81 ] ), rec(
          DistVect := [ 0, 1, 1, 1, 1, 1, 2, 1, 1, 1, 1, 1, 2, 1, 1, 1, 2, 
              2, 1, 1, 1, 2, 1, 2, 2, 2, 2, 1, 1 ],
          eAdj := [ 1, 2, 3, 4, 5, 6, 7, 8, 13, 17, 18, 19, 24, 34, 35, 36, 
              38, 39, 40, 45, 48, 49, 52, 53, 56, 57, 64, 66, 76 ] ), rec(
          DistVect := [ 0, 4, 5, 5, 3, 4, 7, 7, 5, 5, 3, 4, 7, 7, 4, 4, 5, 
              8, 4, 4, 5, 8, 4, 7, 8, 8, 3, 3, 4 ],
          eAdj := [ 2, 4, 10, 13, 15, 17, 19, 23, 24, 26, 27, 28, 29, 31, 
              32, 33, 37, 38, 41, 43, 51, 61, 62, 65, 77, 80 ] ), rec(
          DistVect := [ 0, 4, 4, 4, 5, 4, 8, 3, 4, 4, 5, 4, 8, 3, 4, 5, 4, 
              8, 3, 5, 4, 8, 3, 5, 5, 8, 4, 3, 7 ],
          eAdj := [ 3, 5, 10, 13, 15, 16, 19, 21, 23, 27, 34, 35, 36, 38, 
              39, 40, 52, 53, 56, 57, 61, 62, 63, 64, 66, 81 ] ), rec(
          DistVect := [ 0, 4, 4, 4, 4, 3, 7, 4, 4, 4, 4, 3, 7, 4, 4, 4, 3, 
              7, 4, 4, 3, 7, 4, 5, 5, 8, 4, 3, 7 ],
          eAdj := [ 3, 5, 10, 13, 15, 16, 19, 21, 23, 27, 29, 30, 31, 32, 
              33, 37, 41, 42, 43, 44, 61, 62, 63, 64, 77, 80 ] ), rec(
          DistVect := [ 0, 4, 4, 4, 3, 4, 8, 5, 4, 4, 3, 4, 8, 5, 4, 5, 4, 
              8, 3, 5, 4, 8, 3, 5, 7, 8, 4, 3, 5 ],
          eAdj := [ 2, 3, 4, 5, 10, 13, 15, 19, 21, 23, 27, 34, 35, 36, 37, 
              38, 39, 40, 53, 57, 61, 62, 63, 64, 66, 81 ] ), rec(
          DistVect := [ 0, 7, 5, 5, 3, 4, 7, 7, 4, 4, 4, 7, 8, 4, 4, 4, 5, 
              8, 4, 4, 5, 8, 4, 7, 8, 8, 3, 3, 4 ],
          eAdj := [ 2, 4, 5, 6, 10, 13, 15, 19, 24, 25, 27, 28, 31, 33, 34, 
              36, 37, 38, 39, 53, 62, 63, 64, 66, 77, 81 ] ), rec(
          DistVect := [ 0, 5, 5, 5, 3, 4, 7, 7, 4, 4, 4, 5, 8, 4, 4, 4, 5, 
              8, 4, 4, 5, 8, 4, 7, 8, 8, 3, 3, 4 ],
          eAdj := [ 2, 4, 5, 6, 10, 13, 15, 19, 23, 24, 27, 28, 31, 33, 36, 
              37, 38, 39, 53, 61, 62, 63, 64, 77, 80, 81 ] ), rec(
          DistVect := [ 0, 4, 4, 4, 4, 5, 8, 4, 4, 4, 4, 7, 8, 4, 4, 4, 5, 
              8, 4, 4, 5, 8, 4, 7, 8, 8, 3, 3, 4 ],
          eAdj := [ 2, 3, 4, 5, 6, 7, 10, 13, 15, 19, 25, 27, 34, 35, 36, 
              38, 39, 40, 52, 53, 56, 57, 62, 66, 76, 81 ] ), rec(
          DistVect := [ 0, 4, 4, 4, 4, 5, 8, 4, 4, 4, 4, 5, 8, 4, 4, 4, 3, 
              8, 4, 4, 3, 8, 4, 5, 8, 8, 5, 3, 4 ],
          eAdj := [ 2, 3, 4, 5, 6, 7, 10, 13, 15, 19, 21, 34, 35, 36, 38, 
              39, 40, 50, 52, 53, 56, 57, 61, 62, 66, 76 ] ), rec(
          DistVect := [ 0, 4, 4, 4, 4, 7, 8, 4, 4, 4, 4, 7, 8, 4, 4, 4, 5, 
              8, 4, 4, 5, 8, 4, 7, 8, 8, 3, 3, 4 ],
          eAdj := [ 2, 3, 4, 5, 6, 7, 10, 13, 15, 19, 22, 25, 34, 35, 36, 
              38, 39, 40, 50, 52, 53, 56, 57, 66, 76, 79 ] ), rec(
          DistVect := [ 0, 4, 4, 4, 4, 5, 8, 4, 4, 4, 4, 5, 8, 4, 4, 4, 5, 
              8, 4, 4, 5, 8, 4, 5, 8, 8, 3, 3, 4 ],
          eAdj := [ 2, 3, 4, 5, 6, 7, 10, 13, 15, 19, 21, 23, 27, 34, 35, 
              36, 38, 39, 40, 52, 53, 56, 57, 66, 76, 79 ] ), rec(
          DistVect := [ 0, 4, 4, 4, 3, 4, 8, 5, 4, 4, 3, 4, 8, 5, 4, 3, 4, 
              8, 5, 3, 4, 8, 5, 5, 9, 8, 4, 3, 3 ],
          eAdj := [ 2, 3, 4, 5, 6, 7, 10, 13, 15, 19, 21, 23, 27, 34, 35, 
              36, 38, 39, 40, 61, 62, 63, 64, 66, 77, 81 ] ), rec(
          DistVect := [ 0, 4, 7, 4, 4, 4, 8, 7, 7, 4, 4, 4, 8, 7, 5, 5, 7, 
              7, 4, 4, 4, 8, 5, 8, 8, 9, 4, 3, 3 ],
          eAdj := [ 2, 4, 8, 10, 13, 17, 18, 19, 23, 24, 26, 27, 28, 32, 33, 
              35, 36, 37, 38, 43, 61, 62, 63, 77, 80, 81 ] ), rec(
          DistVect := [ 0, 4, 7, 5, 5, 4, 7, 7, 7, 5, 5, 4, 7, 7, 4, 4, 7, 
              8, 4, 4, 5, 8, 4, 9, 8, 8, 3, 3, 4 ],
          eAdj := [ 2, 4, 8, 10, 13, 17, 18, 19, 23, 24, 26, 27, 28, 29, 31, 
              32, 33, 38, 41, 43, 51, 61, 62, 65, 75, 80 ] ), rec(
          DistVect := [ 0, 4, 5, 4, 4, 4, 8, 5, 5, 4, 4, 4, 8, 5, 5, 5, 7, 
              9, 4, 4, 4, 8, 5, 8, 8, 9, 4, 3, 5 ],
          eAdj := [ 3, 4, 5, 8, 10, 13, 17, 18, 19, 23, 24, 27, 32, 33, 35, 
              36, 37, 38, 43, 61, 62, 63, 64, 77, 80, 81 ] ), rec(
          DistVect := [ 0, 4, 4, 4, 4, 7, 8, 4, 4, 4, 4, 7, 8, 4, 4, 4, 7, 
              8, 4, 4, 5, 8, 4, 9, 8, 8, 3, 3, 4 ],
          eAdj := [ 2, 3, 4, 5, 6, 7, 8, 10, 13, 18, 19, 22, 25, 34, 35, 36, 
              38, 39, 40, 52, 53, 56, 57, 66, 76, 81 ] ), rec(
          DistVect := [ 0, 4, 4, 5, 5, 7, 7, 4, 4, 5, 5, 7, 7, 4, 5, 5, 7, 
              7, 4, 4, 4, 8, 5, 8, 8, 9, 4, 3, 3 ],
          eAdj := [ 2, 3, 4, 5, 6, 7, 8, 10, 13, 18, 19, 22, 25, 38, 39, 40, 
              48, 49, 50, 53, 56, 57, 74, 76, 79, 82 ] ), rec(
          DistVect := [ 0, 4, 4, 4, 4, 4, 9, 5, 4, 4, 4, 4, 9, 5, 4, 4, 4, 
              7, 3, 4, 4, 7, 3, 8, 7, 7, 7, 3, 4 ],
          eAdj := [ 1, 2, 4, 6, 7, 8, 11, 13, 17, 19, 24, 34, 35, 36, 37, 
              38, 39, 40, 53, 57, 61, 62, 63, 64, 77, 81 ] ), rec(
          DistVect := [ 0, 4, 4, 4, 4, 5, 8, 4, 4, 4, 4, 5, 8, 4, 4, 4, 3, 
              8, 4, 4, 3, 8, 4, 7, 8, 8, 7, 3, 4 ],
          eAdj := [ 1, 2, 3, 4, 5, 6, 7, 8, 11, 13, 19, 34, 35, 36, 38, 39, 
              40, 50, 52, 53, 56, 57, 61, 62, 66, 76 ] ), rec(
          DistVect := [ 0, 1, 1, 1, 2, 1, 2, 2, 1, 1, 2, 1, 2, 2, 1, 2, 1, 
              2, 2, 2, 1, 2, 2, 3, 2, 2, 1, 1, 1 ],
          eAdj := [ 8, 9, 10, 11, 14, 15, 17, 20, 23, 24, 26, 27, 28, 51, 
              54, 55, 58, 59, 60, 67, 68, 69, 71, 83, 85, 87 ] ), rec(
          DistVect := [ 0, 0, 0, 0, 1, 0, 0, 1, 0, 0, 1, 0, 0, 1, 0, 1, 0, 
              0, 1, 1, 0, 0, 1, 1, 1, 0, 0, 1, 1 ],
          eAdj := [ 8, 9, 10, 11, 14, 15, 16, 17, 20, 23, 24, 26, 27, 28, 
              51, 54, 55, 58, 59, 60, 67, 68, 69, 71, 85, 87 ] ), rec(
          DistVect := [ 0, 1, 1, 1, 1, 1, 2, 1, 1, 1, 1, 0, 1, 1, 1, 1, 1, 
              2, 1, 1, 1, 2, 1, 1, 1, 2, 1, 1, 2 ],
          eAdj := [ 3, 5, 10, 13, 15, 16, 17, 19, 21, 23, 26, 27, 29, 30, 
              31, 32, 33, 35, 37, 38, 40, 41, 42, 43, 61, 62, 63, 64, 77, 80 
             ] ), rec(
          DistVect := [ 0, 1, 1, 1, 1, 1, 2, 1, 1, 1, 2, 1, 2, 0, 1, 1, 1, 
              2, 1, 1, 1, 2, 1, 1, 1, 2, 1, 1, 2 ],
          eAdj := [ 3, 5, 6, 10, 13, 15, 16, 19, 21, 23, 25, 27, 30, 31, 33, 
              34, 35, 36, 38, 39, 40, 52, 53, 56, 61, 62, 63, 64, 66, 81 ] ),
      rec(
          DistVect := [ 0, 1, 1, 1, 1, 1, 2, 1, 1, 1, 1, 1, 2, 1, 1, 1, 2, 
              2, 1, 1, 1, 2, 1, 1, 2, 2, 1, 1, 1 ],
          eAdj := [ 2, 3, 4, 5, 6, 7, 10, 13, 18, 19, 21, 23, 27, 34, 35, 
              36, 38, 39, 40, 45, 48, 49, 52, 53, 56, 57, 64, 66, 76, 79 ] ),
      rec(
          DistVect := [ 0, 1, 1, 1, 1, 1, 2, 1, 1, 1, 1, 1, 2, 1, 1, 1, 2, 
              3, 1, 1, 1, 2, 1, 2, 2, 2, 1, 1, 2 ],
          eAdj := [ 3, 4, 5, 8, 10, 13, 15, 16, 17, 18, 19, 23, 24, 27, 29, 
              30, 31, 32, 33, 35, 36, 37, 38, 43, 61, 62, 63, 64, 77, 80 ] ),
      rec(
          DistVect := [ 0, 1, 2, 1, 1, 1, 2, 2, 1, 1, 1, 1, 2, 1, 2, 1, 2, 
              2, 1, 1, 1, 2, 2, 2, 2, 2, 1, 1, 1 ],
          eAdj := [ 4, 5, 6, 8, 10, 14, 17, 18, 19, 23, 24, 27, 28, 30, 31, 
              32, 33, 35, 36, 37, 38, 43, 44, 58, 61, 62, 63, 65, 77, 80 ] ),
      rec(
          DistVect := [ 0, 1, 1, 2, 2, 2, 2, 1, 1, 2, 2, 2, 2, 1, 2, 2, 2, 
              2, 1, 1, 1, 2, 2, 2, 2, 3, 1, 1, 1 ],
          eAdj := [ 3, 4, 5, 6, 7, 8, 10, 13, 14, 18, 19, 21, 22, 25, 38, 
              39, 40, 48, 49, 50, 53, 56, 57, 74, 76, 79, 82 ] ), rec(
          DistVect := [ 0, 1, 1, 1, 1, 1, 1, 2, 1, 1, 1, 1, 1, 2, 1, 1, 1, 
              1, 2, 1, 1, 1, 2, 2, 2, 2, 0, 1, 1 ],
          eAdj := [ 8, 10, 11, 14, 15, 16, 17, 20, 23, 24, 26, 27, 28, 51, 
              54, 55, 58, 59, 60, 67, 68, 69, 71, 78, 83, 85, 87 ] ), rec(
          DistVect := [ 0, 1, 1, 1, 1, 1, 2, 2, 1, 1, 1, 1, 2, 1, 1, 1, 1, 
              2, 2, 1, 1, 2, 2, 2, 2, 2, 1, 1, 1 ],
          eAdj := [ 5, 6, 8, 10, 11, 14, 15, 17, 20, 23, 24, 27, 28, 29, 30, 
              31, 32, 33, 37, 41, 42, 43, 44, 54, 58, 60, 65, 69, 75, 78 ] ),
      rec(
          DistVect := [ 0, 1, 1, 1, 1, 1, 2, 1, 1, 1, 1, 0, 2, 1, 1, 1, 1, 
              2, 1, 1, 1, 2, 1, 1, 2, 2, 2, 1, 1 ],
          eAdj := [ 1, 2, 3, 4, 5, 6, 7, 13, 17, 19, 21, 23, 26, 34, 35, 36, 
              38, 39, 40, 45, 47, 49, 52, 53, 56, 57, 61, 63, 64, 66, 76 ] ),
      rec(
          DistVect := [ 0, 1, 2, 1, 1, 1, 1, 2, 2, 1, 1, 1, 1, 2, 2, 1, 2, 
              2, 1, 1, 1, 1, 2, 2, 2, 2, 0, 1, 1 ],
          eAdj := [ 4, 8, 10, 14, 15, 16, 17, 18, 19, 23, 24, 26, 27, 28, 
              29, 30, 31, 41, 42, 44, 51, 58, 59, 65, 68, 75, 78, 83 ] ), 
      rec(
          DistVect := [ 0, 2, 2, 1, 1, 1, 2, 2, 1, 2, 2, 2, 2, 1, 2, 2, 2, 
              2, 1, 1, 1, 2, 2, 2, 2, 3, 1, 1, 1 ],
          eAdj := [ 3, 4, 5, 6, 8, 10, 13, 14, 18, 19, 21, 24, 25, 27, 28, 
              33, 34, 35, 38, 39, 48, 52, 53, 62, 64, 66, 76, 81 ] ), rec(
          DistVect := [ 0, 1, 1, 1, 1, 1, 2, 1, 1, 1, 1, 1, 2, 1, 1, 1, 1, 
              2, 1, 0, 1, 2, 2, 1, 2, 2, 1, 1, 1 ],
          eAdj := [ 3, 4, 5, 6, 7, 8, 10, 13, 14, 15, 19, 21, 23, 27, 30, 
              32, 33, 34, 35, 36, 38, 39, 40, 52, 61, 62, 63, 64, 66, 77, 81 
             ] ), rec(
          DistVect := [ 0, 1, 2, 1, 1, 1, 2, 2, 2, 1, 1, 1, 2, 2, 2, 2, 2, 
              2, 1, 1, 1, 2, 2, 2, 2, 3, 1, 1, 1 ],
          eAdj := [ 3, 4, 5, 8, 10, 13, 14, 17, 18, 19, 21, 23, 24, 26, 27, 
              28, 32, 33, 35, 36, 37, 38, 43, 61, 62, 63, 77, 80, 81 ] ), 
      rec(
          DistVect := [ 0, 2, 2, 1, 1, 1, 1, 2, 1, 2, 1, 2, 2, 1, 2, 1, 2, 
              2, 1, 1, 1, 1, 2, 2, 2, 2, 0, 1, 1 ],
          eAdj := [ 4, 5, 6, 8, 10, 14, 15, 16, 18, 19, 23, 24, 25, 27, 28, 
              30, 31, 32, 36, 37, 43, 44, 58, 61, 63, 65, 75, 77, 80 ] ), 
      rec(
          DistVect := [ 0, 1, 2, 1, 1, 1, 2, 2, 1, 1, 1, 1, 2, 1, 1, 1, 2, 
              2, 1, 1, 1, 2, 1, 2, 2, 2, 1, 1, 1 ],
          eAdj := [ 2, 4, 5, 6, 8, 10, 13, 17, 18, 19, 23, 24, 27, 28, 31, 
              32, 33, 35, 36, 37, 38, 39, 43, 53, 61, 62, 63, 64, 77, 80, 81 
             ] ), rec(
          DistVect := [ 0, 1, 1, 1, 1, 2, 2, 1, 1, 1, 1, 1, 2, 1, 1, 1, 2, 
              2, 1, 1, 1, 2, 1, 2, 2, 2, 1, 1, 1 ],
          eAdj := [ 2, 3, 4, 5, 6, 7, 8, 10, 13, 17, 18, 19, 22, 23, 32, 34, 
              35, 36, 38, 39, 40, 49, 52, 53, 56, 57, 61, 64, 66, 76, 81 ] ),
      rec(
          DistVect := [ 0, 1, 1, 1, 1, 1, 2, 1, 1, 1, 1, 1, 2, 1, 1, 1, 1, 
              2, 1, 1, 1, 2, 1, 1, 2, 2, 1, 1, 1 ],
          eAdj := [ 2, 3, 4, 5, 6, 7, 10, 13, 15, 19, 21, 23, 27, 34, 35, 
              36, 38, 39, 40, 52, 53, 56, 57, 61, 62, 63, 64, 66, 76, 81 ] ),
      rec(
          DistVect := [ 0, 1, 2, 1, 1, 1, 2, 2, 2, 1, 1, 1, 2, 2, 2, 1, 2, 
              1, 1, 1, 1, 2, 2, 2, 2, 2, 1, 1, 0 ],
          eAdj := [ 1, 2, 4, 6, 7, 8, 10, 14, 17, 18, 19, 23, 24, 26, 27, 
              28, 32, 33, 35, 36, 37, 38, 43, 61, 62, 63, 65, 77, 80, 81 ] ),
      rec(
          DistVect := [ 0, 1, 1, 1, 1, 1, 2, 2, 1, 1, 1, 1, 2, 2, 1, 1, 1, 
              2, 2, 1, 1, 2, 2, 2, 2, 3, 1, 1, 1 ],
          eAdj := [ 3, 5, 8, 10, 11, 13, 14, 15, 17, 19, 20, 21, 23, 24, 26, 
              27, 28, 29, 30, 31, 32, 33, 37, 41, 42, 43, 44, 65, 75, 80 ] ),
      rec(
          DistVect := [ 0, 1, 1, 1, 1, 1, 2, 1, 1, 1, 1, 1, 2, 1, 1, 1, 1, 
              2, 1, 1, 1, 2, 1, 2, 2, 2, 2, 1, 1 ],
          eAdj := [ 1, 2, 3, 4, 5, 6, 7, 8, 11, 13, 17, 19, 24, 34, 35, 36, 
              38, 39, 40, 52, 53, 56, 57, 61, 62, 63, 64, 66, 76, 77, 81 ] ),
      rec(
          DistVect := [ 0, 1, 1, 1, 1, 1, 2, 2, 1, 1, 1, 1, 2, 2, 1, 1, 1, 
              2, 2, 1, 1, 2, 2, 2, 2, 2, 1, 1, 0 ],
          eAdj := [ 1, 2, 4, 6, 7, 8, 10, 11, 14, 15, 17, 20, 23, 24, 26, 
              27, 28, 29, 30, 31, 32, 33, 37, 41, 42, 43, 44, 65, 75, 78, 80 
             ] ), rec(
          DistVect := [ 0, 0, 0, 1, 1, 1, 0, 0, 0, 1, 1, 1, 0, 0, 1, 1, 1, 
              0, 0, 0, 0, 1, 1, 0, 1, 1, 1, 1, 0 ],
          eAdj := [ 1, 2, 3, 4, 5, 6, 7, 8, 10, 13, 14, 18, 19, 21, 22, 25, 
              38, 39, 40, 45, 46, 47, 48, 49, 50, 53, 56, 57, 70, 72, 73, 
              74, 79, 82, 84, 86 ] ), rec(
          DistVect := [ 0, 0, 1, 1, 1, 1, 0, 0, 1, 1, 1, 1, 0, 0, 0, 0, 0, 
              1, 1, 0, 0, 1, 1, 0, 1, 1, 1, 1, 0 ],
          eAdj := [ 1, 2, 3, 4, 5, 6, 7, 8, 10, 11, 13, 14, 15, 19, 20, 21, 
              22, 25, 30, 35, 36, 38, 39, 40, 46, 47, 48, 49, 50, 52, 53, 
              56, 57, 61, 62, 66, 73, 74, 76, 79, 82 ] ), rec(
          DistVect := [ 0, 0, 1, 0, 0, 0, 0, 1, 1, 0, 0, 0, 0, 1, 1, 1, 1, 
              1, 0, 0, 0, 0, 1, 0, 0, 1, 0, 1, 1 ],
          eAdj := [ 3, 4, 5, 8, 10, 13, 14, 15, 16, 17, 18, 19, 21, 23, 24, 
              26, 27, 28, 29, 30, 31, 32, 33, 35, 36, 37, 38, 41, 42, 43, 
              44, 51, 58, 59, 61, 62, 63, 65, 68, 75, 77, 80 ] ), rec(
          DistVect := [ 0, 1, 1, 0, 0, 0, 0, 1, 0, 1, 1, 1, 1, 0, 1, 1, 1, 
              1, 0, 0, 0, 0, 1, 0, 0, 1, 0, 1, 1 ],
          eAdj := [ 3, 4, 5, 6, 8, 10, 13, 14, 15, 16, 18, 19, 21, 23, 24, 
              25, 27, 28, 30, 31, 32, 33, 34, 35, 36, 37, 38, 39, 43, 44, 
              48, 52, 53, 58, 61, 62, 63, 64, 66, 77, 80, 81 ] ), rec(
          DistVect := [ 0, 0, 0, 1, 1, 1, 1, 0, 0, 1, 1, 1, 1, 0, 1, 1, 1, 
              1, 0, 0, 0, 0, 1, 0, 0, 1, 0, 1, 1 ],
          eAdj := [ 3, 4, 5, 6, 7, 8, 10, 13, 14, 15, 16, 18, 19, 21, 22, 
              23, 25, 27, 30, 32, 33, 34, 35, 36, 38, 39, 40, 48, 49, 50, 
              52, 53, 56, 57, 61, 62, 64, 66, 74, 76, 79, 81 ] ), rec(
          DistVect := [ 0, 0, 0, 0, 0, 0, 0, 1, 0, 0, 0, 0, 0, 1, 0, 0, 0, 
              0, 1, 0, 0, 0, 1, 0, 0, 1, 0, 1, 1 ],
          eAdj := [ 3, 5, 8, 10, 11, 13, 14, 15, 16, 17, 19, 20, 21, 23, 24, 
              26, 27, 28, 29, 30, 31, 32, 33, 37, 41, 42, 43, 44, 51, 54, 
              55, 58, 59, 60, 65, 67, 68, 69, 71, 75, 78, 83 ] ), rec(
          DistVect := [ 0, 0, 0, 0, 1, 0, 1, 1, 0, 0, 1, 0, 1, 1, 0, 1, 0, 
              1, 1, 1, 0, 1, 1, 1, 0, 0, 1, 1, 0 ],
          eAdj := [ 1, 2, 4, 6, 7, 8, 9, 10, 11, 14, 15, 17, 20, 23, 24, 26, 
              27, 28, 29, 30, 31, 32, 33, 37, 41, 42, 43, 44, 51, 54, 55, 
              58, 59, 60, 67, 68, 69, 71, 75, 78, 83, 85 ] ), rec(
          DistVect := [ 0, 0, 1, 0, 0, 0, 1, 1, 1, 0, 0, 0, 1, 1, 1, 1, 1, 
              0, 0, 0, 0, 1, 1, 0, 1, 1, 1, 1, 0 ],
          eAdj := [ 1, 2, 3, 4, 5, 6, 7, 8, 10, 13, 14, 17, 18, 19, 21, 23, 
              24, 26, 27, 28, 32, 33, 34, 35, 36, 37, 38, 39, 40, 43, 45, 
              48, 49, 52, 53, 57, 61, 62, 63, 64, 66, 76, 77, 81 ] ), rec(
          DistVect := [ 0, 0, 0, 0, 0, 0, 1, 1, 0, 0, 0, 0, 1, 1, 0, 0, 0, 
              1, 1, 0, 0, 1, 1, 0, 1, 1, 1, 1, 0 ],
          eAdj := [ 1, 2, 3, 4, 5, 6, 7, 8, 10, 11, 13, 14, 15, 17, 19, 20, 
              21, 23, 24, 26, 27, 28, 29, 30, 31, 32, 33, 34, 35, 36, 37, 
              38, 39, 40, 41, 42, 43, 44, 61, 62, 63, 64, 65, 77, 80, 81 ] ),
      rec(
          DistVect := [ 0, 0, 0, 0, 0, 0, 1, 0, 0, 0, 0, 0, 1, 0, 0, 0, 0, 
              1, 0, 0, 0, 1, 0, 0, 1, 0, 1, 0, 1 ],
          eAdj := [ 1, 2, 3, 4, 5, 6, 7, 8, 9, 10, 11, 12, 13, 14, 15, 16, 
              17, 18, 19, 20, 21, 22, 23, 24, 25, 26, 27, 28, 29, 30, 31, 
              32, 33, 34, 35, 36, 37, 38, 39, 40, 41, 42, 43, 44, 45, 46, 
              47, 48, 49, 50, 51, 52, 53, 54, 55, 56, 57, 58, 59, 60, 61, 
              62, 63, 64, 65, 66, 67, 68, 69, 70, 71, 72, 73, 74, 77, 78, 
              79, 84, 85 ] ), rec(
          DistVect := [ 0, 0, 0, 0, 1, 0, 1, 0, 0, 0, 1, 0, 1, 0, 0, 1, 0, 
              1, 0, 1, 0, 1, 0, 1, 0, 1, 1, 0, 1 ],
          eAdj := [ 1, 2, 3, 4, 5, 6, 7, 8, 9, 10, 11, 12, 13, 14, 15, 16, 
              17, 18, 19, 20, 21, 22, 23, 24, 25, 26, 27, 28, 29, 30, 31, 
              32, 33, 34, 35, 36, 37, 38, 39, 40, 41, 42, 43, 44, 45, 46, 
              47, 48, 49, 50, 51, 52, 53, 54, 55, 56, 57, 58, 59, 60, 61, 
              62, 63, 64, 67, 68, 69, 70, 71, 72, 73, 74, 75, 76, 80, 81, 
              82, 83, 86, 87 ] ), rec(
          DistVect := [ 0, 1, 0, 0, 0, 1, 1, 1, 1, 1, 1, 0, 0, 0, 0, 0, 1, 
              1, 1, 0, 1, 1, 1, 1, 1, 1, 0, 0, 0 ],
          eAdj := [ 1, 2, 3, 4, 5, 6, 7, 8, 9, 10, 11, 12, 13, 14, 15, 16, 
              17, 18, 19, 20, 21, 22, 23, 24, 25, 26, 27, 28, 29, 30, 31, 
              32, 33, 34, 35, 36, 37, 38, 39, 40, 41, 42, 43, 45, 46, 47, 
              48, 49, 50, 51, 52, 53, 54, 55, 56, 58, 59, 60, 61, 63, 64, 
              65, 66, 67, 68, 70, 71, 73, 74, 75, 76, 77, 78, 79, 80, 81, 
              82, 83, 84, 85, 86, 87 ] ), rec(
          DistVect := [ 0, 4, 4, 4, 4, 5, 8, 4, 4, 4, 4, 3, 8, 4, 4, 4, 7, 
              8, 4, 4, 5, 8, 4, 7, 8, 8, 5, 3, 4 ],
          eAdj := [ 2, 3, 4, 5, 6, 7, 13, 17, 18, 19, 23, 34, 35, 36, 38, 
              39, 40, 45, 49, 52, 53, 56, 57, 64, 66, 76 ] ), rec(
          DistVect := [ 0, 4, 5, 4, 4, 4, 8, 5, 3, 4, 4, 4, 8, 3, 5, 3, 7, 
              9, 4, 4, 4, 8, 5, 8, 8, 7, 4, 3, 5 ],
          eAdj := [ 4, 5, 6, 8, 10, 17, 18, 19, 23, 24, 27, 30, 31, 32, 33, 
              35, 36, 37, 38, 43, 61, 62, 63, 64, 77, 80 ] ), rec(
          DistVect := [ 0, 4, 4, 4, 5, 4, 7, 3, 4, 4, 5, 4, 7, 3, 4, 3, 4, 
              9, 5, 5, 4, 7, 3, 5, 8, 8, 7, 3, 4 ],
          eAdj := [ 1, 2, 3, 4, 5, 6, 7, 13, 19, 21, 35, 36, 38, 45, 46, 47, 
              48, 49, 50, 52, 53, 56, 57, 73, 79, 82 ] ), rec(
          DistVect := [ 0, 1, 1, 1, 1, 1, 2, 1, 1, 1, 1, 1, 2, 1, 1, 1, 1, 
              2, 1, 1, 1, 2, 1, 1, 2, 2, 2, 1, 1 ],
          eAdj := [ 1, 2, 3, 4, 5, 6, 7, 13, 19, 21, 34, 35, 36, 38, 39, 40, 
              45, 46, 47, 48, 49, 50, 52, 53, 56, 57, 66, 76, 79, 82 ] ), 
      rec(
          DistVect := [ 0, 4, 4, 4, 4, 5, 8, 4, 4, 4, 4, 5, 8, 4, 4, 4, 5, 
              8, 4, 4, 3, 8, 4, 5, 8, 8, 5, 3, 4 ],
          eAdj := [ 2, 3, 4, 5, 6, 7, 10, 13, 19, 21, 34, 35, 36, 38, 39, 
              40, 48, 49, 50, 52, 53, 56, 57, 66, 76, 79 ] ), rec(
          DistVect := [ 0, 4, 4, 4, 4, 3, 8, 4, 4, 4, 4, 3, 8, 4, 4, 4, 5, 
              8, 4, 4, 3, 8, 4, 5, 8, 8, 7, 3, 4 ],
          eAdj := [ 1, 2, 3, 4, 5, 6, 7, 13, 19, 21, 34, 35, 36, 38, 39, 40, 
              45, 48, 49, 52, 53, 56, 57, 64, 66, 76 ] ), rec(
          DistVect := [ 0, 4, 4, 4, 4, 3, 7, 4, 4, 4, 4, 3, 7, 4, 4, 4, 5, 
              9, 4, 4, 3, 7, 4, 5, 5, 8, 4, 3, 7 ],
          eAdj := [ 3, 5, 10, 13, 15, 16, 19, 21, 23, 27, 29, 30, 31, 32, 
              33, 35, 36, 37, 38, 43, 61, 62, 63, 64, 77, 80 ] ), rec(
          DistVect := [ 0, 1, 1, 1, 1, 1, 2, 1, 1, 1, 1, 1, 2, 1, 1, 1, 1, 
              2, 1, 1, 1, 2, 1, 1, 1, 2, 1, 1, 2 ],
          eAdj := [ 3, 5, 10, 13, 15, 16, 19, 21, 23, 27, 29, 30, 31, 32, 
              33, 34, 35, 36, 37, 38, 39, 40, 61, 62, 63, 64, 66, 77, 80, 81 
             ] ), rec(
          DistVect := [ 0, 4, 4, 4, 3, 4, 8, 5, 4, 4, 3, 4, 8, 5, 4, 3, 4, 
              8, 5, 5, 4, 8, 3, 5, 7, 8, 4, 3, 5 ],
          eAdj := [ 2, 3, 5, 10, 13, 15, 19, 21, 23, 27, 29, 31, 34, 35, 36, 
              37, 38, 39, 40, 61, 62, 63, 64, 66, 77, 81 ] ), rec(
          DistVect := [ 0, 4, 4, 4, 5, 4, 8, 3, 4, 4, 5, 4, 8, 3, 4, 3, 4, 
              8, 5, 5, 4, 8, 3, 5, 5, 8, 4, 3, 7 ],
          eAdj := [ 3, 5, 10, 13, 15, 16, 19, 21, 23, 27, 29, 30, 31, 34, 
              35, 36, 38, 39, 40, 56, 61, 62, 63, 64, 66, 81 ] ) ] );
