return rec(
  DistVect := [ 0, 1, 1, 1, 1, 2, 1, 1, 1, 1, 1, 2, 1, 1, 1, 2, 1, 1, 0, 2, 
      2, 1, 1, 2, 1, 2, 2, 1, 1 ],
  ListIncidentIneq := 
   [ [ 0, 0, 0, 0, 0, 0, 0, 0, 0, 0, 0, 0, 0, 0, 0, 0, 0, 0, 0, 0, 0, 0, 0, 
          0, 0, 0, -1, 1, 1 ], 
      [ 0, 0, 1, 0, 0, 0, 0, -1, 0, 0, 0, 0, 0, 0, 0, 0, 0, 0, 1, 0, 0, 0, 0, 
          0, 0, 0, 0, 0, 0 ], 
      [ 0, 0, 0, 0, 1, 0, 0, 1, 0, 0, 0, 0, 0, 0, 0, 0, 0, 0, 0, 0, 0, 0, 0, 
          0, 0, -1, 0, 0, 0 ], 
      [ 0, 0, 0, 0, 0, 0, 0, 0, 0, 0, 0, 0, 0, 0, 0, 0, 0, -1, 1, 0, 0, 0, 0, 
          0, 0, 0, 0, 0, 1 ], 
      [ 0, 0, 0, 0, 0, 0, 0, 0, 1, 0, 0, 0, 0, -1, 0, 0, 0, 0, 1, 0, 0, 0, 0, 
          0, 0, 0, 0, 0, 0 ], 
      [ 0, 0, 0, 0, 0, 0, 0, 0, 0, 0, 1, 0, 0, 1, 0, 0, 0, 0, 0, 0, 0, 0, 0, 
          0, 0, -1, 0, 0, 0 ], 
      [ 0, 0, 1, 0, 0, -1, 0, 0, 0, 0, 0, 0, 0, 0, 0, 0, 1, 0, 0, 0, 0, 0, 0, 
          0, 0, 0, 0, 0, 0 ], 
      [ 0, 0, 0, 0, 0, 0, 0, 0, 1, 0, 0, -1, 0, 0, 0, 0, 1, 0, 0, 0, 0, 0, 0, 
          0, 0, 0, 0, 0, 0 ], 
      [ 0, 0, 0, 0, 0, 0, 0, 0, 0, 0, 0, 0, 0, 0, 0, 0, 0, 0, 0, -1, 0, 1, 0, 
          0, 1, 0, 0, 0, 0 ], 
      [ 0, 0, 0, 0, 0, 0, 0, 0, 0, 0, 0, 0, 0, 0, 1, 0, 0, 0, 1, 0, 0, 0, -1, 
          0, 0, 0, 0, 0, 0 ], 
      [ 0, 0, 0, 0, 0, 0, 0, 0, 0, 1, 1, 0, 0, 0, 0, 0, 0, 0, 0, -1, 0, 0, 0, 
          0, 0, 0, 0, 0, 0 ], 
      [ 0, 0, 0, 0, 0, 0, 0, 0, 0, 0, 0, 0, 0, 0, 0, -1, 0, 1, 0, 0, 0, 0, 0, 
          0, 1, 0, 0, 0, 0 ], 
      [ 0, 0, 0, 0, 0, 0, 0, 0, 1, 0, 1, 0, 0, 0, 0, -1, 0, 0, 0, 0, 0, 0, 0, 
          0, 0, 0, 0, 0, 0 ], 
      [ 0, 0, 0, 1, 1, 0, 0, 0, 0, 0, 0, 0, 0, 0, 0, 0, 0, 0, 0, -1, 0, 0, 0, 
          0, 0, 0, 0, 0, 0 ], 
      [ 0, 0, 0, 0, 0, 0, 0, 0, 0, 0, 0, 0, 0, 0, 0, 0, 0, 0, 0, 0, -1, 0, 1, 
          0, 0, 0, 0, 1, 0 ], 
      [ 0, 0, 0, 0, 0, 0, 0, 0, 0, 0, 0, 0, 0, 0, 1, 0, 1, 0, 0, 0, -1, 0, 0, 
          0, 0, 0, 0, 0, 0 ], 
      [ 0, 0, 1, 0, 1, 0, 0, 0, 0, 0, 0, 0, 0, 0, 0, -1, 0, 0, 0, 0, 0, 0, 0, 
          0, 0, 0, 0, 0, 0 ], 
      [ 0, 0, 0, 0, 0, 0, 0, 0, 0, 0, 0, 0, 0, 0, 0, 0, 0, 0, 0, 0, 0, 0, 0, 
          0, 1, -1, 0, 0, 1 ], 
      [ 0, 0, 0, 0, 0, 0, 0, 0, 0, 0, 0, 0, 0, 0, 0, 0, -1, 0, 1, 0, 0, 0, 0, 
          0, 0, 0, 0, 1, 0 ], 
      [ 0, 0, 0, 0, 0, 0, 0, 0, 0, 0, 0, 0, 0, 0, 0, 1, 0, 0, 1, 0, 0, 0, 0, 
          0, 0, -1, 0, 0, 0 ], 
      [ 0, 0, 0, 0, 0, -1, 0, 1, 0, 0, 0, 0, 0, 0, 0, 0, 0, 0, 0, 0, 0, 0, 0, 
          0, 0, 0, 0, 1, 0 ], 
      [ 0, 0, 0, 0, 0, 0, 0, 0, 0, 0, 0, 0, 0, 0, 0, 0, 1, 1, 0, 0, 0, 0, 0, 
          0, 0, 0, -1, 0, 0 ], 
      [ 0, 0, 0, 0, 0, 0, 0, 0, 0, 0, 0, 0, 0, 0, 0, 0, 0, 1, 1, 0, 0, 0, 0, 
          0, 0, 0, 0, 0, -1 ], 
      [ 0, 0, 0, 0, 0, 0, 0, 0, 0, 0, 0, -1, 0, 1, 0, 0, 0, 0, 0, 0, 0, 0, 0, 
          0, 0, 0, 0, 1, 0 ], 
      [ 0, 0, 0, 0, 0, 0, 0, 0, 0, 0, 0, 0, 0, 0, 0, -1, 0, 0, 1, 0, 0, 0, 0, 
          0, 0, 1, 0, 0, 0 ], 
      [ 0, 0, 0, 0, 0, 0, 0, 0, 0, 0, 0, 0, 0, 0, 0, 0, 1, 0, 1, 0, 0, 0, 0, 
          0, 0, 0, 0, -1, 0 ], 
      [ 0, 0, 0, 0, 0, 0, 0, 0, 0, 0, 0, 0, 0, 0, -1, 0, 0, 0, 1, 0, 0, 0, 1, 
          0, 0, 0, 0, 0, 0 ], 
      [ 0, 0, -1, 0, 0, 0, 0, 1, 0, 0, 0, 0, 0, 0, 0, 0, 0, 0, 1, 0, 0, 0, 0, 
          0, 0, 0, 0, 0, 0 ], 
      [ 0, 0, 0, 0, 0, 0, 0, 0, -1, 0, 0, 0, 0, 1, 0, 0, 0, 0, 1, 0, 0, 0, 0, 
          0, 0, 0, 0, 0, 0 ], 
      [ 0, -1, 1, 0, 1, -1, 0, 0, 1, 0, 1, -1, 0, 0, 0, -1, 1, 0, 0, 0, 0, 0, 
          0, 1, 0, 0, 0, 0, 0 ], 
      [ 0, 0, 0, 0, 0, 0, 0, 0, 0, 0, 0, 0, 0, 0, -1, -1, 0, 1, 1, -1, 0, 1, 
          1, 0, 1, 1, 0, 0, -1 ], 
      [ 0, 0, 0, 0, 0, 0, 0, 0, 1, 1, 1, 0, -1, 0, -1, -1, 0, 1, 0, -1, 0, 1, 
          0, 0, 1, 0, 0, 0, 0 ], 
      [ 0, 0, 1, 1, 1, 0, -1, 0, 0, 0, 0, 0, 0, 0, -1, -1, 0, 1, 0, -1, 0, 1, 
          0, 0, 1, 0, 0, 0, 0 ], 
      [ 0, 0, 0, 0, 0, 0, 0, 0, 0, 0, 0, 0, 0, 0, 1, 1, 0, -1, 1, -1, 0, 1, 
          -1, 0, 1, -1, 0, 0, 1 ], 
      [ 0, 0, 0, 0, 0, 0, 0, 0, 0, 0, 1, -1, -1, 1, 0, 0, 0, 0, 0, 0, 0, 0, 
          0, 1, 1, -1, -1, 1, 1 ], 
      [ 0, 0, 0, 1, 1, 0, -1, 1, 0, 0, 0, 0, 0, 0, 0, 0, 0, 0, 0, -1, 0, 1, 
          -1, 0, 1, -1, 0, 0, 1 ], 
      [ 0, 0, 0, 0, 0, 0, 0, 0, 0, 1, 1, 0, -1, 1, 0, 0, 0, 0, 0, -1, 0, 1, 
          -1, 0, 1, -1, 0, 0, 1 ], 
      [ 0, 0, 0, 0, 1, -1, -1, 1, 0, 0, 0, 0, 0, 0, 0, 0, 0, 0, 0, 0, 0, 0, 
          0, 1, 1, -1, -1, 1, 1 ], 
      [ 0, -1, 0, 0, 1, -1, 0, 1, 0, 0, 1, -1, 0, 1, 0, 0, 0, 0, 0, 0, 0, 0, 
          0, 1, 0, -1, 0, 1, 0 ], 
      [ 0, -1, 0, 1, 1, 0, 0, 1, 0, 1, 1, 0, 0, 1, 0, 0, 0, 0, 0, -1, 0, 0, 
          -1, 0, 0, -1, 0, 0, 0 ], 
      [ 0, 0, -1, 1, 1, 0, 0, 1, 0, 0, 0, 0, 0, 0, 1, 1, 0, 0, 1, -1, 0, 0, 
          -1, 0, 0, -1, 0, 0, 0 ], 
      [ 0, 0, 1, 0, 1, -1, -1, 0, 0, 0, 0, 0, 0, 0, 0, -1, 1, 1, 0, 0, 0, 0, 
          0, 1, 1, 0, -1, 0, 0 ], 
      [ 0, 0, 0, 0, 0, 0, 0, 0, -1, 1, 1, 0, 0, 1, 1, 1, 0, 0, 1, -1, 0, 0, 
          -1, 0, 0, -1, 0, 0, 0 ], 
      [ 0, 0, 0, 0, 0, 0, 0, 0, 1, 0, 1, -1, -1, 0, 0, -1, 1, 1, 0, 0, 0, 0, 
          0, 1, 1, 0, -1, 0, 0 ], 
      [ 0, -1, 1, 1, 1, 0, 0, 0, 1, 1, 1, 0, 0, 0, -1, -1, 0, 0, 0, -1, 0, 0, 
          0, 0, 0, 0, 0, 0, 0 ], 
      [ 0, 0, 0, 0, 0, 0, 0, 0, 1, 1, 1, 0, 0, -1, -1, -1, 0, 0, 1, -1, 0, 0, 
          1, 0, 0, 1, 0, 0, 0 ], 
      [ 0, 0, 1, 1, 1, 0, 0, -1, 0, 0, 0, 0, 0, 0, -1, -1, 0, 0, 1, -1, 0, 0, 
          1, 0, 0, 1, 0, 0, 0 ], 
      [ 0, 0, 0, 0, 0, 0, 0, 0, -1, 0, 1, -1, -1, 2, 0, 1, -1, -1, 2, 0, 0, 
          0, 0, 1, 1, -2, -1, 2, 2 ], 
      [ 0, 0, -1, 0, 1, -1, -1, 2, 0, 0, 0, 0, 0, 0, 0, 1, -1, -1, 2, 0, 0, 
          0, 0, 1, 1, -2, -1, 2, 2 ], 
      [ 0, -1, 0, 0, 1, -1, -1, 2, 0, 0, 1, -1, -1, 2, 0, 0, 0, 0, 0, 0, 0, 
          0, 0, 1, 1, -2, -1, 2, 2 ], 
      [ 0, 0, 2, 0, 1, -1, -1, -1, 0, 0, 0, 0, 0, 0, 0, -2, 2, 2, 2, 0, 0, 0, 
          0, 1, 1, 1, -1, -1, -1 ], 
      [ 0, -1, 2, 0, 1, -1, 0, -1, 2, 0, 1, -1, 0, -1, 0, -2, 2, 0, 2, 0, 0, 
          0, 0, 1, 0, 1, 0, -1, 0 ], 
      [ 0, 0, 0, 0, 0, 0, 0, 0, 2, 0, 1, -1, -1, -1, 0, -2, 2, 2, 2, 0, 0, 0, 
          0, 1, 1, 1, -1, -1, -1 ], 
      [ 0, -1, 2, 0, 1, -1, -1, 0, 2, 0, 1, -1, -1, 0, 0, -2, 2, 2, 0, 0, 0, 
          0, 0, 1, 1, 0, -1, 0, 0 ], 
      [ 0, -1, -1, 0, 1, -1, 0, 2, -1, 0, 1, -1, 0, 2, 0, 1, -1, 0, 2, 0, 0, 
          0, 0, 1, 0, -2, 0, 2, 0 ], 
      [ 0, 0, 2, 1, 1, 0, -1, -1, 0, 0, 0, 0, 0, 0, -2, -2, 0, 2, 2, -1, 0, 
          1, 1, 0, 1, 1, 0, 0, -1 ], 
      [ 0, 0, 0, 0, 0, 0, 0, 0, 2, 1, 1, 0, -1, -1, -2, -2, 0, 2, 2, -1, 0, 
          1, 1, 0, 1, 1, 0, 0, -1 ], 
      [ 0, -1, 0, 1, 2, 0, -1, 1, 0, 1, 2, 0, -1, 1, 0, 0, 0, 0, 0, -2, 0, 1, 
          -1, 0, 2, -2, 0, 0, 1 ], 
      [ 0, -1, -1, 1, 1, 0, 0, 2, -1, 1, 1, 0, 0, 2, 1, 1, 0, 0, 2, -1, 0, 0, 
          -2, 0, 0, -2, 0, 0, 0 ], 
      [ 0, 0, 0, 0, 0, 0, 0, 0, -1, 1, 1, 0, -1, 2, 1, 1, 0, -1, 2, -1, 0, 1, 
          -2, 0, 1, -2, 0, 0, 2 ], 
      [ 0, 0, -1, 1, 1, 0, -1, 2, 0, 0, 0, 0, 0, 0, 1, 1, 0, -1, 2, -1, 0, 1, 
          -2, 0, 1, -2, 0, 0, 2 ], 
      [ 0, -1, 1, 1, 2, 0, -1, 0, 1, 1, 2, 0, -1, 0, -1, -2, 0, 1, 0, -2, 0, 
          1, 0, 0, 2, 0, 0, 0, 0 ], 
      [ 0, -1, 2, 1, 1, 0, 0, -1, 2, 1, 1, 0, 0, -1, -2, -2, 0, 0, 2, -1, 0, 
          0, 1, 0, 0, 1, 0, 0, 0 ], 
      [ 0, -1, 1, 0, 1, -1, -1, 1, 1, 0, 1, -1, -1, 1, 0, -1, 1, 1, -1, 0, 0, 
          0, 0, 1, 1, -1, -1, 1, 1 ], 
      [ 0, -1, 1, 1, 1, -1, -1, 0, 1, 1, 1, -1, -1, 0, -1, -1, 1, 1, 0, -1, 
          1, 1, 0, 1, 1, 0, -1, 0, 0 ], 
      [ 0, -1, 0, 1, 1, -1, -1, 1, 0, 1, 1, -1, -1, 1, 0, 0, 0, 0, 0, -1, 1, 
          1, -1, 1, 1, -1, -1, 1, 1 ], 
      [ 0, -1, 2, 1, 2, -1, -1, 0, 2, 1, 2, -1, -1, 0, -2, -4, 2, 2, 0, -2, 
          1, 1, 0, 2, 2, 0, -1, 0, 0 ], 
      [ 0, -1, 0, 1, 2, -1, -1, 2, 0, 1, 2, -1, -1, 2, 0, 0, 0, 0, 0, -2, 1, 
          1, -2, 2, 2, -4, -1, 2, 2 ], 
      [ 0, -1, 2, 1, 2, 0, -1, -1, 2, 1, 2, 0, -1, -1, -2, -4, 0, 2, 2, -2, 
          0, 1, 1, 0, 2, 2, 0, 0, -1 ], 
      [ 0, -1, -1, 1, 2, 0, -1, 2, -1, 1, 2, 0, -1, 2, 1, 2, 0, -1, 2, -2, 0, 
          1, -2, 0, 2, -4, 0, 0, 2 ], 
      [ 0, -1, 3, 0, 1, -1, -1, -1, 3, 0, 1, -1, -1, -1, 0, -3, 3, 3, 3, 0, 
          0, 0, 0, 1, 1, 1, -1, -1, -1 ], 
      [ 0, -1, -1, 0, 1, -1, -1, 3, -1, 0, 1, -1, -1, 3, 0, 1, -1, -1, 3, 0, 
          0, 0, 0, 1, 1, -3, -1, 3, 3 ], 
      [ 0, -1, 3, 1, 2, 0, -1, -2, 3, 1, 2, 0, -1, -2, -3, -6, 0, 3, 6, -2, 
          0, 1, 2, 0, 2, 4, 0, 0, -2 ], 
      [ 0, -1, -2, 1, 2, 0, -1, 3, -2, 1, 2, 0, -1, 3, 2, 4, 0, -2, 6, -2, 0, 
          1, -3, 0, 2, -6, 0, 0, 3 ], 
      [ 0, -1, 2, 1, 1, -1, -1, -1, 2, 1, 1, -1, -1, -1, -2, -2, 2, 2, 2, -1, 
          1, 1, 1, 1, 1, 1, -1, -1, -1 ], 
      [ 0, -1, -1, 1, 1, -1, -1, 2, -1, 1, 1, -1, -1, 2, 1, 1, -1, -1, 2, -1, 
          1, 1, -2, 1, 1, -2, -1, 2, 2 ], 
      [ 0, -1, 1, 1, 2, -1, -1, 1, 1, 1, 2, -1, -1, 1, -1, -2, 1, 1, -1, -2, 
          1, 1, -1, 2, 2, -2, -1, 1, 1 ], 
      [ 0, -1, 3, 1, 1, -1, -1, -2, 3, 1, 1, -1, -1, -2, -3, -3, 3, 3, 6, -1, 
          1, 1, 2, 1, 1, 2, -1, -2, -2 ], 
      [ 0, -1, -2, 1, 1, -1, -1, 3, -2, 1, 1, -1, -1, 3, 2, 2, -2, -2, 6, -1, 
          1, 1, -3, 1, 1, -3, -1, 3, 3 ], 
      [ 0, -1, 3, 1, 2, -1, -1, -1, 3, 1, 2, -1, -1, -1, -3, -6, 3, 3, 3, -2, 
          1, 1, 1, 2, 2, 2, -1, -1, -1 ], 
      [ 0, -1, -1, 1, 2, -1, -1, 3, -1, 1, 2, -1, -1, 3, 1, 2, -1, -1, 3, -2, 
          1, 1, -3, 2, 2, -6, -1, 3, 3 ], 
      [ 0, -1, 4, 1, 2, -1, -1, -2, 4, 1, 2, -1, -1, -2, -4, -8, 4, 4, 8, -2, 
          1, 1, 2, 2, 2, 4, -1, -2, -2 ], 
      [ 0, -1, -2, 1, 2, -1, -1, 4, -2, 1, 2, -1, -1, 4, 2, 4, -2, -2, 8, -2, 
          1, 1, -4, 2, 2, -8, -1, 4, 4 ] ],
  ListIncidentSymbol := 
   [ [ 0, 0, 0, 0, 0, 1, 1, -1 ], [ 1, 0, -1, 0, 0, 0, 0, 1 ], 
      [ -1, 0, 0, 0, 1, 0, 0, 1 ], [ 0, 0, 1, 0, 0, 0, 1, -1 ], 
      [ 0, 1, -1, 0, 0, 0, 0, 1 ], [ 0, -1, 0, 0, 1, 0, 0, 1 ], 
      [ 1, 0, -1, 0, 0, 1, 0, 0 ], [ 0, 1, -1, 0, 0, 1, 0, 0 ], 
      [ 0, 0, 0, 1, 1, 0, -1, 0 ], [ 0, 0, -1, 1, 0, 0, 0, 1 ], 
      [ 0, -1, 0, 1, 1, 0, 0, 0 ], [ 0, 0, 1, 0, 1, 0, -1, 0 ], 
      [ 0, -1, 1, 0, 1, 0, 0, 0 ], [ -1, 0, 0, 1, 1, 0, 0, 0 ], 
      [ 0, 0, 0, 1, 0, 1, 0, -1 ], [ 0, 0, -1, 1, 0, 1, 0, 0 ], 
      [ -1, 0, 1, 0, 1, 0, 0, 0 ], [ 0, 0, 0, 0, 1, 0, -1, 1 ], 
      [ 0, 0, 1, 0, 0, 1, 0, -1 ], [ 0, 0, -1, 0, 1, 0, 0, 1 ], 
      [ 1, 0, 0, 0, 0, 1, 0, -1 ], [ 0, 0, -1, 0, 0, 1, 1, 0 ], 
      [ 0, 0, -1, 0, 0, 0, 1, 1 ], [ 0, 1, 0, 0, 0, 1, 0, -1 ], 
      [ 0, 0, 1, 0, 1, 0, 0, -1 ], [ 0, 0, -1, 0, 0, 1, 0, 1 ], 
      [ 0, 0, 1, 1, 0, 0, 0, -1 ], [ 1, 0, 1, 0, 0, 0, 0, -1 ], 
      [ 0, 1, 1, 0, 0, 0, 0, -1 ], [ 1, 1, -1, 0, -1, 1, 0, 0 ], 
      [ 0, 0, 1, 1, 1, 0, -1, -1 ], [ 0, -1, 1, 1, 1, 0, -1, 0 ], 
      [ -1, 0, 1, 1, 1, 0, -1, 0 ], [ 0, 0, -1, 1, 1, 0, -1, 1 ], 
      [ 0, 1, 0, 0, -1, 1, 1, -1 ], [ -1, 0, 0, 1, 1, 0, -1, 1 ], 
      [ 0, -1, 0, 1, 1, 0, -1, 1 ], [ 1, 0, 0, 0, -1, 1, 1, -1 ], 
      [ 1, 1, 0, 0, -1, 1, 0, -1 ], [ -1, -1, 0, 1, 1, 0, 0, 1 ], 
      [ -1, 0, -1, 1, 1, 0, 0, 1 ], [ 1, 0, -1, 0, -1, 1, 1, 0 ], 
      [ 0, -1, -1, 1, 1, 0, 0, 1 ], [ 0, 1, -1, 0, -1, 1, 1, 0 ], 
      [ -1, -1, 1, 1, 1, 0, 0, 0 ], [ 0, -1, 1, 1, 1, 0, 0, -1 ], 
      [ -1, 0, 1, 1, 1, 0, 0, -1 ], [ 0, 1, 1, 0, -1, 1, 1, -2 ], 
      [ 1, 0, 1, 0, -1, 1, 1, -2 ], [ 1, 1, 0, 0, -1, 1, 1, -2 ], 
      [ 1, 0, -2, 0, -1, 1, 1, 1 ], [ 1, 1, -2, 0, -1, 1, 0, 1 ], 
      [ 0, 1, -2, 0, -1, 1, 1, 1 ], [ 1, 1, -2, 0, -1, 1, 1, 0 ], 
      [ 1, 1, 1, 0, -1, 1, 0, -2 ], [ -1, 0, 2, 1, 1, 0, -1, -1 ], 
      [ 0, -1, 2, 1, 1, 0, -1, -1 ], [ -1, -1, 0, 1, 2, 0, -1, 1 ], 
      [ -1, -1, -1, 1, 1, 0, 0, 2 ], [ 0, -1, -1, 1, 1, 0, -1, 2 ], 
      [ -1, 0, -1, 1, 1, 0, -1, 2 ], [ -1, -1, 1, 1, 2, 0, -1, 0 ], 
      [ -1, -1, 2, 1, 1, 0, 0, -1 ], [ 1, 1, -1, 0, -1, 1, 1, -1 ], 
      [ 1, 1, -1, -1, -1, 1, 1, 0 ], [ 1, 1, 0, -1, -1, 1, 1, -1 ], 
      [ -1, -1, 2, 1, 2, -1, -1, 0 ], [ -1, -1, 0, 1, 2, -1, -1, 2 ], 
      [ -1, -1, 2, 1, 2, 0, -1, -1 ], [ -1, -1, -1, 1, 2, 0, -1, 2 ], 
      [ 1, 1, -3, 0, -1, 1, 1, 1 ], [ 1, 1, 1, 0, -1, 1, 1, -3 ], 
      [ -1, -1, 3, 1, 2, 0, -1, -2 ], [ -1, -1, -2, 1, 2, 0, -1, 3 ], 
      [ 1, 1, -2, -1, -1, 1, 1, 1 ], [ 1, 1, 1, -1, -1, 1, 1, -2 ], 
      [ -1, -1, 1, 1, 2, -1, -1, 1 ], [ 1, 1, -3, -1, -1, 1, 1, 2 ], 
      [ 1, 1, 2, -1, -1, 1, 1, -3 ], [ -1, -1, 3, 1, 2, -1, -1, -1 ], 
      [ -1, -1, -1, 1, 2, -1, -1, 3 ], [ -1, -1, 4, 1, 2, -1, -1, -2 ], 
      [ -1, -1, -2, 1, 2, -1, -1, 4 ] ],
  ListAdjacent := [ rec(
          DistVect := [ 0, 1, 1, 1, 0, 1, 0, 1, 0, 0, 1, 0, 1, 0, 0, 1, 0, 1, 
              0, 1, 0, 1, 0, 1, 0, 1, 1, 0, 1 ],
          eAdj := [ 1, 2, 3, 4, 5, 6, 7, 8, 9, 10, 11, 12, 13, 14, 15, 16, 
              17, 18, 19, 20, 21, 22, 23, 24, 25, 26, 27, 28, 29, 30, 31, 32, 
              34, 35, 37, 38, 39, 40, 41, 42, 43, 44, 45, 46, 47, 48, 49, 50, 
              51, 52, 53, 54, 55, 57, 58, 59, 60, 62, 63, 64, 65, 66, 67, 68, 
              69, 70, 71, 72, 73, 74, 75, 76, 77, 78, 79, 80, 81, 82, 83 ] ), 
      rec(
          DistVect := [ 0, 1, 1, 1, 0, 1, 1, 1, 0, 0, 1, 0, 0, 0, 0, 1, 0, 0, 
              0, 1, 0, 0, 0, 1, 1, 1, 0, 0, 0 ],
          eAdj := [ 1, 2, 3, 4, 5, 6, 7, 8, 9, 10, 11, 12, 13, 14, 15, 16, 
              17, 18, 19, 20, 21, 22, 23, 24, 25, 26, 27, 28, 29, 30, 31, 32, 
              33, 34, 36, 37, 38, 39, 40, 41, 42, 43, 45, 46, 47, 49, 50, 51, 
              52, 54, 55, 56, 57, 58, 59, 60, 61, 62, 63, 64, 65, 66, 67, 68, 
              69, 70, 71, 72, 73, 74, 75, 76, 77, 78, 79, 80, 81, 82, 83 ] ), 
      rec(
          DistVect := [ 0, 1, 0, 0, 1, 1, 0, 0, 1, 1, 0, 0, 1, 1, 0, 1, 1, 0, 
              0, 1, 1, 0, 0, 0, 1, 1, 1, 1, 0 ],
          eAdj := [ 1, 2, 3, 4, 5, 6, 7, 9, 10, 11, 12, 13, 14, 15, 16, 17, 
              18, 19, 20, 21, 22, 23, 25, 26, 27, 28, 29, 30, 31, 32, 33, 34, 
              35, 36, 37, 38, 39, 40, 41, 42, 43, 44, 45, 46, 47, 48, 49, 50, 
              51, 52, 53, 54, 55, 56, 57, 58, 59, 60, 61, 62, 63, 64, 65, 66, 
              67, 68, 69, 70, 71, 72, 73, 74, 75, 76, 77, 78, 79, 80, 81, 82, 
              83 ] ), rec(
          DistVect := [ 0, 1, 0, 1, 1, 0, 1, 0, 1, 0, 0, 1, 0, 1, 1, 1, 0, 1, 
              0, 0, 1, 0, 1, 1, 0, 1, 1, 0, 1 ],
          eAdj := [ 1, 2, 3, 4, 5, 6, 7, 8, 9, 10, 11, 12, 13, 15, 16, 17, 
              18, 19, 20, 21, 22, 23, 24, 25, 26, 27, 28, 29, 30, 31, 32, 33, 
              34, 35, 36, 37, 38, 39, 40, 42, 43, 44, 45, 46, 48, 49, 50, 51, 
              52, 53, 54, 55, 56, 57, 58, 59, 60, 61, 62, 63, 64, 65, 66, 67, 
              68, 69, 70, 71, 72, 73, 74, 75, 76, 77, 78, 79, 80, 81, 82, 83 
             ] ), rec(
          DistVect := [ 0, 1, 1, 0, 1, 1, 1, 1, 0, 1, 0, 0, 0, 0, 1, 0, 0, 0, 
              0, 1, 1, 1, 1, 0, 0, 0, 0, 0, 0 ],
          eAdj := [ 1, 2, 4, 5, 6, 7, 8, 9, 10, 11, 12, 13, 14, 15, 16, 18, 
              19, 20, 21, 22, 23, 24, 25, 26, 27, 28, 29, 30, 31, 32, 33, 34, 
              35, 36, 37, 38, 39, 40, 41, 42, 43, 44, 45, 46, 47, 48, 49, 50, 
              51, 52, 53, 54, 55, 56, 57, 58, 59, 60, 61, 62, 63, 64, 65, 66, 
              67, 68, 69, 70, 71, 72, 73, 74, 75, 76, 77, 78, 79, 80, 81, 82, 
              83 ] ), rec(
          DistVect := [ 0, 0, 0, 1, 0, 1, 0, 0, 0, 1, 0, 1, 0, 0, 1, 0, 1, 0, 
              0, 1, 0, 1, 1, 1, 0, 0, 1, 1, 0 ],
          eAdj := [ 1, 2, 3, 4, 5, 6, 7, 8, 9, 10, 11, 12, 13, 14, 17, 18, 
              19, 20, 21, 22, 23, 24, 25, 26, 27, 28, 29, 30, 31, 32, 33, 34, 
              35, 36, 37, 38, 39, 40, 41, 42, 43, 44, 45, 46, 47, 48, 49, 50, 
              51, 52, 53, 54, 55, 56, 57, 58, 59, 60, 61, 62, 63, 64, 65, 66, 
              67, 68, 69, 70, 71, 72, 73, 74, 75, 76, 77, 78, 79, 80, 81, 82, 
              83 ] ), rec(
          DistVect := [ 0, 4, 7, 5, 5, 7, 4, 4, 7, 5, 5, 7, 4, 4, 4, 8, 4, 7, 
              3, 8, 8, 5, 5, 8, 5, 9, 7, 3, 4 ],
          eAdj := [ 1, 3, 4, 6, 15, 16, 18, 21, 24, 28, 29, 34, 41, 43, 48, 
              49, 55, 59, 60, 61, 70, 72, 74, 76, 79, 81 ] ), rec(
          DistVect := [ 0, 7, 4, 4, 4, 8, 7, 7, 7, 5, 5, 7, 4, 4, 4, 8, 4, 7, 
              3, 8, 8, 5, 5, 8, 5, 9, 7, 3, 4 ],
          eAdj := [ 1, 2, 4, 6, 7, 14, 15, 16, 17, 18, 24, 29, 34, 36, 38, 
              39, 40, 43, 48, 50, 58, 60, 66, 68, 70, 76 ] ), rec(
          DistVect := [ 0, 5, 4, 4, 4, 8, 5, 5, 7, 5, 5, 7, 4, 4, 4, 8, 4, 7, 
              3, 8, 8, 5, 5, 8, 5, 9, 7, 3, 4 ],
          eAdj := [ 1, 3, 4, 6, 7, 14, 15, 16, 17, 18, 21, 24, 29, 34, 36, 
              38, 39, 40, 43, 48, 50, 60, 68, 70, 76, 81 ] ), rec(
          DistVect := [ 0, 4, 4, 4, 3, 8, 4, 5, 4, 4, 5, 8, 4, 3, 4, 5, 4, 4, 
              3, 7, 8, 4, 5, 7, 5, 8, 8, 5, 3 ],
          eAdj := [ 1, 3, 6, 7, 8, 14, 16, 18, 20, 22, 24, 34, 35, 36, 37, 
              38, 39, 40, 41, 43, 50, 60, 64, 66, 68, 70 ] ), rec(
          DistVect := [ 0, 7, 7, 4, 4, 8, 4, 4, 4, 5, 5, 7, 7, 7, 5, 9, 3, 7, 
              3, 8, 8, 4, 4, 8, 4, 8, 8, 4, 4 ],
          eAdj := [ 1, 3, 4, 5, 8, 9, 13, 14, 15, 16, 18, 21, 28, 30, 32, 36, 
              38, 44, 45, 46, 58, 62, 64, 65, 66, 77 ] ), rec(
          DistVect := [ 0, 4, 4, 5, 4, 8, 5, 5, 4, 5, 4, 8, 5, 5, 7, 8, 4, 7, 
              3, 7, 7, 4, 4, 8, 3, 7, 7, 3, 4 ],
          eAdj := [ 1, 4, 7, 8, 9, 13, 15, 17, 18, 21, 24, 27, 30, 32, 33, 
              35, 38, 45, 46, 47, 62, 63, 64, 65, 67, 77 ] ), rec(
          DistVect := [ 0, 5, 5, 4, 4, 8, 4, 4, 4, 5, 5, 7, 7, 7, 5, 9, 3, 7, 
              3, 8, 8, 4, 4, 8, 4, 8, 8, 4, 4 ],
          eAdj := [ 1, 3, 4, 5, 7, 8, 9, 13, 14, 15, 16, 17, 18, 21, 30, 32, 
              36, 38, 44, 45, 46, 62, 64, 65, 67, 77 ] ), rec(
          DistVect := [ 0, 1, 1, 1, 1, 2, 1, 1, 2, 2, 1, 2, 1, 1, 1, 1, 1, 1, 
              1, 1, 2, 1, 2, 2, 1, 2, 2, 1, 1 ],
          eAdj := [ 1, 3, 6, 7, 10, 16, 18, 20, 21, 22, 24, 29, 34, 35, 36, 
              38, 39, 41, 43, 48, 50, 55, 59, 60, 61, 70, 74, 76, 81 ] ), rec(
          DistVect := [ 0, 4, 7, 7, 4, 8, 4, 4, 5, 5, 4, 8, 4, 4, 4, 7, 3, 5, 
              3, 7, 7, 5, 7, 8, 4, 8, 8, 4, 4 ],
          eAdj := [ 1, 3, 6, 8, 10, 16, 18, 21, 22, 24, 28, 34, 35, 37, 38, 
              39, 41, 43, 50, 59, 60, 61, 68, 70, 76, 81 ] ), rec(
          DistVect := [ 0, 4, 5, 5, 4, 8, 4, 4, 5, 5, 4, 8, 4, 4, 4, 5, 3, 5, 
              3, 5, 7, 5, 7, 8, 4, 8, 8, 4, 4 ],
          eAdj := [ 1, 3, 6, 7, 8, 10, 16, 18, 20, 21, 22, 24, 34, 35, 38, 
              39, 41, 43, 50, 59, 60, 61, 70, 74, 76, 81 ] ), rec(
          DistVect := [ 0, 4, 4, 4, 3, 8, 4, 5, 4, 4, 3, 8, 4, 5, 4, 5, 4, 4, 
              3, 5, 8, 4, 7, 9, 3, 8, 8, 3, 5 ],
          eAdj := [ 1, 3, 6, 7, 8, 10, 16, 18, 20, 21, 22, 24, 34, 35, 36, 
              37, 38, 39, 40, 41, 43, 58, 64, 66, 68, 70 ] ), rec(
          DistVect := [ 0, 4, 5, 4, 4, 8, 4, 4, 5, 4, 4, 8, 4, 4, 3, 7, 5, 5, 
              3, 8, 8, 4, 4, 8, 4, 8, 8, 4, 4 ],
          eAdj := [ 1, 3, 6, 9, 11, 14, 15, 16, 18, 21, 24, 34, 35, 36, 37, 
              38, 39, 40, 41, 43, 50, 58, 66, 68, 70, 76 ] ), rec(
          DistVect := [ 0, 4, 3, 4, 4, 8, 4, 4, 3, 4, 4, 8, 4, 4, 3, 7, 7, 5, 
              3, 8, 8, 4, 4, 8, 4, 8, 8, 4, 4 ],
          eAdj := [ 1, 3, 6, 9, 11, 13, 14, 15, 17, 18, 19, 21, 24, 34, 35, 
              36, 37, 38, 39, 40, 45, 50, 58, 64, 66, 68 ] ), rec(
          DistVect := [ 0, 4, 4, 4, 5, 7, 4, 3, 4, 4, 5, 7, 4, 3, 4, 5, 7, 4, 
              3, 9, 7, 4, 3, 8, 5, 8, 7, 4, 3 ],
          eAdj := [ 1, 3, 6, 9, 11, 14, 15, 18, 19, 20, 21, 24, 34, 36, 37, 
              40, 41, 43, 48, 49, 50, 55, 70, 72, 76, 81 ] ), rec(
          DistVect := [ 0, 4, 3, 4, 4, 8, 4, 4, 3, 4, 4, 8, 4, 4, 3, 5, 7, 3, 
              3, 8, 8, 4, 4, 8, 4, 8, 8, 4, 4 ],
          eAdj := [ 1, 3, 6, 9, 11, 14, 15, 18, 19, 20, 21, 24, 34, 35, 36, 
              37, 38, 39, 40, 41, 43, 50, 58, 64, 66, 68 ] ), rec(
          DistVect := [ 0, 4, 7, 4, 4, 8, 4, 4, 7, 4, 4, 8, 4, 4, 5, 9, 3, 7, 
              3, 8, 8, 4, 4, 8, 4, 8, 8, 4, 4 ],
          eAdj := [ 1, 3, 4, 6, 9, 11, 14, 15, 16, 18, 21, 24, 28, 29, 35, 
              36, 37, 38, 39, 40, 50, 58, 66, 68, 70, 76 ] ), rec(
          DistVect := [ 0, 4, 5, 4, 4, 8, 4, 4, 5, 4, 4, 8, 4, 4, 3, 9, 5, 7, 
              3, 8, 8, 4, 4, 8, 4, 8, 8, 4, 4 ],
          eAdj := [ 1, 3, 4, 6, 9, 11, 13, 14, 15, 16, 17, 18, 21, 24, 34, 
              35, 36, 37, 38, 39, 40, 50, 58, 66, 68, 76 ] ), rec(
          DistVect := [ 0, 4, 3, 4, 4, 8, 4, 4, 5, 4, 4, 8, 4, 4, 3, 7, 5, 5, 
              3, 8, 8, 4, 4, 8, 4, 8, 8, 4, 4 ],
          eAdj := [ 1, 3, 6, 7, 9, 11, 14, 15, 16, 17, 18, 21, 24, 34, 35, 
              36, 37, 38, 39, 40, 43, 50, 58, 64, 66, 68 ] ), rec(
          DistVect := [ 0, 4, 5, 4, 4, 8, 4, 4, 7, 4, 4, 8, 4, 4, 5, 7, 3, 5, 
              3, 8, 8, 4, 4, 8, 4, 8, 8, 4, 4 ],
          eAdj := [ 1, 3, 6, 7, 9, 11, 14, 15, 16, 18, 21, 22, 24, 29, 35, 
              36, 37, 38, 39, 40, 43, 50, 58, 66, 68, 70 ] ), rec(
          DistVect := [ 0, 4, 5, 4, 4, 8, 4, 4, 7, 4, 4, 8, 4, 4, 5, 9, 3, 7, 
              3, 8, 8, 4, 4, 8, 4, 8, 8, 4, 4 ],
          eAdj := [ 1, 3, 4, 6, 7, 9, 11, 14, 15, 16, 17, 18, 21, 24, 29, 35, 
              36, 37, 38, 39, 40, 50, 58, 66, 68, 77 ] ), rec(
          DistVect := [ 0, 4, 5, 4, 4, 8, 4, 4, 3, 4, 4, 8, 4, 4, 5, 7, 5, 5, 
              3, 8, 8, 4, 4, 8, 4, 8, 8, 4, 4 ],
          eAdj := [ 1, 3, 6, 8, 9, 11, 13, 14, 15, 18, 21, 24, 32, 35, 36, 
              37, 38, 39, 40, 45, 50, 58, 64, 66, 68, 77 ] ), rec(
          DistVect := [ 0, 4, 7, 4, 4, 8, 4, 4, 5, 4, 4, 8, 4, 4, 7, 7, 3, 5, 
              3, 8, 8, 4, 4, 8, 4, 8, 8, 4, 4 ],
          eAdj := [ 1, 3, 6, 8, 9, 11, 14, 15, 18, 21, 22, 24, 27, 28, 32, 
              35, 36, 37, 38, 39, 40, 50, 58, 66, 68, 77 ] ), rec(
          DistVect := [ 0, 4, 5, 4, 4, 8, 4, 4, 3, 4, 4, 8, 4, 4, 5, 5, 5, 3, 
              3, 8, 8, 4, 4, 8, 4, 8, 8, 4, 4 ],
          eAdj := [ 1, 3, 6, 8, 9, 11, 14, 15, 18, 20, 21, 22, 24, 32, 35, 
              36, 37, 38, 39, 40, 41, 50, 58, 64, 66, 68 ] ), rec(
          DistVect := [ 0, 4, 4, 4, 4, 8, 5, 5, 4, 4, 4, 8, 5, 5, 4, 8, 4, 7, 
              3, 8, 8, 5, 5, 8, 3, 7, 7, 3, 4 ],
          eAdj := [ 1, 4, 7, 8, 9, 11, 13, 14, 15, 16, 17, 18, 21, 24, 30, 
              34, 35, 36, 37, 38, 45, 58, 62, 64, 66, 77 ] ), rec(
          DistVect := [ 0, 5, 4, 7, 3, 7, 5, 7, 5, 4, 4, 8, 4, 4, 7, 7, 3, 5, 
              3, 8, 8, 4, 4, 8, 4, 8, 8, 4, 4 ],
          eAdj := [ 1, 2, 6, 7, 8, 9, 11, 15, 17, 18, 22, 24, 27, 30, 32, 33, 
              35, 37, 42, 45, 47, 62, 64, 65, 67, 77 ] ), rec(
          DistVect := [ 0, 4, 3, 4, 4, 7, 4, 4, 3, 4, 4, 7, 4, 4, 3, 7, 4, 5, 
              3, 8, 7, 4, 4, 7, 4, 8, 9, 7, 4 ],
          eAdj := [ 3, 6, 7, 8, 9, 11, 13, 14, 16, 17, 18, 22, 26, 30, 34, 
              36, 37, 40, 42, 44, 45, 54, 58, 64, 65, 77 ] ), rec(
          DistVect := [ 0, 4, 4, 4, 5, 8, 4, 3, 4, 4, 5, 8, 4, 3, 4, 5, 4, 4, 
              3, 9, 8, 4, 3, 5, 5, 8, 8, 7, 3 ],
          eAdj := [ 3, 6, 7, 8, 9, 11, 14, 16, 18, 20, 22, 26, 34, 35, 36, 
              37, 38, 39, 40, 41, 43, 50, 64, 66, 68, 70 ] ), rec(
          DistVect := [ 0, 4, 3, 4, 4, 7, 4, 4, 3, 4, 4, 7, 4, 4, 3, 5, 4, 3, 
              3, 8, 7, 4, 4, 5, 4, 8, 7, 7, 4 ],
          eAdj := [ 3, 6, 7, 8, 9, 11, 14, 16, 18, 20, 22, 26, 30, 34, 36, 
              37, 40, 41, 42, 43, 44, 54, 58, 64, 65, 77 ] ), rec(
          DistVect := [ 0, 4, 5, 4, 4, 8, 4, 4, 5, 4, 4, 8, 4, 4, 5, 7, 3, 5, 
              3, 8, 8, 4, 4, 8, 4, 8, 8, 4, 4 ],
          eAdj := [ 1, 3, 6, 7, 8, 9, 11, 14, 15, 16, 18, 21, 22, 24, 35, 36, 
              37, 38, 39, 40, 50, 58, 64, 66, 68, 77 ] ), rec(
          DistVect := [ 0, 4, 4, 5, 3, 8, 4, 5, 4, 5, 3, 8, 4, 5, 7, 5, 4, 4, 
              3, 8, 7, 5, 4, 9, 3, 8, 8, 3, 5 ],
          eAdj := [ 1, 3, 6, 7, 8, 9, 11, 14, 15, 18, 20, 21, 22, 24, 27, 32, 
              33, 35, 38, 39, 45, 58, 62, 64, 65, 77 ] ), rec(
          DistVect := [ 0, 4, 5, 4, 4, 8, 4, 4, 5, 4, 4, 8, 4, 4, 7, 5, 3, 5, 
              3, 8, 8, 4, 4, 8, 4, 8, 8, 4, 4 ],
          eAdj := [ 1, 3, 6, 7, 8, 9, 11, 14, 15, 18, 20, 21, 22, 24, 27, 35, 
              36, 37, 38, 39, 40, 50, 58, 66, 68, 70 ] ), rec(
          DistVect := [ 0, 4, 4, 4, 4, 8, 5, 5, 4, 4, 4, 8, 5, 5, 4, 8, 4, 7, 
              3, 8, 8, 3, 3, 8, 5, 9, 9, 5, 4 ],
          eAdj := [ 1, 3, 4, 6, 7, 8, 9, 11, 13, 14, 15, 16, 17, 18, 30, 34, 
              35, 36, 37, 38, 45, 58, 64, 65, 66, 77 ] ), rec(
          DistVect := [ 0, 4, 5, 4, 4, 8, 4, 4, 5, 4, 4, 8, 4, 4, 3, 9, 5, 5, 
              3, 8, 8, 4, 4, 8, 4, 8, 8, 4, 4 ],
          eAdj := [ 1, 3, 6, 9, 11, 12, 13, 14, 15, 16, 17, 18, 21, 24, 35, 
              36, 37, 38, 39, 40, 50, 58, 64, 66, 68, 77 ] ), rec(
          DistVect := [ 0, 1, 1, 1, 1, 2, 1, 1, 2, 1, 1, 2, 1, 1, 1, 2, 2, 1, 
              1, 2, 2, 1, 1, 2, 1, 2, 2, 1, 1 ],
          eAdj := [ 1, 3, 6, 9, 11, 12, 14, 15, 17, 18, 19, 21, 24, 29, 33, 
              35, 36, 37, 38, 39, 40, 43, 48, 50, 55, 58, 66, 68, 76 ] ), rec(
          DistVect := [ 0, 1, 2, 1, 2, 2, 1, 1, 2, 1, 2, 2, 1, 1, 1, 2, 1, 2, 
              1, 2, 2, 1, 1, 2, 2, 3, 2, 1, 1 ],
          eAdj := [ 1, 3, 4, 6, 15, 16, 18, 20, 21, 24, 28, 29, 34, 41, 43, 
              48, 49, 55, 59, 60, 61, 72, 74, 76, 79, 81, 83 ] ), rec(
          DistVect := [ 0, 2, 2, 1, 1, 2, 1, 1, 1, 2, 1, 2, 2, 2, 2, 2, 1, 2, 
              1, 2, 2, 1, 1, 2, 1, 2, 2, 1, 1 ],
          eAdj := [ 1, 3, 4, 5, 8, 9, 13, 14, 15, 18, 21, 27, 28, 30, 32, 35, 
              36, 38, 39, 44, 45, 46, 49, 50, 58, 62, 64, 65, 66, 77 ] ), rec(
          DistVect := [ 0, 1, 1, 2, 1, 2, 2, 2, 1, 2, 1, 2, 2, 2, 2, 2, 1, 2, 
              1, 2, 2, 1, 1, 2, 1, 2, 2, 1, 1 ],
          eAdj := [ 1, 2, 4, 5, 7, 8, 9, 13, 15, 17, 18, 27, 30, 32, 33, 35, 
              38, 42, 44, 46, 47, 52, 54, 62, 63, 64, 65, 67, 69, 75 ] ), rec(
          DistVect := [ 0, 1, 2, 2, 1, 2, 1, 1, 2, 2, 1, 2, 1, 1, 1, 2, 1, 2, 
              1, 2, 2, 2, 2, 2, 1, 2, 2, 1, 1 ],
          eAdj := [ 1, 3, 4, 6, 10, 16, 18, 21, 24, 28, 29, 34, 35, 38, 39, 
              41, 43, 48, 49, 50, 55, 59, 60, 61, 70, 72, 74, 76, 79, 81 ] ), 
      rec(
          DistVect := [ 0, 0, 1, 1, 1, 0, 0, 0, 1, 1, 1, 0, 0, 0, 0, 0, 1, 1, 
              1, 0, 1, 1, 1, 1, 1, 1, 0, 0, 0 ],
          eAdj := [ 1, 3, 4, 6, 10, 15, 16, 18, 19, 20, 21, 24, 28, 29, 34, 
              41, 43, 48, 49, 55, 59, 60, 61, 72, 74, 79, 83 ] ), rec(
          DistVect := [ 0, 1, 1, 1, 1, 2, 1, 1, 1, 1, 1, 2, 1, 1, 1, 1, 2, 1, 
              1, 2, 2, 1, 1, 2, 2, 2, 1, 1, 0 ],
          eAdj := [ 1, 3, 4, 6, 11, 14, 15, 18, 19, 20, 21, 24, 34, 36, 37, 
              39, 40, 41, 43, 48, 49, 50, 55, 60, 61, 70, 72, 76, 81 ] ), rec(
          DistVect := [ 0, 1, 2, 1, 1, 2, 1, 1, 2, 1, 1, 2, 1, 1, 2, 2, 1, 2, 
              1, 2, 2, 1, 1, 2, 1, 2, 2, 1, 1 ],
          eAdj := [ 1, 3, 4, 6, 9, 11, 14, 15, 18, 21, 24, 27, 28, 29, 35, 
              36, 37, 38, 39, 40, 48, 49, 50, 55, 58, 66, 68, 70, 72, 76 ] ), 
      rec(
          DistVect := [ 0, 1, 2, 1, 1, 1, 1, 1, 2, 1, 1, 1, 1, 1, 2, 2, 1, 2, 
              1, 2, 1, 1, 1, 2, 1, 2, 1, 0, 1 ],
          eAdj := [ 1, 3, 4, 6, 9, 11, 14, 15, 18, 19, 21, 24, 27, 28, 29, 
              36, 37, 40, 48, 49, 55, 58, 68, 70, 72, 76, 81 ] ), rec(
          DistVect := [ 0, 1, 1, 1, 1, 2, 1, 1, 2, 1, 1, 2, 1, 1, 2, 1, 1, 1, 
              1, 2, 2, 1, 1, 2, 1, 2, 2, 1, 1 ],
          eAdj := [ 1, 3, 6, 7, 9, 11, 14, 15, 18, 20, 21, 22, 24, 27, 29, 
              33, 35, 36, 37, 38, 39, 40, 43, 48, 50, 55, 58, 66, 68, 70 ] ), 
      rec(
          DistVect := [ 0, 1, 1, 1, 1, 2, 1, 1, 1, 1, 1, 3, 1, 2, 1, 2, 2, 1, 
              1, 2, 2, 1, 1, 2, 1, 2, 2, 1, 1 ],
          eAdj := [ 1, 3, 5, 8, 9, 11, 12, 13, 14, 15, 17, 18, 19, 21, 24, 
              30, 32, 33, 35, 36, 38, 39, 44, 45, 46, 62, 64, 65, 66, 77 ] ), 
      rec(
          DistVect := [ 0, 2, 1, 1, 1, 2, 2, 2, 2, 1, 2, 2, 1, 1, 1, 2, 1, 2, 
              1, 2, 2, 1, 1, 2, 2, 3, 2, 1, 1 ],
          eAdj := [ 1, 2, 3, 4, 6, 7, 14, 15, 16, 17, 18, 20, 24, 29, 34, 36, 
              38, 39, 40, 43, 48, 50, 60, 66, 68, 70, 76, 81 ] ), rec(
          DistVect := [ 0, 2, 2, 1, 1, 1, 1, 1, 1, 2, 1, 2, 2, 2, 2, 2, 1, 2, 
              1, 2, 1, 1, 1, 2, 1, 2, 1, 0, 1 ],
          eAdj := [ 1, 3, 4, 5, 8, 9, 13, 14, 15, 18, 19, 21, 24, 27, 28, 32, 
              35, 36, 39, 45, 46, 49, 50, 58, 62, 66, 68, 77 ] ), rec(
          DistVect := [ 0, 1, 1, 1, 1, 2, 1, 1, 1, 2, 1, 2, 2, 2, 2, 2, 1, 2, 
              1, 2, 2, 1, 1, 2, 1, 2, 2, 1, 1 ],
          eAdj := [ 1, 3, 4, 5, 7, 8, 9, 13, 14, 15, 17, 18, 21, 27, 30, 32, 
              33, 35, 36, 38, 44, 45, 46, 47, 62, 63, 64, 65, 67, 77 ] ), rec(
          DistVect := [ 0, 1, 2, 2, 1, 1, 1, 1, 2, 2, 1, 1, 1, 1, 1, 2, 1, 2, 
              1, 2, 2, 2, 2, 2, 1, 2, 1, 0, 1 ],
          eAdj := [ 1, 3, 4, 6, 10, 15, 16, 18, 19, 21, 24, 28, 29, 34, 41, 
              43, 48, 49, 55, 59, 60, 61, 70, 72, 74, 79, 81, 83 ] ), rec(
          DistVect := [ 0, 1, 1, 1, 1, 2, 1, 1, 2, 2, 1, 2, 1, 1, 1, 2, 1, 2, 
              1, 2, 2, 2, 2, 2, 1, 2, 2, 1, 1 ],
          eAdj := [ 1, 3, 4, 6, 7, 10, 14, 16, 17, 18, 21, 24, 29, 34, 35, 
              36, 38, 39, 40, 41, 43, 48, 50, 59, 60, 61, 68, 70, 76, 81 ] ), 
      rec(
          DistVect := [ 0, 1, 1, 1, 1, 2, 1, 1, 1, 1, 1, 2, 1, 1, 1, 1, 1, 1, 
              1, 2, 2, 1, 1, 1, 2, 2, 2, 2, 0 ],
          eAdj := [ 1, 3, 4, 6, 7, 8, 11, 14, 16, 18, 20, 22, 26, 30, 34, 35, 
              36, 37, 38, 39, 40, 41, 43, 50, 60, 61, 64, 66, 68, 70 ] ), rec(
          DistVect := [ 0, 1, 1, 1, 1, 2, 1, 1, 1, 1, 1, 2, 1, 1, 1, 1, 2, 1, 
              1, 2, 2, 1, 1, 2, 1, 2, 2, 1, 1 ],
          eAdj := [ 1, 3, 6, 9, 11, 14, 15, 18, 19, 20, 21, 24, 34, 35, 36, 
              37, 38, 39, 40, 41, 43, 48, 49, 50, 55, 58, 66, 68, 70, 76, 81 
             ] ), rec(
          DistVect := [ 0, 1, 1, 1, 1, 2, 1, 1, 2, 1, 1, 2, 1, 1, 2, 2, 1, 2, 
              1, 2, 2, 1, 1, 2, 1, 2, 2, 1, 1 ],
          eAdj := [ 1, 3, 4, 6, 7, 9, 11, 14, 15, 17, 18, 21, 24, 27, 29, 33, 
              35, 36, 37, 38, 39, 40, 45, 47, 48, 50, 58, 66, 68, 77 ] ), rec(
          DistVect := [ 0, 1, 1, 1, 1, 2, 1, 1, 1, 1, 1, 2, 1, 1, 1, 1, 1, 1, 
              1, 2, 2, 1, 1, 1, 1, 2, 2, 2, 1 ],
          eAdj := [ 3, 6, 7, 8, 9, 11, 14, 16, 18, 20, 22, 26, 30, 34, 35, 
              36, 37, 38, 39, 40, 41, 42, 43, 44, 58, 64, 65, 66, 68, 70, 77 
             ] ), rec(
          DistVect := [ 0, 1, 0, 1, 1, 1, 1, 1, 1, 1, 1, 2, 1, 1, 1, 1, 1, 1, 
              1, 2, 2, 1, 1, 1, 1, 2, 2, 2, 1 ],
          eAdj := [ 2, 3, 6, 7, 8, 9, 11, 14, 16, 17, 18, 20, 22, 26, 30, 33, 
              34, 35, 36, 37, 40, 42, 43, 44, 45, 54, 58, 64, 65, 77 ] ), rec(
          DistVect := [ 0, 1, 1, 1, 1, 2, 1, 1, 1, 2, 0, 2, 1, 2, 2, 1, 1, 1, 
              1, 2, 2, 1, 1, 2, 1, 2, 2, 1, 1 ],
          eAdj := [ 1, 3, 5, 6, 7, 8, 9, 11, 13, 14, 15, 18, 20, 21, 22, 27, 
              30, 32, 33, 35, 36, 38, 39, 44, 45, 46, 58, 62, 64, 65, 77 ] ), 
      rec(
          DistVect := [ 0, 1, 1, 1, 1, 2, 1, 1, 1, 1, 0, 2, 1, 2, 1, 1, 1, 1, 
              1, 1, 2, 1, 2, 2, 1, 2, 2, 1, 1 ],
          eAdj := [ 1, 3, 5, 6, 7, 8, 10, 11, 13, 16, 18, 20, 21, 22, 30, 34, 
              35, 36, 37, 38, 39, 40, 41, 43, 44, 58, 61, 64, 66, 68, 70 ] ), 
      rec(
          DistVect := [ 0, 1, 1, 2, 1, 1, 2, 2, 1, 2, 1, 1, 2, 2, 2, 2, 0, 2, 
              1, 2, 2, 1, 1, 2, 1, 2, 2, 1, 1 ],
          eAdj := [ 1, 2, 4, 5, 7, 8, 9, 13, 15, 16, 17, 18, 22, 26, 27, 32, 
              33, 42, 44, 46, 47, 52, 54, 62, 63, 67, 69, 75, 80 ] ), rec(
          DistVect := [ 0, 1, 1, 2, 1, 2, 2, 2, 1, 2, 1, 2, 2, 2, 2, 2, 1, 2, 
              1, 2, 1, 1, 1, 2, 1, 2, 1, 0, 1 ],
          eAdj := [ 1, 2, 4, 5, 7, 8, 9, 13, 15, 17, 18, 19, 21, 24, 27, 30, 
              32, 33, 35, 38, 46, 47, 62, 63, 64, 65, 67, 69, 77 ] ), rec(
          DistVect := [ 0, 1, 1, 1, 1, 2, 2, 2, 1, 1, 1, 2, 2, 2, 1, 2, 1, 2, 
              1, 2, 2, 1, 1, 2, 2, 3, 2, 1, 1 ],
          eAdj := [ 1, 2, 3, 4, 5, 6, 7, 8, 11, 13, 14, 15, 16, 17, 18, 20, 
              30, 34, 35, 36, 37, 38, 45, 58, 64, 65, 66, 68, 77 ] ), rec(
          DistVect := [ 0, 1, 0, 1, 1, 2, 1, 1, 1, 1, 1, 2, 1, 1, 1, 1, 2, 1, 
              1, 2, 2, 1, 1, 2, 1, 2, 2, 1, 1 ],
          eAdj := [ 1, 2, 3, 6, 7, 9, 11, 14, 15, 17, 18, 19, 20, 21, 24, 33, 
              34, 35, 36, 37, 38, 39, 40, 43, 45, 48, 50, 58, 64, 66, 68 ] ), 
      rec(
          DistVect := [ 0, 1, 2, 1, 1, 2, 1, 1, 1, 1, 1, 2, 1, 1, 1, 2, 1, 2, 
              1, 2, 2, 1, 1, 2, 1, 2, 2, 1, 1 ],
          eAdj := [ 1, 3, 4, 6, 8, 9, 11, 13, 14, 15, 16, 18, 21, 24, 28, 34, 
              35, 36, 37, 38, 39, 40, 41, 49, 50, 58, 61, 66, 68, 70, 76 ] ), 
      rec(
          DistVect := [ 0, 1, 1, 1, 1, 2, 2, 2, 1, 1, 1, 2, 1, 1, 1, 2, 1, 2, 
              1, 2, 2, 1, 1, 2, 1, 2, 2, 1, 1 ],
          eAdj := [ 1, 2, 4, 6, 7, 8, 9, 11, 13, 14, 15, 16, 17, 18, 24, 30, 
              33, 34, 35, 36, 37, 38, 42, 45, 47, 58, 62, 64, 65, 66, 77 ] ), 
      rec(
          DistVect := [ 0, 1, 1, 1, 1, 2, 1, 1, 1, 1, 1, 2, 1, 1, 1, 2, 2, 1, 
              1, 2, 2, 1, 1, 2, 1, 2, 2, 1, 1 ],
          eAdj := [ 1, 3, 6, 9, 11, 12, 13, 14, 15, 17, 18, 19, 21, 24, 32, 
              33, 35, 36, 37, 38, 39, 40, 45, 50, 58, 62, 64, 66, 68, 77 ] ), 
      rec(
          DistVect := [ 0, 1, 1, 1, 1, 2, 1, 1, 2, 1, 1, 2, 1, 1, 1, 2, 1, 1, 
              1, 2, 2, 1, 1, 2, 1, 2, 2, 1, 1 ],
          eAdj := [ 1, 3, 6, 7, 9, 11, 12, 14, 15, 16, 17, 18, 21, 22, 24, 
              29, 33, 35, 36, 37, 38, 39, 40, 42, 43, 50, 58, 64, 66, 68, 77 
             ] ), rec(
          DistVect := [ 0, 2, 2, 1, 1, 2, 1, 1, 1, 2, 1, 1, 2, 2, 2, 2, 0, 2, 
              1, 2, 2, 1, 1, 2, 1, 2, 2, 1, 1 ],
          eAdj := [ 1, 3, 4, 5, 7, 8, 9, 13, 14, 15, 16, 18, 21, 22, 26, 27, 
              28, 30, 32, 36, 38, 44, 45, 46, 58, 62, 64, 65, 67, 77 ] ), rec(
          DistVect := [ 0, 1, 1, 1, 1, 2, 1, 1, 1, 1, 1, 2, 1, 1, 1, 1, 1, 1, 
              1, 1, 2, 1, 2, 2, 1, 2, 2, 1, 1 ],
          eAdj := [ 1, 3, 6, 7, 8, 10, 16, 18, 20, 21, 22, 24, 34, 35, 36, 
              37, 38, 39, 40, 41, 43, 50, 59, 60, 61, 64, 66, 68, 70, 76, 81 
             ] ), rec(
          DistVect := [ 0, 1, 2, 2, 1, 2, 1, 1, 2, 2, 1, 2, 1, 1, 1, 2, 0, 2, 
              1, 2, 1, 2, 2, 2, 1, 2, 2, 1, 1 ],
          eAdj := [ 1, 3, 4, 6, 7, 8, 10, 16, 18, 21, 22, 24, 26, 28, 29, 34, 
              35, 38, 39, 41, 43, 50, 59, 60, 61, 68, 70, 74, 76, 81 ] ), rec(
          DistVect := [ 0, 1, 1, 1, 1, 2, 1, 1, 1, 1, 1, 2, 1, 1, 2, 1, 1, 1, 
              1, 2, 2, 1, 1, 2, 1, 2, 2, 1, 1 ],
          eAdj := [ 1, 3, 6, 7, 8, 9, 11, 14, 15, 18, 20, 21, 22, 24, 27, 32, 
              33, 35, 36, 37, 38, 39, 40, 45, 50, 58, 64, 65, 66, 68, 77 ] ), 
      rec(
          DistVect := [ 0, 1, 1, 1, 1, 2, 1, 1, 1, 1, 1, 2, 1, 1, 1, 1, 1, 1, 
              1, 2, 2, 1, 1, 2, 1, 2, 2, 1, 1 ],
          eAdj := [ 1, 3, 6, 7, 8, 9, 11, 14, 15, 16, 18, 20, 21, 22, 24, 34, 
              35, 36, 37, 38, 39, 40, 41, 43, 50, 58, 64, 66, 68, 70 ] ), rec(
          DistVect := [ 0, 1, 1, 1, 1, 2, 1, 1, 1, 1, 1, 2, 1, 1, 1, 2, 2, 1, 
              1, 2, 1, 1, 0, 2, 1, 2, 2, 1, 1 ],
          eAdj := [ 1, 3, 6, 9, 11, 12, 13, 14, 15, 17, 18, 19, 21, 24, 27, 
              31, 32, 33, 35, 38, 39, 45, 46, 47, 50, 62, 64, 65, 66, 77 ] ), 
      rec(
          DistVect := [ 0, 1, 2, 1, 1, 2, 1, 1, 2, 1, 1, 2, 1, 1, 1, 3, 1, 2, 
              1, 2, 2, 1, 1, 2, 1, 2, 2, 1, 1 ],
          eAdj := [ 1, 3, 4, 6, 9, 11, 12, 13, 14, 15, 16, 17, 18, 21, 24, 
              25, 28, 29, 35, 36, 37, 38, 39, 40, 50, 58, 66, 68, 76, 77 ] ), 
      rec(
          DistVect := [ 0, 1, 2, 1, 1, 2, 1, 1, 2, 1, 1, 2, 1, 1, 2, 2, 0, 2, 
              1, 2, 2, 1, 1, 2, 1, 2, 2, 1, 1 ],
          eAdj := [ 1, 3, 4, 6, 7, 8, 9, 11, 14, 15, 16, 18, 21, 22, 24, 26, 
              27, 28, 29, 35, 36, 37, 38, 39, 40, 50, 58, 66, 68, 70, 77 ] ), 
      rec(
          DistVect := [ 0, 1, 1, 1, 1, 2, 1, 1, 1, 1, 1, 2, 1, 1, 1, 2, 1, 1, 
              1, 2, 2, 1, 0, 2, 1, 2, 2, 2, 1 ],
          eAdj := [ 3, 6, 7, 8, 9, 11, 12, 13, 14, 15, 16, 17, 18, 22, 26, 
              27, 30, 31, 32, 33, 42, 44, 45, 46, 47, 54, 62, 64, 65, 67, 75 
             ] ), rec(
          DistVect := [ 0, 0, 1, 1, 1, 1, 0, 0, 1, 1, 1, 1, 0, 0, 0, 0, 0, 1, 
              1, 0, 0, 1, 1, 0, 1, 1, 1, 1, 0 ],
          eAdj := [ 1, 3, 4, 6, 7, 8, 10, 16, 18, 20, 21, 22, 24, 26, 28, 29, 
              34, 35, 38, 39, 41, 43, 48, 49, 50, 55, 59, 60, 61, 72, 74, 76, 
              79, 81, 83 ] ), rec(
          DistVect := [ 0, 0, 1, 0, 1, 0, 0, 0, 1, 0, 1, 0, 0, 0, 1, 0, 1, 1, 
              1, 1, 0, 0, 0, 1, 1, 1, 0, 0, 0 ],
          eAdj := [ 1, 3, 4, 6, 9, 11, 14, 15, 18, 19, 20, 21, 24, 27, 28, 
              29, 34, 36, 37, 40, 41, 43, 48, 49, 55, 59, 60, 61, 70, 72, 74, 
              76, 79, 81, 83 ] ), rec(
          DistVect := [ 0, 1, 0, 0, 0, 1, 1, 1, 1, 1, 1, 0, 0, 0, 0, 0, 1, 1, 
              1, 0, 1, 1, 1, 1, 1, 1, 0, 0, 0 ],
          eAdj := [ 1, 2, 3, 4, 6, 7, 10, 14, 15, 16, 17, 18, 19, 20, 21, 24, 
              29, 34, 36, 38, 39, 40, 41, 43, 48, 49, 50, 55, 59, 60, 61, 70, 
              72, 74, 76, 79, 81, 83 ] ), rec(
          DistVect := [ 0, 1, 0, 0, 0, 0, 1, 1, 1, 1, 1, 1, 0, 0, 0, 0, 0, 1, 
              1, 0, 0, 1, 1, 0, 1, 1, 1, 1, 0 ],
          eAdj := [ 1, 2, 3, 4, 6, 7, 8, 10, 14, 16, 17, 18, 20, 22, 24, 26, 
              29, 30, 34, 35, 36, 38, 39, 40, 41, 42, 43, 48, 50, 59, 60, 61, 
              64, 66, 68, 70, 74, 76, 81 ] ), rec(
          DistVect := [ 0, 1, 0, 1, 0, 1, 1, 1, 1, 0, 1, 0, 0, 0, 1, 0, 1, 1, 
              1, 1, 0, 0, 0, 1, 1, 1, 0, 0, 0 ],
          eAdj := [ 1, 2, 3, 4, 6, 7, 9, 11, 14, 15, 17, 18, 19, 20, 21, 24, 
              27, 29, 33, 34, 36, 37, 38, 39, 40, 43, 45, 47, 48, 49, 50, 55, 
              58, 60, 66, 68, 70, 72, 76, 81 ] ), rec(
          DistVect := [ 0, 0, 0, 0, 0, 0, 1, 1, 0, 0, 0, 0, 1, 1, 0, 0, 0, 1, 
              1, 0, 0, 1, 1, 0, 1, 1, 1, 1, 0 ],
          eAdj := [ 1, 2, 3, 4, 5, 6, 7, 8, 10, 11, 13, 14, 16, 17, 18, 20, 
              22, 26, 30, 34, 35, 36, 37, 38, 40, 41, 42, 43, 44, 45, 52, 54, 
              58, 60, 61, 64, 65, 66, 68, 70, 77 ] ), rec(
          DistVect := [ 0, 0, 1, 0, 0, 0, 0, 0, 1, 0, 0, 0, 0, 0, 1, 1, 1, 1, 
              1, 0, 0, 0, 0, 0, 0, 0, 0, 0, 0 ],
          eAdj := [ 1, 3, 4, 6, 9, 11, 12, 13, 14, 15, 17, 18, 19, 21, 24, 
              25, 27, 28, 29, 31, 32, 33, 35, 36, 37, 38, 39, 40, 45, 46, 47, 
              48, 49, 50, 55, 58, 62, 66, 68, 72, 76, 77 ] ), rec(
          DistVect := [ 0, 0, 1, 0, 1, 1, 0, 0, 1, 0, 1, 1, 0, 0, 1, 0, 0, 1, 
              1, 1, 1, 0, 0, 0, 1, 1, 1, 1, 0 ],
          eAdj := [ 1, 3, 4, 6, 7, 8, 9, 11, 14, 15, 16, 18, 20, 21, 22, 24, 
              26, 27, 28, 29, 34, 35, 36, 37, 38, 39, 40, 41, 43, 48, 49, 50, 
              55, 59, 60, 61, 66, 68, 70, 72, 74, 76, 81 ] ), rec(
          DistVect := [ 0, 1, 0, 1, 0, 0, 1, 1, 1, 0, 1, 1, 0, 0, 1, 0, 0, 1, 
              1, 1, 1, 0, 0, 0, 1, 1, 1, 1, 0 ],
          eAdj := [ 1, 2, 3, 4, 6, 7, 8, 9, 11, 14, 15, 16, 17, 18, 20, 22, 
              24, 26, 27, 29, 30, 33, 34, 35, 36, 37, 38, 39, 40, 42, 43, 45, 
              47, 48, 50, 58, 60, 64, 65, 66, 68, 70, 77 ] ), rec(
          DistVect := [ 0, 0, 0, 1, 0, 0, 1, 1, 0, 1, 0, 0, 1, 1, 1, 0, 0, 1, 
              1, 1, 1, 0, 0, 0, 1, 1, 1, 1, 0 ],
          eAdj := [ 1, 2, 3, 4, 5, 6, 7, 8, 9, 11, 13, 14, 15, 16, 17, 18, 
              20, 22, 26, 27, 30, 32, 33, 34, 35, 36, 37, 38, 42, 44, 45, 46, 
              47, 52, 54, 58, 62, 63, 64, 65, 67, 75, 77 ] ), rec(
          DistVect := [ 0, 0, 0, 1, 0, 1, 1, 1, 0, 1, 0, 1, 1, 1, 1, 0, 1, 1, 
              1, 1, 0, 0, 0, 1, 1, 1, 0, 0, 0 ],
          eAdj := [ 1, 2, 3, 4, 5, 6, 7, 8, 9, 11, 13, 14, 15, 17, 18, 19, 
              20, 21, 24, 27, 30, 32, 33, 34, 35, 36, 37, 38, 39, 45, 46, 47, 
              48, 49, 50, 58, 62, 63, 64, 65, 66, 68, 77 ] ), rec(
          DistVect := [ 0, 0, 0, 0, 0, 1, 1, 1, 0, 0, 0, 1, 1, 1, 0, 0, 1, 1, 
              1, 0, 1, 1, 1, 1, 1, 1, 0, 0, 0 ],
          eAdj := [ 1, 2, 3, 4, 5, 6, 7, 8, 10, 11, 13, 14, 15, 16, 17, 18, 
              19, 20, 21, 24, 30, 34, 35, 36, 37, 38, 39, 40, 41, 43, 45, 48, 
              49, 50, 58, 60, 61, 64, 66, 68, 70, 76, 81 ] ), rec(
          DistVect := [ 0, 0, 0, 1, 0, 0, 0, 1, 0, 1, 0, 0, 0, 1, 1, 0, 0, 0, 
              1, 1, 1, 1, 0, 0, 0, 1, 0, 1, 1 ],
          eAdj := [ 2, 3, 5, 6, 7, 8, 9, 11, 12, 13, 14, 15, 16, 17, 18, 20, 
              22, 23, 26, 27, 30, 31, 32, 33, 42, 44, 45, 46, 47, 51, 52, 53, 
              54, 56, 57, 62, 63, 67, 69, 71, 75, 78, 80 ] ), rec(
          DistVect := [ 0, 0, 0, 1, 0, 1, 0, 1, 0, 1, 0, 1, 0, 1, 1, 0, 1, 0, 
              1, 1, 0, 1, 0, 1, 0, 1, 1, 0, 1 ],
          eAdj := [ 1, 2, 3, 5, 6, 7, 8, 9, 11, 12, 13, 14, 15, 17, 18, 19, 
              20, 21, 22, 23, 24, 27, 30, 31, 32, 33, 35, 38, 39, 42, 44, 45, 
              46, 47, 54, 56, 57, 62, 63, 64, 65, 67, 69, 75, 77 ] ), rec(
          DistVect := [ 0, 0, 1, 0, 0, 1, 0, 0, 1, 0, 0, 1, 0, 0, 1, 1, 0, 1, 
              1, 0, 1, 0, 0, 1, 0, 0, 1, 1, 0 ],
          eAdj := [ 1, 3, 4, 6, 7, 8, 9, 11, 12, 13, 14, 15, 16, 17, 18, 21, 
              22, 24, 25, 26, 27, 28, 29, 30, 31, 32, 33, 35, 36, 37, 38, 39, 
              40, 42, 44, 45, 46, 47, 50, 58, 62, 64, 65, 66, 67, 77 ] ), rec(
          DistVect := [ 0, 0, 0, 0, 0, 1, 0, 0, 0, 0, 0, 1, 0, 0, 0, 0, 1, 0, 
              0, 0, 1, 0, 0, 1, 0, 0, 1, 1, 0 ],
          eAdj := [ 1, 2, 3, 4, 5, 6, 7, 8, 9, 10, 11, 12, 13, 14, 15, 16, 
              17, 18, 19, 20, 21, 22, 23, 24, 25, 26, 27, 28, 29, 30, 31, 32, 
              33, 34, 35, 36, 37, 38, 39, 40, 41, 42, 43, 44, 45, 46, 47, 48, 
              49, 50, 51, 52, 53, 54, 55, 56, 57, 58, 59, 60, 61, 62, 63, 64, 
              65, 66, 69, 70, 71, 72, 73, 74, 75, 76, 78, 79 ] ), rec(
          DistVect := [ 0, 0, 0, 0, 1, 1, 0, 0, 0, 0, 1, 1, 0, 0, 0, 1, 1, 0, 
              0, 1, 1, 0, 0, 0, 1, 1, 1, 1, 0 ],
          eAdj := [ 1, 2, 3, 4, 5, 6, 7, 8, 9, 10, 11, 12, 13, 14, 15, 16, 
              17, 18, 19, 20, 21, 22, 23, 24, 25, 26, 27, 28, 29, 30, 31, 32, 
              33, 34, 35, 36, 37, 38, 39, 40, 41, 42, 43, 44, 45, 46, 47, 48, 
              49, 50, 51, 52, 53, 54, 55, 56, 57, 59, 60, 61, 63, 64, 65, 66, 
              67, 68, 71, 72, 75, 76, 77, 78, 79, 80, 81, 82, 83 ] ), rec(
          DistVect := [ 0, 0, 0, 1, 0, 0, 0, 0, 0, 1, 0, 0, 0, 0, 1, 0, 0, 0, 
              0, 1, 1, 1, 1, 0, 0, 0, 0, 0, 0 ],
          eAdj := [ 1, 2, 3, 4, 5, 6, 7, 8, 9, 10, 11, 12, 13, 14, 15, 16, 
              17, 18, 19, 20, 21, 22, 23, 24, 25, 26, 27, 28, 29, 30, 31, 32, 
              33, 34, 35, 36, 37, 38, 39, 40, 41, 42, 43, 44, 45, 46, 47, 48, 
              49, 50, 51, 52, 53, 54, 55, 56, 57, 58, 59, 60, 61, 62, 63, 64, 
              67, 68, 69, 70, 71, 72, 73, 74, 77, 80, 81, 82, 83 ] ), rec(
          DistVect := [ 0, 0, 1, 0, 0, 1, 0, 1, 1, 0, 0, 1, 0, 1, 1, 1, 0, 1, 
              0, 0, 1, 0, 1, 1, 0, 1, 1, 0, 1 ],
          eAdj := [ 1, 2, 3, 4, 5, 6, 7, 8, 9, 10, 11, 12, 13, 14, 15, 16, 
              17, 18, 19, 20, 21, 22, 23, 24, 25, 26, 27, 28, 29, 30, 31, 32, 
              33, 34, 35, 36, 37, 38, 39, 40, 41, 42, 43, 44, 45, 46, 47, 48, 
              49, 51, 52, 53, 55, 56, 57, 58, 59, 60, 61, 62, 63, 65, 66, 67, 
              68, 69, 70, 73, 74, 75, 76, 77, 78, 79, 80, 81, 82, 83 ] ), rec(
          DistVect := [ 0, 5, 7, 4, 3, 7, 4, 4, 4, 5, 4, 8, 5, 5, 7, 8, 4, 7, 
              3, 7, 7, 4, 4, 8, 3, 7, 7, 3, 4 ],
          eAdj := [ 1, 3, 4, 8, 9, 13, 14, 15, 18, 21, 24, 27, 28, 32, 35, 
              36, 38, 39, 45, 46, 49, 50, 58, 62, 66, 77 ] ), rec(
          DistVect := [ 0, 4, 4, 7, 4, 8, 7, 7, 4, 5, 4, 8, 5, 5, 7, 8, 4, 7, 
              3, 7, 7, 4, 4, 8, 3, 7, 7, 3, 4 ],
          eAdj := [ 1, 2, 4, 7, 8, 9, 13, 15, 17, 18, 24, 27, 30, 32, 33, 35, 
              38, 42, 46, 47, 62, 63, 64, 65, 67, 69 ] ), rec(
          DistVect := [ 0, 4, 7, 7, 4, 8, 4, 4, 5, 5, 4, 8, 4, 4, 4, 7, 3, 7, 
              3, 7, 7, 7, 7, 8, 4, 8, 8, 4, 4 ],
          eAdj := [ 1, 3, 4, 6, 8, 10, 16, 18, 21, 24, 28, 34, 35, 38, 39, 
              41, 43, 49, 50, 59, 60, 61, 70, 74, 76, 81 ] ), rec(
          DistVect := [ 0, 4, 5, 5, 4, 8, 4, 4, 3, 3, 4, 8, 4, 4, 4, 5, 5, 5, 
              3, 5, 9, 5, 7, 8, 4, 8, 8, 4, 4 ],
          eAdj := [ 1, 3, 6, 8, 10, 16, 18, 20, 21, 24, 34, 35, 37, 38, 39, 
              40, 41, 43, 49, 50, 59, 60, 61, 70, 76, 81 ] ), rec(
          DistVect := [ 0, 1, 1, 1, 1, 2, 1, 1, 1, 1, 1, 2, 1, 1, 1, 1, 2, 1, 
              1, 1, 3, 1, 2, 2, 1, 2, 2, 1, 1 ],
          eAdj := [ 1, 3, 6, 10, 15, 16, 18, 19, 20, 21, 24, 34, 35, 36, 37, 
              38, 39, 40, 41, 43, 48, 49, 50, 55, 59, 60, 61, 70, 76, 81 ] ), 
      rec(
          DistVect := [ 0, 4, 7, 4, 4, 8, 4, 4, 5, 4, 4, 8, 4, 4, 7, 7, 3, 7, 
              3, 8, 8, 4, 4, 8, 4, 8, 8, 4, 4 ],
          eAdj := [ 1, 3, 4, 6, 8, 9, 11, 14, 15, 18, 21, 24, 27, 28, 35, 36, 
              37, 38, 39, 40, 49, 50, 58, 66, 68, 70 ] ), rec(
          DistVect := [ 0, 4, 5, 4, 4, 8, 4, 4, 3, 4, 4, 8, 4, 4, 5, 7, 5, 7, 
              3, 8, 8, 4, 4, 8, 4, 8, 8, 4, 4 ],
          eAdj := [ 1, 3, 4, 6, 8, 9, 11, 13, 14, 15, 18, 21, 24, 34, 35, 36, 
              37, 38, 39, 40, 45, 49, 50, 58, 66, 68 ] ), rec(
          DistVect := [ 0, 4, 5, 4, 4, 8, 4, 4, 3, 4, 4, 8, 4, 4, 3, 7, 7, 5, 
              3, 8, 8, 4, 4, 8, 4, 8, 8, 4, 4 ],
          eAdj := [ 1, 3, 6, 9, 11, 13, 14, 15, 18, 19, 21, 24, 34, 35, 36, 
              37, 38, 39, 40, 41, 49, 50, 58, 66, 68, 76 ] ), rec(
          DistVect := [ 0, 5, 4, 7, 3, 7, 7, 7, 5, 4, 4, 8, 4, 4, 7, 7, 3, 7, 
              3, 8, 8, 4, 4, 8, 4, 8, 8, 4, 4 ],
          eAdj := [ 1, 2, 4, 6, 7, 8, 9, 11, 15, 17, 18, 24, 27, 30, 33, 35, 
              37, 38, 42, 45, 47, 58, 62, 64, 65, 77 ] ), rec(
          DistVect := [ 0, 5, 7, 7, 3, 7, 4, 4, 4, 4, 4, 8, 5, 5, 4, 8, 4, 7, 
              3, 8, 8, 7, 7, 8, 3, 7, 7, 3, 4 ],
          eAdj := [ 1, 3, 4, 8, 10, 11, 13, 16, 18, 21, 24, 28, 34, 35, 37, 
              38, 39, 40, 41, 49, 50, 58, 61, 68, 70, 76 ] ), rec(
          DistVect := [ 0, 4, 5, 4, 4, 8, 4, 4, 3, 4, 4, 8, 4, 4, 5, 5, 5, 5, 
              3, 8, 8, 4, 4, 8, 4, 8, 8, 4, 4 ],
          eAdj := [ 1, 3, 6, 8, 9, 11, 14, 15, 18, 20, 21, 24, 34, 35, 36, 
              37, 38, 39, 40, 41, 49, 50, 58, 66, 68, 70 ] ), rec(
          DistVect := [ 0, 4, 5, 4, 4, 8, 4, 4, 3, 4, 4, 8, 4, 4, 7, 5, 5, 5, 
              3, 8, 8, 4, 4, 8, 4, 8, 8, 4, 4 ],
          eAdj := [ 1, 3, 6, 8, 9, 11, 14, 15, 18, 20, 21, 24, 27, 32, 35, 
              36, 37, 38, 39, 40, 45, 49, 50, 58, 66, 68 ] ), rec(
          DistVect := [ 0, 1, 1, 1, 1, 2, 1, 1, 1, 1, 1, 2, 1, 1, 2, 1, 2, 1, 
              1, 2, 2, 1, 1, 2, 1, 2, 2, 1, 1 ],
          eAdj := [ 1, 3, 6, 9, 11, 14, 15, 18, 19, 20, 21, 24, 27, 32, 33, 
              35, 36, 37, 38, 39, 40, 45, 48, 49, 50, 55, 58, 66, 68 ] ), rec(
          DistVect := [ 0, 4, 4, 4, 3, 8, 4, 5, 4, 4, 5, 8, 4, 3, 4, 5, 4, 4, 
              3, 7, 8, 4, 5, 7, 3, 8, 8, 5, 5 ],
          eAdj := [ 3, 6, 7, 8, 9, 14, 16, 18, 20, 22, 24, 34, 35, 36, 37, 
              38, 39, 40, 41, 42, 43, 58, 64, 66, 68, 70 ] ), rec(
          DistVect := [ 0, 4, 5, 4, 4, 9, 4, 4, 3, 4, 4, 7, 4, 4, 3, 7, 4, 5, 
              3, 8, 7, 4, 4, 7, 4, 8, 9, 7, 4 ],
          eAdj := [ 3, 6, 7, 8, 9, 11, 13, 14, 16, 18, 22, 26, 30, 34, 36, 
              37, 38, 40, 41, 42, 44, 58, 64, 65, 66, 77 ] ), rec(
          DistVect := [ 0, 4, 4, 4, 4, 8, 5, 5, 4, 4, 4, 8, 3, 3, 4, 8, 4, 7, 
              3, 8, 8, 5, 5, 8, 3, 7, 9, 5, 4 ],
          eAdj := [ 1, 4, 6, 7, 8, 9, 11, 13, 14, 16, 17, 18, 24, 30, 34, 35, 
              36, 37, 38, 40, 42, 45, 58, 64, 66, 77 ] ), rec(
          DistVect := [ 0, 4, 4, 4, 3, 8, 4, 5, 4, 4, 5, 8, 4, 3, 4, 5, 4, 4, 
              3, 5, 8, 4, 7, 7, 3, 8, 8, 5, 5 ],
          eAdj := [ 3, 6, 7, 8, 10, 16, 18, 20, 22, 24, 34, 35, 36, 37, 38, 
              39, 40, 41, 42, 43, 59, 60, 64, 66, 68, 70 ] ), rec(
          DistVect := [ 0, 1, 1, 1, 1, 2, 1, 1, 1, 1, 1, 2, 1, 1, 1, 1, 1, 1, 
              1, 1, 2, 1, 2, 1, 1, 2, 2, 2, 1 ],
          eAdj := [ 3, 6, 7, 8, 10, 16, 18, 20, 22, 26, 30, 34, 35, 36, 37, 
              38, 39, 40, 41, 42, 43, 44, 59, 60, 61, 64, 66, 68, 70 ] ), rec(
          DistVect := [ 0, 4, 4, 5, 3, 8, 4, 5, 4, 3, 5, 8, 4, 3, 7, 5, 4, 4, 
              3, 8, 9, 5, 4, 7, 3, 8, 8, 5, 5 ],
          eAdj := [ 3, 6, 7, 8, 9, 11, 14, 15, 18, 20, 22, 24, 27, 32, 33, 
              35, 37, 38, 39, 40, 42, 45, 58, 64, 65, 77 ] ), rec(
          DistVect := [ 0, 1, 1, 1, 1, 2, 1, 1, 1, 1, 1, 2, 1, 1, 2, 1, 1, 1, 
              1, 2, 3, 1, 1, 1, 1, 2, 2, 2, 1 ],
          eAdj := [ 3, 6, 7, 8, 9, 11, 14, 15, 16, 18, 20, 22, 26, 27, 30, 
              32, 33, 35, 36, 37, 38, 39, 40, 42, 44, 45, 58, 64, 65, 77 ] ), 
      rec(
          DistVect := [ 0, 4, 3, 4, 4, 8, 4, 4, 3, 4, 4, 8, 4, 4, 5, 5, 7, 5, 
              3, 8, 8, 4, 4, 8, 4, 8, 8, 4, 4 ],
          eAdj := [ 1, 3, 6, 9, 11, 14, 15, 18, 19, 20, 21, 24, 34, 35, 36, 
              37, 38, 39, 40, 45, 48, 49, 50, 58, 66, 68 ] ), rec(
          DistVect := [ 0, 4, 4, 4, 5, 8, 4, 3, 4, 4, 5, 8, 4, 3, 4, 5, 4, 4, 
              3, 7, 8, 4, 5, 5, 3, 8, 8, 7, 5 ],
          eAdj := [ 3, 6, 7, 8, 9, 16, 18, 20, 22, 26, 34, 35, 36, 37, 38, 
              39, 40, 41, 42, 43, 44, 59, 64, 66, 68, 70 ] ), rec(
          DistVect := [ 0, 4, 3, 4, 5, 7, 4, 4, 3, 4, 5, 7, 4, 4, 5, 8, 4, 5, 
              3, 7, 9, 4, 4, 8, 3, 5, 9, 7, 4 ],
          eAdj := [ 7, 8, 9, 12, 13, 16, 17, 22, 25, 26, 31, 32, 33, 42, 44, 
              45, 46, 47, 51, 52, 53, 54, 63, 69, 75, 80 ] ), rec(
          DistVect := [ 0, 4, 3, 4, 4, 7, 4, 4, 3, 4, 4, 7, 4, 4, 5, 5, 4, 5, 
              3, 8, 9, 4, 4, 5, 4, 8, 9, 7, 4 ],
          eAdj := [ 3, 6, 7, 8, 9, 11, 14, 16, 18, 20, 22, 26, 30, 34, 35, 
              36, 37, 38, 40, 42, 44, 45, 58, 64, 65, 77 ] ), rec(
          DistVect := [ 0, 4, 5, 4, 4, 8, 4, 4, 5, 4, 4, 8, 4, 4, 5, 7, 5, 7, 
              3, 8, 8, 4, 4, 8, 4, 8, 8, 4, 4 ],
          eAdj := [ 1, 3, 4, 6, 9, 11, 14, 15, 18, 21, 24, 34, 35, 36, 37, 
              38, 39, 40, 48, 49, 50, 58, 66, 68, 70, 76 ] ), rec(
          DistVect := [ 0, 4, 4, 4, 4, 8, 5, 5, 4, 4, 4, 8, 5, 5, 4, 8, 4, 7, 
              3, 8, 8, 5, 5, 8, 3, 7, 9, 5, 4 ],
          eAdj := [ 1, 4, 7, 8, 9, 11, 13, 14, 16, 17, 18, 30, 34, 35, 36, 
              37, 38, 42, 44, 45, 58, 62, 64, 65, 66, 77 ] ), rec(
          DistVect := [ 0, 4, 5, 5, 4, 8, 4, 4, 5, 5, 4, 8, 4, 4, 4, 5, 5, 5, 
              3, 5, 9, 5, 7, 8, 4, 8, 8, 4, 4 ],
          eAdj := [ 1, 3, 6, 10, 16, 18, 20, 21, 24, 34, 35, 38, 39, 41, 43, 
              48, 49, 50, 55, 59, 60, 61, 70, 74, 76, 81 ] ), rec(
          DistVect := [ 0, 4, 5, 4, 4, 8, 4, 4, 5, 4, 4, 8, 4, 4, 7, 5, 5, 5, 
              3, 8, 8, 4, 4, 8, 4, 8, 8, 4, 4 ],
          eAdj := [ 1, 3, 6, 9, 11, 14, 15, 18, 20, 21, 24, 27, 35, 36, 37, 
              38, 39, 40, 48, 49, 50, 55, 58, 66, 68, 70 ] ), rec(
          DistVect := [ 0, 4, 4, 4, 3, 8, 4, 5, 4, 4, 3, 8, 4, 5, 4, 5, 4, 4, 
              3, 5, 8, 4, 7, 7, 3, 8, 8, 5, 5 ],
          eAdj := [ 3, 6, 7, 8, 10, 16, 18, 20, 22, 30, 34, 35, 36, 37, 38, 
              39, 40, 41, 42, 43, 44, 58, 64, 66, 68, 70 ] ), rec(
          DistVect := [ 0, 4, 4, 5, 3, 8, 4, 5, 4, 5, 3, 8, 4, 5, 7, 5, 4, 4, 
              3, 8, 9, 5, 4, 7, 3, 8, 8, 5, 5 ],
          eAdj := [ 3, 6, 7, 8, 9, 11, 14, 15, 18, 20, 22, 27, 30, 32, 33, 
              35, 38, 39, 42, 44, 45, 58, 62, 64, 65, 77 ] ), rec(
          DistVect := [ 0, 4, 4, 4, 5, 7, 4, 3, 4, 4, 5, 7, 4, 3, 4, 5, 7, 4, 
              3, 7, 9, 4, 5, 8, 5, 8, 7, 4, 3 ],
          eAdj := [ 1, 3, 6, 15, 18, 19, 20, 21, 24, 34, 36, 37, 40, 41, 43, 
              48, 49, 50, 55, 59, 60, 61, 70, 72, 76, 81 ] ), rec(
          DistVect := [ 0, 4, 3, 4, 4, 8, 4, 4, 3, 4, 4, 8, 4, 4, 5, 5, 7, 3, 
              3, 8, 8, 4, 4, 8, 4, 8, 8, 4, 4 ],
          eAdj := [ 1, 3, 6, 9, 11, 14, 15, 18, 19, 20, 21, 24, 32, 33, 35, 
              36, 37, 38, 39, 40, 45, 50, 58, 64, 66, 68 ] ), rec(
          DistVect := [ 0, 4, 4, 4, 5, 8, 4, 3, 4, 4, 5, 8, 4, 3, 4, 5, 4, 4, 
              3, 7, 8, 4, 5, 5, 5, 8, 8, 7, 3 ],
          eAdj := [ 3, 6, 7, 8, 16, 18, 20, 22, 26, 34, 35, 36, 37, 38, 39, 
              40, 41, 43, 50, 59, 60, 61, 64, 66, 68, 70 ] ), rec(
          DistVect := [ 0, 4, 3, 4, 4, 7, 4, 4, 3, 4, 4, 7, 4, 4, 5, 5, 4, 3, 
              3, 8, 9, 4, 4, 5, 4, 8, 7, 7, 4 ],
          eAdj := [ 3, 6, 7, 8, 9, 11, 14, 16, 18, 20, 22, 26, 30, 32, 33, 
              36, 37, 40, 42, 44, 45, 54, 58, 64, 65, 77 ] ) ] );
