return rec(
  DistVect := [ 0, 1, 1, 1, 1, 1, 2, 2, 1, 1, 1, 1, 2, 2, 1, 1, 1, 2, 2, 1, 
      1, 2, 2, 2, 2, 2, 1, 1, 0 ],
  ListIncidentIneq := 
   [ [ 0, 0, 0, 0, 0, 0, 0, 0, 0, 0, 0, 0, 0, 0, 0, 0, 0, 0, 0, 0, 0, 0, 0, 
          0, 0, 0, -1, 1, 1 ], 
      [ 0, 0, 0, 0, 0, 0, 0, 0, 0, 0, 0, 0, 0, 0, 0, 0, 0, 0, 0, 0, 0, 0, 0, 
          0, -1, 1, 0, 0, 1 ], 
      [ 0, 0, 0, 0, 0, 0, 0, 0, 0, 0, 0, 0, 0, 0, 0, 0, 0, 0, 0, 0, 0, -1, 
          1, 0, 0, 0, 0, 0, 1 ], 
      [ 0, 0, 0, 0, 0, 0, 0, 0, 0, 0, 0, 0, 0, 0, 0, 0, 0, -1, 1, 0, 0, 0, 
          0, 0, 0, 0, 0, 0, 1 ], 
      [ 0, 0, 0, 0, 0, 0, 0, 0, 0, 0, 0, 0, -1, 1, 0, 0, 0, 0, 0, 0, 0, 0, 
          0, 0, 0, 0, 0, 0, 1 ], 
      [ 0, 0, 0, 0, 0, 0, -1, 1, 0, 0, 0, 0, 0, 0, 0, 0, 0, 0, 0, 0, 0, 0, 
          0, 0, 0, 0, 0, 0, 1 ], 
      [ 0, 0, 0, 0, 0, 0, 0, 0, 0, 0, 0, 0, 0, 0, 0, 0, 0, 0, 0, 1, 1, 0, 0, 
          -1, 0, 0, 0, 0, 0 ], 
      [ 0, 0, 0, 0, 0, 0, 0, 0, 0, 0, 0, 0, 0, 0, 0, 0, 0, 0, 0, 0, 0, 0, 0, 
          0, 0, 0, 1, -1, 1 ], 
      [ 0, 0, 0, 0, 0, 0, 0, 0, 0, 0, 0, 0, 0, 0, 0, 0, 0, 0, 0, 0, 1, -1, 
          0, 0, 0, 0, 1, 0, 0 ], 
      [ 0, 0, 0, 0, 0, 0, 0, 0, 0, 0, 0, 0, 0, 0, 0, 1, 1, 0, 0, 0, 0, 0, 0, 
          -1, 0, 0, 0, 0, 0 ], 
      [ 0, 0, 0, 0, 0, 0, 0, 0, 0, 0, 0, 0, 0, 0, 0, 0, 0, 0, 0, 0, 1, 0, 
          -1, 0, 0, 0, 0, 1, 0 ], 
      [ 0, 0, 0, 0, 0, 0, 0, 0, 0, 0, 0, 0, 0, 0, 0, 0, 0, 0, 0, 0, 0, 0, 0, 
          0, 1, -1, 0, 0, 1 ], 
      [ 0, 0, 0, 0, 0, 0, 0, 0, 0, 0, 0, 0, 0, 0, 0, 0, 1, -1, 0, 0, 0, 0, 
          0, 0, 0, 0, 1, 0, 0 ], 
      [ 0, 0, 0, 0, 0, 0, 0, 0, 0, 0, 1, 1, 0, 0, 0, 0, 0, 0, 0, 0, 0, 0, 0, 
          -1, 0, 0, 0, 0, 0 ], 
      [ 0, 0, 0, 0, 0, 0, 0, 0, 0, 0, 0, 0, 0, 0, 0, 0, 1, 0, -1, 0, 0, 0, 
          0, 0, 0, 0, 0, 1, 0 ], 
      [ 0, 0, 0, 0, 0, 0, 0, 0, 0, 0, 0, 0, 0, 0, 0, 0, 0, 0, 0, 0, 0, 1, 
          -1, 0, 0, 0, 0, 0, 1 ], 
      [ 0, 0, 0, 0, 0, 0, 0, 0, 0, 0, 0, 1, -1, 0, 0, 0, 0, 0, 0, 0, 0, 0, 
          0, 0, 0, 0, 1, 0, 0 ], 
      [ 0, 0, 0, 0, 0, 0, 1, -1, 0, 0, 0, 0, 0, 0, 0, 0, 0, 0, 0, 0, 0, 0, 
          0, 0, 0, 0, 0, 0, 1 ], 
      [ 0, 0, 0, 0, 1, 1, 0, 0, 0, 0, 0, 0, 0, 0, 0, 0, 0, 0, 0, 0, 0, 0, 0, 
          -1, 0, 0, 0, 0, 0 ], 
      [ 0, 0, 0, 0, 0, 0, 0, 0, 0, 0, 0, 1, 0, -1, 0, 0, 0, 0, 0, 0, 0, 0, 
          0, 0, 0, 0, 0, 1, 0 ], 
      [ 0, 0, 0, 0, 0, 0, 0, 0, 0, 0, 0, 0, 0, 0, 0, 0, 0, 1, -1, 0, 0, 0, 
          0, 0, 0, 0, 0, 0, 1 ], 
      [ 0, 0, 0, 0, 0, 1, -1, 0, 0, 0, 0, 0, 0, 0, 0, 0, 0, 0, 0, 0, 0, 0, 
          0, 0, 0, 0, 1, 0, 0 ], 
      [ 0, 0, 0, 0, 0, 0, 0, 0, 0, 0, 0, 0, 1, -1, 0, 0, 0, 0, 0, 0, 0, 0, 
          0, 0, 0, 0, 0, 0, 1 ], 
      [ 0, 0, 0, 0, 0, 1, 0, -1, 0, 0, 0, 0, 0, 0, 0, 0, 0, 0, 0, 0, 0, 0, 
          0, 0, 0, 0, 0, 1, 0 ], 
      [ 0, 0, 0, 0, 1, 1, 1, -1, 0, 0, 0, 0, 0, 0, 0, 0, 0, 0, 0, 0, 0, 0, 
          0, -1, -1, 1, -1, 1, 1 ], 
      [ 0, 0, 0, 0, 0, 0, 0, 0, 0, 0, 1, 1, 1, -1, 0, 0, 0, 0, 0, 0, 0, 0, 
          0, -1, -1, 1, -1, 1, 1 ], 
      [ 0, 0, 0, 0, 0, 0, 0, 0, -1, 0, 1, 1, 0, -1, 0, 1, 1, 0, -1, 0, 0, 0, 
          0, -1, 0, 1, 0, 1, 0 ], 
      [ 0, 0, 0, 0, 0, 0, 0, 0, 0, 0, 0, 0, 0, 0, -1, 1, 1, 0, -1, 1, 1, 0, 
          -1, -1, 0, 1, 0, 1, 0 ], 
      [ 0, 0, -1, 0, 1, 1, 0, -1, 0, 0, 0, 0, 0, 0, 0, 1, 1, 0, -1, 0, 0, 0, 
          0, -1, 0, 1, 0, 1, 0 ], 
      [ 0, 0, 0, 0, 0, 0, 0, 0, 0, -1, 1, 1, 0, -1, 0, 0, 0, 0, 0, 1, 1, 0, 
          -1, -1, 0, 1, 0, 1, 0 ], 
      [ 0, 0, 0, 0, 0, 0, 0, 0, -1, 0, 1, 1, -1, 0, 0, 1, 1, -1, 0, 0, 0, 0, 
          0, -1, 1, 0, 1, 0, 0 ], 
      [ 0, 0, 0, 0, 0, 0, 0, 0, 0, 0, 0, 0, 0, 0, -1, 1, 1, -1, 0, 1, 1, -1, 
          0, -1, 1, 0, 1, 0, 0 ], 
      [ 0, 0, 0, 0, 1, 1, -1, 1, 0, 0, 0, 0, 0, 0, 0, 0, 0, 0, 0, 0, 0, 0, 
          0, -1, 1, -1, 1, -1, 1 ], 
      [ 0, 0, 0, -1, 1, 1, 0, -1, 0, 0, 0, 0, 0, 0, 0, 0, 0, 0, 0, 1, 1, 0, 
          -1, -1, 0, 1, 0, 1, 0 ], 
      [ 0, 0, -1, 0, 1, 1, -1, 0, 0, 0, 0, 0, 0, 0, 0, 1, 1, -1, 0, 0, 0, 0, 
          0, -1, 1, 0, 1, 0, 0 ], 
      [ 0, 0, 0, 0, 0, 0, 0, 0, 0, -1, 1, 1, -1, 0, 0, 0, 0, 0, 0, 1, 1, -1, 
          0, -1, 1, 0, 1, 0, 0 ], 
      [ 0, 0, 0, 0, 0, 0, 0, 0, 0, 0, 1, 1, -1, 1, 0, 0, 0, 0, 0, 0, 0, 0, 
          0, -1, 1, -1, 1, -1, 1 ], 
      [ 0, 0, 0, 0, 0, 0, 0, 0, 0, 0, 0, 0, 0, 0, 0, 0, 0, 0, 0, 1, 1, 1, 
          -1, -1, -1, 1, -1, 1, 1 ], 
      [ 0, 0, 0, 0, 0, 0, 0, 0, 0, 0, 0, 0, 0, 0, 0, 1, 1, 1, -1, 0, 0, 0, 
          0, -1, -1, 1, -1, 1, 1 ], 
      [ 0, 0, 0, -1, 1, 1, -1, 0, 0, 0, 0, 0, 0, 0, 0, 0, 0, 0, 0, 1, 1, -1, 
          0, -1, 1, 0, 1, 0, 0 ], 
      [ 0, 0, 0, 0, 0, 0, 0, 0, 0, 0, 0, 0, 0, 0, 0, 1, 1, -1, 1, 0, 0, 0, 
          0, -1, 1, -1, 1, -1, 1 ], 
      [ 0, 0, 0, 0, 0, 0, 0, 0, 0, 0, 0, 0, 0, 0, 0, 0, 0, 0, 0, 1, 1, -1, 
          1, -1, 1, -1, 1, -1, 1 ], 
      [ 0, -1, 0, 0, 1, 1, 0, -1, 0, 0, 1, 1, 0, -1, 0, 0, 0, 0, 0, 0, 0, 0, 
          0, -1, 0, 1, 0, 1, 0 ], 
      [ 0, -1, 0, 0, 1, 1, -1, 0, 0, 0, 1, 1, -1, 0, 0, 0, 0, 0, 0, 0, 0, 0, 
          0, -1, 1, 0, 1, 0, 0 ], 
      [ 0, -1, -1, 0, 1, 2, 0, -1, -1, 0, 1, 2, 0, -1, 0, 1, 2, 0, -1, 0, 0, 
          0, 0, -2, 0, 1, 0, 2, 0 ], 
      [ 0, 0, 0, 0, 0, 0, 0, 0, -1, -1, 1, 2, 0, -1, -1, 1, 2, 0, -1, 1, 2, 
          0, -1, -2, 0, 1, 0, 2, 0 ], 
      [ 0, -1, 0, -1, 1, 2, 0, -1, 0, -1, 1, 2, 0, -1, 0, 0, 0, 0, 0, 1, 2, 
          0, -1, -2, 0, 1, 0, 2, 0 ], 
      [ 0, 0, -1, -1, 1, 2, 0, -1, 0, 0, 0, 0, 0, 0, -1, 1, 2, 0, -1, 1, 2, 
          0, -1, -2, 0, 1, 0, 2, 0 ], 
      [ 0, -1, -1, 0, 1, 2, -1, 0, -1, 0, 1, 2, -1, 0, 0, 1, 2, -1, 0, 0, 0, 
          0, 0, -2, 1, 0, 2, 0, 0 ], 
      [ 0, 0, 0, 0, 0, 0, 0, 0, -1, -1, 1, 2, -1, 0, -1, 1, 2, -1, 0, 1, 2, 
          -1, 0, -2, 1, 0, 2, 0, 0 ], 
      [ 0, -1, 0, -1, 1, 2, -1, 0, 0, -1, 1, 2, -1, 0, 0, 0, 0, 0, 0, 1, 2, 
          -1, 0, -2, 1, 0, 2, 0, 0 ], 
      [ 0, 0, -1, -1, 1, 2, -1, 0, 0, 0, 0, 0, 0, 0, -1, 1, 2, -1, 0, 1, 2, 
          -1, 0, -2, 1, 0, 2, 0, 0 ], 
      [ 0, 0, 0, 0, 0, 0, 0, 0, 0, 0, 0, 0, 0, 0, -1, 1, 1, 1, -2, 1, 1, 1, 
          -2, -1, -1, 2, -1, 2, 2 ], 
      [ 0, 0, 0, 0, 0, 0, 0, 0, -1, 0, 1, 1, 1, -2, 0, 1, 1, 1, -2, 0, 0, 0, 
          0, -1, -1, 2, -1, 2, 2 ], 
      [ 0, 0, 0, 0, 0, 0, 0, 0, 0, -1, 1, 1, 1, -2, 0, 0, 0, 0, 0, 1, 1, 1, 
          -2, -1, -1, 2, -1, 2, 2 ], 
      [ 0, 0, 0, 0, 0, 0, 0, 0, 0, 0, 0, 0, 0, 0, -1, 1, 1, -2, 1, 1, 1, -2, 
          1, -1, 2, -1, 2, -1, 2 ], 
      [ 0, 0, -1, 0, 1, 1, 1, -2, 0, 0, 0, 0, 0, 0, 0, 1, 1, 1, -2, 0, 0, 0, 
          0, -1, -1, 2, -1, 2, 2 ], 
      [ 0, 0, 0, -1, 1, 1, 1, -2, 0, 0, 0, 0, 0, 0, 0, 0, 0, 0, 0, 1, 1, 1, 
          -2, -1, -1, 2, -1, 2, 2 ], 
      [ 0, 0, 0, 0, 0, 0, 0, 0, 0, -1, 1, 1, -2, 1, 0, 0, 0, 0, 0, 1, 1, -2, 
          1, -1, 2, -1, 2, -1, 2 ], 
      [ 0, 0, 0, -1, 1, 1, -2, 1, 0, 0, 0, 0, 0, 0, 0, 0, 0, 0, 0, 1, 1, -2, 
          1, -1, 2, -1, 2, -1, 2 ], 
      [ 0, -1, 0, 0, 1, 1, -2, 1, 0, 0, 1, 1, -2, 1, 0, 0, 0, 0, 0, 0, 0, 0, 
          0, -1, 2, -1, 2, -1, 2 ], 
      [ 0, 0, 0, 0, 0, 0, 0, 0, -1, 0, 1, 1, -2, 1, 0, 1, 1, -2, 1, 0, 0, 0, 
          0, -1, 2, -1, 2, -1, 2 ], 
      [ 0, 0, -1, 0, 1, 1, -2, 1, 0, 0, 0, 0, 0, 0, 0, 1, 1, -2, 1, 0, 0, 0, 
          0, -1, 2, -1, 2, -1, 2 ], 
      [ 0, -1, 0, 0, 1, 1, 1, -2, 0, 0, 1, 1, 1, -2, 0, 0, 0, 0, 0, 0, 0, 0, 
          0, -1, -1, 2, -1, 2, 2 ], 
      [ 0, -1, -1, -1, 2, 2, 0, -1, -1, -1, 2, 2, 0, -1, -1, 2, 2, 0, -1, 2, 
          2, 0, -1, -4, 0, 2, 0, 2, 0 ], 
      [ 0, -1, -1, -1, 2, 2, -1, 0, -1, -1, 2, 2, -1, 0, -1, 2, 2, -1, 0, 2, 
          2, -1, 0, -4, 2, 0, 2, 0, 0 ], 
      [ 0, 0, 0, 0, 0, 0, 0, 0, -1, -1, 1, 2, 1, -2, -1, 1, 2, 1, -2, 1, 2, 
          1, -2, -2, -1, 2, -2, 4, 2 ], 
      [ 0, 0, -1, -1, 1, 2, 1, -2, 0, 0, 0, 0, 0, 0, -1, 1, 2, 1, -2, 1, 2, 
          1, -2, -2, -1, 2, -2, 4, 2 ], 
      [ 0, -1, -1, 0, 1, 2, -2, 1, -1, 0, 1, 2, -2, 1, 0, 1, 2, -2, 1, 0, 0, 
          0, 0, -2, 2, -1, 4, -2, 2 ], 
      [ 0, -1, -1, 0, 1, 2, 1, -2, -1, 0, 1, 2, 1, -2, 0, 1, 2, 1, -2, 0, 0, 
          0, 0, -2, -1, 2, -2, 4, 2 ], 
      [ 0, 0, 0, 0, 0, 0, 0, 0, -1, -1, 1, 2, -2, 1, -1, 1, 2, -2, 1, 1, 2, 
          -2, 1, -2, 2, -1, 4, -2, 2 ], 
      [ 0, -1, 0, -1, 1, 2, -2, 1, 0, -1, 1, 2, -2, 1, 0, 0, 0, 0, 0, 1, 2, 
          -2, 1, -2, 2, -1, 4, -2, 2 ], 
      [ 0, -1, 0, -1, 1, 2, 1, -2, 0, -1, 1, 2, 1, -2, 0, 0, 0, 0, 0, 1, 2, 
          1, -2, -2, -1, 2, -2, 4, 2 ], 
      [ 0, 0, -1, -1, 1, 2, -2, 1, 0, 0, 0, 0, 0, 0, -1, 1, 2, -2, 1, 1, 2, 
          -2, 1, -2, 2, -1, 4, -2, 2 ], 
      [ 0, 0, 0, 0, 0, 0, 0, 0, -1, -1, 1, 2, 2, -3, -1, 1, 2, 2, -3, 1, 2, 
          2, -3, -2, -2, 3, -4, 6, 6 ], 
      [ 0, -1, -1, 0, 1, 2, 2, -3, -1, 0, 1, 2, 2, -3, 0, 1, 2, 2, -3, 0, 0, 
          0, 0, -2, -2, 3, -4, 6, 6 ], 
      [ 0, 0, -1, -1, 1, 2, 2, -3, 0, 0, 0, 0, 0, 0, -1, 1, 2, 2, -3, 1, 2, 
          2, -3, -2, -2, 3, -4, 6, 6 ], 
      [ 0, 0, 0, 0, 0, 0, 0, 0, -1, -1, 1, 2, -3, 2, -1, 1, 2, -3, 2, 1, 2, 
          -3, 2, -2, 3, -2, 6, -4, 6 ], 
      [ 0, -1, 0, -1, 1, 2, 2, -3, 0, -1, 1, 2, 2, -3, 0, 0, 0, 0, 0, 1, 2, 
          2, -3, -2, -2, 3, -4, 6, 6 ], 
      [ 0, 0, -1, -1, 1, 2, -3, 2, 0, 0, 0, 0, 0, 0, -1, 1, 2, -3, 2, 1, 2, 
          -3, 2, -2, 3, -2, 6, -4, 6 ], 
      [ 0, -1, -1, 0, 1, 2, -3, 2, -1, 0, 1, 2, -3, 2, 0, 1, 2, -3, 2, 0, 0, 
          0, 0, -2, 3, -2, 6, -4, 6 ], 
      [ 0, -1, 0, -1, 1, 2, -3, 2, 0, -1, 1, 2, -3, 2, 0, 0, 0, 0, 0, 1, 2, 
          -3, 2, -2, 3, -2, 6, -4, 6 ], 
      [ 0, -1, -1, -1, 2, 3, 0, -2, -1, -1, 2, 3, 0, -2, -1, 2, 3, 0, -2, 2, 
          3, 0, -2, -6, 0, 4, 0, 6, 0 ], 
      [ 0, -1, -1, -1, 2, 3, -2, 0, -1, -1, 2, 3, -2, 0, -1, 2, 3, -2, 0, 2, 
          3, -2, 0, -6, 4, 0, 6, 0, 0 ], 
      [ 0, -1, -1, -1, 2, 3, -1, -1, -1, -1, 2, 3, -1, -1, -1, 2, 3, -1, -1, 
          2, 3, -1, -1, -6, 2, 2, 3, 3, -1 ], 
      [ 0, -1, -1, -1, 2, 2, -2, 1, -1, -1, 2, 2, -2, 1, -1, 2, 2, -2, 1, 2, 
          2, -2, 1, -4, 4, -2, 4, -2, 2 ], 
      [ 0, -1, -1, -1, 2, 2, 1, -2, -1, -1, 2, 2, 1, -2, -1, 2, 2, 1, -2, 2, 
          2, 1, -2, -4, -2, 4, -2, 4, 2 ], 
      [ 0, -1, -1, -1, 2, 3, -3, 1, -1, -1, 2, 3, -3, 1, -1, 2, 3, -3, 1, 2, 
          3, -3, 1, -6, 6, -2, 9, -3, 3 ], 
      [ 0, -1, -1, -1, 2, 3, 1, -3, -1, -1, 2, 3, 1, -3, -1, 2, 3, 1, -3, 2, 
          3, 1, -3, -6, -2, 6, -3, 9, 3 ], 
      [ 0, -1, -1, -1, 2, 2, -3, 2, -1, -1, 2, 2, -3, 2, -1, 2, 2, -3, 2, 2, 
          2, -3, 2, -4, 6, -4, 6, -4, 6 ], 
      [ 0, -1, -1, -1, 2, 2, 2, -3, -1, -1, 2, 2, 2, -3, -1, 2, 2, 2, -3, 2, 
          2, 2, -3, -4, -4, 6, -4, 6, 6 ], 
      [ 0, -1, -1, -1, 2, 3, -4, 2, -1, -1, 2, 3, -4, 2, -1, 2, 3, -4, 2, 2, 
          3, -4, 2, -6, 8, -4, 12, -6, 8 ], 
      [ 0, -1, -1, -1, 2, 3, 2, -4, -1, -1, 2, 3, 2, -4, -1, 2, 3, 2, -4, 2, 
          3, 2, -4, -6, -4, 8, -6, 12, 8 ], 
      [ 0, -1, -1, -1, 2, 2, -4, 3, -1, -1, 2, 2, -4, 3, -1, 2, 2, -4, 3, 2, 
          2, -4, 3, -4, 8, -6, 8, -6, 12 ], 
      [ 0, -1, -1, -1, 2, 2, 3, -4, -1, -1, 2, 2, 3, -4, -1, 2, 2, 3, -4, 2, 
          2, 3, -4, -4, -6, 8, -6, 8, 12 ], 
      [ 0, -1, -1, -1, 2, 3, -5, 3, -1, -1, 2, 3, -5, 3, -1, 2, 3, -5, 3, 2, 
          3, -5, 3, -6, 10, -6, 15, -9, 15 ], 
      [ 0, -1, -1, -1, 2, 3, 3, -5, -1, -1, 2, 3, 3, -5, -1, 2, 3, 3, -5, 2, 
          3, 3, -5, -6, -6, 10, -9, 15, 15 ] ],
  ListIncidentSymbol := 
   [ [ 0, 0, 0, 0, 0, 1, 1, -1 ], [ 0, 0, 0, 0, 1, 0, 1, -1 ], 
      [ 0, 0, 0, 1, 0, 0, 1, -1 ], [ 0, 0, 1, 0, 0, 0, 1, -1 ], 
      [ 0, 1, 0, 0, 0, 0, 1, -1 ], [ 1, 0, 0, 0, 0, 0, 1, -1 ], 
      [ 0, 0, 0, -1, 1, 1, 0, 0 ], [ 0, 0, 0, 0, 0, 1, -1, 1 ], 
      [ 0, 0, 0, 1, 0, -1, 1, 0 ], [ 0, 0, -1, 0, 1, 1, 0, 0 ], 
      [ 0, 0, 0, 1, 0, -1, 0, 1 ], [ 0, 0, 0, 0, 1, 0, -1, 1 ], 
      [ 0, 0, 1, 0, 0, -1, 1, 0 ], [ 0, -1, 0, 0, 1, 1, 0, 0 ], 
      [ 0, 0, 1, 0, 0, -1, 0, 1 ], [ 0, 0, 0, 1, 0, 0, -1, 1 ], 
      [ 0, 1, 0, 0, 0, -1, 1, 0 ], [ 1, 0, 0, 0, 0, 0, -1, 1 ], 
      [ -1, 0, 0, 0, 1, 1, 0, 0 ], [ 0, 1, 0, 0, 0, -1, 0, 1 ], 
      [ 0, 0, 1, 0, 0, 0, -1, 1 ], [ 1, 0, 0, 0, 0, -1, 1, 0 ], 
      [ 0, 1, 0, 0, 0, 0, -1, 1 ], [ 1, 0, 0, 0, 0, -1, 0, 1 ], 
      [ -1, 0, 0, 0, 1, 1, 1, -1 ], [ 0, -1, 0, 0, 1, 1, 1, -1 ], 
      [ 0, 1, 1, 0, -1, -1, 0, 1 ], [ 0, 0, 1, 1, -1, -1, 0, 1 ], 
      [ 1, 0, 1, 0, -1, -1, 0, 1 ], [ 0, 1, 0, 1, -1, -1, 0, 1 ], 
      [ 0, 1, 1, 0, -1, -1, 1, 0 ], [ 0, 0, 1, 1, -1, -1, 1, 0 ], 
      [ -1, 0, 0, 0, 1, 1, -1, 1 ], [ 1, 0, 0, 1, -1, -1, 0, 1 ], 
      [ 1, 0, 1, 0, -1, -1, 1, 0 ], [ 0, 1, 0, 1, -1, -1, 1, 0 ], 
      [ 0, -1, 0, 0, 1, 1, -1, 1 ], [ 0, 0, 0, -1, 1, 1, 1, -1 ], 
      [ 0, 0, -1, 0, 1, 1, 1, -1 ], [ 1, 0, 0, 1, -1, -1, 1, 0 ], 
      [ 0, 0, -1, 0, 1, 1, -1, 1 ], [ 0, 0, 0, -1, 1, 1, -1, 1 ], 
      [ 1, 1, 0, 0, -1, -1, 0, 1 ], [ 1, 1, 0, 0, -1, -1, 1, 0 ], 
      [ 1, 1, 1, 0, -1, -2, 0, 1 ], [ 0, 1, 1, 1, -1, -2, 0, 1 ], 
      [ 1, 1, 0, 1, -1, -2, 0, 1 ], [ 1, 0, 1, 1, -1, -2, 0, 1 ], 
      [ 1, 1, 1, 0, -1, -2, 1, 0 ], [ 0, 1, 1, 1, -1, -2, 1, 0 ], 
      [ 1, 1, 0, 1, -1, -2, 1, 0 ], [ 1, 0, 1, 1, -1, -2, 1, 0 ], 
      [ 0, 0, 1, 1, -1, -1, -1, 2 ], [ 0, 1, 1, 0, -1, -1, -1, 2 ], 
      [ 0, 1, 0, 1, -1, -1, -1, 2 ], [ 0, 0, 1, 1, -1, -1, 2, -1 ], 
      [ 1, 0, 1, 0, -1, -1, -1, 2 ], [ 1, 0, 0, 1, -1, -1, -1, 2 ], 
      [ 0, 1, 0, 1, -1, -1, 2, -1 ], [ 1, 0, 0, 1, -1, -1, 2, -1 ], 
      [ 1, 1, 0, 0, -1, -1, 2, -1 ], [ 0, 1, 1, 0, -1, -1, 2, -1 ], 
      [ 1, 0, 1, 0, -1, -1, 2, -1 ], [ 1, 1, 0, 0, -1, -1, -1, 2 ], 
      [ 1, 1, 1, 1, -2, -2, 0, 1 ], [ 1, 1, 1, 1, -2, -2, 1, 0 ], 
      [ 0, 1, 1, 1, -1, -2, -1, 2 ], [ 1, 0, 1, 1, -1, -2, -1, 2 ], 
      [ 1, 1, 1, 0, -1, -2, 2, -1 ], [ 1, 1, 1, 0, -1, -2, -1, 2 ], 
      [ 0, 1, 1, 1, -1, -2, 2, -1 ], [ 1, 1, 0, 1, -1, -2, 2, -1 ], 
      [ 1, 1, 0, 1, -1, -2, -1, 2 ], [ 1, 0, 1, 1, -1, -2, 2, -1 ], 
      [ 0, 1, 1, 1, -1, -2, -2, 3 ], [ 1, 1, 1, 0, -1, -2, -2, 3 ], 
      [ 1, 0, 1, 1, -1, -2, -2, 3 ], [ 0, 1, 1, 1, -1, -2, 3, -2 ], 
      [ 1, 1, 0, 1, -1, -2, -2, 3 ], [ 1, 0, 1, 1, -1, -2, 3, -2 ], 
      [ 1, 1, 1, 0, -1, -2, 3, -2 ], [ 1, 1, 0, 1, -1, -2, 3, -2 ], 
      [ 1, 1, 1, 1, -2, -3, 0, 2 ], [ 1, 1, 1, 1, -2, -3, 2, 0 ], 
      [ 1, 1, 1, 1, -2, -3, 1, 1 ], [ 1, 1, 1, 1, -2, -2, 2, -1 ], 
      [ 1, 1, 1, 1, -2, -2, -1, 2 ], [ 1, 1, 1, 1, -2, -3, 3, -1 ], 
      [ 1, 1, 1, 1, -2, -3, -1, 3 ], [ 1, 1, 1, 1, -2, -2, 3, -2 ], 
      [ 1, 1, 1, 1, -2, -2, -2, 3 ], [ 1, 1, 1, 1, -2, -3, 4, -2 ], 
      [ 1, 1, 1, 1, -2, -3, -2, 4 ], [ 1, 1, 1, 1, -2, -2, 4, -3 ], 
      [ 1, 1, 1, 1, -2, -2, -3, 4 ], [ 1, 1, 1, 1, -2, -3, 5, -3 ], 
      [ 1, 1, 1, 1, -2, -3, -3, 5 ] ],
  ListAdjacent := [ rec(
          DistVect := [ 0, 1, 0, 1, 1, 0, 0, 0, 1, 0, 0, 1, 1, 1, 1, 1, 0, 
              0, 0, 0, 1, 1, 1, 1, 1, 1, 0, 0, 0 ],
          eAdj := [ 1, 2, 3, 4, 5, 6, 7, 8, 9, 10, 11, 12, 13, 14, 15, 16, 
              17, 18, 19, 20, 21, 22, 23, 24, 25, 26, 27, 28, 30, 31, 32, 
              33, 34, 36, 37, 38, 39, 40, 41, 42, 43, 44, 45, 46, 47, 48, 
              49, 50, 51, 52, 53, 54, 55, 56, 58, 59, 60, 61, 62, 64, 65, 
              66, 67, 68, 69, 70, 71, 72, 73, 74, 75, 76, 77, 78, 79, 80, 
              81, 82, 83, 84, 85, 86, 87, 88, 89, 90, 91, 92, 93, 94, 95, 
              96, 97 ] ), rec(
          DistVect := [ 0, 1, 0, 0, 0, 0, 0, 0, 1, 1, 1, 1, 1, 1, 0, 0, 0, 
              0, 0, 0, 0, 0, 0, 0, 0, 0, 0, 0, 0 ],
          eAdj := [ 1, 2, 3, 4, 5, 6, 7, 8, 9, 10, 11, 12, 13, 15, 16, 17, 
              18, 19, 20, 21, 22, 23, 24, 25, 27, 28, 29, 30, 31, 32, 33, 
              34, 35, 36, 38, 39, 40, 41, 42, 43, 44, 45, 46, 47, 48, 49, 
              50, 51, 52, 53, 54, 55, 56, 57, 58, 59, 60, 61, 62, 63, 64, 
              65, 66, 67, 68, 69, 70, 71, 72, 73, 74, 75, 76, 77, 78, 79, 
              80, 81, 82, 83, 84, 85, 86, 87, 88, 89, 90, 91, 92, 93, 94, 
              95, 96, 97 ] ), rec(
          DistVect := [ 0, 1, 1, 1, 0, 1, 0, 0, 0, 0, 1, 0, 1, 1, 0, 1, 0, 
              1, 1, 1, 0, 1, 1, 1, 0, 0, 1, 1, 0 ],
          eAdj := [ 1, 2, 3, 4, 5, 6, 7, 8, 9, 10, 11, 12, 13, 14, 15, 16, 
              17, 18, 19, 20, 21, 23, 25, 26, 27, 28, 29, 30, 31, 32, 33, 
              34, 35, 36, 37, 38, 39, 40, 41, 42, 43, 44, 45, 46, 47, 48, 
              49, 50, 51, 52, 53, 54, 55, 56, 57, 58, 59, 60, 61, 62, 63, 
              64, 65, 66, 67, 68, 69, 70, 71, 72, 73, 74, 75, 76, 77, 78, 
              79, 80, 81, 82, 83, 84, 85, 86, 87, 88, 89, 90, 91, 92, 93, 
              94, 95, 96, 97 ] ), rec(
          DistVect := [ 0, 0, 0, 1, 0, 1, 1, 1, 0, 1, 0, 1, 1, 1, 1, 0, 1, 
              1, 1, 1, 0, 0, 0, 1, 1, 1, 0, 0, 0 ],
          eAdj := [ 1, 2, 3, 4, 5, 6, 7, 8, 9, 10, 11, 12, 13, 14, 15, 16, 
              17, 18, 19, 20, 21, 22, 23, 24, 25, 26, 27, 28, 29, 30, 31, 
              32, 33, 34, 35, 36, 37, 38, 39, 40, 41, 42, 43, 44, 46, 47, 
              48, 50, 51, 52, 53, 54, 55, 56, 57, 58, 59, 60, 61, 62, 63, 
              64, 65, 66, 67, 68, 71, 72, 73, 74, 75, 77, 78, 79, 80, 82, 
              83, 84, 85, 86, 87, 88, 89, 90, 91, 92, 93, 94, 95, 96, 97 ] ),
      rec(
          DistVect := [ 0, 4, 7, 7, 4, 4, 5, 8, 5, 5, 4, 4, 7, 8, 4, 5, 5, 
              8, 5, 5, 5, 8, 5, 8, 7, 8, 3, 4, 3 ],
          eAdj := [ 3, 4, 9, 13, 14, 17, 18, 19, 20, 24, 31, 35, 36, 40, 41, 
              42, 43, 49, 51, 52, 56, 66, 71, 74, 84, 86 ] ), rec(
          DistVect := [ 0, 5, 4, 4, 5, 5, 8, 5, 5, 5, 4, 4, 7, 8, 4, 5, 5, 
              8, 5, 5, 5, 8, 5, 8, 7, 8, 3, 4, 3 ],
          eAdj := [ 3, 4, 6, 9, 13, 14, 17, 20, 22, 31, 33, 36, 41, 42, 44, 
              56, 60, 63, 69, 71, 72, 74, 80, 86, 88, 90 ] ), rec(
          DistVect := [ 0, 4, 4, 7, 7, 5, 5, 8, 4, 7, 7, 5, 5, 8, 7, 7, 5, 
              5, 8, 4, 4, 8, 5, 8, 8, 5, 4, 3, 3 ],
          eAdj := [ 2, 3, 7, 9, 15, 18, 20, 21, 23, 24, 25, 26, 28, 30, 34, 
              39, 54, 57, 64, 67, 68, 73, 76, 89, 91, 93 ] ), rec(
          DistVect := [ 0, 4, 4, 7, 7, 4, 5, 8, 4, 7, 7, 4, 5, 8, 7, 7, 4, 
              5, 8, 4, 5, 8, 5, 9, 8, 5, 3, 4, 3 ],
          eAdj := [ 2, 3, 7, 9, 15, 18, 20, 21, 23, 24, 25, 26, 28, 30, 34, 
              39, 46, 47, 48, 54, 57, 64, 70, 83, 87, 89 ] ), rec(
          DistVect := [ 0, 7, 4, 7, 7, 5, 5, 8, 7, 4, 4, 4, 8, 5, 7, 7, 5, 
              5, 8, 4, 4, 8, 5, 8, 8, 5, 4, 3, 3 ],
          eAdj := [ 2, 3, 5, 7, 9, 14, 15, 17, 18, 21, 24, 25, 27, 28, 34, 
              36, 39, 43, 46, 47, 57, 68, 70, 83, 87, 89 ] ), rec(
          DistVect := [ 0, 7, 4, 7, 7, 4, 5, 8, 7, 4, 4, 5, 8, 5, 7, 7, 4, 
              5, 8, 4, 5, 8, 5, 9, 8, 5, 3, 4, 3 ],
          eAdj := [ 2, 3, 5, 7, 9, 14, 15, 17, 18, 21, 24, 25, 27, 28, 34, 
              36, 39, 43, 45, 48, 50, 51, 57, 65, 83, 85 ] ), rec(
          DistVect := [ 0, 4, 7, 4, 4, 4, 8, 5, 5, 4, 4, 4, 8, 7, 7, 5, 5, 
              5, 8, 4, 4, 8, 5, 8, 8, 7, 4, 3, 3 ],
          eAdj := [ 3, 6, 7, 9, 14, 15, 17, 19, 20, 21, 22, 27, 28, 29, 36, 
              39, 40, 44, 45, 46, 48, 51, 52, 65, 66, 85 ] ), rec(
          DistVect := [ 0, 4, 7, 4, 4, 5, 8, 5, 7, 4, 4, 5, 8, 5, 7, 7, 4, 
              5, 8, 4, 5, 8, 5, 9, 8, 5, 3, 4, 3 ],
          eAdj := [ 2, 3, 5, 6, 7, 9, 14, 15, 17, 19, 21, 22, 27, 28, 29, 
              36, 39, 40, 44, 49, 50, 52, 66, 72, 84, 85 ] ), rec(
          DistVect := [ 0, 4, 7, 4, 4, 4, 8, 5, 7, 4, 4, 4, 8, 5, 7, 7, 5, 
              5, 8, 4, 4, 8, 5, 8, 8, 5, 4, 3, 3 ],
          eAdj := [ 2, 3, 5, 6, 7, 9, 14, 15, 17, 19, 21, 22, 27, 28, 29, 
              36, 39, 40, 44, 45, 46, 48, 51, 65, 83, 85 ] ), rec(
          DistVect := [ 0, 4, 4, 4, 4, 4, 8, 7, 4, 4, 4, 4, 8, 7, 4, 4, 4, 
              8, 9, 4, 4, 8, 7, 8, 8, 9, 4, 5, 3 ],
          eAdj := [ 7, 9, 10, 13, 14, 15, 17, 19, 22, 31, 32, 33, 35, 36, 
              37, 40, 42, 44, 49, 50, 51, 52, 66, 72, 84, 86 ] ), rec(
          DistVect := [ 0, 1, 1, 1, 1, 1, 2, 2, 1, 1, 1, 1, 2, 2, 1, 1, 1, 
              2, 2, 1, 1, 2, 1, 2, 2, 2, 1, 1, 1 ],
          eAdj := [ 3, 7, 9, 10, 13, 14, 15, 17, 19, 20, 22, 24, 27, 29, 31, 
              32, 35, 36, 40, 42, 43, 44, 45, 49, 50, 51, 52, 66, 84, 85 ] ),
      rec(
          DistVect := [ 0, 4, 4, 4, 4, 4, 8, 7, 4, 4, 4, 4, 8, 7, 4, 4, 4, 
              8, 7, 4, 4, 8, 5, 8, 8, 9, 4, 3, 3 ],
          eAdj := [ 3, 7, 9, 10, 13, 14, 15, 17, 19, 20, 22, 24, 31, 32, 35, 
              36, 40, 42, 44, 49, 50, 51, 52, 66, 84, 86 ] ), rec(
          DistVect := [ 0, 4, 4, 5, 4, 4, 7, 8, 4, 5, 4, 4, 7, 8, 5, 4, 4, 
              7, 8, 3, 5, 8, 5, 8, 9, 8, 3, 4, 3 ],
          eAdj := [ 3, 7, 9, 10, 13, 14, 15, 17, 19, 20, 22, 24, 27, 29, 32, 
              36, 40, 42, 43, 45, 50, 51, 52, 65, 66, 85 ] ), rec(
          DistVect := [ 0, 4, 4, 4, 4, 4, 8, 5, 4, 4, 4, 4, 8, 7, 4, 4, 4, 
              8, 5, 4, 4, 8, 5, 8, 8, 7, 4, 3, 3 ],
          eAdj := [ 3, 4, 6, 7, 9, 10, 13, 14, 17, 19, 20, 22, 31, 32, 35, 
              36, 40, 44, 49, 50, 51, 52, 66, 74, 84, 86 ] ), rec(
          DistVect := [ 0, 4, 4, 4, 4, 4, 8, 5, 4, 4, 4, 4, 8, 5, 4, 4, 4, 
              8, 5, 4, 4, 8, 5, 8, 8, 5, 4, 3, 3 ],
          eAdj := [ 2, 3, 4, 5, 6, 7, 9, 10, 13, 14, 17, 19, 22, 31, 32, 35, 
              36, 40, 44, 49, 50, 51, 52, 66, 84, 85 ] ), rec(
          DistVect := [ 0, 4, 4, 4, 4, 5, 8, 5, 4, 4, 4, 5, 8, 5, 4, 4, 5, 
              8, 5, 4, 5, 8, 5, 9, 8, 5, 3, 4, 3 ],
          eAdj := [ 2, 3, 4, 5, 6, 7, 9, 10, 13, 14, 17, 19, 22, 31, 32, 35, 
              36, 40, 44, 69, 71, 72, 74, 84, 86, 88 ] ), rec(
          DistVect := [ 0, 1, 1, 1, 1, 1, 2, 2, 1, 1, 1, 2, 3, 2, 1, 1, 1, 
              2, 2, 1, 1, 2, 2, 2, 2, 2, 1, 2, 1 ],
          eAdj := [ 5, 7, 8, 9, 10, 13, 17, 19, 22, 31, 32, 33, 35, 36, 37, 
              40, 41, 42, 44, 52, 59, 61, 62, 69, 71, 72, 74, 86, 88 ] ), 
      rec(
          DistVect := [ 0, 4, 4, 4, 7, 4, 5, 8, 4, 4, 7, 4, 5, 8, 4, 7, 4, 
              5, 8, 7, 4, 5, 8, 9, 8, 5, 3, 4, 3 ],
          eAdj := [ 2, 11, 15, 16, 18, 20, 21, 23, 24, 25, 26, 38, 39, 53, 
              54, 55, 57, 58, 64, 67, 68, 70, 73, 89, 91, 93 ] ), rec(
          DistVect := [ 0, 4, 4, 4, 7, 5, 5, 8, 4, 4, 7, 5, 5, 8, 4, 7, 5, 
              5, 8, 7, 5, 5, 8, 8, 8, 5, 4, 3, 3 ],
          eAdj := [ 2, 11, 15, 16, 18, 20, 21, 23, 24, 25, 26, 38, 39, 53, 
              54, 55, 57, 58, 64, 75, 76, 77, 79, 93, 95, 97 ] ), rec(
          DistVect := [ 0, 0, 0, 0, 1, 1, 0, 1, 0, 0, 1, 1, 0, 1, 0, 1, 1, 
              0, 1, 1, 1, 0, 1, 0, 1, 0, 1, 0, 1 ],
          eAdj := [ 1, 2, 11, 15, 16, 18, 20, 21, 23, 24, 25, 26, 38, 39, 
              53, 54, 55, 57, 58, 64, 75, 76, 77, 79, 95, 97 ] ), rec(
          DistVect := [ 0, 4, 5, 5, 5, 5, 5, 8, 5, 5, 5, 5, 5, 8, 4, 4, 4, 
              8, 7, 4, 4, 8, 7, 8, 8, 7, 4, 3, 3 ],
          eAdj := [ 7, 9, 10, 11, 13, 15, 18, 20, 23, 24, 25, 26, 27, 28, 
              29, 30, 32, 34, 46, 48, 64, 70, 73, 83, 87, 89 ] ), rec(
          DistVect := [ 0, 4, 4, 4, 4, 4, 5, 8, 4, 4, 4, 4, 5, 8, 4, 4, 4, 
              7, 8, 4, 4, 7, 8, 8, 7, 8, 3, 4, 3 ],
          eAdj := [ 7, 9, 10, 11, 13, 14, 15, 18, 19, 20, 23, 24, 27, 28, 
              29, 30, 32, 34, 43, 45, 46, 47, 48, 65, 83, 85 ] ), rec(
          DistVect := [ 0, 7, 5, 5, 5, 5, 5, 8, 4, 4, 4, 4, 8, 5, 4, 4, 4, 
              8, 7, 4, 4, 8, 7, 8, 8, 7, 4, 3, 3 ],
          eAdj := [ 5, 7, 9, 10, 11, 13, 14, 15, 17, 18, 24, 25, 28, 29, 31, 
              32, 34, 36, 43, 45, 47, 48, 50, 65, 83, 85 ] ), rec(
          DistVect := [ 0, 1, 1, 1, 1, 1, 2, 2, 1, 2, 2, 1, 1, 2, 2, 2, 1, 
              1, 2, 1, 1, 2, 1, 2, 2, 1, 1, 1, 1 ],
          eAdj := [ 2, 3, 7, 9, 15, 19, 20, 21, 22, 23, 24, 25, 26, 28, 29, 
              30, 34, 39, 40, 43, 46, 47, 48, 54, 57, 64, 67, 70, 83, 87, 89 
             ] ), rec(
          DistVect := [ 0, 1, 1, 1, 1, 1, 2, 2, 2, 1, 1, 1, 2, 1, 2, 2, 1, 
              1, 2, 1, 1, 2, 1, 2, 2, 1, 1, 1, 1 ],
          eAdj := [ 2, 3, 5, 7, 9, 14, 15, 17, 19, 21, 22, 24, 25, 27, 28, 
              29, 34, 36, 39, 40, 43, 44, 45, 46, 48, 50, 51, 57, 65, 83, 85 
             ] ), rec(
          DistVect := [ 0, 1, 1, 1, 1, 2, 2, 1, 1, 1, 1, 2, 2, 1, 1, 1, 2, 
              2, 1, 1, 2, 2, 1, 2, 2, 2, 0, 1, 1 ],
          eAdj := [ 3, 4, 5, 6, 8, 9, 13, 17, 22, 33, 37, 41, 42, 56, 59, 
              60, 61, 62, 63, 78, 80, 81, 82, 90, 92, 94, 96 ] ), rec(
          DistVect := [ 0, 1, 1, 1, 1, 1, 2, 2, 1, 1, 1, 1, 2, 1, 1, 1, 1, 
              2, 1, 1, 1, 2, 1, 2, 2, 1, 1, 1, 1 ],
          eAdj := [ 2, 3, 4, 5, 7, 9, 10, 13, 14, 17, 19, 22, 24, 25, 29, 
              31, 32, 34, 35, 36, 40, 43, 44, 49, 50, 51, 52, 66, 71, 84, 85 
             ] ), rec(
          DistVect := [ 0, 1, 1, 1, 1, 1, 2, 2, 1, 1, 1, 1, 2, 3, 1, 1, 1, 
              2, 2, 1, 1, 2, 2, 2, 2, 2, 1, 2, 1 ],
          eAdj := [ 7, 8, 9, 10, 13, 14, 17, 19, 20, 22, 23, 27, 30, 31, 32, 
              33, 35, 36, 40, 41, 42, 43, 44, 49, 50, 51, 52, 66, 74, 84 ] ),
      rec(
          DistVect := [ 0, 1, 1, 1, 1, 1, 2, 2, 1, 1, 2, 1, 1, 2, 1, 2, 1, 
              1, 2, 2, 1, 1, 2, 2, 2, 1, 1, 1, 1 ],
          eAdj := [ 2, 11, 15, 16, 19, 20, 21, 22, 23, 24, 25, 26, 29, 34, 
              38, 39, 43, 53, 54, 55, 57, 58, 64, 67, 68, 70, 73, 75, 89, 
              91, 93 ] ), rec(
          DistVect := [ 0, 1, 1, 1, 1, 1, 2, 2, 1, 1, 1, 1, 1, 2, 1, 1, 1, 
              1, 2, 1, 1, 2, 2, 2, 2, 2, 1, 1, 1 ],
          eAdj := [ 7, 9, 10, 11, 14, 15, 19, 20, 21, 22, 23, 24, 26, 27, 
              28, 29, 30, 34, 39, 40, 43, 45, 46, 47, 48, 54, 65, 67, 70, 
              83, 87 ] ), rec(
          DistVect := [ 0, 1, 1, 1, 1, 1, 2, 2, 2, 1, 1, 1, 1, 2, 1, 1, 1, 
              2, 1, 1, 1, 2, 2, 2, 2, 2, 1, 1, 1 ],
          eAdj := [ 4, 7, 9, 10, 11, 13, 14, 19, 20, 22, 23, 24, 26, 27, 30, 
              31, 32, 34, 35, 40, 41, 43, 45, 46, 47, 49, 50, 52, 65, 66, 85 
             ] ), rec(
          DistVect := [ 0, 1, 1, 2, 2, 1, 1, 2, 1, 2, 2, 1, 1, 2, 2, 2, 1, 
              1, 2, 1, 1, 2, 1, 2, 2, 1, 1, 1, 1 ],
          eAdj := [ 2, 3, 7, 9, 15, 18, 20, 21, 23, 24, 25, 26, 28, 30, 34, 
              39, 46, 47, 48, 54, 57, 64, 67, 68, 70, 73, 76, 87, 89, 91 ] ),
      rec(
          DistVect := [ 0, 2, 1, 2, 2, 1, 1, 2, 2, 1, 1, 1, 2, 1, 2, 2, 1, 
              1, 2, 1, 1, 2, 1, 2, 2, 1, 1, 1, 1 ],
          eAdj := [ 2, 3, 5, 7, 9, 14, 15, 17, 18, 21, 24, 25, 27, 28, 34, 
              36, 39, 43, 45, 46, 47, 48, 50, 51, 57, 65, 68, 70, 83, 87 ] ),
      rec(
          DistVect := [ 0, 1, 2, 1, 1, 1, 2, 1, 2, 1, 1, 1, 2, 1, 2, 2, 1, 
              1, 2, 1, 1, 2, 1, 2, 2, 1, 1, 1, 1 ],
          eAdj := [ 2, 3, 5, 6, 7, 9, 14, 15, 17, 19, 21, 22, 27, 28, 29, 
              36, 39, 40, 44, 45, 46, 48, 49, 50, 51, 52, 65, 66, 72, 85 ] ),
      rec(
          DistVect := [ 0, 2, 2, 2, 1, 1, 1, 2, 1, 1, 1, 2, 2, 1, 1, 1, 2, 
              2, 1, 1, 2, 2, 1, 2, 2, 2, 0, 1, 1 ],
          eAdj := [ 3, 4, 5, 8, 9, 13, 17, 18, 19, 22, 24, 35, 37, 40, 41, 
              42, 44, 56, 59, 62, 69, 72, 74, 78, 86, 88, 90, 92 ] ), rec(
          DistVect := [ 0, 1, 1, 1, 1, 1, 2, 1, 1, 1, 1, 1, 2, 1, 1, 1, 1, 
              2, 1, 1, 1, 2, 1, 2, 2, 1, 1, 1, 1 ],
          eAdj := [ 2, 3, 4, 5, 6, 7, 9, 10, 13, 14, 17, 19, 22, 31, 32, 35, 
              36, 40, 44, 49, 50, 51, 52, 66, 69, 71, 72, 74, 84, 86 ] ), 
      rec(
          DistVect := [ 0, 1, 1, 1, 2, 1, 1, 2, 1, 1, 2, 1, 1, 2, 1, 2, 1, 
              1, 2, 2, 1, 1, 2, 2, 2, 1, 1, 1, 1 ],
          eAdj := [ 2, 11, 15, 16, 18, 20, 21, 23, 24, 25, 26, 38, 39, 53, 
              54, 55, 57, 58, 64, 67, 68, 70, 73, 75, 76, 77, 79, 91, 93, 95 
             ] ), rec(
          DistVect := [ 0, 1, 2, 2, 1, 1, 1, 2, 2, 2, 1, 1, 1, 2, 1, 1, 2, 
              2, 1, 1, 2, 2, 1, 2, 2, 2, 0, 1, 1 ],
          eAdj := [ 3, 4, 8, 9, 13, 14, 17, 18, 19, 20, 22, 23, 24, 31, 35, 
              36, 40, 41, 42, 43, 49, 51, 56, 66, 71, 74, 84, 86, 88 ] ), 
      rec(
          DistVect := [ 0, 1, 1, 1, 1, 1, 2, 2, 1, 1, 1, 1, 2, 2, 1, 1, 1, 
              2, 2, 1, 1, 2, 2, 2, 2, 2, 1, 2, 1 ],
          eAdj := [ 7, 8, 9, 10, 13, 14, 17, 19, 22, 31, 32, 33, 35, 36, 37, 
              40, 41, 42, 44, 49, 50, 51, 52, 66, 69, 71, 72, 74, 84, 86, 88 
             ] ), rec(
          DistVect := [ 0, 1, 1, 2, 1, 1, 1, 2, 1, 2, 1, 1, 1, 2, 2, 1, 1, 
              1, 2, 1, 2, 2, 1, 2, 2, 2, 0, 1, 1 ],
          eAdj := [ 3, 8, 9, 10, 13, 14, 15, 17, 18, 19, 20, 21, 22, 23, 24, 
              27, 29, 32, 36, 40, 42, 43, 45, 50, 51, 52, 65, 66, 84, 85 ] ),
      rec(
          DistVect := [ 0, 1, 1, 1, 1, 1, 2, 2, 1, 1, 1, 1, 2, 2, 1, 1, 1, 
              2, 2, 1, 1, 2, 2, 2, 3, 2, 1, 1, 1 ],
          eAdj := [ 2, 7, 9, 10, 11, 13, 14, 15, 17, 19, 20, 22, 24, 25, 26, 
              27, 28, 29, 30, 34, 38, 39, 43, 45, 46, 47, 48, 65, 83, 87 ] ),
      rec(
          DistVect := [ 0, 1, 0, 0, 1, 1, 0, 1, 1, 1, 0, 0, 1, 0, 0, 1, 1, 
              0, 1, 1, 1, 0, 1, 0, 1, 0, 1, 0, 1 ],
          eAdj := [ 1, 2, 5, 11, 14, 15, 16, 17, 18, 20, 21, 24, 25, 26, 27, 
              30, 38, 39, 43, 53, 54, 55, 57, 58, 64, 67, 70, 73, 75, 76, 
              77, 79, 91, 93, 95, 97 ] ), rec(
          DistVect := [ 0, 1, 1, 1, 1, 1, 2, 1, 1, 1, 1, 1, 2, 1, 1, 1, 1, 
              2, 1, 1, 1, 2, 1, 2, 2, 2, 1, 0, 1 ],
          eAdj := [ 1, 3, 4, 5, 6, 7, 9, 10, 11, 13, 14, 15, 17, 19, 20, 22, 
              24, 31, 32, 35, 36, 40, 44, 49, 50, 51, 52, 66, 84, 85, 86 ] ),
      rec(
          DistVect := [ 0, 0, 1, 1, 0, 0, 1, 0, 1, 1, 0, 0, 1, 0, 0, 1, 1, 
              0, 1, 1, 1, 0, 1, 0, 1, 0, 1, 0, 1 ],
          eAdj := [ 1, 2, 5, 6, 11, 14, 15, 16, 17, 19, 20, 21, 22, 24, 25, 
              26, 27, 29, 30, 34, 38, 39, 43, 44, 45, 47, 53, 54, 55, 57, 
              58, 67, 68, 70, 73, 75, 77, 87, 89, 91, 93 ] ), rec(
          DistVect := [ 0, 0, 0, 0, 0, 1, 1, 0, 0, 0, 0, 1, 1, 0, 0, 0, 1, 
              1, 0, 0, 1, 1, 0, 1, 1, 0, 0, 1, 1 ],
          eAdj := [ 2, 3, 4, 5, 6, 7, 8, 9, 10, 13, 14, 17, 19, 22, 31, 32, 
              33, 35, 36, 37, 40, 41, 42, 44, 56, 59, 60, 61, 62, 63, 69, 
              71, 72, 74, 78, 80, 81, 82, 86, 88, 90, 92 ] ), rec(
          DistVect := [ 0, 1, 1, 1, 1, 0, 0, 1, 0, 0, 0, 1, 1, 0, 0, 0, 1, 
              1, 0, 0, 1, 1, 0, 1, 1, 0, 0, 1, 1 ],
          eAdj := [ 2, 3, 4, 5, 7, 8, 9, 10, 13, 14, 17, 18, 19, 22, 24, 25, 
              29, 31, 32, 34, 35, 36, 37, 40, 41, 42, 43, 44, 49, 51, 52, 
              56, 59, 62, 66, 69, 71, 72, 74, 78, 84, 86, 88 ] ), rec(
          DistVect := [ 0, 0, 1, 1, 1, 0, 0, 1, 1, 1, 1, 0, 0, 1, 0, 0, 1, 
              1, 0, 0, 1, 1, 0, 1, 1, 0, 0, 1, 1 ],
          eAdj := [ 2, 3, 4, 7, 8, 9, 10, 13, 14, 17, 18, 19, 20, 22, 23, 
              24, 25, 26, 27, 29, 30, 31, 32, 34, 35, 36, 40, 41, 42, 43, 
              45, 47, 49, 50, 51, 52, 56, 64, 65, 66, 71, 74, 84, 85 ] ), 
      rec(
          DistVect := [ 0, 0, 1, 0, 0, 0, 1, 0, 1, 0, 0, 0, 1, 0, 1, 1, 1, 
              0, 1, 0, 0, 1, 0, 0, 1, 0, 1, 0, 1 ],
          eAdj := [ 1, 2, 3, 5, 6, 7, 9, 11, 14, 15, 17, 19, 20, 21, 22, 24, 
              25, 26, 27, 28, 29, 30, 34, 36, 38, 39, 40, 43, 44, 45, 46, 
              47, 48, 51, 53, 54, 57, 65, 67, 68, 70, 83, 87, 89 ] ), rec(
          DistVect := [ 0, 0, 0, 1, 1, 0, 0, 1, 0, 1, 1, 0, 0, 1, 1, 1, 0, 
              0, 1, 0, 1, 1, 0, 1, 1, 0, 0, 1, 1 ],
          eAdj := [ 2, 3, 7, 8, 9, 10, 13, 14, 15, 17, 18, 19, 20, 21, 22, 
              23, 24, 25, 26, 27, 28, 29, 30, 32, 34, 36, 39, 40, 42, 43, 
              45, 46, 47, 48, 50, 51, 52, 54, 57, 64, 65, 70, 83, 85, 87 ] ),
      rec(
          DistVect := [ 0, 0, 0, 0, 0, 0, 1, 0, 0, 0, 0, 0, 1, 0, 0, 0, 0, 
              1, 0, 0, 0, 1, 0, 0, 1, 0, 1, 0, 1 ],
          eAdj := [ 1, 2, 3, 4, 5, 6, 7, 9, 10, 11, 13, 14, 15, 17, 19, 20, 
              22, 24, 25, 26, 27, 28, 29, 30, 31, 32, 34, 35, 36, 38, 39, 
              40, 43, 44, 45, 46, 47, 48, 49, 50, 51, 52, 65, 66, 83, 85 ] ),
      rec(
          DistVect := [ 0, 0, 0, 0, 1, 0, 0, 1, 0, 0, 1, 0, 0, 1, 0, 1, 0, 
              0, 1, 1, 0, 0, 1, 1, 1, 0, 0, 1, 1 ],
          eAdj := [ 2, 7, 8, 9, 10, 11, 13, 14, 15, 16, 17, 18, 19, 20, 21, 
              22, 23, 24, 25, 26, 27, 28, 29, 30, 34, 38, 39, 43, 45, 46, 
              47, 48, 53, 54, 55, 57, 58, 64, 67, 68, 70, 73, 83, 87, 89, 91 
             ] ), rec(
          DistVect := [ 0, 0, 0, 0, 0, 0, 1, 1, 0, 0, 0, 0, 1, 1, 0, 0, 0, 
              1, 1, 0, 0, 1, 1, 0, 1, 1, 1, 1, 0 ],
          eAdj := [ 1, 2, 3, 4, 5, 6, 7, 8, 9, 10, 11, 12, 13, 14, 15, 16, 
              17, 18, 19, 20, 21, 22, 23, 24, 25, 26, 27, 28, 29, 30, 31, 
              32, 33, 34, 35, 36, 37, 38, 39, 40, 41, 42, 43, 44, 45, 46, 
              47, 48, 49, 50, 51, 52, 53, 54, 55, 56, 57, 58, 59, 60, 61, 
              62, 63, 64, 65, 66, 67, 68, 69, 70, 71, 72, 73, 74, 75, 76, 
              77, 78, 79, 80, 81, 82, 86, 87, 90, 91, 94, 95 ] ), rec(
          DistVect := [ 0, 0, 0, 0, 1, 0, 1, 1, 0, 0, 1, 0, 1, 1, 0, 1, 0, 
              1, 1, 1, 0, 1, 1, 1, 0, 0, 1, 1, 0 ],
          eAdj := [ 1, 2, 3, 4, 5, 6, 7, 8, 9, 10, 11, 12, 13, 14, 15, 16, 
              17, 18, 19, 20, 21, 22, 23, 24, 25, 26, 27, 28, 29, 30, 31, 
              32, 33, 34, 35, 36, 37, 38, 39, 40, 41, 42, 43, 44, 45, 46, 
              47, 48, 49, 50, 51, 52, 53, 54, 55, 56, 57, 58, 59, 60, 61, 
              62, 63, 64, 67, 68, 69, 70, 71, 72, 73, 74, 75, 76, 77, 78, 
              79, 80, 81, 82, 83, 84, 85, 88, 89, 92, 93, 96, 97 ] ), rec(
          DistVect := [ 0, 1, 1, 1, 1, 1, 2, 2, 1, 1, 1, 1, 2, 2, 1, 1, 1, 
              2, 2, 1, 0, 2, 1, 1, 2, 1, 2, 1, 1 ],
          eAdj := [ 1, 2, 3, 7, 9, 11, 15, 20, 24, 25, 26, 27, 28, 29, 30, 
              34, 38, 39, 43, 46, 47, 48, 54, 57, 64, 67, 68, 70, 73, 87, 89 
             ] ), rec(
          DistVect := [ 0, 4, 4, 5, 4, 4, 7, 8, 4, 5, 4, 4, 7, 8, 5, 4, 4, 
              7, 8, 5, 3, 8, 5, 8, 7, 8, 5, 4, 3 ],
          eAdj := [ 3, 7, 9, 10, 14, 15, 19, 20, 24, 27, 29, 32, 36, 40, 42, 
              43, 45, 46, 47, 48, 50, 51, 52, 65, 66, 85 ] ), rec(
          DistVect := [ 0, 1, 1, 1, 1, 1, 2, 2, 1, 1, 1, 1, 2, 2, 1, 1, 1, 
              2, 2, 2, 0, 2, 1, 2, 1, 2, 2, 1, 1 ],
          eAdj := [ 1, 3, 7, 9, 10, 11, 12, 14, 15, 19, 20, 24, 27, 29, 31, 
              32, 35, 36, 40, 42, 43, 44, 45, 46, 47, 48, 50, 51, 52, 66, 85 
             ] ), rec(
          DistVect := [ 0, 4, 4, 4, 4, 4, 8, 7, 4, 4, 4, 4, 8, 7, 4, 4, 4, 
              8, 7, 4, 4, 8, 5, 8, 8, 7, 4, 5, 3 ],
          eAdj := [ 3, 7, 9, 10, 13, 14, 17, 19, 22, 31, 32, 35, 36, 40, 42, 
              44, 49, 50, 51, 52, 66, 71, 72, 74, 84, 86 ] ), rec(
          DistVect := [ 0, 1, 1, 1, 1, 1, 2, 2, 1, 1, 1, 1, 2, 2, 1, 1, 1, 
              2, 2, 1, 1, 2, 1, 2, 2, 1, 1, 2, 1 ],
          eAdj := [ 2, 3, 7, 8, 9, 10, 13, 14, 17, 19, 22, 27, 29, 31, 32, 
              35, 36, 40, 42, 43, 44, 49, 50, 51, 52, 66, 71, 72, 74, 84 ] ),
      rec(
          DistVect := [ 0, 1, 1, 1, 1, 1, 2, 2, 1, 1, 1, 1, 2, 2, 1, 1, 1, 
              2, 2, 2, 1, 1, 2, 1, 2, 1, 2, 1, 1 ],
          eAdj := [ 1, 2, 11, 15, 16, 20, 24, 25, 26, 27, 29, 38, 39, 43, 
              53, 54, 55, 57, 58, 64, 67, 68, 70, 73, 75, 77, 79, 91, 93 ] ),
      rec(
          DistVect := [ 0, 4, 4, 4, 5, 4, 7, 8, 4, 4, 5, 4, 7, 8, 4, 5, 4, 
              7, 8, 5, 4, 7, 8, 5, 8, 5, 7, 4, 3 ],
          eAdj := [ 1, 2, 11, 15, 20, 24, 25, 26, 38, 39, 53, 54, 55, 57, 
              58, 64, 67, 68, 70, 73, 75, 76, 77, 79, 91, 93 ] ), rec(
          DistVect := [ 0, 4, 4, 4, 4, 3, 7, 8, 4, 4, 4, 3, 7, 8, 4, 4, 5, 
              9, 8, 4, 5, 9, 8, 7, 7, 8, 4, 7, 3 ],
          eAdj := [ 8, 9, 13, 14, 17, 19, 22, 31, 32, 33, 35, 36, 37, 40, 
              41, 42, 44, 49, 51, 56, 69, 71, 72, 74, 86, 88 ] ), rec(
          DistVect := [ 0, 4, 4, 4, 4, 4, 8, 7, 4, 4, 4, 4, 8, 7, 4, 4, 4, 
              8, 7, 4, 4, 8, 7, 8, 8, 5, 4, 7, 3 ],
          eAdj := [ 2, 7, 8, 9, 10, 13, 14, 17, 19, 22, 31, 32, 35, 36, 40, 
              44, 49, 50, 51, 52, 66, 69, 71, 72, 74, 84 ] ), rec(
          DistVect := [ 0, 4, 4, 4, 7, 4, 5, 8, 4, 4, 7, 4, 5, 8, 4, 5, 4, 
              7, 8, 5, 4, 7, 8, 7, 8, 5, 5, 4, 3 ],
          eAdj := [ 2, 11, 15, 18, 20, 23, 24, 25, 26, 28, 38, 39, 53, 54, 
              55, 57, 58, 64, 67, 68, 70, 73, 76, 79, 91, 93 ] ), rec(
          DistVect := [ 0, 4, 4, 4, 4, 4, 8, 7, 4, 4, 4, 4, 8, 7, 4, 4, 4, 
              8, 9, 4, 4, 8, 9, 8, 8, 7, 4, 7, 3 ],
          eAdj := [ 7, 8, 9, 10, 13, 14, 17, 19, 22, 28, 31, 32, 33, 35, 36, 
              37, 40, 44, 49, 50, 51, 52, 66, 69, 72, 84 ] ), rec(
          DistVect := [ 0, 4, 4, 4, 4, 3, 8, 7, 4, 4, 4, 3, 8, 7, 4, 4, 3, 
              8, 7, 4, 3, 8, 7, 5, 8, 5, 7, 4, 3 ],
          eAdj := [ 1, 2, 11, 15, 20, 24, 25, 26, 27, 28, 29, 30, 34, 38, 
              39, 43, 45, 46, 47, 48, 67, 68, 70, 73, 87, 89 ] ), rec(
          DistVect := [ 0, 4, 4, 4, 5, 3, 8, 7, 4, 4, 5, 3, 8, 7, 4, 5, 3, 
              8, 7, 5, 3, 8, 7, 8, 5, 8, 7, 4, 3 ],
          eAdj := [ 1, 7, 10, 11, 12, 14, 15, 19, 20, 24, 31, 32, 35, 36, 
              40, 44, 45, 46, 47, 48, 49, 50, 51, 52, 66, 85 ] ), rec(
          DistVect := [ 0, 4, 4, 4, 4, 4, 8, 5, 4, 4, 4, 4, 8, 5, 4, 4, 4, 
              8, 7, 4, 4, 8, 7, 8, 8, 5, 4, 5, 3 ],
          eAdj := [ 2, 5, 6, 7, 9, 10, 13, 14, 17, 19, 22, 28, 31, 32, 35, 
              36, 40, 44, 49, 50, 51, 52, 66, 69, 72, 84 ] ), rec(
          DistVect := [ 0, 7, 4, 4, 7, 4, 5, 8, 5, 5, 4, 3, 8, 5, 4, 5, 4, 
              7, 8, 5, 4, 7, 8, 7, 8, 5, 5, 4, 3 ],
          eAdj := [ 2, 5, 11, 14, 15, 17, 18, 24, 25, 27, 28, 30, 38, 39, 
              43, 45, 46, 47, 53, 57, 58, 68, 70, 73, 87, 89 ] ), rec(
          DistVect := [ 0, 4, 5, 5, 4, 3, 8, 5, 5, 5, 4, 3, 8, 5, 4, 5, 4, 
              7, 8, 5, 4, 7, 8, 7, 8, 5, 5, 4, 3 ],
          eAdj := [ 2, 5, 6, 11, 14, 15, 17, 19, 22, 27, 28, 29, 30, 34, 38, 
              39, 44, 45, 46, 47, 48, 49, 51, 53, 65, 83 ] ), rec(
          DistVect := [ 0, 4, 5, 5, 7, 3, 5, 8, 5, 5, 7, 3, 5, 8, 4, 4, 4, 
              8, 7, 4, 4, 8, 7, 8, 8, 5, 4, 5, 3 ],
          eAdj := [ 2, 7, 9, 10, 13, 18, 20, 23, 24, 25, 26, 27, 28, 29, 30, 
              32, 34, 45, 46, 47, 48, 64, 70, 73, 83, 87 ] ), rec(
          DistVect := [ 0, 7, 5, 5, 7, 3, 5, 8, 4, 4, 4, 4, 8, 5, 4, 4, 4, 
              8, 7, 4, 4, 8, 7, 8, 8, 5, 4, 5, 3 ],
          eAdj := [ 2, 5, 7, 9, 10, 13, 14, 17, 18, 24, 25, 28, 29, 31, 32, 
              34, 36, 43, 45, 47, 48, 49, 50, 51, 65, 85 ] ), rec(
          DistVect := [ 0, 4, 4, 4, 4, 4, 8, 7, 4, 4, 4, 4, 8, 9, 4, 4, 4, 
              8, 5, 4, 4, 8, 7, 8, 8, 7, 4, 5, 3 ],
          eAdj := [ 4, 7, 9, 10, 13, 14, 17, 19, 20, 22, 30, 31, 32, 35, 36, 
              40, 41, 43, 44, 49, 50, 51, 52, 66, 74, 84 ] ), rec(
          DistVect := [ 0, 4, 5, 4, 4, 4, 7, 8, 3, 4, 4, 4, 9, 8, 5, 5, 3, 
              8, 5, 4, 4, 7, 8, 8, 7, 8, 5, 4, 3 ],
          eAdj := [ 4, 7, 10, 11, 13, 14, 17, 19, 20, 24, 30, 31, 32, 34, 
              35, 36, 41, 43, 44, 47, 48, 49, 50, 52, 66, 85 ] ), rec(
          DistVect := [ 0, 4, 4, 4, 5, 4, 7, 8, 4, 4, 5, 4, 7, 8, 4, 5, 4, 
              7, 8, 3, 4, 9, 8, 5, 8, 5, 7, 4, 3 ],
          eAdj := [ 1, 2, 11, 15, 20, 24, 25, 26, 28, 30, 34, 38, 39, 53, 
              54, 55, 57, 58, 64, 67, 68, 70, 73, 76, 91, 93 ] ), rec(
          DistVect := [ 0, 1, 1, 1, 1, 1, 2, 2, 1, 1, 1, 1, 2, 2, 1, 1, 1, 
              2, 2, 1, 1, 2, 2, 1, 2, 1, 2, 1, 1 ],
          eAdj := [ 1, 2, 11, 15, 20, 24, 25, 26, 27, 28, 29, 30, 34, 38, 
              39, 43, 53, 54, 55, 57, 58, 64, 67, 68, 70, 73, 87, 89, 91, 93 
             ] ), rec(
          DistVect := [ 0, 4, 4, 4, 5, 4, 7, 8, 4, 4, 5, 4, 7, 8, 4, 7, 4, 
              5, 8, 5, 4, 7, 8, 7, 8, 5, 5, 4, 3 ],
          eAdj := [ 2, 11, 15, 20, 21, 24, 25, 26, 30, 34, 38, 39, 43, 53, 
              54, 55, 57, 58, 64, 67, 68, 70, 73, 89, 91, 93 ] ), rec(
          DistVect := [ 0, 4, 4, 4, 4, 3, 8, 7, 4, 4, 4, 3, 8, 7, 4, 4, 3, 
              8, 7, 4, 5, 8, 9, 5, 8, 5, 7, 4, 3 ],
          eAdj := [ 1, 2, 11, 15, 20, 24, 25, 26, 27, 28, 29, 30, 34, 38, 
              39, 43, 45, 53, 55, 58, 67, 68, 70, 73, 87, 89 ] ), rec(
          DistVect := [ 0, 4, 4, 4, 4, 4, 8, 7, 4, 4, 4, 4, 8, 7, 4, 4, 4, 
              8, 7, 4, 4, 8, 9, 8, 8, 5, 4, 7, 3 ],
          eAdj := [ 2, 7, 8, 9, 10, 13, 14, 17, 19, 22, 28, 30, 31, 32, 34, 
              35, 36, 40, 44, 49, 50, 51, 52, 66, 69, 84 ] ), rec(
          DistVect := [ 0, 1, 1, 1, 1, 1, 2, 2, 1, 1, 1, 1, 2, 2, 1, 1, 1, 
              2, 2, 1, 1, 2, 2, 2, 2, 1, 1, 2, 1 ],
          eAdj := [ 2, 7, 8, 9, 10, 13, 14, 17, 19, 22, 27, 28, 29, 30, 31, 
              32, 34, 35, 36, 40, 43, 44, 49, 50, 51, 52, 65, 66, 84, 85 ] ),
      rec(
          DistVect := [ 0, 4, 4, 4, 4, 4, 8, 7, 4, 4, 4, 4, 8, 7, 4, 4, 4, 
              8, 5, 4, 4, 8, 7, 8, 8, 5, 4, 5, 3 ],
          eAdj := [ 2, 4, 7, 9, 10, 13, 14, 17, 19, 22, 30, 31, 32, 34, 35, 
              36, 40, 43, 44, 49, 50, 51, 52, 66, 84, 85 ] ), rec(
          DistVect := [ 0, 4, 4, 4, 5, 3, 7, 8, 4, 4, 5, 3, 7, 8, 4, 5, 3, 
              7, 8, 3, 5, 9, 8, 8, 8, 5, 4, 7, 3 ],
          eAdj := [ 2, 7, 8, 9, 10, 13, 14, 17, 19, 22, 27, 28, 29, 30, 32, 
              34, 36, 40, 43, 45, 49, 50, 51, 52, 65, 85 ] ), rec(
          DistVect := [ 0, 4, 5, 4, 4, 4, 7, 8, 5, 4, 4, 4, 7, 8, 5, 7, 3, 
              8, 5, 4, 4, 7, 8, 8, 5, 8, 5, 4, 3 ],
          eAdj := [ 4, 7, 11, 12, 13, 14, 19, 20, 24, 30, 31, 32, 34, 35, 
              36, 40, 41, 43, 44, 47, 49, 50, 52, 66, 84, 85 ] ), rec(
          DistVect := [ 0, 4, 5, 4, 5, 4, 7, 8, 5, 4, 5, 4, 7, 8, 5, 4, 3, 
              8, 5, 5, 4, 7, 8, 7, 8, 5, 5, 4, 3 ],
          eAdj := [ 2, 4, 10, 11, 13, 20, 24, 25, 26, 27, 28, 29, 30, 34, 
              38, 43, 45, 46, 48, 55, 58, 64, 73, 83, 87, 89 ] ) ] );
