return rec(
  DistVect := [ 0, 1, 1, 1, 1, 1, 2, 2, 1, 1, 1, 2, 1, 1, 1, 2, 2, 1, 1, 2, 
      2, 1, 1, 1, 2, 2, 2, 2, 0 ],
  ListIncidentIneq := 
   [ [ 0, 0, 0, 0, 0, 0, 0, 0, 0, 0, 0, 0, 0, 0, 0, 0, 0, 0, 0, 0, 0, 0, 0, 
          0, 0, 0, -1, 1, 1 ], 
      [ 0, 0, 0, 0, 0, 0, 0, 0, 0, 0, 0, 0, 0, 0, 0, 0, 0, 0, 0, 0, 0, 0, 0, 
          0, -1, 1, 0, 0, 1 ], 
      [ 0, 1, 0, 0, 0, 0, 0, -1, 0, 0, 0, 0, 0, 1, 0, 0, 0, 0, 0, 0, 0, 0, 
          0, 0, 0, 0, 0, 0, 0 ], 
      [ 0, 0, 0, 0, 0, 0, 0, 0, 0, 0, 0, 0, 0, 0, 0, 0, 0, 0, 0, 0, 0, -1, 
          1, 0, 0, 0, 0, 0, 1 ], 
      [ 0, 0, 1, 0, 0, 0, 0, -1, 0, 0, 0, 0, 0, 0, 0, 0, 0, 0, 1, 0, 0, 0, 
          0, 0, 0, 0, 0, 0, 0 ], 
      [ 0, 1, 0, 0, 0, 0, -1, 0, 0, 0, 0, 0, 1, 0, 0, 0, 0, 0, 0, 0, 0, 0, 
          0, 0, 0, 0, 0, 0, 0 ], 
      [ 0, 0, 0, 0, 0, 0, 0, 0, 0, 0, 0, 0, 0, 0, 0, 0, 0, -1, 1, 0, 0, 0, 
          0, 0, 0, 0, 0, 0, 1 ], 
      [ 0, 0, 1, 0, 0, 0, -1, 0, 0, 0, 0, 0, 0, 0, 0, 0, 0, 1, 0, 0, 0, 0, 
          0, 0, 0, 0, 0, 0, 0 ], 
      [ 0, 0, 0, 0, 0, 0, 0, 0, 0, 0, 1, 0, 0, 1, 0, 0, 0, 0, 0, 0, 0, 0, 0, 
          0, 0, -1, 0, 0, 0 ], 
      [ 0, 0, 0, 0, 0, 0, 0, 0, 0, 0, 0, 0, -1, 1, 0, 0, 0, 0, 0, 0, 0, 0, 
          0, 0, 0, 0, 0, 0, 1 ], 
      [ 0, 1, 0, 0, 0, 1, 0, 0, 0, 0, 0, -1, 0, 0, 0, 0, 0, 0, 0, 0, 0, 0, 
          0, 0, 0, 0, 0, 0, 0 ], 
      [ 0, 0, 0, 0, 0, 0, -1, 1, 0, 0, 0, 0, 0, 0, 0, 0, 0, 0, 0, 0, 0, 0, 
          0, 0, 0, 0, 0, 0, 1 ], 
      [ 0, 0, 0, 1, 0, 0, 0, -1, 0, 0, 0, 0, 0, 0, 0, 0, 0, 0, 0, 0, 0, 0, 
          1, 0, 0, 0, 0, 0, 0 ], 
      [ 0, 0, 0, 1, 0, 0, -1, 0, 0, 0, 0, 0, 0, 0, 0, 0, 0, 0, 0, 0, 0, 1, 
          0, 0, 0, 0, 0, 0, 0 ], 
      [ 0, 0, 0, 0, 0, 0, 0, 0, 0, 1, 1, 0, 0, 0, 0, 0, 0, 0, 0, -1, 0, 0, 
          0, 0, 0, 0, 0, 0, 0 ], 
      [ 0, 0, 1, 0, 0, 1, 0, 0, 0, 0, 0, 0, 0, 0, 0, 0, -1, 0, 0, 0, 0, 0, 
          0, 0, 0, 0, 0, 0, 0 ], 
      [ 0, 0, 0, 0, 0, 0, 0, 0, 1, 0, 1, 0, 0, 0, 0, -1, 0, 0, 0, 0, 0, 0, 
          0, 0, 0, 0, 0, 0, 0 ], 
      [ 0, 0, 0, 0, 0, 0, 0, 0, 0, 0, 0, 0, 0, 0, 0, 0, 0, 0, 0, 0, 0, 0, 0, 
          0, 0, 0, 1, -1, 1 ], 
      [ 0, 0, 0, 0, 0, 0, 0, 0, 0, 0, 1, -1, 0, 0, 0, 0, 0, 0, 0, 0, 0, 0, 
          0, 1, 0, 0, 0, 0, 0 ], 
      [ 0, 0, 0, 1, 1, 0, 0, 0, 0, 0, 0, 0, 0, 0, 0, 0, 0, 0, 0, -1, 0, 0, 
          0, 0, 0, 0, 0, 0, 0 ], 
      [ 0, 0, 1, 0, 1, 0, 0, 0, 0, 0, 0, 0, 0, 0, 0, -1, 0, 0, 0, 0, 0, 0, 
          0, 0, 0, 0, 0, 0, 0 ], 
      [ 0, 0, 0, 0, 0, 0, 0, 0, 0, 0, 0, 0, 0, 0, 0, 0, 0, 0, 0, 0, 0, 0, 0, 
          0, 1, -1, 0, 0, 1 ], 
      [ 0, 0, 0, 0, 0, 0, 0, 0, 0, 0, 0, 0, 0, 0, 0, 0, 0, 0, 0, 0, 0, 1, 
          -1, 0, 0, 0, 0, 0, 1 ], 
      [ 0, 0, 0, 0, 0, 0, 1, -1, 0, 0, 0, 0, 0, 0, 0, 0, 0, 0, 0, 0, 0, 0, 
          0, 0, 0, 0, 0, 0, 1 ], 
      [ 0, 0, 0, 0, 0, 0, 0, 0, 0, 0, 1, 0, 1, 0, 0, 0, 0, 0, 0, 0, 0, 0, 0, 
          0, -1, 0, 0, 0, 0 ], 
      [ 0, 0, 0, 1, 0, 1, 0, 0, 0, 0, 0, 0, 0, 0, 0, 0, 0, 0, 0, 0, -1, 0, 
          0, 0, 0, 0, 0, 0, 0 ], 
      [ 0, 0, 0, 0, 0, 0, 0, 0, 0, 0, 0, 0, 0, 0, 0, 0, 0, 1, -1, 0, 0, 0, 
          0, 0, 0, 0, 0, 0, 1 ], 
      [ 0, 0, 0, 0, 0, 0, 0, 0, 0, 0, 0, 0, 1, -1, 0, 0, 0, 0, 0, 0, 0, 0, 
          0, 0, 0, 0, 0, 0, 1 ], 
      [ 0, 0, 0, 1, 0, 1, 1, -1, 0, 0, 0, 0, 0, 0, 0, 0, 0, 0, 0, 0, -1, -1, 
          1, 0, 0, 0, -1, 1, 1 ], 
      [ 0, 0, 1, 0, 0, 1, 1, -1, 0, 0, 0, 0, 0, 0, 0, 0, -1, -1, 1, 0, 0, 0, 
          0, 0, 0, 0, -1, 1, 1 ], 
      [ 0, 1, 0, 0, 0, 1, 1, -1, 0, 0, 0, -1, -1, 1, 0, 0, 0, 0, 0, 0, 0, 0, 
          0, 0, 0, 0, -1, 1, 1 ], 
      [ 0, 0, 0, 1, 0, 1, -1, 1, 0, 0, 0, 0, 0, 0, 0, 0, 0, 0, 0, 0, -1, 1, 
          -1, 0, 0, 0, 1, -1, 1 ], 
      [ 0, 0, 1, 1, 1, 0, -1, 0, 0, 0, 0, 0, 0, 0, -1, -1, 0, 1, 0, -1, 0, 
          1, 0, 0, 1, 0, 0, 0, 0 ], 
      [ 0, 0, 0, 1, 1, 0, 1, -1, 0, 0, 0, 0, 0, 0, 0, 0, 0, 0, 0, -1, 0, -1, 
          1, 0, -1, 1, 0, 0, 1 ], 
      [ 0, 0, 1, 1, 0, 1, -1, 0, 0, 0, 0, 0, 0, 0, -1, 0, -1, 1, 0, 0, -1, 
          1, 0, 0, 0, 0, 1, 0, 0 ], 
      [ 0, 0, 1, 0, 0, 1, -1, 1, 0, 0, 0, 0, 0, 0, 0, 0, -1, 1, -1, 0, 0, 0, 
          0, 0, 0, 0, 1, -1, 1 ], 
      [ 0, 0, 0, 0, 0, 0, 0, 0, 0, 0, 1, -1, -1, 1, 0, 0, 0, 0, 0, 0, 0, 0, 
          0, 1, 1, -1, -1, 1, 1 ], 
      [ 0, 0, 0, 0, 0, 0, 0, 0, 0, 1, 1, 0, 1, -1, 0, 0, 0, 0, 0, -1, 0, -1, 
          1, 0, -1, 1, 0, 0, 1 ], 
      [ 0, 0, 1, 0, 1, 0, 1, -1, 0, 0, 0, 0, 0, 0, 0, -1, 0, -1, 1, 0, 0, 0, 
          0, 0, -1, 1, 0, 0, 1 ], 
      [ 0, 0, 0, 1, 1, 0, -1, 1, 0, 0, 0, 0, 0, 0, 0, 0, 0, 0, 0, -1, 0, 1, 
          -1, 0, 1, -1, 0, 0, 1 ], 
      [ 0, 1, 0, 1, 0, 1, -1, 0, 0, -1, 0, -1, 1, 0, 0, 0, 0, 0, 0, 0, -1, 
          1, 0, 0, 0, 0, 1, 0, 0 ], 
      [ 0, 0, 1, 1, 0, 1, 0, -1, 0, 0, 0, 0, 0, 0, -1, 0, -1, 0, 1, 0, -1, 
          0, 1, 0, 0, 0, 0, 1, 0 ], 
      [ 0, 0, 0, 0, 0, 0, 0, 0, 0, 1, 1, 0, -1, 1, 0, 0, 0, 0, 0, -1, 0, 1, 
          -1, 0, 1, -1, 0, 0, 1 ], 
      [ 0, 1, 0, 0, 0, 1, -1, 1, 0, 0, 0, -1, 1, -1, 0, 0, 0, 0, 0, 0, 0, 0, 
          0, 0, 0, 0, 1, -1, 1 ], 
      [ 0, 1, 0, 0, -1, 1, -1, 0, 0, 0, 1, -1, 1, 0, 0, 0, 0, 0, 0, 0, 0, 0, 
          0, 1, -1, 0, 1, 0, 0 ], 
      [ 0, 0, 0, 0, 0, 0, 0, 0, 1, 0, 1, 0, 1, -1, 0, -1, 0, -1, 1, 0, 0, 0, 
          0, 0, -1, 1, 0, 0, 1 ], 
      [ 0, 0, 1, 0, 1, 0, -1, 1, 0, 0, 0, 0, 0, 0, 0, -1, 0, 1, -1, 0, 0, 0, 
          0, 0, 1, -1, 0, 0, 1 ], 
      [ 0, 1, 0, 1, 0, 1, 0, -1, 0, -1, 0, -1, 0, 1, 0, 0, 0, 0, 0, 0, -1, 
          0, 1, 0, 0, 0, 0, 1, 0 ], 
      [ 0, 1, 1, 0, 0, 1, -1, 0, -1, 0, 0, -1, 1, 0, 0, 0, -1, 1, 0, 0, 0, 
          0, 0, 0, 0, 0, 1, 0, 0 ], 
      [ 0, 0, 0, 0, 0, 0, 0, 0, 0, 0, 1, -1, 1, -1, 0, 0, 0, 0, 0, 0, 0, 0, 
          0, 1, -1, 1, 1, -1, 1 ], 
      [ 0, 0, 0, 0, 0, 0, 0, 0, 1, 0, 1, 0, -1, 1, 0, -1, 0, 1, -1, 0, 0, 0, 
          0, 0, 1, -1, 0, 0, 1 ], 
      [ 0, 1, 0, 0, -1, 1, 0, -1, 0, 0, 1, -1, 0, 1, 0, 0, 0, 0, 0, 0, 0, 0, 
          0, 1, 0, -1, 0, 1, 0 ], 
      [ 0, 1, 1, 0, 0, 1, 0, -1, -1, 0, 0, -1, 0, 1, 0, 0, -1, 0, 1, 0, 0, 
          0, 0, 0, 0, 0, 0, 1, 0 ], 
      [ 0, -1, 1, 1, 1, 0, 0, 0, 1, 1, 1, 0, 0, 0, -1, -1, 0, 0, 0, -1, 0, 
          0, 0, 0, 0, 0, 0, 0, 0 ], 
      [ 0, 0, 1, 1, 1, 0, 0, -1, 0, 0, 0, 0, 0, 0, -1, -1, 0, 0, 1, -1, 0, 
          0, 1, 0, 0, 1, 0, 0, 0 ], 
      [ 0, 0, 2, 2, 2, 2, -2, 0, 0, 0, 0, 0, 0, 0, -1, -1, -1, 1, 0, -1, -1, 
          1, 0, -1, 1, 0, 1, 0, 0 ], 
      [ 0, 0, 2, 2, 2, 2, 0, -2, 0, 0, 0, 0, 0, 0, -1, -1, -1, 0, 1, -1, -1, 
          0, 1, -1, 0, 1, 0, 1, 0 ], 
      [ 0, 0, 1, 1, 0, 1, 1, -2, 0, 0, 0, 0, 0, 0, -1, 0, -1, -1, 2, 0, -1, 
          -1, 2, 0, 0, 0, -1, 2, 2 ], 
      [ 0, 0, 1, 1, 1, 0, -2, 1, 0, 0, 0, 0, 0, 0, -1, -1, 0, 2, -1, -1, 0, 
          2, -1, 0, 2, -1, 0, 0, 2 ], 
      [ 0, 1, 0, 1, 0, 1, 1, -2, 0, -1, 0, -1, -1, 2, 0, 0, 0, 0, 0, 0, -1, 
          -1, 2, 0, 0, 0, -1, 2, 2 ], 
      [ 0, 0, 1, 1, 0, 1, -2, 1, 0, 0, 0, 0, 0, 0, -1, 0, -1, 2, -1, 0, -1, 
          2, -1, 0, 0, 0, 2, -1, 2 ], 
      [ 0, 1, 0, 1, 0, 1, -2, 1, 0, -1, 0, -1, 2, -1, 0, 0, 0, 0, 0, 0, -1, 
          2, -1, 0, 0, 0, 2, -1, 2 ], 
      [ 0, 1, 1, 0, 0, 1, 1, -2, -1, 0, 0, -1, -1, 2, 0, 0, -1, -1, 2, 0, 0, 
          0, 0, 0, 0, 0, -1, 2, 2 ], 
      [ 0, 1, 1, 0, 0, 1, -2, 1, -1, 0, 0, -1, 2, -1, 0, 0, -1, 2, -1, 0, 0, 
          0, 0, 0, 0, 0, 2, -1, 2 ], 
      [ 0, 2, 2, 2, 0, 2, 0, -2, -1, -1, 0, -1, 0, 1, -1, 0, -1, 0, 1, 0, 
          -1, 0, 1, 0, 0, 0, 0, 1, 0 ], 
      [ 0, 2, 2, 2, 0, 2, -2, 0, -1, -1, 0, -1, 1, 0, -1, 0, -1, 1, 0, 0, 
          -1, 1, 0, 0, 0, 0, 1, 0, 0 ], 
      [ 0, 0, 1, 1, 1, 0, 1, -2, 0, 0, 0, 0, 0, 0, -1, -1, 0, -1, 2, -1, 0, 
          -1, 2, 0, -1, 2, 0, 0, 2 ], 
      [ 0, 1, 0, 0, -1, 1, 1, -2, 0, 0, 1, -1, -1, 2, 0, 0, 0, 0, 0, 0, 0, 
          0, 0, 1, 1, -2, -1, 2, 2 ], 
      [ 0, 1, 0, 0, -1, 1, -2, 1, 0, 0, 1, -1, 2, -1, 0, 0, 0, 0, 0, 0, 0, 
          0, 0, 1, -2, 1, 2, -1, 2 ], 
      [ 0, -1, 1, 1, 1, 0, 1, -1, 1, 1, 1, 0, 1, -1, -1, -1, 0, -1, 1, -1, 
          0, -1, 1, 0, -1, 1, 0, 0, 1 ], 
      [ 0, -1, 1, 1, 1, 0, -1, 1, 1, 1, 1, 0, -1, 1, -1, -1, 0, 1, -1, -1, 
          0, 1, -1, 0, 1, -1, 0, 0, 1 ], 
      [ 0, 0, 2, 2, 2, 2, 2, -4, 0, 0, 0, 0, 0, 0, -1, -1, -1, -1, 2, -1, 
          -1, -1, 2, -1, -1, 2, -1, 2, 2 ], 
      [ 0, 0, 2, 2, 2, 2, -4, 2, 0, 0, 0, 0, 0, 0, -1, -1, -1, 2, -1, -1, 
          -1, 2, -1, -1, 2, -1, 2, -1, 2 ], 
      [ 0, 2, 2, 2, 0, 2, 2, -4, -1, -1, 0, -1, -1, 2, -1, 0, -1, -1, 2, 0, 
          -1, -1, 2, 0, 0, 0, -1, 2, 2 ], 
      [ 0, 2, 2, 2, 0, 2, -4, 2, -1, -1, 0, -1, 2, -1, -1, 0, -1, 2, -1, 0, 
          -1, 2, -1, 0, 0, 0, 2, -1, 2 ], 
      [ 0, -1, 1, 1, 1, 0, -2, 2, 1, 1, 1, 0, -2, 2, -1, -1, 0, 2, -2, -1, 
          0, 2, -2, 0, 2, -2, 0, 0, 4 ], 
      [ 0, -1, 1, 1, 1, 0, 2, -2, 1, 1, 1, 0, 2, -2, -1, -1, 0, -2, 2, -1, 
          0, -2, 2, 0, -2, 2, 0, 0, 4 ], 
      [ 0, 0, 2, 2, 2, 2, -6, 4, 0, 0, 0, 0, 0, 0, -1, -1, -1, 3, -2, -1, 
          -1, 3, -2, -1, 3, -2, 3, -2, 6 ], 
      [ 0, 0, 2, 2, 2, 2, 4, -6, 0, 0, 0, 0, 0, 0, -1, -1, -1, -2, 3, -1, 
          -1, -2, 3, -1, -2, 3, -2, 3, 6 ], 
      [ 0, 2, 2, 2, 0, 2, -6, 4, -1, -1, 0, -1, 3, -2, -1, 0, -1, 3, -2, 0, 
          -1, 3, -2, 0, 0, 0, 3, -2, 6 ], 
      [ 0, 2, 2, 2, 0, 2, 4, -6, -1, -1, 0, -1, -2, 3, -1, 0, -1, -2, 3, 0, 
          -1, -2, 3, 0, 0, 0, -2, 3, 6 ] ],
  ListIncidentSymbol := 
   [ [ 0, 0, 0, 0, 0, 1, 1, -1 ], [ 0, 0, 0, 0, 1, 0, 1, -1 ], 
      [ 1, -1, 0, 0, 0, 0, 0, 1 ], [ 0, 0, 0, 1, 0, 0, 1, -1 ], 
      [ 1, 0, -1, 0, 0, 0, 0, 1 ], [ 1, -1, 0, 0, 0, 0, 1, 0 ], 
      [ 0, 0, 1, 0, 0, 0, 1, -1 ], [ 1, 0, -1, 0, 0, 0, 1, 0 ], 
      [ 0, -1, 0, 0, 1, 0, 0, 1 ], [ 0, 1, 0, 0, 0, 0, 1, -1 ], 
      [ -1, 1, 0, 0, 0, 1, 0, 0 ], [ 1, 0, 0, 0, 0, 0, 1, -1 ], 
      [ 1, 0, 0, -1, 0, 0, 0, 1 ], [ 1, 0, 0, -1, 0, 0, 1, 0 ], 
      [ 0, -1, 0, 1, 1, 0, 0, 0 ], [ -1, 0, 1, 0, 0, 1, 0, 0 ], 
      [ 0, -1, 1, 0, 1, 0, 0, 0 ], [ 0, 0, 0, 0, 0, 1, -1, 1 ], 
      [ 0, 1, 0, 0, -1, 1, 0, 0 ], [ -1, 0, 0, 1, 1, 0, 0, 0 ], 
      [ -1, 0, 1, 0, 1, 0, 0, 0 ], [ 0, 0, 0, 0, 1, 0, -1, 1 ], 
      [ 0, 0, 0, 1, 0, 0, -1, 1 ], [ 1, 0, 0, 0, 0, 0, -1, 1 ], 
      [ 0, -1, 0, 0, 1, 0, 1, 0 ], [ -1, 0, 0, 1, 0, 1, 0, 0 ], 
      [ 0, 0, 1, 0, 0, 0, -1, 1 ], [ 0, 1, 0, 0, 0, 0, -1, 1 ], 
      [ -1, 0, 0, 1, 0, 1, 1, -1 ], [ -1, 0, 1, 0, 0, 1, 1, -1 ], 
      [ -1, 1, 0, 0, 0, 1, 1, -1 ], [ -1, 0, 0, 1, 0, 1, -1, 1 ], 
      [ -1, 0, 1, 1, 1, 0, -1, 0 ], [ -1, 0, 0, 1, 1, 0, 1, -1 ], 
      [ -1, 0, 1, 1, 0, 1, -1, 0 ], [ -1, 0, 1, 0, 0, 1, -1, 1 ], 
      [ 0, 1, 0, 0, -1, 1, 1, -1 ], [ 0, -1, 0, 1, 1, 0, 1, -1 ], 
      [ -1, 0, 1, 0, 1, 0, 1, -1 ], [ -1, 0, 0, 1, 1, 0, -1, 1 ], 
      [ -1, 1, 0, 1, 0, 1, -1, 0 ], [ -1, 0, 1, 1, 0, 1, 0, -1 ], 
      [ 0, -1, 0, 1, 1, 0, -1, 1 ], [ -1, 1, 0, 0, 0, 1, -1, 1 ], 
      [ 1, -1, 0, 0, 1, -1, 1, 0 ], [ 0, -1, 1, 0, 1, 0, 1, -1 ], 
      [ -1, 0, 1, 0, 1, 0, -1, 1 ], [ -1, 1, 0, 1, 0, 1, 0, -1 ], 
      [ -1, 1, 1, 0, 0, 1, -1, 0 ], [ 0, 1, 0, 0, -1, 1, -1, 1 ], 
      [ 0, -1, 1, 0, 1, 0, -1, 1 ], [ 1, -1, 0, 0, 1, -1, 0, 1 ], 
      [ -1, 1, 1, 0, 0, 1, 0, -1 ], [ -1, -1, 1, 1, 1, 0, 0, 0 ], 
      [ -1, 0, 1, 1, 1, 0, 0, -1 ], [ -2, 0, 1, 1, 1, 1, -1, 0 ], 
      [ -2, 0, 1, 1, 1, 1, 0, -1 ], [ -1, 0, 1, 1, 0, 1, 1, -2 ], 
      [ -1, 0, 1, 1, 1, 0, -2, 1 ], [ -1, 1, 0, 1, 0, 1, 1, -2 ], 
      [ -1, 0, 1, 1, 0, 1, -2, 1 ], [ -1, 1, 0, 1, 0, 1, -2, 1 ], 
      [ -1, 1, 1, 0, 0, 1, 1, -2 ], [ -1, 1, 1, 0, 0, 1, -2, 1 ], 
      [ -2, 1, 1, 1, 0, 1, 0, -1 ], [ -2, 1, 1, 1, 0, 1, -1, 0 ], 
      [ -1, 0, 1, 1, 1, 0, 1, -2 ], [ 1, -1, 0, 0, 1, -1, -1, 2 ], 
      [ 1, -1, 0, 0, 1, -1, 2, -1 ], [ -1, -1, 1, 1, 1, 0, 1, -1 ], 
      [ -1, -1, 1, 1, 1, 0, -1, 1 ], [ -2, 0, 1, 1, 1, 1, 1, -2 ], 
      [ -2, 0, 1, 1, 1, 1, -2, 1 ], [ -2, 1, 1, 1, 0, 1, 1, -2 ], 
      [ -2, 1, 1, 1, 0, 1, -2, 1 ], [ -1, -1, 1, 1, 1, 0, -2, 2 ], 
      [ -1, -1, 1, 1, 1, 0, 2, -2 ], [ -2, 0, 1, 1, 1, 1, -3, 2 ], 
      [ -2, 0, 1, 1, 1, 1, 2, -3 ], [ -2, 1, 1, 1, 0, 1, -3, 2 ], 
      [ -2, 1, 1, 1, 0, 1, 2, -3 ] ],
  ListAdjacent := [ rec(
          DistVect := [ 0, 1, 0, 1, 0, 0, 1, 1, 1, 0, 1, 1, 0, 0, 1, 0, 0, 
              1, 1, 1, 1, 0, 0, 0, 1, 1, 1, 1, 0 ],
          eAdj := [ 1, 2, 3, 4, 5, 6, 7, 8, 9, 10, 11, 12, 13, 14, 15, 16, 
              18, 19, 20, 21, 22, 23, 24, 25, 26, 27, 28, 29, 30, 31, 32, 
              33, 34, 35, 36, 37, 38, 39, 40, 41, 42, 43, 44, 45, 47, 48, 
              49, 50, 52, 53, 54, 55, 56, 57, 58, 59, 60, 61, 62, 63, 64, 
              65, 66, 67, 68, 69, 70, 71, 72, 73, 74, 75, 76, 77, 78, 79, 
              80, 81 ] ), rec(
          DistVect := [ 0, 0, 0, 0, 1, 0, 0, 0, 0, 0, 1, 0, 0, 0, 0, 1, 0, 
              0, 0, 1, 0, 0, 0, 1, 1, 1, 0, 0, 0 ],
          eAdj := [ 1, 2, 3, 4, 5, 6, 7, 8, 9, 10, 11, 12, 13, 14, 15, 16, 
              17, 18, 20, 21, 22, 23, 24, 25, 26, 27, 28, 29, 30, 31, 32, 
              33, 34, 35, 36, 38, 39, 40, 41, 42, 43, 44, 45, 46, 47, 48, 
              49, 51, 52, 53, 54, 55, 56, 57, 58, 59, 60, 61, 62, 63, 64, 
              65, 66, 67, 68, 69, 70, 71, 72, 73, 74, 75, 76, 77, 78, 79, 
              80, 81 ] ), rec(
          DistVect := [ 0, 1, 0, 0, 1, 0, 1, 1, 1, 1, 0, 1, 0, 0, 0, 1, 0, 
              1, 1, 1, 0, 1, 1, 1, 0, 0, 1, 1, 0 ],
          eAdj := [ 1, 2, 3, 4, 5, 6, 7, 8, 9, 10, 11, 12, 13, 14, 15, 16, 
              17, 18, 19, 20, 21, 22, 23, 24, 25, 26, 27, 28, 29, 30, 31, 
              32, 33, 34, 36, 37, 38, 39, 40, 41, 43, 44, 45, 46, 47, 48, 
              49, 50, 51, 52, 53, 54, 55, 56, 57, 59, 60, 62, 63, 64, 65, 
              66, 67, 68, 69, 70, 71, 72, 73, 74, 75, 76, 77, 78, 79, 80, 81 
             ] ), rec(
          DistVect := [ 0, 1, 0, 0, 1, 1, 1, 1, 1, 1, 0, 0, 0, 0, 0, 1, 1, 
              1, 1, 1, 1, 1, 1, 0, 0, 0, 0, 0, 0 ],
          eAdj := [ 1, 2, 3, 4, 5, 6, 7, 8, 9, 10, 12, 13, 14, 15, 16, 17, 
              18, 19, 20, 21, 22, 23, 24, 25, 26, 27, 28, 29, 30, 32, 33, 
              34, 35, 36, 37, 38, 39, 40, 41, 42, 43, 45, 46, 47, 48, 49, 
              50, 51, 52, 53, 54, 55, 56, 57, 58, 59, 60, 61, 62, 63, 64, 
              65, 66, 67, 68, 69, 70, 71, 72, 73, 74, 75, 76, 77, 78, 79, 
              80, 81 ] ), rec(
          DistVect := [ 0, 0, 0, 0, 1, 1, 1, 1, 0, 0, 1, 1, 1, 1, 0, 1, 1, 
              1, 1, 1, 1, 1, 1, 0, 0, 0, 0, 0, 0 ],
          eAdj := [ 1, 2, 3, 4, 5, 6, 7, 8, 10, 11, 12, 13, 14, 15, 16, 17, 
              18, 19, 20, 21, 22, 23, 24, 26, 27, 28, 29, 30, 31, 32, 33, 
              34, 35, 36, 37, 38, 39, 40, 41, 42, 43, 44, 45, 46, 47, 48, 
              49, 50, 51, 52, 53, 54, 55, 56, 57, 58, 59, 60, 61, 62, 63, 
              64, 65, 66, 67, 68, 69, 70, 71, 72, 73, 74, 75, 76, 77, 78, 
              79, 80, 81 ] ), rec(
          DistVect := [ 0, 0, 0, 1, 0, 1, 1, 1, 0, 1, 0, 1, 1, 1, 1, 0, 1, 
              1, 1, 1, 0, 0, 0, 1, 1, 1, 0, 0, 0 ],
          eAdj := [ 1, 2, 3, 4, 5, 6, 7, 8, 9, 10, 11, 12, 13, 14, 15, 16, 
              17, 18, 19, 20, 21, 22, 23, 24, 25, 27, 28, 30, 31, 33, 34, 
              35, 36, 37, 38, 39, 40, 41, 42, 43, 44, 45, 46, 47, 48, 49, 
              50, 51, 52, 53, 54, 55, 56, 57, 58, 59, 60, 61, 62, 63, 64, 
              65, 66, 67, 68, 69, 70, 71, 72, 73, 74, 75, 76, 77, 78, 79, 
              80, 81 ] ), rec(
          DistVect := [ 0, 1, 1, 0, 1, 0, 1, 1, 0, 1, 0, 1, 0, 0, 1, 0, 1, 
              0, 0, 1, 0, 1, 1, 1, 0, 0, 1, 1, 0 ],
          eAdj := [ 1, 2, 3, 4, 5, 6, 7, 8, 9, 10, 11, 12, 13, 14, 15, 16, 
              17, 18, 19, 20, 22, 23, 24, 25, 26, 27, 28, 29, 30, 31, 32, 
              33, 34, 35, 36, 37, 38, 40, 41, 42, 43, 44, 45, 46, 48, 49, 
              50, 51, 52, 53, 54, 55, 56, 57, 58, 59, 60, 61, 62, 63, 64, 
              65, 66, 67, 68, 69, 70, 71, 72, 73, 74, 75, 76, 77, 78, 79, 
              80, 81 ] ), rec(
          DistVect := [ 0, 0, 1, 0, 0, 0, 0, 0, 1, 0, 0, 0, 0, 0, 1, 1, 1, 
              1, 1, 0, 0, 0, 0, 0, 0, 0, 0, 0, 0 ],
          eAdj := [ 1, 2, 3, 4, 6, 7, 9, 10, 11, 12, 13, 14, 15, 16, 17, 18, 
              19, 20, 21, 22, 23, 24, 25, 26, 27, 28, 29, 30, 31, 32, 33, 
              34, 35, 36, 37, 38, 39, 40, 41, 42, 43, 44, 45, 46, 47, 48, 
              49, 50, 51, 52, 53, 54, 55, 56, 57, 58, 59, 60, 61, 62, 63, 
              64, 65, 66, 67, 68, 69, 70, 71, 72, 73, 74, 75, 76, 77, 78, 
              79, 80, 81 ] ), rec(
          DistVect := [ 0, 1, 0, 0, 1, 0, 0, 0, 1, 1, 0, 1, 1, 1, 0, 1, 0, 
              0, 0, 1, 0, 0, 0, 1, 1, 1, 0, 0, 0 ],
          eAdj := [ 1, 2, 4, 5, 7, 8, 9, 10, 11, 12, 13, 14, 15, 16, 17, 18, 
              19, 20, 21, 22, 23, 24, 25, 26, 27, 28, 29, 30, 31, 32, 33, 
              34, 35, 36, 37, 38, 39, 40, 41, 42, 43, 44, 45, 46, 47, 48, 
              49, 50, 51, 52, 53, 54, 55, 56, 57, 58, 59, 60, 61, 62, 63, 
              64, 65, 66, 67, 68, 69, 70, 71, 72, 73, 74, 75, 76, 77, 78, 
              79, 80, 81 ] ), rec(
          DistVect := [ 0, 5, 3, 3, 7, 5, 5, 8, 4, 4, 4, 8, 4, 3, 4, 8, 8, 
              4, 5, 8, 8, 4, 5, 4, 8, 5, 8, 7, 3 ],
          eAdj := [ 2, 3, 5, 13, 15, 16, 17, 19, 24, 25, 26, 29, 30, 31, 34, 
              39, 42, 48, 52, 53, 54, 55, 65, 70, 72, 74 ] ), rec(
          DistVect := [ 0, 4, 4, 4, 7, 7, 5, 8, 4, 4, 5, 9, 3, 4, 4, 7, 7, 
              5, 4, 7, 7, 5, 4, 4, 8, 5, 8, 5, 3 ],
          eAdj := [ 1, 2, 3, 5, 13, 19, 24, 25, 29, 30, 31, 34, 38, 39, 46, 
              48, 52, 53, 58, 60, 63, 67, 70, 74, 77, 79 ] ), rec(
          DistVect := [ 0, 5, 3, 3, 7, 7, 5, 8, 4, 4, 4, 8, 4, 3, 4, 8, 8, 
              4, 5, 8, 8, 4, 5, 4, 8, 5, 8, 5, 3 ],
          eAdj := [ 1, 2, 3, 5, 13, 15, 17, 19, 24, 25, 29, 30, 31, 34, 39, 
              42, 48, 52, 53, 54, 55, 60, 63, 70, 72, 74 ] ), rec(
          DistVect := [ 0, 4, 4, 3, 5, 5, 7, 8, 4, 5, 3, 7, 5, 4, 7, 5, 5, 
              7, 4, 8, 8, 4, 7, 4, 8, 5, 8, 5, 3 ],
          eAdj := [ 1, 2, 3, 5, 7, 14, 15, 19, 20, 23, 25, 26, 30, 31, 39, 
              42, 46, 48, 52, 54, 55, 63, 65, 70, 72, 74 ] ), rec(
          DistVect := [ 0, 4, 4, 4, 5, 5, 7, 8, 4, 4, 3, 7, 5, 4, 4, 5, 5, 
              7, 4, 5, 5, 7, 4, 4, 8, 5, 8, 5, 3 ],
          eAdj := [ 1, 2, 3, 4, 5, 7, 13, 19, 25, 29, 30, 31, 34, 38, 39, 
              46, 52, 58, 60, 63, 67, 70, 74, 77, 79, 81 ] ), rec(
          DistVect := [ 0, 5, 4, 5, 4, 4, 9, 8, 7, 4, 3, 5, 4, 7, 7, 8, 8, 
              7, 4, 7, 5, 4, 7, 4, 7, 8, 5, 8, 3 ],
          eAdj := [ 5, 6, 7, 14, 15, 16, 18, 21, 23, 25, 28, 32, 33, 35, 40, 
              44, 45, 46, 49, 50, 54, 56, 62, 69, 73, 75 ] ), rec(
          DistVect := [ 0, 4, 5, 4, 4, 3, 8, 9, 7, 4, 4, 5, 4, 7, 7, 7, 8, 
              7, 4, 8, 5, 4, 7, 5, 8, 7, 5, 8, 3 ],
          eAdj := [ 5, 6, 7, 14, 15, 16, 18, 20, 23, 25, 28, 32, 35, 39, 44, 
              45, 46, 49, 50, 55, 56, 57, 62, 66, 69, 70 ] ), rec(
          DistVect := [ 0, 4, 3, 4, 4, 5, 8, 7, 5, 4, 4, 7, 4, 5, 7, 5, 8, 
              7, 4, 8, 5, 4, 7, 7, 8, 5, 5, 8, 3 ],
          eAdj := [ 2, 5, 6, 7, 14, 15, 16, 18, 20, 23, 25, 32, 35, 39, 44, 
              46, 49, 50, 54, 55, 56, 62, 66, 69, 70, 75 ] ), rec(
          DistVect := [ 0, 4, 5, 5, 4, 3, 8, 9, 7, 7, 4, 5, 4, 7, 4, 7, 8, 
              7, 4, 7, 8, 7, 4, 5, 8, 7, 5, 8, 3 ],
          eAdj := [ 4, 5, 6, 7, 13, 16, 18, 25, 26, 28, 34, 38, 39, 41, 42, 
              44, 45, 46, 49, 50, 57, 65, 67, 69, 72, 77 ] ), rec(
          DistVect := [ 0, 5, 4, 4, 4, 4, 9, 8, 7, 7, 3, 5, 4, 7, 4, 8, 8, 
              7, 4, 8, 8, 7, 4, 4, 7, 8, 5, 8, 3 ],
          eAdj := [ 4, 5, 6, 7, 13, 16, 18, 20, 21, 25, 26, 28, 38, 41, 42, 
              44, 45, 46, 49, 50, 55, 56, 57, 66, 69, 70 ] ), rec(
          DistVect := [ 0, 4, 3, 3, 4, 5, 8, 7, 5, 5, 4, 7, 4, 5, 4, 5, 8, 
              7, 4, 5, 8, 7, 4, 7, 8, 5, 5, 8, 3 ],
          eAdj := [ 2, 4, 5, 6, 7, 13, 16, 18, 25, 26, 34, 38, 39, 41, 42, 
              44, 46, 49, 50, 57, 65, 66, 67, 69, 70, 77 ] ), rec(
          DistVect := [ 0, 4, 3, 3, 5, 5, 7, 8, 5, 5, 3, 7, 5, 4, 4, 8, 8, 
              4, 7, 8, 8, 4, 7, 4, 8, 5, 8, 5, 3 ],
          eAdj := [ 1, 2, 3, 8, 14, 15, 16, 17, 19, 20, 21, 23, 25, 26, 27, 
              31, 33, 35, 48, 52, 53, 54, 57, 65, 66, 71 ] ), rec(
          DistVect := [ 0, 4, 4, 4, 4, 5, 8, 7, 4, 4, 4, 7, 4, 5, 4, 8, 7, 
              4, 5, 8, 5, 4, 7, 5, 8, 7, 5, 8, 3 ],
          eAdj := [ 6, 8, 14, 15, 17, 18, 20, 21, 23, 25, 32, 33, 36, 40, 
              44, 45, 49, 50, 54, 61, 62, 64, 69, 71, 73, 75 ] ), rec(
          DistVect := [ 0, 5, 5, 5, 4, 4, 9, 8, 4, 4, 3, 5, 4, 7, 4, 7, 5, 
              4, 7, 7, 5, 4, 7, 4, 7, 8, 5, 8, 3 ],
          eAdj := [ 6, 8, 14, 15, 17, 18, 23, 25, 27, 28, 32, 36, 40, 44, 
              45, 47, 50, 59, 61, 62, 64, 69, 71, 73, 78, 80 ] ), rec(
          DistVect := [ 0, 4, 4, 4, 4, 3, 8, 9, 4, 4, 4, 5, 4, 7, 4, 8, 5, 
              4, 7, 8, 5, 4, 7, 5, 8, 7, 5, 8, 3 ],
          eAdj := [ 6, 8, 14, 15, 17, 18, 20, 21, 23, 25, 27, 28, 32, 33, 
              36, 44, 45, 50, 54, 56, 61, 62, 64, 69, 73, 75 ] ), rec(
          DistVect := [ 0, 4, 4, 4, 4, 5, 8, 7, 4, 4, 4, 7, 4, 5, 4, 8, 5, 
              4, 7, 8, 5, 4, 7, 7, 8, 5, 5, 8, 3 ],
          eAdj := [ 2, 6, 8, 14, 15, 17, 18, 20, 21, 23, 25, 27, 32, 33, 36, 
              44, 50, 54, 61, 62, 64, 69, 71, 73, 75, 80 ] ), rec(
          DistVect := [ 0, 4, 4, 3, 4, 5, 8, 7, 4, 5, 4, 7, 4, 5, 5, 8, 7, 
              4, 5, 7, 8, 7, 4, 5, 8, 7, 5, 8, 3 ],
          eAdj := [ 4, 6, 8, 13, 17, 18, 20, 21, 25, 26, 34, 35, 36, 38, 41, 
              44, 45, 49, 50, 54, 55, 56, 64, 66, 69, 70 ] ), rec(
          DistVect := [ 0, 5, 3, 3, 4, 5, 5, 8, 4, 4, 5, 8, 4, 3, 4, 7, 8, 
              4, 5, 7, 8, 4, 5, 5, 5, 8, 8, 7, 3 ],
          eAdj := [ 3, 5, 9, 13, 16, 20, 21, 22, 24, 26, 29, 30, 31, 33, 37, 
              42, 43, 48, 51, 53, 54, 57, 65, 68, 71, 74 ] ), rec(
          DistVect := [ 0, 5, 5, 3, 5, 5, 5, 8, 4, 4, 4, 8, 4, 3, 4, 8, 8, 
              4, 3, 8, 8, 4, 5, 4, 8, 7, 8, 7, 3 ],
          eAdj := [ 3, 5, 9, 13, 15, 17, 19, 20, 24, 25, 26, 29, 30, 31, 34, 
              39, 42, 48, 52, 53, 54, 55, 63, 70, 72, 74 ] ), rec(
          DistVect := [ 0, 4, 4, 4, 4, 7, 5, 8, 4, 4, 4, 9, 3, 4, 4, 8, 7, 
              5, 4, 8, 7, 5, 4, 7, 5, 8, 8, 5, 3 ],
          eAdj := [ 1, 3, 5, 9, 13, 15, 17, 20, 21, 22, 24, 29, 30, 31, 37, 
              48, 53, 54, 55, 58, 60, 63, 68, 70, 72, 74 ] ), rec(
          DistVect := [ 0, 5, 3, 3, 4, 7, 5, 8, 4, 4, 5, 8, 4, 3, 4, 7, 8, 
              4, 5, 7, 8, 4, 5, 7, 5, 8, 8, 5, 3 ],
          eAdj := [ 1, 3, 5, 9, 13, 20, 21, 22, 24, 29, 30, 31, 33, 37, 42, 
              43, 48, 51, 53, 54, 57, 60, 63, 68, 71, 74 ] ), rec(
          DistVect := [ 0, 4, 4, 4, 7, 4, 5, 8, 4, 4, 5, 8, 3, 4, 4, 7, 8, 
              5, 4, 7, 8, 5, 4, 5, 8, 5, 7, 8, 3 ],
          eAdj := [ 2, 3, 5, 11, 13, 16, 24, 25, 26, 29, 30, 34, 38, 39, 42, 
              45, 46, 48, 50, 53, 65, 67, 70, 72, 74, 77 ] ), rec(
          DistVect := [ 0, 4, 4, 4, 7, 4, 5, 8, 4, 4, 5, 8, 3, 4, 4, 7, 8, 
              5, 4, 7, 8, 5, 4, 7, 8, 5, 5, 8, 3 ],
          eAdj := [ 2, 3, 5, 11, 13, 16, 18, 24, 25, 26, 34, 38, 39, 41, 42, 
              45, 46, 48, 49, 50, 53, 65, 67, 70, 72, 77 ] ), rec(
          DistVect := [ 0, 5, 3, 3, 7, 4, 5, 8, 4, 4, 4, 9, 4, 3, 4, 8, 7, 
              4, 5, 8, 7, 4, 5, 7, 8, 5, 5, 8, 3 ],
          eAdj := [ 2, 3, 5, 11, 13, 15, 16, 17, 18, 24, 25, 26, 34, 35, 39, 
              41, 45, 48, 49, 50, 53, 54, 55, 57, 65, 70 ] ), rec(
          DistVect := [ 0, 4, 4, 4, 5, 4, 7, 8, 4, 4, 5, 8, 3, 4, 4, 7, 8, 
              5, 4, 7, 8, 5, 4, 5, 8, 5, 7, 8, 3 ],
          eAdj := [ 2, 3, 5, 6, 11, 13, 16, 25, 26, 34, 38, 39, 41, 42, 45, 
              46, 48, 49, 50, 53, 55, 57, 65, 67, 70, 72 ] ), rec(
          DistVect := [ 0, 4, 4, 4, 5, 4, 7, 8, 4, 4, 5, 8, 3, 4, 4, 7, 8, 
              5, 4, 7, 8, 5, 4, 3, 8, 5, 9, 8, 3 ],
          eAdj := [ 2, 3, 5, 6, 11, 13, 16, 19, 25, 26, 29, 30, 34, 38, 39, 
              42, 45, 46, 48, 50, 53, 55, 65, 67, 70, 72 ] ), rec(
          DistVect := [ 0, 4, 4, 3, 5, 4, 7, 8, 4, 3, 5, 8, 3, 4, 5, 7, 8, 
              5, 4, 8, 7, 4, 7, 5, 8, 5, 7, 8, 3 ],
          eAdj := [ 2, 3, 5, 6, 11, 14, 15, 16, 20, 23, 25, 26, 32, 35, 39, 
              41, 45, 46, 49, 50, 53, 54, 55, 57, 66, 70 ] ), rec(
          DistVect := [ 0, 4, 4, 4, 5, 4, 7, 8, 4, 4, 5, 8, 3, 4, 4, 7, 8, 
              5, 4, 5, 8, 7, 4, 5, 8, 5, 7, 8, 3 ],
          eAdj := [ 2, 3, 4, 5, 6, 11, 13, 16, 25, 26, 29, 34, 38, 39, 42, 
              45, 46, 48, 49, 50, 53, 65, 67, 70, 72, 77 ] ), rec(
          DistVect := [ 0, 4, 4, 3, 5, 4, 7, 8, 4, 5, 3, 8, 5, 4, 7, 5, 8, 
              7, 4, 8, 5, 4, 7, 7, 8, 5, 5, 8, 3 ],
          eAdj := [ 2, 3, 5, 7, 11, 14, 15, 16, 18, 20, 23, 25, 32, 35, 39, 
              41, 45, 46, 50, 53, 54, 55, 57, 65, 66, 70 ] ), rec(
          DistVect := [ 0, 4, 4, 4, 5, 4, 7, 8, 4, 4, 3, 8, 5, 4, 4, 5, 8, 
              7, 4, 5, 8, 7, 4, 7, 8, 5, 5, 8, 3 ],
          eAdj := [ 2, 3, 4, 5, 7, 11, 13, 16, 18, 25, 26, 34, 38, 39, 42, 
              45, 46, 48, 50, 53, 65, 67, 70, 72, 74, 77 ] ), rec(
          DistVect := [ 0, 5, 4, 5, 4, 3, 9, 8, 7, 4, 3, 8, 4, 7, 7, 8, 5, 
              7, 4, 7, 8, 4, 7, 5, 7, 8, 8, 5, 3 ],
          eAdj := [ 1, 5, 6, 7, 11, 14, 15, 19, 21, 23, 25, 26, 28, 30, 33, 
              40, 41, 42, 45, 46, 52, 53, 54, 56, 57, 66 ] ), rec(
          DistVect := [ 0, 4, 5, 4, 4, 4, 8, 9, 7, 4, 4, 8, 4, 7, 7, 7, 5, 
              7, 4, 8, 8, 4, 7, 4, 8, 7, 8, 5, 3 ],
          eAdj := [ 1, 5, 6, 7, 11, 14, 15, 19, 20, 23, 25, 26, 28, 30, 39, 
              41, 42, 45, 46, 52, 53, 55, 57, 65, 70, 72 ] ), rec(
          DistVect := [ 0, 4, 3, 4, 4, 4, 8, 7, 5, 4, 4, 8, 4, 5, 7, 5, 5, 
              7, 4, 8, 8, 4, 7, 4, 8, 5, 8, 5, 3 ],
          eAdj := [ 1, 2, 5, 6, 7, 11, 14, 15, 19, 20, 23, 25, 26, 30, 39, 
              41, 42, 45, 46, 53, 54, 55, 57, 65, 66, 70 ] ), rec(
          DistVect := [ 0, 4, 5, 4, 4, 4, 8, 9, 5, 4, 4, 8, 4, 5, 5, 7, 7, 
              7, 4, 8, 8, 4, 5, 4, 8, 7, 8, 7, 3 ],
          eAdj := [ 3, 5, 6, 7, 11, 13, 14, 15, 19, 20, 25, 26, 30, 39, 41, 
              42, 45, 46, 48, 52, 53, 55, 57, 65, 70, 72 ] ), rec(
          DistVect := [ 0, 4, 4, 5, 3, 4, 9, 8, 4, 5, 3, 8, 5, 4, 7, 5, 8, 
              7, 4, 8, 7, 4, 7, 5, 8, 5, 7, 8, 3 ],
          eAdj := [ 2, 3, 5, 6, 7, 11, 14, 15, 16, 19, 20, 23, 25, 32, 35, 
              39, 41, 45, 46, 50, 53, 54, 55, 56, 57, 66 ] ), rec(
          DistVect := [ 0, 4, 3, 4, 4, 4, 8, 7, 3, 4, 4, 8, 4, 3, 5, 5, 7, 
              7, 4, 8, 8, 4, 5, 4, 8, 5, 8, 7, 3 ],
          eAdj := [ 2, 3, 5, 6, 7, 11, 14, 15, 16, 19, 20, 25, 26, 30, 39, 
              41, 42, 45, 46, 48, 53, 54, 55, 57, 65, 70 ] ), rec(
          DistVect := [ 0, 4, 5, 4, 4, 4, 8, 9, 5, 4, 4, 8, 4, 5, 7, 5, 7, 
              7, 4, 8, 8, 4, 7, 4, 8, 5, 8, 7, 3 ],
          eAdj := [ 2, 3, 5, 6, 7, 11, 14, 15, 19, 20, 23, 25, 26, 30, 39, 
              41, 42, 45, 46, 50, 53, 55, 57, 65, 70, 72 ] ), rec(
          DistVect := [ 0, 4, 5, 5, 4, 4, 8, 9, 7, 7, 4, 8, 4, 7, 4, 7, 5, 
              7, 4, 7, 5, 7, 4, 4, 8, 7, 8, 5, 3 ],
          eAdj := [ 1, 4, 5, 6, 7, 11, 13, 19, 25, 28, 29, 30, 34, 38, 39, 
              45, 46, 48, 52, 53, 58, 67, 72, 74, 77, 79 ] ), rec(
          DistVect := [ 0, 5, 4, 4, 4, 3, 9, 8, 7, 7, 3, 8, 4, 7, 4, 8, 5, 
              7, 4, 8, 5, 7, 4, 5, 7, 8, 8, 5, 3 ],
          eAdj := [ 1, 4, 5, 6, 7, 11, 13, 19, 20, 21, 25, 28, 29, 30, 38, 
              45, 46, 48, 52, 53, 55, 57, 58, 65, 70, 72 ] ), rec(
          DistVect := [ 0, 4, 3, 3, 4, 4, 8, 7, 5, 5, 4, 8, 4, 5, 4, 5, 5, 
              7, 4, 5, 5, 7, 4, 4, 8, 5, 8, 5, 3 ],
          eAdj := [ 1, 2, 4, 5, 6, 7, 11, 13, 19, 25, 29, 30, 34, 38, 39, 
              45, 46, 48, 53, 58, 65, 67, 70, 72, 74, 77 ] ), rec(
          DistVect := [ 0, 4, 5, 5, 4, 4, 8, 9, 5, 5, 4, 8, 4, 5, 4, 5, 7, 
              7, 4, 5, 7, 7, 4, 4, 8, 5, 8, 7, 3 ],
          eAdj := [ 2, 3, 4, 5, 6, 7, 11, 13, 19, 25, 29, 30, 34, 38, 39, 
              45, 46, 48, 50, 53, 58, 67, 72, 74, 77, 79 ] ), rec(
          DistVect := [ 0, 4, 4, 4, 3, 4, 9, 8, 4, 4, 3, 8, 5, 4, 4, 5, 8, 
              7, 4, 5, 8, 7, 4, 5, 8, 5, 7, 8, 3 ],
          eAdj := [ 2, 3, 4, 5, 6, 7, 11, 13, 16, 19, 25, 26, 34, 38, 39, 
              42, 45, 46, 48, 50, 53, 57, 65, 67, 70, 72 ] ), rec(
          DistVect := [ 0, 4, 3, 3, 5, 4, 7, 8, 5, 5, 3, 8, 5, 4, 4, 8, 5, 
              4, 7, 8, 5, 4, 7, 7, 8, 5, 5, 8, 3 ],
          eAdj := [ 2, 3, 8, 11, 14, 15, 17, 18, 20, 21, 23, 25, 27, 32, 33, 
              36, 41, 45, 49, 50, 54, 56, 61, 66, 71, 75 ] ), rec(
          DistVect := [ 0, 4, 4, 4, 4, 4, 8, 7, 4, 4, 4, 8, 4, 5, 4, 8, 8, 
              4, 5, 8, 8, 4, 7, 4, 8, 7, 8, 5, 3 ],
          eAdj := [ 1, 6, 8, 11, 14, 15, 16, 17, 19, 20, 21, 23, 25, 26, 33, 
              35, 40, 41, 45, 49, 52, 53, 54, 56, 66, 71 ] ), rec(
          DistVect := [ 0, 5, 5, 5, 4, 3, 9, 8, 4, 4, 3, 8, 4, 7, 4, 7, 8, 
              4, 7, 7, 8, 4, 7, 5, 7, 8, 8, 5, 3 ],
          eAdj := [ 1, 6, 8, 11, 14, 15, 16, 17, 19, 23, 25, 26, 27, 28, 35, 
              40, 41, 45, 47, 49, 52, 56, 59, 71, 73, 75 ] ), rec(
          DistVect := [ 0, 4, 4, 4, 4, 4, 8, 9, 4, 4, 4, 8, 4, 7, 4, 8, 8, 
              4, 7, 8, 8, 4, 7, 4, 8, 7, 8, 5, 3 ],
          eAdj := [ 1, 6, 8, 11, 14, 15, 16, 17, 19, 20, 21, 23, 25, 26, 27, 
              28, 33, 35, 41, 45, 49, 52, 54, 56, 57, 66 ] ), rec(
          DistVect := [ 0, 4, 4, 4, 4, 4, 8, 7, 4, 4, 4, 8, 4, 5, 4, 8, 8, 
              4, 7, 8, 8, 4, 7, 4, 8, 5, 8, 5, 3 ],
          eAdj := [ 1, 2, 6, 8, 11, 14, 15, 16, 17, 19, 20, 21, 23, 25, 26, 
              27, 33, 35, 41, 45, 49, 54, 56, 66, 71, 75 ] ), rec(
          DistVect := [ 0, 4, 4, 4, 4, 4, 8, 9, 4, 4, 4, 8, 4, 5, 4, 8, 8, 
              4, 7, 8, 8, 4, 5, 4, 8, 7, 8, 7, 3 ],
          eAdj := [ 3, 6, 8, 11, 13, 14, 15, 16, 17, 19, 20, 21, 25, 26, 27, 
              33, 35, 41, 45, 48, 49, 52, 54, 56, 57, 66 ] ), rec(
          DistVect := [ 0, 4, 4, 4, 4, 4, 8, 7, 4, 4, 4, 8, 4, 3, 4, 8, 8, 
              4, 5, 8, 8, 4, 5, 4, 8, 5, 8, 7, 3 ],
          eAdj := [ 2, 3, 6, 8, 11, 14, 15, 16, 17, 19, 20, 21, 25, 26, 33, 
              35, 41, 45, 48, 49, 53, 54, 55, 56, 57, 66 ] ), rec(
          DistVect := [ 0, 4, 4, 4, 4, 4, 8, 7, 4, 4, 4, 8, 4, 3, 4, 8, 8, 
              4, 5, 8, 8, 4, 5, 4, 8, 5, 8, 9, 3 ],
          eAdj := [ 2, 3, 6, 8, 11, 14, 15, 16, 17, 19, 20, 21, 25, 26, 32, 
              33, 35, 36, 41, 45, 49, 50, 54, 55, 56, 66 ] ), rec(
          DistVect := [ 0, 4, 4, 4, 4, 4, 8, 7, 4, 4, 4, 8, 4, 3, 4, 8, 8, 
              4, 5, 8, 8, 4, 7, 4, 8, 5, 8, 7, 3 ],
          eAdj := [ 2, 3, 6, 8, 11, 14, 15, 16, 17, 19, 20, 21, 23, 25, 26, 
              32, 33, 35, 41, 45, 49, 53, 54, 56, 66, 71 ] ), rec(
          DistVect := [ 0, 4, 5, 5, 3, 4, 9, 8, 5, 5, 3, 8, 5, 4, 4, 8, 7, 
              4, 7, 8, 7, 4, 7, 5, 8, 5, 7, 8, 3 ],
          eAdj := [ 2, 3, 6, 8, 11, 14, 15, 17, 19, 20, 21, 23, 25, 27, 32, 
              33, 36, 41, 45, 49, 50, 56, 61, 71, 73, 75 ] ), rec(
          DistVect := [ 0, 4, 4, 4, 4, 4, 8, 9, 4, 4, 4, 8, 4, 5, 4, 8, 8, 
              4, 7, 8, 8, 4, 7, 4, 8, 5, 8, 7, 3 ],
          eAdj := [ 2, 3, 6, 8, 11, 14, 15, 16, 17, 19, 20, 21, 23, 25, 26, 
              27, 33, 35, 41, 45, 49, 50, 54, 56, 57, 66 ] ), rec(
          DistVect := [ 0, 4, 4, 3, 4, 4, 8, 7, 4, 5, 4, 8, 4, 5, 5, 8, 8, 
              4, 5, 7, 5, 7, 4, 4, 8, 7, 8, 5, 3 ],
          eAdj := [ 1, 4, 6, 8, 11, 13, 16, 17, 19, 20, 21, 25, 29, 34, 38, 
              42, 45, 48, 49, 52, 53, 54, 55, 57, 65, 70 ] ), rec(
          DistVect := [ 0, 4, 4, 4, 4, 4, 8, 9, 4, 4, 4, 8, 4, 5, 4, 8, 8, 
              4, 5, 8, 8, 4, 5, 4, 8, 7, 8, 9, 3 ],
          eAdj := [ 3, 5, 6, 8, 11, 13, 14, 15, 16, 17, 19, 20, 21, 25, 26, 
              33, 35, 41, 45, 49, 50, 54, 55, 56, 57, 66 ] ), rec(
          DistVect := [ 0, 4, 4, 4, 4, 4, 5, 8, 4, 4, 4, 8, 3, 4, 4, 8, 8, 
              5, 4, 8, 8, 5, 4, 4, 5, 8, 7, 8, 3 ],
          eAdj := [ 3, 5, 9, 11, 13, 15, 16, 17, 19, 20, 21, 22, 24, 26, 29, 
              30, 42, 48, 52, 53, 54, 55, 57, 65, 70, 74 ] ), rec(
          DistVect := [ 0, 4, 4, 4, 4, 4, 5, 8, 4, 4, 4, 8, 3, 4, 4, 8, 8, 
              5, 4, 8, 8, 5, 4, 4, 5, 8, 5, 8, 3 ],
          eAdj := [ 3, 5, 9, 11, 13, 15, 16, 17, 18, 19, 20, 21, 22, 24, 26, 
              41, 42, 48, 49, 52, 53, 54, 55, 57, 65, 70 ] ), rec(
          DistVect := [ 0, 5, 3, 3, 4, 4, 5, 8, 4, 4, 5, 9, 4, 3, 4, 7, 7, 
              4, 5, 7, 7, 4, 5, 4, 5, 8, 5, 8, 3 ],
          eAdj := [ 3, 5, 9, 11, 13, 16, 18, 19, 20, 21, 22, 24, 26, 33, 35, 
              41, 43, 48, 49, 51, 52, 53, 54, 56, 65, 71 ] ), rec(
          DistVect := [ 0, 5, 5, 5, 5, 3, 5, 8, 4, 4, 4, 8, 4, 3, 4, 8, 8, 
              4, 3, 8, 8, 4, 3, 4, 8, 7, 8, 9, 3 ],
          eAdj := [ 3, 5, 9, 11, 13, 15, 16, 17, 19, 24, 25, 26, 29, 30, 31, 
              34, 39, 42, 48, 52, 53, 55, 67, 70, 72, 74 ] ), rec(
          DistVect := [ 0, 4, 4, 4, 4, 4, 5, 8, 4, 4, 4, 8, 3, 4, 4, 8, 8, 
              3, 4, 8, 8, 3, 4, 4, 7, 8, 9, 8, 3 ],
          eAdj := [ 3, 5, 9, 11, 13, 15, 16, 17, 19, 20, 21, 24, 25, 26, 29, 
              30, 31, 33, 42, 48, 52, 53, 54, 55, 57, 65 ] ), rec(
          DistVect := [ 0, 4, 4, 4, 4, 4, 5, 8, 4, 4, 4, 8, 3, 4, 4, 8, 8, 
              3, 4, 8, 8, 5, 4, 4, 7, 8, 7, 8, 3 ],
          eAdj := [ 3, 5, 9, 11, 13, 15, 16, 17, 19, 20, 21, 24, 25, 26, 29, 
              34, 42, 48, 49, 52, 53, 54, 55, 57, 65, 70 ] ), rec(
          DistVect := [ 0, 4, 4, 4, 4, 4, 7, 8, 4, 4, 4, 8, 3, 4, 4, 8, 8, 
              5, 4, 8, 8, 5, 4, 4, 7, 8, 7, 8, 3 ],
          eAdj := [ 3, 5, 6, 9, 11, 13, 15, 16, 17, 19, 20, 21, 25, 26, 41, 
              42, 45, 48, 49, 52, 53, 54, 55, 57, 65, 70 ] ), rec(
          DistVect := [ 0, 4, 4, 4, 4, 4, 7, 8, 4, 4, 4, 8, 3, 4, 4, 8, 8, 
              5, 4, 8, 8, 3, 4, 4, 7, 8, 9, 8, 3 ],
          eAdj := [ 3, 5, 6, 9, 11, 13, 14, 15, 16, 17, 19, 20, 21, 25, 26, 
              30, 33, 41, 42, 48, 52, 53, 54, 55, 57, 65 ] ), rec(
          DistVect := [ 0, 1, 1, 1, 2, 2, 1, 2, 1, 1, 1, 2, 1, 1, 1, 2, 2, 
              1, 1, 2, 2, 1, 1, 1, 2, 1, 2, 1, 1 ],
          eAdj := [ 1, 2, 3, 5, 13, 15, 17, 19, 24, 25, 29, 30, 31, 34, 38, 
              39, 42, 46, 48, 52, 53, 55, 58, 60, 63, 67, 70, 72, 74, 79 ] ),
      rec(
          DistVect := [ 0, 1, 1, 1, 2, 2, 1, 2, 1, 1, 1, 2, 1, 1, 1, 2, 2, 
              1, 1, 1, 1, 2, 1, 1, 2, 1, 2, 1, 1 ],
          eAdj := [ 1, 2, 3, 4, 5, 13, 17, 19, 24, 25, 29, 30, 31, 34, 38, 
              39, 46, 52, 53, 58, 60, 63, 67, 70, 74, 77, 79, 81 ] ), rec(
          DistVect := [ 0, 1, 1, 1, 1, 1, 2, 2, 2, 1, 1, 1, 1, 2, 2, 1, 2, 
              2, 1, 2, 1, 1, 2, 2, 2, 1, 1, 2, 1 ],
          eAdj := [ 2, 5, 6, 7, 14, 15, 16, 18, 20, 23, 25, 28, 32, 35, 38, 
              39, 44, 46, 49, 50, 55, 56, 57, 62, 66, 69, 70, 75 ] ), rec(
          DistVect := [ 0, 1, 1, 1, 1, 1, 2, 2, 2, 2, 1, 1, 1, 2, 1, 1, 2, 
              2, 1, 1, 2, 2, 1, 2, 2, 1, 1, 2, 1 ],
          eAdj := [ 2, 4, 5, 6, 7, 13, 16, 18, 25, 26, 28, 34, 38, 39, 41, 
              42, 44, 46, 49, 50, 57, 65, 66, 67, 69, 72, 77 ] ), rec(
          DistVect := [ 0, 1, 1, 1, 1, 1, 2, 2, 1, 1, 1, 1, 1, 2, 1, 2, 1, 
              1, 2, 2, 1, 1, 2, 2, 2, 1, 1, 2, 1 ],
          eAdj := [ 2, 6, 8, 14, 15, 17, 18, 20, 21, 23, 25, 27, 28, 32, 33, 
              36, 38, 44, 46, 50, 54, 56, 61, 62, 64, 69, 73, 75, 80 ] ), 
      rec(
          DistVect := [ 0, 1, 1, 1, 1, 2, 1, 2, 1, 1, 1, 2, 1, 1, 1, 2, 2, 
              1, 1, 2, 2, 1, 1, 2, 1, 2, 2, 1, 1 ],
          eAdj := [ 1, 3, 5, 9, 13, 15, 17, 20, 21, 22, 24, 29, 30, 31, 33, 
              37, 42, 43, 48, 51, 53, 54, 55, 57, 58, 60, 63, 68, 72, 74 ] ),
      rec(
          DistVect := [ 0, 1, 1, 1, 1, 2, 1, 2, 1, 1, 1, 2, 1, 1, 1, 2, 1, 
              2, 1, 2, 2, 1, 1, 2, 1, 2, 2, 1, 1 ],
          eAdj := [ 1, 3, 5, 7, 9, 13, 15, 17, 20, 21, 22, 24, 29, 30, 31, 
              37, 39, 43, 48, 54, 55, 58, 60, 63, 68, 70, 72, 74, 81 ] ), 
      rec(
          DistVect := [ 0, 2, 2, 2, 1, 1, 2, 3, 1, 1, 1, 2, 2, 1, 1, 2, 2, 
              2, 1, 2, 2, 2, 1, 1, 2, 2, 2, 2, 1 ],
          eAdj := [ 3, 4, 5, 7, 9, 10, 13, 15, 17, 19, 24, 29, 30, 31, 34, 
              37, 39, 52, 58, 60, 63, 67, 68, 70, 72, 79, 81 ] ), rec(
          DistVect := [ 0, 1, 1, 1, 2, 1, 1, 2, 1, 1, 1, 2, 1, 1, 1, 2, 2, 
              1, 1, 2, 2, 1, 1, 2, 2, 1, 1, 2, 1 ],
          eAdj := [ 2, 3, 5, 11, 13, 15, 16, 17, 18, 24, 25, 26, 34, 35, 38, 
              39, 41, 42, 45, 46, 48, 49, 50, 53, 55, 57, 65, 67, 70, 72 ] ),
      rec(
          DistVect := [ 0, 1, 1, 1, 1, 1, 1, 2, 1, 1, 1, 2, 1, 1, 1, 2, 2, 
              1, 1, 2, 2, 1, 1, 1, 1, 2, 1, 2, 1 ],
          eAdj := [ 3, 5, 9, 11, 13, 15, 16, 17, 18, 19, 20, 21, 22, 24, 26, 
              33, 35, 41, 42, 43, 48, 49, 51, 52, 53, 54, 55, 56, 57, 65 ] ),
      rec(
          DistVect := [ 0, 1, 1, 2, 1, 1, 1, 2, 1, 1, 1, 2, 1, 1, 1, 2, 2, 
              1, 1, 2, 2, 1, 0, 1, 2, 2, 2, 2, 1 ],
          eAdj := [ 3, 4, 5, 9, 11, 13, 15, 16, 17, 19, 21, 24, 25, 29, 30, 
              31, 34, 38, 39, 42, 48, 52, 53, 55, 58, 60, 67, 70, 72, 74 ] ),
      rec(
          DistVect := [ 0, 1, 1, 1, 1, 1, 2, 2, 2, 1, 1, 1, 1, 2, 1, 2, 2, 
              2, 1, 2, 2, 1, 1, 1, 2, 2, 1, 2, 1 ],
          eAdj := [ 5, 6, 7, 13, 14, 15, 16, 18, 20, 21, 25, 26, 28, 32, 35, 
              38, 39, 41, 42, 44, 45, 46, 49, 50, 55, 56, 57, 62, 66, 69, 70 
             ] ), rec(
          DistVect := [ 0, 1, 1, 1, 1, 1, 2, 2, 1, 1, 1, 1, 1, 2, 1, 2, 1, 
              1, 2, 2, 2, 1, 1, 1, 2, 2, 1, 2, 1 ],
          eAdj := [ 6, 8, 13, 14, 15, 17, 18, 20, 21, 25, 26, 27, 28, 32, 
              33, 35, 36, 38, 41, 44, 45, 47, 50, 54, 56, 61, 62, 64, 69, 
              73, 75 ] ), rec(
          DistVect := [ 0, 2, 2, 1, 1, 1, 2, 3, 1, 2, 1, 2, 2, 1, 2, 2, 2, 
              2, 1, 2, 2, 1, 2, 1, 2, 2, 2, 2, 1 ],
          eAdj := [ 3, 5, 7, 9, 10, 13, 14, 17, 19, 20, 23, 24, 26, 30, 31, 
              37, 39, 42, 43, 48, 52, 54, 55, 57, 63, 68, 72, 74 ] ), rec(
          DistVect := [ 0, 1, 1, 1, 2, 1, 1, 2, 1, 1, 1, 2, 1, 1, 1, 2, 2, 
              1, 1, 1, 2, 2, 1, 2, 2, 1, 1, 2, 1 ],
          eAdj := [ 2, 3, 4, 5, 11, 13, 16, 17, 18, 24, 25, 26, 29, 34, 38, 
              39, 42, 45, 46, 48, 49, 50, 53, 65, 67, 70, 72, 74, 77 ] ), 
      rec(
          DistVect := [ 0, 1, 1, 1, 1, 1, 2, 2, 2, 1, 1, 2, 1, 2, 1, 2, 1, 
              2, 1, 2, 2, 1, 1, 1, 2, 2, 2, 1, 1 ],
          eAdj := [ 1, 5, 6, 7, 11, 13, 14, 15, 19, 20, 21, 25, 26, 28, 29, 
              30, 38, 39, 41, 42, 45, 46, 48, 52, 53, 55, 57, 58, 65, 70, 72 
             ] ), rec(
          DistVect := [ 0, 1, 1, 1, 1, 1, 2, 2, 2, 1, 1, 2, 1, 2, 2, 1, 1, 
              2, 1, 2, 2, 1, 2, 1, 2, 1, 2, 1, 1 ],
          eAdj := [ 1, 2, 5, 6, 7, 11, 14, 15, 19, 20, 23, 25, 26, 28, 30, 
              38, 39, 41, 42, 45, 46, 50, 53, 55, 57, 65, 66, 70, 72 ] ), 
      rec(
          DistVect := [ 0, 1, 1, 1, 1, 1, 2, 2, 2, 2, 1, 2, 1, 2, 1, 1, 1, 
              2, 1, 1, 1, 2, 1, 1, 2, 1, 2, 1, 1 ],
          eAdj := [ 1, 2, 4, 5, 6, 7, 11, 13, 19, 25, 28, 29, 30, 34, 38, 
              39, 45, 46, 48, 50, 53, 58, 65, 67, 72, 74, 77, 79 ] ), rec(
          DistVect := [ 0, 1, 2, 2, 1, 1, 2, 3, 2, 2, 1, 2, 1, 2, 1, 2, 2, 
              2, 1, 2, 2, 2, 1, 1, 2, 2, 2, 2, 1 ],
          eAdj := [ 3, 4, 5, 6, 7, 11, 13, 19, 24, 25, 28, 29, 30, 34, 38, 
              39, 45, 46, 48, 50, 52, 53, 58, 67, 72, 74, 77, 79 ] ), rec(
          DistVect := [ 0, 1, 1, 1, 1, 1, 2, 2, 1, 1, 1, 2, 1, 2, 1, 2, 2, 
              1, 2, 2, 2, 1, 1, 1, 2, 2, 2, 1, 1 ],
          eAdj := [ 1, 6, 8, 11, 13, 14, 15, 16, 17, 19, 20, 21, 25, 26, 27, 
              28, 29, 33, 35, 38, 41, 42, 45, 47, 48, 49, 52, 54, 56, 57, 66 
             ] ), rec(
          DistVect := [ 0, 1, 1, 1, 1, 1, 2, 2, 1, 1, 1, 2, 1, 2, 1, 2, 2, 
              1, 2, 2, 2, 1, 2, 1, 2, 1, 2, 1, 1 ],
          eAdj := [ 1, 2, 6, 8, 11, 14, 15, 16, 17, 19, 20, 21, 23, 25, 26, 
              27, 28, 33, 35, 38, 41, 45, 46, 49, 50, 54, 56, 57, 66, 75 ] ),
      rec(
          DistVect := [ 0, 1, 1, 1, 1, 1, 2, 2, 1, 1, 1, 2, 1, 2, 1, 2, 2, 
              1, 1, 2, 2, 1, 1, 1, 2, 2, 2, 2, 1 ],
          eAdj := [ 5, 6, 8, 11, 13, 14, 15, 16, 17, 19, 20, 21, 25, 26, 28, 
              33, 35, 38, 41, 42, 44, 45, 46, 49, 50, 54, 55, 56, 57, 66, 70 
             ] ), rec(
          DistVect := [ 0, 1, 1, 1, 1, 1, 1, 2, 1, 1, 1, 2, 1, 1, 1, 2, 2, 
              1, 1, 2, 2, 0, 1, 1, 2, 2, 2, 2, 1 ],
          eAdj := [ 3, 5, 9, 11, 13, 14, 15, 16, 17, 19, 20, 21, 23, 24, 25, 
              26, 30, 31, 33, 35, 39, 41, 42, 43, 48, 52, 53, 54, 55, 57, 65 
             ] ), rec(
          DistVect := [ 0, 1, 1, 1, 1, 1, 1, 2, 1, 1, 1, 2, 1, 1, 1, 2, 2, 
              2, 1, 2, 2, 1, 1, 1, 1, 2, 1, 2, 1 ],
          eAdj := [ 3, 5, 7, 9, 11, 13, 15, 16, 17, 18, 19, 20, 21, 22, 24, 
              26, 30, 39, 41, 42, 43, 48, 52, 53, 54, 55, 57, 65, 70, 74 ] ),
      rec(
          DistVect := [ 0, 1, 1, 1, 1, 1, 2, 2, 1, 1, 1, 2, 1, 1, 1, 2, 2, 
              2, 1, 2, 2, 1, 1, 1, 2, 2, 2, 2, 1 ],
          eAdj := [ 3, 5, 6, 7, 9, 11, 13, 14, 15, 16, 17, 19, 20, 21, 25, 
              26, 30, 39, 41, 42, 45, 46, 48, 52, 53, 54, 55, 57, 65, 70 ] ),
      rec(
          DistVect := [ 0, 1, 1, 1, 1, 1, 2, 2, 2, 1, 1, 1, 1, 2, 2, 2, 2, 
              2, 1, 2, 1, 1, 2, 1, 2, 2, 1, 2, 1 ],
          eAdj := [ 5, 6, 7, 14, 15, 16, 18, 20, 21, 23, 25, 28, 32, 33, 35, 
              39, 40, 44, 45, 46, 49, 50, 54, 55, 56, 62, 66, 69, 70, 75 ] ),
      rec(
          DistVect := [ 0, 1, 1, 1, 1, 1, 2, 2, 2, 2, 1, 1, 1, 2, 1, 2, 2, 
              2, 1, 2, 2, 2, 1, 1, 2, 2, 1, 2, 1 ],
          eAdj := [ 4, 5, 6, 7, 13, 16, 18, 20, 21, 25, 26, 28, 34, 38, 39, 
              41, 42, 44, 45, 46, 49, 50, 55, 57, 65, 66, 67, 69, 70, 77 ] ),
      rec(
          DistVect := [ 0, 1, 0, 1, 2, 2, 1, 2, 1, 1, 1, 2, 1, 1, 1, 2, 2, 
              1, 2, 2, 2, 1, 1, 1, 2, 1, 2, 1, 1 ],
          eAdj := [ 1, 2, 3, 5, 8, 13, 15, 16, 17, 19, 21, 24, 25, 27, 29, 
              30, 31, 34, 38, 39, 42, 48, 52, 53, 54, 55, 60, 65, 70, 72, 74 
             ] ), rec(
          DistVect := [ 0, 1, 1, 1, 1, 1, 2, 2, 1, 1, 1, 1, 1, 2, 1, 2, 1, 
              1, 2, 2, 1, 1, 2, 1, 2, 2, 1, 2, 1 ],
          eAdj := [ 6, 8, 14, 15, 17, 18, 20, 21, 23, 25, 27, 28, 32, 33, 
              36, 40, 44, 45, 47, 50, 54, 59, 61, 62, 64, 69, 71, 73, 75, 80 
             ] ), rec(
          DistVect := [ 0, 1, 1, 1, 1, 2, 1, 2, 1, 1, 1, 2, 1, 1, 1, 2, 2, 
              1, 1, 2, 2, 1, 1, 1, 2, 2, 2, 1, 1 ],
          eAdj := [ 1, 3, 5, 9, 13, 15, 17, 19, 20, 21, 24, 25, 29, 30, 31, 
              34, 37, 39, 42, 48, 52, 53, 54, 55, 58, 60, 63, 68, 70, 72, 74 
             ] ), rec(
          DistVect := [ 0, 1, 1, 1, 1, 1, 2, 2, 2, 1, 0, 1, 1, 2, 2, 2, 2, 
              2, 1, 1, 1, 1, 2, 1, 1, 2, 1, 2, 1 ],
          eAdj := [ 5, 6, 7, 9, 14, 15, 16, 17, 18, 19, 21, 22, 23, 25, 28, 
              32, 33, 35, 40, 43, 44, 45, 46, 49, 50, 54, 56, 62, 66, 73, 75 
             ] ), rec(
          DistVect := [ 0, 1, 1, 1, 1, 1, 2, 2, 2, 2, 0, 1, 1, 2, 1, 2, 2, 
              2, 1, 2, 2, 2, 1, 1, 1, 2, 1, 2, 1 ],
          eAdj := [ 4, 5, 6, 7, 9, 13, 15, 16, 17, 18, 19, 20, 21, 22, 25, 
              26, 28, 38, 41, 42, 44, 45, 46, 49, 50, 55, 56, 57, 65, 66, 70 
             ] ), rec(
          DistVect := [ 0, 1, 0, 1, 1, 2, 1, 2, 1, 1, 1, 2, 1, 1, 1, 1, 2, 
              1, 2, 2, 2, 1, 1, 2, 1, 2, 2, 1, 1 ],
          eAdj := [ 1, 3, 5, 8, 9, 13, 15, 16, 20, 21, 22, 24, 27, 29, 30, 
              31, 33, 37, 42, 43, 47, 48, 51, 53, 54, 57, 60, 65, 68, 71, 74 
             ] ), rec(
          DistVect := [ 0, 1, 1, 1, 1, 1, 2, 2, 1, 1, 0, 1, 1, 2, 1, 1, 1, 
              1, 2, 1, 1, 1, 2, 1, 1, 2, 1, 2, 1 ],
          eAdj := [ 6, 8, 9, 14, 15, 17, 18, 19, 22, 23, 25, 27, 28, 32, 36, 
              40, 43, 44, 45, 47, 50, 51, 59, 61, 62, 64, 71, 73, 75, 78, 80 
             ] ), rec(
          DistVect := [ 0, 2, 1, 1, 1, 1, 1, 2, 1, 1, 2, 2, 1, 0, 1, 2, 2, 
              1, 1, 2, 2, 1, 1, 1, 1, 2, 2, 2, 1 ],
          eAdj := [ 3, 5, 9, 10, 13, 16, 20, 21, 22, 24, 26, 29, 30, 31, 33, 
              37, 42, 43, 48, 51, 53, 54, 55, 57, 60, 63, 68, 71, 74 ] ), 
      rec(
          DistVect := [ 0, 2, 1, 1, 1, 1, 2, 3, 2, 2, 1, 2, 2, 1, 1, 2, 2, 
              1, 2, 2, 2, 1, 2, 1, 2, 2, 2, 2, 1 ],
          eAdj := [ 3, 5, 8, 9, 10, 13, 14, 16, 19, 20, 21, 23, 24, 26, 27, 
              31, 33, 35, 37, 43, 48, 51, 52, 53, 56, 57, 65, 68, 71 ] ), 
      rec(
          DistVect := [ 0, 1, 1, 1, 2, 1, 1, 2, 1, 1, 1, 2, 1, 1, 1, 2, 2, 
              1, 1, 2, 2, 1, 1, 1, 2, 1, 2, 2, 1 ],
          eAdj := [ 2, 3, 5, 11, 13, 15, 16, 17, 19, 24, 25, 26, 29, 30, 31, 
              34, 38, 39, 42, 45, 46, 48, 50, 52, 53, 55, 65, 67, 70, 72, 74 
             ] ), rec(
          DistVect := [ 0, 1, 1, 1, 1, 1, 2, 2, 2, 1, 1, 2, 1, 2, 2, 2, 1, 
              2, 1, 2, 2, 1, 2, 1, 2, 2, 2, 1, 1 ],
          eAdj := [ 1, 5, 6, 7, 11, 14, 15, 19, 20, 21, 23, 25, 26, 28, 30, 
              33, 39, 40, 41, 42, 45, 46, 52, 53, 54, 55, 57, 65, 66, 70 ] ),
      rec(
          DistVect := [ 0, 1, 2, 1, 1, 1, 2, 3, 2, 1, 1, 2, 1, 2, 2, 2, 2, 
              2, 1, 2, 2, 1, 2, 1, 2, 2, 2, 2, 1 ],
          eAdj := [ 3, 5, 6, 7, 11, 13, 14, 15, 19, 20, 23, 24, 25, 26, 28, 
              30, 39, 41, 42, 45, 46, 50, 52, 53, 55, 57, 65, 70, 72 ] ), 
      rec(
          DistVect := [ 0, 1, 1, 1, 1, 1, 2, 2, 1, 1, 1, 2, 1, 1, 2, 1, 2, 
              2, 1, 2, 2, 1, 2, 1, 2, 1, 2, 2, 1 ],
          eAdj := [ 2, 3, 5, 6, 7, 11, 14, 15, 16, 19, 20, 23, 25, 26, 30, 
              32, 35, 39, 41, 42, 45, 46, 50, 53, 54, 55, 57, 65, 66, 70 ] ),
      rec(
          DistVect := [ 0, 1, 1, 1, 1, 1, 2, 2, 2, 2, 1, 2, 1, 2, 1, 2, 1, 
              2, 1, 2, 1, 2, 1, 1, 2, 2, 2, 1, 1 ],
          eAdj := [ 1, 4, 5, 6, 7, 11, 13, 19, 20, 21, 25, 28, 29, 30, 34, 
              38, 39, 45, 46, 48, 52, 53, 55, 58, 65, 67, 70, 72, 74, 77 ] ),
      rec(
          DistVect := [ 0, 1, 1, 1, 1, 1, 2, 2, 1, 1, 1, 2, 1, 1, 1, 1, 2, 
              2, 1, 1, 2, 2, 1, 1, 2, 1, 2, 2, 1 ],
          eAdj := [ 2, 3, 4, 5, 6, 7, 11, 13, 16, 19, 25, 26, 29, 30, 34, 
              38, 39, 42, 45, 46, 48, 50, 53, 58, 65, 67, 70, 72, 74, 77 ] ),
      rec(
          DistVect := [ 0, 1, 0, 1, 2, 1, 1, 2, 1, 1, 1, 2, 1, 1, 1, 2, 1, 
              1, 2, 2, 2, 1, 1, 2, 2, 1, 1, 2, 1 ],
          eAdj := [ 2, 3, 5, 8, 11, 13, 15, 16, 17, 18, 21, 24, 25, 26, 27, 
              34, 35, 36, 38, 39, 41, 45, 48, 49, 50, 54, 55, 57, 65, 66, 70 
             ] ), rec(
          DistVect := [ 0, 1, 1, 1, 1, 1, 2, 2, 1, 1, 1, 2, 1, 2, 1, 2, 2, 
              1, 2, 2, 2, 1, 2, 1, 2, 2, 2, 1, 1 ],
          eAdj := [ 1, 6, 8, 11, 14, 15, 16, 17, 19, 20, 21, 23, 25, 26, 27, 
              28, 33, 35, 40, 41, 45, 47, 49, 52, 54, 56, 59, 66, 71, 75 ] ),
      rec(
          DistVect := [ 0, 1, 1, 1, 1, 1, 2, 2, 1, 1, 1, 2, 1, 1, 1, 2, 2, 
              1, 2, 2, 2, 1, 2, 1, 2, 1, 2, 2, 1 ],
          eAdj := [ 2, 3, 6, 8, 11, 14, 15, 16, 17, 19, 20, 21, 23, 25, 26, 
              27, 32, 33, 35, 36, 41, 45, 49, 50, 54, 56, 61, 66, 71, 75 ] ),
      rec(
          DistVect := [ 0, 1, 1, 1, 1, 1, 2, 2, 1, 1, 1, 2, 1, 1, 1, 2, 2, 
              1, 1, 2, 2, 1, 2, 1, 2, 1, 2, 2, 1 ],
          eAdj := [ 2, 3, 5, 6, 8, 11, 14, 15, 16, 17, 19, 20, 21, 23, 25, 
              26, 32, 33, 35, 39, 41, 45, 46, 49, 50, 53, 54, 55, 56, 57, 66 
             ] ), rec(
          DistVect := [ 0, 1, 1, 1, 1, 1, 2, 2, 1, 1, 1, 2, 1, 1, 1, 2, 2, 
              1, 1, 1, 2, 2, 1, 1, 2, 1, 2, 2, 1 ],
          eAdj := [ 2, 3, 4, 5, 6, 8, 11, 13, 16, 17, 19, 21, 25, 26, 29, 
              34, 38, 39, 42, 45, 46, 48, 49, 50, 53, 55, 57, 65, 67, 70, 72 
             ] ), rec(
          DistVect := [ 0, 1, 1, 1, 1, 1, 1, 2, 1, 1, 1, 2, 1, 1, 1, 2, 2, 
              1, 1, 2, 2, 1, 1, 1, 1, 2, 2, 2, 1 ],
          eAdj := [ 3, 5, 9, 11, 13, 15, 16, 17, 19, 20, 21, 22, 24, 26, 29, 
              30, 31, 33, 37, 42, 43, 48, 51, 52, 53, 54, 55, 57, 65, 68, 74 
             ] ), rec(
          DistVect := [ 0, 1, 1, 1, 1, 1, 1, 2, 1, 1, 1, 2, 1, 1, 1, 2, 2, 
              1, 1, 2, 2, 1, 1, 1, 2, 2, 2, 2, 1 ],
          eAdj := [ 3, 5, 9, 11, 13, 15, 16, 17, 19, 20, 21, 24, 25, 26, 29, 
              30, 31, 34, 39, 42, 48, 52, 53, 54, 55, 57, 65, 70, 72, 74 ] ),
      rec(
          DistVect := [ 0, 1, 1, 1, 1, 1, 1, 2, 1, 1, 1, 2, 1, 1, 1, 2, 2, 
              1, 1, 2, 2, 1, 1, 1, 2, 2, 1, 2, 1 ],
          eAdj := [ 3, 5, 9, 11, 13, 15, 16, 17, 18, 19, 20, 21, 24, 25, 26, 
              34, 35, 39, 41, 42, 45, 48, 49, 50, 52, 53, 54, 55, 57, 65, 70 
             ] ), rec(
          DistVect := [ 0, 1, 1, 1, 1, 1, 2, 2, 2, 1, 0, 2, 1, 2, 2, 2, 1, 
              2, 1, 1, 2, 1, 2, 2, 1, 2, 2, 1, 1 ],
          eAdj := [ 1, 5, 6, 7, 9, 11, 14, 15, 17, 19, 21, 22, 23, 25, 26, 
              28, 30, 33, 37, 40, 41, 42, 43, 46, 52, 53, 54, 56, 57, 65, 66 
             ] ), rec(
          DistVect := [ 0, 1, 1, 1, 1, 1, 2, 2, 2, 2, 0, 2, 1, 2, 1, 2, 1, 
              2, 1, 2, 1, 2, 1, 2, 1, 2, 2, 1, 1 ],
          eAdj := [ 1, 4, 5, 6, 7, 9, 11, 13, 15, 17, 19, 20, 21, 22, 25, 
              28, 29, 30, 37, 38, 46, 48, 52, 53, 55, 57, 58, 65, 70, 72, 74 
             ] ), rec(
          DistVect := [ 0, 1, 0, 1, 1, 1, 1, 2, 1, 1, 1, 2, 1, 1, 1, 1, 1, 
              1, 2, 2, 2, 1, 1, 1, 1, 2, 1, 2, 1 ],
          eAdj := [ 3, 5, 8, 9, 11, 13, 15, 16, 18, 19, 20, 21, 22, 24, 26, 
              27, 33, 35, 36, 41, 43, 47, 48, 49, 51, 52, 54, 56, 65, 66, 71 
             ] ), rec(
          DistVect := [ 0, 1, 1, 1, 1, 1, 2, 2, 1, 1, 0, 2, 1, 2, 1, 1, 2, 
              1, 2, 1, 2, 1, 2, 2, 1, 2, 2, 1, 1 ],
          eAdj := [ 1, 6, 8, 9, 11, 14, 15, 16, 17, 19, 22, 23, 25, 26, 27, 
              28, 35, 37, 40, 41, 43, 47, 49, 51, 52, 56, 59, 66, 71, 73, 75 
             ] ), rec(
          DistVect := [ 0, 2, 1, 1, 2, 1, 1, 2, 1, 1, 1, 2, 1, 0, 1, 2, 2, 
              1, 1, 2, 2, 1, 1, 1, 2, 1, 2, 2, 1 ],
          eAdj := [ 2, 3, 5, 9, 10, 13, 15, 16, 17, 19, 24, 25, 26, 29, 30, 
              31, 34, 39, 42, 48, 52, 53, 54, 55, 60, 63, 67, 70, 72, 74 ] ),
      rec(
          DistVect := [ 0, 1, 1, 1, 0, 1, 0, 1, 0, 0, 1, 0, 1, 0, 0, 1, 0, 
              1, 0, 1, 0, 1, 0, 1, 0, 1, 1, 0, 1 ],
          eAdj := [ 1, 3, 4, 5, 7, 9, 10, 13, 15, 17, 20, 21, 22, 24, 29, 
              30, 31, 34, 37, 39, 43, 51, 54, 55, 58, 60, 63, 67, 68, 70, 
              72, 79, 81 ] ), rec(
          DistVect := [ 0, 1, 1, 1, 1, 1, 0, 1, 0, 0, 0, 0, 1, 0, 0, 0, 0, 
              1, 0, 0, 0, 1, 0, 0, 1, 0, 1, 0, 1 ],
          eAdj := [ 1, 2, 3, 4, 5, 7, 9, 10, 13, 15, 17, 19, 24, 25, 29, 30, 
              31, 34, 37, 38, 39, 46, 52, 58, 60, 63, 67, 68, 70, 77, 79, 81 
             ] ), rec(
          DistVect := [ 0, 1, 1, 1, 2, 1, 1, 2, 1, 1, 2, 2, 0, 1, 1, 2, 2, 
              1, 1, 2, 2, 1, 1, 1, 2, 1, 2, 2, 1 ],
          eAdj := [ 2, 3, 5, 6, 11, 13, 16, 24, 25, 26, 28, 29, 30, 34, 38, 
              39, 41, 42, 45, 46, 48, 49, 50, 53, 55, 65, 67, 70, 72, 77 ] ),
      rec(
          DistVect := [ 0, 1, 1, 1, 1, 1, 2, 3, 1, 1, 1, 2, 1, 2, 1, 2, 2, 
              1, 2, 2, 2, 1, 2, 1, 2, 2, 2, 2, 1 ],
          eAdj := [ 3, 5, 6, 8, 11, 13, 14, 15, 16, 17, 19, 20, 21, 23, 24, 
              25, 26, 27, 28, 33, 35, 41, 45, 49, 50, 52, 54, 56, 57, 66 ] ),
      rec(
          DistVect := [ 0, 1, 1, 1, 1, 1, 2, 2, 1, 1, 1, 2, 1, 1, 1, 2, 2, 
              1, 1, 2, 2, 1, 1, 1, 2, 2, 2, 2, 1 ],
          eAdj := [ 3, 5, 6, 8, 9, 11, 13, 14, 15, 16, 17, 19, 20, 21, 25, 
              26, 33, 35, 41, 42, 45, 48, 49, 52, 53, 54, 55, 56, 57, 65, 66 
             ] ), rec(
          DistVect := [ 0, 1, 1, 1, 1, 1, 2, 2, 1, 1, 1, 2, 1, 1, 1, 2, 2, 
              1, 1, 2, 2, 1, 1, 1, 2, 2, 2, 3, 1 ],
          eAdj := [ 3, 5, 6, 8, 9, 11, 13, 14, 15, 16, 17, 18, 19, 20, 21, 
              25, 26, 32, 33, 35, 36, 41, 44, 45, 49, 50, 54, 55, 56, 66 ] ),
      rec(
          DistVect := [ 0, 1, 1, 1, 1, 1, 2, 2, 1, 1, 1, 2, 1, 1, 2, 1, 2, 
              2, 1, 2, 1, 1, 2, 2, 2, 1, 1, 2, 1 ],
          eAdj := [ 2, 3, 5, 6, 7, 11, 14, 15, 16, 18, 20, 23, 25, 32, 35, 
              39, 41, 44, 45, 46, 49, 50, 53, 54, 55, 56, 57, 62, 66, 69, 70 
             ] ), rec(
          DistVect := [ 0, 1, 1, 1, 1, 1, 2, 2, 1, 1, 1, 2, 1, 1, 2, 1, 1, 
              2, 1, 2, 2, 1, 2, 1, 2, 1, 2, 1, 1 ],
          eAdj := [ 1, 2, 3, 5, 6, 7, 11, 14, 15, 19, 20, 23, 25, 26, 30, 
              31, 39, 41, 42, 45, 46, 48, 52, 53, 54, 55, 57, 63, 65, 70, 72 
             ] ), rec(
          DistVect := [ 0, 1, 1, 1, 1, 1, 2, 2, 1, 1, 1, 2, 1, 1, 1, 1, 2, 
              2, 1, 1, 2, 2, 1, 2, 2, 1, 1, 2, 1 ],
          eAdj := [ 2, 3, 4, 5, 6, 7, 11, 13, 16, 18, 25, 26, 34, 38, 39, 
              41, 42, 44, 45, 46, 48, 49, 50, 53, 57, 65, 67, 69, 70, 72, 77 
             ] ), rec(
          DistVect := [ 0, 1, 1, 1, 1, 1, 2, 2, 1, 1, 1, 2, 1, 1, 1, 1, 1, 
              2, 1, 1, 1, 2, 1, 1, 2, 1, 2, 1, 1 ],
          eAdj := [ 1, 2, 3, 4, 5, 6, 7, 11, 13, 19, 25, 29, 30, 31, 34, 38, 
              39, 45, 46, 48, 52, 53, 58, 60, 63, 67, 70, 72, 74, 77, 79 ] ),
      rec(
          DistVect := [ 0, 1, 1, 1, 1, 1, 2, 2, 1, 1, 1, 2, 1, 1, 1, 2, 1, 
              1, 2, 2, 1, 1, 2, 2, 2, 1, 1, 2, 1 ],
          eAdj := [ 2, 3, 6, 8, 11, 14, 15, 17, 18, 20, 21, 23, 25, 27, 32, 
              33, 36, 41, 44, 45, 49, 50, 54, 56, 61, 62, 64, 69, 71, 73, 75 
             ] ), rec(
          DistVect := [ 0, 1, 1, 1, 1, 1, 2, 2, 1, 1, 1, 2, 1, 1, 1, 2, 2, 
              1, 2, 2, 2, 1, 2, 1, 2, 1, 2, 1, 1 ],
          eAdj := [ 1, 2, 3, 6, 8, 11, 14, 15, 16, 17, 19, 20, 21, 23, 25, 
              26, 27, 31, 33, 35, 41, 45, 48, 49, 52, 53, 54, 56, 57, 66, 71 
             ] ), rec(
          DistVect := [ 0, 1, 1, 1, 1, 1, 1, 2, 1, 1, 1, 2, 0, 1, 1, 2, 2, 
              1, 1, 2, 2, 1, 1, 1, 1, 2, 2, 2, 1 ],
          eAdj := [ 3, 5, 6, 9, 11, 13, 15, 16, 17, 19, 20, 21, 22, 24, 25, 
              26, 28, 29, 30, 33, 41, 42, 48, 49, 52, 53, 54, 55, 57, 65, 70 
             ] ), rec(
          DistVect := [ 0, 0, 1, 1, 1, 1, 0, 1, 1, 1, 1, 1, 0, 1, 0, 0, 0, 
              1, 0, 0, 0, 1, 0, 0, 1, 0, 1, 0, 1 ],
          eAdj := [ 1, 2, 3, 4, 5, 6, 7, 11, 13, 19, 24, 25, 28, 29, 30, 31, 
              34, 38, 39, 45, 46, 48, 50, 52, 53, 58, 60, 63, 67, 74, 77, 
              79, 81 ] ), rec(
          DistVect := [ 0, 1, 1, 0, 0, 1, 0, 1, 0, 1, 1, 0, 1, 0, 1, 1, 0, 
              1, 0, 0, 1, 0, 1, 1, 0, 1, 1, 0, 1 ],
          eAdj := [ 1, 3, 5, 7, 9, 10, 13, 14, 17, 20, 21, 22, 23, 24, 26, 
              29, 30, 31, 33, 37, 39, 40, 42, 43, 48, 51, 54, 55, 57, 58, 
              60, 63, 68, 71, 72, 74, 81 ] ), rec(
          DistVect := [ 0, 0, 1, 1, 1, 0, 0, 1, 1, 1, 1, 0, 0, 1, 0, 0, 1, 
              1, 0, 0, 1, 1, 0, 1, 1, 0, 0, 1, 1 ],
          eAdj := [ 2, 3, 4, 5, 6, 7, 11, 13, 16, 18, 24, 25, 26, 28, 29, 
              30, 34, 38, 39, 41, 42, 44, 45, 46, 48, 49, 50, 53, 58, 65, 
              67, 69, 72, 74, 77, 79 ] ), rec(
          DistVect := [ 0, 1, 0, 1, 1, 1, 0, 1, 1, 0, 0, 0, 1, 0, 1, 1, 1, 
              0, 1, 0, 0, 1, 0, 0, 1, 0, 1, 0, 1 ],
          eAdj := [ 1, 2, 3, 4, 5, 8, 9, 10, 13, 15, 16, 17, 19, 21, 24, 25, 
              27, 29, 30, 31, 34, 37, 38, 39, 42, 51, 52, 53, 54, 55, 58, 
              60, 63, 67, 68, 70, 72, 74, 79, 81 ] ), rec(
          DistVect := [ 0, 1, 0, 0, 0, 1, 0, 1, 1, 1, 1, 0, 1, 0, 0, 0, 1, 
              0, 1, 0, 1, 0, 1, 1, 0, 1, 1, 0, 1 ],
          eAdj := [ 1, 3, 5, 8, 9, 10, 13, 14, 16, 20, 21, 22, 23, 24, 26, 
              27, 29, 30, 31, 33, 35, 37, 40, 42, 43, 47, 48, 51, 53, 56, 
              57, 59, 60, 63, 65, 68, 71, 74, 76 ] ), rec(
          DistVect := [ 0, 1, 1, 1, 1, 0, 0, 1, 0, 0, 0, 1, 1, 0, 0, 0, 1, 
              1, 0, 0, 1, 1, 0, 1, 1, 0, 0, 1, 1 ],
          eAdj := [ 2, 3, 4, 5, 7, 9, 10, 11, 13, 15, 16, 17, 18, 19, 24, 
              25, 26, 29, 30, 31, 34, 38, 39, 42, 45, 46, 48, 50, 52, 53, 
              58, 60, 63, 67, 70, 72, 74, 77, 79, 81 ] ), rec(
          DistVect := [ 0, 0, 0, 1, 1, 0, 0, 1, 0, 1, 1, 0, 0, 1, 1, 1, 0, 
              0, 1, 0, 1, 1, 0, 1, 1, 0, 0, 1, 1 ],
          eAdj := [ 2, 3, 4, 5, 6, 8, 11, 13, 16, 17, 18, 21, 24, 25, 26, 
              27, 28, 29, 34, 35, 36, 38, 39, 41, 42, 44, 45, 46, 48, 49, 
              50, 55, 57, 64, 65, 66, 67, 69, 70, 72, 77 ] ), rec(
          DistVect := [ 0, 0, 0, 1, 1, 1, 0, 1, 0, 1, 1, 1, 0, 1, 1, 1, 1, 
              0, 1, 0, 0, 1, 0, 0, 1, 0, 1, 0, 1 ],
          eAdj := [ 1, 2, 3, 4, 5, 6, 8, 11, 13, 16, 17, 19, 21, 24, 25, 27, 
              28, 29, 30, 31, 34, 38, 39, 42, 45, 46, 48, 49, 50, 52, 53, 
              55, 58, 60, 65, 67, 70, 72, 74, 77, 79 ] ), rec(
          DistVect := [ 0, 0, 1, 1, 0, 1, 0, 1, 1, 1, 0, 1, 0, 1, 0, 1, 0, 
              1, 0, 1, 0, 1, 0, 1, 0, 1, 1, 0, 1 ],
          eAdj := [ 1, 3, 4, 5, 6, 7, 9, 11, 13, 15, 17, 19, 20, 21, 22, 24, 
              25, 28, 29, 30, 31, 34, 37, 38, 39, 46, 48, 52, 53, 55, 58, 
              60, 63, 67, 68, 70, 72, 74, 77, 79, 81 ] ), rec(
          DistVect := [ 0, 1, 1, 1, 0, 0, 0, 1, 0, 0, 1, 1, 1, 0, 0, 1, 1, 
              1, 0, 1, 1, 1, 0, 0, 0, 1, 0, 1, 1 ],
          eAdj := [ 3, 4, 5, 7, 9, 10, 11, 13, 15, 16, 17, 18, 19, 20, 21, 
              22, 24, 26, 29, 30, 31, 34, 37, 39, 42, 43, 48, 51, 52, 53, 
              54, 55, 57, 58, 60, 63, 67, 68, 70, 72, 74, 81 ] ), rec(
          DistVect := [ 0, 1, 1, 0, 0, 0, 0, 1, 0, 1, 1, 1, 1, 0, 1, 1, 1, 
              1, 0, 0, 0, 0, 1, 0, 0, 1, 0, 1, 1 ],
          eAdj := [ 3, 5, 7, 9, 10, 11, 13, 14, 16, 17, 18, 19, 20, 21, 22, 
              23, 24, 26, 30, 31, 32, 33, 35, 37, 39, 40, 41, 42, 43, 48, 
              51, 52, 53, 54, 55, 56, 57, 63, 65, 68, 71, 74 ] ), rec(
          DistVect := [ 0, 1, 0, 1, 1, 0, 0, 1, 1, 0, 0, 1, 1, 0, 1, 1, 0, 
              0, 1, 0, 1, 1, 0, 1, 1, 0, 0, 1, 1 ],
          eAdj := [ 2, 3, 4, 5, 8, 9, 10, 11, 13, 15, 16, 17, 18, 19, 21, 
              24, 25, 26, 27, 29, 31, 34, 35, 36, 38, 39, 42, 45, 48, 49, 
              50, 51, 52, 53, 54, 55, 57, 60, 65, 67, 70, 72, 74 ] ), rec(
          DistVect := [ 0, 1, 0, 0, 1, 1, 0, 1, 1, 1, 0, 0, 1, 0, 0, 1, 1, 
              0, 1, 1, 1, 0, 1, 0, 1, 0, 1, 0, 1 ],
          eAdj := [ 1, 2, 3, 5, 8, 9, 10, 13, 14, 15, 16, 17, 19, 20, 21, 
              23, 24, 25, 26, 27, 29, 30, 31, 33, 34, 35, 37, 39, 42, 43, 
              48, 51, 52, 53, 54, 55, 57, 60, 63, 65, 68, 71, 72, 74 ] ), 
      rec(
          DistVect := [ 0, 0, 0, 0, 1, 0, 0, 1, 0, 0, 1, 0, 0, 1, 0, 1, 0, 
              0, 1, 1, 0, 0, 1, 1, 1, 0, 0, 1, 1 ],
          eAdj := [ 2, 3, 5, 6, 8, 11, 13, 14, 15, 16, 17, 18, 20, 21, 23, 
              24, 25, 26, 27, 28, 32, 33, 34, 35, 36, 38, 39, 41, 44, 45, 
              46, 49, 50, 54, 55, 56, 57, 61, 62, 64, 66, 69, 70, 75 ] ), 
      rec(
          DistVect := [ 0, 0, 1, 0, 0, 1, 0, 1, 1, 0, 0, 1, 0, 1, 1, 1, 0, 
              1, 0, 0, 1, 0, 1, 1, 0, 1, 1, 0, 1 ],
          eAdj := [ 1, 3, 5, 6, 7, 9, 11, 13, 14, 15, 17, 19, 20, 21, 22, 
              23, 24, 25, 26, 28, 29, 30, 31, 33, 37, 39, 40, 41, 42, 43, 
              46, 48, 52, 53, 54, 55, 57, 58, 63, 65, 68, 70, 72, 74 ] ), 
      rec(
          DistVect := [ 0, 0, 1, 1, 0, 0, 0, 1, 1, 1, 0, 0, 0, 1, 0, 1, 1, 
              1, 0, 1, 1, 1, 0, 0, 0, 1, 0, 1, 1 ],
          eAdj := [ 3, 4, 5, 6, 7, 9, 11, 13, 15, 16, 17, 18, 19, 20, 21, 
              22, 24, 25, 26, 28, 29, 30, 34, 38, 39, 41, 42, 44, 45, 46, 
              48, 49, 50, 52, 53, 55, 57, 58, 65, 67, 70, 72, 74, 77 ] ), 
      rec(
          DistVect := [ 0, 1, 0, 0, 0, 0, 0, 1, 1, 1, 1, 1, 1, 0, 0, 0, 0, 
              0, 1, 0, 0, 0, 1, 0, 0, 1, 0, 1, 1 ],
          eAdj := [ 3, 5, 8, 9, 10, 11, 13, 14, 16, 18, 19, 20, 21, 22, 23, 
              24, 26, 27, 31, 32, 33, 35, 36, 37, 40, 41, 43, 47, 48, 49, 
              51, 52, 53, 56, 59, 61, 65, 66, 68, 71, 73, 76 ] ), rec(
          DistVect := [ 0, 0, 0, 0, 1, 1, 0, 1, 0, 0, 1, 1, 0, 1, 0, 1, 1, 
              0, 1, 1, 1, 0, 1, 0, 1, 0, 1, 0, 1 ],
          eAdj := [ 1, 2, 3, 5, 6, 8, 11, 13, 14, 15, 16, 17, 19, 20, 21, 
              23, 24, 25, 26, 27, 28, 29, 30, 31, 33, 34, 35, 38, 39, 41, 
              42, 45, 46, 48, 49, 50, 52, 53, 54, 55, 57, 65, 66, 70, 72 ] ),
      rec(
          DistVect := [ 0, 0, 1, 0, 0, 0, 0, 1, 1, 0, 0, 0, 0, 1, 1, 1, 1, 
              1, 0, 0, 0, 0, 1, 0, 0, 1, 0, 1, 1 ],
          eAdj := [ 3, 5, 6, 7, 9, 11, 13, 14, 15, 16, 17, 18, 19, 20, 21, 
              22, 23, 24, 25, 26, 28, 30, 32, 33, 35, 39, 40, 41, 42, 43, 
              44, 45, 46, 49, 50, 52, 53, 54, 55, 56, 57, 62, 65, 66, 70 ] ),
      rec(
          DistVect := [ 0, 1, 0, 0, 1, 0, 0, 1, 1, 1, 0, 1, 1, 0, 0, 1, 0, 
              0, 1, 1, 0, 0, 1, 1, 1, 0, 0, 1, 1 ],
          eAdj := [ 2, 3, 5, 8, 9, 10, 11, 13, 14, 15, 16, 17, 18, 19, 20, 
              21, 23, 24, 25, 26, 27, 31, 32, 33, 34, 35, 36, 39, 41, 43, 
              45, 48, 49, 50, 51, 52, 53, 54, 55, 56, 57, 61, 65, 66, 71 ] ),
      rec(
          DistVect := [ 0, 0, 0, 0, 0, 0, 0, 1, 0, 0, 0, 0, 0, 1, 0, 0, 0, 
              0, 1, 0, 0, 0, 1, 0, 0, 1, 0, 1, 1 ],
          eAdj := [ 3, 5, 6, 8, 9, 11, 13, 14, 15, 16, 17, 18, 19, 20, 21, 
              22, 23, 24, 25, 26, 27, 28, 32, 33, 35, 36, 40, 41, 43, 44, 
              45, 47, 49, 50, 51, 52, 54, 56, 59, 61, 62, 64, 66, 71, 73, 75 
             ] ), rec(
          DistVect := [ 0, 0, 0, 0, 0, 1, 0, 1, 0, 0, 0, 1, 0, 1, 0, 0, 1, 
              0, 1, 0, 1, 0, 1, 1, 0, 1, 1, 0, 1 ],
          eAdj := [ 1, 3, 5, 6, 8, 9, 11, 13, 14, 15, 16, 17, 19, 20, 21, 
              22, 23, 24, 25, 26, 27, 28, 29, 30, 31, 33, 35, 37, 40, 41, 
              42, 43, 47, 48, 49, 51, 52, 53, 54, 56, 57, 59, 65, 66, 68, 71 
             ] ), rec(
          DistVect := [ 0, 0, 0, 0, 1, 1, 0, 0, 0, 0, 1, 1, 0, 0, 0, 1, 1, 
              0, 0, 1, 1, 0, 0, 0, 1, 1, 1, 1, 0 ],
          eAdj := [ 1, 2, 3, 4, 5, 6, 7, 8, 9, 10, 11, 12, 13, 14, 15, 16, 
              17, 18, 19, 20, 21, 22, 23, 24, 25, 26, 27, 28, 29, 30, 31, 
              32, 33, 34, 35, 36, 37, 38, 39, 40, 41, 42, 43, 44, 45, 46, 
              47, 48, 49, 50, 51, 52, 53, 54, 55, 58, 59, 60, 61, 62, 63, 
              64, 65, 66, 67, 68, 69, 70, 71, 74, 75, 76, 77, 80, 81 ] ), 
      rec(
          DistVect := [ 0, 1, 1, 1, 0, 0, 1, 1, 0, 0, 1, 1, 0, 0, 0, 1, 1, 
              0, 0, 1, 1, 0, 0, 0, 1, 1, 1, 1, 0 ],
          eAdj := [ 1, 2, 3, 4, 5, 6, 7, 8, 9, 10, 11, 12, 13, 14, 15, 16, 
              17, 18, 19, 20, 21, 22, 23, 24, 25, 26, 27, 28, 29, 30, 31, 
              32, 33, 34, 35, 36, 37, 38, 39, 40, 41, 42, 43, 44, 45, 46, 
              47, 48, 49, 50, 51, 52, 53, 54, 55, 56, 57, 58, 59, 60, 61, 
              62, 63, 64, 67, 68, 69, 70, 71, 72, 73, 76, 77, 78, 79 ] ), 
      rec(
          DistVect := [ 0, 0, 1, 1, 0, 0, 1, 1, 1, 1, 0, 0, 1, 1, 0, 1, 1, 
              0, 0, 1, 1, 0, 0, 0, 1, 1, 1, 1, 0 ],
          eAdj := [ 1, 2, 3, 4, 5, 6, 7, 8, 9, 10, 11, 12, 13, 14, 15, 16, 
              17, 18, 19, 20, 21, 22, 23, 24, 25, 26, 27, 28, 29, 30, 31, 
              32, 33, 34, 35, 36, 37, 38, 39, 40, 41, 42, 43, 44, 45, 46, 
              47, 48, 49, 50, 51, 52, 53, 55, 56, 57, 58, 59, 60, 61, 62, 
              63, 64, 65, 66, 67, 68, 69, 72, 73, 74, 75, 78, 79, 80, 81 ] ),
      rec(
          DistVect := [ 0, 0, 1, 0, 0, 0, 1, 1, 1, 0, 0, 0, 1, 1, 1, 1, 1, 
              0, 0, 0, 0, 1, 1, 0, 1, 1, 1, 1, 0 ],
          eAdj := [ 1, 2, 3, 4, 5, 6, 7, 8, 9, 10, 11, 12, 13, 14, 15, 16, 
              17, 18, 19, 20, 21, 22, 23, 24, 25, 26, 27, 28, 29, 30, 31, 
              32, 33, 34, 35, 36, 37, 38, 39, 40, 42, 43, 44, 45, 46, 47, 
              49, 50, 51, 52, 53, 54, 55, 56, 57, 58, 59, 61, 63, 64, 65, 
              66, 67, 68, 69, 70, 71, 72, 73, 74, 75, 76, 77, 78, 79, 80, 81 
             ] ), rec(
          DistVect := [ 0, 0, 0, 0, 0, 1, 1, 1, 0, 0, 0, 1, 1, 1, 0, 0, 1, 
              1, 1, 0, 1, 1, 1, 1, 1, 1, 0, 0, 0 ],
          eAdj := [ 1, 2, 3, 4, 5, 6, 7, 8, 9, 10, 11, 12, 13, 14, 15, 16, 
              17, 18, 19, 20, 21, 22, 23, 24, 25, 26, 27, 28, 29, 30, 31, 
              32, 34, 35, 36, 37, 38, 39, 40, 41, 42, 43, 44, 45, 46, 47, 
              48, 49, 50, 51, 52, 53, 54, 56, 57, 58, 60, 61, 62, 63, 64, 
              65, 66, 68, 69, 70, 71, 72, 73, 74, 75, 76, 77, 78, 79, 80, 81 
             ] ), rec(
          DistVect := [ 0, 0, 0, 0, 0, 1, 0, 0, 0, 0, 0, 1, 0, 0, 0, 0, 1, 
              0, 0, 0, 1, 0, 0, 1, 0, 0, 1, 1, 0 ],
          eAdj := [ 1, 2, 3, 4, 5, 6, 7, 8, 9, 10, 11, 12, 13, 14, 15, 16, 
              17, 18, 19, 20, 21, 22, 23, 24, 25, 26, 27, 28, 29, 30, 31, 
              32, 33, 34, 35, 36, 37, 38, 39, 40, 41, 42, 43, 44, 46, 47, 
              48, 49, 50, 51, 53, 54, 55, 56, 57, 58, 59, 60, 61, 62, 63, 
              64, 65, 66, 67, 70, 71, 72, 73, 74, 75, 76, 77, 78, 79, 80, 81 
             ] ), rec(
          DistVect := [ 0, 4, 4, 4, 5, 5, 7, 8, 4, 4, 3, 7, 5, 4, 4, 5, 5, 
              7, 4, 7, 7, 5, 4, 4, 8, 5, 8, 5, 3 ],
          eAdj := [ 1, 2, 3, 5, 7, 13, 15, 19, 25, 29, 30, 31, 34, 38, 39, 
              46, 48, 52, 58, 60, 63, 67, 70, 72, 74, 79 ] ), rec(
          DistVect := [ 0, 5, 3, 5, 7, 5, 5, 8, 4, 4, 4, 8, 4, 3, 4, 8, 8, 
              4, 5, 8, 8, 4, 3, 4, 8, 5, 8, 7, 3 ],
          eAdj := [ 2, 3, 5, 13, 15, 16, 17, 19, 24, 25, 29, 30, 31, 34, 38, 
              39, 42, 48, 52, 53, 55, 60, 67, 70, 72, 74 ] ), rec(
          DistVect := [ 0, 4, 3, 4, 4, 5, 8, 7, 5, 4, 4, 7, 4, 5, 5, 5, 8, 
              7, 4, 8, 7, 4, 5, 7, 8, 5, 5, 8, 3 ],
          eAdj := [ 2, 5, 6, 7, 14, 15, 16, 18, 20, 25, 32, 35, 38, 39, 41, 
              44, 46, 49, 50, 55, 56, 57, 62, 66, 69, 70 ] ), rec(
          DistVect := [ 0, 4, 4, 4, 4, 5, 8, 7, 4, 4, 4, 7, 4, 5, 4, 8, 5, 
              4, 7, 8, 7, 4, 5, 7, 8, 5, 5, 8, 3 ],
          eAdj := [ 2, 6, 8, 14, 15, 17, 18, 20, 21, 25, 27, 32, 33, 36, 38, 
              41, 44, 50, 54, 56, 61, 62, 64, 69, 73, 75 ] ), rec(
          DistVect := [ 0, 5, 3, 5, 4, 5, 5, 8, 4, 4, 5, 8, 4, 3, 4, 7, 8, 
              4, 5, 9, 8, 4, 3, 5, 5, 8, 8, 7, 3 ],
          eAdj := [ 3, 5, 9, 13, 15, 16, 20, 21, 22, 24, 29, 30, 31, 33, 37, 
              42, 43, 48, 51, 53, 54, 55, 57, 60, 68, 74 ] ), rec(
          DistVect := [ 0, 4, 4, 4, 5, 4, 7, 8, 4, 4, 3, 8, 5, 4, 4, 5, 8, 
              7, 4, 7, 8, 5, 4, 7, 8, 5, 5, 8, 3 ],
          eAdj := [ 2, 3, 5, 7, 11, 13, 15, 16, 18, 25, 26, 34, 38, 39, 41, 
              42, 45, 46, 48, 50, 53, 57, 65, 67, 70, 72 ] ), rec(
          DistVect := [ 0, 4, 4, 4, 7, 4, 5, 8, 4, 4, 5, 8, 3, 4, 4, 7, 8, 
              5, 4, 9, 8, 3, 4, 5, 8, 5, 7, 8, 3 ],
          eAdj := [ 2, 3, 5, 11, 13, 15, 16, 24, 25, 26, 30, 34, 38, 39, 41, 
              42, 45, 46, 48, 50, 53, 55, 65, 67, 70, 72 ] ), rec(
          DistVect := [ 0, 4, 4, 4, 4, 4, 7, 8, 4, 4, 4, 8, 5, 4, 4, 8, 8, 
              7, 4, 8, 8, 5, 4, 4, 5, 8, 5, 8, 3 ],
          eAdj := [ 3, 5, 7, 9, 11, 13, 15, 16, 17, 18, 19, 20, 21, 22, 26, 
              41, 42, 43, 48, 52, 53, 54, 55, 56, 57, 65 ] ), rec(
          DistVect := [ 0, 4, 4, 4, 4, 4, 5, 8, 4, 4, 4, 8, 3, 4, 4, 8, 8, 
              5, 4, 8, 8, 3, 4, 4, 5, 8, 7, 8, 3 ],
          eAdj := [ 3, 5, 9, 11, 13, 15, 16, 17, 19, 20, 21, 22, 24, 26, 30, 
              33, 41, 42, 43, 48, 52, 53, 54, 55, 57, 65 ] ), rec(
          DistVect := [ 0, 5, 5, 4, 4, 4, 8, 9, 4, 5, 3, 7, 7, 4, 5, 7, 7, 
              7, 4, 8, 8, 4, 5, 4, 8, 7, 8, 7, 3 ],
          eAdj := [ 3, 5, 7, 9, 10, 13, 14, 15, 17, 19, 20, 26, 30, 31, 37, 
              39, 42, 43, 48, 52, 54, 55, 57, 63, 72, 74 ] ), rec(
          DistVect := [ 0, 1, 1, 1, 1, 1, 2, 2, 1, 1, 1, 2, 2, 1, 1, 2, 2, 
              2, 1, 2, 2, 1, 1, 1, 2, 2, 2, 2, 1 ],
          eAdj := [ 3, 5, 7, 9, 10, 11, 13, 14, 15, 16, 17, 19, 20, 21, 26, 
              30, 31, 37, 39, 42, 43, 48, 52, 53, 54, 55, 57, 63, 65, 74 ] ),
      rec(
          DistVect := [ 0, 5, 4, 4, 4, 4, 9, 8, 7, 5, 3, 7, 4, 7, 4, 8, 8, 
              7, 4, 8, 8, 5, 4, 4, 7, 8, 7, 8, 3 ],
          eAdj := [ 5, 6, 7, 13, 14, 15, 16, 19, 20, 21, 25, 26, 28, 38, 41, 
              42, 44, 45, 46, 49, 50, 55, 56, 57, 66, 70 ] ), rec(
          DistVect := [ 0, 1, 1, 1, 1, 1, 2, 2, 2, 1, 1, 2, 1, 2, 1, 2, 2, 
              2, 1, 2, 2, 1, 1, 1, 2, 2, 2, 2, 1 ],
          eAdj := [ 5, 6, 7, 11, 13, 14, 15, 16, 19, 20, 21, 25, 26, 28, 30, 
              38, 39, 41, 42, 44, 45, 46, 49, 50, 53, 55, 57, 65, 66, 70 ] ),
      rec(
          DistVect := [ 0, 4, 4, 4, 5, 4, 7, 8, 4, 4, 3, 8, 5, 4, 4, 5, 8, 
              7, 4, 7, 8, 5, 4, 5, 8, 5, 7, 8, 3 ],
          eAdj := [ 2, 3, 5, 7, 11, 13, 15, 16, 19, 25, 26, 30, 34, 38, 39, 
              42, 45, 46, 48, 50, 53, 65, 67, 70, 72, 74 ] ), rec(
          DistVect := [ 0, 4, 3, 4, 4, 4, 8, 7, 5, 4, 4, 8, 4, 5, 5, 5, 5, 
              7, 4, 8, 8, 4, 5, 4, 8, 5, 8, 5, 3 ],
          eAdj := [ 1, 2, 5, 6, 7, 11, 14, 15, 19, 20, 25, 26, 30, 38, 39, 
              41, 42, 45, 46, 48, 53, 55, 57, 65, 70, 72 ] ), rec(
          DistVect := [ 0, 4, 5, 4, 4, 4, 8, 9, 7, 4, 4, 8, 4, 7, 5, 7, 7, 
              7, 4, 8, 8, 4, 5, 4, 8, 7, 8, 7, 3 ],
          eAdj := [ 5, 6, 7, 11, 13, 14, 15, 19, 20, 25, 26, 28, 30, 38, 39, 
              41, 42, 45, 46, 50, 53, 55, 57, 65, 70, 72 ] ), rec(
          DistVect := [ 0, 4, 3, 4, 4, 4, 8, 7, 5, 4, 4, 8, 4, 5, 5, 5, 7, 
              7, 4, 8, 8, 4, 5, 4, 8, 5, 8, 7, 3 ],
          eAdj := [ 2, 5, 6, 7, 11, 14, 15, 16, 19, 20, 25, 26, 30, 38, 39, 
              41, 42, 45, 46, 50, 53, 55, 57, 65, 66, 70 ] ), rec(
          DistVect := [ 0, 4, 4, 4, 4, 4, 8, 9, 4, 4, 4, 8, 4, 7, 4, 8, 8, 
              4, 7, 8, 8, 4, 5, 4, 8, 7, 8, 7, 3 ],
          eAdj := [ 6, 8, 11, 13, 14, 15, 16, 17, 19, 20, 21, 25, 26, 27, 
              28, 33, 35, 38, 41, 45, 49, 50, 54, 56, 57, 66 ] ), rec(
          DistVect := [ 0, 4, 4, 4, 4, 4, 8, 7, 4, 4, 4, 8, 4, 5, 4, 8, 8, 
              4, 7, 8, 8, 4, 5, 4, 8, 5, 8, 7, 3 ],
          eAdj := [ 2, 6, 8, 11, 14, 15, 16, 17, 19, 20, 21, 25, 26, 27, 33, 
              35, 36, 38, 41, 45, 49, 50, 54, 56, 66, 75 ] ), rec(
          DistVect := [ 0, 4, 4, 4, 4, 4, 8, 7, 4, 4, 4, 8, 4, 5, 4, 8, 8, 
              4, 5, 8, 8, 4, 3, 4, 8, 7, 8, 9, 3 ],
          eAdj := [ 6, 8, 11, 13, 14, 15, 16, 17, 19, 20, 21, 25, 26, 33, 
              35, 36, 38, 41, 44, 45, 49, 50, 54, 55, 56, 66 ] ), rec(
          DistVect := [ 0, 4, 3, 4, 5, 4, 7, 8, 5, 4, 3, 8, 5, 4, 5, 8, 7, 
              4, 7, 7, 8, 5, 4, 5, 8, 5, 7, 8, 3 ],
          eAdj := [ 2, 3, 8, 11, 13, 15, 16, 17, 19, 21, 25, 26, 27, 34, 35, 
              36, 38, 45, 48, 49, 50, 54, 55, 57, 65, 66 ] ), rec(
          DistVect := [ 0, 4, 3, 4, 5, 5, 7, 8, 5, 4, 3, 7, 5, 4, 5, 8, 8, 
              4, 7, 7, 7, 5, 4, 4, 8, 5, 8, 5, 3 ],
          eAdj := [ 1, 2, 3, 8, 13, 15, 16, 17, 19, 21, 25, 27, 29, 31, 34, 
              38, 42, 48, 52, 53, 54, 55, 57, 60, 65, 72 ] ), rec(
          DistVect := [ 0, 4, 3, 4, 5, 4, 7, 8, 5, 4, 3, 8, 5, 4, 5, 8, 5, 
              4, 7, 7, 8, 5, 4, 7, 8, 5, 5, 8, 3 ],
          eAdj := [ 2, 3, 8, 11, 13, 15, 17, 18, 21, 25, 26, 27, 34, 35, 36, 
              38, 41, 45, 48, 49, 50, 54, 55, 56, 57, 66 ] ), rec(
          DistVect := [ 0, 4, 3, 4, 4, 5, 8, 7, 7, 4, 4, 5, 4, 7, 5, 7, 8, 
              7, 4, 8, 7, 4, 5, 5, 8, 7, 5, 8, 3 ],
          eAdj := [ 5, 6, 7, 14, 15, 16, 18, 20, 21, 25, 28, 32, 35, 38, 39, 
              44, 46, 49, 50, 55, 56, 62, 66, 69, 70, 75 ] ), rec(
          DistVect := [ 0, 4, 4, 4, 4, 5, 8, 7, 4, 4, 4, 5, 4, 7, 4, 8, 5, 
              4, 7, 8, 7, 4, 5, 5, 8, 7, 5, 8, 3 ],
          eAdj := [ 6, 8, 14, 15, 17, 18, 20, 21, 25, 27, 28, 32, 33, 36, 
              38, 44, 47, 50, 54, 61, 62, 64, 69, 73, 75, 80 ] ), rec(
          DistVect := [ 0, 1, 1, 1, 1, 2, 2, 1, 1, 1, 1, 1, 1, 2, 1, 2, 2, 
              1, 1, 2, 2, 1, 1, 1, 2, 2, 1, 2, 1 ],
          eAdj := [ 6, 8, 12, 14, 15, 17, 18, 20, 21, 25, 28, 32, 33, 35, 
              36, 38, 40, 44, 46, 47, 50, 54, 61, 62, 64, 69, 73, 75, 80 ] ),
      rec(
          DistVect := [ 0, 4, 4, 4, 4, 7, 8, 5, 4, 4, 4, 7, 4, 5, 4, 8, 7, 
              4, 5, 8, 7, 4, 5, 5, 8, 7, 5, 8, 3 ],
          eAdj := [ 6, 8, 12, 14, 15, 17, 18, 20, 21, 25, 32, 33, 36, 40, 
              44, 47, 50, 54, 61, 62, 64, 69, 71, 73, 75, 80 ] ), rec(
          DistVect := [ 0, 3, 3, 5, 5, 5, 5, 8, 4, 4, 4, 8, 4, 5, 4, 8, 8, 
              4, 5, 8, 8, 4, 3, 4, 8, 7, 8, 7, 3 ],
          eAdj := [ 3, 5, 11, 13, 15, 16, 17, 19, 21, 24, 25, 29, 30, 31, 
              34, 38, 39, 42, 48, 52, 53, 55, 65, 70, 72, 74 ] ), rec(
          DistVect := [ 0, 0, 1, 1, 1, 2, 1, 2, 1, 1, 1, 2, 1, 2, 1, 2, 2, 
              1, 1, 2, 2, 1, 1, 1, 2, 2, 2, 1, 1 ],
          eAdj := [ 1, 3, 5, 6, 11, 13, 15, 17, 19, 20, 21, 24, 25, 28, 29, 
              30, 31, 34, 38, 39, 42, 46, 48, 52, 53, 55, 58, 65, 70, 72, 74 
             ] ), rec(
          DistVect := [ 0, 4, 3, 4, 4, 4, 8, 7, 7, 4, 4, 8, 4, 7, 5, 7, 5, 
              7, 4, 8, 8, 4, 5, 4, 8, 7, 8, 5, 3 ],
          eAdj := [ 1, 5, 6, 7, 11, 14, 15, 19, 20, 21, 25, 26, 28, 30, 38, 
              39, 41, 42, 45, 46, 53, 55, 57, 65, 66, 70 ] ), rec(
          DistVect := [ 0, 4, 4, 4, 4, 4, 8, 7, 4, 4, 4, 8, 4, 7, 4, 8, 8, 
              4, 7, 8, 8, 4, 5, 4, 8, 7, 8, 5, 3 ],
          eAdj := [ 1, 6, 8, 11, 14, 15, 16, 17, 19, 20, 21, 25, 26, 27, 28, 
              33, 35, 38, 41, 45, 47, 49, 54, 56, 66, 75 ] ), rec(
          DistVect := [ 0, 1, 1, 1, 1, 1, 2, 1, 1, 1, 1, 2, 1, 2, 1, 2, 2, 
              1, 1, 2, 2, 1, 1, 1, 2, 2, 2, 1, 1 ],
          eAdj := [ 1, 6, 8, 11, 12, 14, 15, 16, 17, 19, 20, 21, 25, 26, 28, 
              33, 35, 38, 40, 41, 42, 44, 45, 46, 47, 49, 54, 56, 66, 75 ] ),
      rec(
          DistVect := [ 0, 4, 4, 4, 4, 4, 8, 5, 4, 4, 4, 8, 4, 5, 4, 8, 8, 
              4, 5, 8, 8, 4, 3, 4, 8, 7, 8, 7, 3 ],
          eAdj := [ 6, 8, 11, 12, 14, 15, 16, 17, 19, 20, 21, 25, 26, 33, 
              35, 36, 38, 41, 44, 45, 47, 49, 54, 56, 66, 75 ] ), rec(
          DistVect := [ 0, 4, 4, 4, 4, 4, 8, 5, 4, 4, 4, 8, 4, 5, 4, 8, 8, 
              4, 5, 8, 8, 4, 5, 4, 8, 7, 8, 5, 3 ],
          eAdj := [ 1, 6, 8, 11, 12, 14, 15, 16, 17, 19, 20, 21, 25, 26, 33, 
              35, 40, 41, 45, 47, 49, 54, 56, 66, 71, 75 ] ), rec(
          DistVect := [ 0, 4, 3, 4, 4, 4, 8, 7, 5, 4, 4, 8, 4, 5, 3, 7, 7, 
              7, 4, 8, 8, 4, 3, 4, 8, 7, 8, 7, 3 ],
          eAdj := [ 5, 6, 7, 11, 13, 14, 15, 16, 19, 20, 21, 25, 26, 30, 38, 
              39, 41, 42, 45, 46, 48, 53, 55, 57, 65, 70 ] ), rec(
          DistVect := [ 0, 4, 4, 4, 4, 4, 7, 8, 4, 4, 4, 8, 5, 4, 4, 8, 8, 
              7, 4, 8, 8, 3, 4, 4, 7, 8, 7, 8, 3 ],
          eAdj := [ 3, 5, 7, 9, 11, 13, 14, 15, 16, 17, 19, 20, 21, 26, 30, 
              39, 41, 42, 43, 48, 52, 53, 54, 55, 57, 65 ] ), rec(
          DistVect := [ 0, 3, 4, 4, 4, 5, 7, 8, 7, 5, 3, 8, 4, 7, 4, 8, 5, 
              7, 4, 8, 7, 5, 4, 5, 7, 8, 8, 5, 3 ],
          eAdj := [ 1, 5, 6, 7, 11, 13, 15, 19, 20, 21, 25, 28, 29, 30, 38, 
              39, 46, 48, 52, 53, 55, 58, 65, 70, 72, 74 ] ), rec(
          DistVect := [ 0, 3, 3, 3, 5, 7, 5, 8, 4, 4, 4, 8, 4, 5, 4, 8, 8, 
              4, 5, 8, 8, 4, 5, 4, 8, 7, 8, 5, 3 ],
          eAdj := [ 1, 3, 5, 13, 15, 17, 19, 20, 21, 24, 25, 29, 30, 31, 34, 
              39, 42, 48, 52, 53, 54, 55, 65, 70, 72, 74 ] ), rec(
          DistVect := [ 0, 3, 4, 4, 4, 4, 7, 8, 7, 5, 3, 5, 4, 7, 4, 8, 8, 
              7, 4, 8, 8, 5, 4, 4, 7, 8, 5, 8, 3 ],
          eAdj := [ 5, 6, 7, 13, 15, 16, 18, 20, 21, 25, 26, 28, 38, 39, 41, 
              42, 44, 45, 46, 49, 50, 55, 57, 65, 66, 70 ] ), rec(
          DistVect := [ 0, 0, 1, 1, 1, 1, 1, 2, 1, 1, 1, 1, 1, 2, 1, 2, 2, 
              1, 1, 2, 2, 1, 1, 1, 2, 2, 1, 2, 1 ],
          eAdj := [ 3, 5, 6, 11, 13, 15, 16, 17, 18, 20, 21, 24, 25, 26, 28, 
              34, 35, 38, 39, 41, 42, 44, 45, 46, 49, 50, 55, 57, 65, 66, 70 
             ] ), rec(
          DistVect := [ 0, 3, 3, 3, 5, 4, 5, 8, 4, 4, 4, 7, 4, 5, 4, 8, 7, 
              4, 5, 8, 7, 4, 5, 5, 8, 7, 5, 8, 3 ],
          eAdj := [ 3, 5, 11, 13, 15, 16, 17, 18, 20, 21, 24, 25, 26, 34, 
              35, 39, 41, 45, 49, 50, 54, 55, 57, 65, 66, 70 ] ), rec(
          DistVect := [ 0, 3, 3, 4, 4, 4, 7, 8, 4, 5, 3, 5, 4, 7, 5, 7, 5, 
              4, 7, 8, 8, 5, 4, 4, 7, 8, 5, 8, 3 ],
          eAdj := [ 6, 8, 13, 15, 17, 18, 20, 21, 25, 26, 27, 28, 33, 35, 
              36, 38, 41, 44, 45, 47, 50, 54, 56, 64, 66, 75 ] ), rec(
          DistVect := [ 0, 3, 3, 4, 4, 5, 7, 8, 4, 5, 3, 8, 4, 7, 5, 7, 8, 
              4, 7, 8, 7, 5, 4, 5, 7, 8, 8, 5, 3 ],
          eAdj := [ 1, 6, 8, 11, 13, 15, 16, 17, 19, 20, 21, 25, 27, 28, 29, 
              33, 38, 42, 47, 48, 49, 52, 54, 57, 65, 66 ] ), rec(
          DistVect := [ 0, 4, 4, 4, 7, 7, 5, 8, 4, 4, 3, 7, 5, 4, 4, 7, 7, 
              5, 4, 7, 7, 5, 4, 4, 8, 5, 8, 5, 3 ],
          eAdj := [ 1, 2, 3, 5, 13, 15, 17, 19, 24, 25, 29, 30, 31, 34, 38, 
              39, 46, 52, 58, 60, 63, 67, 70, 74, 79, 81 ] ), rec(
          DistVect := [ 0, 4, 4, 4, 4, 7, 8, 5, 4, 4, 4, 7, 4, 5, 4, 8, 7, 
              4, 5, 8, 7, 4, 5, 7, 8, 5, 5, 8, 3 ],
          eAdj := [ 2, 6, 8, 12, 14, 15, 17, 18, 20, 21, 25, 32, 33, 36, 38, 
              44, 46, 50, 54, 61, 62, 64, 69, 73, 75, 80 ] ), rec(
          DistVect := [ 0, 3, 3, 3, 7, 7, 5, 8, 4, 4, 4, 8, 4, 5, 4, 8, 8, 
              4, 5, 8, 8, 4, 5, 4, 8, 5, 8, 5, 3 ],
          eAdj := [ 1, 2, 3, 5, 13, 15, 17, 19, 24, 25, 29, 30, 31, 34, 38, 
              39, 42, 46, 48, 52, 53, 55, 65, 70, 72, 74 ] ), rec(
          DistVect := [ 0, 3, 3, 3, 4, 7, 5, 8, 4, 4, 3, 8, 4, 5, 4, 7, 8, 
              4, 5, 7, 8, 4, 5, 7, 5, 8, 8, 5, 3 ],
          eAdj := [ 1, 3, 5, 9, 13, 15, 17, 20, 21, 22, 24, 29, 30, 31, 33, 
              37, 42, 43, 48, 51, 53, 54, 57, 65, 68, 74 ] ), rec(
          DistVect := [ 0, 4, 4, 4, 5, 4, 7, 8, 4, 4, 3, 8, 5, 4, 4, 7, 8, 
              5, 4, 7, 8, 5, 4, 5, 8, 5, 7, 8, 3 ],
          eAdj := [ 2, 3, 5, 11, 13, 15, 16, 17, 19, 25, 26, 34, 38, 39, 42, 
              45, 46, 48, 50, 53, 55, 57, 65, 67, 70, 72 ] ), rec(
          DistVect := [ 0, 4, 4, 4, 7, 4, 5, 8, 4, 4, 3, 8, 5, 4, 4, 7, 8, 
              5, 4, 7, 8, 5, 4, 7, 8, 5, 5, 8, 3 ],
          eAdj := [ 2, 3, 5, 11, 13, 15, 16, 17, 18, 24, 25, 26, 34, 38, 39, 
              42, 45, 46, 48, 50, 53, 65, 67, 70, 72, 74 ] ), rec(
          DistVect := [ 0, 3, 3, 3, 7, 4, 5, 8, 4, 4, 4, 7, 4, 5, 4, 8, 7, 
              4, 5, 8, 7, 4, 5, 7, 8, 5, 5, 8, 3 ],
          eAdj := [ 2, 3, 5, 11, 13, 15, 16, 17, 18, 24, 25, 26, 34, 35, 38, 
              39, 41, 45, 46, 49, 50, 55, 57, 65, 66, 70 ] ), rec(
          DistVect := [ 0, 4, 4, 4, 4, 4, 7, 8, 4, 4, 4, 8, 5, 4, 4, 8, 8, 
              5, 4, 8, 8, 5, 4, 4, 5, 8, 7, 8, 3 ],
          eAdj := [ 3, 5, 9, 11, 13, 15, 16, 17, 19, 20, 21, 22, 26, 33, 37, 
              42, 43, 48, 51, 52, 53, 54, 55, 56, 57, 65 ] ), rec(
          DistVect := [ 0, 3, 3, 3, 4, 4, 5, 8, 4, 4, 3, 7, 4, 5, 4, 7, 7, 
              4, 5, 7, 7, 4, 5, 4, 5, 8, 5, 8, 3 ],
          eAdj := [ 3, 5, 9, 11, 13, 15, 16, 17, 18, 19, 20, 21, 22, 24, 26, 
              33, 35, 41, 43, 49, 51, 52, 54, 56, 65, 66 ] ), rec(
          DistVect := [ 0, 4, 4, 4, 4, 4, 5, 8, 4, 4, 4, 8, 5, 4, 4, 8, 8, 
              5, 4, 8, 8, 5, 4, 4, 5, 8, 5, 8, 3 ],
          eAdj := [ 3, 5, 9, 11, 13, 15, 16, 17, 18, 19, 20, 21, 22, 24, 26, 
              42, 43, 48, 51, 52, 53, 54, 55, 57, 65, 74 ] ), rec(
          DistVect := [ 0, 4, 4, 4, 4, 4, 8, 7, 4, 4, 4, 8, 4, 7, 4, 8, 8, 
              4, 5, 8, 8, 4, 5, 4, 8, 7, 8, 7, 3 ],
          eAdj := [ 6, 8, 11, 14, 15, 16, 17, 19, 20, 21, 25, 26, 28, 33, 
              35, 38, 41, 44, 45, 46, 49, 50, 54, 56, 66, 75 ] ), rec(
          DistVect := [ 0, 3, 4, 4, 4, 4, 7, 8, 5, 5, 3, 7, 4, 7, 4, 8, 8, 
              5, 4, 8, 8, 5, 4, 4, 7, 8, 7, 8, 3 ],
          eAdj := [ 5, 6, 11, 13, 15, 16, 17, 19, 20, 21, 25, 26, 28, 38, 
              41, 42, 44, 45, 46, 49, 50, 55, 57, 65, 66, 70 ] ), rec(
          DistVect := [ 0, 4, 4, 4, 4, 5, 8, 7, 4, 4, 4, 5, 4, 7, 4, 8, 7, 
              4, 5, 8, 7, 4, 5, 5, 8, 7, 5, 8, 3 ],
          eAdj := [ 6, 8, 14, 15, 17, 18, 20, 21, 25, 28, 32, 33, 35, 36, 
              38, 44, 46, 50, 54, 56, 61, 62, 64, 69, 73, 75 ] ), rec(
          DistVect := [ 0, 4, 4, 4, 4, 7, 5, 8, 4, 4, 4, 7, 5, 4, 4, 8, 7, 
              5, 4, 8, 9, 3, 4, 5, 7, 8, 8, 5, 3 ],
          eAdj := [ 1, 3, 5, 9, 13, 15, 17, 20, 21, 24, 29, 30, 31, 37, 39, 
              42, 43, 48, 54, 55, 58, 60, 63, 68, 72, 74 ] ), rec(
          DistVect := [ 0, 5, 4, 4, 4, 4, 8, 9, 5, 5, 5, 7, 7, 4, 4, 8, 8, 
              4, 5, 8, 8, 4, 5, 4, 8, 9, 8, 7, 3 ],
          eAdj := [ 3, 5, 8, 9, 10, 13, 14, 16, 20, 21, 26, 31, 33, 35, 37, 
              42, 43, 48, 51, 52, 53, 56, 57, 65, 68, 71 ] ), rec(
          DistVect := [ 0, 1, 1, 1, 1, 1, 2, 2, 1, 1, 2, 2, 2, 1, 1, 2, 2, 
              1, 1, 2, 2, 1, 1, 1, 2, 3, 2, 2, 1 ],
          eAdj := [ 3, 5, 8, 9, 10, 11, 13, 14, 16, 20, 21, 22, 26, 31, 33, 
              35, 37, 40, 42, 43, 47, 48, 51, 52, 53, 56, 65, 68, 71 ] ), 
      rec(
          DistVect := [ 0, 4, 4, 4, 4, 5, 8, 7, 4, 4, 4, 5, 4, 7, 4, 8, 7, 
              4, 5, 8, 7, 4, 5, 3, 8, 9, 5, 8, 3 ],
          eAdj := [ 6, 8, 14, 15, 17, 18, 20, 21, 25, 28, 32, 33, 35, 36, 
              40, 44, 45, 47, 50, 54, 61, 62, 64, 69, 73, 75 ] ), rec(
          DistVect := [ 0, 3, 4, 4, 4, 4, 8, 7, 5, 5, 5, 5, 7, 4, 4, 8, 8, 
              4, 5, 8, 8, 4, 5, 4, 8, 9, 8, 5, 3 ],
          eAdj := [ 1, 3, 8, 9, 10, 14, 16, 20, 21, 26, 31, 33, 35, 37, 40, 
              42, 43, 47, 48, 51, 52, 53, 56, 65, 68, 71 ] ), rec(
          DistVect := [ 0, 3, 4, 4, 4, 4, 8, 7, 3, 5, 5, 7, 7, 4, 4, 8, 8, 
              4, 3, 8, 8, 4, 5, 4, 8, 9, 8, 7, 3 ],
          eAdj := [ 3, 5, 8, 9, 10, 11, 14, 16, 17, 20, 21, 26, 31, 33, 35, 
              37, 40, 42, 43, 48, 51, 52, 53, 56, 65, 71 ] ), rec(
          DistVect := [ 0, 3, 5, 5, 5, 5, 5, 8, 4, 4, 4, 8, 4, 5, 4, 8, 8, 
              4, 3, 8, 8, 4, 3, 4, 8, 7, 8, 7, 3 ],
          eAdj := [ 3, 5, 11, 13, 15, 17, 19, 24, 25, 29, 30, 31, 34, 38, 
              39, 42, 46, 48, 52, 53, 55, 58, 67, 70, 72, 74 ] ), rec(
          DistVect := [ 0, 5, 5, 5, 5, 5, 5, 8, 4, 4, 4, 8, 4, 3, 4, 8, 8, 
              4, 3, 8, 8, 4, 3, 4, 8, 7, 8, 7, 3 ],
          eAdj := [ 3, 5, 9, 13, 15, 17, 19, 24, 25, 29, 30, 31, 34, 39, 42, 
              48, 52, 53, 55, 58, 60, 63, 67, 70, 72, 74 ] ), rec(
          DistVect := [ 0, 3, 5, 3, 5, 7, 5, 8, 4, 4, 4, 8, 4, 5, 4, 8, 8, 
              4, 3, 8, 8, 4, 5, 4, 8, 7, 8, 5, 3 ],
          eAdj := [ 1, 3, 5, 13, 15, 17, 19, 20, 24, 25, 29, 30, 31, 34, 39, 
              42, 46, 48, 52, 53, 55, 58, 63, 70, 72, 74 ] ), rec(
          DistVect := [ 0, 4, 4, 4, 4, 5, 7, 8, 4, 4, 4, 7, 5, 4, 4, 8, 7, 
              5, 4, 8, 7, 5, 4, 5, 7, 8, 8, 5, 3 ],
          eAdj := [ 1, 3, 5, 9, 13, 15, 17, 20, 21, 29, 30, 31, 37, 42, 48, 
              52, 53, 54, 55, 57, 58, 60, 63, 68, 72, 74 ] ), rec(
          DistVect := [ 0, 3, 3, 5, 5, 4, 5, 8, 4, 4, 4, 7, 4, 5, 4, 8, 7, 
              4, 5, 8, 9, 4, 3, 5, 8, 7, 5, 8, 3 ],
          eAdj := [ 3, 5, 11, 13, 15, 16, 17, 18, 21, 24, 25, 26, 34, 35, 
              38, 39, 41, 42, 45, 48, 49, 50, 55, 57, 65, 70 ] ), rec(
          DistVect := [ 0, 4, 4, 4, 4, 4, 7, 8, 4, 4, 4, 8, 5, 4, 4, 8, 8, 
              5, 4, 8, 8, 3, 4, 4, 7, 8, 7, 8, 3 ],
          eAdj := [ 3, 5, 9, 11, 13, 14, 15, 16, 17, 19, 20, 21, 26, 33, 35, 
              41, 42, 43, 48, 52, 53, 54, 55, 56, 57, 65 ] ), rec(
          DistVect := [ 0, 4, 4, 4, 4, 4, 5, 8, 4, 4, 4, 8, 3, 4, 4, 8, 8, 
              3, 4, 8, 8, 3, 4, 4, 7, 8, 7, 8, 3 ],
          eAdj := [ 3, 5, 9, 11, 13, 15, 16, 17, 19, 20, 21, 24, 25, 26, 33, 
              35, 41, 42, 48, 49, 52, 53, 54, 55, 57, 65 ] ), rec(
          DistVect := [ 0, 4, 4, 4, 4, 4, 5, 8, 4, 4, 4, 8, 5, 4, 4, 8, 8, 
              3, 4, 8, 8, 3, 4, 4, 7, 8, 7, 8, 3 ],
          eAdj := [ 3, 5, 9, 11, 13, 15, 16, 17, 19, 20, 21, 24, 26, 31, 33, 
              35, 42, 43, 48, 51, 52, 53, 54, 55, 57, 65 ] ), rec(
          DistVect := [ 0, 4, 4, 4, 4, 4, 5, 8, 4, 4, 4, 8, 5, 4, 4, 8, 8, 
              5, 4, 8, 8, 3, 4, 4, 7, 8, 5, 8, 3 ],
          eAdj := [ 3, 5, 9, 11, 13, 15, 16, 17, 18, 19, 20, 21, 24, 26, 35, 
              39, 41, 42, 43, 48, 52, 53, 54, 55, 57, 65 ] ), rec(
          DistVect := [ 0, 4, 4, 4, 4, 4, 7, 8, 4, 4, 4, 8, 5, 4, 4, 8, 8, 
              5, 4, 8, 8, 5, 4, 4, 7, 8, 5, 8, 3 ],
          eAdj := [ 3, 5, 9, 11, 13, 15, 16, 17, 18, 19, 20, 21, 26, 35, 41, 
              42, 45, 48, 49, 52, 53, 54, 55, 56, 57, 65 ] ), rec(
          DistVect := [ 0, 4, 4, 4, 4, 4, 7, 8, 4, 4, 4, 8, 7, 4, 4, 8, 8, 
              5, 4, 8, 8, 5, 4, 4, 7, 8, 5, 8, 3 ],
          eAdj := [ 3, 5, 9, 10, 11, 13, 15, 16, 17, 18, 19, 20, 21, 26, 35, 
              42, 43, 48, 51, 52, 53, 54, 55, 56, 57, 65 ] ), rec(
          DistVect := [ 0, 3, 5, 5, 3, 5, 5, 8, 4, 4, 4, 8, 4, 5, 4, 8, 8, 
              4, 3, 8, 8, 4, 3, 4, 8, 9, 8, 7, 3 ],
          eAdj := [ 3, 5, 9, 11, 13, 15, 17, 19, 20, 21, 24, 25, 29, 30, 31, 
              34, 39, 42, 48, 52, 53, 55, 58, 70, 72, 74 ] ), rec(
          DistVect := [ 0, 4, 4, 4, 4, 4, 7, 8, 4, 4, 4, 8, 5, 4, 4, 8, 8, 
              5, 4, 8, 8, 3, 4, 4, 9, 8, 7, 8, 3 ],
          eAdj := [ 3, 5, 9, 11, 13, 14, 15, 16, 17, 19, 20, 21, 25, 26, 35, 
              39, 41, 42, 45, 48, 52, 53, 54, 55, 57, 65 ] ), rec(
          DistVect := [ 0, 1, 1, 1, 1, 1, 2, 2, 1, 1, 1, 2, 2, 1, 1, 2, 2, 
              1, 1, 2, 2, 1, 1, 1, 3, 2, 2, 2, 1 ],
          eAdj := [ 2, 3, 5, 8, 9, 10, 11, 13, 14, 15, 16, 17, 19, 20, 21, 
              25, 26, 31, 34, 35, 39, 42, 45, 48, 52, 53, 54, 55, 57, 65 ] ),
      rec(
          DistVect := [ 0, 3, 4, 4, 4, 5, 7, 8, 5, 5, 5, 8, 4, 7, 4, 8, 7, 
              5, 4, 8, 7, 5, 4, 3, 9, 8, 8, 5, 3 ],
          eAdj := [ 1, 5, 6, 11, 13, 19, 20, 21, 25, 28, 29, 30, 34, 38, 39, 
              42, 45, 46, 48, 52, 53, 55, 58, 65, 70, 72 ] ), rec(
          DistVect := [ 0, 4, 4, 4, 4, 4, 8, 7, 4, 4, 4, 8, 4, 7, 4, 8, 8, 
              4, 5, 8, 8, 4, 5, 4, 8, 9, 8, 5, 3 ],
          eAdj := [ 1, 6, 8, 11, 14, 15, 16, 17, 19, 20, 21, 25, 26, 28, 33, 
              35, 40, 41, 42, 45, 47, 49, 52, 54, 56, 66 ] ), rec(
          DistVect := [ 0, 4, 4, 4, 4, 4, 5, 8, 4, 4, 4, 8, 5, 4, 4, 8, 8, 
              3, 4, 8, 8, 3, 4, 4, 9, 8, 7, 8, 3 ],
          eAdj := [ 3, 5, 9, 11, 13, 15, 16, 17, 19, 20, 21, 24, 25, 26, 31, 
              34, 35, 39, 42, 48, 52, 53, 54, 55, 57, 65 ] ), rec(
          DistVect := [ 0, 4, 4, 4, 4, 4, 8, 9, 4, 4, 4, 8, 4, 7, 4, 8, 8, 
              4, 5, 8, 8, 4, 5, 4, 8, 9, 8, 7, 3 ],
          eAdj := [ 5, 6, 8, 11, 13, 14, 15, 16, 17, 19, 20, 21, 25, 26, 28, 
              33, 35, 41, 42, 45, 49, 52, 54, 56, 57, 66 ] ), rec(
          DistVect := [ 0, 4, 4, 4, 4, 4, 8, 7, 4, 4, 4, 8, 4, 5, 4, 8, 8, 
              4, 3, 8, 8, 4, 3, 4, 8, 9, 8, 9, 3 ],
          eAdj := [ 5, 6, 8, 9, 11, 13, 14, 15, 16, 17, 19, 20, 21, 25, 26, 
              33, 35, 41, 42, 44, 45, 49, 54, 55, 56, 66 ] ), rec(
          DistVect := [ 0, 4, 4, 4, 4, 4, 7, 8, 4, 4, 4, 8, 7, 4, 4, 8, 8, 
              5, 4, 8, 8, 3, 4, 4, 9, 8, 7, 8, 3 ],
          eAdj := [ 3, 5, 9, 10, 11, 13, 14, 15, 16, 17, 19, 20, 21, 26, 31, 
              35, 39, 42, 43, 48, 52, 53, 54, 55, 57, 65 ] ), rec(
          DistVect := [ 0, 3, 4, 4, 4, 4, 7, 8, 5, 5, 3, 5, 4, 7, 4, 8, 8, 
              5, 4, 8, 8, 5, 4, 4, 7, 8, 5, 8, 3 ],
          eAdj := [ 5, 6, 13, 15, 16, 17, 18, 20, 21, 25, 26, 28, 35, 38, 
              41, 42, 44, 45, 46, 49, 50, 55, 56, 57, 66, 70 ] ), rec(
          DistVect := [ 0, 3, 4, 4, 4, 5, 7, 8, 5, 5, 3, 8, 4, 7, 4, 8, 7, 
              5, 4, 8, 7, 5, 4, 5, 7, 8, 8, 5, 3 ],
          eAdj := [ 1, 5, 6, 11, 13, 15, 17, 19, 20, 21, 25, 28, 29, 30, 38, 
              42, 46, 48, 52, 53, 55, 57, 58, 65, 70, 72 ] ) ] );
