return rec(
  DistVect := [ 0, 1, 1, 1, 1, 2, 2, 1, 1, 1, 2, 2, 1, 0, 2, 2, 1, 1, 1, 1, 
      2, 2, 1, 2, 2, 2, 1, 2, 1 ],
  ListIncidentIneq := 
   [ [ 0, 1, 0, 0, 0, 0, 0, -1, 0, 0, 0, 0, 0, 1, 0, 0, 0, 0, 0, 0, 0, 0, 0, 
          0, 0, 0, 0, 0, 0 ], 
      [ 0, 0, 0, 0, 0, 0, 0, 0, 0, 0, 0, 0, 1, 1, 0, 0, 0, 0, 0, 0, 0, 0, 0, 
          0, 0, 0, 0, 0, -1 ], 
      [ 0, 0, 0, 0, 0, 0, 0, 0, 0, 0, 0, 0, 0, 0, 0, 0, 0, 0, 0, 0, 0, -1, 
          1, 0, 0, 0, 0, 0, 1 ], 
      [ 0, 0, 0, 0, 0, 0, 0, 0, 0, 0, 0, -1, 1, 0, 0, 0, 0, 0, 0, 0, 0, 0, 
          0, 0, 0, 0, 1, 0, 0 ], 
      [ 0, 1, 0, 0, 0, 0, -1, 0, 0, 0, 0, 0, 1, 0, 0, 0, 0, 0, 0, 0, 0, 0, 
          0, 0, 0, 0, 0, 0, 0 ], 
      [ 0, 0, 0, 0, 0, 0, 0, 0, 0, 0, 0, 1, 0, 1, 0, 0, 0, 0, 0, 0, 0, 0, 0, 
          0, 0, 0, 0, -1, 0 ], 
      [ 0, 0, 0, 0, 1, 0, 0, 1, 0, 0, 0, 0, 0, 0, 0, 0, 0, 0, 0, 0, 0, 0, 0, 
          0, 0, -1, 0, 0, 0 ], 
      [ 0, 0, 1, 0, 0, 0, -1, 0, 0, 0, 0, 0, 0, 0, 0, 0, 0, 1, 0, 0, 0, 0, 
          0, 0, 0, 0, 0, 0, 0 ], 
      [ 0, 0, 0, 0, 0, 0, 0, 0, 0, 0, 1, 0, 0, 1, 0, 0, 0, 0, 0, 0, 0, 0, 0, 
          0, 0, -1, 0, 0, 0 ], 
      [ 0, 0, 0, 0, 0, 0, 0, 0, 0, 0, 0, 0, -1, 1, 0, 0, 0, 0, 0, 0, 0, 0, 
          0, 0, 0, 0, 0, 0, 1 ], 
      [ 0, 0, 0, 0, 0, 0, 0, 0, 1, 0, 0, 0, 0, 1, 0, 0, 0, 0, -1, 0, 0, 0, 
          0, 0, 0, 0, 0, 0, 0 ], 
      [ 0, 0, 1, 0, 0, -1, 0, 0, 0, 0, 0, 0, 0, 0, 0, 0, 1, 0, 0, 0, 0, 0, 
          0, 0, 0, 0, 0, 0, 0 ], 
      [ 0, 0, 0, 0, 0, 0, 0, 0, 0, 1, 0, 0, 0, 1, 0, 0, 0, 0, 0, 0, 0, 0, 
          -1, 0, 0, 0, 0, 0, 0 ], 
      [ 0, 0, 0, 0, 0, 0, -1, 1, 0, 0, 0, 0, 0, 0, 0, 0, 0, 0, 0, 0, 0, 0, 
          0, 0, 0, 0, 0, 0, 1 ], 
      [ 0, 0, 0, 0, 0, 0, 0, 0, 1, 1, 0, 0, 0, 0, -1, 0, 0, 0, 0, 0, 0, 0, 
          0, 0, 0, 0, 0, 0, 0 ], 
      [ 0, 0, 0, 0, 0, 0, 0, 0, 1, 0, 0, -1, 0, 0, 0, 0, 1, 0, 0, 0, 0, 0, 
          0, 0, 0, 0, 0, 0, 0 ], 
      [ 0, 1, 0, 0, 1, 0, 0, 0, 0, 0, -1, 0, 0, 0, 0, 0, 0, 0, 0, 0, 0, 0, 
          0, 0, 0, 0, 0, 0, 0 ], 
      [ 0, 0, 0, 0, 0, 0, 0, 0, 0, 1, -1, 0, 0, 0, 0, 0, 0, 0, 0, 1, 0, 0, 
          0, 0, 0, 0, 0, 0, 0 ], 
      [ 0, 0, 1, 1, 0, 0, 0, 0, 0, 0, 0, 0, 0, 0, -1, 0, 0, 0, 0, 0, 0, 0, 
          0, 0, 0, 0, 0, 0, 0 ], 
      [ 0, 0, 0, 0, 0, 0, 0, 0, 0, 0, 0, 0, 0, 0, 0, 0, 0, 0, 0, 0, 0, 0, 0, 
          0, 0, 0, 1, -1, 1 ], 
      [ 0, 0, 0, 0, 0, 0, 0, 0, 0, 0, 0, 0, 0, 0, 0, 0, 0, 0, 0, 1, 0, 0, 1, 
          0, 0, -1, 0, 0, 0 ], 
      [ 0, 0, 0, 0, 0, 0, 0, 0, 0, 1, 0, 0, 1, 0, 0, 0, 0, 0, 0, 0, 0, -1, 
          0, 0, 0, 0, 0, 0, 0 ], 
      [ 0, 0, 1, 0, 1, 0, 0, 0, 0, 0, 0, 0, 0, 0, 0, -1, 0, 0, 0, 0, 0, 0, 
          0, 0, 0, 0, 0, 0, 0 ], 
      [ 0, 0, 0, 0, 0, 0, 0, 0, 0, 0, 0, -1, 0, 1, 0, 0, 0, 0, 0, 0, 0, 0, 
          0, 0, 0, 0, 0, 1, 0 ], 
      [ 0, -1, 0, 0, 0, 0, 0, 1, 0, 0, 0, 0, 0, 1, 0, 0, 0, 0, 0, 0, 0, 0, 
          0, 0, 0, 0, 0, 0, 0 ], 
      [ 0, 0, 0, 0, 0, 0, 0, 0, 0, 0, 0, 0, 0, 0, 0, 0, 1, 0, 1, 0, 0, 0, 0, 
          0, 0, 0, 0, -1, 0 ], 
      [ 0, 0, 0, 0, 0, 0, 0, 0, 0, 0, -1, 0, 0, 1, 0, 0, 0, 0, 0, 0, 0, 0, 
          0, 0, 0, 1, 0, 0, 0 ], 
      [ 0, 0, 0, 0, 0, 0, 0, 0, 0, 0, 0, 0, 0, 0, -1, 0, 0, 0, 1, 0, 0, 0, 
          1, 0, 0, 0, 0, 0, 0 ], 
      [ 0, 0, 0, 0, 0, 0, 0, 0, 0, -1, 0, 0, 0, 1, 0, 0, 0, 0, 0, 0, 0, 0, 
          1, 0, 0, 0, 0, 0, 0 ], 
      [ 0, 0, 0, 0, 0, 0, 0, 0, -1, 0, 0, 0, 0, 1, 0, 0, 0, 0, 1, 0, 0, 0, 
          0, 0, 0, 0, 0, 0, 0 ], 
      [ 0, 1, 1, 0, 0, 0, -1, -1, -1, 0, 0, 0, 1, 1, 0, 0, 0, 1, 1, 0, 0, 0, 
          0, 0, 0, 0, 0, 0, -1 ], 
      [ 0, 1, 1, 0, 0, -1, 0, -1, -1, 0, 0, 1, 0, 1, 0, 0, 1, 0, 1, 0, 0, 0, 
          0, 0, 0, 0, 0, -1, 0 ], 
      [ 0, 0, 1, 1, 0, -1, 0, -1, 0, 0, 0, 0, 0, 0, -1, 0, 1, 0, 1, 0, 1, 0, 
          1, 0, 0, 0, 0, -1, 0 ], 
      [ 0, -1, 1, 1, 0, -1, 0, 0, 1, 1, 0, -1, 0, 0, -1, 0, 1, 0, 0, 0, 1, 
          0, 0, 0, 0, 0, 0, 0, 0 ], 
      [ 0, 0, 0, 0, 1, 1, -1, 1, 0, 0, 0, 0, 0, 0, 0, 0, 0, 0, 0, 0, 0, 0, 
          0, -1, 1, -1, 1, -1, 1 ], 
      [ 0, 0, 0, 0, 0, 0, 0, 0, 0, 1, -1, -1, 1, 0, 0, 0, 0, 0, 0, 1, 1, -1, 
          0, -1, 1, 0, 1, 0, 0 ], 
      [ 0, 0, 0, 0, 0, 0, 0, 0, 1, 1, 0, -1, 1, 0, -1, 0, 1, -1, 0, 0, 1, 
          -1, 0, 0, 0, 0, 1, 0, 0 ], 
      [ 0, 1, 0, 0, 1, 1, -1, 0, 0, 0, -1, -1, 1, 0, 0, 0, 0, 0, 0, 0, 0, 0, 
          0, -1, 1, 0, 1, 0, 0 ], 
      [ 0, 0, 0, 0, 0, 0, 0, 0, 0, 0, 0, 0, 0, 0, -1, 0, 1, -1, 1, 0, 1, -1, 
          1, 0, 0, 0, 1, -1, 1 ], 
      [ 0, 0, 0, 0, 0, 0, 0, 0, 0, 0, 0, 0, 0, 0, 0, 0, 0, 0, 0, 1, 1, -1, 
          1, -1, 1, -1, 1, -1, 1 ], 
      [ 0, -1, 1, 0, 0, 0, -1, 1, 1, 0, 0, 0, -1, 1, 0, 0, 0, 1, -1, 0, 0, 
          0, 0, 0, 0, 0, 0, 0, 1 ], 
      [ 0, 0, 1, 0, 1, 0, -1, 1, 0, 0, 0, 0, 0, 0, 0, -1, 0, 1, -1, 0, 0, 0, 
          0, 0, 1, -1, 0, 0, 1 ], 
      [ 0, -1, 1, 0, 0, -1, 0, 1, 1, 0, 0, -1, 0, 1, 0, 0, 1, 0, -1, 0, 0, 
          0, 0, 0, 0, 0, 0, 1, 0 ], 
      [ 0, -1, 1, 0, 1, 0, 0, 1, 1, 0, 1, 0, 0, 1, 0, -1, 0, 0, -1, 0, 0, 0, 
          0, 0, 0, -1, 0, 0, 0 ], 
      [ 0, 1, 0, -1, 1, 0, -1, 0, 0, 1, -1, 0, 1, 0, 0, 0, 0, 0, 0, 1, 0, 
          -1, 0, 0, 1, 0, 0, 0, 0 ], 
      [ 0, -1, 1, 1, 0, 0, 0, 1, 1, 1, 0, 0, 0, 1, -1, 0, 0, 0, -1, 0, 0, 0, 
          -1, 0, 0, 0, 0, 0, 0 ], 
      [ 0, 0, 0, 0, 0, 0, 0, 0, 0, 0, 0, 0, 0, 0, -1, 1, 1, 0, 1, 1, 1, 0, 
          1, -1, 0, -1, 0, -1, 0 ], 
      [ 0, 1, 1, 0, 1, 0, 0, -1, -1, 0, -1, 0, 0, 1, 0, -1, 0, 0, 1, 0, 0, 
          0, 0, 0, 0, 1, 0, 0, 0 ], 
      [ 0, 0, 0, 0, 0, 0, 0, 0, 1, 1, -1, -1, 0, 0, -1, 1, 1, 0, 0, 1, 1, 0, 
          0, -1, 0, 0, 0, 0, 0 ], 
      [ 0, 1, 1, 1, 0, 0, 0, -1, -1, -1, 0, 0, 0, 1, -1, 0, 0, 0, 1, 0, 0, 
          0, 1, 0, 0, 0, 0, 0, 0 ], 
      [ 0, 1, 1, 0, 1, 0, -1, 0, -1, 0, -1, 0, 1, 0, 0, -1, 0, 1, 0, 0, 0, 
          0, 0, 0, 1, 0, 0, 0, 0 ], 
      [ 0, 0, 0, -1, 1, 0, -1, 1, 0, 0, 0, 0, 0, 0, 0, 0, 0, 0, 0, 1, 0, -1, 
          1, 0, 1, -1, 0, 0, 1 ], 
      [ 0, 0, 0, 0, 0, 0, 0, 0, 2, 2, 0, -2, 2, 2, -1, 0, 1, -1, -1, 0, 1, 
          -1, -1, 0, 0, 0, 1, 1, -1 ], 
      [ 0, 2, 0, -1, 1, 0, -1, -1, 0, 2, -2, 0, 2, 2, 0, 0, 0, 0, 0, 1, 0, 
          -1, -1, 0, 1, 1, 0, 0, -1 ], 
      [ 0, -1, 0, -1, 1, 0, -1, 2, 0, -1, 1, 0, -1, 2, 0, 0, 0, 0, 0, 1, 0, 
          -1, 2, 0, 1, -2, 0, 0, 2 ], 
      [ 0, 0, 0, 0, 0, 0, 0, 0, -1, -1, 0, 1, -1, 2, -1, 0, 1, -1, 2, 0, 1, 
          -1, 2, 0, 0, 0, 1, -2, 2 ], 
      [ 0, 2, 0, 0, 1, 1, -1, -1, 0, 0, -2, -2, 2, 2, 0, 0, 0, 0, 0, 0, 0, 
          0, 0, -1, 1, 1, 1, 1, -1 ], 
      [ 0, 1, 1, 1, 0, -1, 0, -2, -1, -1, 0, 1, 0, 2, -1, 0, 1, 0, 2, 0, 1, 
          0, 2, 0, 0, 0, 0, -2, 0 ], 
      [ 0, 0, 0, 0, 0, 0, 0, 0, 0, 2, -2, -2, 2, 2, 0, 0, 0, 0, 0, 1, 1, -1, 
          -1, -1, 1, 1, 1, 1, -1 ], 
      [ 0, 2, 0, -1, 1, 1, -1, 0, 0, 2, -2, -2, 2, 0, 0, 0, 0, 0, 0, 1, 1, 
          -1, 0, -1, 1, 0, 1, 0, 0 ], 
      [ 0, 2, 1, 0, 1, 0, -1, -1, -2, 0, -2, 0, 2, 2, 0, -1, 0, 1, 1, 0, 0, 
          0, 0, 0, 1, 1, 0, 0, -1 ], 
      [ 0, 0, 0, -1, 1, 1, -1, 2, 0, 0, 0, 0, 0, 0, 0, 0, 0, 0, 0, 1, 1, -1, 
          2, -1, 1, -2, 1, -2, 2 ], 
      [ 0, -1, 0, 0, 1, 1, -1, 2, 0, 0, 1, 1, -1, 2, 0, 0, 0, 0, 0, 0, 0, 0, 
          0, -1, 1, -2, 1, -2, 2 ], 
      [ 0, 0, 0, 0, 0, 0, 0, 0, 0, -1, 1, 1, -1, 2, 0, 0, 0, 0, 0, 1, 1, -1, 
          2, -1, 1, -2, 1, -2, 2 ], 
      [ 0, -2, 1, 1, 0, -1, 0, 1, 2, 2, 0, -2, 0, 2, -1, 0, 1, 0, -1, 0, 1, 
          0, -1, 0, 0, 0, 0, 1, 0 ], 
      [ 0, 0, 0, 0, 0, 0, 0, 0, -1, -1, 1, 1, 0, 2, -1, 1, 1, 0, 2, 1, 1, 0, 
          2, -1, 0, -2, 0, -2, 0 ], 
      [ 0, 0, 0, 0, 0, 0, 0, 0, 2, 2, -2, -2, 2, 0, -1, 1, 1, -1, 0, 1, 1, 
          -1, 0, -1, 1, 0, 1, 0, 0 ], 
      [ 0, 0, 0, 0, 0, 0, 0, 0, 2, 2, -2, -2, 0, 2, -1, 1, 1, 0, -1, 1, 1, 
          0, -1, -1, 0, 1, 0, 1, 0 ], 
      [ 0, 0, 0, 0, 0, 0, 0, 0, 0, 0, 0, 0, 0, 0, -1, 1, 1, -1, 2, 1, 1, -1, 
          2, -1, 1, -2, 1, -2, 2 ], 
      [ 0, -1, 1, 0, 1, 0, -1, 2, 1, 0, 1, 0, -1, 2, 0, -1, 0, 1, -2, 0, 0, 
          0, 0, 0, 1, -2, 0, 0, 2 ], 
      [ 0, 1, 0, -1, 1, 1, -1, 1, 0, 1, -1, -1, 1, -1, 0, 0, 0, 0, 0, 1, 1, 
          -1, 1, -1, 1, -1, 1, -1, 1 ], 
      [ 0, 0, 0, 0, 0, 0, 0, 0, 1, 1, -1, -1, 1, -1, -1, 1, 1, -1, 1, 1, 1, 
          -1, 1, -1, 1, -1, 1, -1, 1 ], 
      [ 0, 3, 0, -1, 1, 1, -1, -1, 0, 3, -3, -3, 3, 3, 0, 0, 0, 0, 0, 1, 1, 
          -1, -1, -1, 1, 1, 1, 1, -1 ], 
      [ 0, 0, 0, 0, 0, 0, 0, 0, 3, 3, -3, -3, 3, 3, -1, 1, 1, -1, -1, 1, 1, 
          -1, -1, -1, 1, 1, 1, 1, -1 ], 
      [ 0, -1, 0, -1, 1, 1, -1, 3, 0, -1, 1, 1, -1, 3, 0, 0, 0, 0, 0, 1, 1, 
          -1, 3, -1, 1, -3, 1, -3, 3 ], 
      [ 0, 0, 0, 0, 0, 0, 0, 0, -1, -1, 1, 1, -1, 3, -1, 1, 1, -1, 3, 1, 1, 
          -1, 3, -1, 1, -3, 1, -3, 3 ] ],
  ListIncidentSymbol := 
   [ [ 1, -1, 0, 0, 0, 0, 0, 1 ], [ 0, -1, 0, 0, 0, 0, 1, 1 ], 
      [ 0, 0, 0, 1, 0, 0, 1, -1 ], [ 0, 1, 0, 0, 0, 1, -1, 0 ], 
      [ 1, -1, 0, 0, 0, 0, 1, 0 ], [ 0, -1, 0, 0, 0, 1, 0, 1 ], 
      [ -1, 0, 0, 0, 1, 0, 0, 1 ], [ 1, 0, -1, 0, 0, 0, 1, 0 ], 
      [ 0, -1, 0, 0, 1, 0, 0, 1 ], [ 0, 1, 0, 0, 0, 0, 1, -1 ], 
      [ 0, -1, 1, 0, 0, 0, 0, 1 ], [ 1, 0, -1, 0, 0, 1, 0, 0 ], 
      [ 0, -1, 0, 1, 0, 0, 0, 1 ], [ 1, 0, 0, 0, 0, 0, 1, -1 ], 
      [ 0, -1, 1, 1, 0, 0, 0, 0 ], [ 0, 1, -1, 0, 0, 1, 0, 0 ], 
      [ -1, 1, 0, 0, 1, 0, 0, 0 ], [ 0, 1, 0, -1, 1, 0, 0, 0 ], 
      [ -1, 0, 1, 1, 0, 0, 0, 0 ], [ 0, 0, 0, 0, 0, 1, -1, 1 ], 
      [ 0, 0, 0, -1, 1, 0, 0, 1 ], [ 0, -1, 0, 1, 0, 0, 1, 0 ], 
      [ -1, 0, 1, 0, 1, 0, 0, 0 ], [ 0, 1, 0, 0, 0, 1, 0, -1 ], 
      [ 1, 1, 0, 0, 0, 0, 0, -1 ], [ 0, 0, -1, 0, 0, 1, 0, 1 ], 
      [ 0, 1, 0, 0, 1, 0, 0, -1 ], [ 0, 0, 1, 1, 0, 0, 0, -1 ], 
      [ 0, 1, 0, 1, 0, 0, 0, -1 ], [ 0, 1, 1, 0, 0, 0, 0, -1 ], 
      [ 1, -1, -1, 0, 0, 0, 1, 1 ], [ 1, -1, -1, 0, 0, 1, 0, 1 ], 
      [ 1, 0, -1, -1, 0, 1, 0, 1 ], [ 1, 1, -1, -1, 0, 1, 0, 0 ], 
      [ -1, 0, 0, 0, 1, 1, -1, 1 ], [ 0, 1, 0, -1, 1, 1, -1, 0 ], 
      [ 0, -1, 1, 1, 0, -1, 1, 0 ], [ -1, 1, 0, 0, 1, 1, -1, 0 ], 
      [ 0, 0, 1, 1, 0, -1, 1, -1 ], [ 0, 0, 0, -1, 1, 1, -1, 1 ], 
      [ 1, 1, -1, 0, 0, 0, 1, -1 ], [ -1, 0, 1, 0, 1, 0, -1, 1 ], 
      [ 1, 1, -1, 0, 0, 1, 0, -1 ], [ -1, -1, 1, 0, 1, 0, 0, 1 ], 
      [ 1, -1, 0, 1, -1, 0, 1, 0 ], [ -1, -1, 1, 1, 0, 0, 0, 1 ], 
      [ 0, 0, -1, -1, 1, 1, 0, 1 ], [ -1, 1, 1, 0, 1, 0, 0, -1 ], 
      [ 0, 1, -1, -1, 1, 1, 0, 0 ], [ -1, 1, 1, 1, 0, 0, 0, -1 ], 
      [ -1, 1, 1, 0, 1, 0, -1, 0 ], [ 1, 0, 0, 1, -1, 0, 1, -1 ], 
      [ 0, -2, 1, 1, 0, -1, 1, 1 ], [ 1, -2, 0, 1, -1, 0, 1, 1 ], 
      [ 1, 1, 0, 1, -1, 0, 1, -2 ], [ 0, 1, 1, 1, 0, -1, 1, -2 ], 
      [ -1, 2, 0, 0, 1, 1, -1, -1 ], [ 1, -1, -1, -1, 0, 1, 0, 2 ], 
      [ 0, 2, 0, -1, 1, 1, -1, -1 ], [ -1, 2, 0, -1, 1, 1, -1, 0 ], 
      [ -1, 2, 1, 0, 1, 0, -1, -1 ], [ -1, 0, 0, -1, 1, 1, -1, 2 ], 
      [ -1, -1, 0, 0, 1, 1, -1, 2 ], [ 0, -1, 0, -1, 1, 1, -1, 2 ], 
      [ 1, 2, -1, -1, 0, 1, 0, -1 ], [ 0, -1, -1, -1, 1, 1, 0, 2 ], 
      [ 0, 2, -1, -1, 1, 1, -1, 0 ], [ 0, 2, -1, -1, 1, 1, 0, -1 ], 
      [ 0, 0, -1, -1, 1, 1, -1, 2 ], [ -1, -1, 1, 0, 1, 0, -1, 2 ], 
      [ -1, 1, 0, -1, 1, 1, -1, 1 ], [ 0, 1, -1, -1, 1, 1, -1, 1 ], 
      [ -1, 3, 0, -1, 1, 1, -1, -1 ], [ 0, 3, -1, -1, 1, 1, -1, -1 ], 
      [ -1, -1, 0, -1, 1, 1, -1, 3 ], [ 0, -1, -1, -1, 1, 1, -1, 3 ] ],
  ListAdjacent := [ rec(
          DistVect := [ 0, 0, 0, 0, 1, 0, 0, 0, 0, 0, 1, 0, 0, 0, 0, 1, 0, 
              0, 0, 1, 0, 0, 0, 1, 1, 1, 0, 0, 0 ],
          eAdj := [ 1, 2, 3, 4, 5, 6, 7, 8, 9, 10, 11, 12, 13, 14, 15, 16, 
              17, 18, 19, 20, 21, 22, 23, 24, 25, 26, 27, 28, 29, 30, 31, 
              32, 33, 34, 35, 36, 37, 38, 39, 40, 41, 42, 43, 44, 46, 47, 
              48, 49, 50, 51, 53, 56, 57, 58, 59, 60, 61, 62, 63, 64, 65, 
              66, 67, 68, 69, 70, 71, 72, 73, 74, 75, 76 ] ), rec(
          DistVect := [ 0, 0, 1, 0, 1, 1, 1, 0, 1, 0, 1, 1, 1, 0, 1, 0, 0, 
              0, 1, 1, 1, 1, 0, 0, 0, 1, 0, 1, 1 ],
          eAdj := [ 1, 2, 3, 4, 5, 6, 7, 8, 9, 10, 11, 12, 13, 14, 15, 16, 
              17, 18, 19, 20, 21, 22, 24, 25, 26, 27, 28, 29, 30, 31, 32, 
              33, 34, 35, 36, 37, 38, 39, 40, 41, 42, 43, 45, 46, 47, 49, 
              50, 51, 52, 53, 54, 55, 56, 57, 58, 59, 60, 61, 62, 63, 64, 
              65, 66, 67, 68, 69, 70, 71, 72, 73, 74, 75, 76 ] ), rec(
          DistVect := [ 0, 0, 1, 0, 0, 1, 0, 0, 1, 0, 0, 1, 0, 0, 1, 1, 0, 
              1, 1, 0, 1, 0, 0, 1, 0, 0, 1, 1, 0 ],
          eAdj := [ 1, 2, 3, 4, 5, 6, 7, 9, 10, 11, 12, 13, 14, 15, 16, 17, 
              18, 19, 20, 21, 22, 23, 24, 25, 26, 27, 28, 29, 30, 32, 33, 
              34, 35, 36, 37, 38, 39, 40, 42, 43, 44, 45, 46, 47, 48, 49, 
              50, 51, 52, 53, 54, 55, 56, 57, 58, 59, 60, 61, 62, 63, 64, 
              65, 66, 67, 68, 69, 70, 71, 72, 73, 74, 75, 76 ] ), rec(
          DistVect := [ 0, 0, 0, 1, 1, 0, 0, 0, 0, 1, 1, 0, 0, 0, 1, 1, 0, 
              0, 0, 0, 1, 1, 1, 1, 1, 1, 0, 0, 0 ],
          eAdj := [ 1, 2, 3, 4, 5, 6, 7, 8, 9, 10, 11, 12, 13, 14, 15, 16, 
              17, 18, 19, 20, 21, 22, 23, 24, 25, 26, 27, 28, 29, 30, 31, 
              32, 35, 36, 37, 38, 39, 40, 41, 42, 43, 44, 45, 46, 47, 48, 
              49, 50, 51, 52, 53, 54, 55, 56, 57, 59, 60, 61, 62, 63, 64, 
              66, 67, 68, 69, 70, 71, 72, 73, 74, 75, 76 ] ), rec(
          DistVect := [ 0, 0, 0, 1, 1, 1, 1, 0, 0, 1, 1, 1, 1, 0, 1, 1, 1, 
              1, 0, 0, 0, 0, 1, 0, 0, 1, 0, 1, 1 ],
          eAdj := [ 1, 2, 4, 5, 6, 7, 8, 9, 10, 11, 12, 13, 14, 15, 16, 17, 
              18, 19, 20, 21, 23, 24, 25, 26, 27, 28, 29, 30, 31, 32, 33, 
              34, 35, 36, 37, 38, 39, 40, 41, 42, 43, 44, 45, 46, 47, 48, 
              49, 50, 51, 52, 53, 54, 55, 56, 57, 58, 59, 60, 61, 62, 63, 
              64, 65, 66, 67, 68, 69, 70, 71, 72, 73, 74, 75, 76 ] ), rec(
          DistVect := [ 0, 0, 0, 1, 0, 1, 0, 0, 0, 1, 0, 1, 0, 0, 1, 0, 1, 
              0, 0, 1, 0, 1, 1, 1, 0, 0, 1, 1, 0 ],
          eAdj := [ 1, 2, 3, 4, 5, 6, 7, 8, 9, 10, 11, 12, 13, 14, 15, 16, 
              17, 19, 20, 22, 23, 24, 25, 26, 27, 28, 29, 30, 31, 32, 33, 
              34, 35, 36, 37, 38, 39, 40, 41, 42, 43, 44, 45, 46, 47, 48, 
              49, 50, 51, 52, 53, 54, 55, 56, 57, 58, 59, 60, 61, 62, 63, 
              64, 65, 66, 67, 68, 69, 70, 71, 72, 73, 74, 75, 76 ] ), rec(
          DistVect := [ 0, 1, 0, 0, 0, 0, 1, 1, 1, 1, 1, 1, 0, 0, 0, 0, 0, 
              1, 1, 0, 0, 1, 1, 0, 1, 1, 1, 1, 0 ],
          eAdj := [ 1, 2, 3, 4, 5, 6, 7, 8, 9, 10, 11, 12, 13, 14, 16, 17, 
              18, 19, 20, 21, 22, 23, 24, 25, 26, 27, 29, 30, 31, 32, 33, 
              34, 35, 36, 37, 38, 39, 40, 41, 42, 43, 44, 45, 46, 47, 48, 
              49, 50, 51, 52, 53, 54, 55, 56, 57, 58, 59, 60, 61, 62, 63, 
              64, 65, 66, 67, 68, 69, 70, 71, 72, 73, 74, 75, 76 ] ), rec(
          DistVect := [ 0, 1, 0, 1, 0, 1, 1, 1, 1, 0, 1, 0, 0, 0, 1, 0, 1, 
              1, 1, 1, 0, 0, 0, 1, 1, 1, 0, 0, 0 ],
          eAdj := [ 1, 2, 3, 4, 5, 6, 7, 8, 9, 10, 11, 12, 13, 14, 15, 17, 
              18, 19, 20, 21, 22, 23, 24, 25, 27, 28, 29, 30, 31, 32, 33, 
              34, 35, 36, 37, 38, 39, 40, 41, 42, 43, 44, 45, 46, 47, 48, 
              49, 50, 51, 52, 53, 54, 55, 56, 57, 58, 59, 60, 61, 62, 63, 
              64, 65, 66, 67, 68, 69, 70, 71, 72, 73, 74, 75, 76 ] ), rec(
          DistVect := [ 0, 1, 2, 1, 1, 2, 2, 2, 2, 1, 2, 2, 1, 1, 2, 2, 1, 
              2, 1, 1, 2, 2, 1, 2, 2, 2, 1, 2, 2 ],
          eAdj := [ 1, 2, 4, 5, 17, 18, 21, 22, 26, 28, 30, 31, 32, 33, 36, 
              37, 38, 39, 45, 47, 48, 50, 54, 57, 58, 60, 61, 72 ] ), rec(
          DistVect := [ 0, 4, 7, 4, 4, 8, 8, 7, 7, 4, 8, 8, 4, 3, 9, 7, 3, 
              3, 4, 4, 8, 8, 5, 8, 8, 7, 4, 7, 3 ],
          eAdj := [ 1, 3, 4, 5, 17, 18, 20, 22, 26, 28, 30, 31, 32, 33, 36, 
              38, 39, 45, 47, 48, 49, 50, 51, 60, 61, 72 ] ), rec(
          DistVect := [ 0, 4, 7, 5, 3, 7, 7, 7, 7, 5, 7, 7, 3, 3, 8, 8, 4, 
              4, 4, 4, 8, 8, 4, 8, 8, 8, 4, 8, 4 ],
          eAdj := [ 1, 3, 4, 5, 17, 20, 21, 22, 26, 28, 30, 31, 32, 38, 39, 
              40, 45, 47, 48, 50, 51, 58, 61, 66, 69, 71 ] ), rec(
          DistVect := [ 0, 4, 5, 4, 5, 5, 7, 7, 5, 4, 9, 5, 3, 3, 9, 8, 4, 
              4, 4, 5, 5, 7, 7, 8, 8, 8, 4, 8, 4 ],
          eAdj := [ 1, 5, 6, 13, 15, 17, 18, 19, 20, 22, 26, 31, 32, 33, 36, 
              37, 38, 39, 47, 48, 49, 51, 54, 60, 61, 72 ] ), rec(
          DistVect := [ 0, 4, 5, 7, 5, 5, 7, 7, 5, 7, 9, 5, 3, 3, 8, 8, 4, 
              4, 4, 4, 8, 8, 4, 8, 8, 8, 4, 8, 4 ],
          eAdj := [ 1, 3, 5, 6, 17, 20, 21, 26, 28, 29, 31, 32, 38, 39, 40, 
              45, 47, 48, 50, 51, 56, 58, 61, 66, 69, 71 ] ), rec(
          DistVect := [ 0, 4, 5, 5, 5, 5, 7, 7, 5, 5, 9, 5, 3, 3, 8, 8, 4, 
              4, 4, 4, 8, 8, 4, 8, 8, 8, 4, 8, 4 ],
          eAdj := [ 1, 3, 5, 6, 17, 18, 20, 21, 22, 26, 28, 31, 32, 38, 39, 
              40, 45, 47, 48, 50, 51, 58, 61, 69, 71, 72 ] ), rec(
          DistVect := [ 0, 4, 5, 5, 3, 5, 7, 7, 5, 5, 7, 5, 3, 3, 8, 8, 4, 
              4, 4, 4, 8, 8, 4, 8, 8, 8, 4, 8, 4 ],
          eAdj := [ 1, 3, 5, 6, 17, 20, 21, 22, 23, 26, 28, 31, 32, 35, 38, 
              39, 40, 45, 47, 48, 50, 51, 58, 66, 69, 71 ] ), rec(
          DistVect := [ 0, 4, 4, 4, 4, 7, 8, 5, 4, 4, 8, 5, 4, 3, 8, 8, 5, 
              4, 3, 4, 7, 8, 5, 9, 8, 7, 3, 8, 5 ],
          eAdj := [ 5, 6, 8, 15, 17, 18, 19, 20, 22, 23, 26, 28, 31, 32, 33, 
              35, 36, 38, 39, 40, 45, 47, 48, 51, 71, 72 ] ), rec(
          DistVect := [ 0, 4, 4, 4, 4, 7, 8, 5, 4, 4, 8, 5, 4, 3, 8, 8, 5, 
              4, 3, 4, 5, 8, 7, 9, 8, 7, 5, 8, 3 ],
          eAdj := [ 5, 6, 8, 13, 14, 15, 17, 18, 19, 20, 22, 23, 26, 32, 33, 
              35, 36, 39, 40, 45, 47, 48, 49, 51, 71, 72 ] ), rec(
          DistVect := [ 0, 4, 4, 4, 4, 5, 8, 7, 4, 4, 8, 5, 4, 3, 8, 8, 5, 
              4, 3, 4, 5, 8, 7, 7, 8, 9, 5, 8, 3 ],
          eAdj := [ 1, 5, 6, 8, 13, 15, 17, 18, 19, 20, 22, 23, 26, 31, 32, 
              33, 35, 39, 40, 45, 47, 48, 51, 69, 71, 72 ] ), rec(
          DistVect := [ 0, 4, 4, 4, 4, 5, 8, 7, 4, 4, 8, 5, 4, 3, 8, 8, 3, 
              4, 5, 4, 5, 8, 7, 7, 8, 9, 5, 8, 3 ],
          eAdj := [ 1, 5, 6, 8, 13, 15, 17, 18, 19, 20, 22, 23, 26, 32, 33, 
              35, 37, 39, 40, 42, 45, 47, 49, 51, 71, 72 ] ), rec(
          DistVect := [ 0, 4, 3, 4, 5, 5, 7, 7, 3, 4, 9, 5, 3, 3, 7, 8, 4, 
              4, 4, 5, 5, 7, 7, 8, 8, 8, 4, 8, 4 ],
          eAdj := [ 1, 5, 6, 8, 13, 15, 17, 18, 19, 20, 22, 23, 26, 31, 32, 
              33, 36, 37, 38, 48, 49, 51, 54, 60, 67, 72 ] ), rec(
          DistVect := [ 0, 4, 4, 4, 4, 5, 8, 7, 4, 4, 8, 5, 4, 3, 8, 8, 3, 
              4, 5, 4, 7, 8, 5, 7, 8, 9, 3, 8, 5 ],
          eAdj := [ 1, 5, 6, 8, 15, 17, 18, 19, 20, 21, 22, 23, 26, 31, 32, 
              33, 35, 37, 38, 39, 40, 45, 47, 51, 71, 72 ] ), rec(
          DistVect := [ 0, 4, 4, 5, 4, 7, 8, 5, 4, 7, 8, 5, 4, 3, 7, 8, 5, 
              4, 3, 3, 8, 7, 4, 9, 8, 7, 5, 8, 3 ],
          eAdj := [ 3, 5, 6, 8, 14, 17, 20, 21, 23, 26, 28, 29, 32, 35, 40, 
              47, 48, 50, 51, 52, 56, 58, 62, 64, 66, 69 ] ), rec(
          DistVect := [ 0, 4, 4, 4, 4, 7, 8, 5, 4, 4, 8, 5, 4, 3, 8, 8, 5, 
              4, 3, 4, 7, 8, 5, 9, 8, 7, 5, 8, 3 ],
          eAdj := [ 3, 5, 6, 8, 14, 15, 17, 18, 19, 20, 22, 23, 26, 28, 32, 
              33, 35, 39, 40, 45, 47, 48, 51, 69, 71, 72 ] ), rec(
          DistVect := [ 0, 4, 5, 5, 5, 5, 9, 7, 5, 5, 9, 5, 5, 3, 8, 8, 4, 
              4, 4, 4, 8, 8, 4, 8, 8, 8, 4, 8, 4 ],
          eAdj := [ 1, 3, 5, 6, 8, 17, 18, 20, 21, 26, 28, 31, 32, 35, 38, 
              39, 40, 45, 47, 48, 50, 51, 56, 58, 69, 71 ] ), rec(
          DistVect := [ 0, 4, 4, 7, 4, 5, 8, 7, 4, 7, 8, 5, 4, 3, 9, 8, 3, 
              4, 5, 5, 8, 7, 4, 7, 8, 9, 5, 8, 3 ],
          eAdj := [ 1, 3, 5, 6, 8, 17, 20, 21, 23, 26, 28, 29, 32, 35, 39, 
              42, 47, 50, 51, 52, 56, 58, 62, 64, 66, 69 ] ), rec(
          DistVect := [ 0, 4, 4, 7, 4, 5, 8, 7, 4, 7, 8, 5, 4, 3, 7, 8, 5, 
              4, 3, 5, 8, 7, 4, 7, 8, 9, 5, 8, 3 ],
          eAdj := [ 1, 3, 5, 6, 8, 17, 20, 21, 23, 26, 28, 29, 31, 32, 35, 
              48, 50, 51, 52, 56, 58, 62, 64, 66, 69, 76 ] ), rec(
          DistVect := [ 0, 4, 3, 7, 5, 5, 7, 7, 3, 7, 9, 5, 3, 3, 8, 8, 4, 
              4, 4, 4, 8, 8, 4, 8, 8, 8, 4, 8, 4 ],
          eAdj := [ 1, 3, 5, 6, 8, 17, 20, 21, 23, 26, 28, 29, 31, 32, 38, 
              39, 40, 45, 47, 48, 50, 51, 58, 69, 71, 72 ] ), rec(
          DistVect := [ 0, 4, 4, 4, 4, 5, 8, 7, 4, 4, 8, 5, 4, 3, 8, 8, 3, 
              4, 5, 4, 7, 8, 5, 9, 8, 7, 5, 8, 3 ],
          eAdj := [ 1, 3, 5, 6, 8, 15, 17, 18, 19, 20, 22, 23, 26, 32, 33, 
              35, 38, 39, 40, 45, 47, 48, 49, 51, 71, 72 ] ), rec(
          DistVect := [ 0, 4, 4, 4, 4, 5, 8, 7, 4, 4, 8, 5, 4, 3, 8, 8, 3, 
              4, 5, 4, 7, 8, 5, 7, 8, 9, 5, 8, 3 ],
          eAdj := [ 1, 3, 5, 6, 8, 15, 17, 18, 19, 20, 21, 22, 23, 26, 32, 
              33, 35, 39, 40, 42, 45, 47, 51, 69, 71, 72 ] ), rec(
          DistVect := [ 0, 5, 4, 5, 4, 7, 8, 4, 3, 4, 9, 8, 5, 3, 7, 8, 5, 
              4, 4, 5, 8, 9, 7, 7, 8, 8, 3, 5, 4 ],
          eAdj := [ 4, 7, 8, 13, 14, 15, 16, 17, 18, 22, 23, 24, 36, 37, 38, 
              41, 42, 43, 45, 46, 53, 59, 60, 65, 67, 68 ] ), rec(
          DistVect := [ 0, 5, 4, 4, 4, 7, 8, 4, 3, 7, 9, 8, 5, 3, 8, 8, 5, 
              4, 4, 4, 5, 8, 4, 7, 8, 8, 3, 5, 4 ],
          eAdj := [ 3, 4, 7, 8, 14, 16, 17, 19, 21, 23, 24, 28, 29, 34, 36, 
              37, 38, 39, 40, 41, 42, 43, 49, 52, 71, 72 ] ), rec(
          DistVect := [ 0, 5, 4, 4, 4, 7, 8, 4, 3, 5, 9, 8, 5, 3, 8, 8, 5, 
              4, 4, 4, 7, 8, 4, 7, 8, 8, 3, 5, 4 ],
          eAdj := [ 3, 4, 7, 8, 14, 15, 16, 17, 18, 19, 21, 23, 24, 28, 34, 
              36, 37, 38, 41, 42, 43, 49, 52, 67, 71, 72 ] ), rec(
          DistVect := [ 0, 5, 4, 5, 4, 7, 8, 4, 3, 4, 9, 8, 3, 3, 7, 8, 5, 
              4, 4, 5, 8, 7, 7, 7, 8, 8, 5, 5, 4 ],
          eAdj := [ 4, 5, 7, 8, 13, 14, 15, 16, 17, 18, 22, 23, 24, 38, 42, 
              43, 45, 46, 51, 53, 59, 60, 65, 67, 68, 74 ] ), rec(
          DistVect := [ 0, 5, 4, 4, 4, 7, 8, 4, 3, 7, 9, 8, 3, 3, 8, 8, 5, 
              4, 4, 4, 5, 8, 4, 7, 8, 8, 5, 5, 4 ],
          eAdj := [ 3, 4, 5, 7, 8, 14, 16, 17, 19, 21, 23, 24, 28, 29, 34, 
              36, 37, 38, 42, 43, 49, 51, 52, 67, 71, 72 ] ), rec(
          DistVect := [ 0, 1, 1, 1, 1, 2, 2, 1, 2, 1, 2, 2, 2, 1, 2, 1, 2, 
              1, 1, 1, 2, 2, 1, 2, 1, 1, 2, 3, 1 ],
          eAdj := [ 3, 6, 8, 10, 14, 17, 18, 19, 20, 26, 27, 28, 30, 32, 33, 
              35, 40, 45, 47, 48, 50, 51, 52, 56, 58, 62, 69, 71 ] ), rec(
          DistVect := [ 0, 1, 1, 1, 1, 2, 2, 1, 2, 1, 1, 2, 2, 1, 2, 2, 2, 
              1, 1, 1, 2, 2, 1, 1, 2, 2, 2, 3, 1 ],
          eAdj := [ 3, 6, 7, 8, 9, 10, 14, 19, 20, 21, 23, 26, 28, 30, 32, 
              33, 42, 50, 52, 55, 56, 58, 62, 63, 64, 66, 75, 76 ] ), rec(
          DistVect := [ 0, 4, 5, 4, 4, 8, 8, 5, 7, 4, 8, 8, 4, 3, 9, 7, 3, 
              5, 4, 4, 8, 8, 5, 8, 8, 7, 4, 7, 5 ],
          eAdj := [ 4, 5, 12, 17, 18, 19, 22, 26, 28, 30, 31, 32, 33, 36, 
              37, 38, 39, 45, 47, 48, 49, 50, 51, 60, 61, 72 ] ), rec(
          DistVect := [ 0, 4, 5, 4, 5, 8, 7, 7, 5, 4, 9, 8, 3, 3, 9, 8, 3, 
              4, 4, 5, 8, 7, 7, 7, 8, 8, 5, 5, 4 ],
          eAdj := [ 1, 4, 5, 12, 13, 15, 16, 17, 18, 19, 22, 24, 31, 34, 37, 
              48, 49, 51, 53, 54, 57, 59, 61, 67, 68, 73 ] ), rec(
          DistVect := [ 0, 4, 5, 4, 4, 8, 8, 5, 7, 4, 8, 8, 4, 3, 7, 7, 3, 
              7, 4, 4, 8, 8, 3, 8, 8, 7, 4, 7, 7 ],
          eAdj := [ 2, 4, 5, 12, 17, 18, 21, 22, 26, 28, 30, 31, 32, 33, 36, 
              37, 38, 39, 45, 47, 48, 50, 57, 60, 61, 72 ] ), rec(
          DistVect := [ 0, 4, 5, 4, 4, 8, 8, 5, 7, 4, 8, 8, 4, 3, 7, 7, 3, 
              5, 4, 4, 8, 8, 3, 8, 8, 7, 4, 7, 5 ],
          eAdj := [ 3, 4, 5, 12, 17, 18, 21, 22, 26, 28, 30, 31, 32, 33, 36, 
              38, 39, 45, 47, 48, 50, 51, 60, 61, 71, 72 ] ), rec(
          DistVect := [ 0, 4, 5, 7, 5, 8, 7, 7, 5, 7, 9, 8, 3, 3, 8, 8, 3, 
              4, 4, 4, 5, 8, 4, 7, 8, 8, 5, 5, 4 ],
          eAdj := [ 1, 3, 4, 5, 12, 16, 17, 21, 24, 28, 29, 31, 33, 36, 37, 
              39, 45, 47, 48, 49, 50, 51, 57, 60, 61, 72 ] ), rec(
          DistVect := [ 0, 4, 5, 5, 5, 8, 7, 7, 5, 5, 9, 8, 3, 3, 8, 8, 3, 
              4, 4, 4, 7, 8, 4, 7, 8, 8, 5, 5, 4 ],
          eAdj := [ 1, 3, 4, 5, 12, 16, 17, 18, 21, 22, 24, 28, 31, 33, 36, 
              37, 45, 48, 49, 50, 51, 57, 60, 61, 67, 72 ] ), rec(
          DistVect := [ 0, 4, 5, 5, 3, 8, 7, 7, 5, 5, 7, 8, 3, 3, 8, 8, 3, 
              4, 4, 4, 7, 8, 4, 9, 8, 8, 5, 5, 4 ],
          eAdj := [ 1, 3, 4, 5, 12, 16, 17, 21, 22, 23, 24, 28, 31, 33, 36, 
              37, 38, 45, 47, 48, 49, 50, 51, 57, 60, 72 ] ), rec(
          DistVect := [ 0, 3, 4, 4, 4, 8, 7, 4, 5, 5, 7, 7, 4, 3, 8, 8, 4, 
              5, 4, 4, 8, 9, 4, 8, 7, 8, 3, 8, 7 ],
          eAdj := [ 2, 4, 5, 7, 12, 17, 19, 21, 22, 23, 26, 28, 31, 32, 33, 
              36, 37, 38, 39, 40, 45, 47, 50, 51, 71, 72 ] ), rec(
          DistVect := [ 0, 5, 4, 4, 4, 8, 9, 4, 7, 3, 7, 7, 4, 3, 8, 8, 4, 
              7, 4, 4, 8, 7, 4, 8, 7, 8, 3, 8, 7 ],
          eAdj := [ 2, 4, 5, 7, 12, 18, 19, 21, 22, 23, 26, 28, 30, 31, 32, 
              33, 35, 36, 37, 38, 39, 45, 47, 51, 71, 72 ] ), rec(
          DistVect := [ 0, 3, 4, 4, 4, 8, 7, 4, 5, 3, 7, 7, 4, 3, 8, 8, 4, 
              5, 4, 4, 8, 7, 4, 8, 7, 8, 3, 8, 7 ],
          eAdj := [ 2, 4, 5, 7, 12, 15, 17, 18, 19, 21, 22, 23, 26, 28, 31, 
              32, 33, 36, 37, 38, 45, 47, 51, 60, 71, 72 ] ), rec(
          DistVect := [ 0, 3, 4, 4, 5, 8, 8, 4, 3, 5, 8, 7, 5, 3, 8, 9, 4, 
              4, 4, 3, 8, 8, 4, 9, 7, 5, 4, 8, 4 ],
          eAdj := [ 3, 5, 8, 12, 14, 15, 16, 17, 18, 19, 20, 23, 26, 27, 28, 
              33, 36, 38, 39, 40, 45, 48, 49, 51, 71, 72 ] ), rec(
          DistVect := [ 0, 4, 4, 4, 4, 8, 8, 3, 4, 4, 8, 8, 4, 3, 8, 8, 4, 
              4, 5, 4, 8, 8, 5, 8, 8, 5, 4, 7, 5 ],
          eAdj := [ 4, 5, 8, 12, 14, 15, 16, 17, 18, 19, 22, 23, 27, 34, 36, 
              37, 38, 43, 45, 46, 49, 51, 59, 60, 67, 68 ] ), rec(
          DistVect := [ 0, 4, 4, 4, 4, 8, 8, 3, 4, 4, 8, 8, 4, 3, 8, 8, 4, 
              4, 3, 4, 8, 8, 5, 8, 8, 5, 4, 7, 5 ],
          eAdj := [ 4, 5, 8, 12, 14, 15, 16, 17, 18, 19, 22, 23, 26, 27, 28, 
              34, 36, 37, 38, 45, 48, 49, 51, 59, 60, 67 ] ), rec(
          DistVect := [ 0, 4, 4, 4, 4, 8, 8, 3, 4, 4, 8, 8, 4, 3, 8, 8, 4, 
              4, 5, 4, 8, 8, 5, 8, 8, 5, 4, 9, 5 ],
          eAdj := [ 4, 5, 8, 12, 14, 15, 16, 17, 18, 19, 20, 22, 23, 26, 27, 
              34, 36, 37, 38, 45, 46, 49, 51, 60, 67, 71 ] ), rec(
          DistVect := [ 0, 4, 4, 4, 4, 8, 8, 5, 4, 4, 8, 8, 4, 3, 8, 8, 4, 
              4, 5, 4, 8, 8, 7, 8, 8, 7, 4, 7, 3 ],
          eAdj := [ 4, 5, 8, 12, 13, 14, 15, 16, 17, 18, 19, 20, 22, 23, 34, 
              36, 37, 38, 42, 45, 46, 49, 51, 60, 67, 68 ] ), rec(
          DistVect := [ 0, 4, 4, 4, 4, 8, 8, 5, 4, 4, 8, 8, 4, 3, 8, 8, 4, 
              4, 3, 4, 8, 8, 7, 8, 8, 7, 4, 7, 3 ],
          eAdj := [ 4, 5, 8, 12, 13, 14, 15, 16, 17, 18, 19, 20, 22, 23, 26, 
              34, 36, 37, 38, 45, 48, 49, 51, 60, 67, 72 ] ), rec(
          DistVect := [ 0, 4, 4, 4, 4, 8, 8, 5, 4, 4, 8, 8, 4, 3, 8, 8, 4, 
              4, 5, 4, 8, 8, 5, 8, 8, 7, 4, 5, 5 ],
          eAdj := [ 4, 5, 8, 12, 15, 16, 17, 18, 19, 22, 23, 24, 34, 36, 37, 
              38, 43, 45, 49, 51, 53, 57, 59, 60, 67, 68 ] ), rec(
          DistVect := [ 0, 4, 4, 4, 4, 8, 8, 5, 4, 4, 8, 8, 4, 3, 8, 8, 4, 
              4, 3, 4, 8, 8, 7, 8, 8, 7, 4, 5, 3 ],
          eAdj := [ 4, 5, 8, 12, 13, 14, 15, 16, 17, 18, 19, 22, 23, 24, 34, 
              36, 37, 38, 45, 48, 49, 51, 59, 60, 67, 68 ] ), rec(
          DistVect := [ 0, 4, 3, 4, 5, 8, 7, 7, 3, 4, 9, 8, 3, 3, 7, 8, 5, 
              4, 4, 5, 8, 7, 7, 7, 8, 8, 5, 5, 4 ],
          eAdj := [ 1, 4, 5, 8, 12, 13, 15, 16, 17, 18, 19, 22, 23, 24, 31, 
              34, 48, 51, 53, 54, 57, 59, 67, 68, 73, 74 ] ), rec(
          DistVect := [ 0, 4, 4, 4, 4, 8, 8, 7, 4, 4, 8, 8, 4, 3, 8, 8, 4, 
              4, 5, 4, 8, 8, 7, 8, 8, 9, 4, 5, 3 ],
          eAdj := [ 1, 4, 5, 8, 12, 13, 15, 16, 17, 18, 19, 22, 23, 24, 34, 
              36, 37, 38, 42, 45, 49, 51, 53, 60, 67, 68 ] ), rec(
          DistVect := [ 0, 4, 4, 4, 4, 8, 8, 7, 4, 4, 8, 8, 4, 3, 8, 8, 4, 
              4, 3, 4, 8, 8, 7, 8, 8, 9, 4, 5, 3 ],
          eAdj := [ 1, 4, 5, 8, 12, 13, 15, 16, 17, 18, 19, 22, 23, 24, 31, 
              34, 36, 37, 38, 45, 48, 49, 51, 60, 67, 72 ] ), rec(
          DistVect := [ 0, 4, 4, 4, 4, 8, 8, 7, 4, 4, 8, 8, 4, 3, 8, 8, 4, 
              4, 5, 4, 8, 8, 5, 8, 8, 9, 4, 5, 5 ],
          eAdj := [ 1, 4, 5, 8, 12, 15, 16, 17, 18, 19, 21, 22, 23, 24, 31, 
              34, 36, 37, 38, 45, 49, 51, 53, 57, 60, 67 ] ), rec(
          DistVect := [ 0, 4, 4, 5, 4, 8, 8, 5, 4, 7, 8, 8, 4, 3, 9, 8, 4, 
              4, 5, 3, 7, 7, 4, 8, 8, 7, 4, 7, 3 ],
          eAdj := [ 3, 4, 5, 8, 12, 14, 16, 17, 19, 20, 21, 23, 28, 29, 33, 
              38, 39, 40, 42, 47, 49, 50, 51, 52, 71, 72 ] ), rec(
          DistVect := [ 0, 4, 4, 4, 4, 8, 8, 3, 4, 4, 8, 8, 4, 3, 8, 8, 4, 
              4, 5, 4, 8, 8, 3, 8, 8, 5, 4, 7, 5 ],
          eAdj := [ 3, 4, 5, 8, 12, 14, 15, 16, 17, 18, 19, 22, 23, 27, 28, 
              34, 36, 37, 38, 43, 45, 49, 51, 60, 67, 71 ] ), rec(
          DistVect := [ 0, 5, 4, 4, 3, 8, 8, 4, 5, 5, 8, 7, 3, 3, 8, 7, 4, 
              4, 4, 3, 8, 8, 4, 9, 9, 5, 4, 8, 4 ],
          eAdj := [ 3, 4, 5, 8, 12, 14, 17, 18, 19, 20, 22, 23, 26, 27, 28, 
              33, 36, 38, 39, 45, 47, 48, 49, 51, 71, 72 ] ), rec(
          DistVect := [ 0, 4, 4, 4, 4, 8, 8, 5, 4, 4, 8, 8, 4, 3, 8, 8, 4, 
              4, 5, 4, 8, 8, 5, 8, 8, 7, 4, 7, 3 ],
          eAdj := [ 3, 4, 5, 8, 12, 14, 15, 16, 17, 18, 19, 20, 22, 23, 34, 
              36, 37, 38, 42, 45, 49, 51, 60, 67, 71, 72 ] ), rec(
          DistVect := [ 0, 4, 4, 4, 4, 8, 8, 5, 4, 4, 8, 8, 4, 3, 8, 8, 4, 
              4, 5, 4, 8, 8, 5, 8, 8, 5, 4, 7, 3 ],
          eAdj := [ 3, 4, 5, 8, 12, 14, 15, 16, 17, 18, 19, 20, 22, 23, 27, 
              34, 36, 37, 38, 45, 48, 49, 51, 60, 67, 68 ] ), rec(
          DistVect := [ 0, 4, 4, 5, 4, 8, 8, 5, 4, 7, 8, 8, 4, 3, 7, 8, 4, 
              4, 3, 3, 5, 7, 4, 8, 8, 7, 4, 5, 3 ],
          eAdj := [ 3, 4, 5, 8, 12, 14, 16, 17, 21, 23, 24, 28, 29, 33, 36, 
              38, 39, 40, 47, 48, 49, 50, 51, 52, 71, 72 ] ), rec(
          DistVect := [ 0, 4, 4, 4, 4, 8, 8, 5, 4, 4, 8, 8, 4, 3, 8, 8, 4, 
              4, 5, 4, 8, 8, 5, 8, 8, 7, 4, 5, 3 ],
          eAdj := [ 3, 4, 5, 8, 12, 14, 15, 16, 17, 18, 19, 22, 23, 24, 34, 
              36, 37, 38, 42, 43, 45, 49, 51, 60, 67, 68 ] ), rec(
          DistVect := [ 0, 4, 5, 5, 5, 8, 9, 7, 5, 5, 9, 8, 5, 3, 8, 8, 3, 
              4, 4, 4, 7, 8, 4, 7, 8, 8, 3, 5, 4 ],
          eAdj := [ 1, 3, 4, 5, 8, 12, 16, 17, 18, 21, 24, 28, 31, 33, 36, 
              37, 38, 39, 45, 48, 49, 50, 51, 57, 60, 72 ] ), rec(
          DistVect := [ 0, 4, 3, 7, 5, 8, 7, 7, 3, 7, 9, 8, 3, 3, 8, 8, 5, 
              4, 4, 4, 5, 8, 4, 7, 8, 8, 5, 5, 4 ],
          eAdj := [ 1, 3, 4, 5, 8, 12, 16, 17, 21, 23, 24, 28, 29, 31, 33, 
              36, 37, 45, 48, 49, 50, 51, 57, 60, 67, 72 ] ), rec(
          DistVect := [ 0, 4, 4, 7, 4, 8, 8, 7, 4, 7, 8, 8, 4, 3, 7, 8, 4, 
              4, 3, 5, 5, 7, 4, 8, 8, 9, 4, 5, 3 ],
          eAdj := [ 1, 3, 4, 5, 8, 12, 16, 17, 21, 23, 24, 28, 29, 31, 33, 
              38, 39, 40, 47, 48, 50, 51, 52, 69, 71, 72 ] ), rec(
          DistVect := [ 0, 4, 4, 7, 4, 8, 8, 7, 4, 7, 8, 8, 4, 3, 9, 8, 4, 
              4, 5, 5, 5, 7, 4, 8, 8, 9, 4, 5, 3 ],
          eAdj := [ 1, 3, 4, 5, 8, 12, 16, 17, 21, 23, 24, 28, 29, 33, 37, 
              38, 39, 40, 42, 47, 49, 50, 51, 52, 71, 72 ] ), rec(
          DistVect := [ 0, 4, 4, 4, 4, 8, 8, 7, 4, 4, 8, 8, 4, 3, 8, 8, 4, 
              4, 5, 4, 8, 8, 5, 8, 8, 7, 4, 5, 3 ],
          eAdj := [ 1, 3, 4, 5, 8, 12, 15, 16, 17, 18, 19, 22, 23, 24, 34, 
              36, 37, 38, 45, 48, 49, 51, 57, 60, 67, 68 ] ), rec(
          DistVect := [ 0, 4, 4, 4, 4, 8, 8, 7, 4, 4, 8, 8, 4, 3, 8, 8, 4, 
              4, 5, 4, 8, 8, 5, 8, 8, 9, 4, 5, 3 ],
          eAdj := [ 1, 3, 4, 5, 8, 12, 15, 16, 17, 18, 19, 21, 22, 23, 24, 
              34, 36, 37, 38, 42, 45, 49, 51, 60, 67, 72 ] ), rec(
          DistVect := [ 0, 4, 4, 4, 4, 7, 8, 5, 4, 4, 8, 5, 4, 3, 8, 8, 3, 
              4, 5, 4, 7, 8, 5, 9, 8, 7, 3, 8, 5 ],
          eAdj := [ 5, 6, 8, 12, 15, 17, 18, 19, 20, 22, 23, 26, 32, 33, 35, 
              36, 37, 38, 39, 40, 45, 47, 49, 51, 71, 72 ] ), rec(
          DistVect := [ 0, 4, 4, 4, 4, 7, 8, 5, 4, 4, 8, 5, 4, 3, 8, 8, 3, 
              4, 5, 4, 7, 8, 5, 9, 8, 7, 5, 8, 3 ],
          eAdj := [ 3, 5, 6, 8, 12, 14, 15, 17, 18, 19, 20, 22, 23, 26, 32, 
              33, 35, 39, 40, 42, 45, 47, 49, 51, 71, 72 ] ), rec(
          DistVect := [ 0, 5, 4, 4, 4, 8, 8, 4, 7, 5, 7, 7, 5, 3, 8, 8, 4, 
              4, 4, 4, 8, 8, 4, 8, 8, 8, 4, 8, 4 ],
          eAdj := [ 3, 7, 8, 12, 14, 19, 20, 21, 23, 26, 28, 30, 32, 33, 35, 
              39, 40, 42, 47, 50, 51, 52, 56, 62, 66, 69 ] ), rec(
          DistVect := [ 0, 5, 4, 4, 4, 8, 8, 4, 7, 3, 7, 7, 5, 3, 8, 8, 4, 
              4, 4, 4, 8, 8, 4, 8, 8, 8, 4, 8, 4 ],
          eAdj := [ 3, 7, 8, 12, 14, 18, 19, 20, 21, 22, 23, 26, 28, 30, 32, 
              33, 35, 39, 40, 42, 47, 51, 52, 62, 69, 71 ] ), rec(
          DistVect := [ 0, 7, 4, 5, 3, 7, 7, 4, 7, 4, 8, 8, 4, 3, 9, 7, 3, 
              3, 4, 4, 8, 8, 5, 8, 8, 7, 4, 7, 3 ],
          eAdj := [ 3, 4, 7, 8, 12, 14, 18, 19, 20, 22, 23, 25, 26, 28, 30, 
              34, 35, 36, 39, 42, 47, 49, 51, 52, 71, 72 ] ), rec(
          DistVect := [ 0, 7, 4, 4, 4, 8, 8, 4, 7, 5, 7, 7, 3, 3, 8, 8, 4, 
              4, 4, 4, 8, 8, 4, 8, 8, 8, 4, 8, 4 ],
          eAdj := [ 3, 4, 7, 8, 12, 14, 19, 20, 21, 22, 23, 25, 26, 28, 30, 
              33, 35, 39, 40, 42, 47, 51, 52, 62, 66, 69 ] ), rec(
          DistVect := [ 0, 5, 4, 4, 4, 7, 8, 4, 5, 5, 9, 8, 5, 3, 8, 8, 3, 
              4, 4, 4, 7, 8, 4, 7, 8, 8, 3, 5, 4 ],
          eAdj := [ 3, 4, 7, 8, 12, 14, 16, 17, 18, 19, 21, 23, 24, 28, 34, 
              36, 37, 38, 39, 42, 43, 49, 51, 52, 71, 72 ] ), rec(
          DistVect := [ 0, 3, 4, 3, 4, 8, 8, 4, 3, 4, 7, 7, 5, 3, 7, 8, 4, 
              4, 4, 3, 7, 9, 7, 8, 8, 8, 4, 8, 4 ],
          eAdj := [ 5, 7, 8, 12, 13, 14, 15, 16, 17, 18, 19, 20, 22, 23, 26, 
              34, 35, 36, 37, 40, 42, 45, 46, 49, 71, 72 ] ), rec(
          DistVect := [ 0, 3, 4, 4, 4, 8, 8, 4, 5, 5, 7, 7, 5, 3, 8, 8, 4, 
              4, 4, 4, 8, 8, 4, 8, 8, 8, 4, 8, 4 ],
          eAdj := [ 3, 5, 7, 8, 12, 14, 17, 19, 20, 21, 23, 26, 28, 32, 33, 
              35, 39, 40, 42, 47, 50, 51, 52, 62, 69, 71 ] ), rec(
          DistVect := [ 0, 3, 4, 4, 4, 8, 8, 4, 3, 7, 7, 7, 5, 3, 8, 8, 4, 
              4, 4, 4, 8, 8, 4, 8, 8, 8, 4, 8, 4 ],
          eAdj := [ 3, 5, 7, 8, 12, 14, 16, 17, 19, 20, 21, 23, 26, 28, 29, 
              33, 35, 39, 40, 42, 47, 50, 52, 62, 64, 69 ] ), rec(
          DistVect := [ 0, 3, 4, 4, 4, 8, 8, 4, 3, 5, 7, 7, 5, 3, 8, 8, 4, 
              4, 4, 4, 8, 8, 4, 8, 8, 8, 4, 8, 4 ],
          eAdj := [ 3, 5, 7, 8, 12, 14, 15, 16, 17, 19, 20, 21, 23, 26, 28, 
              33, 35, 39, 40, 42, 47, 52, 62, 69, 71, 72 ] ), rec(
          DistVect := [ 0, 4, 4, 4, 4, 8, 8, 5, 4, 4, 8, 8, 4, 3, 8, 8, 4, 
              4, 3, 4, 8, 8, 7, 8, 8, 9, 4, 5, 5 ],
          eAdj := [ 4, 5, 7, 8, 12, 13, 15, 16, 17, 18, 19, 22, 23, 24, 31, 
              34, 36, 37, 38, 45, 49, 51, 53, 59, 60, 67 ] ), rec(
          DistVect := [ 0, 4, 4, 4, 4, 8, 8, 5, 4, 4, 8, 8, 4, 3, 8, 8, 4, 
              4, 3, 4, 8, 8, 7, 8, 8, 9, 4, 5, 3 ],
          eAdj := [ 4, 5, 7, 8, 12, 13, 14, 15, 16, 17, 18, 19, 22, 23, 24, 
              34, 36, 37, 38, 42, 45, 49, 51, 60, 67, 72 ] ), rec(
          DistVect := [ 0, 4, 4, 4, 4, 8, 8, 5, 4, 4, 8, 8, 4, 3, 8, 8, 4, 
              4, 5, 4, 8, 8, 5, 8, 8, 9, 4, 5, 5 ],
          eAdj := [ 4, 5, 7, 8, 12, 15, 16, 17, 18, 19, 21, 22, 23, 24, 34, 
              36, 37, 38, 42, 43, 45, 49, 51, 53, 60, 67 ] ), rec(
          DistVect := [ 0, 4, 4, 4, 4, 8, 8, 3, 4, 4, 8, 8, 4, 3, 8, 8, 4, 
              4, 5, 4, 8, 8, 5, 8, 8, 7, 4, 7, 7 ],
          eAdj := [ 2, 4, 5, 7, 8, 12, 15, 16, 17, 18, 19, 22, 23, 34, 36, 
              37, 38, 43, 45, 46, 49, 51, 53, 59, 60, 67 ] ), rec(
          DistVect := [ 0, 4, 4, 5, 4, 8, 8, 5, 4, 7, 8, 8, 4, 3, 7, 8, 4, 
              4, 3, 5, 5, 9, 4, 8, 8, 9, 4, 5, 5 ],
          eAdj := [ 3, 4, 5, 7, 8, 12, 16, 17, 21, 23, 24, 28, 29, 31, 33, 
              36, 37, 38, 39, 40, 47, 50, 51, 52, 71, 72 ] ), rec(
          DistVect := [ 0, 4, 4, 5, 4, 8, 8, 5, 4, 7, 8, 8, 4, 3, 7, 8, 4, 
              4, 3, 5, 5, 7, 4, 8, 8, 9, 4, 5, 3 ],
          eAdj := [ 3, 4, 5, 7, 8, 12, 14, 16, 17, 21, 23, 24, 28, 29, 33, 
              38, 39, 40, 42, 47, 50, 51, 52, 69, 71, 72 ] ), rec(
          DistVect := [ 0, 4, 5, 4, 4, 8, 9, 5, 7, 4, 8, 8, 7, 3, 7, 7, 3, 
              4, 4, 4, 8, 7, 3, 8, 7, 7, 3, 7, 4 ],
          eAdj := [ 3, 8, 10, 12, 14, 17, 18, 20, 21, 26, 28, 30, 32, 33, 
              35, 38, 39, 40, 47, 48, 50, 51, 52, 56, 69, 71 ] ), rec(
          DistVect := [ 0, 5, 4, 4, 4, 8, 8, 4, 7, 3, 7, 7, 7, 3, 8, 8, 4, 
              4, 4, 4, 8, 8, 4, 8, 8, 8, 4, 8, 4 ],
          eAdj := [ 3, 7, 8, 10, 12, 14, 18, 19, 20, 21, 23, 26, 28, 30, 32, 
              33, 35, 39, 40, 42, 47, 52, 56, 62, 63, 69 ] ), rec(
          DistVect := [ 0, 1, 2, 1, 1, 2, 2, 2, 2, 1, 2, 2, 1, 1, 2, 1, 1, 
              1, 1, 1, 2, 2, 1, 2, 2, 1, 1, 2, 1 ],
          eAdj := [ 1, 3, 4, 5, 17, 18, 20, 22, 26, 27, 28, 30, 31, 32, 33, 
              36, 38, 39, 45, 47, 48, 49, 50, 54, 57, 58, 60, 61, 72 ] ), 
      rec(
          DistVect := [ 0, 1, 1, 1, 1, 2, 2, 1, 2, 1, 2, 2, 1, 1, 2, 1, 2, 
              2, 1, 1, 2, 2, 1, 2, 2, 1, 1, 3, 2 ],
          eAdj := [ 2, 4, 5, 6, 17, 18, 19, 20, 22, 26, 27, 28, 30, 31, 32, 
              33, 36, 38, 39, 45, 47, 48, 50, 54, 58, 60, 61, 71, 72 ] ), 
      rec(
          DistVect := [ 0, 1, 1, 1, 1, 2, 2, 1, 2, 1, 1, 2, 1, 1, 2, 2, 2, 
              2, 1, 1, 2, 2, 1, 1, 1, 2, 1, 3, 2 ],
          eAdj := [ 2, 4, 5, 6, 7, 9, 19, 20, 21, 22, 23, 26, 28, 30, 31, 
              32, 33, 35, 39, 40, 45, 50, 51, 52, 58, 62, 66, 69, 71 ] ), 
      rec(
          DistVect := [ 0, 1, 1, 1, 1, 2, 2, 1, 2, 1, 2, 3, 1, 1, 2, 1, 1, 
              2, 1, 1, 2, 2, 1, 1, 2, 1, 2, 2, 2 ],
          eAdj := [ 2, 4, 5, 12, 16, 17, 18, 19, 22, 24, 26, 27, 28, 30, 31, 
              33, 34, 37, 45, 48, 49, 50, 54, 57, 59, 60, 61, 67, 73 ] ), 
      rec(
          DistVect := [ 0, 1, 1, 1, 1, 2, 2, 1, 2, 1, 1, 3, 1, 1, 2, 2, 1, 
              2, 1, 1, 2, 2, 1, 2, 1, 2, 2, 2, 2 ],
          eAdj := [ 2, 4, 5, 7, 9, 12, 16, 19, 21, 22, 23, 24, 26, 28, 30, 
              31, 33, 34, 36, 37, 38, 45, 47, 50, 51, 52, 60, 71, 72 ] ), 
      rec(
          DistVect := [ 0, 2, 1, 1, 1, 2, 2, 1, 2, 1, 2, 2, 2, 1, 2, 2, 1, 
              1, 1, 1, 2, 2, 1, 2, 2, 2, 1, 2, 1 ],
          eAdj := [ 3, 7, 8, 10, 12, 14, 18, 19, 20, 21, 23, 25, 26, 28, 30, 
              33, 34, 35, 39, 40, 41, 42, 47, 52, 55, 56, 62, 63, 69 ] ), 
      rec(
          DistVect := [ 0, 1, 1, 1, 1, 2, 2, 1, 2, 1, 1, 2, 2, 1, 1, 2, 1, 
              1, 1, 2, 2, 1, 0, 2, 2, 2, 1, 2, 1 ],
          eAdj := [ 3, 7, 8, 9, 10, 12, 14, 20, 21, 23, 26, 28, 29, 30, 32, 
              33, 35, 42, 50, 55, 56, 58, 62, 63, 64, 66, 75, 76 ] ), rec(
          DistVect := [ 0, 1, 2, 1, 1, 2, 3, 2, 2, 1, 2, 2, 2, 1, 2, 2, 1, 
              1, 1, 1, 2, 2, 1, 2, 2, 2, 1, 2, 1 ],
          eAdj := [ 1, 3, 5, 8, 10, 14, 17, 18, 20, 21, 26, 28, 30, 31, 32, 
              33, 35, 38, 39, 40, 45, 47, 48, 50, 51, 52, 56, 58, 69, 71 ] ),
      rec(
          DistVect := [ 0, 1, 1, 1, 1, 2, 2, 1, 2, 0, 2, 2, 1, 1, 2, 1, 1, 
              2, 1, 2, 2, 1, 1, 2, 2, 1, 1, 2, 2 ],
          eAdj := [ 2, 4, 5, 12, 13, 15, 17, 18, 19, 22, 26, 27, 28, 30, 31, 
              32, 33, 34, 37, 38, 48, 49, 54, 57, 59, 60, 61, 67, 73 ] ), 
      rec(
          DistVect := [ 0, 1, 1, 1, 1, 2, 2, 2, 1, 1, 2, 2, 1, 1, 2, 2, 1, 
              1, 1, 1, 2, 2, 2, 2, 2, 2, 1, 2, 1 ],
          eAdj := [ 1, 4, 5, 8, 12, 13, 15, 16, 17, 18, 19, 20, 22, 23, 26, 
              31, 32, 33, 34, 36, 37, 38, 45, 48, 49, 51, 54, 60, 67, 72 ] ),
      rec(
          DistVect := [ 0, 1, 1, 2, 1, 2, 2, 2, 1, 2, 2, 2, 1, 1, 2, 2, 1, 
              1, 1, 1, 2, 2, 1, 2, 2, 2, 1, 2, 1 ],
          eAdj := [ 1, 3, 4, 5, 8, 12, 16, 17, 20, 21, 23, 26, 28, 29, 31, 
              32, 33, 38, 39, 40, 45, 47, 48, 50, 51, 52, 58, 69, 71, 72 ] ),
      rec(
          DistVect := [ 0, 1, 1, 1, 1, 2, 2, 1, 1, 1, 2, 2, 1, 1, 2, 2, 1, 
              1, 1, 1, 2, 2, 2, 2, 2, 2, 1, 2, 2 ],
          eAdj := [ 2, 4, 5, 7, 8, 12, 13, 15, 16, 17, 18, 19, 22, 23, 26, 
              31, 34, 36, 37, 38, 45, 46, 49, 51, 53, 54, 59, 60, 67 ] ), 
      rec(
          DistVect := [ 0, 2, 1, 1, 1, 2, 3, 1, 2, 1, 2, 2, 1, 1, 2, 2, 1, 
              2, 1, 1, 2, 2, 1, 2, 2, 2, 1, 2, 2 ],
          eAdj := [ 2, 4, 5, 7, 8, 12, 14, 18, 19, 21, 22, 23, 25, 26, 28, 
              30, 31, 33, 34, 35, 36, 37, 38, 39, 45, 47, 51, 52, 71, 72 ] ),
      rec(
          DistVect := [ 0, 1, 1, 1, 1, 2, 2, 1, 2, 1, 1, 2, 1, 1, 1, 2, 1, 
              2, 1, 2, 2, 2, 0, 2, 1, 2, 1, 2, 2 ],
          eAdj := [ 2, 3, 4, 5, 7, 9, 12, 21, 22, 23, 26, 28, 29, 30, 31, 
              32, 33, 35, 38, 39, 40, 50, 51, 52, 58, 62, 66, 69, 71 ] ), 
      rec(
          DistVect := [ 0, 2, 1, 1, 1, 2, 2, 1, 2, 1, 1, 2, 1, 1, 2, 2, 1, 
              1, 1, 1, 2, 2, 1, 2, 2, 2, 1, 2, 1 ],
          eAdj := [ 3, 4, 7, 8, 9, 12, 14, 19, 20, 21, 22, 23, 25, 26, 28, 
              30, 33, 34, 35, 39, 40, 42, 44, 47, 52, 55, 62, 63, 66, 69 ] ),
      rec(
          DistVect := [ 0, 1, 1, 1, 1, 2, 2, 1, 2, 1, 2, 2, 2, 1, 1, 1, 1, 
              1, 1, 1, 2, 1, 0, 2, 1, 1, 1, 2, 1 ],
          eAdj := [ 3, 8, 10, 12, 14, 17, 18, 20, 21, 26, 27, 28, 29, 30, 
              32, 33, 35, 38, 40, 47, 48, 50, 51, 52, 56, 58, 62, 69, 71 ] ),
      rec(
          DistVect := [ 0, 1, 1, 1, 1, 2, 2, 1, 2, 1, 2, 3, 2, 1, 2, 1, 1, 
              1, 1, 1, 2, 2, 1, 1, 1, 1, 1, 2, 1 ],
          eAdj := [ 3, 4, 8, 10, 12, 14, 16, 17, 18, 19, 20, 24, 26, 27, 28, 
              30, 33, 34, 36, 38, 39, 45, 48, 49, 50, 51, 52, 60, 71, 72 ] ),
      rec(
          DistVect := [ 0, 1, 1, 1, 1, 2, 2, 1, 2, 1, 1, 3, 2, 1, 2, 2, 1, 
              1, 1, 1, 2, 2, 1, 2, 2, 2, 1, 2, 1 ],
          eAdj := [ 3, 4, 7, 8, 9, 10, 12, 14, 16, 19, 20, 21, 23, 24, 26, 
              28, 30, 33, 34, 35, 39, 40, 42, 47, 50, 52, 55, 62, 69, 71 ] ),
      rec(
          DistVect := [ 0, 1, 2, 1, 1, 2, 2, 2, 2, 1, 2, 2, 1, 1, 2, 2, 1, 
              1, 1, 1, 2, 2, 1, 2, 2, 2, 1, 2, 1 ],
          eAdj := [ 1, 3, 4, 5, 17, 18, 20, 21, 22, 26, 28, 30, 31, 32, 33, 
              36, 38, 39, 40, 45, 47, 48, 50, 51, 58, 60, 61, 69, 71, 72 ] ),
      rec(
          DistVect := [ 0, 1, 1, 1, 1, 2, 2, 1, 1, 2, 2, 1, 1, 1, 1, 2, 2, 
              1, 0, 1, 2, 2, 1, 2, 2, 2, 1, 2, 1 ],
          eAdj := [ 3, 5, 6, 7, 8, 14, 17, 20, 21, 23, 26, 28, 29, 30, 31, 
              32, 35, 40, 48, 50, 51, 52, 56, 58, 62, 64, 66, 69, 76 ] ), 
      rec(
          DistVect := [ 0, 1, 2, 1, 0, 2, 2, 2, 2, 1, 1, 2, 1, 1, 2, 2, 1, 
              1, 1, 1, 2, 2, 1, 2, 2, 2, 1, 2, 1 ],
          eAdj := [ 1, 3, 4, 5, 7, 9, 17, 20, 21, 22, 23, 26, 28, 30, 31, 
              32, 33, 35, 38, 39, 40, 45, 47, 48, 50, 51, 52, 58, 66, 69, 71 
             ] ), rec(
          DistVect := [ 0, 1, 1, 1, 1, 2, 2, 1, 2, 1, 2, 2, 1, 1, 1, 1, 1, 
              2, 1, 1, 2, 2, 0, 2, 2, 1, 1, 2, 2 ],
          eAdj := [ 2, 3, 4, 5, 12, 17, 18, 21, 22, 26, 27, 28, 29, 30, 31, 
              32, 33, 36, 38, 39, 45, 47, 48, 50, 57, 58, 60, 61, 71, 72 ] ),
      rec(
          DistVect := [ 0, 1, 1, 1, 1, 2, 2, 1, 1, 1, 2, 2, 1, 1, 2, 2, 1, 
              1, 1, 1, 2, 2, 2, 2, 2, 1, 1, 2, 1 ],
          eAdj := [ 4, 5, 8, 12, 13, 14, 15, 16, 17, 18, 19, 20, 22, 23, 26, 
              27, 34, 36, 37, 38, 45, 46, 48, 49, 51, 54, 59, 60, 67, 68 ] ),
      rec(
          DistVect := [ 0, 1, 1, 1, 1, 2, 2, 1, 1, 1, 2, 2, 1, 1, 2, 2, 1, 
              1, 1, 1, 2, 2, 1, 2, 2, 1, 1, 2, 2 ],
          eAdj := [ 2, 4, 5, 8, 12, 15, 16, 17, 18, 19, 22, 23, 26, 27, 28, 
              31, 33, 34, 36, 37, 38, 45, 48, 49, 51, 54, 57, 59, 60, 61, 67 
             ] ), rec(
          DistVect := [ 0, 2, 1, 1, 0, 2, 2, 1, 2, 1, 2, 2, 1, 1, 2, 1, 1, 
              1, 1, 1, 2, 2, 1, 2, 2, 1, 1, 2, 1 ],
          eAdj := [ 3, 4, 7, 8, 12, 14, 17, 18, 19, 20, 22, 23, 25, 26, 27, 
              28, 30, 33, 34, 35, 36, 38, 39, 45, 47, 48, 49, 51, 52, 71, 72 
             ] ), rec(
          DistVect := [ 0, 2, 1, 1, 1, 2, 2, 1, 2, 1, 2, 2, 1, 1, 2, 2, 1, 
              1, 1, 1, 2, 2, 1, 2, 2, 2, 1, 2, 1 ],
          eAdj := [ 3, 4, 7, 8, 12, 14, 18, 19, 20, 21, 22, 23, 25, 26, 28, 
              30, 33, 34, 35, 36, 39, 40, 42, 47, 51, 52, 62, 69, 71, 72 ] ),
      rec(
          DistVect := [ 0, 1, 1, 1, 1, 2, 2, 1, 1, 1, 2, 2, 1, 1, 2, 2, 1, 
              1, 1, 1, 2, 2, 1, 2, 2, 2, 1, 2, 2 ],
          eAdj := [ 2, 4, 5, 7, 8, 12, 15, 16, 17, 18, 19, 21, 22, 23, 26, 
              28, 31, 33, 34, 36, 37, 38, 45, 47, 49, 51, 60, 67, 71, 72 ] ),
      rec(
          DistVect := [ 0, 1, 1, 1, 1, 2, 2, 1, 1, 2, 2, 2, 1, 1, 2, 2, 1, 
              1, 1, 1, 2, 3, 1, 2, 2, 2, 1, 2, 2 ],
          eAdj := [ 2, 3, 4, 5, 7, 8, 12, 16, 17, 19, 21, 22, 23, 26, 28, 
              29, 31, 33, 36, 37, 38, 39, 40, 45, 47, 50, 51, 52, 71, 72 ] ),
      rec(
          DistVect := [ 0, 1, 1, 1, 1, 2, 2, 1, 2, 0, 1, 2, 1, 1, 2, 2, 1, 
              2, 1, 1, 2, 1, 1, 2, 1, 2, 1, 2, 2 ],
          eAdj := [ 2, 4, 5, 7, 9, 12, 13, 15, 18, 19, 21, 22, 23, 26, 28, 
              30, 31, 32, 33, 34, 35, 36, 37, 38, 45, 47, 51, 60, 71, 72 ] ),
      rec(
          DistVect := [ 0, 1, 1, 1, 1, 2, 2, 1, 1, 1, 1, 2, 1, 1, 2, 2, 1, 
              1, 1, 1, 2, 2, 1, 2, 1, 2, 1, 2, 2 ],
          eAdj := [ 2, 4, 5, 7, 8, 9, 12, 15, 16, 19, 21, 22, 23, 26, 28, 
              31, 33, 34, 35, 36, 37, 38, 40, 42, 44, 45, 47, 51, 52, 71, 72 
             ] ), rec(
          DistVect := [ 0, 1, 1, 1, 1, 2, 2, 1, 2, 0, 2, 2, 2, 1, 2, 1, 1, 
              1, 1, 2, 2, 2, 1, 2, 1, 1, 1, 2, 1 ],
          eAdj := [ 3, 8, 10, 12, 13, 14, 15, 17, 18, 19, 20, 22, 26, 27, 
              28, 30, 32, 33, 34, 35, 36, 38, 39, 45, 48, 49, 51, 60, 71, 72 
             ] ), rec(
          DistVect := [ 0, 1, 1, 1, 1, 1, 2, 2, 1, 1, 2, 1, 1, 1, 2, 2, 1, 
              1, 1, 1, 1, 2, 2, 2, 2, 2, 1, 2, 1 ],
          eAdj := [ 1, 5, 6, 8, 13, 15, 17, 18, 19, 20, 22, 23, 26, 31, 32, 
              33, 35, 36, 37, 38, 39, 40, 45, 47, 48, 49, 51, 54, 60, 71, 72 
             ] ), rec(
          DistVect := [ 0, 1, 1, 2, 1, 1, 2, 2, 1, 2, 2, 1, 1, 1, 2, 2, 1, 
              1, 1, 1, 2, 2, 1, 2, 2, 2, 1, 2, 1 ],
          eAdj := [ 1, 3, 5, 6, 8, 17, 20, 21, 23, 26, 28, 29, 31, 32, 35, 
              38, 39, 40, 45, 47, 48, 50, 51, 52, 56, 58, 62, 64, 66, 69, 71 
             ] ), rec(
          DistVect := [ 0, 1, 1, 1, 1, 1, 2, 2, 1, 1, 2, 1, 1, 1, 2, 2, 1, 
              1, 1, 1, 2, 2, 1, 2, 2, 2, 1, 2, 1 ],
          eAdj := [ 1, 3, 5, 6, 8, 15, 17, 18, 19, 20, 21, 22, 23, 26, 28, 
              31, 32, 33, 35, 38, 39, 40, 45, 47, 48, 50, 51, 58, 69, 71, 72 
             ] ), rec(
          DistVect := [ 0, 1, 1, 1, 1, 2, 2, 1, 1, 1, 2, 1, 1, 1, 2, 2, 2, 
              1, 0, 1, 1, 2, 2, 2, 2, 2, 1, 2, 1 ],
          eAdj := [ 5, 6, 7, 8, 13, 14, 15, 17, 18, 19, 20, 22, 23, 26, 28, 
              30, 31, 32, 33, 35, 36, 39, 40, 45, 47, 48, 51, 69, 71, 72 ] ),
      rec(
          DistVect := [ 0, 1, 1, 1, 1, 2, 2, 2, 1, 1, 2, 2, 1, 1, 2, 2, 1, 
              1, 1, 1, 2, 2, 2, 2, 2, 2, 1, 1, 1 ],
          eAdj := [ 1, 4, 5, 8, 12, 13, 15, 16, 17, 18, 19, 22, 23, 24, 31, 
              34, 36, 37, 38, 45, 48, 49, 51, 53, 54, 57, 59, 60, 67, 68, 73 
             ] ), rec(
          DistVect := [ 0, 1, 1, 1, 1, 2, 2, 1, 1, 2, 2, 2, 1, 1, 2, 2, 1, 
              1, 1, 0, 2, 2, 1, 2, 2, 1, 1, 2, 1 ],
          eAdj := [ 3, 4, 5, 8, 12, 14, 16, 17, 18, 19, 20, 21, 23, 26, 27, 
              28, 29, 33, 36, 38, 39, 40, 45, 47, 48, 49, 50, 51, 52, 71, 72 
             ] ), rec(
          DistVect := [ 0, 1, 1, 1, 1, 2, 2, 1, 1, 1, 2, 2, 1, 1, 2, 2, 1, 
              1, 1, 1, 2, 2, 1, 2, 2, 1, 1, 2, 1 ],
          eAdj := [ 3, 4, 5, 8, 12, 14, 15, 16, 17, 18, 19, 20, 22, 23, 26, 
              27, 28, 33, 34, 36, 37, 38, 39, 45, 48, 49, 51, 60, 67, 71, 72 
             ] ), rec(
          DistVect := [ 0, 1, 1, 1, 1, 2, 2, 1, 1, 1, 2, 2, 1, 1, 2, 2, 1, 
              1, 1, 1, 2, 2, 1, 2, 2, 1, 1, 1, 1 ],
          eAdj := [ 3, 4, 5, 8, 12, 14, 15, 16, 17, 18, 19, 22, 23, 24, 27, 
              28, 34, 36, 37, 38, 43, 45, 48, 49, 51, 57, 59, 60, 67, 68 ] ),
      rec(
          DistVect := [ 0, 1, 1, 2, 1, 2, 2, 2, 1, 2, 2, 2, 1, 1, 2, 2, 1, 
              1, 1, 1, 1, 2, 1, 2, 2, 2, 1, 1, 1 ],
          eAdj := [ 1, 3, 4, 5, 8, 12, 16, 17, 21, 23, 24, 28, 29, 31, 33, 
              36, 37, 38, 39, 40, 45, 47, 48, 49, 50, 51, 52, 57, 60, 71, 72 
             ] ), rec(
          DistVect := [ 0, 1, 1, 1, 1, 2, 2, 2, 1, 1, 2, 2, 1, 1, 2, 2, 1, 
              1, 1, 1, 2, 2, 1, 2, 2, 2, 1, 1, 1 ],
          eAdj := [ 1, 3, 4, 5, 8, 12, 15, 16, 17, 18, 19, 21, 22, 23, 24, 
              28, 31, 33, 34, 36, 37, 38, 45, 48, 49, 50, 51, 57, 60, 67, 72 
             ] ), rec(
          DistVect := [ 0, 1, 1, 1, 1, 2, 2, 1, 1, 1, 2, 1, 1, 1, 2, 2, 1, 
              1, 1, 1, 2, 2, 1, 3, 2, 1, 1, 2, 1 ],
          eAdj := [ 3, 5, 6, 8, 12, 14, 15, 17, 18, 19, 20, 22, 23, 26, 27, 
              28, 32, 33, 35, 36, 38, 39, 40, 45, 47, 48, 49, 51, 71, 72 ] ),
      rec(
          DistVect := [ 0, 1, 1, 1, 1, 2, 2, 1, 1, 2, 2, 2, 1, 1, 1, 2, 1, 
              1, 0, 1, 1, 2, 1, 2, 2, 2, 1, 1, 1 ],
          eAdj := [ 3, 4, 5, 7, 8, 12, 14, 16, 17, 21, 23, 24, 26, 28, 29, 
              30, 31, 33, 36, 38, 39, 40, 47, 48, 50, 51, 52, 69, 71, 72 ] ),
      rec(
          DistVect := [ 0, 1, 1, 1, 1, 2, 2, 1, 2, 0, 1, 2, 2, 1, 2, 2, 1, 
              1, 1, 1, 2, 2, 1, 2, 2, 2, 1, 2, 1 ],
          eAdj := [ 3, 7, 8, 9, 10, 12, 13, 14, 15, 18, 19, 20, 21, 22, 23, 
              26, 28, 30, 32, 33, 34, 35, 39, 40, 42, 47, 52, 62, 63, 69, 71 
             ] ), rec(
          DistVect := [ 0, 1, 1, 1, 1, 2, 2, 1, 1, 1, 2, 2, 1, 1, 2, 2, 1, 
              1, 0, 1, 2, 2, 2, 2, 2, 2, 1, 1, 1 ],
          eAdj := [ 4, 5, 7, 8, 12, 13, 14, 15, 16, 17, 18, 19, 22, 23, 24, 
              26, 28, 30, 31, 34, 36, 37, 38, 45, 48, 49, 51, 59, 60, 67, 72 
             ] ), rec(
          DistVect := [ 0, 1, 0, 0, 1, 1, 0, 0, 1, 1, 0, 0, 1, 1, 0, 1, 1, 
              0, 0, 1, 1, 0, 0, 0, 1, 1, 1, 1, 0 ],
          eAdj := [ 3, 6, 7, 8, 9, 10, 12, 14, 19, 20, 21, 23, 25, 26, 28, 
              29, 30, 32, 33, 41, 42, 44, 50, 55, 56, 58, 63, 64, 66, 70, 
              75, 76 ] ), rec(
          DistVect := [ 0, 0, 1, 1, 0, 0, 1, 1, 1, 1, 0, 0, 1, 1, 0, 1, 1, 
              0, 0, 1, 1, 0, 0, 0, 1, 1, 1, 1, 0 ],
          eAdj := [ 1, 3, 5, 6, 7, 8, 9, 10, 14, 17, 20, 21, 23, 26, 28, 29, 
              30, 31, 32, 35, 42, 48, 50, 51, 52, 55, 56, 58, 62, 63, 64, 
              66, 75, 76 ] ), rec(
          DistVect := [ 0, 0, 1, 0, 1, 0, 0, 1, 1, 0, 1, 0, 0, 1, 1, 0, 1, 
              1, 0, 1, 0, 0, 1, 1, 1, 0, 0, 1, 1 ],
          eAdj := [ 1, 2, 4, 5, 6, 13, 15, 17, 18, 19, 20, 22, 26, 27, 28, 
              30, 31, 32, 33, 36, 37, 38, 39, 47, 48, 49, 50, 54, 57, 58, 
              59, 60, 61, 67, 72, 73 ] ), rec(
          DistVect := [ 0, 0, 1, 1, 1, 0, 0, 1, 1, 1, 1, 0, 0, 1, 0, 0, 1, 
              1, 0, 0, 1, 1, 0, 1, 1, 0, 0, 1, 1 ],
          eAdj := [ 1, 2, 3, 4, 5, 6, 17, 18, 20, 21, 22, 26, 27, 28, 29, 
              30, 31, 32, 36, 38, 39, 40, 45, 47, 48, 50, 54, 56, 57, 58, 
              60, 61, 66, 69, 71, 72 ] ), rec(
          DistVect := [ 0, 0, 1, 1, 1, 1, 0, 1, 1, 1, 1, 1, 0, 1, 0, 0, 0, 
              1, 0, 0, 0, 1, 0, 0, 1, 0, 1, 0, 1 ],
          eAdj := [ 1, 2, 3, 4, 5, 12, 16, 17, 18, 21, 22, 24, 26, 27, 28, 
              29, 30, 31, 32, 33, 36, 37, 39, 45, 47, 48, 49, 50, 54, 57, 
              58, 59, 60, 61, 67, 72, 73 ] ), rec(
          DistVect := [ 0, 0, 1, 0, 1, 0, 1, 1, 1, 0, 1, 0, 1, 1, 1, 0, 1, 
              0, 0, 1, 0, 1, 1, 1, 0, 0, 1, 1, 0 ],
          eAdj := [ 1, 3, 5, 6, 8, 10, 13, 14, 15, 17, 18, 19, 20, 22, 26, 
              27, 28, 30, 31, 32, 33, 35, 36, 38, 39, 40, 45, 47, 48, 49, 
              50, 51, 54, 56, 58, 60, 61, 69, 71, 72 ] ), rec(
          DistVect := [ 0, 0, 1, 1, 0, 1, 0, 1, 1, 1, 0, 1, 0, 1, 0, 1, 0, 
              1, 0, 1, 0, 1, 0, 1, 0, 1, 1, 0, 1 ],
          eAdj := [ 1, 2, 3, 4, 5, 7, 9, 12, 16, 17, 21, 22, 23, 24, 26, 28, 
              29, 30, 31, 32, 33, 36, 37, 38, 39, 40, 45, 47, 48, 50, 51, 
              52, 57, 58, 60, 61, 66, 69, 71, 72 ] ), rec(
          DistVect := [ 0, 1, 0, 0, 0, 1, 0, 0, 1, 1, 1, 0, 1, 1, 0, 0, 1, 
              0, 0, 0, 1, 0, 0, 1, 0, 0, 1, 1, 0 ],
          eAdj := [ 3, 6, 7, 8, 10, 12, 14, 17, 18, 19, 20, 21, 23, 25, 26, 
              27, 28, 29, 30, 32, 33, 35, 40, 41, 42, 47, 48, 50, 51, 52, 
              55, 56, 58, 62, 63, 64, 66, 69, 75, 76 ] ), rec(
          DistVect := [ 0, 0, 1, 0, 0, 0, 0, 1, 1, 0, 0, 0, 0, 1, 1, 1, 1, 
              1, 0, 0, 0, 0, 1, 0, 0, 1, 0, 1, 1 ],
          eAdj := [ 1, 2, 4, 5, 6, 7, 9, 13, 15, 17, 18, 19, 20, 21, 22, 23, 
              26, 28, 30, 31, 32, 33, 35, 36, 37, 38, 39, 40, 45, 47, 48, 
              50, 51, 54, 58, 60, 61, 66, 69, 71, 72 ] ), rec(
          DistVect := [ 0, 1, 0, 0, 1, 1, 1, 0, 1, 1, 0, 0, 0, 1, 0, 1, 1, 
              1, 0, 1, 1, 1, 0, 0, 0, 1, 0, 1, 1 ],
          eAdj := [ 2, 3, 4, 5, 6, 7, 8, 9, 12, 14, 19, 20, 21, 22, 23, 25, 
              26, 28, 29, 30, 31, 32, 33, 35, 39, 40, 42, 44, 50, 51, 52, 
              55, 56, 58, 62, 63, 64, 66, 69, 75, 76 ] ), rec(
          DistVect := [ 0, 1, 0, 1, 0, 0, 1, 0, 1, 0, 1, 1, 0, 1, 1, 0, 0, 
              1, 0, 1, 1, 0, 1, 0, 1, 0, 1, 0, 1 ],
          eAdj := [ 2, 4, 5, 7, 8, 12, 13, 14, 15, 16, 17, 18, 19, 22, 23, 
              24, 25, 26, 27, 28, 30, 31, 34, 37, 38, 43, 45, 46, 48, 49, 
              51, 53, 54, 57, 59, 60, 61, 65, 67, 68, 73, 74 ] ), rec(
          DistVect := [ 0, 0, 1, 0, 0, 1, 0, 1, 1, 0, 0, 1, 0, 1, 1, 1, 0, 
              1, 0, 0, 1, 0, 1, 1, 0, 1, 1, 0, 1 ],
          eAdj := [ 1, 2, 4, 5, 7, 9, 12, 13, 15, 16, 17, 18, 19, 21, 22, 
              23, 24, 26, 28, 30, 31, 32, 33, 34, 36, 37, 38, 45, 47, 48, 
              49, 50, 51, 53, 54, 57, 59, 60, 61, 67, 72, 73 ] ), rec(
          DistVect := [ 0, 1, 0, 0, 1, 0, 1, 0, 1, 1, 0, 1, 0, 1, 0, 1, 0, 
              1, 0, 1, 0, 1, 0, 1, 0, 1, 1, 0, 1 ],
          eAdj := [ 2, 3, 4, 5, 7, 8, 9, 12, 14, 16, 19, 21, 22, 23, 24, 25, 
              26, 28, 29, 30, 31, 33, 34, 35, 36, 37, 38, 39, 40, 42, 43, 
              44, 47, 50, 51, 52, 55, 62, 66, 69, 71, 72 ] ), rec(
          DistVect := [ 0, 0, 1, 0, 0, 0, 1, 1, 1, 0, 0, 0, 1, 1, 1, 1, 1, 
              0, 0, 0, 0, 1, 1, 0, 1, 1, 1, 1, 0 ],
          eAdj := [ 1, 3, 5, 6, 7, 8, 9, 10, 13, 14, 15, 17, 18, 19, 20, 21, 
              22, 23, 26, 28, 30, 31, 32, 33, 35, 39, 40, 42, 45, 47, 48, 
              50, 51, 52, 56, 58, 62, 63, 64, 66, 69, 71, 76 ] ), rec(
          DistVect := [ 0, 1, 0, 1, 0, 1, 1, 0, 1, 0, 1, 0, 0, 1, 1, 0, 1, 
              1, 0, 1, 0, 0, 1, 1, 1, 0, 0, 1, 1 ],
          eAdj := [ 2, 4, 5, 6, 7, 8, 12, 13, 14, 15, 17, 18, 19, 20, 22, 
              23, 25, 26, 27, 28, 30, 31, 32, 33, 34, 35, 36, 37, 38, 39, 
              45, 46, 47, 48, 49, 51, 54, 59, 60, 61, 67, 71, 72 ] ), rec(
          DistVect := [ 0, 1, 0, 1, 1, 1, 1, 0, 1, 0, 0, 0, 0, 1, 1, 1, 1, 
              1, 0, 0, 0, 0, 1, 0, 0, 1, 0, 1, 1 ],
          eAdj := [ 2, 4, 5, 6, 7, 8, 9, 12, 13, 14, 15, 18, 19, 20, 21, 22, 
              23, 25, 26, 28, 30, 31, 32, 33, 34, 35, 36, 37, 39, 40, 42, 
              44, 45, 46, 47, 51, 52, 62, 63, 66, 69, 71, 72 ] ), rec(
          DistVect := [ 0, 1, 0, 0, 0, 0, 0, 0, 1, 1, 1, 1, 1, 1, 0, 0, 0, 
              0, 0, 0, 0, 0, 0, 0, 0, 0, 0, 0, 0 ],
          eAdj := [ 3, 4, 7, 8, 10, 12, 14, 16, 17, 18, 19, 20, 21, 23, 24, 
              25, 26, 27, 28, 29, 30, 33, 34, 35, 36, 38, 39, 40, 41, 42, 
              43, 47, 48, 49, 50, 51, 52, 55, 56, 62, 69, 71, 72 ] ), rec(
          DistVect := [ 0, 1, 0, 0, 0, 0, 1, 0, 1, 1, 1, 1, 0, 1, 0, 0, 0, 
              1, 0, 0, 0, 1, 0, 0, 1, 0, 1, 0, 1 ],
          eAdj := [ 2, 3, 4, 5, 7, 8, 12, 14, 16, 17, 18, 19, 21, 22, 23, 
              24, 25, 26, 27, 28, 29, 30, 31, 33, 34, 36, 37, 38, 39, 43, 
              45, 47, 48, 49, 50, 51, 52, 57, 59, 60, 61, 67, 71, 72 ] ), 
      rec(
          DistVect := [ 0, 1, 0, 0, 0, 1, 1, 0, 1, 1, 1, 0, 0, 1, 0, 0, 1, 
              1, 0, 0, 1, 1, 0, 1, 1, 0, 0, 1, 1 ],
          eAdj := [ 2, 3, 4, 5, 6, 7, 8, 12, 14, 17, 18, 19, 20, 21, 22, 23, 
              25, 26, 27, 28, 29, 30, 31, 32, 33, 35, 36, 38, 39, 40, 45, 
              47, 48, 50, 51, 52, 56, 58, 61, 62, 66, 69, 71, 72 ] ), rec(
          DistVect := [ 0, 0, 1, 0, 0, 1, 1, 1, 1, 0, 0, 1, 1, 1, 1, 1, 0, 
              0, 0, 0, 1, 1, 1, 1, 1, 1, 0, 0, 0 ],
          eAdj := [ 1, 3, 4, 5, 7, 8, 9, 10, 12, 13, 14, 15, 16, 17, 18, 19, 
              20, 21, 22, 23, 24, 26, 28, 30, 31, 32, 33, 34, 35, 36, 37, 
              38, 39, 40, 42, 45, 47, 48, 49, 50, 51, 52, 60, 69, 71, 72 ] ),
      rec(
          DistVect := [ 0, 0, 1, 0, 0, 1, 1, 0, 1, 0, 0, 1, 1, 0, 1, 1, 0, 
              0, 1, 0, 1, 1, 0, 1, 1, 0, 0, 1, 1 ],
          eAdj := [ 1, 2, 3, 4, 5, 6, 7, 8, 9, 10, 11, 12, 13, 14, 15, 16, 
              17, 18, 19, 20, 21, 22, 23, 24, 25, 26, 27, 28, 29, 30, 31, 
              32, 33, 34, 35, 36, 37, 38, 39, 40, 41, 42, 43, 44, 45, 46, 
              47, 48, 49, 50, 51, 52, 53, 54, 55, 56, 57, 58, 59, 60, 61, 
              62, 63, 64, 65, 66, 68, 70, 71, 73, 75 ] ), rec(
          DistVect := [ 0, 0, 0, 1, 1, 1, 0, 0, 0, 1, 1, 1, 0, 0, 1, 1, 1, 
              0, 0, 0, 0, 1, 1, 0, 1, 1, 1, 1, 0 ],
          eAdj := [ 1, 2, 3, 4, 5, 6, 7, 8, 9, 10, 11, 12, 13, 14, 15, 16, 
              17, 18, 19, 20, 21, 22, 23, 24, 25, 26, 27, 28, 29, 30, 31, 
              32, 33, 34, 36, 37, 39, 40, 41, 42, 43, 44, 45, 46, 47, 48, 
              49, 50, 51, 52, 53, 54, 55, 56, 58, 59, 60, 61, 62, 64, 65, 
              66, 67, 68, 69, 70, 71, 72, 73, 74, 75, 76 ] ), rec(
          DistVect := [ 0, 1, 0, 1, 0, 0, 1, 1, 1, 0, 1, 1, 0, 0, 1, 0, 0, 
              1, 1, 1, 1, 0, 0, 0, 1, 1, 1, 1, 0 ],
          eAdj := [ 1, 2, 3, 4, 5, 6, 7, 8, 9, 10, 11, 12, 13, 14, 15, 16, 
              17, 18, 19, 20, 21, 22, 23, 24, 25, 26, 27, 28, 29, 30, 31, 
              32, 33, 34, 35, 37, 38, 39, 41, 42, 43, 44, 45, 46, 47, 48, 
              49, 50, 51, 52, 53, 54, 55, 56, 57, 58, 60, 61, 62, 63, 65, 
              66, 67, 68, 69, 70, 71, 72, 73, 74, 75, 76 ] ), rec(
          DistVect := [ 0, 4, 7, 4, 4, 8, 8, 7, 7, 4, 8, 8, 4, 3, 9, 7, 3, 
              5, 4, 4, 8, 8, 5, 8, 8, 7, 4, 7, 5 ],
          eAdj := [ 1, 4, 5, 17, 18, 22, 26, 28, 30, 31, 32, 33, 36, 37, 38, 
              39, 45, 47, 48, 49, 50, 54, 57, 60, 61, 72 ] ), rec(
          DistVect := [ 0, 5, 4, 4, 4, 8, 8, 4, 5, 5, 7, 7, 7, 3, 8, 8, 4, 
              4, 4, 4, 8, 8, 4, 8, 8, 8, 4, 8, 4 ],
          eAdj := [ 3, 7, 8, 10, 12, 14, 19, 20, 21, 23, 26, 28, 33, 35, 39, 
              40, 41, 42, 47, 52, 55, 56, 62, 63, 64, 69 ] ), rec(
          DistVect := [ 0, 7, 4, 4, 4, 8, 8, 4, 7, 5, 7, 7, 5, 3, 8, 8, 4, 
              4, 4, 4, 8, 8, 4, 8, 8, 8, 4, 8, 4 ],
          eAdj := [ 3, 7, 8, 12, 14, 19, 20, 21, 23, 25, 26, 28, 30, 33, 35, 
              39, 40, 42, 47, 52, 55, 56, 62, 63, 66, 69 ] ), rec(
          DistVect := [ 0, 7, 4, 5, 3, 7, 9, 4, 7, 4, 8, 8, 4, 3, 9, 7, 3, 
              5, 4, 4, 8, 8, 5, 8, 8, 7, 4, 7, 5 ],
          eAdj := [ 4, 7, 8, 12, 14, 18, 19, 22, 23, 25, 26, 28, 30, 34, 35, 
              36, 37, 38, 39, 45, 47, 49, 51, 52, 71, 72 ] ), rec(
          DistVect := [ 0, 5, 4, 4, 4, 8, 9, 4, 5, 5, 7, 7, 4, 3, 8, 8, 4, 
              5, 4, 4, 8, 9, 4, 8, 7, 8, 3, 8, 7 ],
          eAdj := [ 2, 4, 5, 7, 8, 12, 19, 21, 22, 23, 26, 28, 31, 33, 35, 
              36, 37, 38, 39, 40, 45, 47, 51, 52, 71, 72 ] ) ] );
