return rec(
  DistVect := [ 0, 1, 1, 1, 1, 1, 2, 1, 1, 1, 1, 2, 1, 0, 1, 2, 2, 1, 1, 2, 
      2, 1, 1, 1, 2, 1, 2, 2, 1 ],
  ListIncidentIneq := 
   [ [ 0, 0, 0, 0, 0, 0, 0, 0, 0, 0, 0, 0, 0, 0, 0, 0, 0, 0, 0, 0, 0, 0, 0, 
          0, -1, 1, 0, 0, 1 ], 
      [ 0, 1, 0, 0, 0, 0, 0, -1, 0, 0, 0, 0, 0, 1, 0, 0, 0, 0, 0, 0, 0, 0, 
          0, 0, 0, 0, 0, 0, 0 ], 
      [ 0, 0, 0, 0, 0, 0, 0, 0, 0, 0, 0, 0, 1, 1, 0, 0, 0, 0, 0, 0, 0, 0, 0, 
          0, 0, 0, 0, 0, -1 ], 
      [ 0, 0, 0, 0, 0, 1, 0, 1, 0, 0, 0, 0, 0, 0, 0, 0, 0, 0, 0, 0, 0, 0, 0, 
          0, 0, 0, 0, -1, 0 ], 
      [ 0, 1, 0, 0, 0, 0, -1, 0, 0, 0, 0, 0, 1, 0, 0, 0, 0, 0, 0, 0, 0, 0, 
          0, 0, 0, 0, 0, 0, 0 ], 
      [ 0, 0, 0, 0, 0, 0, 0, 0, 0, 0, 0, 1, 0, 1, 0, 0, 0, 0, 0, 0, 0, 0, 0, 
          0, 0, 0, 0, -1, 0 ], 
      [ 0, 0, 1, 0, 0, 0, -1, 0, 0, 0, 0, 0, 0, 0, 0, 0, 0, 1, 0, 0, 0, 0, 
          0, 0, 0, 0, 0, 0, 0 ], 
      [ 0, 0, 0, 0, 0, 0, 0, 0, 0, 0, 1, 0, 0, 1, 0, 0, 0, 0, 0, 0, 0, 0, 0, 
          0, 0, -1, 0, 0, 0 ], 
      [ 0, 0, 0, 0, 0, 0, 0, 0, 0, 0, 0, 0, -1, 1, 0, 0, 0, 0, 0, 0, 0, 0, 
          0, 0, 0, 0, 0, 0, 1 ], 
      [ 0, 0, 0, 0, 0, 0, 0, 0, 1, 0, 0, 0, 0, 1, 0, 0, 0, 0, -1, 0, 0, 0, 
          0, 0, 0, 0, 0, 0, 0 ], 
      [ 0, 1, 0, 0, 0, 1, 0, 0, 0, 0, 0, -1, 0, 0, 0, 0, 0, 0, 0, 0, 0, 0, 
          0, 0, 0, 0, 0, 0, 0 ], 
      [ 0, 0, 0, 0, 0, 0, 0, 0, 0, 1, 0, 0, 0, 1, 0, 0, 0, 0, 0, 0, 0, 0, 
          -1, 0, 0, 0, 0, 0, 0 ], 
      [ 0, 0, 0, 0, 0, 0, -1, 1, 0, 0, 0, 0, 0, 0, 0, 0, 0, 0, 0, 0, 0, 0, 
          0, 0, 0, 0, 0, 0, 1 ], 
      [ 0, 0, 0, 1, 0, 0, -1, 0, 0, 0, 0, 0, 0, 0, 0, 0, 0, 0, 0, 0, 0, 1, 
          0, 0, 0, 0, 0, 0, 0 ], 
      [ 0, 0, 0, 0, 0, 0, 0, 0, 0, 1, 1, 0, 0, 0, 0, 0, 0, 0, 0, -1, 0, 0, 
          0, 0, 0, 0, 0, 0, 0 ], 
      [ 0, 0, 1, 0, 0, 1, 0, 0, 0, 0, 0, 0, 0, 0, 0, 0, -1, 0, 0, 0, 0, 0, 
          0, 0, 0, 0, 0, 0, 0 ], 
      [ 0, 0, 0, 0, 0, 0, 0, 0, 1, 0, 1, 0, 0, 0, 0, -1, 0, 0, 0, 0, 0, 0, 
          0, 0, 0, 0, 0, 0, 0 ], 
      [ 0, 0, 0, 0, 0, 0, 0, 0, 0, 0, 1, -1, 0, 0, 0, 0, 0, 0, 0, 0, 0, 0, 
          0, 1, 0, 0, 0, 0, 0 ], 
      [ 0, 0, 0, 1, 1, 0, 0, 0, 0, 0, 0, 0, 0, 0, 0, 0, 0, 0, 0, -1, 0, 0, 
          0, 0, 0, 0, 0, 0, 0 ], 
      [ 0, 0, 1, 0, 1, 0, 0, 0, 0, 0, 0, 0, 0, 0, 0, -1, 0, 0, 0, 0, 0, 0, 
          0, 0, 0, 0, 0, 0, 0 ], 
      [ 0, 0, 0, 0, 0, 0, 0, 0, 0, 0, 0, 0, 0, 0, 0, 0, 0, 0, 0, -1, 0, 0, 
          1, 0, 0, 1, 0, 0, 0 ], 
      [ 0, 0, 0, 0, 0, 0, 0, 0, 0, 0, 1, 0, 1, 0, 0, 0, 0, 0, 0, 0, 0, 0, 0, 
          0, -1, 0, 0, 0, 0 ], 
      [ 0, 0, 0, 0, 0, 0, 0, 0, 0, 0, 0, -1, 0, 1, 0, 0, 0, 0, 0, 0, 0, 0, 
          0, 0, 0, 0, 0, 1, 0 ], 
      [ 0, 0, 0, 0, 0, 0, 0, 0, 0, 0, 0, 0, 0, 0, 0, -1, 0, 0, 1, 0, 0, 0, 
          0, 0, 0, 1, 0, 0, 0 ], 
      [ 0, 0, 0, 0, 0, 0, 0, 0, 0, 0, 0, 0, 0, 0, 0, 0, 0, 0, 0, 0, 0, 0, 0, 
          1, 0, 1, 0, -1, 0 ], 
      [ 0, 0, 0, 1, 0, 1, 0, 0, 0, 0, 0, 0, 0, 0, 0, 0, 0, 0, 0, 0, -1, 0, 
          0, 0, 0, 0, 0, 0, 0 ], 
      [ 0, -1, 0, 0, 0, 0, 0, 1, 0, 0, 0, 0, 0, 1, 0, 0, 0, 0, 0, 0, 0, 0, 
          0, 0, 0, 0, 0, 0, 0 ], 
      [ 0, 0, 0, 0, 0, 0, 0, 0, 0, 0, -1, 0, 0, 1, 0, 0, 0, 0, 0, 0, 0, 0, 
          0, 0, 0, 1, 0, 0, 0 ], 
      [ 0, 0, 0, 0, 0, 0, 0, 0, 0, -1, 0, 0, 0, 1, 0, 0, 0, 0, 0, 0, 0, 0, 
          1, 0, 0, 0, 0, 0, 0 ], 
      [ 0, 0, 0, 0, 0, 0, 0, 0, -1, 0, 0, 0, 0, 1, 0, 0, 0, 0, 1, 0, 0, 0, 
          0, 0, 0, 0, 0, 0, 0 ], 
      [ 0, 1, 1, 0, 0, 0, -1, -1, -1, 0, 0, 0, 1, 1, 0, 0, 0, 1, 1, 0, 0, 0, 
          0, 0, 0, 0, 0, 0, -1 ], 
      [ 0, 1, 0, 1, 0, 0, -1, -1, 0, -1, 0, 0, 1, 1, 0, 0, 0, 0, 0, 0, 0, 1, 
          1, 0, 0, 0, 0, 0, -1 ], 
      [ 0, 0, 0, 1, 0, 1, -1, 1, 0, 0, 0, 0, 0, 0, 0, 0, 0, 0, 0, 0, -1, 1, 
          -1, 0, 0, 0, 1, -1, 1 ], 
      [ 0, 0, 1, 1, 1, 0, -1, 0, 0, 0, 0, 0, 0, 0, -1, -1, 0, 1, 0, -1, 0, 
          1, 0, 0, 1, 0, 0, 0, 0 ], 
      [ 0, 0, 1, 1, 0, 1, -1, 0, 0, 0, 0, 0, 0, 0, -1, 0, -1, 1, 0, 0, -1, 
          1, 0, 0, 0, 0, 1, 0, 0 ], 
      [ 0, 0, 1, 0, 0, 1, -1, 1, 0, 0, 0, 0, 0, 0, 0, 0, -1, 1, -1, 0, 0, 0, 
          0, 0, 0, 0, 1, -1, 1 ], 
      [ 0, 0, 0, 0, -1, 1, -1, 1, 0, 0, 0, 0, 0, 0, 0, 0, 0, 0, 0, 0, 0, 0, 
          0, 1, -1, 1, 1, -1, 1 ], 
      [ 0, 1, 0, 1, 0, 1, -1, 0, 0, -1, 0, -1, 1, 0, 0, 0, 0, 0, 0, 0, -1, 
          1, 0, 0, 0, 0, 1, 0, 0 ], 
      [ 0, -1, 1, 0, 0, 0, -1, 1, 1, 0, 0, 0, -1, 1, 0, 0, 0, 1, -1, 0, 0, 
          0, 0, 0, 0, 0, 0, 0, 1 ], 
      [ 0, 1, 0, 0, -1, 1, -1, 0, 0, 0, 1, -1, 1, 0, 0, 0, 0, 0, 0, 0, 0, 0, 
          0, 1, -1, 0, 1, 0, 0 ], 
      [ 0, -1, 0, 1, 0, 1, 0, 1, 0, 1, 0, 1, 0, 1, 0, 0, 0, 0, 0, 0, -1, 0, 
          -1, 0, 0, 0, 0, -1, 0 ], 
      [ 0, 1, 0, 1, 0, 1, 0, -1, 0, -1, 0, -1, 0, 1, 0, 0, 0, 0, 0, 0, -1, 
          0, 1, 0, 0, 0, 0, 1, 0 ], 
      [ 0, 1, 1, 0, 0, 1, -1, 0, -1, 0, 0, -1, 1, 0, 0, 0, -1, 1, 0, 0, 0, 
          0, 0, 0, 0, 0, 1, 0, 0 ], 
      [ 0, -1, 1, 0, 0, 1, 0, 1, 1, 0, 0, 1, 0, 1, 0, 0, -1, 0, -1, 0, 0, 0, 
          0, 0, 0, 0, 0, -1, 0 ], 
      [ 0, -1, 0, 1, 0, 0, -1, 1, 0, 1, 0, 0, -1, 1, 0, 0, 0, 0, 0, 0, 0, 1, 
          -1, 0, 0, 0, 0, 0, 1 ], 
      [ 0, -1, 0, 1, 1, 0, 0, 1, 0, 1, 1, 0, 0, 1, 0, 0, 0, 0, 0, -1, 0, 0, 
          -1, 0, 0, -1, 0, 0, 0 ], 
      [ 0, 1, 1, 0, 0, 1, 0, -1, -1, 0, 0, -1, 0, 1, 0, 0, -1, 0, 1, 0, 0, 
          0, 0, 0, 0, 0, 0, 1, 0 ], 
      [ 0, -1, 1, 0, 1, 0, 0, 1, 1, 0, 1, 0, 0, 1, 0, -1, 0, 0, -1, 0, 0, 0, 
          0, 0, 0, -1, 0, 0, 0 ], 
      [ 0, 1, 0, 1, 1, 0, 0, -1, 0, -1, -1, 0, 0, 1, 0, 0, 0, 0, 0, -1, 0, 
          0, 1, 0, 0, 1, 0, 0, 0 ], 
      [ 0, 1, 1, 0, 1, 0, 0, -1, -1, 0, -1, 0, 0, 1, 0, -1, 0, 0, 1, 0, 0, 
          0, 0, 0, 0, 1, 0, 0, 0 ], 
      [ 0, -1, 1, 1, 1, 0, 0, 0, 1, 1, 1, 0, 0, 0, -1, -1, 0, 0, 0, -1, 0, 
          0, 0, 0, 0, 0, 0, 0, 0 ], 
      [ 0, 0, 1, 1, 1, 0, 0, -1, 0, 0, 0, 0, 0, 0, -1, -1, 0, 0, 1, -1, 0, 
          0, 1, 0, 0, 1, 0, 0, 0 ], 
      [ 0, 0, 2, 2, 2, 2, -2, 0, 0, 0, 0, 0, 0, 0, -1, -1, -1, 1, 0, -1, -1, 
          1, 0, -1, 1, 0, 1, 0, 0 ], 
      [ 0, 0, 2, 2, 0, 2, -2, 2, 0, 0, 0, 0, 0, 0, -1, 0, -1, 1, -1, 0, -1, 
          1, -1, 0, 0, 0, 1, -1, 1 ], 
      [ 0, 2, 0, 0, -1, 1, -1, -1, 0, 0, 2, -2, 2, 2, 0, 0, 0, 0, 0, 0, 0, 
          0, 0, 1, -1, -1, 1, 1, -1 ], 
      [ 0, -1, 0, 0, -1, 1, -1, 2, 0, 0, -1, 1, -1, 2, 0, 0, 0, 0, 0, 0, 0, 
          0, 0, 1, -1, 2, 1, -2, 2 ], 
      [ 0, -2, 1, 1, 1, 0, 0, 1, 2, 2, 2, 0, 0, 2, -1, -1, 0, 0, -1, -1, 0, 
          0, -1, 0, 0, -1, 0, 0, 0 ], 
      [ 0, 2, 2, 2, 0, 2, -2, 0, -1, -1, 0, -1, 1, 0, -1, 0, -1, 1, 0, 0, 
          -1, 1, 0, 0, 0, 0, 1, 0, 0 ], 
      [ 0, 1, 1, 1, 1, 0, 0, -2, -1, -1, -1, 0, 0, 2, -1, -1, 0, 0, 2, -1, 
          0, 0, 2, 0, 0, 2, 0, 0, 0 ], 
      [ 0, 2, 0, 1, 0, 1, -1, -1, 0, -2, 0, -2, 2, 2, 0, 0, 0, 0, 0, 0, -1, 
          1, 1, 0, 0, 0, 1, 1, -1 ], 
      [ 0, 2, 1, 0, 0, 1, -1, -1, -2, 0, 0, -2, 2, 2, 0, 0, -1, 1, 1, 0, 0, 
          0, 0, 0, 0, 0, 1, 1, -1 ], 
      [ 0, -1, 0, 1, 0, 1, -1, 2, 0, 1, 0, 1, -1, 2, 0, 0, 0, 0, 0, 0, -1, 
          1, -2, 0, 0, 0, 1, -2, 2 ], 
      [ 0, -1, 1, 0, 0, 1, -1, 2, 1, 0, 0, 1, -1, 2, 0, 0, -1, 1, -2, 0, 0, 
          0, 0, 0, 0, 0, 1, -2, 2 ], 
      [ 0, 1, 1, 1, 1, 0, -1, -1, -1, -1, -1, 0, 1, 1, -1, -1, 0, 1, 1, -1, 
          0, 1, 1, 0, 1, 1, 0, 0, -1 ], 
      [ 0, 1, 1, 1, 0, 1, -1, -1, -1, -1, 0, -1, 1, 1, -1, 0, -1, 1, 1, 0, 
          -1, 1, 1, 0, 0, 0, 1, 1, -1 ], 
      [ 0, -1, 1, 1, 0, 1, -1, 1, 1, 1, 0, 1, -1, 1, -1, 0, -1, 1, -1, 0, 
          -1, 1, -1, 0, 0, 0, 1, -1, 1 ], 
      [ 0, -1, 1, 1, 1, 0, -1, 1, 1, 1, 1, 0, -1, 1, -1, -1, 0, 1, -1, -1, 
          0, 1, -1, 0, 1, -1, 0, 0, 1 ], 
      [ 0, 4, 2, 2, 0, 2, -2, -2, -2, -2, 0, -2, 2, 2, -1, 0, -1, 1, 1, 0, 
          -1, 1, 1, 0, 0, 0, 1, 1, -1 ], 
      [ 0, 2, 1, 1, 1, 0, -1, -2, -2, -2, -2, 0, 2, 4, -1, -1, 0, 1, 2, -1, 
          0, 1, 2, 0, 1, 2, 0, 0, -2 ], 
      [ 0, 2, 1, 1, 0, 1, -1, -2, -2, -2, 0, -2, 2, 4, -1, 0, -1, 1, 2, 0, 
          -1, 1, 2, 0, 0, 0, 1, 2, -2 ], 
      [ 0, -2, 1, 1, 1, 0, -1, 2, 2, 2, 2, 0, -2, 4, -1, -1, 0, 1, -2, -1, 
          0, 1, -2, 0, 1, -2, 0, 0, 2 ], 
      [ 0, -2, 2, 2, 0, 2, -2, 4, 1, 1, 0, 1, -1, 2, -1, 0, -1, 1, -2, 0, 
          -1, 1, -2, 0, 0, 0, 1, -2, 2 ], 
      [ 0, -2, 1, 1, 0, 1, -1, 2, 2, 2, 0, 2, -2, 4, -1, 0, -1, 1, -2, 0, 
          -1, 1, -2, 0, 0, 0, 1, -2, 2 ], 
      [ 0, 6, 2, 2, 0, 2, -2, -4, -3, -3, 0, -3, 3, 6, -1, 0, -1, 1, 2, 0, 
          -1, 1, 2, 0, 0, 0, 1, 2, -2 ], 
      [ 0, -4, 2, 2, 0, 2, -2, 6, 2, 2, 0, 2, -2, 6, -1, 0, -1, 1, -3, 0, 
          -1, 1, -3, 0, 0, 0, 1, -3, 3 ], 
      [ 0, -2, 2, 2, 2, 2, -2, 2, 1, 1, 1, 1, -1, 1, -1, -1, -1, 1, -1, -1, 
          -1, 1, -1, -1, 1, -1, 1, -1, 1 ], 
      [ 0, 2, 2, 2, 2, 2, -2, -2, -1, -1, -1, -1, 1, 1, -1, -1, -1, 1, 1, 
          -1, -1, 1, 1, -1, 1, 1, 1, 1, -1 ], 
      [ 0, -4, 2, 2, 2, 2, -2, 4, 2, 2, 2, 2, -2, 4, -1, -1, -1, 1, -2, -1, 
          -1, 1, -2, -1, 1, -2, 1, -2, 2 ], 
      [ 0, 4, 2, 2, 2, 2, -2, -4, -2, -2, -2, -2, 2, 4, -1, -1, -1, 1, 2, 
          -1, -1, 1, 2, -1, 1, 2, 1, 2, -2 ], 
      [ 0, -6, 2, 2, 2, 2, -2, 6, 3, 3, 3, 3, -3, 9, -1, -1, -1, 1, -3, -1, 
          -1, 1, -3, -1, 1, -3, 1, -3, 3 ], 
      [ 0, 6, 2, 2, 2, 2, -2, -6, -3, -3, -3, -3, 3, 9, -1, -1, -1, 1, 3, 
          -1, -1, 1, 3, -1, 1, 3, 1, 3, -3 ] ],
  ListIncidentSymbol := 
   [ [ 0, 0, 0, 0, 1, 0, 1, -1 ], [ 1, -1, 0, 0, 0, 0, 0, 1 ], 
      [ 0, -1, 0, 0, 0, 0, 1, 1 ], [ -1, 0, 0, 0, 0, 1, 0, 1 ], 
      [ 1, -1, 0, 0, 0, 0, 1, 0 ], [ 0, -1, 0, 0, 0, 1, 0, 1 ], 
      [ 1, 0, -1, 0, 0, 0, 1, 0 ], [ 0, -1, 0, 0, 1, 0, 0, 1 ], 
      [ 0, 1, 0, 0, 0, 0, 1, -1 ], [ 0, -1, 1, 0, 0, 0, 0, 1 ], 
      [ -1, 1, 0, 0, 0, 1, 0, 0 ], [ 0, -1, 0, 1, 0, 0, 0, 1 ], 
      [ 1, 0, 0, 0, 0, 0, 1, -1 ], [ 1, 0, 0, -1, 0, 0, 1, 0 ], 
      [ 0, -1, 0, 1, 1, 0, 0, 0 ], [ -1, 0, 1, 0, 0, 1, 0, 0 ], 
      [ 0, -1, 1, 0, 1, 0, 0, 0 ], [ 0, 1, 0, 0, -1, 1, 0, 0 ], 
      [ -1, 0, 0, 1, 1, 0, 0, 0 ], [ -1, 0, 1, 0, 1, 0, 0, 0 ], 
      [ 0, 0, 0, 1, 1, 0, 0, -1 ], [ 0, -1, 0, 0, 1, 0, 1, 0 ], 
      [ 0, 1, 0, 0, 0, 1, 0, -1 ], [ 0, 0, 1, 0, 1, 0, 0, -1 ], 
      [ 0, 0, 0, 0, -1, 1, 0, 1 ], [ -1, 0, 0, 1, 0, 1, 0, 0 ], 
      [ 1, 1, 0, 0, 0, 0, 0, -1 ], [ 0, 1, 0, 0, 1, 0, 0, -1 ], 
      [ 0, 1, 0, 1, 0, 0, 0, -1 ], [ 0, 1, 1, 0, 0, 0, 0, -1 ], 
      [ 1, -1, -1, 0, 0, 0, 1, 1 ], [ 1, -1, 0, -1, 0, 0, 1, 1 ], 
      [ -1, 0, 0, 1, 0, 1, -1, 1 ], [ -1, 0, 1, 1, 1, 0, -1, 0 ], 
      [ -1, 0, 1, 1, 0, 1, -1, 0 ], [ -1, 0, 1, 0, 0, 1, -1, 1 ], 
      [ 1, 0, 0, 0, 1, -1, 1, -1 ], [ -1, 1, 0, 1, 0, 1, -1, 0 ], 
      [ 1, 1, -1, 0, 0, 0, 1, -1 ], [ 1, -1, 0, 0, 1, -1, 1, 0 ], 
      [ -1, -1, 0, 1, 0, 1, 0, 1 ], [ -1, 1, 0, 1, 0, 1, 0, -1 ], 
      [ -1, 1, 1, 0, 0, 1, -1, 0 ], [ -1, -1, 1, 0, 0, 1, 0, 1 ], 
      [ 1, 1, 0, -1, 0, 0, 1, -1 ], [ -1, -1, 0, 1, 1, 0, 0, 1 ], 
      [ -1, 1, 1, 0, 0, 1, 0, -1 ], [ -1, -1, 1, 0, 1, 0, 0, 1 ], 
      [ -1, 1, 0, 1, 1, 0, 0, -1 ], [ -1, 1, 1, 0, 1, 0, 0, -1 ], 
      [ -1, -1, 1, 1, 1, 0, 0, 0 ], [ -1, 0, 1, 1, 1, 0, 0, -1 ], 
      [ -2, 0, 1, 1, 1, 1, -1, 0 ], [ -2, 0, 1, 1, 0, 1, -1, 1 ], 
      [ 1, -2, 0, 0, 1, -1, 1, 1 ], [ 1, 1, 0, 0, 1, -1, 1, -2 ], 
      [ -1, -2, 1, 1, 1, 0, 0, 1 ], [ -2, 1, 1, 1, 0, 1, -1, 0 ], 
      [ -1, 1, 1, 1, 1, 0, 0, -2 ], [ -1, 2, 0, 1, 0, 1, -1, -1 ], 
      [ -1, 2, 1, 0, 0, 1, -1, -1 ], [ -1, -1, 0, 1, 0, 1, -1, 2 ], 
      [ -1, -1, 1, 0, 0, 1, -1, 2 ], [ -1, 1, 1, 1, 1, 0, -1, -1 ], 
      [ -1, 1, 1, 1, 0, 1, -1, -1 ], [ -1, -1, 1, 1, 0, 1, -1, 1 ], 
      [ -1, -1, 1, 1, 1, 0, -1, 1 ], [ -2, 2, 1, 1, 0, 1, -1, -1 ], 
      [ -1, 2, 1, 1, 1, 0, -1, -2 ], [ -1, 2, 1, 1, 0, 1, -1, -2 ], 
      [ -1, -2, 1, 1, 1, 0, -1, 2 ], [ -2, -1, 1, 1, 0, 1, -1, 2 ], 
      [ -1, -2, 1, 1, 0, 1, -1, 2 ], [ -2, 3, 1, 1, 0, 1, -1, -2 ], 
      [ -2, -2, 1, 1, 0, 1, -1, 3 ], [ -2, -1, 1, 1, 1, 1, -1, 1 ], 
      [ -2, 1, 1, 1, 1, 1, -1, -1 ], [ -2, -2, 1, 1, 1, 1, -1, 2 ], 
      [ -2, 2, 1, 1, 1, 1, -1, -2 ], [ -2, -3, 1, 1, 1, 1, -1, 3 ], 
      [ -2, 3, 1, 1, 1, 1, -1, -3 ] ],
  ListAdjacent := [ rec(
          DistVect := [ 0, 0, 0, 1, 0, 0, 0, 0, 0, 1, 0, 0, 0, 0, 1, 0, 0, 
              0, 0, 1, 1, 1, 1, 0, 0, 0, 0, 0, 0 ],
          eAdj := [ 1, 2, 3, 4, 5, 6, 7, 8, 9, 10, 11, 12, 13, 15, 16, 17, 
              18, 19, 20, 21, 22, 23, 24, 25, 26, 27, 28, 29, 30, 31, 33, 
              34, 35, 36, 37, 38, 39, 40, 41, 42, 43, 44, 46, 47, 48, 49, 
              50, 51, 52, 53, 54, 55, 56, 57, 58, 59, 60, 61, 62, 63, 64, 
              65, 66, 67, 68, 69, 70, 71, 72, 73, 74, 75, 76, 77, 78, 79, 
              80, 81 ] ), rec(
          DistVect := [ 0, 0, 1, 1, 0, 0, 1, 0, 1, 1, 0, 0, 1, 0, 0, 1, 1, 
              0, 1, 1, 1, 0, 1, 0, 1, 0, 1, 0, 1 ],
          eAdj := [ 1, 2, 3, 4, 5, 6, 7, 8, 9, 10, 11, 12, 13, 14, 15, 16, 
              17, 18, 19, 20, 21, 22, 23, 24, 25, 26, 27, 28, 29, 30, 31, 
              32, 33, 34, 35, 36, 37, 38, 39, 40, 41, 42, 43, 44, 45, 46, 
              47, 48, 49, 50, 53, 54, 55, 56, 58, 60, 61, 62, 63, 64, 65, 
              66, 67, 68, 69, 70, 71, 72, 73, 74, 75, 76, 77, 78, 79, 80, 81 
             ] ), rec(
          DistVect := [ 0, 0, 0, 0, 0, 1, 0, 0, 0, 0, 0, 1, 0, 0, 0, 0, 1, 
              0, 0, 0, 1, 0, 0, 1, 0, 0, 1, 1, 0 ],
          eAdj := [ 1, 2, 3, 4, 5, 6, 7, 8, 9, 10, 11, 12, 13, 14, 15, 16, 
              17, 18, 19, 20, 21, 22, 23, 24, 25, 26, 27, 28, 29, 30, 31, 
              32, 33, 34, 35, 36, 38, 39, 41, 42, 43, 44, 45, 46, 47, 48, 
              49, 50, 51, 52, 53, 54, 57, 58, 59, 60, 61, 62, 63, 64, 65, 
              66, 67, 68, 69, 70, 71, 72, 73, 74, 75, 76, 77, 78, 79, 80, 81 
             ] ), rec(
          DistVect := [ 0, 0, 0, 1, 0, 1, 1, 0, 0, 1, 0, 1, 1, 0, 1, 0, 1, 
              1, 0, 1, 0, 0, 1, 1, 1, 0, 0, 1, 1 ],
          eAdj := [ 1, 2, 3, 4, 5, 6, 7, 8, 9, 10, 11, 12, 13, 14, 15, 16, 
              17, 18, 19, 20, 21, 22, 23, 24, 25, 27, 28, 29, 30, 31, 32, 
              33, 34, 35, 36, 37, 38, 39, 40, 43, 44, 45, 46, 47, 48, 49, 
              50, 51, 52, 53, 54, 55, 56, 57, 58, 59, 60, 61, 62, 63, 64, 
              65, 66, 67, 68, 69, 70, 71, 72, 73, 74, 75, 76, 77, 78, 79, 
              80, 81 ] ), rec(
          DistVect := [ 0, 1, 1, 0, 1, 0, 1, 1, 0, 1, 0, 1, 0, 0, 1, 0, 1, 
              0, 0, 1, 0, 1, 1, 1, 0, 0, 1, 1, 0 ],
          eAdj := [ 1, 2, 3, 4, 5, 6, 7, 8, 9, 10, 11, 12, 13, 14, 15, 16, 
              17, 18, 19, 21, 22, 23, 24, 25, 26, 27, 28, 29, 30, 31, 32, 
              33, 34, 35, 36, 37, 38, 39, 40, 41, 42, 43, 44, 45, 46, 47, 
              49, 51, 52, 53, 54, 55, 56, 57, 58, 59, 60, 61, 62, 63, 64, 
              65, 66, 67, 68, 69, 70, 71, 72, 73, 74, 75, 76, 77, 78, 79, 
              80, 81 ] ), rec(
          DistVect := [ 0, 1, 0, 1, 0, 0, 1, 1, 1, 0, 1, 1, 0, 0, 1, 0, 0, 
              1, 1, 1, 1, 0, 0, 0, 1, 1, 1, 1, 0 ],
          eAdj := [ 1, 2, 3, 4, 5, 6, 7, 8, 9, 10, 11, 12, 13, 14, 15, 16, 
              18, 19, 20, 21, 22, 23, 25, 26, 27, 28, 29, 30, 31, 32, 33, 
              34, 35, 36, 37, 38, 39, 40, 41, 42, 43, 44, 45, 46, 47, 48, 
              49, 50, 51, 52, 53, 54, 55, 56, 57, 58, 59, 60, 61, 62, 63, 
              64, 65, 66, 67, 68, 69, 70, 71, 72, 73, 74, 75, 76, 77, 78, 
              79, 80, 81 ] ), rec(
          DistVect := [ 0, 1, 0, 0, 1, 1, 1, 1, 1, 1, 0, 0, 0, 0, 0, 1, 1, 
              1, 1, 1, 1, 1, 1, 0, 0, 0, 0, 0, 0 ],
          eAdj := [ 1, 2, 3, 5, 6, 7, 8, 9, 10, 12, 13, 14, 15, 16, 17, 18, 
              19, 20, 21, 22, 23, 24, 25, 26, 27, 28, 29, 30, 31, 32, 33, 
              34, 35, 36, 37, 38, 39, 40, 41, 42, 43, 44, 45, 46, 47, 48, 
              49, 50, 51, 52, 53, 54, 55, 56, 57, 58, 59, 60, 61, 62, 63, 
              64, 65, 66, 67, 68, 69, 70, 71, 72, 73, 74, 75, 76, 77, 78, 
              79, 80, 81 ] ), rec(
          DistVect := [ 0, 0, 0, 0, 1, 0, 0, 0, 0, 0, 1, 0, 0, 0, 0, 1, 0, 
              0, 0, 1, 0, 0, 0, 1, 1, 1, 0, 0, 0 ],
          eAdj := [ 1, 2, 3, 4, 5, 6, 7, 8, 9, 10, 11, 12, 13, 14, 15, 16, 
              17, 19, 20, 21, 22, 23, 24, 26, 27, 28, 29, 30, 31, 32, 33, 
              34, 35, 36, 37, 38, 39, 40, 41, 42, 43, 44, 45, 46, 47, 48, 
              49, 50, 51, 52, 53, 54, 55, 56, 57, 58, 59, 60, 61, 62, 63, 
              64, 65, 66, 67, 68, 69, 70, 71, 72, 73, 74, 75, 76, 77, 78, 
              79, 80, 81 ] ), rec(
          DistVect := [ 0, 0, 0, 0, 1, 1, 1, 0, 0, 0, 1, 1, 1, 0, 0, 1, 1, 
              1, 0, 1, 1, 1, 0, 0, 0, 1, 0, 1, 1 ],
          eAdj := [ 2, 3, 4, 5, 6, 7, 8, 9, 10, 11, 12, 13, 14, 15, 16, 17, 
              18, 19, 20, 21, 23, 24, 25, 26, 27, 28, 29, 30, 31, 32, 33, 
              34, 35, 36, 37, 38, 39, 40, 41, 42, 43, 44, 45, 46, 47, 48, 
              49, 50, 51, 52, 53, 54, 55, 56, 57, 58, 59, 60, 61, 62, 63, 
              64, 65, 66, 67, 68, 69, 70, 71, 72, 73, 74, 75, 76, 77, 78, 
              79, 80, 81 ] ), rec(
          DistVect := [ 0, 4, 5, 5, 4, 3, 8, 5, 7, 7, 4, 5, 4, 3, 4, 7, 8, 
              5, 4, 7, 8, 5, 4, 5, 8, 3, 7, 8, 5 ],
          eAdj := [ 1, 4, 5, 6, 16, 21, 22, 24, 25, 26, 29, 30, 31, 32, 37, 
              38, 43, 49, 50, 58, 59, 64, 65, 68, 69, 77 ] ), rec(
          DistVect := [ 0, 4, 5, 4, 4, 3, 8, 5, 7, 4, 4, 5, 4, 3, 5, 7, 8, 
              5, 4, 8, 7, 4, 5, 5, 8, 3, 7, 8, 5 ],
          eAdj := [ 1, 4, 5, 6, 14, 15, 16, 19, 21, 22, 24, 25, 26, 30, 31, 
              33, 35, 37, 41, 43, 50, 52, 53, 58, 64, 77 ] ), rec(
          DistVect := [ 0, 4, 3, 4, 4, 5, 8, 3, 7, 4, 4, 5, 4, 3, 5, 7, 8, 
              7, 4, 8, 7, 4, 5, 5, 8, 3, 5, 8, 7 ],
          eAdj := [ 3, 4, 5, 6, 14, 15, 16, 19, 20, 21, 22, 24, 25, 30, 31, 
              33, 35, 37, 41, 43, 50, 52, 53, 54, 58, 64 ] ), rec(
          DistVect := [ 0, 4, 4, 4, 4, 5, 8, 3, 4, 4, 4, 5, 4, 3, 4, 8, 7, 
              4, 5, 8, 7, 4, 5, 5, 8, 3, 5, 8, 7 ],
          eAdj := [ 3, 4, 5, 6, 7, 14, 15, 17, 19, 20, 21, 22, 24, 25, 33, 
              34, 35, 36, 37, 41, 44, 51, 53, 54, 66, 76 ] ), rec(
          DistVect := [ 0, 3, 4, 4, 4, 4, 7, 4, 7, 5, 3, 5, 4, 3, 4, 8, 8, 
              7, 4, 8, 8, 5, 4, 4, 7, 4, 5, 8, 7 ],
          eAdj := [ 3, 4, 5, 6, 15, 16, 19, 20, 21, 22, 24, 25, 26, 30, 31, 
              32, 38, 40, 43, 50, 52, 58, 64, 65, 68, 77 ] ), rec(
          DistVect := [ 0, 3, 4, 4, 4, 4, 7, 4, 5, 5, 3, 5, 4, 3, 4, 8, 8, 
              5, 4, 8, 8, 5, 4, 4, 7, 4, 5, 8, 7 ],
          eAdj := [ 3, 4, 5, 6, 15, 16, 17, 19, 20, 21, 22, 24, 25, 26, 31, 
              32, 35, 38, 40, 43, 52, 53, 58, 64, 65, 77 ] ), rec(
          DistVect := [ 0, 4, 4, 5, 4, 3, 8, 5, 4, 7, 4, 5, 4, 3, 7, 8, 5, 
              4, 7, 7, 8, 5, 4, 5, 8, 3, 7, 8, 5 ],
          eAdj := [ 1, 4, 5, 6, 7, 10, 17, 20, 21, 22, 25, 26, 29, 32, 34, 
              35, 36, 37, 38, 44, 49, 52, 53, 54, 58, 64 ] ), rec(
          DistVect := [ 0, 4, 4, 4, 4, 3, 8, 5, 4, 4, 4, 5, 4, 3, 4, 8, 5, 
              4, 7, 8, 7, 4, 5, 5, 8, 3, 7, 8, 5 ],
          eAdj := [ 1, 4, 5, 6, 7, 10, 14, 15, 17, 19, 20, 21, 22, 25, 26, 
              33, 34, 36, 37, 41, 44, 51, 53, 54, 66, 76 ] ), rec(
          DistVect := [ 0, 4, 4, 4, 4, 5, 8, 3, 4, 4, 4, 5, 4, 3, 4, 8, 5, 
              4, 7, 8, 7, 4, 5, 5, 8, 3, 5, 8, 7 ],
          eAdj := [ 3, 4, 5, 6, 7, 10, 14, 15, 17, 19, 20, 21, 22, 25, 33, 
              34, 36, 37, 41, 44, 48, 51, 54, 66, 72, 76 ] ), rec(
          DistVect := [ 0, 3, 3, 4, 4, 4, 7, 4, 4, 5, 3, 5, 4, 3, 5, 7, 5, 
              4, 7, 8, 8, 5, 4, 4, 7, 4, 5, 8, 7 ],
          eAdj := [ 3, 4, 5, 6, 7, 10, 15, 17, 19, 20, 21, 22, 25, 26, 32, 
              34, 35, 36, 38, 40, 44, 48, 51, 53, 54, 58 ] ), rec(
          DistVect := [ 0, 4, 5, 5, 4, 4, 8, 5, 7, 7, 4, 8, 4, 3, 4, 7, 5, 
              5, 4, 7, 5, 5, 4, 4, 8, 3, 8, 5, 5 ],
          eAdj := [ 1, 5, 11, 18, 21, 22, 23, 24, 29, 30, 31, 32, 40, 42, 
              47, 49, 50, 59, 60, 61, 64, 68, 69, 70, 74, 79 ] ), rec(
          DistVect := [ 0, 4, 4, 5, 4, 4, 8, 5, 4, 7, 4, 8, 4, 3, 5, 8, 8, 
              4, 5, 7, 5, 5, 4, 4, 8, 3, 8, 5, 5 ],
          eAdj := [ 1, 5, 7, 11, 16, 17, 18, 20, 21, 22, 23, 24, 29, 32, 40, 
              42, 43, 47, 49, 52, 60, 64, 65, 68, 77, 79 ] ), rec(
          DistVect := [ 0, 4, 4, 5, 4, 4, 8, 5, 4, 7, 4, 8, 4, 3, 5, 8, 8, 
              4, 5, 7, 7, 5, 4, 4, 8, 3, 8, 7, 5 ],
          eAdj := [ 1, 5, 7, 11, 16, 17, 18, 20, 21, 22, 24, 25, 29, 32, 38, 
              40, 42, 43, 49, 52, 58, 60, 64, 65, 68, 77 ] ), rec(
          DistVect := [ 0, 4, 4, 7, 4, 4, 8, 7, 4, 7, 4, 8, 4, 3, 5, 8, 8, 
              4, 5, 9, 7, 3, 4, 4, 8, 5, 8, 7, 3 ],
          eAdj := [ 1, 2, 5, 7, 11, 16, 17, 18, 20, 21, 22, 29, 32, 34, 38, 
              40, 42, 43, 47, 49, 52, 60, 64, 65, 68, 77 ] ), rec(
          DistVect := [ 0, 1, 1, 2, 2, 1, 2, 2, 1, 2, 2, 2, 1, 1, 1, 2, 2, 
              1, 1, 2, 2, 1, 1, 1, 2, 1, 2, 2, 1 ],
          eAdj := [ 1, 2, 5, 7, 11, 16, 21, 24, 25, 28, 29, 31, 32, 37, 38, 
              40, 42, 43, 47, 49, 50, 59, 60, 64, 65, 68, 69, 79 ] ), rec(
          DistVect := [ 0, 4, 5, 7, 5, 3, 7, 7, 5, 7, 5, 7, 3, 3, 4, 8, 8, 
              4, 4, 8, 8, 4, 4, 4, 8, 4, 8, 8, 4 ],
          eAdj := [ 1, 2, 5, 11, 16, 21, 22, 24, 25, 29, 31, 32, 38, 40, 42, 
              43, 47, 49, 50, 59, 60, 64, 65, 68, 69, 79 ] ), rec(
          DistVect := [ 0, 4, 7, 7, 4, 4, 8, 7, 7, 7, 4, 8, 4, 3, 4, 7, 7, 
              5, 4, 7, 7, 5, 4, 4, 8, 3, 8, 7, 5 ],
          eAdj := [ 1, 2, 5, 11, 18, 21, 22, 24, 25, 29, 30, 31, 32, 40, 42, 
              47, 49, 50, 59, 60, 61, 69, 70, 74, 79, 81 ] ), rec(
          DistVect := [ 0, 4, 7, 7, 3, 3, 9, 7, 7, 7, 3, 7, 5, 3, 4, 8, 8, 
              4, 4, 8, 8, 4, 4, 4, 8, 4, 8, 8, 4 ],
          eAdj := [ 1, 2, 5, 11, 18, 21, 22, 24, 25, 29, 30, 31, 32, 38, 40, 
              42, 43, 47, 49, 50, 59, 64, 65, 68, 77, 79 ] ), rec(
          DistVect := [ 0, 3, 4, 4, 4, 5, 7, 4, 7, 5, 3, 8, 4, 3, 4, 8, 5, 
              7, 4, 8, 7, 5, 4, 5, 7, 4, 8, 5, 7 ],
          eAdj := [ 3, 5, 11, 15, 18, 19, 20, 21, 22, 23, 24, 30, 31, 32, 
              42, 47, 50, 52, 55, 60, 61, 64, 68, 70, 74, 79 ] ), rec(
          DistVect := [ 0, 3, 4, 4, 4, 5, 7, 4, 5, 5, 3, 8, 4, 3, 4, 8, 7, 
              5, 4, 8, 7, 5, 4, 5, 7, 4, 8, 5, 7 ],
          eAdj := [ 3, 5, 11, 15, 17, 18, 19, 20, 21, 22, 23, 24, 31, 32, 
              42, 47, 52, 55, 60, 61, 64, 65, 68, 70, 77, 79 ] ), rec(
          DistVect := [ 0, 4, 4, 3, 4, 4, 8, 3, 4, 7, 4, 8, 4, 3, 5, 8, 8, 
              4, 5, 7, 5, 7, 4, 4, 8, 3, 8, 5, 7 ],
          eAdj := [ 3, 5, 7, 11, 16, 17, 18, 19, 20, 21, 22, 23, 24, 29, 32, 
              40, 42, 43, 49, 52, 58, 60, 64, 65, 68, 77 ] ), rec(
          DistVect := [ 0, 4, 4, 4, 4, 4, 8, 3, 4, 4, 4, 8, 4, 3, 4, 8, 8, 
              4, 5, 8, 8, 4, 5, 4, 8, 3, 8, 5, 7 ],
          eAdj := [ 3, 5, 7, 11, 14, 15, 16, 17, 18, 19, 20, 21, 22, 23, 24, 
              26, 34, 35, 38, 40, 43, 51, 53, 58, 65, 77 ] ), rec(
          DistVect := [ 0, 1, 2, 2, 1, 1, 2, 2, 2, 2, 1, 2, 1, 1, 1, 2, 2, 
              2, 1, 2, 2, 2, 1, 1, 2, 1, 2, 2, 2 ],
          eAdj := [ 2, 3, 5, 11, 18, 21, 22, 24, 25, 29, 30, 31, 32, 40, 42, 
              47, 49, 50, 55, 59, 60, 61, 69, 70, 74, 79, 81 ] ), rec(
          DistVect := [ 0, 3, 4, 4, 4, 4, 7, 4, 5, 5, 3, 7, 4, 3, 4, 8, 8, 
              5, 4, 8, 8, 5, 4, 4, 7, 4, 7, 8, 7 ],
          eAdj := [ 3, 4, 5, 11, 15, 16, 17, 18, 19, 20, 21, 22, 24, 25, 26, 
              31, 32, 38, 40, 43, 52, 58, 64, 65, 68, 77 ] ), rec(
          DistVect := [ 0, 4, 4, 4, 4, 4, 8, 3, 4, 4, 4, 8, 4, 3, 4, 8, 8, 
              4, 5, 8, 8, 4, 5, 4, 8, 3, 8, 7, 7 ],
          eAdj := [ 3, 4, 5, 7, 11, 14, 15, 16, 17, 18, 19, 20, 21, 22, 24, 
              25, 26, 34, 35, 38, 40, 43, 51, 53, 54, 58 ] ), rec(
          DistVect := [ 0, 1, 1, 1, 1, 1, 2, 1, 1, 1, 1, 2, 1, 1, 1, 2, 2, 
              1, 1, 2, 2, 1, 1, 1, 2, 2, 2, 2, 2 ],
          eAdj := [ 3, 4, 5, 7, 8, 11, 14, 15, 16, 17, 18, 19, 20, 22, 26, 
              31, 32, 34, 35, 38, 40, 43, 46, 48, 51, 53, 55, 58, 65 ] ), 
      rec(
          DistVect := [ 0, 4, 4, 5, 4, 4, 8, 5, 4, 7, 4, 8, 4, 3, 7, 8, 8, 
              4, 7, 7, 5, 5, 4, 4, 8, 3, 8, 5, 5 ],
          eAdj := [ 1, 5, 7, 10, 11, 16, 17, 18, 20, 21, 22, 23, 29, 32, 34, 
              40, 42, 43, 49, 52, 58, 60, 64, 65, 68, 77 ] ), rec(
          DistVect := [ 0, 4, 4, 4, 4, 4, 8, 5, 4, 4, 4, 8, 4, 3, 4, 8, 8, 
              4, 7, 8, 8, 4, 5, 4, 8, 3, 8, 5, 5 ],
          eAdj := [ 1, 5, 7, 10, 11, 14, 15, 16, 17, 18, 19, 20, 21, 22, 23, 
              26, 34, 35, 38, 40, 42, 43, 51, 53, 58, 77 ] ), rec(
          DistVect := [ 0, 4, 4, 4, 4, 4, 8, 5, 4, 4, 4, 8, 4, 3, 4, 8, 8, 
              4, 7, 8, 8, 4, 5, 4, 8, 3, 8, 7, 5 ],
          eAdj := [ 1, 5, 7, 10, 11, 14, 15, 16, 17, 18, 19, 20, 21, 22, 25, 
              26, 34, 35, 36, 38, 40, 43, 51, 53, 54, 58 ] ), rec(
          DistVect := [ 0, 4, 4, 7, 3, 3, 9, 7, 4, 7, 3, 7, 5, 3, 7, 7, 7, 
              5, 7, 8, 8, 4, 4, 4, 8, 4, 8, 8, 4 ],
          eAdj := [ 1, 2, 5, 7, 10, 11, 16, 17, 18, 20, 21, 22, 25, 29, 32, 
              34, 35, 36, 38, 40, 42, 49, 52, 53, 58, 77 ] ), rec(
          DistVect := [ 0, 4, 4, 7, 4, 4, 8, 7, 4, 7, 4, 8, 4, 3, 7, 8, 8, 
              4, 7, 7, 7, 5, 4, 4, 8, 3, 8, 7, 5 ],
          eAdj := [ 1, 2, 5, 7, 10, 11, 16, 17, 18, 20, 21, 22, 25, 29, 32, 
              40, 42, 43, 49, 52, 60, 64, 65, 68, 77, 79 ] ), rec(
          DistVect := [ 0, 4, 4, 4, 4, 4, 8, 7, 4, 4, 4, 8, 4, 3, 4, 8, 8, 
              4, 7, 8, 8, 4, 5, 4, 8, 5, 8, 7, 3 ],
          eAdj := [ 1, 2, 5, 7, 10, 11, 14, 15, 16, 17, 18, 19, 20, 22, 26, 
              34, 35, 36, 38, 40, 42, 43, 51, 53, 58, 67 ] ), rec(
          DistVect := [ 0, 4, 4, 5, 5, 3, 7, 7, 4, 5, 5, 7, 3, 3, 5, 9, 7, 
              3, 7, 8, 8, 4, 4, 4, 8, 4, 8, 8, 4 ],
          eAdj := [ 1, 2, 5, 7, 10, 11, 16, 17, 20, 21, 22, 25, 26, 32, 34, 
              35, 36, 38, 40, 42, 43, 49, 52, 58, 64, 77 ] ), rec(
          DistVect := [ 0, 3, 3, 4, 4, 5, 7, 4, 4, 5, 3, 8, 4, 3, 5, 7, 8, 
              4, 7, 8, 7, 5, 4, 5, 7, 4, 8, 5, 7 ],
          eAdj := [ 3, 5, 7, 10, 11, 15, 16, 17, 18, 19, 20, 21, 22, 23, 32, 
              34, 42, 43, 48, 51, 55, 58, 60, 65, 68, 77 ] ), rec(
          DistVect := [ 0, 4, 4, 4, 4, 4, 8, 3, 4, 4, 4, 8, 4, 3, 4, 8, 8, 
              4, 7, 8, 8, 4, 5, 4, 8, 3, 8, 5, 7 ],
          eAdj := [ 3, 5, 7, 10, 11, 14, 15, 16, 17, 18, 19, 20, 21, 22, 23, 
              26, 34, 35, 38, 40, 43, 48, 51, 53, 54, 58 ] ), rec(
          DistVect := [ 0, 1, 1, 2, 1, 1, 2, 2, 1, 2, 1, 2, 1, 1, 2, 2, 2, 
              1, 2, 2, 2, 2, 1, 1, 2, 1, 2, 2, 2 ],
          eAdj := [ 2, 3, 5, 7, 10, 11, 16, 17, 18, 20, 21, 22, 25, 29, 31, 
              32, 40, 42, 43, 49, 52, 55, 60, 64, 65, 68, 77, 79 ] ), rec(
          DistVect := [ 0, 4, 4, 4, 4, 3, 8, 5, 4, 4, 4, 5, 4, 3, 4, 8, 5, 
              4, 7, 8, 5, 4, 7, 5, 8, 3, 7, 8, 5 ],
          eAdj := [ 1, 4, 5, 6, 7, 10, 12, 14, 15, 17, 19, 20, 22, 25, 33, 
              34, 36, 37, 41, 44, 51, 54, 66, 67, 72, 76 ] ), rec(
          DistVect := [ 0, 4, 4, 4, 4, 4, 8, 5, 4, 4, 4, 8, 4, 3, 4, 8, 8, 
              4, 7, 8, 8, 4, 7, 4, 8, 3, 8, 5, 5 ],
          eAdj := [ 1, 5, 7, 10, 11, 12, 14, 15, 16, 17, 18, 19, 20, 22, 23, 
              26, 34, 35, 38, 40, 43, 51, 53, 54, 58, 67 ] ), rec(
          DistVect := [ 0, 4, 4, 4, 3, 3, 9, 7, 4, 4, 3, 7, 5, 3, 4, 7, 7, 
              5, 7, 7, 7, 5, 7, 4, 8, 4, 8, 8, 4 ],
          eAdj := [ 1, 2, 5, 7, 10, 11, 12, 14, 15, 16, 17, 18, 19, 20, 22, 
              25, 26, 33, 36, 40, 51, 53, 54, 66, 67, 76 ] ), rec(
          DistVect := [ 0, 4, 4, 4, 4, 4, 8, 7, 4, 4, 4, 8, 4, 3, 4, 8, 8, 
              4, 7, 8, 8, 4, 7, 4, 8, 3, 8, 7, 5 ],
          eAdj := [ 1, 2, 5, 7, 10, 11, 12, 14, 15, 16, 17, 18, 19, 20, 22, 
              25, 26, 34, 35, 38, 40, 43, 51, 53, 58, 77 ] ), rec(
          DistVect := [ 0, 1, 1, 1, 1, 1, 2, 2, 1, 1, 1, 2, 1, 1, 1, 2, 2, 
              1, 2, 2, 2, 1, 2, 1, 2, 1, 2, 2, 2 ],
          eAdj := [ 2, 3, 5, 7, 10, 11, 12, 14, 15, 16, 17, 18, 19, 20, 22, 
              25, 26, 31, 32, 34, 35, 38, 40, 43, 51, 53, 55, 58, 77 ] ), 
      rec(
          DistVect := [ 0, 5, 4, 4, 4, 4, 8, 4, 3, 5, 7, 7, 3, 3, 4, 8, 8, 
              4, 4, 8, 8, 4, 4, 4, 8, 4, 8, 8, 4 ],
          eAdj := [ 1, 4, 5, 7, 13, 14, 16, 19, 20, 21, 24, 25, 26, 28, 33, 
              34, 35, 36, 37, 38, 44, 49, 52, 53, 54, 64 ] ), rec(
          DistVect := [ 0, 5, 4, 4, 4, 4, 8, 4, 5, 5, 5, 7, 3, 3, 4, 8, 8, 
              4, 4, 8, 8, 4, 4, 4, 8, 4, 8, 8, 4 ],
          eAdj := [ 1, 4, 5, 7, 13, 14, 16, 19, 20, 21, 22, 24, 25, 26, 33, 
              34, 35, 36, 37, 38, 43, 52, 53, 54, 58, 64 ] ), rec(
          DistVect := [ 0, 4, 4, 4, 4, 5, 8, 3, 4, 4, 4, 5, 4, 3, 4, 8, 7, 
              4, 5, 8, 7, 4, 5, 3, 8, 5, 7, 8, 5 ],
          eAdj := [ 4, 5, 6, 7, 13, 14, 15, 17, 19, 20, 22, 25, 33, 34, 36, 
              37, 41, 44, 46, 48, 51, 54, 66, 67, 72, 76 ] ), rec(
          DistVect := [ 0, 4, 4, 4, 4, 5, 8, 3, 4, 4, 4, 5, 4, 3, 4, 8, 9, 
              4, 3, 8, 7, 4, 5, 3, 8, 5, 7, 8, 5 ],
          eAdj := [ 4, 5, 6, 7, 13, 14, 15, 16, 17, 19, 20, 22, 24, 25, 33, 
              34, 35, 36, 37, 41, 44, 46, 51, 54, 66, 76 ] ), rec(
          DistVect := [ 0, 4, 4, 4, 4, 5, 8, 3, 4, 4, 4, 5, 4, 3, 4, 8, 7, 
              4, 5, 8, 7, 4, 5, 5, 8, 3, 7, 8, 5 ],
          eAdj := [ 1, 4, 5, 6, 7, 13, 14, 15, 17, 19, 20, 21, 22, 24, 25, 
              33, 34, 36, 37, 41, 44, 51, 54, 66, 72, 76 ] ), rec(
          DistVect := [ 0, 4, 4, 4, 4, 3, 8, 5, 4, 4, 4, 5, 4, 3, 4, 8, 7, 
              4, 5, 8, 7, 4, 5, 3, 8, 5, 9, 8, 3 ],
          eAdj := [ 1, 4, 5, 6, 7, 13, 14, 15, 16, 17, 19, 20, 22, 25, 26, 
              33, 34, 36, 37, 41, 44, 51, 54, 66, 67, 76 ] ), rec(
          DistVect := [ 0, 3, 4, 4, 4, 4, 8, 4, 5, 5, 5, 5, 5, 3, 4, 8, 8, 
              4, 4, 8, 8, 4, 4, 4, 8, 4, 8, 8, 4 ],
          eAdj := [ 1, 4, 5, 6, 7, 13, 14, 16, 19, 20, 21, 24, 25, 26, 33, 
              34, 35, 36, 37, 49, 50, 52, 53, 54, 58, 64 ] ), rec(
          DistVect := [ 0, 3, 4, 4, 4, 4, 8, 4, 5, 3, 5, 5, 5, 3, 4, 8, 8, 
              4, 4, 8, 8, 4, 4, 4, 8, 4, 8, 8, 4 ],
          eAdj := [ 1, 4, 5, 6, 7, 13, 14, 15, 16, 19, 20, 21, 24, 25, 26, 
              33, 34, 35, 36, 37, 41, 50, 52, 53, 54, 66 ] ), rec(
          DistVect := [ 0, 5, 4, 4, 4, 4, 8, 4, 5, 5, 5, 5, 3, 3, 4, 8, 8, 
              4, 4, 8, 8, 4, 4, 4, 8, 4, 8, 8, 4 ],
          eAdj := [ 1, 4, 5, 6, 7, 13, 14, 16, 19, 20, 21, 22, 24, 25, 26, 
              33, 34, 35, 36, 37, 41, 44, 52, 53, 54, 64 ] ), rec(
          DistVect := [ 0, 3, 4, 4, 4, 4, 8, 4, 5, 5, 3, 5, 5, 3, 4, 8, 8, 
              4, 4, 8, 8, 4, 4, 4, 8, 4, 8, 8, 4 ],
          eAdj := [ 1, 4, 5, 6, 7, 13, 14, 15, 16, 17, 19, 20, 21, 22, 24, 
              25, 26, 33, 34, 35, 36, 37, 52, 53, 54, 58 ] ), rec(
          DistVect := [ 0, 5, 4, 4, 5, 4, 8, 4, 3, 5, 4, 7, 3, 3, 4, 7, 8, 
              4, 4, 9, 8, 4, 4, 3, 7, 7, 8, 8, 4 ],
          eAdj := [ 4, 5, 7, 8, 13, 14, 15, 16, 17, 18, 19, 22, 26, 33, 34, 
              35, 36, 38, 40, 44, 46, 48, 51, 54, 67, 76 ] ), rec(
          DistVect := [ 0, 4, 4, 4, 4, 4, 8, 3, 4, 4, 4, 8, 4, 3, 4, 8, 8, 
              4, 5, 8, 8, 4, 3, 4, 8, 5, 8, 7, 5 ],
          eAdj := [ 4, 5, 7, 11, 13, 14, 15, 16, 17, 18, 19, 20, 21, 22, 26, 
              34, 35, 36, 38, 40, 43, 48, 51, 53, 54, 58 ] ), rec(
          DistVect := [ 0, 3, 4, 4, 4, 4, 8, 4, 3, 3, 7, 7, 5, 3, 4, 8, 8, 
              4, 4, 8, 8, 4, 4, 4, 8, 4, 8, 8, 4 ],
          eAdj := [ 1, 4, 5, 7, 11, 13, 14, 16, 19, 20, 21, 24, 25, 26, 28, 
              33, 34, 35, 36, 37, 49, 50, 52, 53, 54, 66 ] ), rec(
          DistVect := [ 0, 4, 4, 4, 3, 4, 8, 3, 4, 4, 7, 8, 4, 3, 4, 7, 8, 
              4, 3, 7, 8, 4, 3, 3, 9, 4, 8, 7, 5 ],
          eAdj := [ 1, 4, 5, 7, 11, 13, 14, 16, 19, 20, 21, 24, 25, 26, 28, 
              35, 37, 38, 43, 49, 50, 52, 58, 64, 65, 77 ] ), rec(
          DistVect := [ 0, 1, 2, 2, 1, 1, 2, 2, 2, 2, 1, 2, 1, 1, 1, 2, 1, 
              1, 1, 2, 1, 1, 1, 1, 2, 1, 2, 1, 1 ],
          eAdj := [ 1, 2, 5, 11, 18, 21, 22, 23, 24, 29, 30, 31, 32, 40, 42, 
              47, 49, 50, 55, 59, 60, 61, 64, 69, 70, 74, 79, 81 ] ), rec(
          DistVect := [ 0, 1, 1, 1, 1, 1, 2, 1, 1, 1, 2, 2, 1, 1, 1, 2, 2, 
              1, 1, 2, 2, 1, 1, 1, 3, 1, 2, 2, 2 ],
          eAdj := [ 1, 3, 4, 5, 7, 11, 14, 16, 19, 20, 21, 22, 24, 25, 26, 
              28, 31, 32, 35, 37, 38, 40, 43, 49, 50, 52, 58, 64, 65, 77 ] ),
      rec(
          DistVect := [ 0, 1, 1, 1, 1, 1, 2, 2, 1, 1, 1, 2, 1, 1, 1, 2, 2, 
              1, 2, 2, 2, 1, 1, 1, 2, 2, 2, 2, 1 ],
          eAdj := [ 2, 5, 7, 8, 10, 11, 14, 15, 16, 17, 18, 19, 20, 22, 26, 
              32, 34, 35, 36, 38, 40, 42, 43, 48, 51, 53, 55, 58, 67 ] ), 
      rec(
          DistVect := [ 0, 1, 1, 1, 1, 1, 2, 1, 1, 1, 0, 2, 1, 1, 1, 1, 2, 
              1, 2, 1, 2, 1, 2, 2, 1, 1, 2, 1, 2 ],
          eAdj := [ 3, 5, 7, 8, 10, 11, 12, 14, 15, 16, 17, 18, 22, 23, 26, 
              35, 38, 43, 46, 48, 53, 54, 55, 57, 58, 67, 76 ] ), rec(
          DistVect := [ 0, 2, 1, 1, 1, 1, 3, 1, 2, 2, 1, 2, 1, 1, 1, 2, 2, 
              2, 1, 2, 2, 2, 1, 1, 2, 1, 2, 2, 2 ],
          eAdj := [ 3, 4, 5, 7, 13, 14, 16, 18, 19, 20, 21, 22, 24, 25, 26, 
              27, 29, 30, 31, 32, 37, 38, 40, 43, 52, 53, 58, 64, 65, 77 ] ),
      rec(
          DistVect := [ 0, 2, 2, 1, 1, 1, 3, 1, 1, 2, 1, 2, 1, 1, 2, 2, 2, 
              1, 2, 2, 2, 2, 1, 1, 2, 1, 2, 2, 2 ],
          eAdj := [ 3, 4, 5, 7, 10, 13, 14, 17, 18, 19, 21, 22, 25, 26, 27, 
              29, 32, 34, 35, 36, 37, 38, 39, 40, 44, 48, 51, 53, 54, 76 ] ),
      rec(
          DistVect := [ 0, 1, 2, 2, 1, 1, 3, 2, 2, 2, 1, 2, 2, 1, 1, 2, 2, 
              1, 1, 2, 2, 1, 1, 1, 2, 1, 2, 2, 1 ],
          eAdj := [ 1, 2, 5, 7, 9, 11, 13, 14, 18, 21, 24, 25, 29, 30, 31, 
              32, 37, 38, 40, 42, 43, 47, 49, 50, 59, 64, 65, 68, 77, 79 ] ),
      rec(
          DistVect := [ 0, 1, 1, 1, 1, 1, 2, 1, 2, 2, 1, 1, 1, 1, 1, 2, 2, 
              2, 1, 2, 2, 2, 1, 1, 2, 1, 1, 2, 2 ],
          eAdj := [ 3, 4, 5, 6, 16, 19, 20, 21, 22, 24, 25, 26, 29, 30, 31, 
              32, 37, 38, 40, 43, 49, 50, 52, 58, 59, 64, 65, 68, 69, 77 ] ),
      rec(
          DistVect := [ 0, 1, 1, 1, 1, 1, 2, 1, 2, 2, 1, 1, 1, 1, 1, 1, 2, 
              2, 1, 1, 2, 2, 1, 2, 2, 0, 1, 2, 2 ],
          eAdj := [ 1, 3, 4, 5, 6, 16, 21, 22, 24, 25, 26, 28, 29, 30, 31, 
              32, 37, 38, 43, 49, 50, 58, 59, 65, 68, 69, 77, 79 ] ), rec(
          DistVect := [ 0, 1, 1, 1, 1, 1, 2, 1, 1, 2, 1, 1, 1, 1, 2, 2, 1, 
              1, 2, 2, 2, 2, 1, 1, 2, 1, 1, 2, 2 ],
          eAdj := [ 3, 4, 5, 6, 7, 10, 17, 19, 20, 21, 22, 25, 26, 29, 32, 
              34, 35, 36, 37, 38, 40, 44, 48, 49, 51, 52, 53, 54, 58, 64 ] ),
      rec(
          DistVect := [ 0, 1, 1, 1, 1, 1, 2, 1, 2, 2, 1, 2, 1, 1, 1, 2, 1, 
              2, 1, 2, 1, 2, 1, 1, 2, 1, 2, 1, 2 ],
          eAdj := [ 3, 5, 11, 18, 19, 20, 21, 22, 23, 24, 29, 30, 31, 32, 
              40, 42, 47, 49, 50, 52, 55, 59, 60, 61, 64, 68, 69, 70, 74, 79 
             ] ), rec(
          DistVect := [ 0, 0, 1, 1, 1, 1, 0, 1, 1, 1, 1, 1, 0, 1, 0, 0, 0, 
              1, 0, 0, 0, 1, 0, 0, 1, 0, 1, 0, 1 ],
          eAdj := [ 1, 2, 3, 5, 11, 18, 21, 22, 23, 24, 25, 28, 29, 30, 31, 
              32, 40, 42, 47, 49, 50, 55, 59, 60, 61, 69, 70, 74, 81 ] ), 
      rec(
          DistVect := [ 0, 1, 1, 1, 1, 1, 2, 1, 1, 1, 1, 2, 1, 1, 1, 2, 2, 
              1, 1, 2, 2, 1, 1, 1, 2, 1, 2, 2, 2 ],
          eAdj := [ 3, 4, 5, 7, 11, 14, 15, 16, 17, 18, 19, 20, 21, 22, 24, 
              25, 26, 31, 32, 34, 35, 38, 40, 43, 51, 52, 53, 58, 64, 65, 77 
             ] ), rec(
          DistVect := [ 0, 1, 1, 2, 1, 1, 2, 2, 1, 2, 1, 2, 1, 1, 1, 2, 2, 
              1, 1, 3, 2, 1, 1, 1, 2, 2, 2, 2, 1 ],
          eAdj := [ 2, 5, 7, 8, 11, 15, 16, 17, 18, 19, 20, 21, 22, 29, 31, 
              32, 34, 38, 40, 42, 43, 47, 49, 52, 55, 60, 64, 65, 68, 77 ] ),
      rec(
          DistVect := [ 0, 1, 1, 1, 1, 1, 1, 2, 1, 1, 1, 2, 0, 1, 1, 2, 2, 
              1, 1, 2, 2, 1, 1, 1, 1, 2, 2, 2, 1 ],
          eAdj := [ 2, 3, 5, 8, 11, 15, 16, 17, 18, 19, 20, 22, 26, 31, 32, 
              34, 38, 42, 43, 47, 51, 52, 55, 60, 61, 64, 65, 68, 77 ] ), 
      rec(
          DistVect := [ 0, 1, 1, 2, 1, 1, 2, 2, 1, 2, 1, 2, 1, 1, 2, 2, 2, 
              1, 2, 2, 1, 1, 1, 1, 2, 1, 2, 1, 1 ],
          eAdj := [ 1, 2, 5, 7, 10, 11, 16, 17, 18, 20, 21, 22, 23, 29, 32, 
              34, 40, 42, 43, 47, 49, 52, 55, 60, 64, 65, 68, 77, 79 ] ), 
      rec(
          DistVect := [ 0, 1, 1, 1, 2, 1, 2, 2, 1, 1, 2, 2, 1, 1, 1, 3, 2, 
              1, 2, 2, 2, 1, 1, 1, 2, 1, 2, 2, 1 ],
          eAdj := [ 1, 2, 5, 7, 10, 11, 14, 16, 17, 20, 21, 24, 25, 26, 28, 
              32, 34, 35, 36, 37, 38, 40, 42, 43, 49, 50, 52, 58, 64, 77 ] ),
      rec(
          DistVect := [ 0, 1, 1, 1, 1, 1, 2, 1, 1, 2, 1, 2, 1, 1, 2, 2, 2, 
              1, 2, 2, 1, 2, 1, 1, 2, 1, 2, 1, 2 ],
          eAdj := [ 3, 5, 7, 10, 11, 16, 17, 18, 19, 20, 21, 22, 23, 29, 32, 
              34, 40, 42, 43, 48, 49, 51, 52, 55, 58, 60, 64, 65, 68, 77 ] ),
      rec(
          DistVect := [ 0, 1, 1, 1, 1, 1, 2, 1, 1, 2, 0, 2, 1, 1, 2, 1, 2, 
              1, 2, 2, 1, 2, 1, 2, 1, 1, 2, 1, 2 ],
          eAdj := [ 3, 5, 7, 8, 10, 11, 15, 16, 17, 18, 19, 21, 22, 23, 29, 
              32, 34, 42, 43, 48, 51, 53, 55, 58, 60, 65, 68, 77 ] ), rec(
          DistVect := [ 0, 1, 1, 1, 1, 1, 2, 1, 1, 1, 1, 1, 1, 1, 1, 2, 1, 
              1, 2, 2, 1, 1, 2, 1, 2, 1, 1, 2, 2 ],
          eAdj := [ 3, 4, 5, 6, 7, 10, 12, 14, 15, 17, 19, 20, 22, 25, 33, 
              34, 36, 37, 40, 41, 44, 46, 48, 51, 54, 57, 66, 67, 72, 76 ] ),
      rec(
          DistVect := [ 0, 1, 1, 1, 1, 1, 2, 1, 1, 1, 0, 1, 1, 1, 1, 1, 1, 
              1, 2, 1, 1, 1, 2, 1, 1, 1, 1, 2, 2 ],
          eAdj := [ 3, 4, 5, 6, 7, 8, 10, 12, 14, 15, 17, 18, 22, 25, 33, 
              36, 40, 41, 44, 46, 48, 54, 57, 66, 67, 72, 76, 78 ] ), rec(
          DistVect := [ 0, 1, 1, 1, 1, 1, 2, 1, 1, 1, 1, 2, 1, 1, 1, 2, 2, 
              1, 2, 2, 2, 1, 2, 1, 2, 1, 2, 1, 2 ],
          eAdj := [ 3, 5, 7, 10, 11, 12, 14, 15, 16, 17, 18, 19, 20, 22, 23, 
              26, 34, 35, 38, 40, 43, 46, 48, 51, 53, 54, 55, 57, 58, 67 ] ),
      rec(
          DistVect := [ 0, 1, 1, 1, 1, 1, 2, 1, 1, 1, 2, 2, 1, 1, 1, 1, 2, 
              1, 0, 2, 2, 1, 1, 1, 2, 1, 2, 2, 1 ],
          eAdj := [ 1, 4, 5, 7, 11, 13, 14, 16, 19, 21, 24, 25, 26, 28, 30, 
              31, 33, 35, 37, 38, 43, 47, 49, 50, 52, 58, 59, 64, 65, 77 ] ),
      rec(
          DistVect := [ 0, 1, 1, 1, 1, 1, 2, 1, 2, 1, 1, 1, 1, 1, 1, 2, 2, 
              2, 1, 2, 2, 1, 1, 1, 2, 1, 1, 2, 2 ],
          eAdj := [ 3, 4, 5, 6, 14, 15, 16, 19, 20, 21, 22, 24, 25, 26, 30, 
              31, 32, 33, 35, 37, 38, 40, 41, 43, 50, 52, 53, 58, 64, 65, 77 
             ] ), rec(
          DistVect := [ 0, 1, 1, 1, 1, 1, 2, 1, 1, 1, 1, 1, 1, 1, 1, 2, 1, 
              1, 2, 2, 2, 1, 1, 1, 2, 1, 1, 2, 2 ],
          eAdj := [ 3, 4, 5, 6, 7, 10, 14, 15, 17, 19, 20, 21, 22, 25, 26, 
              32, 33, 34, 35, 36, 37, 38, 40, 41, 44, 48, 51, 53, 54, 66, 76 
             ] ), rec(
          DistVect := [ 0, 1, 1, 1, 1, 1, 2, 1, 1, 2, 1, 1, 1, 1, 2, 2, 1, 
              1, 2, 1, 2, 2, 1, 2, 2, 0, 1, 2, 2 ],
          eAdj := [ 1, 3, 4, 5, 6, 7, 10, 17, 20, 21, 22, 24, 25, 26, 28, 
              29, 32, 35, 36, 37, 38, 44, 49, 52, 53, 54, 58, 64, 77 ] ), 
      rec(
          DistVect := [ 0, 1, 1, 1, 1, 1, 2, 1, 1, 2, 0, 1, 1, 1, 2, 1, 1, 
              1, 2, 2, 2, 2, 1, 1, 1, 1, 1, 2, 2 ],
          eAdj := [ 3, 4, 5, 6, 7, 8, 10, 15, 17, 18, 19, 21, 22, 25, 26, 
              29, 32, 34, 35, 36, 38, 40, 44, 48, 51, 53, 54, 58, 76 ] ), 
      rec(
          DistVect := [ 0, 1, 1, 2, 1, 1, 2, 2, 1, 2, 1, 2, 1, 1, 1, 2, 2, 
              1, 1, 2, 2, 1, 1, 1, 2, 1, 2, 2, 1 ],
          eAdj := [ 1, 2, 5, 7, 11, 16, 17, 18, 20, 21, 22, 24, 25, 29, 31, 
              32, 38, 40, 42, 43, 47, 49, 50, 52, 59, 60, 64, 65, 68, 77, 79 
             ] ), rec(
          DistVect := [ 0, 1, 1, 1, 1, 1, 2, 1, 1, 2, 1, 2, 1, 1, 1, 2, 2, 
              1, 1, 2, 1, 2, 1, 1, 2, 1, 2, 1, 2 ],
          eAdj := [ 3, 5, 7, 11, 16, 17, 18, 19, 20, 21, 22, 23, 24, 29, 31, 
              32, 40, 42, 43, 47, 49, 52, 55, 60, 61, 64, 65, 68, 70, 77, 79 
             ] ), rec(
          DistVect := [ 0, 1, 1, 1, 1, 1, 2, 1, 2, 2, 1, 2, 1, 1, 1, 1, 1, 
              2, 1, 1, 1, 2, 1, 1, 2, 0, 2, 1, 2 ],
          eAdj := [ 1, 3, 5, 11, 18, 21, 22, 23, 24, 25, 28, 29, 30, 31, 32, 
              40, 42, 47, 49, 50, 59, 60, 61, 68, 69, 70, 74, 79, 81 ] ), 
      rec(
          DistVect := [ 0, 0, 1, 1, 1, 2, 1, 1, 1, 1, 1, 2, 1, 1, 1, 2, 2, 
              1, 1, 2, 2, 1, 1, 1, 2, 1, 2, 1, 2 ],
          eAdj := [ 2, 3, 5, 11, 15, 17, 18, 19, 20, 21, 22, 23, 24, 31, 32, 
              42, 47, 49, 50, 52, 55, 60, 61, 64, 65, 68, 70, 74, 79 ] ), 
      rec(
          DistVect := [ 0, 1, 1, 1, 2, 1, 1, 2, 1, 1, 2, 2, 0, 1, 1, 2, 2, 
              1, 1, 2, 2, 1, 1, 1, 2, 1, 2, 2, 1 ],
          eAdj := [ 1, 2, 3, 5, 11, 16, 21, 22, 24, 25, 26, 28, 31, 32, 38, 
              40, 42, 43, 47, 49, 50, 52, 59, 60, 61, 64, 65, 68, 69, 79 ] ),
      rec(
          DistVect := [ 0, 1, 1, 1, 1, 1, 2, 1, 2, 1, 1, 2, 1, 1, 1, 2, 2, 
              2, 1, 2, 2, 1, 1, 1, 2, 1, 2, 2, 2 ],
          eAdj := [ 3, 4, 5, 11, 14, 15, 16, 18, 19, 20, 21, 22, 24, 25, 26, 
              30, 31, 32, 38, 40, 43, 47, 50, 52, 58, 61, 64, 65, 68, 77 ] ),
      rec(
          DistVect := [ 0, 1, 1, 1, 1, 1, 2, 1, 2, 2, 0, 2, 1, 1, 1, 2, 1, 
              2, 1, 2, 1, 2, 1, 2, 1, 1, 2, 1, 2 ],
          eAdj := [ 3, 5, 8, 11, 15, 17, 18, 19, 20, 21, 22, 23, 24, 29, 30, 
              31, 32, 42, 47, 52, 55, 60, 61, 64, 68, 70, 74, 77, 79 ] ), 
      rec(
          DistVect := [ 0, 1, 1, 1, 1, 1, 2, 2, 1, 1, 1, 2, 1, 1, 1, 2, 2, 
              1, 2, 2, 2, 1, 1, 1, 2, 1, 2, 2, 1 ],
          eAdj := [ 1, 2, 5, 7, 10, 11, 14, 15, 16, 17, 18, 19, 20, 21, 22, 
              25, 26, 32, 34, 35, 36, 38, 40, 42, 43, 49, 51, 52, 53, 58, 77 
             ] ), rec(
          DistVect := [ 0, 1, 1, 1, 1, 1, 2, 1, 1, 1, 1, 2, 1, 1, 1, 2, 2, 
              1, 2, 2, 2, 1, 1, 1, 2, 1, 2, 1, 2 ],
          eAdj := [ 3, 5, 7, 10, 11, 14, 15, 16, 17, 18, 19, 20, 21, 22, 23, 
              26, 32, 34, 35, 38, 40, 42, 43, 48, 51, 53, 55, 58, 60, 65, 77 
             ] ), rec(
          DistVect := [ 0, 1, 1, 1, 1, 1, 2, 1, 1, 1, 1, 2, 1, 1, 1, 2, 2, 
              1, 2, 2, 2, 1, 1, 1, 2, 1, 2, 2, 2 ],
          eAdj := [ 3, 4, 5, 7, 10, 11, 14, 15, 16, 17, 18, 19, 20, 21, 22, 
              25, 26, 32, 34, 35, 36, 38, 40, 43, 44, 48, 51, 53, 54, 58 ] ),
      rec(
          DistVect := [ 0, 1, 1, 1, 1, 1, 2, 2, 1, 1, 1, 2, 1, 1, 1, 2, 2, 
              1, 2, 2, 2, 1, 2, 1, 2, 1, 2, 1, 1 ],
          eAdj := [ 1, 2, 5, 7, 10, 11, 12, 14, 15, 16, 17, 18, 19, 20, 22, 
              23, 26, 34, 35, 38, 40, 42, 43, 47, 51, 53, 55, 58, 67, 77 ] ),
      rec(
          DistVect := [ 0, 1, 1, 1, 1, 1, 2, 1, 1, 1, 2, 1, 1, 1, 1, 2, 2, 
              1, 1, 2, 2, 1, 1, 1, 2, 1, 2, 2, 1 ],
          eAdj := [ 1, 4, 5, 6, 7, 13, 14, 16, 19, 20, 21, 24, 25, 26, 28, 
              33, 34, 35, 36, 37, 41, 44, 49, 50, 52, 53, 54, 56, 64, 66 ] ),
      rec(
          DistVect := [ 0, 1, 1, 1, 1, 1, 2, 1, 1, 1, 1, 1, 1, 1, 1, 2, 2, 
              1, 1, 2, 2, 1, 1, 1, 2, 1, 2, 2, 1 ],
          eAdj := [ 1, 4, 5, 6, 7, 13, 14, 15, 16, 17, 19, 20, 21, 22, 24, 
              25, 26, 33, 34, 35, 36, 37, 41, 44, 51, 52, 53, 54, 66, 76 ] ),
      rec(
          DistVect := [ 0, 2, 1, 1, 2, 1, 2, 1, 1, 1, 1, 2, 0, 1, 1, 2, 2, 
              1, 1, 2, 2, 1, 1, 1, 1, 2, 2, 2, 1 ],
          eAdj := [ 3, 4, 5, 7, 8, 13, 14, 15, 16, 17, 18, 22, 26, 27, 33, 
              34, 35, 36, 38, 40, 41, 43, 44, 46, 48, 51, 54, 57, 67, 76 ] ),
      rec(
          DistVect := [ 0, 1, 1, 1, 1, 1, 2, 1, 1, 1, 1, 2, 1, 1, 1, 2, 2, 
              1, 1, 2, 2, 1, 1, 1, 2, 1, 2, 2, 1 ],
          eAdj := [ 1, 4, 5, 7, 11, 13, 14, 15, 16, 17, 18, 19, 20, 21, 22, 
              24, 25, 26, 33, 34, 35, 36, 37, 38, 40, 43, 51, 52, 53, 54, 58 
             ] ), rec(
          DistVect := [ 0, 1, 1, 1, 1, 1, 2, 1, 1, 1, 1, 2, 1, 1, 1, 2, 2, 
              1, 1, 2, 2, 1, 0, 1, 2, 2, 2, 2, 1 ],
          eAdj := [ 4, 5, 7, 8, 11, 13, 14, 15, 16, 17, 18, 19, 20, 21, 22, 
              26, 29, 32, 34, 35, 36, 38, 40, 42, 43, 48, 51, 52, 53, 58, 65 
             ] ), rec(
          DistVect := [ 0, 1, 1, 1, 1, 1, 2, 1, 2, 2, 0, 1, 1, 1, 1, 2, 2, 
              2, 1, 2, 2, 2, 1, 1, 1, 1, 1, 2, 2 ],
          eAdj := [ 3, 4, 5, 6, 8, 15, 16, 17, 18, 19, 20, 21, 22, 24, 25, 
              26, 29, 30, 31, 32, 38, 40, 43, 52, 53, 58, 64, 65, 68, 77 ] ),
      rec(
          DistVect := [ 0, 1, 2, 2, 1, 1, 2, 2, 2, 2, 1, 2, 1, 1, 1, 2, 2, 
              1, 1, 2, 2, 1, 1, 1, 2, 1, 2, 2, 1 ],
          eAdj := [ 1, 2, 5, 11, 18, 21, 22, 24, 25, 29, 30, 31, 32, 38, 40, 
              42, 43, 47, 49, 50, 59, 60, 61, 64, 65, 68, 69, 70, 74, 79 ] ),
      rec(
          DistVect := [ 0, 1, 2, 2, 1, 0, 2, 2, 2, 2, 1, 1, 1, 1, 1, 2, 2, 
              1, 1, 2, 2, 1, 1, 1, 2, 1, 2, 2, 1 ],
          eAdj := [ 1, 2, 4, 5, 6, 11, 16, 21, 22, 24, 25, 26, 29, 30, 31, 
              32, 37, 38, 40, 42, 43, 47, 49, 50, 59, 64, 65, 68, 69, 77, 79 
             ] ), rec(
          DistVect := [ 0, 0, 1, 1, 1, 1, 1, 1, 1, 1, 1, 1, 1, 1, 1, 2, 2, 
              1, 1, 2, 2, 1, 1, 1, 2, 1, 1, 2, 2 ],
          eAdj := [ 2, 3, 4, 5, 6, 11, 15, 16, 17, 19, 20, 21, 22, 24, 25, 
              26, 31, 32, 35, 38, 40, 43, 49, 50, 52, 58, 64, 65, 68, 77 ] ),
      rec(
          DistVect := [ 0, 1, 1, 2, 1, 1, 2, 2, 1, 2, 1, 2, 1, 1, 2, 2, 2, 
              1, 2, 2, 2, 1, 1, 1, 2, 1, 2, 2, 1 ],
          eAdj := [ 1, 2, 5, 7, 10, 11, 16, 17, 18, 20, 21, 22, 25, 29, 32, 
              34, 35, 36, 38, 40, 42, 43, 49, 52, 58, 60, 64, 65, 68, 77 ] ),
      rec(
          DistVect := [ 0, 1, 1, 1, 1, 1, 2, 1, 1, 2, 1, 2, 1, 1, 2, 2, 2, 
              1, 2, 1, 1, 2, 1, 1, 2, 0, 2, 1, 2 ],
          eAdj := [ 1, 3, 5, 7, 10, 11, 16, 17, 18, 20, 21, 22, 23, 24, 25, 
              28, 29, 32, 40, 42, 43, 49, 52, 58, 60, 64, 65, 68, 77, 79 ] ),
      rec(
          DistVect := [ 0, 1, 1, 2, 1, 0, 2, 2, 1, 2, 1, 1, 1, 1, 2, 2, 1, 
              1, 2, 2, 2, 1, 1, 1, 2, 1, 2, 2, 1 ],
          eAdj := [ 1, 2, 4, 5, 6, 7, 10, 11, 16, 17, 20, 21, 22, 25, 26, 
              29, 32, 34, 35, 36, 37, 38, 40, 42, 44, 49, 52, 53, 58, 64, 77 
             ] ), rec(
          DistVect := [ 0, 1, 1, 1, 1, 1, 2, 1, 1, 1, 1, 1, 1, 1, 1, 2, 1, 
              1, 2, 2, 1, 1, 2, 2, 2, 0, 1, 2, 2 ],
          eAdj := [ 1, 3, 4, 5, 6, 7, 10, 12, 14, 15, 17, 19, 20, 21, 22, 
              24, 25, 28, 33, 34, 36, 37, 41, 44, 51, 53, 54, 66, 72, 76 ] ),
      rec(
          DistVect := [ 0, 1, 1, 1, 1, 1, 2, 2, 1, 1, 1, 2, 1, 1, 1, 2, 2, 
              1, 2, 2, 2, 1, 2, 1, 2, 1, 2, 2, 1 ],
          eAdj := [ 1, 2, 5, 7, 10, 11, 12, 14, 15, 16, 17, 18, 19, 20, 22, 
              25, 26, 33, 34, 35, 36, 38, 40, 43, 51, 53, 54, 58, 66, 67 ] ),
      rec(
          DistVect := [ 0, 1, 1, 1, 1, 0, 2, 2, 1, 1, 1, 1, 1, 1, 1, 2, 1, 
              1, 2, 2, 1, 1, 2, 1, 2, 1, 2, 2, 1 ],
          eAdj := [ 1, 2, 4, 5, 6, 7, 10, 11, 12, 14, 15, 16, 17, 19, 20, 
              22, 25, 26, 33, 34, 36, 37, 40, 41, 44, 51, 53, 54, 66, 67, 76 
             ] ), rec(
          DistVect := [ 0, 2, 1, 1, 1, 1, 2, 1, 1, 1, 2, 2, 0, 1, 1, 2, 2, 
              1, 1, 2, 2, 1, 1, 1, 2, 1, 2, 2, 1 ],
          eAdj := [ 1, 3, 4, 5, 7, 13, 14, 16, 19, 20, 21, 22, 24, 25, 26, 
              27, 28, 33, 34, 35, 36, 37, 38, 41, 43, 44, 51, 52, 53, 54, 64 
             ] ), rec(
          DistVect := [ 0, 1, 1, 1, 1, 1, 2, 1, 2, 1, 1, 1, 1, 1, 1, 2, 2, 
              1, 1, 2, 2, 1, 1, 1, 2, 1, 2, 2, 1 ],
          eAdj := [ 1, 4, 5, 6, 7, 13, 14, 15, 16, 19, 20, 21, 22, 24, 25, 
              26, 30, 31, 33, 34, 35, 36, 37, 41, 43, 50, 52, 53, 54, 58, 64 
             ] ), rec(
          DistVect := [ 0, 1, 1, 1, 1, 2, 2, 0, 1, 1, 1, 1, 1, 1, 1, 2, 2, 
              1, 1, 2, 2, 1, 1, 1, 2, 1, 1, 2, 2 ],
          eAdj := [ 3, 4, 5, 6, 7, 13, 14, 15, 17, 19, 20, 21, 22, 24, 25, 
              27, 33, 34, 35, 36, 37, 41, 44, 46, 48, 51, 54, 66, 72, 76 ] ),
      rec(
          DistVect := [ 0, 1, 1, 1, 1, 1, 2, 1, 1, 1, 1, 1, 1, 1, 1, 2, 2, 
              1, 1, 2, 2, 1, 1, 0, 2, 2, 2, 2, 1 ],
          eAdj := [ 4, 5, 6, 7, 8, 13, 14, 15, 16, 17, 18, 19, 20, 22, 25, 
              26, 33, 34, 35, 36, 37, 40, 41, 44, 46, 48, 51, 54, 66, 67, 76 
             ] ), rec(
          DistVect := [ 0, 1, 1, 1, 1, 1, 2, 1, 1, 1, 1, 1, 1, 1, 1, 2, 1, 
              1, 2, 2, 2, 1, 1, 1, 2, 1, 2, 2, 1 ],
          eAdj := [ 1, 4, 5, 6, 7, 10, 13, 14, 15, 17, 19, 20, 21, 22, 25, 
              26, 33, 34, 36, 37, 39, 41, 44, 48, 51, 54, 63, 66, 67, 72, 76 
             ] ), rec(
          DistVect := [ 0, 1, 1, 1, 1, 1, 2, 1, 1, 1, 2, 2, 1, 1, 1, 2, 2, 
              1, 1, 2, 2, 1, 1, 1, 2, 1, 2, 2, 1 ],
          eAdj := [ 1, 4, 5, 7, 11, 13, 14, 16, 19, 20, 21, 24, 25, 26, 28, 
              33, 34, 35, 36, 37, 38, 43, 49, 50, 52, 53, 54, 58, 64, 77 ] ),
      rec(
          DistVect := [ 0, 1, 1, 1, 1, 1, 2, 1, 1, 1, 1, 2, 1, 1, 1, 2, 2, 
              1, 2, 2, 2, 1, 2, 1, 2, 0, 2, 1, 2 ],
          eAdj := [ 1, 3, 5, 7, 10, 11, 12, 14, 15, 16, 17, 18, 19, 20, 21, 
              22, 23, 24, 25, 26, 28, 34, 35, 38, 40, 43, 51, 53, 54, 58, 77 
             ] ), rec(
          DistVect := [ 0, 1, 1, 1, 1, 1, 2, 0, 1, 1, 1, 2, 1, 1, 1, 2, 2, 
              1, 1, 2, 2, 1, 1, 1, 2, 1, 2, 1, 2 ],
          eAdj := [ 3, 4, 5, 7, 11, 13, 14, 15, 16, 17, 18, 19, 20, 21, 22, 
              23, 24, 26, 27, 34, 35, 38, 40, 43, 46, 48, 51, 53, 54, 58, 65 
             ] ), rec(
          DistVect := [ 0, 0, 1, 1, 0, 1, 0, 1, 1, 1, 0, 1, 0, 1, 0, 1, 0, 
              1, 0, 1, 0, 1, 0, 1, 0, 1, 1, 0, 1 ],
          eAdj := [ 2, 3, 5, 8, 11, 15, 17, 18, 19, 20, 21, 22, 23, 24, 29, 
              30, 31, 32, 42, 47, 49, 50, 52, 55, 59, 60, 61, 64, 69, 70, 
              74, 79, 81 ] ), rec(
          DistVect := [ 0, 0, 1, 1, 1, 1, 1, 1, 1, 1, 1, 1, 1, 1, 0, 0, 0, 
              0, 0, 0, 0, 0, 0, 0, 0, 0, 0, 0, 0 ],
          eAdj := [ 1, 2, 5, 7, 9, 11, 13, 14, 18, 21, 23, 24, 25, 28, 29, 
              30, 31, 32, 37, 38, 40, 42, 43, 47, 49, 50, 59, 60, 61, 64, 
              65, 68, 69, 70, 74, 79, 81 ] ), rec(
          DistVect := [ 0, 0, 1, 1, 1, 0, 0, 1, 1, 1, 1, 0, 0, 1, 0, 0, 1, 
              1, 0, 0, 1, 1, 0, 1, 1, 0, 0, 1, 1 ],
          eAdj := [ 1, 2, 3, 4, 5, 6, 11, 16, 21, 22, 24, 25, 26, 28, 29, 
              30, 31, 32, 37, 38, 40, 42, 43, 47, 49, 50, 59, 60, 61, 65, 
              68, 69, 70, 74, 79, 81 ] ), rec(
          DistVect := [ 0, 0, 0, 1, 0, 1, 0, 1, 0, 1, 0, 1, 0, 1, 1, 0, 1, 
              0, 1, 1, 0, 1, 0, 1, 0, 1, 1, 0, 1 ],
          eAdj := [ 2, 3, 5, 7, 8, 10, 11, 15, 16, 17, 18, 19, 20, 21, 22, 
              23, 29, 31, 32, 34, 42, 43, 47, 48, 49, 51, 52, 55, 60, 61, 
              64, 65, 68, 70, 74, 77, 79 ] ), rec(
          DistVect := [ 0, 0, 0, 1, 1, 1, 0, 1, 0, 1, 1, 1, 0, 1, 1, 1, 1, 
              0, 1, 0, 0, 1, 0, 0, 1, 0, 1, 0, 1 ],
          eAdj := [ 1, 2, 3, 5, 7, 10, 11, 16, 17, 18, 20, 21, 22, 23, 24, 
              25, 28, 29, 31, 32, 40, 42, 43, 47, 49, 50, 52, 55, 59, 60, 
              61, 64, 65, 68, 69, 70, 74, 79, 81 ] ), rec(
          DistVect := [ 0, 0, 0, 0, 0, 1, 0, 1, 0, 0, 0, 1, 0, 1, 0, 0, 1, 
              0, 1, 0, 1, 0, 1, 1, 0, 1, 1, 0, 1 ],
          eAdj := [ 2, 3, 5, 7, 8, 10, 11, 12, 14, 15, 16, 17, 18, 19, 20, 
              22, 23, 26, 31, 32, 34, 35, 38, 42, 43, 46, 47, 48, 51, 53, 
              55, 57, 58, 60, 61, 65, 67, 68, 77 ] ), rec(
          DistVect := [ 0, 0, 1, 1, 1, 0, 1, 1, 1, 1, 1, 0, 1, 1, 0, 0, 1, 
              0, 0, 0, 1, 0, 0, 1, 0, 0, 1, 1, 0 ],
          eAdj := [ 1, 2, 4, 5, 6, 7, 9, 11, 13, 14, 16, 21, 24, 25, 26, 28, 
              29, 30, 31, 32, 33, 35, 36, 37, 38, 42, 43, 47, 49, 50, 56, 
              58, 59, 64, 65, 68, 69, 77, 79 ] ), rec(
          DistVect := [ 0, 1, 1, 0, 1, 1, 1, 0, 0, 1, 0, 0, 0, 1, 1, 0, 0, 
              0, 1, 1, 1, 1, 0, 0, 0, 1, 0, 1, 1 ],
          eAdj := [ 3, 4, 5, 6, 7, 8, 10, 13, 14, 15, 17, 18, 19, 21, 22, 
              25, 26, 27, 29, 32, 33, 34, 35, 36, 37, 38, 39, 40, 41, 44, 
              46, 48, 51, 54, 57, 63, 66, 67, 72, 76, 78 ] ), rec(
          DistVect := [ 0, 0, 0, 1, 1, 0, 0, 1, 0, 1, 1, 0, 0, 1, 1, 1, 0, 
              0, 1, 0, 1, 1, 0, 1, 1, 0, 0, 1, 1 ],
          eAdj := [ 1, 2, 3, 4, 5, 6, 7, 10, 11, 16, 17, 20, 21, 22, 24, 25, 
              26, 28, 29, 31, 32, 35, 36, 37, 38, 40, 42, 43, 44, 49, 50, 
              52, 58, 59, 60, 64, 65, 68, 69, 77, 79 ] ), rec(
          DistVect := [ 0, 0, 0, 0, 0, 0, 0, 1, 0, 0, 0, 0, 0, 1, 0, 0, 0, 
              0, 1, 0, 0, 0, 1, 0, 0, 1, 0, 1, 1 ],
          eAdj := [ 2, 3, 4, 5, 6, 7, 8, 10, 11, 12, 14, 15, 16, 17, 18, 19, 
              20, 22, 25, 26, 31, 32, 33, 34, 35, 36, 38, 40, 41, 43, 44, 
              46, 48, 51, 53, 54, 55, 57, 58, 66, 67, 76 ] ), rec(
          DistVect := [ 0, 1, 0, 0, 0, 1, 1, 0, 1, 1, 1, 0, 0, 1, 0, 0, 1, 
              1, 0, 0, 1, 1, 0, 1, 1, 0, 0, 1, 1 ],
          eAdj := [ 1, 3, 4, 5, 6, 7, 13, 14, 16, 19, 20, 21, 22, 24, 25, 
              26, 27, 28, 29, 30, 31, 32, 33, 35, 36, 37, 38, 41, 43, 44, 
              49, 50, 52, 53, 54, 56, 58, 59, 64, 65, 69, 77 ] ), rec(
          DistVect := [ 0, 1, 1, 0, 0, 1, 1, 0, 0, 1, 1, 0, 0, 1, 1, 1, 0, 
              0, 1, 0, 1, 1, 0, 1, 1, 0, 0, 1, 1 ],
          eAdj := [ 1, 3, 4, 5, 6, 7, 10, 13, 14, 17, 19, 20, 21, 22, 24, 
              25, 26, 27, 28, 29, 32, 33, 34, 35, 36, 37, 38, 39, 41, 44, 
              48, 49, 51, 52, 53, 54, 56, 63, 64, 66, 72, 76 ] ), rec(
          DistVect := [ 0, 0, 1, 1, 0, 1, 1, 1, 1, 1, 0, 1, 1, 1, 0, 1, 0, 
              0, 0, 1, 0, 0, 0, 1, 1, 1, 0, 0, 0 ],
          eAdj := [ 1, 2, 5, 7, 8, 9, 11, 13, 14, 15, 17, 18, 19, 20, 21, 
              22, 23, 24, 29, 30, 31, 32, 34, 38, 40, 42, 43, 47, 49, 50, 
              52, 55, 59, 60, 61, 64, 65, 68, 70, 74, 77, 79 ] ), rec(
          DistVect := [ 0, 1, 1, 0, 1, 0, 1, 0, 0, 1, 0, 1, 0, 1, 1, 0, 1, 
              0, 1, 1, 0, 1, 0, 1, 0, 1, 1, 0, 1 ],
          eAdj := [ 3, 4, 5, 7, 8, 10, 11, 13, 14, 15, 16, 17, 18, 19, 21, 
              22, 23, 26, 27, 29, 32, 34, 35, 36, 38, 39, 40, 42, 43, 44, 
              46, 48, 51, 53, 54, 55, 57, 58, 60, 65, 67, 76 ] ), rec(
          DistVect := [ 0, 0, 0, 1, 0, 0, 0, 1, 0, 1, 0, 0, 0, 1, 1, 0, 0, 
              0, 1, 1, 1, 1, 0, 0, 0, 1, 0, 1, 1 ],
          eAdj := [ 2, 3, 4, 5, 6, 7, 8, 10, 11, 15, 16, 17, 18, 19, 20, 21, 
              22, 25, 26, 29, 31, 32, 34, 35, 36, 38, 40, 42, 43, 44, 48, 
              49, 51, 52, 53, 55, 58, 60, 64, 65, 68, 77 ] ), rec(
          DistVect := [ 0, 0, 1, 1, 0, 0, 0, 1, 1, 1, 0, 0, 0, 1, 0, 1, 1, 
              1, 0, 1, 1, 1, 0, 0, 0, 1, 0, 1, 1 ],
          eAdj := [ 2, 3, 4, 5, 6, 8, 11, 15, 16, 17, 18, 19, 20, 21, 22, 
              24, 25, 26, 29, 30, 31, 32, 38, 40, 42, 43, 47, 49, 50, 52, 
              55, 59, 60, 61, 64, 65, 68, 69, 70, 74, 77, 79 ] ), rec(
          DistVect := [ 0, 0, 0, 0, 1, 1, 0, 1, 0, 0, 1, 1, 0, 1, 0, 1, 1, 
              0, 1, 1, 1, 0, 1, 0, 1, 0, 1, 0, 1 ],
          eAdj := [ 1, 2, 3, 5, 7, 10, 11, 12, 14, 15, 16, 17, 18, 19, 20, 
              21, 22, 23, 24, 25, 26, 28, 31, 32, 34, 35, 38, 40, 42, 43, 
              47, 49, 50, 51, 52, 55, 58, 60, 61, 64, 65, 68, 77, 79 ] ), 
      rec(
          DistVect := [ 0, 0, 0, 0, 1, 0, 0, 1, 0, 0, 1, 0, 0, 1, 0, 1, 0, 
              0, 1, 1, 0, 0, 1, 1, 1, 0, 0, 1, 1 ],
          eAdj := [ 1, 2, 3, 4, 5, 6, 7, 10, 11, 12, 14, 15, 16, 17, 19, 20, 
              21, 22, 24, 25, 26, 28, 31, 32, 33, 34, 35, 36, 37, 38, 40, 
              41, 43, 44, 49, 50, 51, 52, 53, 54, 58, 64, 66, 77 ] ), rec(
          DistVect := [ 0, 1, 0, 0, 1, 1, 1, 0, 1, 1, 0, 0, 0, 1, 0, 1, 1, 
              1, 0, 1, 1, 1, 0, 0, 0, 1, 0, 1, 1 ],
          eAdj := [ 3, 4, 5, 6, 7, 8, 13, 14, 15, 16, 17, 18, 19, 20, 21, 
              22, 24, 25, 26, 27, 29, 30, 31, 32, 33, 34, 35, 36, 37, 38, 
              40, 41, 43, 44, 46, 48, 51, 52, 53, 54, 58, 64, 65, 76 ] ), 
      rec(
          DistVect := [ 0, 1, 0, 0, 0, 0, 1, 0, 1, 1, 1, 1, 0, 1, 0, 0, 0, 
              1, 0, 0, 0, 1, 0, 0, 1, 0, 1, 0, 1 ],
          eAdj := [ 1, 3, 4, 5, 7, 11, 13, 14, 16, 18, 19, 20, 21, 22, 23, 
              24, 25, 26, 27, 28, 29, 30, 31, 32, 37, 38, 40, 42, 43, 47, 
              49, 50, 52, 58, 59, 60, 61, 64, 65, 68, 69, 70, 77, 79 ] ), 
      rec(
          DistVect := [ 0, 1, 0, 0, 1, 0, 1, 0, 1, 1, 0, 1, 0, 1, 0, 1, 0, 
              1, 0, 1, 0, 1, 0, 1, 0, 1, 1, 0, 1 ],
          eAdj := [ 3, 4, 5, 7, 8, 11, 13, 14, 15, 16, 17, 18, 19, 20, 21, 
              22, 23, 24, 26, 27, 29, 30, 31, 32, 34, 38, 40, 42, 43, 46, 
              47, 48, 51, 52, 53, 55, 58, 60, 61, 64, 65, 68, 70, 77 ] ), 
      rec(
          DistVect := [ 0, 1, 1, 0, 0, 0, 1, 0, 0, 1, 1, 1, 0, 1, 1, 1, 1, 
              0, 1, 0, 0, 1, 0, 0, 1, 0, 1, 0, 1 ],
          eAdj := [ 1, 3, 4, 5, 7, 10, 11, 13, 14, 16, 17, 18, 19, 20, 21, 
              22, 23, 24, 25, 26, 27, 28, 29, 32, 34, 35, 36, 37, 38, 39, 
              40, 42, 43, 44, 48, 49, 51, 52, 53, 54, 58, 60, 64, 65, 77 ] ),
      rec(
          DistVect := [ 0, 0, 1, 1, 0, 0, 1, 1, 1, 1, 0, 0, 1, 1, 0, 1, 1, 
              0, 0, 1, 1, 0, 0, 0, 1, 1, 1, 1, 0 ],
          eAdj := [ 1, 2, 4, 5, 6, 7, 8, 9, 11, 13, 14, 15, 16, 17, 18, 19, 
              20, 21, 22, 24, 25, 26, 29, 30, 31, 32, 33, 34, 35, 36, 37, 
              38, 40, 42, 43, 47, 49, 50, 52, 53, 58, 59, 64, 65, 68, 77 ] ),
      rec(
          DistVect := [ 0, 0, 0, 0, 1, 1, 0, 0, 0, 0, 1, 1, 0, 0, 0, 1, 1, 
              0, 0, 1, 1, 0, 0, 0, 1, 1, 1, 1, 0 ],
          eAdj := [ 1, 2, 3, 4, 5, 6, 7, 8, 9, 10, 11, 12, 13, 14, 15, 16, 
              17, 18, 19, 20, 21, 22, 23, 24, 25, 26, 27, 28, 29, 30, 31, 
              32, 33, 34, 35, 36, 37, 38, 39, 40, 41, 42, 43, 44, 45, 46, 
              47, 48, 49, 50, 51, 52, 54, 55, 56, 57, 58, 59, 60, 61, 62, 
              63, 64, 65, 66, 67, 68, 69, 70, 71, 72, 73, 74, 75 ] ), rec(
          DistVect := [ 0, 1, 1, 1, 0, 0, 1, 1, 0, 0, 1, 1, 0, 0, 0, 1, 1, 
              0, 0, 1, 1, 0, 0, 0, 1, 1, 1, 1, 0 ],
          eAdj := [ 1, 2, 3, 4, 5, 6, 7, 8, 9, 10, 11, 12, 13, 14, 15, 16, 
              17, 18, 19, 20, 21, 22, 23, 24, 25, 26, 27, 28, 29, 30, 31, 
              32, 33, 34, 35, 36, 37, 38, 39, 40, 41, 42, 43, 44, 45, 46, 
              47, 48, 49, 50, 51, 52, 53, 55, 56, 57, 59, 60, 61, 62, 63, 
              64, 65, 66, 67, 69, 70, 71, 73, 76, 77, 78, 79, 80, 81 ] ), 
      rec(
          DistVect := [ 0, 1, 0, 0, 1, 0, 1, 1, 1, 1, 0, 1, 0, 0, 0, 1, 0, 
              1, 1, 1, 0, 1, 1, 1, 0, 0, 1, 1, 0 ],
          eAdj := [ 1, 2, 3, 4, 5, 6, 7, 8, 9, 10, 11, 12, 13, 14, 15, 16, 
              17, 18, 19, 20, 21, 22, 23, 24, 25, 26, 27, 28, 29, 30, 31, 
              32, 33, 34, 36, 37, 38, 39, 40, 41, 42, 43, 44, 45, 46, 47, 
              48, 49, 50, 51, 52, 53, 54, 55, 56, 57, 58, 59, 60, 61, 62, 
              63, 64, 67, 68, 69, 71, 72, 74, 75, 76, 77, 78, 79, 80, 81 ] ),
      rec(
          DistVect := [ 0, 0, 0, 0, 0, 1, 1, 0, 0, 0, 0, 1, 1, 0, 0, 0, 1, 
              1, 0, 0, 1, 1, 0, 1, 1, 0, 0, 1, 1 ],
          eAdj := [ 1, 2, 3, 4, 5, 6, 7, 8, 9, 10, 11, 12, 13, 14, 15, 16, 
              17, 18, 19, 20, 21, 22, 23, 24, 25, 26, 27, 28, 29, 30, 31, 
              32, 33, 35, 36, 37, 38, 39, 40, 41, 42, 43, 44, 45, 46, 47, 
              48, 49, 50, 51, 52, 53, 54, 55, 56, 57, 58, 59, 60, 61, 62, 
              63, 65, 66, 68, 70, 72, 73, 74, 75, 76, 77, 78, 79, 80, 81 ] ),
      rec(
          DistVect := [ 0, 0, 0, 1, 0, 0, 1, 0, 0, 1, 0, 0, 1, 0, 1, 0, 0, 
              1, 0, 1, 1, 0, 1, 0, 1, 0, 1, 0, 1 ],
          eAdj := [ 1, 2, 3, 4, 5, 6, 7, 8, 9, 10, 11, 12, 13, 14, 15, 16, 
              17, 18, 19, 20, 21, 22, 23, 24, 25, 26, 27, 28, 29, 30, 31, 
              32, 33, 34, 35, 37, 38, 39, 40, 41, 42, 44, 45, 46, 47, 48, 
              49, 50, 51, 52, 53, 54, 55, 56, 57, 58, 59, 60, 62, 64, 65, 
              66, 67, 68, 69, 70, 71, 72, 73, 74, 75, 76, 77, 78, 79, 80, 81 
             ] ), rec(
          DistVect := [ 0, 1, 0, 0, 1, 0, 0, 1, 1, 1, 0, 1, 1, 0, 0, 1, 0, 
              0, 1, 1, 0, 0, 1, 1, 1, 0, 0, 1, 1 ],
          eAdj := [ 1, 2, 3, 4, 6, 7, 8, 9, 10, 11, 12, 14, 15, 16, 17, 18, 
              19, 20, 21, 22, 23, 24, 25, 26, 27, 28, 29, 30, 31, 32, 33, 
              34, 35, 36, 37, 38, 39, 40, 41, 42, 43, 44, 45, 46, 47, 48, 
              49, 50, 51, 52, 53, 54, 55, 56, 57, 58, 59, 60, 61, 62, 63, 
              64, 65, 66, 67, 68, 69, 70, 71, 72, 73, 74, 75, 76, 77, 78, 
              79, 80, 81 ] ), rec(
          DistVect := [ 0, 4, 4, 4, 4, 4, 8, 3, 4, 4, 4, 8, 4, 3, 4, 8, 8, 
              4, 3, 8, 8, 4, 5, 4, 8, 5, 8, 7, 7 ],
          eAdj := [ 3, 4, 5, 7, 11, 14, 15, 16, 17, 18, 19, 20, 22, 24, 26, 
              31, 34, 35, 38, 40, 43, 46, 51, 53, 58, 65 ] ), rec(
          DistVect := [ 0, 4, 4, 5, 4, 4, 8, 5, 4, 7, 4, 8, 4, 3, 5, 8, 8, 
              4, 5, 7, 7, 7, 4, 4, 8, 3, 8, 7, 7 ],
          eAdj := [ 3, 5, 7, 11, 16, 17, 18, 20, 21, 22, 24, 25, 29, 31, 32, 
              40, 42, 43, 49, 52, 60, 64, 65, 68, 77, 79 ] ), rec(
          DistVect := [ 0, 4, 4, 4, 4, 4, 8, 5, 4, 4, 4, 8, 4, 3, 4, 8, 8, 
              4, 5, 8, 8, 4, 7, 4, 8, 3, 8, 7, 7 ],
          eAdj := [ 3, 5, 7, 11, 12, 14, 15, 16, 17, 18, 19, 20, 22, 24, 25, 
              26, 31, 34, 35, 38, 40, 43, 51, 53, 58, 77 ] ), rec(
          DistVect := [ 0, 3, 4, 4, 4, 4, 7, 4, 3, 5, 5, 7, 4, 3, 4, 8, 8, 
              3, 4, 8, 8, 5, 4, 4, 9, 4, 7, 8, 7 ],
          eAdj := [ 3, 4, 5, 7, 11, 16, 17, 19, 20, 21, 22, 24, 25, 26, 31, 
              32, 35, 38, 40, 43, 49, 52, 58, 64, 65, 77 ] ), rec(
          DistVect := [ 0, 4, 4, 4, 4, 4, 8, 5, 4, 4, 4, 8, 4, 3, 4, 8, 8, 
              4, 3, 8, 8, 4, 7, 4, 8, 5, 8, 7, 5 ],
          eAdj := [ 5, 7, 11, 12, 14, 15, 16, 17, 18, 19, 20, 22, 24, 26, 
              31, 33, 34, 35, 38, 40, 43, 46, 47, 51, 53, 58 ] ), rec(
          DistVect := [ 0, 5, 4, 4, 4, 4, 9, 4, 5, 7, 3, 7, 4, 3, 4, 8, 8, 
              5, 4, 8, 8, 7, 4, 4, 7, 4, 7, 8, 7 ],
          eAdj := [ 3, 4, 5, 7, 16, 17, 18, 19, 20, 21, 22, 24, 25, 26, 29, 
              31, 32, 38, 40, 43, 52, 53, 58, 64, 65, 77 ] ), rec(
          DistVect := [ 0, 5, 4, 5, 4, 4, 9, 4, 5, 4, 3, 7, 4, 3, 5, 8, 8, 
              5, 4, 7, 7, 4, 7, 4, 7, 4, 7, 8, 7 ],
          eAdj := [ 3, 4, 5, 7, 12, 14, 15, 16, 17, 18, 20, 22, 24, 25, 31, 
              33, 34, 35, 40, 41, 43, 46, 51, 53, 54, 76 ] ), rec(
          DistVect := [ 0, 4, 4, 5, 4, 4, 8, 5, 4, 7, 4, 8, 4, 3, 3, 8, 8, 
              4, 3, 9, 7, 5, 4, 4, 8, 5, 8, 7, 5 ],
          eAdj := [ 5, 7, 11, 16, 17, 18, 19, 20, 21, 22, 24, 29, 31, 32, 
              38, 40, 42, 43, 47, 49, 52, 60, 64, 65, 68, 77 ] ), rec(
          DistVect := [ 0, 4, 5, 5, 4, 4, 8, 5, 7, 7, 4, 8, 4, 3, 4, 7, 5, 
              7, 4, 7, 5, 7, 4, 4, 8, 3, 8, 5, 7 ],
          eAdj := [ 3, 5, 11, 18, 21, 22, 23, 24, 29, 30, 31, 32, 40, 42, 
              47, 49, 50, 55, 59, 60, 61, 69, 70, 74, 79, 81 ] ), rec(
          DistVect := [ 0, 5, 5, 5, 4, 3, 9, 4, 4, 4, 3, 8, 4, 3, 4, 7, 8, 
              4, 7, 7, 8, 4, 7, 5, 7, 4, 8, 5, 7 ],
          eAdj := [ 3, 5, 7, 10, 11, 12, 14, 15, 16, 17, 18, 22, 23, 26, 35, 
              38, 40, 43, 46, 48, 53, 54, 55, 57, 67, 76 ] ), rec(
          DistVect := [ 0, 4, 5, 5, 7, 3, 7, 7, 5, 5, 7, 7, 3, 3, 4, 8, 8, 
              4, 4, 8, 8, 4, 4, 4, 8, 4, 8, 8, 4 ],
          eAdj := [ 1, 2, 5, 11, 16, 21, 24, 25, 26, 28, 31, 32, 37, 38, 40, 
              42, 43, 47, 49, 50, 59, 64, 65, 68, 69, 79 ] ), rec(
          DistVect := [ 0, 1, 1, 1, 2, 1, 2, 2, 1, 1, 2, 2, 1, 1, 1, 2, 2, 
              1, 1, 2, 2, 1, 1, 1, 2, 1, 2, 2, 1 ],
          eAdj := [ 1, 2, 5, 7, 11, 14, 16, 21, 24, 25, 26, 28, 31, 32, 35, 
              37, 38, 40, 42, 43, 47, 49, 50, 52, 58, 59, 64, 65, 68, 77, 79 
             ] ), rec(
          DistVect := [ 0, 4, 5, 7, 5, 3, 9, 7, 5, 7, 5, 7, 5, 3, 4, 8, 8, 
              4, 4, 8, 8, 4, 4, 4, 8, 4, 8, 8, 4 ],
          eAdj := [ 1, 2, 5, 7, 11, 16, 21, 24, 25, 29, 31, 32, 37, 38, 40, 
              42, 43, 47, 49, 50, 59, 64, 65, 68, 77, 79 ] ), rec(
          DistVect := [ 0, 4, 4, 7, 4, 4, 8, 7, 4, 7, 4, 8, 4, 3, 5, 8, 8, 
              4, 5, 9, 7, 5, 4, 4, 8, 5, 8, 7, 5 ],
          eAdj := [ 2, 5, 7, 11, 16, 17, 18, 20, 21, 22, 29, 31, 32, 40, 42, 
              43, 47, 49, 52, 55, 60, 64, 65, 68, 77, 79 ] ), rec(
          DistVect := [ 0, 4, 4, 5, 4, 4, 8, 5, 4, 7, 4, 8, 4, 3, 7, 8, 8, 
              4, 7, 7, 5, 7, 4, 4, 8, 3, 8, 5, 7 ],
          eAdj := [ 3, 5, 7, 10, 11, 16, 17, 18, 20, 21, 22, 23, 29, 32, 40, 
              42, 43, 49, 52, 55, 60, 64, 65, 68, 77, 79 ] ), rec(
          DistVect := [ 0, 4, 5, 5, 4, 3, 8, 5, 7, 7, 4, 5, 4, 3, 4, 7, 8, 
              7, 4, 7, 8, 7, 4, 5, 8, 3, 5, 8, 7 ],
          eAdj := [ 3, 4, 5, 6, 16, 21, 22, 24, 25, 26, 29, 30, 31, 32, 37, 
              38, 40, 43, 49, 50, 59, 65, 68, 69, 77, 79 ] ), rec(
          DistVect := [ 0, 4, 5, 5, 4, 3, 7, 7, 5, 5, 4, 7, 3, 3, 4, 9, 8, 
              4, 4, 9, 8, 4, 4, 3, 7, 7, 8, 8, 4 ],
          eAdj := [ 2, 5, 8, 11, 15, 16, 17, 18, 19, 20, 22, 26, 31, 32, 34, 
              38, 40, 42, 43, 47, 52, 55, 64, 65, 68, 77 ] ), rec(
          DistVect := [ 0, 1, 1, 1, 1, 1, 2, 2, 1, 1, 1, 2, 1, 1, 1, 2, 2, 
              1, 1, 2, 2, 1, 1, 1, 2, 2, 2, 2, 1 ],
          eAdj := [ 2, 5, 7, 8, 11, 14, 15, 16, 17, 18, 19, 20, 22, 26, 31, 
              32, 34, 35, 38, 40, 42, 43, 47, 51, 52, 53, 55, 58, 65, 68, 77 
             ] ), rec(
          DistVect := [ 0, 5, 5, 4, 4, 3, 9, 4, 4, 7, 3, 8, 4, 3, 7, 7, 8, 
              4, 7, 8, 5, 7, 4, 5, 7, 4, 8, 5, 7 ],
          eAdj := [ 3, 5, 7, 10, 11, 16, 17, 18, 19, 21, 22, 23, 29, 32, 34, 
              40, 42, 43, 48, 51, 53, 55, 58, 60, 65, 77 ] ), rec(
          DistVect := [ 0, 5, 5, 5, 4, 4, 9, 4, 4, 4, 3, 5, 4, 3, 4, 7, 5, 
              4, 7, 7, 5, 4, 7, 4, 7, 4, 5, 8, 7 ],
          eAdj := [ 3, 4, 5, 6, 7, 10, 12, 14, 15, 17, 22, 25, 33, 36, 37, 
              40, 41, 44, 46, 48, 57, 66, 67, 72, 76, 78 ] ), rec(
          DistVect := [ 0, 4, 4, 4, 4, 4, 8, 5, 4, 4, 4, 8, 4, 3, 4, 8, 8, 
              4, 5, 8, 8, 4, 5, 4, 8, 5, 8, 7, 7 ],
          eAdj := [ 3, 5, 7, 11, 14, 15, 16, 17, 18, 19, 20, 22, 26, 31, 32, 
              34, 35, 38, 40, 43, 51, 53, 55, 58, 65, 77 ] ), rec(
          DistVect := [ 0, 4, 4, 4, 4, 4, 8, 3, 4, 4, 4, 8, 4, 3, 4, 8, 8, 
              4, 5, 8, 8, 4, 5, 4, 8, 5, 8, 5, 7 ],
          eAdj := [ 3, 5, 7, 11, 14, 15, 16, 17, 18, 19, 20, 22, 23, 26, 34, 
              35, 38, 40, 43, 46, 48, 51, 53, 55, 58, 65 ] ), rec(
          DistVect := [ 0, 4, 4, 4, 4, 4, 8, 5, 4, 4, 4, 8, 4, 3, 4, 8, 8, 
              4, 3, 8, 8, 4, 5, 4, 8, 7, 8, 7, 5 ],
          eAdj := [ 5, 7, 8, 11, 14, 15, 16, 17, 18, 19, 20, 22, 26, 31, 34, 
              35, 38, 40, 43, 46, 47, 51, 53, 55, 58, 65 ] ), rec(
          DistVect := [ 0, 4, 4, 4, 4, 4, 8, 7, 4, 4, 4, 8, 4, 3, 4, 8, 8, 
              4, 7, 8, 8, 4, 5, 4, 8, 5, 8, 7, 5 ],
          eAdj := [ 2, 5, 7, 10, 11, 14, 15, 16, 17, 18, 19, 20, 22, 26, 32, 
              34, 35, 38, 40, 42, 43, 51, 53, 55, 58, 77 ] ), rec(
          DistVect := [ 0, 4, 4, 4, 4, 4, 8, 5, 4, 4, 4, 8, 4, 3, 4, 8, 8, 
              4, 7, 8, 8, 4, 7, 4, 8, 3, 8, 5, 7 ],
          eAdj := [ 3, 5, 7, 10, 11, 12, 14, 15, 16, 17, 18, 19, 20, 22, 23, 
              26, 34, 35, 38, 40, 43, 51, 53, 55, 58, 77 ] ), rec(
          DistVect := [ 0, 4, 4, 4, 4, 4, 8, 7, 4, 4, 4, 8, 4, 3, 4, 8, 8, 
              4, 5, 8, 8, 4, 5, 4, 8, 7, 8, 7, 3 ],
          eAdj := [ 2, 5, 7, 8, 11, 14, 15, 16, 17, 18, 19, 20, 22, 26, 34, 
              35, 38, 40, 42, 43, 47, 51, 53, 55, 58, 67 ] ), rec(
          DistVect := [ 0, 4, 4, 4, 4, 4, 8, 5, 4, 4, 4, 8, 4, 3, 4, 8, 8, 
              4, 7, 8, 8, 4, 5, 4, 8, 5, 8, 5, 5 ],
          eAdj := [ 5, 7, 10, 11, 14, 15, 16, 17, 18, 19, 20, 22, 23, 26, 
              34, 35, 38, 40, 42, 43, 48, 51, 53, 55, 58, 67 ] ), rec(
          DistVect := [ 0, 5, 4, 4, 4, 4, 9, 4, 7, 7, 3, 5, 4, 3, 4, 8, 8, 
              7, 4, 8, 8, 7, 4, 4, 7, 4, 5, 8, 7 ],
          eAdj := [ 3, 4, 5, 6, 16, 19, 20, 21, 22, 24, 25, 26, 29, 30, 31, 
              32, 37, 38, 40, 43, 52, 53, 58, 64, 65, 77 ] ), rec(
          DistVect := [ 0, 3, 4, 4, 4, 4, 7, 4, 5, 5, 5, 5, 4, 3, 4, 8, 8, 
              5, 4, 8, 8, 5, 4, 4, 9, 4, 5, 8, 7 ],
          eAdj := [ 3, 4, 5, 6, 16, 19, 20, 21, 22, 24, 25, 26, 31, 32, 35, 
              37, 38, 40, 43, 49, 50, 52, 58, 64, 65, 77 ] ), rec(
          DistVect := [ 0, 5, 5, 4, 4, 4, 9, 4, 4, 7, 3, 5, 4, 3, 7, 7, 5, 
              4, 7, 8, 8, 7, 4, 4, 7, 4, 5, 8, 7 ],
          eAdj := [ 3, 4, 5, 6, 7, 10, 17, 19, 21, 22, 25, 26, 29, 32, 34, 
              35, 36, 37, 38, 40, 44, 48, 51, 53, 54, 76 ] ), rec(
          DistVect := [ 0, 4, 4, 5, 4, 3, 8, 5, 4, 7, 4, 5, 4, 3, 7, 8, 5, 
              4, 7, 7, 8, 7, 4, 5, 8, 3, 5, 8, 7 ],
          eAdj := [ 3, 4, 5, 6, 7, 10, 17, 20, 21, 22, 25, 26, 29, 32, 35, 
              36, 37, 38, 40, 44, 49, 52, 53, 58, 64, 77 ] ), rec(
          DistVect := [ 0, 4, 4, 5, 4, 3, 8, 5, 4, 7, 4, 5, 4, 3, 5, 8, 7, 
              4, 5, 9, 8, 5, 4, 3, 8, 5, 7, 8, 5 ],
          eAdj := [ 4, 5, 6, 7, 16, 17, 19, 20, 21, 22, 25, 26, 29, 32, 34, 
              35, 36, 37, 38, 40, 44, 49, 52, 53, 58, 64 ] ), rec(
          DistVect := [ 0, 3, 4, 4, 4, 5, 7, 4, 5, 5, 5, 8, 4, 3, 4, 8, 7, 
              5, 4, 8, 7, 5, 4, 3, 9, 4, 8, 5, 7 ],
          eAdj := [ 3, 5, 11, 18, 19, 20, 21, 22, 23, 24, 31, 32, 40, 42, 
              47, 49, 50, 52, 55, 60, 61, 64, 65, 68, 70, 79 ] ), rec(
          DistVect := [ 0, 5, 4, 4, 4, 3, 9, 4, 7, 7, 3, 8, 4, 3, 4, 8, 5, 
              7, 4, 8, 5, 7, 4, 5, 7, 4, 8, 5, 7 ],
          eAdj := [ 3, 5, 11, 18, 19, 20, 21, 22, 23, 24, 29, 30, 31, 32, 
              40, 42, 47, 52, 55, 60, 61, 64, 68, 70, 77, 79 ] ), rec(
          DistVect := [ 0, 4, 4, 5, 4, 4, 8, 5, 4, 7, 4, 8, 4, 3, 5, 8, 8, 
              4, 5, 9, 5, 5, 4, 4, 8, 5, 8, 5, 5 ],
          eAdj := [ 5, 7, 11, 16, 17, 18, 19, 20, 21, 22, 23, 29, 32, 34, 
              40, 42, 43, 47, 49, 52, 55, 60, 64, 65, 68, 77 ] ), rec(
          DistVect := [ 0, 4, 4, 4, 4, 5, 8, 3, 4, 4, 4, 5, 4, 3, 4, 8, 7, 
              4, 5, 8, 7, 4, 5, 3, 8, 5, 5, 8, 7 ],
          eAdj := [ 3, 4, 5, 6, 7, 14, 15, 17, 19, 20, 22, 25, 33, 34, 35, 
              36, 37, 40, 41, 44, 46, 48, 51, 54, 66, 76 ] ), rec(
          DistVect := [ 0, 4, 4, 4, 4, 3, 8, 5, 4, 4, 4, 5, 4, 3, 4, 8, 5, 
              4, 7, 8, 7, 4, 5, 3, 8, 5, 7, 8, 5 ],
          eAdj := [ 4, 5, 6, 7, 10, 14, 15, 17, 19, 20, 22, 25, 26, 33, 34, 
              36, 37, 40, 41, 44, 48, 51, 54, 66, 67, 76 ] ), rec(
          DistVect := [ 0, 4, 4, 4, 4, 3, 8, 5, 4, 4, 4, 5, 4, 3, 4, 8, 5, 
              4, 7, 8, 5, 4, 7, 5, 8, 3, 5, 8, 7 ],
          eAdj := [ 3, 4, 5, 6, 7, 10, 12, 14, 15, 17, 19, 20, 22, 25, 33, 
              34, 36, 37, 40, 41, 44, 51, 53, 54, 66, 76 ] ), rec(
          DistVect := [ 0, 4, 4, 4, 5, 4, 8, 5, 4, 4, 7, 8, 4, 3, 4, 7, 8, 
              4, 3, 9, 8, 4, 5, 3, 9, 4, 8, 7, 5 ],
          eAdj := [ 1, 5, 7, 11, 14, 16, 19, 21, 24, 25, 26, 28, 31, 35, 37, 
              38, 40, 43, 47, 49, 50, 52, 58, 64, 65, 77 ] ), rec(
          DistVect := [ 0, 5, 4, 4, 4, 4, 8, 4, 5, 5, 5, 5, 5, 3, 4, 8, 8, 
              4, 4, 8, 8, 4, 4, 4, 8, 4, 8, 8, 4 ],
          eAdj := [ 1, 4, 6, 7, 13, 14, 16, 19, 20, 21, 24, 25, 26, 33, 34, 
              35, 36, 37, 41, 44, 52, 53, 54, 56, 66, 76 ] ), rec(
          DistVect := [ 0, 4, 4, 4, 4, 3, 8, 5, 4, 4, 4, 5, 4, 3, 4, 8, 7, 
              4, 5, 8, 7, 4, 5, 3, 8, 5, 7, 8, 5 ],
          eAdj := [ 4, 5, 6, 7, 14, 15, 16, 17, 19, 20, 22, 25, 26, 33, 34, 
              35, 36, 37, 40, 41, 44, 51, 53, 54, 66, 76 ] ), rec(
          DistVect := [ 0, 7, 4, 4, 7, 4, 8, 4, 5, 5, 4, 7, 3, 3, 4, 9, 8, 
              4, 4, 9, 8, 4, 4, 3, 7, 7, 8, 8, 4 ],
          eAdj := [ 4, 7, 8, 13, 14, 15, 16, 17, 18, 22, 26, 27, 33, 34, 35, 
              36, 37, 40, 41, 44, 46, 48, 51, 54, 67, 76 ] ), rec(
          DistVect := [ 0, 5, 4, 4, 4, 4, 9, 4, 5, 5, 5, 7, 4, 3, 4, 8, 8, 
              5, 4, 8, 8, 5, 4, 4, 9, 4, 7, 8, 7 ],
          eAdj := [ 3, 4, 5, 7, 14, 16, 19, 20, 21, 22, 24, 25, 26, 31, 32, 
              35, 37, 38, 40, 43, 52, 53, 58, 64, 65, 77 ] ), rec(
          DistVect := [ 0, 7, 5, 4, 5, 3, 9, 4, 4, 7, 4, 8, 4, 3, 5, 8, 8, 
              4, 5, 9, 7, 5, 4, 4, 8, 5, 8, 7, 5 ],
          eAdj := [ 4, 7, 13, 14, 16, 17, 18, 19, 21, 22, 26, 27, 29, 34, 
              35, 36, 37, 38, 39, 40, 44, 48, 51, 53, 54, 76 ] ), rec(
          DistVect := [ 0, 4, 3, 5, 7, 5, 7, 7, 3, 5, 7, 9, 3, 3, 4, 8, 8, 
              4, 4, 8, 8, 4, 4, 4, 8, 4, 8, 8, 4 ],
          eAdj := [ 1, 2, 5, 7, 11, 16, 21, 24, 25, 28, 31, 32, 38, 40, 42, 
              43, 47, 49, 50, 52, 59, 60, 64, 65, 68, 79 ] ), rec(
          DistVect := [ 0, 1, 1, 1, 2, 2, 2, 2, 1, 1, 2, 3, 1, 1, 1, 2, 2, 
              1, 1, 2, 2, 1, 1, 1, 2, 1, 2, 2, 1 ],
          eAdj := [ 1, 2, 5, 7, 11, 14, 18, 21, 23, 24, 25, 28, 31, 32, 38, 
              40, 42, 43, 47, 49, 50, 52, 59, 60, 61, 64, 65, 68, 79 ] ), 
      rec(
          DistVect := [ 0, 4, 4, 4, 4, 4, 8, 5, 4, 4, 4, 8, 4, 3, 4, 8, 8, 
              4, 3, 8, 8, 4, 3, 4, 8, 7, 8, 9, 5 ],
          eAdj := [ 4, 5, 7, 8, 11, 14, 15, 16, 17, 18, 19, 20, 22, 26, 31, 
              32, 34, 35, 38, 40, 43, 51, 52, 53, 58, 65 ] ), rec(
          DistVect := [ 0, 1, 1, 1, 1, 1, 2, 2, 1, 1, 1, 2, 1, 1, 1, 2, 2, 
              1, 1, 2, 2, 1, 1, 1, 2, 2, 2, 3, 1 ],
          eAdj := [ 2, 4, 5, 6, 7, 8, 11, 14, 15, 16, 17, 18, 19, 20, 22, 
              25, 26, 31, 32, 33, 34, 35, 36, 38, 40, 43, 51, 52, 53, 58 ] ),
      rec(
          DistVect := [ 0, 4, 4, 4, 4, 4, 8, 7, 4, 4, 4, 8, 4, 3, 4, 8, 8, 
              4, 5, 8, 8, 4, 5, 4, 8, 5, 8, 9, 5 ],
          eAdj := [ 2, 5, 7, 11, 14, 15, 16, 17, 18, 19, 20, 22, 25, 26, 31, 
              32, 34, 35, 38, 40, 43, 51, 52, 53, 58, 77 ] ), rec(
          DistVect := [ 0, 4, 4, 4, 4, 4, 8, 7, 4, 4, 4, 8, 4, 3, 4, 8, 8, 
              4, 5, 8, 8, 4, 3, 4, 8, 7, 8, 9, 3 ],
          eAdj := [ 2, 5, 7, 8, 11, 14, 15, 16, 17, 18, 19, 20, 22, 26, 32, 
              34, 35, 36, 38, 40, 42, 43, 51, 52, 53, 58 ] ), rec(
          DistVect := [ 0, 4, 5, 3, 4, 5, 7, 7, 5, 3, 4, 9, 3, 3, 4, 9, 8, 
              4, 4, 7, 8, 4, 4, 5, 7, 7, 8, 8, 4 ],
          eAdj := [ 2, 5, 8, 11, 14, 15, 17, 18, 19, 20, 22, 26, 31, 32, 34, 
              38, 42, 43, 47, 51, 52, 55, 61, 65, 68, 77 ] ), rec(
          DistVect := [ 0, 1, 1, 1, 1, 2, 2, 2, 1, 1, 1, 3, 1, 1, 1, 2, 2, 
              1, 1, 2, 2, 1, 1, 2, 2, 2, 2, 2, 1 ],
          eAdj := [ 2, 5, 7, 8, 11, 14, 15, 17, 18, 19, 20, 22, 23, 31, 32, 
              34, 38, 42, 43, 47, 51, 52, 55, 60, 61, 65, 68, 77 ] ), rec(
          DistVect := [ 0, 4, 5, 5, 5, 5, 7, 7, 5, 5, 5, 9, 3, 3, 4, 8, 8, 
              4, 4, 8, 8, 4, 4, 4, 8, 4, 8, 8, 4 ],
          eAdj := [ 1, 2, 5, 11, 18, 21, 22, 24, 25, 31, 32, 38, 40, 42, 43, 
              47, 49, 50, 52, 59, 60, 61, 64, 65, 68, 79 ] ), rec(
          DistVect := [ 0, 4, 5, 5, 5, 5, 9, 7, 5, 5, 5, 9, 5, 3, 4, 8, 8, 
              4, 4, 8, 8, 4, 4, 4, 8, 4, 8, 8, 4 ],
          eAdj := [ 1, 2, 5, 7, 11, 14, 18, 21, 24, 25, 31, 32, 38, 40, 42, 
              43, 47, 49, 50, 52, 59, 64, 65, 68, 77, 79 ] ), rec(
          DistVect := [ 0, 4, 4, 4, 5, 4, 8, 5, 4, 4, 7, 8, 4, 3, 4, 7, 8, 
              4, 3, 7, 8, 4, 3, 5, 9, 4, 8, 9, 5 ],
          eAdj := [ 1, 4, 5, 7, 11, 14, 16, 21, 24, 25, 26, 28, 31, 32, 35, 
              37, 38, 43, 49, 50, 52, 58, 59, 64, 65, 77 ] ), rec(
          DistVect := [ 0, 1, 1, 1, 2, 1, 2, 2, 1, 1, 2, 2, 1, 1, 1, 2, 2, 
              1, 1, 2, 2, 1, 1, 2, 2, 1, 2, 3, 1 ],
          eAdj := [ 1, 2, 4, 5, 6, 7, 11, 14, 16, 21, 24, 25, 26, 28, 31, 
              32, 33, 35, 36, 37, 38, 43, 49, 50, 52, 58, 59, 64, 77 ] ), 
      rec(
          DistVect := [ 0, 4, 4, 4, 7, 4, 8, 7, 4, 4, 7, 8, 4, 3, 4, 7, 8, 
              4, 3, 9, 8, 4, 5, 5, 7, 4, 8, 9, 3 ],
          eAdj := [ 1, 2, 5, 7, 11, 14, 16, 21, 24, 25, 26, 28, 31, 33, 35, 
              37, 38, 43, 47, 49, 50, 52, 58, 59, 64, 77 ] ), rec(
          DistVect := [ 0, 4, 4, 4, 5, 4, 8, 5, 4, 4, 7, 8, 4, 3, 4, 7, 8, 
              4, 3, 7, 8, 4, 3, 5, 7, 4, 8, 9, 3 ],
          eAdj := [ 1, 4, 5, 7, 11, 13, 14, 16, 21, 24, 25, 26, 28, 33, 35, 
              36, 37, 38, 43, 49, 50, 52, 58, 59, 64, 77 ] ), rec(
          DistVect := [ 0, 4, 4, 4, 5, 4, 8, 5, 4, 4, 7, 8, 4, 3, 4, 7, 8, 
              4, 3, 7, 8, 4, 3, 3, 7, 4, 8, 7, 3 ],
          eAdj := [ 1, 5, 7, 11, 13, 14, 16, 21, 24, 25, 26, 28, 35, 37, 38, 
              42, 43, 47, 49, 50, 52, 58, 59, 64, 65, 77 ] ), rec(
          DistVect := [ 0, 4, 5, 5, 5, 3, 7, 7, 5, 5, 5, 7, 3, 3, 4, 8, 8, 
              4, 4, 8, 8, 4, 4, 4, 8, 4, 8, 8, 4 ],
          eAdj := [ 1, 2, 5, 11, 16, 21, 22, 24, 25, 26, 31, 32, 38, 40, 42, 
              43, 47, 49, 50, 52, 59, 64, 65, 68, 77, 79 ] ), rec(
          DistVect := [ 0, 4, 4, 4, 4, 4, 8, 5, 4, 4, 4, 8, 4, 3, 4, 8, 8, 
              4, 5, 8, 8, 4, 3, 4, 8, 5, 8, 9, 5 ],
          eAdj := [ 4, 5, 7, 11, 14, 15, 16, 17, 18, 19, 20, 21, 22, 25, 26, 
              32, 34, 35, 36, 38, 40, 43, 51, 52, 53, 58 ] ), rec(
          DistVect := [ 0, 4, 4, 4, 4, 4, 8, 7, 4, 4, 4, 8, 4, 3, 4, 8, 8, 
              4, 5, 8, 8, 4, 5, 4, 8, 5, 8, 7, 3 ],
          eAdj := [ 1, 2, 5, 7, 11, 14, 15, 16, 17, 18, 19, 20, 22, 26, 34, 
              35, 38, 40, 42, 43, 47, 51, 52, 53, 58, 77 ] ), rec(
          DistVect := [ 0, 5, 4, 4, 4, 4, 8, 4, 3, 3, 7, 7, 3, 3, 4, 8, 8, 
              4, 4, 8, 8, 4, 4, 4, 8, 4, 8, 8, 4 ],
          eAdj := [ 1, 4, 5, 7, 13, 14, 16, 19, 20, 21, 24, 25, 26, 28, 33, 
              34, 35, 36, 37, 41, 44, 51, 52, 53, 54, 66 ] ), rec(
          DistVect := [ 0, 5, 4, 4, 4, 4, 8, 4, 5, 3, 5, 7, 5, 3, 4, 8, 8, 
              4, 4, 8, 8, 4, 4, 4, 8, 4, 8, 8, 4 ],
          eAdj := [ 1, 4, 7, 13, 14, 15, 16, 19, 20, 21, 24, 25, 26, 33, 34, 
              35, 36, 37, 41, 45, 51, 52, 53, 54, 66, 76 ] ), rec(
          DistVect := [ 0, 5, 4, 4, 4, 4, 8, 4, 5, 3, 5, 7, 3, 3, 4, 8, 8, 
              4, 4, 8, 8, 4, 4, 4, 8, 4, 8, 8, 4 ],
          eAdj := [ 1, 4, 5, 7, 13, 14, 15, 16, 19, 20, 21, 22, 24, 25, 26, 
              33, 34, 35, 36, 37, 41, 43, 51, 52, 53, 54 ] ), rec(
          DistVect := [ 0, 5, 4, 4, 4, 4, 8, 4, 5, 5, 3, 7, 5, 3, 4, 8, 8, 
              4, 4, 8, 8, 4, 4, 4, 8, 4, 8, 8, 4 ],
          eAdj := [ 1, 4, 7, 13, 14, 15, 16, 17, 18, 19, 20, 21, 22, 24, 25, 
              26, 33, 34, 35, 36, 37, 51, 52, 53, 54, 76 ] ), rec(
          DistVect := [ 0, 3, 4, 4, 4, 4, 8, 4, 3, 3, 5, 7, 5, 3, 4, 8, 8, 
              4, 4, 8, 8, 4, 4, 4, 8, 4, 8, 8, 4 ],
          eAdj := [ 1, 4, 5, 7, 11, 13, 14, 15, 16, 17, 19, 20, 21, 24, 25, 
              26, 33, 34, 35, 36, 37, 51, 52, 53, 54, 66 ] ), rec(
          DistVect := [ 0, 4, 4, 4, 4, 4, 8, 7, 4, 4, 4, 8, 4, 3, 4, 8, 8, 
              4, 5, 8, 8, 4, 5, 4, 8, 5, 8, 9, 3 ],
          eAdj := [ 1, 2, 5, 7, 11, 14, 15, 16, 17, 18, 19, 20, 22, 25, 26, 
              33, 34, 35, 36, 38, 40, 43, 51, 52, 53, 58 ] ), rec(
          DistVect := [ 0, 5, 4, 4, 4, 4, 8, 4, 3, 3, 7, 9, 3, 3, 4, 8, 8, 
              4, 4, 8, 8, 4, 4, 4, 8, 4, 8, 8, 4 ],
          eAdj := [ 1, 4, 5, 7, 11, 13, 14, 16, 19, 20, 21, 24, 25, 26, 28, 
              33, 34, 35, 36, 37, 38, 43, 51, 52, 53, 54 ] ) ] );
