return rec(
  DistVect := [ 0, 1, 1, 1, 1, 1, 1, 0, 1, 1, 1, 1, 1, 1, 1, 1, 1, 1, 1, 1, 
      1, 2, 1, 2, 1, 1, 2, 1, 1 ],
  ListIncidentIneq := 
   [ [ 0, 0, 0, 0, 0, 0, 0, 0, 0, 0, 0, 0, 0, 0, 0, 0, 0, 0, 0, 0, 0, 0, 0, 
          0, 0, 0, -1, 1, 1 ], 
      [ 0, 0, 0, 0, 0, 0, 1, 1, 0, 0, 0, 0, 0, 0, 0, 0, 0, 0, 0, 0, 0, 0, 0, 
          0, 0, 0, 0, 0, -1 ], 
      [ 0, 0, 0, 0, 0, 1, 0, 1, 0, 0, 0, 0, 0, 0, 0, 0, 0, 0, 0, 0, 0, 0, 0, 
          0, 0, 0, 0, -1, 0 ], 
      [ 0, 0, 0, 0, 0, 0, 0, 0, 0, 0, 0, 0, 0, 0, 0, 0, 0, 0, 0, 0, 0, -1, 
          1, 0, 0, 0, 0, 0, 1 ], 
      [ 0, 1, 0, 0, 0, 0, 0, 1, 0, 0, 0, 0, 0, -1, 0, 0, 0, 0, 0, 0, 0, 0, 
          0, 0, 0, 0, 0, 0, 0 ], 
      [ 0, 0, 0, 0, 1, 0, 0, 1, 0, 0, 0, 0, 0, 0, 0, 0, 0, 0, 0, 0, 0, 0, 0, 
          0, 0, -1, 0, 0, 0 ], 
      [ 0, 0, 0, 1, 0, 0, 0, 1, 0, 0, 0, 0, 0, 0, 0, 0, 0, 0, 0, 0, 0, 0, 
          -1, 0, 0, 0, 0, 0, 0 ], 
      [ 0, 0, 1, 0, 0, 0, 0, 1, 0, 0, 0, 0, 0, 0, 0, 0, 0, 0, -1, 0, 0, 0, 
          0, 0, 0, 0, 0, 0, 0 ], 
      [ 0, 0, 0, 0, 0, 0, -1, 1, 0, 0, 0, 0, 0, 0, 0, 0, 0, 0, 0, 0, 0, 0, 
          0, 0, 0, 0, 0, 0, 1 ], 
      [ 0, 0, 0, 0, 0, 0, 0, 0, 0, 0, 0, 0, 0, 0, 0, 0, 0, 0, 0, 1, 1, 0, 0, 
          -1, 0, 0, 0, 0, 0 ], 
      [ 0, 0, 0, 0, 0, 0, 0, 0, 0, 0, 0, 0, 0, 0, 0, 0, 0, 0, 0, 0, 0, 0, 0, 
          -1, 0, 1, 0, 1, 0 ], 
      [ 0, 0, 0, 0, 0, 0, 0, 0, 0, 0, 0, 0, 0, 0, 1, 0, 0, 1, 0, 0, 0, -1, 
          0, 0, 0, 0, 0, 0, 0 ], 
      [ 0, 0, 0, 0, 0, 0, 0, 0, 0, 0, 0, 0, 0, 0, 0, 1, 1, 0, 0, 0, 0, 0, 0, 
          -1, 0, 0, 0, 0, 0 ], 
      [ 0, 0, 0, 0, 0, 1, 1, 0, 0, 0, 0, 0, 0, 0, 0, 0, 0, 0, 0, 0, 0, 0, 0, 
          0, 0, 0, -1, 0, 0 ], 
      [ 0, 0, 0, 0, 0, 0, 0, 0, 0, 1, 0, 0, 1, 0, 0, 0, 0, 0, 0, 0, 0, -1, 
          0, 0, 0, 0, 0, 0, 0 ], 
      [ 0, 0, 0, 0, 0, 0, 0, 0, 0, 0, 0, 0, 0, 0, 0, 0, 0, 0, 0, 1, 0, -1, 
          0, 0, 1, 0, 0, 0, 0 ], 
      [ 0, 0, 0, 0, 0, 0, 0, 0, 0, 0, 1, 1, 0, 0, 0, 0, 0, 0, 0, 0, 0, 0, 0, 
          -1, 0, 0, 0, 0, 0 ], 
      [ 0, 0, 0, 0, 0, 0, 0, 0, 0, 0, 0, 1, 1, 0, 0, 0, 0, 0, 0, 0, 0, 0, 0, 
          0, 0, 0, -1, 0, 0 ], 
      [ 0, 0, 0, 1, 0, 0, 1, 0, 0, 0, 0, 0, 0, 0, 0, 0, 0, 0, 0, 0, 0, -1, 
          0, 0, 0, 0, 0, 0, 0 ], 
      [ 0, 0, 0, 0, 0, -1, 0, 1, 0, 0, 0, 0, 0, 0, 0, 0, 0, 0, 0, 0, 0, 0, 
          0, 0, 0, 0, 0, 1, 0 ], 
      [ 0, 0, 0, 0, 0, 0, 0, 0, 0, 0, 0, 0, 0, 0, 0, 0, 1, 1, 0, 0, 0, 0, 0, 
          0, 0, 0, -1, 0, 0 ], 
      [ 0, 0, 0, 0, 1, 1, 0, 0, 0, 0, 0, 0, 0, 0, 0, 0, 0, 0, 0, 0, 0, 0, 0, 
          -1, 0, 0, 0, 0, 0 ], 
      [ 0, 0, 0, 0, -1, 0, 0, 1, 0, 0, 0, 0, 0, 0, 0, 0, 0, 0, 0, 0, 0, 0, 
          0, 0, 0, 1, 0, 0, 0 ], 
      [ 0, -1, 0, 0, 0, 0, 0, 1, 0, 0, 0, 0, 0, 1, 0, 0, 0, 0, 0, 0, 0, 0, 
          0, 0, 0, 0, 0, 0, 0 ], 
      [ 0, 0, 0, -1, 0, 0, 0, 1, 0, 0, 0, 0, 0, 0, 0, 0, 0, 0, 0, 0, 0, 0, 
          1, 0, 0, 0, 0, 0, 0 ], 
      [ 0, 0, -1, 0, 0, 0, 0, 1, 0, 0, 0, 0, 0, 0, 0, 0, 0, 0, 1, 0, 0, 0, 
          0, 0, 0, 0, 0, 0, 0 ], 
      [ 0, -1, 0, 0, 0, 1, 1, 1, 0, 0, 0, 1, 1, 1, 0, 0, 0, 0, 0, 0, 0, 0, 
          0, 0, 0, 0, -1, -1, -1 ], 
      [ 0, 0, 0, 0, 0, 0, 0, 0, 0, 0, 1, 1, 1, -1, 0, 0, 0, 0, 0, 0, 0, 0, 
          0, -1, -1, 1, -1, 1, 1 ], 
      [ 0, 0, -1, 0, 0, 1, 1, 1, 0, 0, 0, 0, 0, 0, 0, 0, 1, 1, 1, 0, 0, 0, 
          0, 0, 0, 0, -1, -1, -1 ], 
      [ 0, 0, 0, 0, 0, 0, 0, 0, 0, 1, 0, 1, 1, -1, 0, 0, 0, 0, 0, 0, -1, -1, 
          1, 0, 0, 0, -1, 1, 1 ], 
      [ 0, -1, 0, 1, 0, 0, 1, 1, 0, 1, 0, 0, 1, 1, 0, 0, 0, 0, 0, 0, 0, -1, 
          -1, 0, 0, 0, 0, 0, -1 ], 
      [ 0, 0, -1, 1, 0, 0, 1, 1, 0, 0, 0, 0, 0, 0, 1, 0, 0, 1, 1, 0, 0, -1, 
          -1, 0, 0, 0, 0, 0, -1 ], 
      [ 0, 1, 0, 0, 0, -1, -1, 1, 0, 0, 0, 1, 1, -1, 0, 0, 0, 0, 0, 0, 0, 0, 
          0, 0, 0, 0, -1, 1, 1 ], 
      [ 0, 0, 0, 0, 0, 0, 0, 0, 0, 0, 0, 0, 0, 0, 0, 1, 1, 1, -1, 0, 0, 0, 
          0, -1, -1, 1, -1, 1, 1 ], 
      [ 0, -1, 0, 0, 1, 1, 1, 0, 0, 0, 1, 1, 1, 0, 0, 0, 0, 0, 0, 0, 0, 0, 
          0, -1, -1, 0, -1, 0, 0 ], 
      [ 0, 0, 1, 0, 0, -1, -1, 1, 0, 0, 0, 0, 0, 0, 0, 0, 1, 1, -1, 0, 0, 0, 
          0, 0, 0, 0, -1, 1, 1 ], 
      [ 0, 0, 0, 0, 0, 0, 0, 0, 0, 0, 0, 0, 0, 0, 1, 0, 1, 1, -1, 0, -1, -1, 
          1, 0, 0, 0, -1, 1, 1 ], 
      [ 0, 0, 0, 1, -1, -1, 0, 1, 0, 0, 0, 0, 0, 0, 0, 0, 0, 0, 0, 1, 1, 0, 
          -1, -1, 0, 1, 0, 1, 0 ], 
      [ 0, 0, -1, 0, 1, 1, 1, 0, 0, 0, 0, 0, 0, 0, 0, 1, 1, 1, 0, 0, 0, 0, 
          0, -1, -1, 0, -1, 0, 0 ], 
      [ 0, -1, 0, 1, 0, 1, 1, 0, 0, 1, 0, 1, 1, 0, 0, 0, 0, 0, 0, 0, -1, -1, 
          0, 0, 0, 0, -1, 0, 0 ], 
      [ 0, -1, 0, 0, 1, 1, 0, 1, 0, 0, 1, 1, 0, 1, 0, 0, 0, 0, 0, 0, 0, 0, 
          0, -1, 0, -1, 0, -1, 0 ], 
      [ 0, 1, 0, -1, 0, 0, -1, 1, 0, 1, 0, 0, 1, -1, 0, 0, 0, 0, 0, 0, 0, 
          -1, 1, 0, 0, 0, 0, 0, 1 ], 
      [ 0, 0, 0, 0, 0, 0, 0, 0, -1, 0, 1, 1, 1, 0, 0, 1, 1, 1, 0, 0, 0, 0, 
          0, -1, -1, 0, -1, 0, 0 ], 
      [ 0, 0, -1, 1, 0, 1, 1, 0, 0, 0, 0, 0, 0, 0, 1, 0, 1, 1, 0, 0, -1, -1, 
          0, 0, 0, 0, -1, 0, 0 ], 
      [ 0, 1, 0, 0, -1, -1, 0, 1, 0, 0, 1, 1, 0, -1, 0, 0, 0, 0, 0, 0, 0, 0, 
          0, -1, 0, 1, 0, 1, 0 ], 
      [ 0, 0, -1, 0, 1, 1, 0, 1, 0, 0, 0, 0, 0, 0, 0, 1, 1, 0, 1, 0, 0, 0, 
          0, -1, 0, -1, 0, -1, 0 ], 
      [ 0, 0, 0, 1, -1, 0, 1, 1, 0, 0, 0, 0, 0, 0, 0, 0, 0, 0, 0, 1, 0, -1, 
          -1, 0, 1, 1, 0, 0, -1 ], 
      [ 0, 0, 1, 0, -1, -1, 0, 1, 0, 0, 0, 0, 0, 0, 0, 1, 1, 0, -1, 0, 0, 0, 
          0, -1, 0, 1, 0, 1, 0 ], 
      [ 0, 0, 1, -1, 0, 0, -1, 1, 0, 0, 0, 0, 0, 0, 1, 0, 0, 1, -1, 0, 0, 
          -1, 1, 0, 0, 0, 0, 0, 1 ], 
      [ 0, 0, 0, 0, 0, 0, 0, 0, -1, 1, 0, 1, 1, 0, 1, 0, 1, 1, 0, 0, -1, -1, 
          0, 0, 0, 0, -1, 0, 0 ], 
      [ 0, 0, 0, -1, 1, 1, 0, 1, 0, 0, 0, 0, 0, 0, 0, 0, 0, 0, 0, 1, 1, 0, 
          1, -1, 0, -1, 0, -1, 0 ], 
      [ 0, 0, 0, -1, 1, 0, -1, 1, 0, 0, 0, 0, 0, 0, 0, 0, 0, 0, 0, 1, 0, -1, 
          1, 0, 1, -1, 0, 0, 1 ], 
      [ 0, -2, 0, 0, 2, 2, 2, 2, 0, 0, 1, 1, 1, 1, 0, 0, 0, 0, 0, 0, 0, 0, 
          0, -1, -1, -1, -1, -1, -1 ], 
      [ 0, -2, 0, 2, 0, 2, 2, 2, 0, 1, 0, 1, 1, 1, 0, 0, 0, 0, 0, 0, -1, -1, 
          -1, 0, 0, 0, -1, -1, -1 ], 
      [ 0, 0, -2, 0, 2, 2, 2, 2, 0, 0, 0, 0, 0, 0, 0, 1, 1, 1, 1, 0, 0, 0, 
          0, -1, -1, -1, -1, -1, -1 ], 
      [ 0, 1, 0, 0, -1, -1, -1, 2, 0, 0, 1, 1, 1, -2, 0, 0, 0, 0, 0, 0, 0, 
          0, 0, -1, -1, 2, -1, 2, 2 ], 
      [ 0, 0, -2, 2, 0, 2, 2, 2, 0, 0, 0, 0, 0, 0, 1, 0, 1, 1, 1, 0, -1, -1, 
          -1, 0, 0, 0, -1, -1, -1 ], 
      [ 0, 0, 1, 0, -1, -1, -1, 2, 0, 0, 0, 0, 0, 0, 0, 1, 1, 1, -2, 0, 0, 
          0, 0, -1, -1, 2, -1, 2, 2 ], 
      [ 0, 1, 0, -1, 0, -1, -1, 2, 0, 1, 0, 1, 1, -2, 0, 0, 0, 0, 0, 0, -1, 
          -1, 2, 0, 0, 0, -1, 2, 2 ], 
      [ 0, 0, 1, -1, 0, -1, -1, 2, 0, 0, 0, 0, 0, 0, 1, 0, 1, 1, -2, 0, -1, 
          -1, 2, 0, 0, 0, -1, 2, 2 ], 
      [ 0, 0, 0, 0, 0, 0, 0, 0, -1, 0, 1, 2, 1, -1, 0, 1, 2, 1, -1, 0, 0, 0, 
          0, -2, -1, 1, -2, 2, 1 ], 
      [ 0, -1, -1, 0, 1, 2, 1, 0, -1, 0, 1, 2, 1, 0, 0, 1, 2, 1, 0, 0, 0, 0, 
          0, -2, -1, 0, -2, 0, 0 ], 
      [ 0, 0, 0, 0, 0, 0, 0, 0, -1, 1, 0, 1, 2, -1, 1, 0, 1, 2, -1, 0, -1, 
          -2, 1, 0, 0, 0, -2, 1, 2 ], 
      [ 0, -1, -1, 1, 0, 1, 2, 0, -1, 1, 0, 1, 2, 0, 1, 0, 1, 2, 0, 0, -1, 
          -2, 0, 0, 0, 0, -2, 0, 0 ], 
      [ 0, -1, -1, 0, 1, 1, 1, 1, -1, 0, 1, 1, 1, 1, 0, 1, 1, 1, 1, 0, 0, 0, 
          0, -1, -1, -1, -1, -1, -1 ], 
      [ 0, 0, 0, 0, 0, 0, 0, 0, -1, 1, 1, 1, 1, -1, 1, 1, 1, 1, -1, -1, -1, 
          -1, 1, -1, -1, 1, -1, 1, 1 ], 
      [ 0, -1, -1, 1, 0, 1, 1, 1, -1, 1, 0, 1, 1, 1, 1, 0, 1, 1, 1, 0, -1, 
          -1, -1, 0, 0, 0, -1, -1, -1 ], 
      [ 0, 1, 1, 0, -1, -1, -1, 1, -1, 0, 1, 1, 1, -1, 0, 1, 1, 1, -1, 0, 0, 
          0, 0, -1, -1, 1, -1, 1, 1 ], 
      [ 0, 1, 1, -1, 0, -1, -1, 1, -1, 1, 0, 1, 1, -1, 1, 0, 1, 1, -1, 0, 
          -1, -1, 1, 0, 0, 0, -1, 1, 1 ], 
      [ 0, -1, -1, 1, 1, 1, 1, 0, -1, 1, 1, 1, 1, 0, 1, 1, 1, 1, 0, -1, -1, 
          -1, 0, -1, -1, 0, -1, 0, 0 ], 
      [ 0, -2, -2, 0, 2, 4, 2, 2, -1, 0, 1, 2, 1, 1, 0, 1, 2, 1, 1, 0, 0, 0, 
          0, -2, -1, -1, -2, -2, -1 ], 
      [ 0, 2, 2, 0, -2, -2, -2, 4, -1, 0, 1, 1, 1, -2, 0, 1, 1, 1, -2, 0, 0, 
          0, 0, -1, -1, 2, -1, 2, 2 ], 
      [ 0, 1, 1, 0, -1, -2, -1, 2, -1, 0, 1, 2, 1, -2, 0, 1, 2, 1, -2, 0, 0, 
          0, 0, -2, -1, 2, -2, 4, 2 ], 
      [ 0, 2, 2, -2, 0, -2, -2, 4, -1, 1, 0, 1, 1, -2, 1, 0, 1, 1, -2, 0, 
          -1, -1, 2, 0, 0, 0, -1, 2, 2 ], 
      [ 0, -2, -2, 0, 2, 2, 2, 4, -1, 0, 1, 1, 1, 2, 0, 1, 1, 1, 2, 0, 0, 0, 
          0, -1, -1, -2, -1, -2, -2 ], 
      [ 0, -2, -2, 2, 0, 2, 4, 2, -1, 1, 0, 1, 2, 1, 1, 0, 1, 2, 1, 0, -1, 
          -2, -1, 0, 0, 0, -2, -1, -2 ], 
      [ 0, -2, -2, 2, 0, 2, 2, 4, -1, 1, 0, 1, 1, 2, 1, 0, 1, 1, 2, 0, -1, 
          -1, -2, 0, 0, 0, -1, -2, -2 ], 
      [ 0, 1, 1, -1, 0, -1, -2, 2, -1, 1, 0, 1, 2, -2, 1, 0, 1, 2, -2, 0, 
          -1, -2, 2, 0, 0, 0, -2, 2, 4 ], 
      [ 0, 2, 2, 0, -2, -4, -2, 6, -1, 0, 1, 2, 1, -3, 0, 1, 2, 1, -3, 0, 0, 
          0, 0, -2, -1, 3, -2, 6, 3 ], 
      [ 0, -3, -3, 0, 3, 6, 3, 6, -1, 0, 1, 2, 1, 2, 0, 1, 2, 1, 2, 0, 0, 0, 
          0, -2, -1, -2, -2, -4, -2 ], 
      [ 0, 2, 2, -2, 0, -2, -4, 6, -1, 1, 0, 1, 2, -3, 1, 0, 1, 2, -3, 0, 
          -1, -2, 3, 0, 0, 0, -2, 3, 6 ], 
      [ 0, -3, -3, 3, 0, 3, 6, 6, -1, 1, 0, 1, 2, 2, 1, 0, 1, 2, 2, 0, -1, 
          -2, -2, 0, 0, 0, -2, -2, -4 ], 
      [ 0, -2, -2, 2, 2, 2, 2, 2, -1, 1, 1, 1, 1, 1, 1, 1, 1, 1, 1, -1, -1, 
          -1, -1, -1, -1, -1, -1, -1, -1 ], 
      [ 0, 1, 1, -1, -1, -1, -1, 2, -1, 1, 1, 1, 1, -2, 1, 1, 1, 1, -2, -1, 
          -1, -1, 2, -1, -1, 2, -1, 2, 2 ], 
      [ 0, -3, -3, 3, 3, 3, 3, 6, -1, 1, 1, 1, 1, 2, 1, 1, 1, 1, 2, -1, -1, 
          -1, -2, -1, -1, -2, -1, -2, -2 ], 
      [ 0, 2, 2, -2, -2, -2, -2, 6, -1, 1, 1, 1, 1, -3, 1, 1, 1, 1, -3, -1, 
          -1, -1, 3, -1, -1, 3, -1, 3, 3 ] ],
  ListIncidentSymbol := 
   [ [ 0, 0, 0, 0, 0, 1, 1, -1 ], [ -1, 0, 0, 0, 0, 0, 1, 1 ], 
      [ -1, 0, 0, 0, 0, 1, 0, 1 ], [ 0, 0, 0, 1, 0, 0, 1, -1 ], 
      [ -1, 1, 0, 0, 0, 0, 0, 1 ], [ -1, 0, 0, 0, 1, 0, 0, 1 ], 
      [ -1, 0, 0, 1, 0, 0, 0, 1 ], [ -1, 0, 1, 0, 0, 0, 0, 1 ], 
      [ 1, 0, 0, 0, 0, 0, 1, -1 ], [ 0, 0, 0, -1, 1, 1, 0, 0 ], 
      [ 0, 0, 0, 0, 1, 1, 0, -1 ], [ 0, 0, -1, 1, 0, 0, 1, 0 ], 
      [ 0, 0, -1, 0, 1, 1, 0, 0 ], [ -1, 0, 0, 0, 0, 1, 1, 0 ], 
      [ 0, -1, 0, 1, 0, 0, 1, 0 ], [ 0, 0, 0, 1, -1, 0, 1, 0 ], 
      [ 0, -1, 0, 0, 1, 1, 0, 0 ], [ 0, -1, 0, 0, 0, 1, 1, 0 ], 
      [ -1, 0, 0, 1, 0, 0, 1, 0 ], [ 1, 0, 0, 0, 0, 1, 0, -1 ], 
      [ 0, 0, -1, 0, 0, 1, 1, 0 ], [ -1, 0, 0, 0, 1, 1, 0, 0 ], 
      [ 1, 0, 0, 0, 1, 0, 0, -1 ], [ 1, 1, 0, 0, 0, 0, 0, -1 ], 
      [ 1, 0, 0, 1, 0, 0, 0, -1 ], [ 1, 0, 1, 0, 0, 0, 0, -1 ], 
      [ -1, -1, 0, 0, 0, 1, 1, 1 ], [ 0, -1, 0, 0, 1, 1, 1, -1 ], 
      [ -1, 0, -1, 0, 0, 1, 1, 1 ], [ 0, -1, 0, 1, 0, 1, 1, -1 ], 
      [ -1, -1, 0, 1, 0, 0, 1, 1 ], [ -1, 0, -1, 1, 0, 0, 1, 1 ], 
      [ 1, -1, 0, 0, 0, 1, 1, -1 ], [ 0, 0, -1, 0, 1, 1, 1, -1 ], 
      [ -1, -1, 0, 0, 1, 1, 1, 0 ], [ 1, 0, -1, 0, 0, 1, 1, -1 ], 
      [ 0, 0, -1, 1, 0, 1, 1, -1 ], [ 1, 0, 0, -1, 1, 1, 0, -1 ], 
      [ -1, 0, -1, 0, 1, 1, 1, 0 ], [ -1, -1, 0, 1, 0, 1, 1, 0 ], 
      [ -1, -1, 0, 0, 1, 1, 0, 1 ], [ 1, -1, 0, 1, 0, 0, 1, -1 ], 
      [ 0, -1, -1, 0, 1, 1, 1, 0 ], [ -1, 0, -1, 1, 0, 1, 1, 0 ], 
      [ 1, -1, 0, 0, 1, 1, 0, -1 ], [ -1, 0, -1, 0, 1, 1, 0, 1 ], 
      [ -1, 0, 0, 1, -1, 0, 1, 1 ], [ 1, 0, -1, 0, 1, 1, 0, -1 ], 
      [ 1, 0, -1, 1, 0, 0, 1, -1 ], [ 0, -1, -1, 1, 0, 1, 1, 0 ], 
      [ -1, 0, 0, -1, 1, 1, 0, 1 ], [ 1, 0, 0, 1, -1, 0, 1, -1 ], 
      [ -2, -1, 0, 0, 1, 1, 1, 1 ], [ -2, -1, 0, 1, 0, 1, 1, 1 ], 
      [ -2, 0, -1, 0, 1, 1, 1, 1 ], [ 1, -1, 0, 0, 1, 1, 1, -2 ], 
      [ -2, 0, -1, 1, 0, 1, 1, 1 ], [ 1, 0, -1, 0, 1, 1, 1, -2 ], 
      [ 1, -1, 0, 1, 0, 1, 1, -2 ], [ 1, 0, -1, 1, 0, 1, 1, -2 ], 
      [ 0, -1, -1, 0, 1, 2, 1, -1 ], [ -1, -1, -1, 0, 1, 2, 1, 0 ], 
      [ 0, -1, -1, 1, 0, 1, 2, -1 ], [ -1, -1, -1, 1, 0, 1, 2, 0 ], 
      [ -1, -1, -1, 0, 1, 1, 1, 1 ], [ 0, -1, -1, 1, 1, 1, 1, -1 ], 
      [ -1, -1, -1, 1, 0, 1, 1, 1 ], [ 1, -1, -1, 0, 1, 1, 1, -1 ], 
      [ 1, -1, -1, 1, 0, 1, 1, -1 ], [ -1, -1, -1, 1, 1, 1, 1, 0 ], 
      [ -2, -1, -1, 0, 1, 2, 1, 1 ], [ 2, -1, -1, 0, 1, 1, 1, -2 ], 
      [ 1, -1, -1, 0, 1, 2, 1, -2 ], [ 2, -1, -1, 1, 0, 1, 1, -2 ], 
      [ -2, -1, -1, 0, 1, 1, 1, 2 ], [ -2, -1, -1, 1, 0, 1, 2, 1 ], 
      [ -2, -1, -1, 1, 0, 1, 1, 2 ], [ 1, -1, -1, 1, 0, 1, 2, -2 ], 
      [ 2, -1, -1, 0, 1, 2, 1, -3 ], [ -3, -1, -1, 0, 1, 2, 1, 2 ], 
      [ 2, -1, -1, 1, 0, 1, 2, -3 ], [ -3, -1, -1, 1, 0, 1, 2, 2 ], 
      [ -2, -1, -1, 1, 1, 1, 1, 1 ], [ 1, -1, -1, 1, 1, 1, 1, -2 ], 
      [ -3, -1, -1, 1, 1, 1, 1, 2 ], [ 2, -1, -1, 1, 1, 1, 1, -3 ] ],
  ListAdjacent := [ rec(
          DistVect := [ 0, 0, 1, 1, 0, 1, 0, 0, 1, 1, 0, 1, 0, 0, 0, 1, 0, 
              1, 1, 1, 0, 1, 1, 1, 0, 0, 1, 1, 0 ],
          eAdj := [ 1, 2, 3, 4, 5, 6, 7, 8, 9, 10, 11, 12, 13, 14, 15, 16, 
              17, 18, 19, 20, 21, 22, 23, 24, 25, 26, 27, 28, 29, 31, 32, 
              33, 34, 35, 36, 37, 38, 39, 41, 42, 43, 44, 45, 46, 47, 48, 
              49, 50, 51, 52, 53, 55, 56, 57, 58, 60, 61, 62, 63, 64, 65, 
              66, 67, 68, 69, 70, 71, 72, 73, 74, 75, 76, 77, 78, 79, 80, 
              81, 82, 83, 84, 85, 86 ] ), rec(
          DistVect := [ 0, 0, 1, 0, 0, 1, 0, 0, 1, 0, 0, 1, 0, 0, 1, 1, 0, 
              1, 1, 0, 1, 0, 0, 1, 0, 0, 1, 1, 0 ],
          eAdj := [ 1, 2, 3, 4, 5, 6, 7, 8, 9, 10, 11, 13, 14, 15, 16, 17, 
              18, 19, 20, 21, 22, 23, 24, 25, 26, 27, 28, 29, 30, 31, 33, 
              34, 35, 36, 37, 38, 39, 40, 41, 42, 43, 44, 45, 46, 47, 48, 
              50, 51, 52, 53, 54, 55, 56, 57, 58, 59, 60, 61, 62, 63, 64, 
              65, 66, 67, 68, 69, 70, 71, 72, 73, 74, 75, 76, 77, 78, 79, 
              80, 81, 82, 83, 84, 85, 86 ] ), rec(
          DistVect := [ 0, 0, 1, 1, 1, 0, 0, 0, 1, 1, 1, 0, 0, 0, 0, 0, 1, 
              1, 1, 0, 1, 1, 1, 1, 1, 1, 0, 0, 0 ],
          eAdj := [ 1, 2, 3, 4, 5, 6, 7, 8, 9, 10, 11, 12, 13, 14, 15, 16, 
              17, 18, 19, 20, 22, 23, 24, 25, 26, 27, 28, 30, 31, 32, 33, 
              34, 35, 37, 38, 39, 40, 41, 42, 43, 44, 45, 46, 47, 48, 49, 
              50, 51, 52, 53, 54, 55, 56, 57, 58, 59, 60, 61, 62, 63, 64, 
              65, 66, 67, 68, 69, 70, 71, 72, 73, 74, 75, 76, 77, 78, 79, 
              80, 81, 82, 83, 84, 85, 86 ] ), rec(
          DistVect := [ 0, 0, 0, 0, 1, 0, 0, 0, 0, 0, 1, 0, 0, 0, 0, 1, 0, 
              0, 0, 1, 0, 0, 0, 1, 1, 1, 0, 0, 0 ],
          eAdj := [ 1, 2, 3, 4, 5, 6, 7, 8, 9, 10, 11, 12, 13, 14, 15, 17, 
              18, 19, 20, 21, 22, 23, 24, 25, 26, 27, 28, 29, 30, 31, 32, 
              33, 34, 35, 36, 37, 38, 39, 40, 41, 42, 43, 44, 45, 46, 48, 
              49, 50, 51, 53, 54, 55, 56, 57, 58, 59, 60, 61, 62, 63, 64, 
              65, 66, 67, 68, 69, 70, 71, 72, 73, 74, 75, 76, 77, 78, 79, 
              80, 81, 82, 83, 84, 85, 86 ] ), rec(
          DistVect := [ 0, 1, 1, 1, 1, 1, 0, 0, 0, 0, 0, 0, 1, 1, 0, 0, 0, 
              1, 1, 0, 0, 1, 1, 0, 1, 1, 1, 1, 0 ],
          eAdj := [ 1, 2, 3, 4, 5, 6, 7, 8, 9, 10, 12, 13, 14, 15, 16, 17, 
              18, 19, 20, 21, 23, 24, 25, 26, 27, 28, 29, 30, 31, 32, 33, 
              34, 35, 36, 37, 38, 39, 40, 41, 42, 43, 44, 45, 46, 47, 48, 
              49, 50, 51, 52, 53, 54, 55, 56, 57, 58, 59, 60, 61, 62, 63, 
              64, 65, 66, 67, 68, 69, 70, 71, 72, 73, 74, 75, 76, 77, 78, 
              79, 80, 81, 82, 83, 84, 85, 86 ] ), rec(
          DistVect := [ 0, 1, 1, 0, 0, 1, 1, 0, 0, 1, 1, 0, 0, 1, 1, 1, 0, 
              0, 1, 0, 1, 1, 0, 1, 1, 0, 0, 1, 1 ],
          eAdj := [ 2, 3, 4, 5, 6, 7, 8, 9, 10, 11, 12, 13, 15, 16, 17, 18, 
              19, 20, 21, 22, 23, 24, 25, 26, 27, 28, 29, 30, 31, 32, 33, 
              34, 35, 36, 37, 38, 39, 40, 41, 42, 43, 44, 45, 46, 47, 48, 
              49, 50, 51, 52, 53, 54, 55, 56, 57, 58, 59, 60, 61, 62, 63, 
              64, 65, 66, 67, 68, 69, 70, 71, 72, 73, 74, 75, 76, 77, 78, 
              79, 80, 81, 82, 83, 84, 85, 86 ] ), rec(
          DistVect := [ 0, 7, 4, 7, 4, 4, 4, 3, 7, 4, 7, 5, 5, 4, 7, 4, 4, 
              4, 7, 7, 5, 9, 4, 8, 4, 7, 8, 5, 5 ],
          eAdj := [ 4, 6, 8, 13, 14, 15, 21, 22, 24, 25, 27, 37, 39, 40, 41, 
              49, 50, 51, 52, 53, 62, 63, 64, 65, 70, 71 ] ), rec(
          DistVect := [ 0, 4, 4, 7, 4, 4, 4, 3, 4, 7, 4, 4, 4, 7, 7, 4, 4, 
              4, 7, 7, 5, 9, 4, 8, 4, 7, 8, 5, 5 ],
          eAdj := [ 4, 5, 6, 8, 13, 14, 17, 18, 21, 22, 25, 30, 35, 37, 39, 
              42, 43, 49, 51, 52, 61, 62, 63, 66, 69, 78 ] ), rec(
          DistVect := [ 0, 4, 4, 7, 4, 5, 5, 3, 4, 7, 4, 5, 5, 7, 7, 4, 5, 
              5, 7, 7, 4, 8, 4, 9, 5, 7, 8, 4, 4 ],
          eAdj := [ 1, 4, 5, 6, 8, 13, 17, 22, 25, 28, 33, 34, 36, 42, 49, 
              51, 52, 59, 60, 61, 68, 73, 74, 78, 81, 84 ] ), rec(
          DistVect := [ 0, 2, 1, 2, 1, 1, 2, 1, 2, 1, 2, 1, 1, 1, 2, 1, 1, 
              2, 2, 2, 1, 2, 1, 2, 2, 2, 2, 1, 1 ],
          eAdj := [ 1, 4, 6, 8, 9, 13, 15, 18, 22, 24, 25, 30, 34, 35, 36, 
              41, 42, 43, 49, 51, 52, 60, 61, 62, 66, 69, 78 ] ), rec(
          DistVect := [ 0, 1, 1, 2, 1, 1, 2, 1, 1, 2, 1, 1, 2, 2, 2, 1, 1, 
              2, 2, 2, 1, 2, 1, 2, 2, 2, 2, 1, 1 ],
          eAdj := [ 1, 4, 5, 6, 8, 9, 13, 17, 22, 25, 28, 33, 34, 36, 42, 
              49, 51, 52, 59, 60, 61, 68, 73, 74, 81, 84 ] ), rec(
          DistVect := [ 0, 4, 7, 4, 4, 4, 4, 3, 5, 4, 4, 4, 4, 5, 3, 5, 5, 
              7, 4, 4, 4, 8, 3, 8, 4, 5, 8, 5, 7 ],
          eAdj := [ 2, 10, 14, 15, 16, 17, 18, 19, 22, 26, 27, 29, 32, 35, 
              40, 44, 46, 51, 55, 57, 65, 67, 70, 71, 76, 83 ] ), rec(
          DistVect := [ 0, 7, 7, 4, 4, 4, 4, 3, 4, 5, 5, 5, 7, 4, 5, 5, 5, 
              7, 4, 4, 4, 8, 5, 8, 4, 5, 8, 5, 7 ],
          eAdj := [ 2, 10, 14, 16, 19, 22, 24, 26, 27, 29, 31, 32, 41, 46, 
              47, 53, 54, 55, 57, 71, 75, 77, 80, 82, 83, 85 ] ), rec(
          DistVect := [ 0, 4, 7, 4, 4, 4, 4, 3, 7, 4, 4, 4, 4, 7, 5, 5, 5, 
              7, 4, 4, 4, 8, 5, 8, 4, 5, 8, 5, 7 ],
          eAdj := [ 2, 5, 10, 14, 15, 16, 17, 18, 19, 22, 26, 29, 32, 35, 
              40, 46, 47, 55, 57, 62, 65, 67, 70, 71, 76, 83 ] ), rec(
          DistVect := [ 0, 7, 7, 4, 4, 4, 4, 3, 4, 7, 7, 5, 5, 4, 7, 7, 5, 
              5, 4, 4, 4, 8, 7, 8, 4, 7, 8, 5, 5 ],
          eAdj := [ 6, 7, 10, 14, 16, 19, 22, 24, 26, 27, 29, 31, 32, 41, 
              46, 53, 54, 55, 57, 71, 75, 76, 77, 80, 82, 85 ] ), rec(
          DistVect := [ 0, 7, 7, 4, 4, 5, 5, 3, 4, 7, 7, 4, 4, 4, 7, 7, 4, 
              4, 4, 4, 5, 9, 7, 9, 5, 7, 8, 4, 4 ],
          eAdj := [ 1, 6, 7, 10, 16, 18, 19, 21, 22, 24, 26, 31, 32, 35, 39, 
              40, 41, 44, 46, 62, 64, 65, 67, 71, 76, 83 ] ), rec(
          DistVect := [ 0, 4, 7, 4, 4, 4, 4, 3, 7, 4, 4, 4, 4, 7, 7, 7, 5, 
              5, 4, 4, 4, 8, 7, 8, 4, 7, 8, 5, 5 ],
          eAdj := [ 5, 6, 7, 10, 14, 15, 16, 17, 18, 19, 22, 26, 29, 32, 35, 
              40, 46, 55, 57, 62, 64, 65, 67, 71, 76, 83 ] ), rec(
          DistVect := [ 0, 4, 7, 4, 4, 5, 5, 3, 7, 4, 4, 5, 5, 7, 7, 7, 4, 
              4, 4, 4, 5, 9, 7, 9, 5, 7, 8, 4, 4 ],
          eAdj := [ 1, 5, 6, 7, 10, 15, 16, 17, 19, 21, 22, 26, 28, 30, 32, 
              33, 39, 43, 44, 46, 50, 61, 62, 63, 64, 70 ] ), rec(
          DistVect := [ 0, 7, 4, 5, 5, 4, 5, 3, 7, 4, 4, 7, 4, 4, 5, 5, 4, 
              5, 7, 4, 5, 8, 4, 9, 4, 4, 9, 7, 4 ],
          eAdj := [ 3, 4, 8, 10, 13, 14, 15, 16, 21, 22, 24, 27, 34, 35, 37, 
              40, 41, 43, 49, 50, 51, 62, 63, 64, 66, 70 ] ), rec(
          DistVect := [ 0, 4, 4, 5, 5, 4, 5, 3, 4, 5, 5, 4, 5, 7, 5, 5, 4, 
              5, 7, 4, 5, 8, 4, 9, 4, 4, 9, 7, 4 ],
          eAdj := [ 3, 4, 5, 8, 10, 13, 14, 16, 17, 18, 21, 22, 28, 30, 34, 
              37, 42, 49, 51, 61, 63, 66, 68, 69, 78, 84 ] ), rec(
          DistVect := [ 0, 4, 4, 4, 4, 4, 7, 3, 4, 4, 4, 4, 5, 5, 4, 4, 4, 
              7, 7, 4, 4, 7, 3, 8, 5, 5, 9, 5, 4 ],
          eAdj := [ 1, 4, 8, 9, 10, 13, 17, 18, 22, 28, 30, 33, 34, 36, 37, 
              42, 49, 51, 52, 60, 61, 66, 68, 69, 78, 84 ] ), rec(
          DistVect := [ 0, 4, 4, 4, 4, 4, 7, 3, 4, 4, 4, 4, 7, 7, 4, 4, 4, 
              7, 7, 4, 4, 9, 5, 8, 5, 5, 9, 5, 4 ],
          eAdj := [ 1, 4, 5, 8, 9, 10, 13, 16, 17, 22, 28, 30, 33, 34, 36, 
              37, 42, 49, 52, 61, 66, 68, 69, 73, 78, 84 ] ), rec(
          DistVect := [ 0, 5, 5, 3, 3, 5, 4, 3, 4, 4, 4, 4, 5, 4, 4, 4, 4, 
              5, 4, 4, 4, 7, 4, 8, 3, 4, 9, 4, 7 ],
          eAdj := [ 2, 10, 11, 13, 14, 16, 17, 18, 19, 21, 22, 27, 29, 31, 
              32, 35, 39, 40, 44, 47, 62, 65, 67, 70, 76, 83 ] ), rec(
          DistVect := [ 0, 4, 4, 4, 4, 4, 4, 3, 4, 4, 4, 4, 4, 5, 4, 4, 4, 
              4, 5, 4, 4, 8, 3, 8, 4, 3, 8, 7, 5 ],
          eAdj := [ 3, 4, 10, 12, 13, 14, 15, 16, 17, 18, 19, 21, 22, 27, 
              29, 35, 39, 40, 43, 44, 50, 51, 62, 64, 66, 70 ] ), rec(
          DistVect := [ 0, 4, 4, 4, 4, 4, 4, 3, 4, 4, 4, 4, 4, 5, 4, 4, 4, 
              4, 7, 4, 4, 8, 3, 8, 4, 5, 8, 5, 7 ],
          eAdj := [ 2, 8, 10, 12, 13, 14, 15, 16, 17, 18, 19, 21, 22, 27, 
              35, 37, 39, 40, 43, 44, 50, 51, 62, 64, 66, 70 ] ), rec(
          DistVect := [ 0, 4, 4, 4, 4, 4, 4, 3, 4, 4, 4, 4, 4, 7, 4, 4, 4, 
              4, 7, 4, 4, 8, 5, 8, 4, 5, 8, 5, 7 ],
          eAdj := [ 2, 5, 8, 10, 12, 13, 14, 15, 16, 17, 18, 19, 21, 22, 35, 
              39, 40, 43, 44, 47, 50, 61, 62, 64, 66, 70 ] ), rec(
          DistVect := [ 0, 4, 4, 4, 4, 4, 4, 3, 4, 4, 4, 4, 4, 7, 4, 4, 4, 
              4, 7, 4, 4, 8, 7, 8, 4, 7, 8, 5, 5 ],
          eAdj := [ 5, 6, 7, 8, 10, 12, 13, 14, 15, 16, 17, 18, 19, 21, 22, 
              35, 39, 40, 43, 44, 50, 61, 62, 63, 64, 70 ] ), rec(
          DistVect := [ 0, 4, 4, 4, 4, 5, 5, 3, 4, 4, 4, 5, 5, 7, 4, 4, 5, 
              5, 7, 4, 5, 9, 7, 9, 5, 7, 8, 4, 4 ],
          eAdj := [ 1, 5, 6, 7, 8, 10, 12, 13, 15, 16, 17, 19, 22, 28, 30, 
              33, 34, 36, 37, 61, 63, 66, 68, 69, 73, 78 ] ), rec(
          DistVect := [ 0, 4, 7, 4, 4, 4, 7, 3, 5, 4, 4, 4, 5, 5, 3, 5, 5, 
              4, 4, 4, 4, 7, 3, 8, 5, 5, 9, 5, 4 ],
          eAdj := [ 1, 4, 9, 10, 12, 17, 18, 21, 22, 26, 28, 30, 33, 37, 39, 
              42, 43, 44, 46, 50, 51, 52, 62, 63, 66, 70 ] ), rec(
          DistVect := [ 0, 4, 4, 4, 4, 4, 4, 3, 4, 4, 4, 4, 4, 3, 4, 4, 4, 
              4, 3, 4, 4, 8, 3, 8, 4, 3, 8, 5, 5 ],
          eAdj := [ 4, 10, 11, 12, 13, 14, 15, 16, 17, 18, 19, 21, 22, 27, 
              29, 35, 39, 40, 43, 44, 50, 62, 64, 65, 67, 70 ] ), rec(
          DistVect := [ 0, 1, 1, 2, 1, 1, 1, 1, 1, 2, 1, 1, 1, 2, 2, 1, 1, 
              1, 2, 2, 2, 2, 1, 2, 1, 2, 2, 2, 1 ],
          eAdj := [ 3, 4, 5, 6, 8, 13, 14, 17, 18, 21, 22, 25, 30, 35, 37, 
              39, 41, 42, 43, 46, 49, 51, 52, 62, 63, 66, 69, 78 ] ), rec(
          DistVect := [ 0, 2, 2, 1, 1, 1, 1, 1, 1, 1, 1, 2, 2, 1, 1, 1, 2, 
              2, 1, 1, 1, 2, 1, 2, 1, 1, 2, 2, 2 ],
          eAdj := [ 2, 3, 10, 14, 16, 19, 22, 24, 26, 27, 29, 31, 32, 41, 
              46, 47, 51, 53, 54, 55, 57, 75, 77, 80, 82, 83, 85 ] ), rec(
          DistVect := [ 0, 1, 2, 1, 1, 1, 1, 1, 1, 1, 1, 1, 1, 1, 1, 2, 1, 
              2, 1, 1, 1, 2, 1, 2, 1, 2, 2, 1, 2 ],
          eAdj := [ 2, 6, 10, 14, 15, 16, 17, 18, 19, 22, 26, 27, 29, 31, 
              32, 35, 40, 41, 44, 46, 51, 53, 55, 57, 65, 67, 71, 75, 76, 83 
             ] ), rec(
          DistVect := [ 0, 2, 2, 1, 1, 1, 1, 1, 1, 2, 2, 1, 2, 1, 2, 2, 1, 
              2, 1, 1, 1, 2, 2, 2, 1, 2, 2, 1, 2 ],
          eAdj := [ 2, 6, 7, 10, 14, 16, 19, 22, 24, 26, 27, 29, 31, 32, 41, 
              46, 47, 53, 54, 55, 57, 71, 75, 77, 80, 82, 85 ] ), rec(
          DistVect := [ 0, 1, 2, 1, 1, 1, 1, 1, 2, 1, 1, 1, 1, 2, 2, 2, 1, 
              2, 1, 1, 1, 2, 2, 2, 1, 2, 2, 1, 2 ],
          eAdj := [ 2, 5, 6, 7, 10, 14, 15, 16, 17, 18, 19, 22, 26, 29, 31, 
              32, 35, 40, 46, 47, 55, 57, 62, 65, 67, 71, 76, 83 ] ), rec(
          DistVect := [ 0, 1, 1, 1, 1, 1, 2, 1, 1, 1, 1, 1, 1, 1, 1, 1, 1, 
              2, 2, 1, 1, 2, 1, 2, 2, 2, 2, 1, 1 ],
          eAdj := [ 1, 4, 6, 8, 9, 10, 13, 15, 17, 18, 22, 28, 30, 33, 34, 
              35, 36, 37, 41, 42, 43, 49, 51, 52, 60, 61, 66, 68, 69, 78 ] ),
      rec(
          DistVect := [ 0, 1, 1, 1, 1, 1, 1, 1, 1, 1, 1, 1, 1, 1, 1, 1, 1, 
              1, 2, 1, 1, 2, 1, 2, 1, 2, 2, 1, 2 ],
          eAdj := [ 2, 6, 8, 10, 12, 13, 14, 15, 16, 17, 18, 19, 21, 22, 27, 
              31, 35, 37, 39, 40, 41, 43, 44, 50, 51, 53, 62, 64, 65, 70 ] ),
      rec(
          DistVect := [ 0, 1, 2, 1, 1, 1, 2, 1, 1, 1, 1, 1, 1, 1, 1, 2, 1, 
              1, 1, 1, 1, 2, 1, 2, 2, 2, 2, 1, 1 ],
          eAdj := [ 1, 4, 6, 9, 10, 12, 15, 17, 18, 21, 22, 26, 28, 30, 33, 
              35, 37, 39, 41, 42, 43, 44, 46, 50, 51, 52, 62, 63, 65, 70 ] ),
      rec(
          DistVect := [ 0, 1, 1, 2, 1, 1, 1, 1, 1, 1, 1, 1, 1, 1, 2, 1, 1, 
              1, 2, 2, 1, 2, 1, 2, 1, 2, 2, 1, 1 ],
          eAdj := [ 1, 4, 6, 8, 13, 14, 15, 17, 18, 21, 22, 25, 30, 34, 35, 
              36, 37, 39, 41, 42, 43, 49, 51, 52, 60, 61, 62, 63, 66, 69, 78 
             ] ), rec(
          DistVect := [ 0, 1, 2, 1, 1, 1, 1, 1, 2, 1, 1, 1, 1, 2, 1, 1, 2, 
              2, 1, 1, 1, 2, 1, 2, 1, 1, 2, 2, 2 ],
          eAdj := [ 2, 3, 5, 10, 14, 15, 16, 17, 18, 19, 22, 26, 27, 29, 32, 
              35, 40, 46, 47, 51, 55, 57, 65, 67, 70, 71, 76, 83 ] ), rec(
          DistVect := [ 0, 1, 2, 1, 1, 1, 1, 1, 1, 1, 1, 1, 1, 1, 2, 2, 1, 
              1, 1, 1, 1, 2, 2, 2, 1, 2, 2, 1, 1 ],
          eAdj := [ 1, 6, 7, 10, 14, 15, 16, 17, 18, 19, 21, 22, 26, 29, 31, 
              32, 35, 39, 40, 41, 44, 46, 55, 57, 62, 64, 65, 67, 71, 76, 83 
             ] ), rec(
          DistVect := [ 0, 1, 1, 0, 0, 0, 0, 1, 0, 1, 1, 1, 1, 0, 1, 1, 1, 
              1, 0, 0, 0, 0, 1, 0, 0, 1, 0, 1, 1 ],
          eAdj := [ 2, 3, 6, 7, 10, 14, 16, 19, 22, 24, 26, 27, 29, 31, 32, 
              41, 46, 47, 51, 53, 54, 55, 57, 75, 77, 80, 82, 85 ] ), rec(
          DistVect := [ 0, 1, 1, 2, 1, 1, 1, 1, 1, 1, 1, 1, 1, 1, 1, 1, 1, 
              1, 1, 2, 1, 2, 1, 2, 1, 2, 2, 1, 1 ],
          eAdj := [ 1, 4, 6, 12, 13, 14, 15, 17, 18, 21, 22, 25, 30, 35, 37, 
              39, 41, 42, 43, 46, 49, 50, 51, 52, 62, 63, 65, 66, 69, 70 ] ),
      rec(
          DistVect := [ 0, 1, 1, 1, 0, 1, 1, 1, 1, 1, 1, 1, 1, 1, 1, 1, 1, 
              1, 1, 1, 1, 2, 1, 1, 1, 1, 2, 2, 1 ],
          eAdj := [ 3, 4, 6, 12, 14, 15, 16, 18, 19, 21, 22, 27, 29, 35, 39, 
              40, 41, 44, 46, 50, 51, 52, 53, 55, 64, 65, 67, 70, 71, 83 ] ),
      rec(
          DistVect := [ 0, 2, 1, 1, 1, 1, 1, 1, 1, 1, 1, 2, 1, 1, 1, 1, 1, 
              1, 1, 1, 1, 2, 1, 2, 1, 1, 2, 2, 1 ],
          eAdj := [ 3, 4, 10, 12, 13, 14, 15, 16, 19, 21, 22, 24, 27, 29, 
              31, 35, 39, 40, 41, 44, 46, 51, 53, 54, 64, 65, 67, 70, 71, 
              76, 83 ] ), rec(
          DistVect := [ 0, 1, 1, 1, 1, 1, 1, 1, 1, 1, 1, 1, 1, 2, 1, 1, 1, 
              1, 1, 1, 1, 2, 1, 2, 1, 1, 2, 2, 1 ],
          eAdj := [ 3, 4, 5, 10, 12, 13, 14, 15, 16, 17, 18, 19, 21, 22, 28, 
              29, 30, 35, 39, 40, 42, 43, 44, 46, 50, 51, 62, 63, 64, 66, 70 
             ] ), rec(
          DistVect := [ 0, 1, 1, 1, 1, 1, 1, 1, 1, 1, 1, 1, 1, 1, 1, 1, 1, 
              1, 1, 1, 1, 2, 2, 2, 1, 2, 2, 1, 1 ],
          eAdj := [ 1, 6, 7, 10, 12, 13, 14, 15, 16, 17, 18, 19, 21, 22, 31, 
              32, 35, 39, 40, 41, 43, 44, 46, 50, 62, 64, 65, 67, 70, 83 ] ),
      rec(
          DistVect := [ 0, 1, 1, 1, 1, 1, 1, 1, 1, 1, 1, 1, 1, 1, 1, 1, 1, 
              1, 2, 1, 1, 2, 2, 2, 1, 2, 2, 1, 1 ],
          eAdj := [ 1, 6, 7, 8, 10, 12, 13, 14, 15, 16, 17, 18, 19, 21, 22, 
              31, 34, 35, 36, 37, 39, 40, 41, 43, 44, 50, 61, 62, 63, 64, 70 
             ] ), rec(
          DistVect := [ 0, 1, 1, 1, 1, 1, 1, 1, 1, 1, 1, 1, 1, 2, 1, 1, 1, 
              1, 2, 1, 1, 2, 2, 2, 1, 2, 2, 1, 2 ],
          eAdj := [ 2, 5, 6, 7, 8, 10, 12, 13, 14, 15, 16, 17, 18, 19, 21, 
              22, 31, 32, 35, 39, 40, 43, 44, 47, 50, 61, 62, 64, 70 ] ), 
      rec(
          DistVect := [ 0, 1, 1, 1, 1, 1, 1, 1, 1, 1, 1, 1, 1, 0, 1, 1, 1, 
              1, 1, 1, 1, 2, 1, 2, 1, 1, 2, 1, 1 ],
          eAdj := [ 1, 4, 10, 11, 12, 13, 14, 15, 16, 17, 18, 19, 21, 22, 
              24, 27, 31, 34, 35, 37, 39, 40, 41, 43, 44, 50, 62, 64, 65, 
              67, 70 ] ), rec(
          DistVect := [ 0, 2, 1, 2, 1, 1, 1, 1, 2, 1, 1, 2, 1, 1, 2, 1, 1, 
              1, 2, 1, 2, 2, 1, 2, 1, 1, 2, 2, 1 ],
          eAdj := [ 3, 4, 8, 13, 14, 15, 16, 21, 22, 24, 25, 27, 34, 35, 37, 
              39, 40, 41, 43, 49, 50, 51, 52, 53, 62, 63, 64, 65, 66, 70, 71 
             ] ), rec(
          DistVect := [ 0, 1, 1, 2, 1, 1, 1, 1, 1, 2, 1, 1, 1, 2, 2, 1, 1, 
              1, 2, 1, 2, 2, 1, 2, 1, 1, 2, 2, 1 ],
          eAdj := [ 3, 4, 5, 8, 13, 14, 16, 17, 18, 21, 22, 25, 28, 30, 34, 
              35, 37, 39, 42, 43, 49, 51, 52, 61, 62, 63, 66, 68, 69, 78, 84 
             ] ), rec(
          DistVect := [ 0, 2, 2, 1, 1, 1, 1, 1, 1, 2, 1, 2, 1, 1, 2, 1, 2, 
              1, 1, 1, 1, 2, 2, 2, 1, 1, 2, 2, 1 ],
          eAdj := [ 3, 7, 10, 14, 16, 19, 22, 24, 26, 27, 29, 31, 32, 35, 
              39, 41, 46, 47, 53, 54, 55, 57, 65, 71, 75, 76, 77, 80, 82, 
              83, 85 ] ), rec(
          DistVect := [ 0, 1, 2, 1, 1, 1, 1, 1, 2, 1, 1, 1, 1, 2, 2, 1, 2, 
              1, 1, 1, 1, 2, 2, 2, 1, 1, 2, 2, 1 ],
          eAdj := [ 3, 5, 7, 10, 14, 15, 16, 17, 18, 19, 22, 26, 28, 29, 32, 
              35, 39, 40, 43, 46, 47, 55, 57, 62, 64, 65, 67, 70, 71, 76, 83 
             ] ), rec(
          DistVect := [ 0, 2, 2, 1, 2, 1, 1, 1, 1, 2, 1, 2, 1, 1, 2, 1, 2, 
              1, 1, 2, 1, 2, 2, 3, 1, 1, 2, 2, 1 ],
          eAdj := [ 3, 7, 10, 11, 13, 14, 17, 19, 22, 23, 24, 26, 27, 29, 
              31, 32, 35, 38, 39, 41, 46, 47, 54, 57, 65, 71, 76, 77, 82, 83 
             ] ), rec(
          DistVect := [ 0, 1, 2, 1, 2, 1, 1, 1, 2, 1, 2, 1, 1, 2, 2, 1, 2, 
              1, 1, 2, 1, 2, 2, 3, 1, 1, 2, 2, 1 ],
          eAdj := [ 3, 5, 7, 10, 11, 13, 14, 15, 17, 18, 19, 22, 23, 26, 28, 
              29, 32, 38, 39, 40, 43, 45, 46, 47, 57, 62, 64, 67, 70, 76 ] ),
      rec(
          DistVect := [ 0, 2, 2, 1, 1, 2, 1, 1, 1, 2, 2, 1, 1, 1, 2, 2, 1, 
              1, 1, 1, 2, 2, 2, 3, 1, 2, 2, 1, 1 ],
          eAdj := [ 1, 6, 7, 10, 11, 13, 16, 17, 18, 19, 20, 21, 22, 24, 26, 
              31, 32, 35, 38, 39, 40, 41, 44, 46, 62, 64, 65, 67, 76, 83 ] ),
      rec(
          DistVect := [ 0, 1, 2, 1, 1, 2, 1, 1, 2, 1, 1, 2, 1, 2, 2, 2, 1, 
              1, 1, 1, 2, 2, 2, 3, 1, 2, 2, 1, 1 ],
          eAdj := [ 1, 5, 6, 7, 10, 11, 13, 15, 16, 17, 19, 20, 21, 22, 26, 
              28, 30, 32, 33, 38, 39, 43, 44, 45, 46, 50, 61, 63, 64, 70 ] ),
      rec(
          DistVect := [ 0, 2, 2, 2, 1, 1, 1, 1, 1, 1, 1, 2, 1, 1, 1, 1, 2, 
              1, 1, 1, 2, 2, 1, 2, 1, 1, 2, 2, 1 ],
          eAdj := [ 3, 4, 12, 14, 15, 16, 22, 24, 25, 26, 27, 29, 35, 39, 
              40, 41, 44, 46, 51, 52, 53, 55, 64, 65, 67, 70, 71, 75, 76, 
              80, 83 ] ), rec(
          DistVect := [ 0, 1, 1, 2, 1, 1, 1, 1, 1, 2, 1, 1, 1, 2, 2, 1, 1, 
              1, 2, 2, 1, 3, 1, 2, 1, 2, 2, 1, 2 ],
          eAdj := [ 2, 4, 5, 6, 8, 12, 13, 14, 15, 16, 17, 18, 19, 21, 22, 
              25, 30, 35, 37, 39, 42, 43, 49, 51, 52, 61, 62, 63, 66, 69 ] ),
      rec(
          DistVect := [ 0, 1, 1, 1, 1, 1, 1, 1, 1, 1, 1, 1, 1, 1, 1, 1, 1, 
              1, 1, 1, 1, 2, 1, 2, 1, 1, 2, 2, 1 ],
          eAdj := [ 3, 4, 10, 12, 13, 14, 15, 16, 17, 18, 19, 21, 22, 27, 
              29, 35, 39, 40, 41, 43, 44, 46, 50, 51, 62, 64, 65, 67, 70, 71 
             ] ), rec(
          DistVect := [ 0, 1, 1, 1, 1, 1, 1, 1, 1, 1, 1, 1, 1, 2, 1, 1, 1, 
              1, 2, 1, 1, 2, 1, 2, 1, 1, 2, 2, 2 ],
          eAdj := [ 2, 3, 5, 8, 10, 12, 13, 14, 15, 16, 17, 18, 19, 21, 22, 
              27, 29, 35, 39, 40, 43, 44, 47, 50, 51, 62, 64, 66, 70 ] ), 
      rec(
          DistVect := [ 0, 1, 1, 1, 1, 1, 1, 1, 1, 1, 1, 1, 1, 2, 1, 1, 1, 
              1, 2, 1, 1, 2, 2, 2, 1, 1, 2, 2, 1 ],
          eAdj := [ 3, 5, 7, 8, 10, 12, 13, 14, 15, 16, 17, 18, 19, 21, 22, 
              28, 34, 35, 39, 40, 43, 44, 47, 50, 61, 62, 63, 64, 66, 68, 70 
             ] ), rec(
          DistVect := [ 0, 1, 1, 1, 1, 1, 2, 1, 1, 1, 1, 1, 2, 2, 1, 1, 1, 
              2, 2, 1, 1, 3, 2, 2, 2, 2, 2, 1, 1 ],
          eAdj := [ 1, 4, 5, 6, 7, 8, 9, 10, 12, 13, 15, 16, 17, 19, 22, 28, 
              30, 33, 34, 36, 37, 42, 49, 52, 61, 66, 68, 69, 73, 78 ] ), 
      rec(
          DistVect := [ 0, 1, 1, 1, 1, 1, 1, 1, 1, 1, 1, 1, 1, 1, 1, 1, 1, 
              1, 1, 1, 1, 2, 1, 2, 1, 0, 2, 2, 1 ],
          eAdj := [ 3, 4, 10, 11, 12, 13, 14, 15, 16, 17, 18, 19, 21, 22, 
              23, 27, 28, 29, 34, 35, 39, 40, 43, 44, 47, 50, 62, 64, 66, 
              67, 70 ] ), rec(
          DistVect := [ 0, 2, 1, 1, 1, 1, 2, 1, 2, 1, 1, 2, 1, 1, 1, 1, 1, 
              2, 2, 1, 1, 2, 1, 2, 1, 1, 3, 2, 1 ],
          eAdj := [ 1, 3, 4, 8, 9, 10, 13, 14, 15, 16, 18, 21, 22, 24, 27, 
              34, 35, 36, 37, 40, 41, 43, 49, 50, 51, 52, 62, 63, 66, 70 ] ),
      rec(
          DistVect := [ 0, 1, 1, 1, 1, 1, 2, 1, 1, 1, 1, 1, 2, 2, 1, 1, 1, 
              2, 2, 1, 1, 2, 1, 2, 1, 1, 3, 2, 1 ],
          eAdj := [ 1, 3, 4, 5, 8, 9, 10, 13, 14, 16, 17, 18, 21, 22, 28, 
              30, 33, 34, 36, 37, 42, 49, 51, 52, 61, 66, 68, 69, 78, 84 ] ),
      rec(
          DistVect := [ 0, 1, 1, 0, 1, 0, 0, 1, 0, 1, 0, 1, 1, 0, 1, 0, 1, 
              1, 0, 1, 0, 0, 1, 1, 1, 0, 0, 1, 1 ],
          eAdj := [ 2, 3, 7, 10, 11, 13, 14, 17, 19, 22, 23, 24, 26, 27, 29, 
              31, 32, 35, 38, 39, 41, 46, 47, 53, 54, 55, 57, 65, 71, 75, 
              77, 80, 82, 83, 85 ] ), rec(
          DistVect := [ 0, 0, 1, 0, 0, 0, 0, 1, 1, 0, 0, 0, 0, 1, 1, 1, 1, 
              1, 0, 0, 0, 0, 1, 0, 0, 1, 0, 1, 1 ],
          eAdj := [ 2, 3, 5, 6, 7, 10, 14, 15, 16, 17, 18, 19, 22, 26, 27, 
              29, 31, 32, 35, 40, 41, 46, 47, 51, 53, 54, 55, 57, 65, 67, 
              71, 75, 76, 77, 80, 82, 83, 85 ] ), rec(
          DistVect := [ 0, 0, 1, 0, 1, 0, 0, 1, 1, 0, 1, 0, 0, 1, 1, 0, 1, 
              1, 0, 1, 0, 0, 1, 1, 1, 0, 0, 1, 1 ],
          eAdj := [ 2, 3, 5, 7, 10, 11, 13, 14, 15, 17, 18, 19, 22, 23, 26, 
              27, 28, 29, 31, 32, 35, 38, 39, 40, 43, 45, 46, 47, 54, 55, 
              57, 62, 65, 67, 70, 71, 76, 77, 82, 83 ] ), rec(
          DistVect := [ 0, 1, 0, 1, 0, 0, 1, 1, 1, 0, 1, 1, 0, 0, 1, 0, 0, 
              1, 1, 1, 1, 0, 0, 0, 1, 1, 1, 1, 0 ],
          eAdj := [ 1, 3, 4, 6, 8, 9, 13, 14, 15, 18, 21, 22, 24, 25, 27, 
              30, 34, 35, 36, 37, 39, 40, 41, 42, 43, 46, 49, 50, 51, 52, 
              53, 60, 62, 63, 65, 66, 69, 70, 71, 78 ] ), rec(
          DistVect := [ 0, 0, 0, 1, 0, 0, 1, 1, 0, 1, 0, 0, 1, 1, 1, 0, 0, 
              1, 1, 1, 1, 0, 0, 0, 1, 1, 1, 1, 0 ],
          eAdj := [ 1, 3, 4, 5, 6, 8, 9, 13, 14, 17, 18, 21, 22, 25, 28, 30, 
              33, 34, 35, 36, 37, 39, 41, 42, 43, 46, 49, 51, 52, 59, 60, 
              61, 62, 66, 68, 69, 74, 78, 81, 84 ] ), rec(
          DistVect := [ 0, 0, 0, 1, 0, 0, 0, 1, 0, 1, 0, 0, 0, 1, 1, 0, 0, 
              0, 1, 1, 1, 1, 0, 0, 0, 1, 0, 1, 1 ],
          eAdj := [ 2, 3, 4, 5, 6, 8, 12, 13, 14, 15, 16, 17, 18, 19, 21, 
              22, 25, 27, 29, 30, 35, 37, 39, 40, 41, 42, 43, 44, 46, 49, 
              50, 51, 52, 53, 55, 62, 63, 64, 65, 66, 69, 70, 71 ] ), rec(
          DistVect := [ 0, 0, 0, 0, 0, 0, 0, 1, 0, 0, 0, 0, 0, 1, 0, 0, 0, 
              0, 1, 0, 0, 0, 1, 0, 0, 1, 0, 1, 1 ],
          eAdj := [ 2, 3, 5, 6, 7, 8, 10, 12, 13, 14, 15, 16, 17, 18, 19, 
              21, 22, 27, 29, 31, 32, 35, 39, 40, 41, 43, 44, 46, 47, 50, 
              51, 53, 54, 55, 57, 62, 64, 65, 67, 70, 71, 76, 83 ] ), rec(
          DistVect := [ 0, 1, 1, 1, 1, 0, 0, 1, 0, 0, 0, 1, 1, 0, 0, 0, 1, 
              1, 0, 0, 1, 1, 0, 1, 1, 0, 0, 1, 1 ],
          eAdj := [ 2, 3, 4, 10, 11, 12, 13, 14, 15, 16, 17, 19, 22, 23, 24, 
              25, 26, 27, 29, 31, 32, 35, 39, 40, 41, 44, 46, 47, 51, 53, 
              54, 55, 57, 65, 67, 70, 71, 75, 76, 77, 80, 82, 83 ] ), rec(
          DistVect := [ 0, 1, 1, 0, 0, 1, 0, 1, 0, 1, 1, 0, 1, 0, 1, 1, 0, 
              1, 0, 0, 1, 0, 1, 1, 0, 1, 1, 0, 1 ],
          eAdj := [ 1, 2, 6, 7, 10, 11, 13, 14, 16, 17, 18, 19, 20, 21, 22, 
              24, 26, 27, 29, 31, 32, 35, 38, 39, 40, 41, 44, 46, 47, 53, 
              54, 55, 57, 62, 65, 67, 71, 75, 76, 77, 82, 83, 85 ] ), rec(
          DistVect := [ 0, 0, 1, 0, 0, 1, 0, 1, 1, 0, 0, 1, 0, 1, 1, 1, 0, 
              1, 0, 0, 1, 0, 1, 1, 0, 1, 1, 0, 1 ],
          eAdj := [ 1, 2, 5, 6, 7, 10, 11, 13, 14, 15, 16, 17, 18, 19, 20, 
              21, 22, 26, 28, 29, 30, 31, 32, 33, 35, 38, 39, 40, 43, 44, 
              45, 46, 47, 50, 55, 57, 61, 62, 64, 65, 67, 70, 76, 83 ] ), 
      rec(
          DistVect := [ 0, 0, 1, 1, 1, 0, 0, 1, 1, 1, 1, 0, 0, 1, 0, 0, 1, 
              1, 0, 0, 1, 1, 0, 1, 1, 0, 0, 1, 1 ],
          eAdj := [ 2, 3, 4, 5, 10, 11, 12, 13, 14, 15, 16, 17, 18, 19, 22, 
              23, 25, 26, 27, 28, 29, 30, 32, 35, 39, 40, 42, 43, 44, 45, 
              46, 47, 50, 51, 55, 57, 62, 64, 65, 66, 67, 70, 71, 76 ] ), 
      rec(
          DistVect := [ 0, 0, 0, 0, 0, 0, 1, 1, 0, 0, 0, 0, 1, 1, 0, 0, 0, 
              1, 1, 0, 0, 1, 1, 0, 1, 1, 1, 1, 0 ],
          eAdj := [ 1, 3, 4, 5, 6, 7, 8, 9, 10, 12, 13, 14, 15, 16, 17, 18, 
              19, 21, 22, 28, 30, 33, 34, 35, 36, 37, 39, 40, 41, 42, 43, 
              44, 46, 49, 50, 51, 52, 61, 62, 63, 66, 68, 69, 70, 78 ] ), 
      rec(
          DistVect := [ 0, 0, 0, 1, 1, 0, 0, 1, 0, 1, 1, 0, 0, 1, 1, 1, 0, 
              0, 1, 0, 1, 1, 0, 1, 1, 0, 0, 1, 1 ],
          eAdj := [ 2, 3, 4, 5, 8, 10, 11, 12, 13, 14, 15, 16, 17, 18, 19, 
              21, 22, 23, 25, 27, 28, 29, 30, 34, 35, 37, 39, 40, 42, 43, 
              44, 45, 47, 48, 49, 50, 51, 61, 62, 63, 64, 66, 68, 69, 84 ] ),
      rec(
          DistVect := [ 0, 1, 1, 1, 0, 1, 0, 1, 0, 0, 1, 0, 1, 0, 0, 1, 0, 
              1, 0, 1, 0, 1, 0, 1, 0, 1, 1, 0, 1 ],
          eAdj := [ 1, 2, 4, 6, 10, 11, 12, 13, 14, 15, 16, 17, 18, 19, 20, 
              21, 22, 24, 25, 26, 27, 29, 30, 31, 32, 35, 37, 39, 40, 41, 
              44, 46, 50, 51, 52, 53, 55, 62, 64, 65, 67, 70, 71, 75, 76, 83 
             ] ), rec(
          DistVect := [ 0, 0, 1, 1, 0, 1, 0, 1, 1, 1, 0, 1, 0, 1, 0, 1, 0, 
              1, 0, 1, 0, 1, 0, 1, 0, 1, 1, 0, 1 ],
          eAdj := [ 1, 2, 4, 5, 6, 10, 11, 12, 13, 14, 15, 16, 17, 18, 19, 
              20, 21, 22, 25, 26, 28, 29, 30, 32, 33, 35, 37, 39, 42, 43, 
              44, 45, 46, 50, 51, 52, 55, 59, 61, 62, 63, 64, 65, 66, 69, 70 
             ] ), rec(
          DistVect := [ 0, 0, 0, 1, 1, 0, 0, 0, 0, 1, 1, 0, 0, 0, 1, 1, 0, 
              0, 0, 0, 1, 1, 1, 1, 1, 1, 0, 0, 0 ],
          eAdj := [ 1, 2, 3, 4, 5, 6, 7, 8, 9, 10, 11, 12, 13, 14, 15, 16, 
              17, 18, 19, 20, 21, 22, 23, 24, 25, 26, 27, 28, 29, 30, 31, 
              32, 33, 34, 35, 36, 37, 38, 39, 40, 41, 42, 43, 44, 45, 46, 
              47, 48, 49, 50, 51, 52, 53, 54, 55, 56, 57, 58, 59, 60, 61, 
              62, 63, 64, 65, 67, 68, 69, 71, 72, 73, 74, 75, 76, 77, 78, 
              79, 80, 81, 82 ] ), rec(
          DistVect := [ 0, 0, 0, 0, 0, 0, 1, 0, 0, 0, 0, 0, 1, 0, 0, 0, 0, 
              1, 0, 0, 0, 1, 0, 0, 1, 0, 1, 0, 1 ],
          eAdj := [ 1, 2, 3, 4, 5, 6, 7, 8, 9, 10, 11, 12, 13, 14, 15, 16, 
              17, 18, 19, 20, 21, 22, 23, 24, 25, 26, 27, 28, 29, 30, 31, 
              32, 33, 34, 35, 36, 37, 38, 39, 40, 41, 42, 43, 44, 45, 46, 
              47, 48, 49, 50, 51, 52, 53, 54, 55, 56, 57, 58, 59, 60, 61, 
              62, 65, 66, 67, 68, 69, 70, 71, 72, 73, 74, 75, 77, 79, 80, 
              83, 84, 85, 86 ] ), rec(
          DistVect := [ 0, 1, 1, 1, 0, 1, 0, 0, 0, 0, 1, 0, 1, 1, 0, 1, 0, 
              1, 1, 1, 0, 1, 1, 1, 0, 0, 1, 1, 0 ],
          eAdj := [ 1, 2, 3, 4, 5, 6, 7, 8, 9, 10, 11, 12, 13, 14, 15, 16, 
              17, 18, 19, 20, 21, 22, 23, 24, 25, 26, 27, 28, 29, 30, 31, 
              32, 33, 34, 35, 36, 37, 38, 39, 40, 41, 42, 44, 45, 46, 47, 
              48, 49, 50, 51, 52, 53, 54, 55, 56, 57, 58, 59, 60, 61, 62, 
              63, 64, 66, 67, 69, 70, 71, 73, 74, 76, 77, 78, 79, 80, 81, 
              82, 83, 84, 85, 86 ] ), rec(
          DistVect := [ 0, 5, 4, 5, 4, 3, 7, 3, 5, 4, 5, 4, 4, 4, 5, 4, 3, 
              7, 7, 5, 4, 8, 4, 7, 7, 7, 8, 4, 4 ],
          eAdj := [ 1, 4, 6, 8, 9, 13, 15, 18, 22, 30, 34, 35, 36, 37, 41, 
              42, 43, 49, 51, 52, 60, 61, 62, 66, 69, 78 ] ), rec(
          DistVect := [ 0, 4, 7, 4, 4, 4, 4, 3, 5, 4, 4, 4, 4, 5, 5, 7, 3, 
              7, 4, 4, 4, 8, 5, 8, 4, 7, 8, 3, 7 ],
          eAdj := [ 2, 6, 10, 14, 15, 16, 17, 18, 19, 22, 26, 29, 31, 32, 
              35, 40, 44, 46, 55, 57, 62, 65, 67, 71, 76, 83 ] ), rec(
          DistVect := [ 0, 1, 1, 1, 1, 0, 1, 1, 1, 1, 1, 1, 1, 1, 1, 1, 1, 
              1, 1, 1, 1, 2, 1, 1, 1, 2, 1, 1, 2 ],
          eAdj := [ 2, 3, 6, 12, 14, 15, 16, 19, 22, 27, 29, 31, 32, 40, 41, 
              44, 46, 51, 53, 54, 55, 57, 65, 67, 71, 75, 76, 80, 83 ] ), 
      rec(
          DistVect := [ 0, 5, 7, 5, 4, 3, 4, 3, 4, 4, 5, 4, 5, 4, 4, 7, 4, 
              7, 4, 5, 4, 9, 4, 7, 4, 7, 7, 4, 7 ],
          eAdj := [ 2, 6, 14, 15, 16, 19, 22, 26, 27, 29, 31, 32, 40, 41, 
              44, 46, 51, 53, 55, 57, 67, 71, 75, 76, 80, 83 ] ), rec(
          DistVect := [ 0, 1, 1, 1, 1, 1, 2, 1, 1, 1, 1, 1, 1, 1, 1, 1, 1, 
              1, 1, 1, 1, 2, 1, 2, 2, 2, 1, 0, 1 ],
          eAdj := [ 1, 4, 6, 9, 10, 11, 12, 13, 15, 17, 20, 22, 28, 30, 33, 
              34, 36, 37, 42, 43, 49, 52, 59, 60, 61, 66, 68, 69, 73, 78 ] ),
      rec(
          DistVect := [ 0, 4, 4, 4, 4, 4, 7, 3, 4, 4, 4, 4, 5, 5, 4, 4, 4, 
              7, 7, 4, 4, 9, 5, 8, 7, 7, 7, 3, 4 ],
          eAdj := [ 1, 4, 6, 8, 9, 10, 13, 15, 17, 22, 28, 30, 33, 34, 36, 
              37, 42, 49, 52, 60, 61, 66, 68, 69, 73, 78 ] ), rec(
          DistVect := [ 0, 4, 4, 4, 4, 4, 7, 3, 4, 4, 4, 4, 3, 3, 4, 4, 4, 
              5, 5, 4, 4, 7, 3, 8, 5, 5, 7, 3, 4 ],
          eAdj := [ 1, 4, 9, 10, 11, 13, 15, 17, 18, 22, 28, 30, 33, 34, 36, 
              37, 42, 43, 49, 52, 60, 61, 66, 68, 69, 78 ] ), rec(
          DistVect := [ 0, 1, 1, 1, 1, 0, 2, 1, 1, 1, 1, 1, 1, 1, 1, 1, 1, 
              1, 1, 1, 1, 2, 1, 1, 2, 2, 2, 1, 1 ],
          eAdj := [ 1, 3, 4, 6, 9, 12, 14, 15, 18, 21, 22, 30, 35, 37, 39, 
              40, 41, 42, 43, 44, 46, 49, 50, 51, 52, 62, 63, 65, 70, 71 ] ),
      rec(
          DistVect := [ 0, 5, 5, 7, 4, 3, 5, 3, 4, 4, 5, 4, 4, 4, 4, 5, 4, 
              4, 4, 7, 4, 8, 4, 7, 5, 7, 8, 4, 4 ],
          eAdj := [ 1, 4, 6, 12, 14, 15, 18, 21, 22, 25, 30, 35, 37, 39, 41, 
              42, 46, 49, 50, 51, 52, 62, 63, 65, 70, 71 ] ), rec(
          DistVect := [ 0, 5, 7, 5, 4, 3, 7, 3, 4, 4, 5, 4, 4, 4, 4, 7, 4, 
              4, 4, 5, 4, 8, 4, 7, 7, 7, 8, 4, 4 ],
          eAdj := [ 1, 4, 6, 9, 12, 15, 18, 21, 22, 26, 30, 35, 37, 39, 41, 
              42, 44, 46, 50, 51, 52, 62, 63, 65, 70, 71 ] ), rec(
          DistVect := [ 0, 5, 4, 5, 4, 3, 4, 3, 5, 4, 5, 4, 5, 4, 5, 4, 3, 
              4, 7, 5, 4, 9, 4, 7, 4, 7, 7, 4, 7 ],
          eAdj := [ 2, 6, 8, 12, 13, 14, 15, 16, 19, 21, 22, 27, 31, 37, 39, 
              40, 41, 44, 50, 51, 53, 62, 64, 65, 70, 71 ] ), rec(
          DistVect := [ 0, 4, 4, 4, 4, 4, 4, 3, 4, 4, 4, 4, 4, 3, 4, 4, 4, 
              4, 5, 4, 4, 8, 3, 8, 4, 5, 8, 3, 7 ],
          eAdj := [ 2, 10, 11, 12, 13, 14, 15, 16, 17, 18, 19, 21, 22, 27, 
              31, 35, 37, 39, 40, 43, 44, 50, 62, 64, 65, 70 ] ), rec(
          DistVect := [ 0, 1, 1, 1, 1, 1, 1, 1, 1, 1, 1, 1, 1, 1, 1, 1, 1, 
              1, 1, 1, 1, 2, 1, 2, 1, 2, 2, 0, 2 ],
          eAdj := [ 1, 2, 6, 10, 11, 12, 13, 14, 15, 16, 17, 18, 19, 20, 21, 
              22, 30, 31, 32, 35, 37, 39, 40, 43, 44, 50, 61, 62, 64, 65, 70 
             ] ), rec(
          DistVect := [ 0, 4, 4, 4, 4, 4, 4, 3, 4, 4, 4, 4, 4, 5, 4, 4, 4, 
              4, 7, 4, 4, 8, 5, 8, 4, 7, 8, 3, 7 ],
          eAdj := [ 2, 6, 8, 10, 12, 13, 14, 15, 16, 17, 18, 19, 21, 22, 31, 
              35, 37, 39, 40, 43, 44, 50, 61, 62, 64, 70 ] ), rec(
          DistVect := [ 0, 4, 7, 4, 4, 4, 7, 3, 5, 4, 4, 4, 5, 5, 5, 7, 3, 
              4, 4, 4, 4, 9, 5, 8, 7, 7, 7, 3, 4 ],
          eAdj := [ 1, 4, 6, 9, 10, 12, 15, 17, 21, 22, 26, 28, 30, 33, 37, 
              39, 42, 43, 44, 46, 50, 52, 61, 62, 63, 70 ] ), rec(
          DistVect := [ 0, 5, 5, 5, 5, 3, 4, 3, 4, 4, 4, 4, 5, 4, 4, 4, 4, 
              5, 4, 4, 4, 9, 4, 8, 5, 4, 7, 4, 7 ],
          eAdj := [ 2, 10, 11, 12, 13, 14, 15, 16, 17, 19, 22, 27, 29, 31, 
              32, 35, 39, 40, 44, 47, 62, 65, 67, 70, 71, 76 ] ), rec(
          DistVect := [ 0, 4, 4, 4, 4, 4, 4, 3, 4, 4, 4, 4, 4, 5, 4, 4, 4, 
              4, 5, 4, 4, 8, 5, 8, 4, 5, 8, 3, 7 ],
          eAdj := [ 2, 10, 11, 12, 13, 14, 15, 16, 17, 18, 19, 21, 22, 31, 
              32, 35, 39, 40, 43, 44, 47, 50, 61, 62, 64, 70 ] ), rec(
          DistVect := [ 0, 1, 1, 1, 1, 1, 1, 1, 1, 1, 1, 1, 1, 1, 1, 1, 1, 
              1, 1, 1, 1, 2, 2, 2, 1, 1, 2, 1, 1 ],
          eAdj := [ 1, 7, 10, 11, 12, 13, 14, 15, 16, 17, 18, 19, 21, 22, 
              28, 31, 32, 34, 35, 38, 39, 40, 43, 44, 47, 50, 61, 62, 64, 
              67, 70 ] ), rec(
          DistVect := [ 0, 4, 4, 7, 4, 4, 4, 3, 4, 5, 4, 4, 4, 5, 5, 4, 4, 
              4, 5, 7, 3, 9, 4, 8, 4, 7, 8, 3, 5 ],
          eAdj := [ 1, 4, 6, 12, 13, 14, 15, 17, 18, 21, 22, 25, 30, 35, 37, 
              39, 42, 43, 49, 51, 52, 61, 62, 63, 66, 69 ] ), rec(
          DistVect := [ 0, 5, 5, 4, 4, 3, 5, 3, 4, 5, 5, 4, 4, 4, 5, 5, 4, 
              4, 4, 4, 3, 9, 7, 7, 5, 7, 8, 4, 4 ],
          eAdj := [ 1, 6, 7, 10, 12, 14, 15, 16, 18, 19, 21, 22, 31, 32, 35, 
              39, 40, 41, 44, 46, 62, 64, 65, 67, 71, 83 ] ), rec(
          DistVect := [ 0, 4, 4, 4, 4, 4, 4, 3, 4, 4, 4, 4, 4, 3, 4, 4, 4, 
              4, 3, 4, 4, 8, 5, 8, 4, 5, 8, 3, 5 ],
          eAdj := [ 1, 10, 11, 12, 13, 14, 15, 16, 17, 18, 19, 21, 22, 31, 
              32, 35, 39, 40, 43, 44, 50, 62, 64, 65, 67, 70 ] ), rec(
          DistVect := [ 0, 4, 4, 4, 4, 4, 4, 3, 4, 4, 4, 4, 4, 5, 4, 4, 4, 
              4, 5, 4, 4, 8, 7, 8, 4, 7, 8, 3, 5 ],
          eAdj := [ 1, 6, 7, 10, 12, 13, 14, 15, 16, 17, 18, 19, 21, 22, 31, 
              32, 35, 39, 40, 43, 44, 50, 61, 62, 64, 70 ] ), rec(
          DistVect := [ 0, 4, 7, 4, 4, 4, 4, 3, 5, 4, 4, 4, 4, 5, 5, 7, 5, 
              5, 4, 4, 4, 8, 5, 8, 4, 7, 8, 5, 5 ],
          eAdj := [ 6, 10, 14, 15, 16, 17, 18, 19, 22, 26, 29, 32, 35, 40, 
              41, 44, 46, 51, 55, 57, 64, 65, 67, 71, 76, 83 ] ), rec(
          DistVect := [ 0, 5, 4, 5, 4, 5, 5, 3, 5, 4, 5, 4, 4, 4, 5, 4, 5, 
              5, 7, 5, 4, 8, 4, 9, 5, 7, 8, 4, 4 ],
          eAdj := [ 1, 4, 6, 8, 10, 13, 15, 17, 18, 22, 30, 34, 35, 36, 37, 
              41, 43, 49, 51, 52, 60, 61, 63, 66, 69, 78 ] ), rec(
          DistVect := [ 0, 4, 4, 4, 4, 4, 4, 3, 4, 4, 4, 4, 4, 3, 4, 4, 4, 
              4, 5, 4, 4, 8, 3, 8, 4, 5, 8, 5, 5 ],
          eAdj := [ 4, 10, 12, 13, 14, 15, 16, 17, 18, 19, 21, 22, 27, 35, 
              37, 39, 40, 41, 43, 44, 50, 51, 62, 64, 65, 70 ] ), rec(
          DistVect := [ 0, 4, 4, 4, 4, 4, 4, 3, 4, 4, 4, 4, 4, 3, 4, 4, 4, 
              4, 5, 4, 4, 8, 5, 8, 4, 7, 8, 3, 5 ],
          eAdj := [ 1, 6, 10, 12, 13, 14, 15, 16, 17, 18, 19, 21, 22, 31, 
              35, 37, 39, 40, 41, 43, 44, 50, 62, 64, 65, 70 ] ), rec(
          DistVect := [ 0, 4, 4, 4, 4, 4, 4, 3, 4, 4, 4, 4, 4, 5, 4, 4, 4, 
              4, 7, 4, 4, 8, 5, 8, 4, 7, 8, 5, 5 ],
          eAdj := [ 6, 8, 10, 12, 13, 14, 15, 16, 17, 18, 19, 21, 22, 35, 
              37, 39, 40, 41, 43, 44, 50, 51, 62, 63, 64, 70 ] ), rec(
          DistVect := [ 0, 3, 5, 5, 4, 3, 5, 3, 4, 4, 3, 4, 4, 4, 4, 5, 4, 
              4, 4, 5, 4, 8, 4, 7, 5, 7, 8, 4, 4 ],
          eAdj := [ 1, 4, 6, 12, 14, 15, 17, 18, 21, 22, 30, 35, 37, 39, 41, 
              42, 43, 44, 46, 50, 51, 52, 62, 63, 65, 70 ] ), rec(
          DistVect := [ 0, 5, 7, 5, 4, 5, 5, 3, 4, 4, 5, 4, 4, 4, 4, 7, 4, 
              4, 4, 5, 4, 8, 4, 9, 5, 7, 8, 4, 4 ],
          eAdj := [ 1, 4, 6, 10, 12, 15, 17, 18, 21, 22, 26, 30, 35, 37, 39, 
              41, 44, 46, 50, 51, 52, 62, 63, 64, 65, 70 ] ), rec(
          DistVect := [ 0, 4, 7, 4, 4, 4, 4, 3, 3, 4, 4, 4, 4, 3, 5, 5, 5, 
              5, 4, 4, 4, 8, 5, 8, 4, 5, 8, 5, 5 ],
          eAdj := [ 10, 14, 15, 16, 17, 18, 19, 22, 26, 27, 29, 31, 32, 35, 
              39, 40, 41, 44, 46, 55, 57, 65, 67, 71, 76, 83 ] ), rec(
          DistVect := [ 0, 4, 4, 4, 4, 4, 4, 3, 4, 4, 4, 4, 4, 3, 4, 4, 4, 
              4, 7, 4, 4, 8, 5, 8, 4, 5, 8, 5, 5 ],
          eAdj := [ 8, 10, 12, 13, 14, 15, 16, 17, 18, 19, 21, 22, 27, 31, 
              34, 35, 37, 39, 40, 41, 43, 44, 50, 62, 64, 70 ] ), rec(
          DistVect := [ 0, 4, 7, 4, 4, 4, 4, 3, 5, 4, 4, 4, 4, 5, 5, 5, 5, 
              5, 4, 4, 4, 8, 5, 8, 4, 5, 8, 5, 5 ],
          eAdj := [ 10, 14, 15, 16, 17, 18, 19, 22, 26, 29, 32, 35, 39, 40, 
              44, 46, 55, 57, 62, 64, 65, 67, 70, 71, 76, 83 ] ), rec(
          DistVect := [ 0, 4, 4, 4, 4, 4, 4, 3, 4, 4, 4, 4, 4, 5, 4, 4, 4, 
              4, 7, 4, 4, 8, 5, 8, 4, 5, 8, 5, 5 ],
          eAdj := [ 8, 10, 12, 13, 14, 15, 16, 17, 18, 19, 21, 22, 34, 35, 
              37, 39, 40, 43, 44, 50, 61, 62, 63, 64, 66, 70 ] ), rec(
          DistVect := [ 0, 1, 1, 1, 1, 1, 1, 1, 1, 1, 1, 1, 1, 1, 1, 1, 1, 
              1, 1, 1, 1, 2, 1, 2, 1, 1, 2, 1, 1 ],
          eAdj := [ 1, 4, 10, 11, 12, 13, 14, 15, 16, 17, 18, 19, 21, 22, 
              28, 30, 34, 35, 37, 39, 40, 43, 44, 50, 61, 62, 63, 64, 66, 70 
             ] ), rec(
          DistVect := [ 0, 3, 5, 5, 5, 3, 5, 3, 4, 4, 4, 4, 4, 4, 4, 4, 4, 
              4, 4, 4, 4, 8, 4, 8, 4, 4, 8, 4, 4 ],
          eAdj := [ 1, 4, 10, 11, 12, 13, 14, 15, 16, 17, 18, 21, 22, 28, 
              30, 34, 37, 39, 42, 43, 44, 50, 61, 62, 63, 66 ] ), rec(
          DistVect := [ 0, 3, 5, 3, 3, 5, 5, 3, 4, 4, 4, 4, 4, 4, 4, 4, 4, 
              4, 4, 4, 4, 8, 4, 8, 4, 4, 8, 4, 4 ],
          eAdj := [ 1, 4, 10, 11, 12, 13, 15, 16, 17, 18, 19, 21, 22, 28, 
              30, 33, 34, 37, 39, 43, 44, 50, 61, 63, 66, 70 ] ), rec(
          DistVect := [ 0, 5, 5, 4, 3, 4, 3, 3, 4, 5, 4, 5, 4, 4, 5, 4, 5, 
              4, 4, 3, 4, 7, 7, 7, 4, 4, 7, 7, 4 ],
          eAdj := [ 3, 7, 10, 14, 16, 19, 22, 27, 29, 31, 32, 35, 39, 41, 
              46, 47, 53, 54, 55, 57, 65, 67, 71, 76, 77, 83 ] ), rec(
          DistVect := [ 0, 4, 4, 4, 4, 7, 4, 3, 4, 4, 4, 5, 4, 5, 4, 4, 5, 
              4, 5, 4, 7, 8, 7, 7, 4, 3, 7, 4, 3 ],
          eAdj := [ 1, 7, 11, 12, 15, 16, 19, 20, 28, 30, 33, 34, 36, 37, 
              38, 45, 47, 48, 50, 56, 58, 63, 66, 68, 69, 73 ] ), rec(
          DistVect := [ 0, 4, 4, 4, 4, 4, 4, 3, 4, 4, 4, 4, 4, 5, 4, 4, 4, 
              4, 5, 4, 4, 8, 7, 8, 4, 3, 8, 7, 3 ],
          eAdj := [ 3, 7, 10, 12, 13, 14, 15, 16, 17, 18, 19, 21, 22, 28, 
              34, 35, 39, 40, 43, 44, 47, 50, 62, 64, 67, 70 ] ), rec(
          DistVect := [ 0, 5, 5, 4, 3, 7, 3, 3, 4, 5, 4, 4, 4, 4, 5, 4, 4, 
              4, 4, 3, 7, 7, 7, 8, 4, 4, 8, 4, 4 ],
          eAdj := [ 1, 7, 11, 13, 16, 17, 18, 19, 20, 21, 28, 31, 32, 34, 
              35, 38, 39, 40, 43, 44, 47, 50, 61, 64, 67, 70 ] ), rec(
          DistVect := [ 0, 5, 5, 5, 3, 5, 5, 3, 4, 4, 4, 4, 4, 4, 4, 4, 4, 
              4, 4, 4, 4, 8, 4, 8, 4, 4, 8, 4, 4 ],
          eAdj := [ 1, 4, 10, 11, 12, 13, 15, 16, 17, 18, 21, 22, 28, 30, 
              34, 35, 37, 39, 43, 50, 52, 61, 62, 63, 66, 70 ] ), rec(
          DistVect := [ 0, 5, 5, 7, 5, 5, 3, 3, 4, 4, 4, 4, 4, 4, 4, 4, 4, 
              4, 4, 4, 4, 8, 4, 8, 4, 4, 8, 4, 4 ],
          eAdj := [ 1, 4, 10, 11, 12, 13, 14, 15, 16, 17, 18, 21, 25, 28, 
              30, 34, 35, 37, 39, 43, 50, 61, 62, 63, 64, 66 ] ), rec(
          DistVect := [ 0, 5, 5, 5, 3, 7, 3, 3, 4, 4, 4, 4, 4, 4, 4, 4, 4, 
              4, 4, 4, 4, 8, 4, 8, 4, 4, 8, 4, 4 ],
          eAdj := [ 1, 4, 10, 11, 12, 13, 15, 16, 17, 18, 19, 20, 21, 28, 
              30, 34, 35, 37, 39, 43, 50, 61, 63, 64, 66, 70 ] ), rec(
          DistVect := [ 0, 3, 3, 5, 3, 5, 3, 3, 4, 4, 4, 4, 4, 4, 4, 4, 4, 
              4, 4, 4, 4, 8, 4, 8, 4, 4, 8, 4, 4 ],
          eAdj := [ 1, 4, 10, 11, 12, 13, 14, 15, 16, 17, 18, 19, 21, 22, 
              28, 30, 34, 35, 37, 39, 43, 50, 61, 63, 66, 69 ] ), rec(
          DistVect := [ 0, 5, 5, 5, 3, 4, 3, 3, 4, 4, 4, 5, 4, 4, 4, 4, 5, 
              4, 4, 4, 5, 8, 4, 7, 4, 4, 7, 7, 4 ],
          eAdj := [ 3, 4, 12, 14, 15, 16, 19, 22, 27, 29, 35, 39, 40, 41, 
              44, 46, 51, 53, 55, 64, 65, 67, 70, 71, 76, 83 ] ), rec(
          DistVect := [ 0, 5, 5, 4, 5, 5, 3, 3, 4, 5, 4, 4, 4, 4, 5, 4, 4, 
              4, 4, 5, 5, 7, 7, 8, 4, 4, 8, 4, 4 ],
          eAdj := [ 1, 7, 11, 13, 14, 17, 18, 19, 21, 28, 31, 32, 34, 35, 
              38, 39, 40, 43, 44, 47, 61, 62, 64, 67, 70, 76 ] ) ] );
