return rec(
  DistVect := [ 0, 1, 1, 1, 1, 1, 2, 1, 1, 1, 1, 1, 2, 1, 1, 1, 1, 2, 1, 1, 
      1, 2, 1, 2, 2, 0, 1, 2, 2 ],
  ListIncidentIneq := 
   [ [ 0, 0, 0, 0, 0, 0, 0, 0, 0, 0, 0, 0, 0, 0, 0, 0, 0, 0, 0, 0, 0, 0, 0, 
          0, -1, 1, 0, 0, 1 ], 
      [ 0, 0, 0, 0, 0, 1, 0, 1, 0, 0, 0, 0, 0, 0, 0, 0, 0, 0, 0, 0, 0, 0, 0, 
          0, 0, 0, 0, -1, 0 ], 
      [ 0, 0, 0, 0, 0, 0, 0, 0, 0, 0, 0, 1, 0, 1, 0, 0, 0, 0, 0, 0, 0, 0, 0, 
          0, 0, 0, 0, -1, 0 ], 
      [ 0, 0, 0, 0, 0, 0, 0, 0, 0, 0, 0, 0, 0, 0, 0, 1, 0, 0, -1, 0, 0, 0, 
          0, 0, 0, 1, 0, 0, 0 ], 
      [ 0, 0, 0, 0, 0, 0, 0, 0, 0, 0, 0, 0, 0, 0, 0, 0, 0, 0, 0, 1, 1, 0, 0, 
          -1, 0, 0, 0, 0, 0 ], 
      [ 0, 0, 0, 0, 0, 0, 0, 0, 0, 0, 0, 0, 0, 0, 0, 0, 0, 0, 0, 0, 0, 0, 0, 
          -1, 0, 1, 0, 1, 0 ], 
      [ 0, 0, 0, 0, 0, 0, 0, 0, 0, 0, 1, 0, 0, -1, 0, 0, 0, 0, 0, 0, 0, 0, 
          0, 0, 0, 1, 0, 0, 0 ], 
      [ 0, 0, 0, 0, 0, 0, 0, 0, 0, 0, 0, 0, 0, 0, 0, 0, 0, 0, 0, 1, 0, 0, 
          -1, 0, 0, 1, 0, 0, 0 ], 
      [ 0, 0, 0, 0, 0, 0, 0, 0, 0, 0, 0, 0, 0, 0, 0, 0, 0, 0, 0, 0, 1, -1, 
          0, 0, 0, 0, 1, 0, 0 ], 
      [ 0, 0, 0, 0, 0, 0, 0, 0, 0, 0, 0, 0, 0, 0, 0, 1, 1, 0, 0, 0, 0, 0, 0, 
          -1, 0, 0, 0, 0, 0 ], 
      [ 0, 0, 0, 0, 1, 0, 0, -1, 0, 0, 0, 0, 0, 0, 0, 0, 0, 0, 0, 0, 0, 0, 
          0, 0, 0, 1, 0, 0, 0 ], 
      [ 0, 0, 0, 0, 0, 0, 0, 0, 0, 0, 0, 0, 0, 0, 0, 0, 1, -1, 0, 0, 0, 0, 
          0, 0, 0, 0, 1, 0, 0 ], 
      [ 0, 0, 0, 0, 0, 0, 0, 0, 0, 0, 1, 1, 0, 0, 0, 0, 0, 0, 0, 0, 0, 0, 0, 
          -1, 0, 0, 0, 0, 0 ], 
      [ 0, 0, 0, 0, 0, 0, 0, 0, 0, 0, 0, 0, 0, 0, 0, 0, 0, 0, 0, -1, 0, 0, 
          1, 0, 0, 1, 0, 0, 0 ], 
      [ 0, 0, 0, 0, 0, 0, 0, 0, 0, 0, 0, 1, -1, 0, 0, 0, 0, 0, 0, 0, 0, 0, 
          0, 0, 0, 0, 1, 0, 0 ], 
      [ 0, 0, 0, 0, 0, 0, 0, 0, 0, 0, 0, 0, 0, 0, 0, 0, 0, 0, 0, 0, 0, 0, 0, 
          0, 1, 1, 0, 0, -1 ], 
      [ 0, 0, 0, 0, 1, 1, 0, 0, 0, 0, 0, 0, 0, 0, 0, 0, 0, 0, 0, 0, 0, 0, 0, 
          -1, 0, 0, 0, 0, 0 ], 
      [ 0, 0, 0, 0, 0, 0, 0, 0, 0, 0, 0, 0, 0, 0, 0, -1, 0, 0, 1, 0, 0, 0, 
          0, 0, 0, 1, 0, 0, 0 ], 
      [ 0, 0, 0, 0, 0, 0, 0, 0, 0, 0, 0, 0, 0, 0, 0, 0, 0, 0, 0, 0, 0, 0, 0, 
          1, 0, 1, 0, -1, 0 ], 
      [ 0, 0, 0, 0, -1, 0, 0, 1, 0, 0, 0, 0, 0, 0, 0, 0, 0, 0, 0, 0, 0, 0, 
          0, 0, 0, 1, 0, 0, 0 ], 
      [ 0, 0, 0, 0, 0, 1, -1, 0, 0, 0, 0, 0, 0, 0, 0, 0, 0, 0, 0, 0, 0, 0, 
          0, 0, 0, 0, 1, 0, 0 ], 
      [ 0, 0, 0, 0, 0, 0, 0, 0, 0, 0, 0, 0, 0, 0, 0, 0, 1, 0, 1, 0, 0, 0, 0, 
          0, 0, 0, 0, -1, 0 ], 
      [ 0, 0, 0, 0, 0, 0, 0, 0, 0, 0, -1, 0, 0, 1, 0, 0, 0, 0, 0, 0, 0, 0, 
          0, 0, 0, 1, 0, 0, 0 ], 
      [ 0, 0, 0, 0, 0, 0, 0, 0, 0, 0, 0, 0, 0, 0, 0, 0, 0, 0, 0, 0, 1, 0, 1, 
          0, 0, 0, 0, -1, 0 ], 
      [ 0, 0, 0, 0, 0, 0, 0, 0, 0, 0, 0, 0, 0, 0, 0, 0, 0, 0, 0, -1, 1, -1, 
          1, 1, -1, 1, 1, -1, 1 ], 
      [ 0, 0, 0, 0, 0, 0, 0, 0, -1, 0, 1, 1, -1, 0, 0, 1, 1, -1, 0, 0, 0, 0, 
          0, -1, 1, 0, 1, 0, 0 ], 
      [ 0, 0, 0, 0, 0, 0, 0, 0, 0, 0, 0, 0, 0, 0, -1, 1, 1, -1, 0, 1, 1, -1, 
          0, -1, 1, 0, 1, 0, 0 ], 
      [ 0, 0, 0, 0, 0, 0, 0, 0, 0, 0, 0, 0, 0, 0, 0, -1, 1, -1, 1, 0, 0, 0, 
          0, 1, -1, 1, 1, -1, 1 ], 
      [ 0, 0, -1, 0, 1, 1, -1, 0, 0, 0, 0, 0, 0, 0, 0, 1, 1, -1, 0, 0, 0, 0, 
          0, -1, 1, 0, 1, 0, 0 ], 
      [ 0, 0, 0, 0, 0, 0, 0, 0, 0, -1, 1, 1, -1, 0, 0, 0, 0, 0, 0, 1, 1, -1, 
          0, -1, 1, 0, 1, 0, 0 ], 
      [ 0, 0, 0, 0, 0, 0, 0, 0, 0, 0, -1, 1, -1, 1, 0, 0, 0, 0, 0, 0, 0, 0, 
          0, 1, -1, 1, 1, -1, 1 ], 
      [ 0, 0, 0, 0, 0, 0, 0, 0, 0, 0, 0, 0, 0, 0, -1, 0, 1, -1, 1, 0, 1, -1, 
          1, 0, 0, 0, 1, -1, 1 ], 
      [ 0, 0, 0, -1, 1, 1, -1, 0, 0, 0, 0, 0, 0, 0, 0, 0, 0, 0, 0, 1, 1, -1, 
          0, -1, 1, 0, 1, 0, 0 ], 
      [ 0, 0, 0, 0, -1, 1, -1, 1, 0, 0, 0, 0, 0, 0, 0, 0, 0, 0, 0, 0, 0, 0, 
          0, 1, -1, 1, 1, -1, 1 ], 
      [ 0, 0, 0, 0, 0, 0, 0, 0, 0, -1, 0, 1, -1, 1, 0, 0, 0, 0, 0, 0, 1, -1, 
          1, 0, 0, 0, 1, -1, 1 ], 
      [ 0, 0, 0, -1, 0, 1, -1, 1, 0, 0, 0, 0, 0, 0, 0, 0, 0, 0, 0, 0, 1, -1, 
          1, 0, 0, 0, 1, -1, 1 ], 
      [ 0, 0, 0, 0, 0, 0, 0, 0, -1, 0, 0, 1, -1, 1, 0, 0, 1, -1, 1, 0, 0, 0, 
          0, 0, 0, 0, 1, -1, 1 ], 
      [ 0, 0, -1, 0, 0, 1, -1, 1, 0, 0, 0, 0, 0, 0, 0, 0, 1, -1, 1, 0, 0, 0, 
          0, 0, 0, 0, 1, -1, 1 ], 
      [ 0, -1, 0, 0, 0, 1, -1, 1, 0, 0, 0, 1, -1, 1, 0, 0, 0, 0, 0, 0, 0, 0, 
          0, 0, 0, 0, 1, -1, 1 ], 
      [ 0, -1, 0, 0, 1, 1, -1, 0, 0, 0, 1, 1, -1, 0, 0, 0, 0, 0, 0, 0, 0, 0, 
          0, -1, 1, 0, 1, 0, 0 ], 
      [ 0, 0, 0, 0, 0, 0, 0, 0, 0, 0, 1, 1, -1, -1, 0, 0, 0, 0, 0, 0, 0, 0, 
          0, -1, 1, 1, 1, 1, -1 ], 
      [ 0, 0, 0, 0, 1, 1, -1, -1, 0, 0, 0, 0, 0, 0, 0, 0, 0, 0, 0, 0, 0, 0, 
          0, -1, 1, 1, 1, 1, -1 ], 
      [ 0, 0, 0, 0, 0, 0, 0, 0, 0, 0, 0, 0, 0, 0, 0, 1, 1, -1, -1, 0, 0, 0, 
          0, -1, 1, 1, 1, 1, -1 ], 
      [ 0, 0, 0, 0, 0, 0, 0, 0, 0, 0, 0, 0, 0, 0, 0, 0, 0, 0, 0, 1, 1, -1, 
          -1, -1, 1, 1, 1, 1, -1 ], 
      [ 0, -1, -1, 0, 1, 2, -1, 0, -1, 0, 1, 2, -1, 0, 0, 1, 2, -1, 0, 0, 0, 
          0, 0, -2, 1, 0, 2, 0, 0 ], 
      [ 0, 0, 0, 0, 0, 0, 0, 0, -1, -1, 1, 2, -1, 0, -1, 1, 2, -1, 0, 1, 2, 
          -1, 0, -2, 1, 0, 2, 0, 0 ], 
      [ 0, 0, 0, 0, 0, 0, 0, 0, 0, 0, 0, 0, 0, 0, -1, -1, 1, -1, 2, -1, 1, 
          -1, 2, 1, -1, 2, 1, -2, 2 ], 
      [ 0, -1, 0, -1, 1, 2, -1, 0, 0, -1, 1, 2, -1, 0, 0, 0, 0, 0, 0, 1, 2, 
          -1, 0, -2, 1, 0, 2, 0, 0 ], 
      [ 0, 0, -1, -1, 1, 2, -1, 0, 0, 0, 0, 0, 0, 0, -1, 1, 2, -1, 0, 1, 2, 
          -1, 0, -2, 1, 0, 2, 0, 0 ], 
      [ 0, 0, 0, 0, 0, 0, 0, 0, 0, -1, -1, 1, -1, 2, 0, 0, 0, 0, 0, -1, 1, 
          -1, 2, 1, -1, 2, 1, -2, 2 ], 
      [ 0, 0, 0, -1, -1, 1, -1, 2, 0, 0, 0, 0, 0, 0, 0, 0, 0, 0, 0, -1, 1, 
          -1, 2, 1, -1, 2, 1, -2, 2 ], 
      [ 0, 0, 0, 0, 0, 0, 0, 0, -1, 0, -1, 1, -1, 2, 0, -1, 1, -1, 2, 0, 0, 
          0, 0, 1, -1, 2, 1, -2, 2 ], 
      [ 0, 0, -1, 0, -1, 1, -1, 2, 0, 0, 0, 0, 0, 0, 0, -1, 1, -1, 2, 0, 0, 
          0, 0, 1, -1, 2, 1, -2, 2 ], 
      [ 0, -1, 0, 0, -1, 1, -1, 2, 0, 0, -1, 1, -1, 2, 0, 0, 0, 0, 0, 0, 0, 
          0, 0, 1, -1, 2, 1, -2, 2 ], 
      [ 0, -1, -1, 0, 0, 2, -1, 1, -1, 0, 0, 2, -1, 1, 0, 0, 2, -1, 1, 0, 0, 
          0, 0, 0, 0, 0, 2, -2, 1 ], 
      [ 0, -1, 0, 0, 2, 1, -1, -1, 0, 0, 2, 1, -1, -1, 0, 0, 0, 0, 0, 0, 0, 
          0, 0, -2, 2, 2, 1, 1, -1 ], 
      [ 0, -1, 0, -1, 0, 2, -1, 1, 0, -1, 0, 2, -1, 1, 0, 0, 0, 0, 0, 0, 2, 
          -1, 1, 0, 0, 0, 2, -2, 1 ], 
      [ 0, 0, -1, 0, 2, 1, -1, -1, 0, 0, 0, 0, 0, 0, 0, 2, 1, -1, -1, 0, 0, 
          0, 0, -2, 2, 2, 1, 1, -1 ], 
      [ 0, 0, 0, 0, 0, 0, 0, 0, -1, 0, 2, 1, -1, -1, 0, 2, 1, -1, -1, 0, 0, 
          0, 0, -2, 2, 2, 1, 1, -1 ], 
      [ 0, 0, -1, -1, 0, 2, -1, 1, 0, 0, 0, 0, 0, 0, -1, 0, 2, -1, 1, 0, 2, 
          -1, 1, 0, 0, 0, 2, -2, 1 ], 
      [ 0, 0, 0, 0, 0, 0, 0, 0, -1, -1, 0, 2, -1, 1, -1, 0, 2, -1, 1, 0, 2, 
          -1, 1, 0, 0, 0, 2, -2, 1 ], 
      [ 0, 0, 0, 0, 0, 0, 0, 0, 0, -1, 2, 1, -1, -1, 0, 0, 0, 0, 0, 2, 1, 
          -1, -1, -2, 2, 2, 1, 1, -1 ], 
      [ 0, 0, 0, 0, 0, 0, 0, 0, 0, 0, 0, 0, 0, 0, -1, 2, 1, -1, -1, 2, 1, 
          -1, -1, -2, 2, 2, 1, 1, -1 ], 
      [ 0, 0, 0, -1, 2, 1, -1, -1, 0, 0, 0, 0, 0, 0, 0, 0, 0, 0, 0, 2, 1, 
          -1, -1, -2, 2, 2, 1, 1, -1 ], 
      [ 0, -1, -1, 0, 2, 2, -1, -1, -1, 0, 2, 2, -1, -1, 0, 2, 2, -1, -1, 0, 
          0, 0, 0, -4, 2, 2, 2, 2, -1 ], 
      [ 0, -1, -1, -1, 2, 2, -1, 0, -1, -1, 2, 2, -1, 0, -1, 2, 2, -1, 0, 2, 
          2, -1, 0, -4, 2, 0, 2, 0, 0 ], 
      [ 0, -1, 0, -1, 2, 2, -1, -1, 0, -1, 2, 2, -1, -1, 0, 0, 0, 0, 0, 2, 
          2, -1, -1, -4, 2, 2, 2, 2, -1 ], 
      [ 0, 0, 0, 0, 0, 0, 0, 0, -1, -1, -1, 2, -1, 2, -1, -1, 2, -1, 2, -1, 
          2, -1, 2, 2, -1, 2, 2, -4, 2 ], 
      [ 0, 0, -1, -1, 2, 2, -1, -1, 0, 0, 0, 0, 0, 0, -1, 2, 2, -1, -1, 2, 
          2, -1, -1, -4, 2, 2, 2, 2, -1 ], 
      [ 0, 0, -1, -1, -1, 2, -1, 2, 0, 0, 0, 0, 0, 0, -1, -1, 2, -1, 2, -1, 
          2, -1, 2, 2, -1, 2, 2, -4, 2 ], 
      [ 0, 0, 0, 0, 0, 0, 0, 0, -1, -1, 2, 2, -1, -1, -1, 2, 2, -1, -1, 2, 
          2, -1, -1, -4, 2, 2, 2, 2, -1 ], 
      [ 0, -1, 0, -1, -1, 2, -1, 2, 0, -1, -1, 2, -1, 2, 0, 0, 0, 0, 0, -1, 
          2, -1, 2, 2, -1, 2, 2, -4, 2 ], 
      [ 0, -1, -1, -1, 0, 2, -1, 2, -1, -1, 0, 2, -1, 2, -1, 0, 2, -1, 2, 0, 
          2, -1, 2, 0, 0, 0, 2, -4, 2 ], 
      [ 0, -1, -1, 0, -1, 2, -1, 2, -1, 0, -1, 2, -1, 2, 0, -1, 2, -1, 2, 0, 
          0, 0, 0, 2, -1, 2, 2, -4, 2 ], 
      [ 0, -1, -1, -1, 2, 3, -2, 0, -1, -1, 2, 3, -2, 0, -1, 2, 3, -2, 0, 2, 
          3, -2, 0, -6, 4, 0, 6, 0, 0 ], 
      [ 0, -1, -1, 0, 3, 2, -1, -2, -1, 0, 3, 2, -1, -2, 0, 3, 2, -1, -2, 0, 
          0, 0, 0, -6, 3, 6, 2, 4, -2 ], 
      [ 0, -1, -1, -1, 0, 3, -2, 2, -1, -1, 0, 3, -2, 2, -1, 0, 3, -2, 2, 0, 
          3, -2, 2, 0, 0, 0, 6, -6, 4 ], 
      [ 0, -1, 0, -1, 3, 2, -1, -2, 0, -1, 3, 2, -1, -2, 0, 0, 0, 0, 0, 3, 
          2, -1, -2, -6, 3, 6, 2, 4, -2 ], 
      [ 0, 0, 0, 0, 0, 0, 0, 0, -1, -1, 3, 2, -1, -2, -1, 3, 2, -1, -2, 3, 
          2, -1, -2, -6, 3, 6, 2, 4, -2 ], 
      [ 0, 0, -1, -1, 3, 2, -1, -2, 0, 0, 0, 0, 0, 0, -1, 3, 2, -1, -2, 3, 
          2, -1, -2, -6, 3, 6, 2, 4, -2 ], 
      [ 0, 0, 0, 0, 0, 0, 0, 0, -1, -1, -2, 2, -1, 3, -1, -2, 2, -1, 3, -2, 
          2, -1, 3, 4, -2, 6, 2, -6, 3 ], 
      [ 0, 0, -1, -1, -2, 2, -1, 3, 0, 0, 0, 0, 0, 0, -1, -2, 2, -1, 3, -2, 
          2, -1, 3, 4, -2, 6, 2, -6, 3 ], 
      [ 0, -1, 0, -1, -2, 2, -1, 3, 0, -1, -2, 2, -1, 3, 0, 0, 0, 0, 0, -2, 
          2, -1, 3, 4, -2, 6, 2, -6, 3 ], 
      [ 0, -1, -1, 0, -2, 2, -1, 3, -1, 0, -2, 2, -1, 3, 0, -2, 2, -1, 3, 0, 
          0, 0, 0, 4, -2, 6, 2, -6, 3 ], 
      [ 0, -1, -1, -1, 1, 2, -1, 1, -1, -1, 1, 2, -1, 1, -1, 1, 2, -1, 1, 1, 
          2, -1, 1, -2, 1, -1, 2, -2, 1 ], 
      [ 0, -1, -1, -1, 3, 2, -1, -1, -1, -1, 3, 2, -1, -1, -1, 3, 2, -1, -1, 
          3, 2, -1, -1, -6, 3, 3, 2, 2, -1 ], 
      [ 0, -1, -1, -1, -1, 2, -1, 3, -1, -1, -1, 2, -1, 3, -1, -1, 2, -1, 3, 
          -1, 2, -1, 3, 2, -1, 3, 2, -6, 3 ], 
      [ 0, -1, -1, -1, 1, 3, -2, 1, -1, -1, 1, 3, -2, 1, -1, 1, 3, -2, 1, 1, 
          3, -2, 1, -3, 2, -1, 6, -3, 2 ], 
      [ 0, -1, -1, -1, -2, 2, -1, 4, -1, -1, -2, 2, -1, 4, -1, -2, 2, -1, 4, 
          -2, 2, -1, 4, 4, -2, 8, 2, -8, 4 ], 
      [ 0, -1, -1, -1, 4, 2, -1, -2, -1, -1, 4, 2, -1, -2, -1, 4, 2, -1, -2, 
          4, 2, -1, -2, -8, 4, 8, 2, 4, -2 ], 
      [ 0, -1, -1, -1, -1, 3, -2, 3, -1, -1, -1, 3, -2, 3, -1, -1, 3, -2, 3, 
          -1, 3, -2, 3, 3, -2, 3, 6, -9, 6 ], 
      [ 0, -1, -1, -1, 3, 3, -2, -1, -1, -1, 3, 3, -2, -1, -1, 3, 3, -2, -1, 
          3, 3, -2, -1, -9, 6, 3, 6, 3, -2 ], 
      [ 0, -1, -1, -1, -2, 3, -2, 4, -1, -1, -2, 3, -2, 4, -1, -2, 3, -2, 4, 
          -2, 3, -2, 4, 6, -4, 8, 6, -12, 8 ], 
      [ 0, -1, -1, -1, 4, 3, -2, -2, -1, -1, 4, 3, -2, -2, -1, 4, 3, -2, -2, 
          4, 3, -2, -2, -12, 8, 8, 6, 6, -4 ], 
      [ 0, -1, -1, -1, -3, 3, -2, 5, -1, -1, -3, 3, -2, 5, -1, -3, 3, -2, 5, 
          -3, 3, -2, 5, 9, -6, 15, 6, -15, 10 ], 
      [ 0, -1, -1, -1, 5, 3, -2, -3, -1, -1, 5, 3, -2, -3, -1, 5, 3, -2, -3, 
          5, 3, -2, -3, -15, 10, 15, 6, 9, -6 ] ],
  ListIncidentSymbol := 
   [ [ 0, 0, 0, 0, 1, 0, 1, -1 ], [ -1, 0, 0, 0, 0, 1, 0, 1 ], 
      [ 0, -1, 0, 0, 0, 1, 0, 1 ], [ 0, 0, 1, 0, -1, 0, 0, 1 ], 
      [ 0, 0, 0, -1, 1, 1, 0, 0 ], [ 0, 0, 0, 0, 1, 1, 0, -1 ], 
      [ 0, 1, 0, 0, -1, 0, 0, 1 ], [ 0, 0, 0, 1, -1, 0, 0, 1 ], 
      [ 0, 0, 0, 1, 0, -1, 1, 0 ], [ 0, 0, -1, 0, 1, 1, 0, 0 ], 
      [ 1, 0, 0, 0, -1, 0, 0, 1 ], [ 0, 0, 1, 0, 0, -1, 1, 0 ], 
      [ 0, -1, 0, 0, 1, 1, 0, 0 ], [ 0, 0, 0, 1, 1, 0, 0, -1 ], 
      [ 0, 1, 0, 0, 0, -1, 1, 0 ], [ 0, 0, 0, 0, -1, 0, 1, 1 ], 
      [ -1, 0, 0, 0, 1, 1, 0, 0 ], [ 0, 0, 1, 0, 1, 0, 0, -1 ], 
      [ 0, 0, 0, 0, -1, 1, 0, 1 ], [ 1, 0, 0, 0, 1, 0, 0, -1 ], 
      [ 1, 0, 0, 0, 0, -1, 1, 0 ], [ 0, 0, -1, 0, 0, 1, 0, 1 ], 
      [ 0, 1, 0, 0, 1, 0, 0, -1 ], [ 0, 0, 0, -1, 0, 1, 0, 1 ], 
      [ 0, 0, 0, 1, 1, -1, 1, -1 ], [ 0, 1, 1, 0, -1, -1, 1, 0 ], 
      [ 0, 0, 1, 1, -1, -1, 1, 0 ], [ 0, 0, 1, 0, 1, -1, 1, -1 ], 
      [ 1, 0, 1, 0, -1, -1, 1, 0 ], [ 0, 1, 0, 1, -1, -1, 1, 0 ], 
      [ 0, 1, 0, 0, 1, -1, 1, -1 ], [ 0, 0, 1, 1, 0, -1, 1, -1 ], 
      [ 1, 0, 0, 1, -1, -1, 1, 0 ], [ 1, 0, 0, 0, 1, -1, 1, -1 ], 
      [ 0, 1, 0, 1, 0, -1, 1, -1 ], [ 1, 0, 0, 1, 0, -1, 1, -1 ], 
      [ 0, 1, 1, 0, 0, -1, 1, -1 ], [ 1, 0, 1, 0, 0, -1, 1, -1 ], 
      [ 1, 1, 0, 0, 0, -1, 1, -1 ], [ 1, 1, 0, 0, -1, -1, 1, 0 ], 
      [ 0, 1, 0, 0, -1, -1, 1, 1 ], [ 1, 0, 0, 0, -1, -1, 1, 1 ], 
      [ 0, 0, 1, 0, -1, -1, 1, 1 ], [ 0, 0, 0, 1, -1, -1, 1, 1 ], 
      [ 1, 1, 1, 0, -1, -2, 1, 0 ], [ 0, 1, 1, 1, -1, -2, 1, 0 ], 
      [ 0, 0, 1, 1, 1, -1, 1, -2 ], [ 1, 1, 0, 1, -1, -2, 1, 0 ], 
      [ 1, 0, 1, 1, -1, -2, 1, 0 ], [ 0, 1, 0, 1, 1, -1, 1, -2 ], 
      [ 1, 0, 0, 1, 1, -1, 1, -2 ], [ 0, 1, 1, 0, 1, -1, 1, -2 ], 
      [ 1, 0, 1, 0, 1, -1, 1, -2 ], [ 1, 1, 0, 0, 1, -1, 1, -2 ], 
      [ 1, 1, 1, 0, 0, -2, 1, -1 ], [ 1, 1, 0, 0, -2, -1, 1, 1 ], 
      [ 1, 1, 0, 1, 0, -2, 1, -1 ], [ 1, 0, 1, 0, -2, -1, 1, 1 ], 
      [ 0, 1, 1, 0, -2, -1, 1, 1 ], [ 1, 0, 1, 1, 0, -2, 1, -1 ], 
      [ 0, 1, 1, 1, 0, -2, 1, -1 ], [ 0, 1, 0, 1, -2, -1, 1, 1 ], 
      [ 0, 0, 1, 1, -2, -1, 1, 1 ], [ 1, 0, 0, 1, -2, -1, 1, 1 ], 
      [ 1, 1, 1, 0, -2, -2, 1, 1 ], [ 1, 1, 1, 1, -2, -2, 1, 0 ], 
      [ 1, 1, 0, 1, -2, -2, 1, 1 ], [ 0, 1, 1, 1, 1, -2, 1, -2 ], 
      [ 1, 0, 1, 1, -2, -2, 1, 1 ], [ 1, 0, 1, 1, 1, -2, 1, -2 ], 
      [ 0, 1, 1, 1, -2, -2, 1, 1 ], [ 1, 1, 0, 1, 1, -2, 1, -2 ], 
      [ 1, 1, 1, 1, 0, -2, 1, -2 ], [ 1, 1, 1, 0, 1, -2, 1, -2 ], 
      [ 1, 1, 1, 1, -2, -3, 2, 0 ], [ 1, 1, 1, 0, -3, -2, 1, 2 ], 
      [ 1, 1, 1, 1, 0, -3, 2, -2 ], [ 1, 1, 0, 1, -3, -2, 1, 2 ], 
      [ 0, 1, 1, 1, -3, -2, 1, 2 ], [ 1, 0, 1, 1, -3, -2, 1, 2 ], 
      [ 0, 1, 1, 1, 2, -2, 1, -3 ], [ 1, 0, 1, 1, 2, -2, 1, -3 ], 
      [ 1, 1, 0, 1, 2, -2, 1, -3 ], [ 1, 1, 1, 0, 2, -2, 1, -3 ], 
      [ 1, 1, 1, 1, -1, -2, 1, -1 ], [ 1, 1, 1, 1, -3, -2, 1, 1 ], 
      [ 1, 1, 1, 1, 1, -2, 1, -3 ], [ 1, 1, 1, 1, -1, -3, 2, -1 ], 
      [ 1, 1, 1, 1, 2, -2, 1, -4 ], [ 1, 1, 1, 1, -4, -2, 1, 2 ], 
      [ 1, 1, 1, 1, 1, -3, 2, -3 ], [ 1, 1, 1, 1, -3, -3, 2, 1 ], 
      [ 1, 1, 1, 1, 2, -3, 2, -4 ], [ 1, 1, 1, 1, -4, -3, 2, 2 ], 
      [ 1, 1, 1, 1, 3, -3, 2, -5 ], [ 1, 1, 1, 1, -5, -3, 2, 3 ] ],
  ListAdjacent := [ rec(
          DistVect := [ 0, 1, 1, 1, 1, 1, 1, 1, 0, 0, 0, 0, 0, 0, 0, 0, 0, 
              0, 0, 0, 0, 0, 0, 0, 0, 0, 0, 0, 0 ],
          eAdj := [ 1, 3, 4, 5, 6, 7, 8, 9, 10, 11, 12, 13, 14, 15, 16, 18, 
              19, 20, 21, 22, 23, 24, 25, 26, 27, 28, 29, 30, 31, 32, 33, 
              34, 35, 36, 37, 38, 39, 40, 41, 42, 43, 44, 45, 46, 47, 48, 
              49, 50, 51, 52, 53, 54, 55, 56, 57, 58, 59, 60, 61, 62, 63, 
              64, 65, 66, 67, 68, 69, 70, 71, 72, 73, 74, 75, 76, 77, 78, 
              79, 80, 81, 82, 83, 84, 85, 86, 87, 88, 89, 90, 91, 92, 93, 
              94, 95, 96 ] ), rec(
          DistVect := [ 0, 1, 1, 0, 1, 0, 0, 1, 0, 1, 0, 1, 1, 0, 1, 0, 1, 
              1, 0, 1, 0, 0, 1, 1, 1, 0, 0, 1, 1 ],
          eAdj := [ 1, 2, 3, 4, 5, 6, 7, 8, 9, 10, 11, 12, 13, 14, 15, 16, 
              17, 18, 19, 20, 21, 22, 23, 24, 25, 26, 27, 28, 29, 30, 31, 
              32, 34, 35, 37, 38, 39, 40, 41, 42, 43, 44, 45, 46, 47, 48, 
              49, 50, 52, 53, 54, 55, 56, 57, 58, 59, 60, 61, 62, 63, 65, 
              66, 67, 68, 69, 70, 71, 72, 73, 74, 75, 76, 77, 78, 79, 80, 
              81, 82, 83, 84, 85, 86, 87, 88, 89, 90, 91, 92, 93, 94, 95, 96 
             ] ), rec(
          DistVect := [ 0, 1, 1, 1, 0, 1, 0, 0, 0, 0, 1, 0, 1, 1, 0, 1, 0, 
              1, 1, 1, 0, 1, 1, 1, 0, 0, 1, 1, 0 ],
          eAdj := [ 1, 2, 3, 4, 5, 6, 7, 8, 9, 10, 11, 12, 13, 14, 15, 16, 
              17, 18, 19, 20, 22, 23, 24, 25, 26, 27, 28, 29, 30, 31, 32, 
              33, 35, 36, 37, 38, 39, 40, 41, 43, 44, 45, 46, 47, 48, 49, 
              50, 51, 52, 53, 54, 55, 56, 57, 58, 59, 60, 61, 62, 63, 64, 
              65, 66, 67, 68, 69, 70, 71, 72, 73, 74, 75, 76, 77, 78, 79, 
              80, 81, 82, 83, 84, 85, 86, 87, 88, 89, 90, 91, 92, 93, 94, 
              95, 96 ] ), rec(
          DistVect := [ 0, 1, 1, 1, 1, 0, 0, 1, 0, 0, 0, 1, 1, 0, 0, 0, 1, 
              1, 0, 0, 1, 1, 0, 1, 1, 0, 0, 1, 1 ],
          eAdj := [ 1, 2, 3, 4, 5, 6, 7, 8, 9, 10, 11, 12, 13, 14, 15, 16, 
              17, 18, 19, 20, 21, 22, 23, 24, 25, 26, 27, 28, 29, 30, 31, 
              32, 33, 34, 35, 36, 37, 38, 39, 40, 41, 42, 43, 44, 45, 47, 
              48, 49, 50, 51, 52, 53, 54, 55, 56, 57, 58, 59, 60, 62, 63, 
              64, 65, 66, 67, 69, 70, 72, 73, 74, 75, 76, 77, 78, 80, 82, 
              83, 84, 85, 86, 87, 88, 89, 90, 91, 92, 93, 94, 95, 96 ] ), 
      rec(
          DistVect := [ 0, 4, 5, 5, 4, 4, 8, 5, 5, 5, 4, 4, 8, 5, 4, 7, 5, 
              7, 4, 7, 5, 7, 4, 8, 8, 3, 4, 9, 7 ],
          eAdj := [ 2, 3, 13, 14, 15, 17, 18, 21, 22, 24, 25, 28, 35, 36, 
              37, 38, 39, 40, 47, 55, 57, 68, 70, 73, 77, 91 ] ), rec(
          DistVect := [ 0, 1, 1, 1, 2, 2, 2, 1, 1, 1, 2, 2, 2, 1, 1, 2, 2, 
              2, 1, 2, 2, 2, 1, 2, 2, 1, 1, 3, 2 ],
          eAdj := [ 2, 3, 14, 18, 19, 20, 22, 23, 24, 25, 28, 31, 34, 47, 
              50, 51, 52, 53, 54, 81, 82, 83, 84, 89, 93, 95 ] ), rec(
          DistVect := [ 0, 4, 4, 4, 7, 5, 5, 4, 4, 4, 7, 5, 5, 4, 4, 7, 5, 
              5, 4, 7, 5, 5, 4, 8, 8, 3, 4, 9, 5 ],
          eAdj := [ 1, 2, 3, 14, 18, 20, 22, 23, 24, 25, 28, 31, 34, 47, 50, 
              51, 52, 53, 54, 81, 82, 83, 84, 89, 93, 95 ] ), rec(
          DistVect := [ 0, 4, 4, 4, 7, 4, 5, 4, 4, 4, 7, 4, 5, 4, 4, 7, 4, 
              5, 4, 7, 4, 5, 4, 9, 8, 3, 3, 8, 5 ],
          eAdj := [ 1, 2, 3, 14, 18, 20, 22, 23, 24, 25, 28, 31, 34, 47, 50, 
              51, 52, 53, 54, 68, 70, 72, 74, 87, 91, 93 ] ), rec(
          DistVect := [ 0, 0, 0, 0, 1, 1, 0, 0, 0, 0, 1, 1, 0, 0, 0, 1, 1, 
              0, 0, 1, 1, 0, 0, 0, 1, 1, 1, 1, 0 ],
          eAdj := [ 1, 2, 3, 14, 18, 19, 20, 22, 23, 24, 25, 28, 31, 34, 47, 
              50, 51, 52, 53, 54, 81, 82, 83, 84, 89, 95 ] ), rec(
          DistVect := [ 0, 7, 4, 4, 7, 4, 5, 4, 7, 7, 4, 5, 8, 7, 4, 7, 4, 
              5, 4, 7, 4, 5, 4, 9, 8, 3, 3, 8, 5 ],
          eAdj := [ 1, 2, 7, 13, 14, 15, 18, 20, 22, 24, 25, 28, 34, 35, 37, 
              39, 47, 51, 53, 55, 57, 61, 70, 73, 77, 91 ] ), rec(
          DistVect := [ 0, 7, 4, 4, 7, 5, 5, 4, 7, 7, 4, 4, 8, 7, 4, 7, 5, 
              5, 4, 7, 5, 5, 4, 8, 8, 3, 4, 9, 5 ],
          eAdj := [ 1, 2, 7, 13, 14, 15, 18, 20, 22, 24, 25, 28, 34, 35, 37, 
              39, 47, 51, 53, 68, 72, 74, 82, 87, 91, 93 ] ), rec(
          DistVect := [ 0, 4, 5, 4, 4, 4, 8, 5, 5, 4, 4, 4, 8, 5, 7, 7, 5, 
              7, 4, 4, 4, 8, 7, 8, 8, 3, 4, 9, 7 ],
          eAdj := [ 2, 3, 5, 8, 9, 13, 15, 17, 18, 21, 22, 28, 30, 32, 33, 
              37, 38, 39, 40, 48, 55, 60, 61, 77, 85, 88 ] ), rec(
          DistVect := [ 0, 7, 4, 7, 7, 5, 5, 4, 7, 4, 4, 4, 8, 7, 7, 7, 5, 
              5, 4, 4, 4, 8, 7, 8, 8, 3, 4, 9, 5 ],
          eAdj := [ 1, 2, 5, 7, 8, 9, 13, 15, 18, 20, 22, 28, 30, 32, 34, 
              36, 37, 39, 53, 57, 61, 70, 73, 74, 77, 91 ] ), rec(
          DistVect := [ 0, 7, 4, 7, 7, 4, 5, 4, 7, 4, 4, 5, 8, 7, 7, 7, 4, 
              5, 4, 4, 5, 8, 7, 9, 8, 3, 3, 8, 5 ],
          eAdj := [ 1, 2, 5, 7, 8, 9, 13, 15, 18, 20, 22, 28, 30, 32, 34, 
              36, 37, 39, 46, 48, 53, 55, 60, 77, 85, 88 ] ), rec(
          DistVect := [ 0, 4, 7, 4, 7, 5, 8, 4, 7, 4, 7, 5, 8, 4, 7, 4, 4, 
              5, 7, 7, 5, 8, 4, 8, 5, 3, 3, 9, 8 ],
          eAdj := [ 2, 3, 4, 9, 10, 14, 15, 16, 20, 21, 23, 24, 26, 27, 29, 
              35, 36, 39, 43, 55, 60, 61, 72, 73, 77, 88 ] ), rec(
          DistVect := [ 0, 4, 7, 4, 7, 4, 8, 4, 7, 4, 7, 4, 8, 4, 7, 4, 5, 
              5, 7, 7, 4, 8, 4, 9, 5, 3, 4, 8, 8 ],
          eAdj := [ 2, 3, 4, 9, 10, 14, 15, 16, 20, 21, 23, 24, 26, 27, 29, 
              35, 36, 39, 43, 45, 46, 49, 57, 75, 85, 88 ] ), rec(
          DistVect := [ 0, 4, 4, 4, 3, 4, 8, 4, 4, 4, 3, 4, 8, 4, 4, 5, 4, 
              8, 4, 5, 4, 8, 4, 7, 9, 3, 4, 8, 8 ],
          eAdj := [ 2, 3, 9, 12, 13, 15, 17, 21, 22, 24, 25, 28, 32, 35, 36, 
              37, 38, 39, 40, 55, 57, 60, 61, 73, 77, 85 ] ), rec(
          DistVect := [ 0, 4, 4, 4, 5, 4, 8, 4, 4, 4, 5, 4, 8, 4, 4, 7, 4, 
              8, 4, 7, 4, 8, 4, 9, 7, 3, 4, 8, 8 ],
          eAdj := [ 2, 3, 9, 12, 13, 14, 15, 17, 18, 21, 22, 24, 32, 35, 36, 
              37, 38, 39, 40, 55, 57, 60, 61, 73, 77, 88 ] ), rec(
          DistVect := [ 0, 4, 4, 4, 3, 4, 8, 4, 4, 4, 3, 4, 8, 4, 4, 3, 4, 
              8, 4, 3, 4, 8, 4, 5, 9, 3, 4, 8, 8 ],
          eAdj := [ 2, 3, 9, 12, 15, 19, 21, 22, 24, 25, 28, 31, 32, 34, 35, 
              36, 37, 38, 39, 55, 57, 60, 61, 73, 77, 85 ] ), rec(
          DistVect := [ 0, 4, 4, 4, 4, 5, 8, 3, 4, 4, 4, 5, 8, 3, 4, 4, 5, 
              8, 3, 4, 5, 8, 3, 5, 8, 3, 3, 8, 9 ],
          eAdj := [ 2, 3, 9, 12, 15, 19, 21, 22, 24, 25, 28, 31, 32, 34, 35, 
              36, 37, 38, 39, 68, 70, 72, 73, 74, 87, 91 ] ), rec(
          DistVect := [ 0, 4, 4, 4, 7, 4, 8, 4, 4, 4, 7, 4, 8, 4, 4, 7, 4, 
              8, 4, 7, 4, 8, 4, 9, 5, 3, 4, 8, 8 ],
          eAdj := [ 2, 3, 9, 12, 14, 15, 16, 18, 20, 21, 22, 23, 24, 32, 35, 
              36, 37, 38, 39, 55, 57, 60, 61, 73, 77, 88 ] ), rec(
          DistVect := [ 0, 4, 4, 4, 7, 5, 8, 4, 4, 4, 7, 5, 8, 4, 4, 7, 5, 
              8, 4, 7, 5, 8, 4, 8, 5, 3, 3, 9, 8 ],
          eAdj := [ 2, 3, 9, 12, 14, 15, 16, 18, 20, 21, 22, 23, 24, 32, 35, 
              36, 37, 38, 39, 68, 70, 72, 74, 77, 87, 91 ] ), rec(
          DistVect := [ 0, 4, 4, 4, 5, 4, 8, 4, 4, 4, 5, 4, 8, 4, 4, 5, 4, 
              8, 4, 5, 4, 8, 4, 9, 9, 3, 4, 8, 8 ],
          eAdj := [ 2, 3, 5, 9, 10, 12, 13, 15, 17, 21, 22, 24, 32, 35, 36, 
              37, 38, 39, 55, 57, 60, 61, 73, 77, 85, 88 ] ), rec(
          DistVect := [ 0, 2, 1, 1, 2, 2, 2, 1, 2, 2, 1, 1, 2, 2, 1, 2, 2, 
              2, 1, 2, 2, 2, 1, 2, 2, 1, 1, 3, 2 ],
          eAdj := [ 2, 3, 7, 13, 14, 15, 18, 19, 20, 22, 24, 25, 28, 34, 35, 
              37, 39, 47, 51, 53, 68, 72, 74, 82, 87, 91, 93 ] ), rec(
          DistVect := [ 0, 1, 1, 1, 1, 1, 2, 1, 1, 1, 1, 1, 2, 1, 1, 1, 2, 
              2, 0, 1, 1, 2, 1, 1, 2, 1, 1, 2, 2 ],
          eAdj := [ 2, 3, 9, 15, 18, 19, 21, 22, 24, 25, 28, 31, 32, 34, 35, 
              36, 37, 38, 39, 47, 52, 53, 57, 68, 70, 72, 73, 74, 87, 91 ] ),
      rec(
          DistVect := [ 0, 1, 1, 1, 1, 1, 2, 1, 1, 1, 1, 1, 2, 1, 1, 2, 1, 
              2, 1, 2, 1, 2, 1, 2, 2, 1, 1, 2, 2 ],
          eAdj := [ 2, 3, 9, 12, 13, 14, 15, 17, 18, 21, 22, 24, 25, 28, 32, 
              35, 36, 37, 38, 39, 40, 47, 55, 57, 60, 61, 68, 70, 73, 77 ] ),
      rec(
          DistVect := [ 0, 1, 1, 1, 1, 1, 2, 1, 1, 1, 1, 1, 2, 1, 2, 2, 1, 
              2, 1, 1, 1, 2, 2, 2, 2, 1, 1, 2, 2 ],
          eAdj := [ 2, 3, 5, 8, 9, 12, 13, 15, 17, 18, 21, 22, 27, 28, 30, 
              32, 33, 37, 38, 39, 40, 44, 46, 48, 49, 55, 60, 61, 85, 88 ] ),
      rec(
          DistVect := [ 0, 1, 1, 1, 2, 1, 2, 1, 1, 1, 1, 1, 2, 1, 1, 1, 1, 
              2, 1, 1, 1, 2, 1, 2, 2, 1, 1, 2, 2 ],
          eAdj := [ 2, 3, 5, 9, 10, 12, 13, 15, 20, 21, 22, 24, 26, 27, 30, 
              32, 34, 35, 36, 37, 38, 39, 46, 55, 57, 60, 61, 73, 77, 85, 88 
             ] ), rec(
          DistVect := [ 0, 1, 1, 1, 2, 1, 1, 1, 1, 1, 1, 1, 2, 1, 1, 2, 1, 
              1, 1, 2, 1, 1, 1, 2, 2, 1, 1, 2, 1 ],
          eAdj := [ 1, 2, 3, 13, 14, 15, 18, 20, 22, 24, 25, 28, 31, 34, 35, 
              37, 39, 47, 50, 51, 52, 53, 54, 68, 70, 72, 74, 82, 87, 91, 93 
             ] ), rec(
          DistVect := [ 0, 1, 1, 1, 2, 1, 1, 1, 1, 1, 2, 1, 1, 1, 1, 2, 1, 
              1, 1, 2, 1, 1, 1, 2, 2, 1, 1, 2, 1 ],
          eAdj := [ 1, 2, 3, 14, 18, 20, 22, 23, 24, 25, 28, 31, 34, 47, 50, 
              51, 52, 53, 54, 68, 70, 72, 74, 81, 82, 83, 84, 87, 89, 93 ] ),
      rec(
          DistVect := [ 0, 2, 1, 1, 2, 1, 1, 1, 2, 2, 1, 1, 2, 2, 1, 2, 1, 
              1, 1, 2, 1, 1, 1, 2, 2, 1, 1, 2, 1 ],
          eAdj := [ 1, 2, 7, 13, 14, 15, 18, 20, 22, 24, 25, 28, 34, 35, 37, 
              39, 47, 51, 53, 55, 57, 61, 68, 70, 72, 73, 74, 82, 87, 91 ] ),
      rec(
          DistVect := [ 0, 1, 1, 1, 1, 1, 2, 1, 2, 2, 1, 1, 2, 2, 1, 2, 1, 
              1, 1, 2, 1, 1, 1, 2, 2, 1, 1, 2, 1 ],
          eAdj := [ 1, 2, 7, 13, 14, 15, 17, 18, 21, 22, 24, 25, 28, 34, 35, 
              36, 37, 38, 39, 40, 47, 51, 53, 55, 57, 61, 68, 70, 73, 77, 91 
             ] ), rec(
          DistVect := [ 0, 2, 1, 2, 2, 1, 1, 1, 2, 1, 1, 1, 2, 2, 2, 2, 1, 
              1, 1, 1, 1, 2, 2, 2, 2, 1, 1, 2, 1 ],
          eAdj := [ 1, 2, 5, 7, 8, 9, 13, 15, 18, 20, 22, 28, 30, 32, 34, 
              36, 37, 39, 46, 48, 53, 55, 57, 60, 61, 70, 73, 74, 77, 85 ] ),
      rec(
          DistVect := [ 0, 1, 1, 1, 1, 1, 2, 1, 2, 1, 1, 1, 2, 2, 2, 2, 1, 
              1, 1, 1, 1, 2, 2, 2, 2, 1, 1, 2, 1 ],
          eAdj := [ 1, 2, 5, 7, 8, 9, 13, 15, 17, 18, 21, 22, 28, 30, 32, 
              33, 34, 36, 37, 38, 39, 40, 46, 48, 53, 55, 60, 61, 77, 85, 88 
             ] ), rec(
          DistVect := [ 0, 2, 1, 2, 2, 2, 2, 1, 2, 1, 1, 1, 2, 2, 2, 2, 2, 
              2, 1, 1, 1, 2, 2, 2, 2, 1, 1, 3, 2 ],
          eAdj := [ 2, 3, 5, 7, 8, 9, 13, 15, 18, 19, 20, 22, 24, 28, 30, 
              32, 34, 36, 37, 39, 53, 57, 61, 70, 73, 74, 77, 91 ] ), rec(
          DistVect := [ 0, 1, 2, 1, 2, 1, 2, 1, 2, 1, 2, 1, 2, 1, 2, 1, 1, 
              1, 2, 2, 1, 2, 1, 2, 1, 1, 1, 2, 2 ],
          eAdj := [ 2, 3, 4, 9, 10, 14, 15, 16, 20, 21, 23, 24, 26, 27, 29, 
              35, 36, 39, 43, 45, 46, 49, 55, 57, 60, 61, 72, 73, 85, 88 ] ),
      rec(
          DistVect := [ 0, 1, 1, 1, 1, 1, 2, 1, 1, 1, 1, 1, 2, 1, 1, 1, 1, 
              2, 1, 1, 1, 2, 1, 1, 2, 1, 1, 2, 2 ],
          eAdj := [ 2, 3, 9, 12, 15, 19, 21, 22, 24, 25, 28, 31, 32, 34, 35, 
              36, 37, 38, 39, 55, 57, 60, 61, 68, 70, 72, 73, 74, 77, 91 ] ),
      rec(
          DistVect := [ 0, 1, 1, 1, 2, 1, 2, 1, 1, 1, 1, 1, 2, 1, 1, 2, 1, 
              2, 1, 2, 1, 2, 1, 2, 1, 1, 1, 2, 2 ],
          eAdj := [ 2, 3, 9, 12, 13, 14, 15, 16, 18, 20, 21, 22, 24, 26, 30, 
              32, 35, 36, 37, 38, 39, 40, 41, 55, 57, 60, 61, 70, 73, 77, 88 
             ] ), rec(
          DistVect := [ 0, 1, 1, 1, 2, 1, 2, 1, 1, 1, 2, 1, 2, 1, 1, 2, 1, 
              2, 1, 2, 1, 2, 1, 2, 1, 1, 1, 2, 2 ],
          eAdj := [ 2, 3, 9, 12, 14, 15, 16, 18, 20, 21, 22, 23, 24, 32, 35, 
              36, 37, 38, 39, 55, 57, 60, 61, 68, 70, 72, 73, 74, 77, 87 ] ),
      rec(
          DistVect := [ 0, 1, 1, 1, 1, 1, 2, 1, 1, 1, 0, 1, 2, 1, 1, 1, 1, 
              2, 1, 1, 1, 2, 1, 1, 2, 1, 1, 2, 2 ],
          eAdj := [ 2, 3, 7, 9, 12, 13, 15, 19, 21, 22, 24, 25, 26, 28, 30, 
              32, 34, 35, 36, 37, 38, 39, 40, 55, 57, 60, 61, 70, 73, 77, 85 
             ] ), rec(
          DistVect := [ 0, 1, 2, 1, 2, 1, 2, 1, 2, 1, 2, 1, 2, 1, 2, 1, 2, 
              2, 2, 2, 1, 2, 1, 3, 2, 1, 1, 2, 2 ],
          eAdj := [ 2, 3, 4, 5, 6, 9, 10, 13, 14, 15, 17, 20, 21, 23, 24, 
              26, 27, 29, 35, 36, 39, 43, 45, 46, 49, 57, 75, 85, 88 ] ), 
      rec(
          DistVect := [ 0, 1, 1, 1, 1, 1, 2, 1, 1, 1, 1, 1, 2, 1, 1, 1, 1, 
              2, 1, 1, 1, 2, 1, 2, 2, 1, 1, 2, 3 ],
          eAdj := [ 2, 3, 5, 9, 10, 12, 13, 15, 16, 17, 21, 22, 24, 26, 27, 
              29, 30, 33, 40, 41, 42, 43, 44, 45, 46, 48, 49, 66, 75, 85 ] ),
      rec(
          DistVect := [ 0, 1, 1, 1, 2, 1, 2, 1, 1, 1, 2, 1, 2, 1, 1, 2, 1, 
              2, 1, 2, 1, 2, 1, 3, 2, 1, 1, 2, 2 ],
          eAdj := [ 2, 3, 5, 6, 9, 10, 12, 13, 14, 15, 17, 18, 20, 21, 22, 
              23, 24, 32, 35, 36, 37, 38, 39, 55, 57, 60, 61, 73, 77, 88 ] ),
      rec(
          DistVect := [ 0, 0, 0, 1, 1, 1, 0, 0, 0, 1, 1, 1, 0, 0, 1, 1, 1, 
              0, 0, 0, 0, 1, 1, 0, 1, 1, 1, 1, 0 ],
          eAdj := [ 1, 2, 3, 5, 8, 9, 18, 19, 20, 22, 23, 24, 25, 28, 31, 
              32, 34, 35, 36, 47, 50, 51, 52, 53, 54, 68, 70, 72, 81, 82, 
              83, 84, 87, 89, 93, 95 ] ), rec(
          DistVect := [ 0, 0, 1, 1, 1, 1, 0, 0, 1, 1, 1, 1, 0, 0, 0, 0, 0, 
              1, 1, 0, 0, 1, 1, 0, 1, 1, 1, 1, 0 ],
          eAdj := [ 1, 2, 3, 4, 5, 8, 9, 10, 12, 19, 20, 22, 23, 24, 25, 27, 
              28, 31, 32, 34, 35, 36, 37, 38, 50, 51, 52, 53, 54, 60, 61, 
              68, 70, 72, 73, 74, 83, 84, 87, 91, 93 ] ), rec(
          DistVect := [ 0, 0, 0, 0, 1, 1, 1, 0, 0, 0, 1, 1, 1, 0, 0, 1, 1, 
              1, 0, 1, 1, 1, 0, 0, 0, 1, 0, 1, 1 ],
          eAdj := [ 2, 3, 9, 12, 14, 15, 16, 18, 19, 20, 21, 22, 23, 24, 25, 
              28, 31, 32, 34, 35, 36, 37, 38, 39, 47, 50, 51, 52, 53, 54, 
              68, 70, 72, 74, 81, 82, 83, 84, 87, 89, 91, 93 ] ), rec(
          DistVect := [ 0, 1, 0, 0, 1, 1, 1, 0, 1, 1, 0, 0, 0, 1, 0, 1, 1, 
              1, 0, 1, 1, 1, 0, 0, 0, 1, 0, 1, 1 ],
          eAdj := [ 2, 3, 7, 9, 12, 13, 14, 15, 16, 18, 19, 20, 21, 22, 24, 
              25, 26, 28, 30, 32, 34, 35, 36, 37, 38, 39, 40, 41, 47, 51, 
              53, 55, 57, 61, 68, 70, 72, 73, 74, 77, 82, 87, 91 ] ), rec(
          DistVect := [ 0, 0, 1, 0, 1, 0, 1, 0, 1, 0, 1, 0, 1, 0, 1, 0, 1, 
              0, 1, 1, 0, 1, 0, 1, 0, 1, 1, 0, 1 ],
          eAdj := [ 2, 3, 4, 5, 6, 9, 10, 13, 14, 15, 16, 17, 20, 21, 23, 
              24, 26, 27, 29, 30, 33, 35, 36, 39, 40, 41, 42, 43, 44, 45, 
              46, 48, 49, 57, 58, 59, 63, 65, 66, 69, 71, 75, 85, 92 ] ), 
      rec(
          DistVect := [ 0, 1, 0, 1, 1, 1, 1, 0, 1, 0, 0, 0, 0, 1, 1, 1, 1, 
              1, 0, 0, 0, 0, 1, 0, 0, 1, 0, 1, 1 ],
          eAdj := [ 2, 3, 5, 7, 8, 9, 12, 13, 15, 16, 18, 19, 20, 21, 22, 
              24, 26, 27, 28, 30, 32, 33, 34, 36, 37, 38, 39, 40, 41, 44, 
              46, 48, 53, 55, 57, 60, 61, 62, 70, 73, 74, 77, 85, 88 ] ), 
      rec(
          DistVect := [ 0, 0, 1, 0, 1, 0, 0, 0, 1, 0, 1, 0, 0, 0, 1, 0, 1, 
              1, 1, 1, 0, 0, 0, 1, 1, 1, 0, 0, 0 ],
          eAdj := [ 1, 2, 3, 4, 5, 6, 9, 10, 12, 13, 14, 15, 17, 20, 21, 23, 
              24, 25, 26, 27, 29, 31, 32, 34, 35, 36, 37, 38, 39, 43, 45, 
              46, 49, 50, 51, 54, 55, 57, 60, 61, 72, 73, 77, 85, 88 ] ), 
      rec(
          DistVect := [ 0, 0, 0, 0, 1, 0, 1, 0, 0, 0, 1, 0, 1, 0, 0, 1, 0, 
              1, 0, 1, 0, 1, 0, 1, 0, 1, 1, 0, 1 ],
          eAdj := [ 2, 3, 5, 6, 9, 10, 12, 13, 14, 15, 16, 17, 18, 20, 21, 
              22, 23, 24, 26, 27, 29, 30, 32, 33, 35, 36, 37, 38, 39, 40, 
              41, 42, 43, 44, 45, 46, 48, 49, 55, 57, 60, 61, 73, 75, 85, 88 
             ] ), rec(
          DistVect := [ 0, 0, 0, 0, 1, 0, 0, 0, 0, 0, 1, 0, 0, 0, 0, 1, 0, 
              0, 0, 1, 0, 0, 0, 1, 1, 1, 0, 0, 0 ],
          eAdj := [ 1, 2, 3, 5, 6, 9, 10, 12, 13, 14, 15, 17, 18, 20, 21, 
              22, 23, 24, 25, 28, 31, 32, 34, 35, 36, 37, 38, 39, 47, 50, 
              51, 52, 53, 54, 55, 57, 60, 61, 68, 70, 72, 73, 74, 77, 87, 91 
             ] ), rec(
          DistVect := [ 0, 0, 0, 0, 0, 0, 1, 0, 0, 0, 0, 0, 1, 0, 0, 0, 0, 
              1, 0, 0, 0, 1, 0, 0, 1, 0, 1, 0, 1 ],
          eAdj := [ 1, 2, 3, 4, 5, 6, 7, 8, 9, 10, 11, 12, 13, 14, 15, 16, 
              17, 18, 19, 20, 21, 22, 23, 24, 25, 26, 27, 28, 29, 30, 31, 
              32, 33, 34, 35, 36, 37, 38, 39, 40, 41, 42, 43, 44, 45, 46, 
              47, 48, 49, 50, 51, 52, 53, 54, 55, 56, 57, 58, 59, 60, 61, 
              62, 63, 64, 65, 66, 67, 68, 69, 70, 71, 72, 73, 74, 76, 78, 
              79, 80, 81, 82, 83, 84, 85, 86, 87, 89, 90 ] ), rec(
          DistVect := [ 0, 0, 0, 0, 1, 0, 1, 1, 0, 0, 1, 0, 1, 1, 0, 1, 0, 
              1, 1, 1, 0, 1, 1, 1, 0, 0, 1, 1, 0 ],
          eAdj := [ 1, 2, 3, 4, 5, 6, 7, 8, 9, 10, 11, 12, 13, 14, 15, 16, 
              17, 18, 19, 20, 21, 22, 23, 24, 25, 26, 27, 28, 29, 30, 31, 
              32, 33, 34, 35, 36, 37, 38, 39, 40, 41, 42, 43, 44, 45, 46, 
              47, 48, 49, 50, 51, 52, 53, 54, 55, 56, 57, 58, 59, 60, 61, 
              62, 63, 64, 65, 67, 68, 69, 70, 71, 72, 74, 75, 76, 77, 78, 
              79, 80, 81, 82, 83, 84, 88, 91, 92, 93, 94, 95, 96 ] ), rec(
          DistVect := [ 0, 1, 1, 1, 2, 1, 1, 1, 1, 1, 1, 1, 2, 1, 1, 1, 1, 
              2, 1, 1, 1, 2, 1, 1, 2, 1, 2, 2, 1 ],
          eAdj := [ 1, 2, 3, 19, 20, 22, 24, 25, 28, 31, 32, 34, 35, 37, 47, 
              50, 51, 52, 53, 54, 68, 70, 72, 74, 82, 83, 84, 87, 93 ] ), 
      rec(
          DistVect := [ 0, 1, 1, 1, 2, 0, 2, 1, 1, 1, 1, 1, 2, 1, 1, 1, 1, 
              2, 1, 1, 1, 2, 1, 2, 1, 1, 2, 1, 2 ],
          eAdj := [ 2, 5, 6, 10, 13, 16, 17, 20, 21, 26, 27, 29, 30, 33, 40, 
              41, 42, 43, 44, 45, 48, 49, 59, 62, 63, 65, 66, 67, 69, 71, 92 
             ] ), rec(
          DistVect := [ 0, 1, 1, 1, 2, 1, 2, 1, 1, 1, 1, 1, 2, 1, 1, 1, 1, 
              2, 1, 1, 1, 2, 1, 1, 1, 1, 1, 2, 2 ],
          eAdj := [ 2, 3, 9, 12, 15, 16, 19, 20, 21, 22, 24, 26, 27, 30, 32, 
              34, 35, 36, 37, 38, 39, 55, 57, 60, 61, 70, 72, 73, 74, 77 ] ),
      rec(
          DistVect := [ 0, 1, 1, 1, 2, 0, 1, 1, 1, 1, 1, 1, 2, 1, 1, 1, 1, 
              2, 1, 1, 1, 2, 1, 2, 2, 1, 1, 1, 1 ],
          eAdj := [ 1, 2, 5, 6, 9, 10, 12, 13, 15, 17, 20, 21, 26, 27, 30, 
              32, 34, 35, 36, 37, 38, 39, 45, 46, 48, 49, 55, 57, 60, 85, 88 
             ] ), rec(
          DistVect := [ 0, 4, 4, 4, 5, 4, 7, 4, 4, 4, 5, 4, 7, 4, 4, 5, 4, 
              7, 4, 5, 4, 7, 4, 5, 8, 3, 7, 8, 5 ],
          eAdj := [ 1, 2, 3, 19, 22, 24, 25, 28, 31, 34, 47, 50, 51, 52, 53, 
              54, 68, 70, 72, 74, 81, 82, 83, 84, 87, 93 ] ), rec(
          DistVect := [ 0, 4, 4, 4, 5, 4, 8, 4, 4, 4, 5, 4, 8, 4, 4, 5, 4, 
              8, 4, 5, 4, 8, 4, 5, 5, 3, 4, 8, 8 ],
          eAdj := [ 2, 3, 9, 12, 15, 16, 19, 21, 22, 24, 32, 35, 36, 37, 38, 
              39, 55, 57, 60, 61, 68, 70, 72, 73, 74, 77 ] ), rec(
          DistVect := [ 0, 4, 4, 4, 5, 4, 7, 4, 4, 4, 5, 4, 7, 4, 4, 7, 4, 
              5, 4, 7, 4, 5, 4, 7, 8, 3, 5, 8, 5 ],
          eAdj := [ 1, 2, 3, 14, 18, 22, 24, 25, 28, 31, 34, 39, 47, 50, 51, 
              52, 53, 54, 68, 70, 72, 74, 81, 82, 87, 93 ] ), rec(
          DistVect := [ 0, 4, 4, 4, 4, 5, 8, 3, 4, 4, 4, 5, 8, 3, 4, 4, 3, 
              8, 5, 4, 3, 8, 5, 5, 8, 3, 5, 8, 7 ],
          eAdj := [ 2, 3, 9, 12, 19, 22, 24, 25, 28, 31, 32, 34, 35, 36, 37, 
              38, 39, 54, 60, 61, 68, 70, 72, 73, 74, 91 ] ), rec(
          DistVect := [ 0, 4, 4, 4, 5, 3, 8, 4, 4, 4, 5, 3, 8, 4, 4, 5, 3, 
              8, 4, 5, 3, 8, 4, 8, 5, 3, 7, 5, 8 ],
          eAdj := [ 5, 6, 10, 13, 16, 17, 26, 27, 29, 30, 33, 40, 41, 42, 
              43, 44, 45, 46, 48, 49, 65, 66, 67, 69, 71, 92 ] ), rec(
          DistVect := [ 0, 4, 4, 4, 5, 3, 7, 4, 4, 4, 5, 3, 7, 4, 4, 5, 3, 
              7, 4, 5, 3, 7, 4, 8, 8, 3, 4, 5, 5 ],
          eAdj := [ 1, 5, 6, 9, 10, 12, 13, 15, 17, 21, 32, 35, 36, 37, 38, 
              39, 45, 46, 48, 49, 55, 57, 60, 61, 85, 88 ] ), rec(
          DistVect := [ 0, 4, 4, 4, 5, 4, 8, 4, 4, 4, 5, 4, 8, 4, 4, 7, 4, 
              8, 4, 7, 4, 8, 4, 7, 5, 3, 4, 8, 8 ],
          eAdj := [ 2, 3, 9, 12, 14, 15, 16, 18, 21, 22, 24, 32, 35, 36, 37, 
              38, 39, 40, 55, 57, 60, 61, 68, 70, 73, 77 ] ), rec(
          DistVect := [ 0, 4, 4, 4, 3, 4, 8, 4, 4, 4, 3, 4, 8, 4, 4, 5, 4, 
              8, 4, 5, 4, 8, 4, 5, 7, 3, 4, 8, 8 ],
          eAdj := [ 2, 3, 9, 12, 15, 19, 21, 22, 24, 25, 28, 32, 35, 36, 37, 
              38, 39, 40, 55, 57, 60, 61, 68, 70, 73, 77 ] ), rec(
          DistVect := [ 0, 4, 5, 5, 4, 4, 8, 5, 5, 5, 4, 4, 8, 5, 4, 7, 3, 
              5, 4, 7, 3, 5, 4, 8, 8, 3, 4, 7, 5 ],
          eAdj := [ 1, 13, 14, 15, 17, 18, 21, 22, 24, 25, 28, 35, 36, 37, 
              38, 39, 40, 47, 55, 57, 60, 61, 68, 70, 73, 77 ] ), rec(
          DistVect := [ 0, 4, 4, 5, 5, 4, 8, 4, 4, 5, 5, 4, 8, 4, 7, 7, 4, 
              8, 4, 4, 3, 5, 7, 7, 5, 3, 4, 8, 8 ],
          eAdj := [ 2, 3, 5, 8, 12, 15, 16, 18, 21, 22, 27, 30, 33, 37, 38, 
              39, 40, 44, 46, 48, 49, 55, 60, 61, 85, 88 ] ), rec(
          DistVect := [ 0, 4, 4, 5, 5, 4, 7, 4, 4, 5, 5, 4, 7, 4, 7, 7, 4, 
              5, 4, 4, 3, 8, 7, 7, 8, 3, 5, 8, 5 ],
          eAdj := [ 1, 2, 3, 5, 8, 9, 18, 22, 28, 31, 32, 34, 35, 36, 39, 
              52, 53, 54, 57, 60, 61, 68, 70, 73, 74, 91 ] ), rec(
          DistVect := [ 0, 4, 5, 5, 4, 4, 7, 5, 5, 5, 4, 4, 7, 5, 4, 7, 3, 
              8, 4, 7, 3, 8, 4, 8, 5, 3, 5, 7, 8 ],
          eAdj := [ 9, 12, 13, 14, 16, 17, 18, 22, 24, 26, 29, 30, 32, 33, 
              40, 41, 42, 45, 46, 48, 49, 56, 60, 61, 75, 85 ] ), rec(
          DistVect := [ 0, 4, 4, 4, 5, 4, 8, 4, 4, 4, 7, 4, 8, 4, 4, 3, 4, 
              8, 4, 5, 4, 8, 4, 7, 7, 3, 4, 8, 8 ],
          eAdj := [ 2, 3, 9, 10, 12, 15, 21, 22, 23, 24, 27, 29, 31, 32, 35, 
              36, 37, 38, 39, 55, 57, 60, 61, 72, 73, 77 ] ), rec(
          DistVect := [ 0, 4, 4, 3, 3, 4, 8, 4, 4, 5, 5, 4, 8, 4, 5, 5, 4, 
              8, 4, 4, 3, 7, 7, 7, 7, 3, 4, 8, 8 ],
          eAdj := [ 2, 3, 5, 8, 9, 12, 15, 17, 21, 22, 27, 29, 30, 33, 37, 
              38, 39, 40, 44, 46, 48, 49, 55, 61, 85, 88 ] ), rec(
          DistVect := [ 0, 4, 4, 4, 5, 4, 7, 4, 4, 4, 5, 4, 7, 4, 4, 3, 4, 
              9, 4, 5, 4, 7, 4, 5, 8, 3, 7, 8, 5 ],
          eAdj := [ 1, 2, 3, 19, 22, 24, 25, 28, 31, 32, 34, 37, 38, 47, 50, 
              51, 52, 53, 54, 68, 70, 72, 74, 83, 87, 93 ] ), rec(
          DistVect := [ 0, 1, 1, 1, 1, 1, 2, 1, 1, 1, 1, 1, 2, 1, 1, 1, 1, 
              2, 1, 1, 1, 2, 1, 1, 2, 1, 2, 2, 1 ],
          eAdj := [ 1, 2, 3, 19, 22, 24, 25, 28, 31, 32, 34, 35, 36, 37, 38, 
              39, 47, 50, 51, 52, 53, 54, 68, 70, 72, 73, 74, 87, 91, 93 ] ),
      rec(
          DistVect := [ 0, 4, 4, 4, 5, 4, 7, 4, 4, 4, 5, 4, 7, 4, 4, 5, 4, 
              7, 4, 7, 4, 5, 4, 7, 8, 3, 5, 8, 5 ],
          eAdj := [ 1, 2, 3, 14, 22, 24, 25, 28, 31, 34, 37, 38, 39, 47, 50, 
              51, 52, 53, 54, 68, 70, 72, 74, 87, 91, 93 ] ), rec(
          DistVect := [ 0, 4, 4, 4, 4, 5, 8, 3, 4, 4, 4, 5, 8, 3, 4, 4, 5, 
              8, 3, 4, 3, 8, 5, 5, 8, 3, 5, 8, 7 ],
          eAdj := [ 2, 3, 9, 19, 22, 24, 25, 28, 31, 32, 34, 35, 36, 37, 38, 
              39, 52, 53, 54, 68, 70, 72, 73, 74, 87, 91 ] ), rec(
          DistVect := [ 0, 4, 4, 4, 4, 3, 8, 5, 4, 4, 4, 3, 8, 5, 4, 4, 5, 
              8, 3, 4, 3, 8, 5, 5, 8, 3, 7, 8, 5 ],
          eAdj := [ 1, 2, 3, 19, 22, 24, 25, 28, 31, 32, 34, 35, 36, 37, 38, 
              39, 47, 52, 53, 57, 68, 70, 72, 73, 74, 91 ] ), rec(
          DistVect := [ 0, 4, 4, 4, 5, 4, 8, 4, 4, 4, 5, 4, 8, 4, 4, 3, 4, 
              8, 4, 5, 4, 8, 4, 5, 5, 3, 4, 8, 8 ],
          eAdj := [ 2, 3, 9, 12, 15, 16, 19, 21, 22, 24, 26, 27, 29, 32, 35, 
              36, 37, 38, 39, 55, 57, 60, 61, 72, 73, 77 ] ), rec(
          DistVect := [ 0, 1, 1, 1, 1, 1, 2, 1, 1, 1, 1, 1, 2, 1, 1, 1, 1, 
              2, 1, 1, 1, 2, 1, 1, 1, 1, 1, 2, 2 ],
          eAdj := [ 2, 3, 9, 12, 15, 16, 19, 21, 22, 24, 26, 27, 29, 30, 32, 
              33, 35, 36, 37, 38, 39, 40, 55, 57, 60, 61, 73, 77, 85, 88 ] ),
      rec(
          DistVect := [ 0, 4, 4, 4, 5, 4, 8, 4, 4, 4, 5, 4, 8, 4, 4, 5, 4, 
              8, 4, 7, 4, 8, 4, 7, 5, 3, 4, 8, 8 ],
          eAdj := [ 2, 3, 9, 12, 14, 15, 16, 21, 22, 24, 26, 29, 32, 35, 36, 
              37, 38, 39, 40, 55, 57, 60, 61, 73, 77, 88 ] ), rec(
          DistVect := [ 0, 4, 4, 4, 3, 4, 8, 4, 4, 4, 3, 4, 8, 4, 4, 3, 4, 
              8, 4, 5, 4, 8, 4, 5, 7, 3, 4, 8, 8 ],
          eAdj := [ 2, 3, 9, 12, 15, 19, 21, 22, 24, 25, 26, 29, 32, 35, 36, 
              37, 38, 39, 40, 55, 57, 60, 61, 73, 77, 85 ] ), rec(
          DistVect := [ 0, 4, 4, 4, 5, 4, 8, 4, 4, 4, 5, 4, 8, 4, 4, 3, 4, 
              8, 4, 5, 4, 8, 4, 7, 7, 3, 4, 8, 8 ],
          eAdj := [ 2, 3, 9, 10, 12, 15, 21, 22, 24, 26, 27, 29, 32, 35, 36, 
              37, 38, 39, 55, 57, 60, 61, 73, 77, 85, 88 ] ), rec(
          DistVect := [ 0, 4, 4, 4, 4, 3, 7, 5, 4, 4, 4, 3, 7, 5, 4, 4, 5, 
              9, 3, 4, 3, 7, 5, 5, 5, 3, 4, 8, 8 ],
          eAdj := [ 2, 3, 9, 12, 15, 16, 19, 21, 22, 24, 26, 27, 29, 30, 32, 
              33, 37, 38, 40, 48, 55, 57, 60, 61, 85, 88 ] ), rec(
          DistVect := [ 0, 4, 4, 5, 5, 4, 7, 4, 4, 5, 5, 4, 7, 4, 5, 5, 4, 
              7, 4, 4, 3, 8, 7, 7, 8, 3, 5, 8, 5 ],
          eAdj := [ 1, 2, 3, 5, 8, 9, 22, 28, 31, 32, 34, 35, 36, 37, 38, 
              39, 52, 53, 54, 57, 60, 61, 73, 74, 77, 91 ] ), rec(
          DistVect := [ 0, 4, 4, 5, 4, 4, 8, 5, 4, 5, 4, 4, 8, 5, 5, 4, 4, 
              8, 5, 7, 3, 5, 4, 8, 8, 3, 4, 7, 5 ],
          eAdj := [ 1, 10, 12, 13, 14, 15, 17, 21, 24, 25, 26, 29, 32, 35, 
              36, 37, 38, 39, 40, 45, 57, 60, 61, 77, 85, 88 ] ) ] );
