return rec(
  DistVect := [ 0, 1, 1, 1, 1, 1, 2, 0, 1, 1, 1, 1, 2, 1, 1, 1, 1, 2, 1, 1, 
      1, 2, 1, 2, 2, 1, 1, 1, 2 ],
  ListIncidentIneq := 
   [ [ 0, 0, 0, 0, 0, 0, 1, 1, 0, 0, 0, 0, 0, 0, 0, 0, 0, 0, 0, 0, 0, 0, 0, 
          0, 0, 0, 0, 0, -1 ], 
      [ 0, 0, 0, 0, 0, 1, 0, 1, 0, 0, 0, 0, 0, 0, 0, 0, 0, 0, 0, 0, 0, 0, 0, 
          0, 0, 0, 0, -1, 0 ], 
      [ 0, 1, 0, 0, 0, 0, 0, 1, 0, 0, 0, 0, 0, -1, 0, 0, 0, 0, 0, 0, 0, 0, 
          0, 0, 0, 0, 0, 0, 0 ], 
      [ 0, 0, 0, 0, 1, 0, 0, 1, 0, 0, 0, 0, 0, 0, 0, 0, 0, 0, 0, 0, 0, 0, 0, 
          0, 0, -1, 0, 0, 0 ], 
      [ 0, 0, 0, 1, 0, 0, 0, 1, 0, 0, 0, 0, 0, 0, 0, 0, 0, 0, 0, 0, 0, 0, 
          -1, 0, 0, 0, 0, 0, 0 ], 
      [ 0, 0, 1, 0, 0, 0, 0, 1, 0, 0, 0, 0, 0, 0, 0, 0, 0, 0, -1, 0, 0, 0, 
          0, 0, 0, 0, 0, 0, 0 ], 
      [ 0, 0, 0, 0, 0, 0, -1, 1, 0, 0, 0, 0, 0, 0, 0, 0, 0, 0, 0, 0, 0, 0, 
          0, 0, 0, 0, 0, 0, 1 ], 
      [ 0, 0, 0, 0, 0, 0, 0, 0, 0, 0, 0, 0, 0, 0, 0, 0, 0, 0, 0, 1, 1, 0, 0, 
          -1, 0, 0, 0, 0, 0 ], 
      [ 0, 0, 0, 0, 0, 0, 0, 0, 0, 0, 0, 0, 0, 0, 0, 0, 0, 0, 0, 0, 0, 0, 0, 
          -1, 0, 1, 0, 1, 0 ], 
      [ 0, 0, 0, 0, 0, 0, 0, 0, 0, 0, 0, 0, 0, 0, 0, 0, 0, 0, 0, 0, 1, -1, 
          0, 0, 0, 0, 1, 0, 0 ], 
      [ 0, 0, 0, 0, 0, 0, 0, 0, 0, 0, 0, 0, 0, 0, 0, 1, 1, 0, 0, 0, 0, 0, 0, 
          -1, 0, 0, 0, 0, 0 ], 
      [ 0, 0, 0, 0, 0, 0, 0, 0, 0, 0, 0, 0, 0, 0, 0, 0, 1, -1, 0, 0, 0, 0, 
          0, 0, 0, 0, 1, 0, 0 ], 
      [ 0, 0, 0, 0, 0, 0, 0, 0, 0, 0, 0, 0, 0, 0, 0, 0, 0, 0, 0, 0, 0, 0, 0, 
          0, 0, 0, 1, 1, -1 ], 
      [ 0, 0, 0, 0, 0, 0, 0, 0, 0, 0, 1, 1, 0, 0, 0, 0, 0, 0, 0, 0, 0, 0, 0, 
          -1, 0, 0, 0, 0, 0 ], 
      [ 0, 0, 0, 0, 0, -1, 0, 1, 0, 0, 0, 0, 0, 0, 0, 0, 0, 0, 0, 0, 0, 0, 
          0, 0, 0, 0, 0, 1, 0 ], 
      [ 0, 0, 0, 0, 0, 0, 0, 0, 0, 0, 0, 1, -1, 0, 0, 0, 0, 0, 0, 0, 0, 0, 
          0, 0, 0, 0, 1, 0, 0 ], 
      [ 0, 0, 0, 0, 1, 1, 0, 0, 0, 0, 0, 0, 0, 0, 0, 0, 0, 0, 0, 0, 0, 0, 0, 
          -1, 0, 0, 0, 0, 0 ], 
      [ 0, 0, 0, 0, -1, 0, 0, 1, 0, 0, 0, 0, 0, 0, 0, 0, 0, 0, 0, 0, 0, 0, 
          0, 0, 0, 1, 0, 0, 0 ], 
      [ 0, 0, 0, 0, 0, 1, -1, 0, 0, 0, 0, 0, 0, 0, 0, 0, 0, 0, 0, 0, 0, 0, 
          0, 0, 0, 0, 1, 0, 0 ], 
      [ 0, -1, 0, 0, 0, 0, 0, 1, 0, 0, 0, 0, 0, 1, 0, 0, 0, 0, 0, 0, 0, 0, 
          0, 0, 0, 0, 0, 0, 0 ], 
      [ 0, 0, 0, -1, 0, 0, 0, 1, 0, 0, 0, 0, 0, 0, 0, 0, 0, 0, 0, 0, 0, 0, 
          1, 0, 0, 0, 0, 0, 0 ], 
      [ 0, 0, -1, 0, 0, 0, 0, 1, 0, 0, 0, 0, 0, 0, 0, 0, 0, 0, 1, 0, 0, 0, 
          0, 0, 0, 0, 0, 0, 0 ], 
      [ 0, 0, 0, 0, 0, 0, 0, 0, -1, 0, 1, 1, -1, 0, 0, 1, 1, -1, 0, 0, 0, 0, 
          0, -1, 1, 0, 1, 0, 0 ], 
      [ 0, 0, 0, 0, 0, 0, 0, 0, 0, 0, 0, 0, 0, 0, -1, 1, 1, -1, 0, 1, 1, -1, 
          0, -1, 1, 0, 1, 0, 0 ], 
      [ 0, 0, -1, 0, 1, 1, -1, 0, 0, 0, 0, 0, 0, 0, 0, 1, 1, -1, 0, 0, 0, 0, 
          0, -1, 1, 0, 1, 0, 0 ], 
      [ 0, 0, 0, 0, 0, 0, 0, 0, 0, -1, 1, 1, -1, 0, 0, 0, 0, 0, 0, 1, 1, -1, 
          0, -1, 1, 0, 1, 0, 0 ], 
      [ 0, 0, 0, -1, 1, 1, -1, 0, 0, 0, 0, 0, 0, 0, 0, 0, 0, 0, 0, 1, 1, -1, 
          0, -1, 1, 0, 1, 0, 0 ], 
      [ 0, 0, 0, 1, 0, -1, 1, 1, 0, 0, 0, 0, 0, 0, 0, 0, 0, 0, 0, 0, 1, -1, 
          -1, 0, 0, 0, 1, 1, -1 ], 
      [ 0, 0, 0, 1, -1, -1, 0, 1, 0, 0, 0, 0, 0, 0, 0, 0, 0, 0, 0, 1, 1, 0, 
          -1, -1, 0, 1, 0, 1, 0 ], 
      [ 0, -1, 0, 0, 1, 1, 0, 1, 0, 0, 1, 1, 0, 1, 0, 0, 0, 0, 0, 0, 0, 0, 
          0, -1, 0, -1, 0, -1, 0 ], 
      [ 0, 0, 1, 0, 0, -1, 1, 1, 0, 0, 0, 0, 0, 0, 0, 0, 1, -1, -1, 0, 0, 0, 
          0, 0, 0, 0, 1, 1, -1 ], 
      [ 0, 1, 0, 0, -1, -1, 0, 1, 0, 0, 1, 1, 0, -1, 0, 0, 0, 0, 0, 0, 0, 0, 
          0, -1, 0, 1, 0, 1, 0 ], 
      [ 0, 0, -1, 0, 1, 1, 0, 1, 0, 0, 0, 0, 0, 0, 0, 1, 1, 0, 1, 0, 0, 0, 
          0, -1, 0, -1, 0, -1, 0 ], 
      [ 0, 0, 0, -1, 0, 1, -1, 1, 0, 0, 0, 0, 0, 0, 0, 0, 0, 0, 0, 0, 1, -1, 
          1, 0, 0, 0, 1, -1, 1 ], 
      [ 0, 0, 1, 0, -1, -1, 0, 1, 0, 0, 0, 0, 0, 0, 0, 1, 1, 0, -1, 0, 0, 0, 
          0, -1, 0, 1, 0, 1, 0 ], 
      [ 0, 1, 0, 0, 0, -1, 1, 1, 0, 0, 0, 1, -1, -1, 0, 0, 0, 0, 0, 0, 0, 0, 
          0, 0, 0, 0, 1, 1, -1 ], 
      [ 0, 0, 0, -1, 1, 1, 0, 1, 0, 0, 0, 0, 0, 0, 0, 0, 0, 0, 0, 1, 1, 0, 
          1, -1, 0, -1, 0, -1, 0 ], 
      [ 0, 0, -1, 0, 0, 1, -1, 1, 0, 0, 0, 0, 0, 0, 0, 0, 1, -1, 1, 0, 0, 0, 
          0, 0, 0, 0, 1, -1, 1 ], 
      [ 0, -1, 0, 0, 0, 1, -1, 1, 0, 0, 0, 1, -1, 1, 0, 0, 0, 0, 0, 0, 0, 0, 
          0, 0, 0, 0, 1, -1, 1 ], 
      [ 0, -1, 0, 0, 1, 1, -1, 0, 0, 0, 1, 1, -1, 0, 0, 0, 0, 0, 0, 0, 0, 0, 
          0, -1, 1, 0, 1, 0, 0 ], 
      [ 0, 0, 0, 0, 0, 0, 0, 0, 0, 0, 1, 1, -1, -1, 0, 0, 0, 0, 0, 0, 0, 0, 
          0, -1, 1, 1, 1, 1, -1 ], 
      [ 0, 0, 0, 0, 0, 0, 0, 0, 0, 0, 0, 0, 0, 0, 0, 1, 1, -1, -1, 0, 0, 0, 
          0, -1, 1, 1, 1, 1, -1 ], 
      [ 0, 0, 0, 0, 0, 0, 0, 0, 0, 0, 0, 0, 0, 0, 0, 0, 0, 0, 0, 1, 1, -1, 
          -1, -1, 1, 1, 1, 1, -1 ], 
      [ 0, -1, -1, 0, 1, 2, -1, 0, -1, 0, 1, 2, -1, 0, 0, 1, 2, -1, 0, 0, 0, 
          0, 0, -2, 1, 0, 2, 0, 0 ], 
      [ 0, 0, 0, 0, 0, 0, 0, 0, -1, -1, 1, 2, -1, 0, -1, 1, 2, -1, 0, 1, 2, 
          -1, 0, -2, 1, 0, 2, 0, 0 ], 
      [ 0, -1, 0, -1, 1, 2, -1, 0, 0, -1, 1, 2, -1, 0, 0, 0, 0, 0, 0, 1, 2, 
          -1, 0, -2, 1, 0, 2, 0, 0 ], 
      [ 0, 0, -1, -1, 1, 2, -1, 0, 0, 0, 0, 0, 0, 0, -1, 1, 2, -1, 0, 1, 2, 
          -1, 0, -2, 1, 0, 2, 0, 0 ], 
      [ 0, 0, 0, 0, 0, 0, 0, 0, -1, 0, 1, 2, -1, -1, 0, 1, 2, -1, -1, 0, 0, 
          0, 0, -2, 1, 1, 2, 2, -1 ], 
      [ 0, 0, 0, 0, 0, 0, 0, 0, 0, -1, 1, 2, -1, -1, 0, 0, 0, 0, 0, 1, 2, 
          -1, -1, -2, 1, 1, 2, 2, -1 ], 
      [ 0, 0, 0, 0, 0, 0, 0, 0, 0, 0, 0, 0, 0, 0, -1, 1, 2, -1, -1, 1, 2, 
          -1, -1, -2, 1, 1, 2, 2, -1 ], 
      [ 0, 0, 0, -2, 2, 2, -2, 2, 0, 0, 0, 0, 0, 0, 0, 0, 0, 0, 0, 1, 1, -1, 
          1, -1, 1, -1, 1, -1, 1 ], 
      [ 0, 1, 0, 0, -1, -1, 1, 2, 0, 0, 1, 1, -1, -2, 0, 0, 0, 0, 0, 0, 0, 
          0, 0, -1, 1, 2, 1, 2, -2 ], 
      [ 0, 0, 1, 0, -1, -1, 1, 2, 0, 0, 0, 0, 0, 0, 0, 1, 1, -1, -2, 0, 0, 
          0, 0, -1, 1, 2, 1, 2, -2 ], 
      [ 0, -2, 0, 0, 2, 2, -2, 2, 0, 0, 1, 1, -1, 1, 0, 0, 0, 0, 0, 0, 0, 0, 
          0, -1, 1, -1, 1, -1, 1 ], 
      [ 0, 0, -2, 0, 2, 2, -2, 2, 0, 0, 0, 0, 0, 0, 0, 1, 1, -1, 1, 0, 0, 0, 
          0, -1, 1, -1, 1, -1, 1 ], 
      [ 0, 0, 0, 1, -1, -1, 1, 2, 0, 0, 0, 0, 0, 0, 0, 0, 0, 0, 0, 1, 1, -1, 
          -2, -1, 1, 2, 1, 2, -2 ], 
      [ 0, 1, 1, 0, -1, -1, 1, 1, -1, 0, 1, 1, -1, -1, 0, 1, 1, -1, -1, 0, 
          0, 0, 0, -1, 1, 1, 1, 1, -1 ], 
      [ 0, 0, -1, -1, 1, 1, -1, 1, 0, 0, 0, 0, 0, 0, -1, 1, 1, -1, 1, 1, 1, 
          -1, 1, -1, 1, -1, 1, -1, 1 ], 
      [ 0, 1, 0, 1, -1, -1, 1, 1, 0, -1, 1, 1, -1, -1, 0, 0, 0, 0, 0, 1, 1, 
          -1, -1, -1, 1, 1, 1, 1, -1 ], 
      [ 0, -1, -1, 0, 1, 1, -1, 1, -1, 0, 1, 1, -1, 1, 0, 1, 1, -1, 1, 0, 0, 
          0, 0, -1, 1, -1, 1, -1, 1 ], 
      [ 0, 0, 1, 1, -1, -1, 1, 1, 0, 0, 0, 0, 0, 0, -1, 1, 1, -1, -1, 1, 1, 
          -1, -1, -1, 1, 1, 1, 1, -1 ], 
      [ 0, -1, 0, -1, 1, 1, -1, 1, 0, -1, 1, 1, -1, 1, 0, 0, 0, 0, 0, 1, 1, 
          -1, 1, -1, 1, -1, 1, -1, 1 ], 
      [ 0, -1, -1, -1, 2, 2, -1, 0, -1, -1, 2, 2, -1, 0, -1, 2, 2, -1, 0, 2, 
          2, -1, 0, -4, 2, 0, 2, 0, 0 ], 
      [ 0, 0, 0, 0, 0, 0, 0, 0, -1, -1, 2, 2, -1, -1, -1, 2, 2, -1, -1, 2, 
          2, -1, -1, -4, 2, 2, 2, 2, -1 ], 
      [ 0, 1, 1, 0, -1, -2, 1, 2, -1, 0, 1, 2, -1, -2, 0, 1, 2, -1, -2, 0, 
          0, 0, 0, -2, 1, 2, 2, 4, -2 ], 
      [ 0, 0, -2, -2, 2, 2, -2, 4, 0, 0, 0, 0, 0, 0, -1, 1, 1, -1, 2, 1, 1, 
          -1, 2, -1, 1, -2, 1, -2, 2 ], 
      [ 0, 1, 0, 1, -1, -2, 1, 2, 0, -1, 1, 2, -1, -2, 0, 0, 0, 0, 0, 1, 2, 
          -1, -2, -2, 1, 2, 2, 4, -2 ], 
      [ 0, -2, -2, 0, 2, 2, -2, 4, -1, 0, 1, 1, -1, 2, 0, 1, 1, -1, 2, 0, 0, 
          0, 0, -1, 1, -2, 1, -2, 2 ], 
      [ 0, -2, -2, 0, 2, 4, -2, 2, -1, 0, 1, 2, -1, 1, 0, 1, 2, -1, 1, 0, 0, 
          0, 0, -2, 1, -1, 2, -2, 1 ], 
      [ 0, 0, -2, -2, 2, 4, -2, 2, 0, 0, 0, 0, 0, 0, -1, 1, 2, -1, 1, 1, 2, 
          -1, 1, -2, 1, -1, 2, -2, 1 ], 
      [ 0, -2, 0, -2, 2, 2, -2, 4, 0, -1, 1, 1, -1, 2, 0, 0, 0, 0, 0, 1, 1, 
          -1, 2, -1, 1, -2, 1, -2, 2 ], 
      [ 0, 0, 2, 2, -2, -2, 2, 4, 0, 0, 0, 0, 0, 0, -1, 1, 1, -1, -2, 1, 1, 
          -1, -2, -1, 1, 2, 1, 2, -2 ], 
      [ 0, 0, 1, 1, -1, -2, 1, 2, 0, 0, 0, 0, 0, 0, -1, 1, 2, -1, -2, 1, 2, 
          -1, -2, -2, 1, 2, 2, 4, -2 ], 
      [ 0, 2, 2, 0, -2, -2, 2, 4, -1, 0, 1, 1, -1, -2, 0, 1, 1, -1, -2, 0, 
          0, 0, 0, -1, 1, 2, 1, 2, -2 ], 
      [ 0, -2, 0, -2, 2, 4, -2, 2, 0, -1, 1, 2, -1, 1, 0, 0, 0, 0, 0, 1, 2, 
          -1, 1, -2, 1, -1, 2, -2, 1 ], 
      [ 0, 2, 0, 2, -2, -2, 2, 4, 0, -1, 1, 1, -1, -2, 0, 0, 0, 0, 0, 1, 1, 
          -1, -2, -1, 1, 2, 1, 2, -2 ], 
      [ 0, 0, -3, -3, 3, 6, -3, 6, 0, 0, 0, 0, 0, 0, -1, 1, 2, -1, 2, 1, 2, 
          -1, 2, -2, 1, -2, 2, -4, 2 ], 
      [ 0, 2, 2, 0, -2, -4, 2, 6, -1, 0, 1, 2, -1, -3, 0, 1, 2, -1, -3, 0, 
          0, 0, 0, -2, 1, 3, 2, 6, -3 ], 
      [ 0, -3, -3, 0, 3, 6, -3, 6, -1, 0, 1, 2, -1, 2, 0, 1, 2, -1, 2, 0, 0, 
          0, 0, -2, 1, -2, 2, -4, 2 ], 
      [ 0, -3, 0, -3, 3, 6, -3, 6, 0, -1, 1, 2, -1, 2, 0, 0, 0, 0, 0, 1, 2, 
          -1, 2, -2, 1, -2, 2, -4, 2 ], 
      [ 0, 0, 2, 2, -2, -4, 2, 6, 0, 0, 0, 0, 0, 0, -1, 1, 2, -1, -3, 1, 2, 
          -1, -3, -2, 1, 3, 2, 6, -3 ], 
      [ 0, 2, 0, 2, -2, -4, 2, 6, 0, -1, 1, 2, -1, -3, 0, 0, 0, 0, 0, 1, 2, 
          -1, -3, -2, 1, 3, 2, 6, -3 ], 
      [ 0, -1, -1, -1, 2, 3, -2, 0, -1, -1, 2, 3, -2, 0, -1, 2, 3, -2, 0, 2, 
          3, -2, 0, -6, 4, 0, 6, 0, 0 ], 
      [ 0, 0, 0, 0, 0, 0, 0, 0, -1, -1, 2, 3, -2, -1, -1, 2, 3, -2, -1, 2, 
          3, -2, -1, -6, 4, 2, 6, 3, -2 ], 
      [ 0, -1, -1, -1, 1, 2, -1, 1, -1, -1, 1, 2, -1, 1, -1, 1, 2, -1, 1, 1, 
          2, -1, 1, -2, 1, -1, 2, -2, 1 ], 
      [ 0, 1, 1, 1, -1, -2, 1, 1, -1, -1, 1, 2, -1, -1, -1, 1, 2, -1, -1, 1, 
          2, -1, -1, -2, 1, 1, 2, 2, -1 ], 
      [ 0, -2, -2, -2, 4, 4, -2, 2, -1, -1, 2, 2, -1, 1, -1, 2, 2, -1, 1, 2, 
          2, -1, 1, -4, 2, -2, 2, -2, 1 ], 
      [ 0, 2, 2, 2, -2, -4, 2, 4, -1, -1, 1, 2, -1, -2, -1, 1, 2, -1, -2, 1, 
          2, -1, -2, -2, 1, 2, 2, 4, -2 ], 
      [ 0, 1, 1, 1, -2, -2, 1, 2, -1, -1, 2, 2, -1, -2, -1, 2, 2, -1, -2, 2, 
          2, -1, -2, -4, 2, 4, 2, 4, -2 ], 
      [ 0, -2, -2, -2, 2, 4, -2, 4, -1, -1, 1, 2, -1, 2, -1, 1, 2, -1, 2, 1, 
          2, -1, 2, -2, 1, -2, 2, -4, 2 ], 
      [ 0, 3, 3, 3, -3, -6, 3, 9, -1, -1, 1, 2, -1, -3, -1, 1, 2, -1, -3, 1, 
          2, -1, -3, -2, 1, 3, 2, 6, -3 ], 
      [ 0, -3, -3, -3, 3, 6, -3, 9, -1, -1, 1, 2, -1, 3, -1, 1, 2, -1, 3, 1, 
          2, -1, 3, -2, 1, -3, 2, -6, 3 ], 
      [ 0, -2, -2, -2, 4, 6, -4, 2, -1, -1, 2, 3, -2, 1, -1, 2, 3, -2, 1, 2, 
          3, -2, 1, -6, 4, -2, 6, -3, 2 ], 
      [ 0, 1, 1, 1, -2, -3, 2, 2, -1, -1, 2, 3, -2, -2, -1, 2, 3, -2, -2, 2, 
          3, -2, -2, -6, 4, 4, 6, 6, -4 ], 
      [ 0, -3, -3, -3, 6, 6, -3, 6, -1, -1, 2, 2, -1, 2, -1, 2, 2, -1, 2, 2, 
          2, -1, 2, -4, 2, -4, 2, -4, 2 ], 
      [ 0, 2, 2, 2, -4, -4, 2, 6, -1, -1, 2, 2, -1, -3, -1, 2, 2, -1, -3, 2, 
          2, -1, -3, -4, 2, 6, 2, 6, -3 ], 
      [ 0, 3, 3, 3, -6, -6, 3, 12, -1, -1, 2, 2, -1, -4, -1, 2, 2, -1, -4, 
          2, 2, -1, -4, -4, 2, 8, 2, 8, -4 ], 
      [ 0, -4, -4, -4, 8, 8, -4, 12, -1, -1, 2, 2, -1, 3, -1, 2, 2, -1, 3, 
          2, 2, -1, 3, -4, 2, -6, 2, -6, 3 ], 
      [ 0, 2, 2, 2, -4, -6, 4, 6, -1, -1, 2, 3, -2, -3, -1, 2, 3, -2, -3, 2, 
          3, -2, -3, -6, 4, 6, 6, 9, -6 ], 
      [ 0, -3, -3, -3, 6, 9, -6, 6, -1, -1, 2, 3, -2, 2, -1, 2, 3, -2, 2, 2, 
          3, -2, 2, -6, 4, -4, 6, -6, 4 ], 
      [ 0, 3, 3, 3, -6, -9, 6, 12, -1, -1, 2, 3, -2, -4, -1, 2, 3, -2, -4, 
          2, 3, -2, -4, -6, 4, 8, 6, 12, -8 ], 
      [ 0, -4, -4, -4, 8, 12, -8, 12, -1, -1, 2, 3, -2, 3, -1, 2, 3, -2, 3, 
          2, 3, -2, 3, -6, 4, -6, 6, -9, 6 ], 
      [ 0, 4, 4, 4, -8, -12, 8, 20, -1, -1, 2, 3, -2, -5, -1, 2, 3, -2, -5, 
          2, 3, -2, -5, -6, 4, 10, 6, 15, -10 ], 
      [ 0, -5, -5, -5, 10, 15, -10, 20, -1, -1, 2, 3, -2, 4, -1, 2, 3, -2, 
          4, 2, 3, -2, 4, -6, 4, -8, 6, -12, 8 ] ],
  ListIncidentSymbol := 
   [ [ -1, 0, 0, 0, 0, 0, 1, 1 ], [ -1, 0, 0, 0, 0, 1, 0, 1 ], 
      [ -1, 1, 0, 0, 0, 0, 0, 1 ], [ -1, 0, 0, 0, 1, 0, 0, 1 ], 
      [ -1, 0, 0, 1, 0, 0, 0, 1 ], [ -1, 0, 1, 0, 0, 0, 0, 1 ], 
      [ 1, 0, 0, 0, 0, 0, 1, -1 ], [ 0, 0, 0, -1, 1, 1, 0, 0 ], 
      [ 0, 0, 0, 0, 1, 1, 0, -1 ], [ 0, 0, 0, 1, 0, -1, 1, 0 ], 
      [ 0, 0, -1, 0, 1, 1, 0, 0 ], [ 0, 0, 1, 0, 0, -1, 1, 0 ], 
      [ 0, 0, 0, 0, 0, -1, 1, 1 ], [ 0, -1, 0, 0, 1, 1, 0, 0 ], 
      [ 1, 0, 0, 0, 0, 1, 0, -1 ], [ 0, 1, 0, 0, 0, -1, 1, 0 ], 
      [ -1, 0, 0, 0, 1, 1, 0, 0 ], [ 1, 0, 0, 0, 1, 0, 0, -1 ], 
      [ 1, 0, 0, 0, 0, -1, 1, 0 ], [ 1, 1, 0, 0, 0, 0, 0, -1 ], 
      [ 1, 0, 0, 1, 0, 0, 0, -1 ], [ 1, 0, 1, 0, 0, 0, 0, -1 ], 
      [ 0, 1, 1, 0, -1, -1, 1, 0 ], [ 0, 0, 1, 1, -1, -1, 1, 0 ], 
      [ 1, 0, 1, 0, -1, -1, 1, 0 ], [ 0, 1, 0, 1, -1, -1, 1, 0 ], 
      [ 1, 0, 0, 1, -1, -1, 1, 0 ], [ -1, 0, 0, 1, 0, -1, 1, 1 ], 
      [ 1, 0, 0, -1, 1, 1, 0, -1 ], [ -1, -1, 0, 0, 1, 1, 0, 1 ], 
      [ -1, 0, 1, 0, 0, -1, 1, 1 ], [ 1, -1, 0, 0, 1, 1, 0, -1 ], 
      [ -1, 0, -1, 0, 1, 1, 0, 1 ], [ 1, 0, 0, 1, 0, -1, 1, -1 ], 
      [ 1, 0, -1, 0, 1, 1, 0, -1 ], [ -1, 1, 0, 0, 0, -1, 1, 1 ], 
      [ -1, 0, 0, -1, 1, 1, 0, 1 ], [ 1, 0, 1, 0, 0, -1, 1, -1 ], 
      [ 1, 1, 0, 0, 0, -1, 1, -1 ], [ 1, 1, 0, 0, -1, -1, 1, 0 ], 
      [ 0, 1, 0, 0, -1, -1, 1, 1 ], [ 0, 0, 1, 0, -1, -1, 1, 1 ], 
      [ 0, 0, 0, 1, -1, -1, 1, 1 ], [ 1, 1, 1, 0, -1, -2, 1, 0 ], 
      [ 0, 1, 1, 1, -1, -2, 1, 0 ], [ 1, 1, 0, 1, -1, -2, 1, 0 ], 
      [ 1, 0, 1, 1, -1, -2, 1, 0 ], [ 0, 1, 1, 0, -1, -2, 1, 1 ], 
      [ 0, 1, 0, 1, -1, -2, 1, 1 ], [ 0, 0, 1, 1, -1, -2, 1, 1 ], 
      [ 2, 0, 0, 1, -1, -1, 1, -1 ], [ -1, 1, 0, 0, -1, -1, 1, 2 ], 
      [ -1, 0, 1, 0, -1, -1, 1, 2 ], [ 2, 1, 0, 0, -1, -1, 1, -1 ], 
      [ 2, 0, 1, 0, -1, -1, 1, -1 ], [ -1, 0, 0, 1, -1, -1, 1, 2 ], 
      [ -1, 1, 1, 0, -1, -1, 1, 1 ], [ 1, 0, 1, 1, -1, -1, 1, -1 ], 
      [ -1, 1, 0, 1, -1, -1, 1, 1 ], [ 1, 1, 1, 0, -1, -1, 1, -1 ], 
      [ -1, 0, 1, 1, -1, -1, 1, 1 ], [ 1, 1, 0, 1, -1, -1, 1, -1 ], 
      [ 1, 1, 1, 1, -2, -2, 1, 0 ], [ 0, 1, 1, 1, -2, -2, 1, 1 ], 
      [ -1, 1, 1, 0, -1, -2, 1, 2 ], [ 2, 0, 1, 1, -1, -1, 1, -2 ], 
      [ -1, 1, 0, 1, -1, -2, 1, 2 ], [ 2, 1, 1, 0, -1, -1, 1, -2 ], 
      [ 2, 1, 1, 0, -1, -2, 1, -1 ], [ 2, 0, 1, 1, -1, -2, 1, -1 ], 
      [ 2, 1, 0, 1, -1, -1, 1, -2 ], [ -2, 0, 1, 1, -1, -1, 1, 2 ], 
      [ -1, 0, 1, 1, -1, -2, 1, 2 ], [ -2, 1, 1, 0, -1, -1, 1, 2 ], 
      [ 2, 1, 0, 1, -1, -2, 1, -1 ], [ -2, 1, 0, 1, -1, -1, 1, 2 ], 
      [ 3, 0, 1, 1, -1, -2, 1, -2 ], [ -2, 1, 1, 0, -1, -2, 1, 3 ], 
      [ 3, 1, 1, 0, -1, -2, 1, -2 ], [ 3, 1, 0, 1, -1, -2, 1, -2 ], 
      [ -2, 0, 1, 1, -1, -2, 1, 3 ], [ -2, 1, 0, 1, -1, -2, 1, 3 ], 
      [ 1, 1, 1, 1, -2, -3, 2, 0 ], [ 0, 1, 1, 1, -2, -3, 2, 1 ], 
      [ 1, 1, 1, 1, -1, -2, 1, -1 ], [ -1, 1, 1, 1, -1, -2, 1, 1 ], 
      [ 2, 1, 1, 1, -2, -2, 1, -1 ], [ -2, 1, 1, 1, -1, -2, 1, 2 ], 
      [ -1, 1, 1, 1, -2, -2, 1, 2 ], [ 2, 1, 1, 1, -1, -2, 1, -2 ], 
      [ -3, 1, 1, 1, -1, -2, 1, 3 ], [ 3, 1, 1, 1, -1, -2, 1, -3 ], 
      [ 2, 1, 1, 1, -2, -3, 2, -1 ], [ -1, 1, 1, 1, -2, -3, 2, 2 ], 
      [ 3, 1, 1, 1, -2, -2, 1, -2 ], [ -2, 1, 1, 1, -2, -2, 1, 3 ], 
      [ -3, 1, 1, 1, -2, -2, 1, 4 ], [ 4, 1, 1, 1, -2, -2, 1, -3 ], 
      [ -2, 1, 1, 1, -2, -3, 2, 3 ], [ 3, 1, 1, 1, -2, -3, 2, -2 ], 
      [ -3, 1, 1, 1, -2, -3, 2, 4 ], [ 4, 1, 1, 1, -2, -3, 2, -3 ], 
      [ -4, 1, 1, 1, -2, -3, 2, 5 ], [ 5, 1, 1, 1, -2, -3, 2, -4 ] ],
  ListAdjacent := [ rec(
          DistVect := [ 0, 1, 0, 0, 0, 0, 0, 0, 1, 1, 1, 1, 1, 1, 0, 0, 0, 
              0, 0, 0, 0, 0, 0, 0, 0, 0, 0, 0, 0 ],
          eAdj := [ 1, 2, 3, 4, 5, 6, 7, 8, 9, 10, 11, 12, 13, 15, 16, 17, 
              18, 19, 20, 21, 22, 23, 24, 25, 26, 27, 28, 29, 31, 33, 34, 
              35, 36, 37, 38, 39, 40, 41, 42, 43, 44, 45, 46, 47, 48, 49, 
              50, 51, 52, 53, 54, 55, 56, 57, 58, 59, 60, 61, 62, 63, 64, 
              65, 66, 67, 68, 69, 70, 71, 72, 73, 74, 75, 76, 77, 78, 79, 
              80, 81, 82, 83, 84, 85, 86, 87, 88, 89, 90, 91, 92, 93, 94, 
              95, 96, 97, 98, 99, 100, 101, 102, 103, 104 ] ), rec(
          DistVect := [ 0, 1, 0, 1, 1, 0, 0, 0, 1, 0, 0, 1, 1, 1, 1, 1, 0, 
              0, 0, 0, 1, 1, 1, 1, 1, 1, 0, 0, 0 ],
          eAdj := [ 1, 2, 3, 4, 5, 6, 7, 8, 9, 10, 11, 12, 13, 14, 15, 16, 
              17, 18, 19, 20, 21, 22, 23, 24, 26, 27, 28, 29, 30, 31, 32, 
              33, 34, 35, 36, 37, 38, 39, 40, 41, 43, 44, 45, 46, 47, 48, 
              49, 50, 51, 52, 54, 56, 57, 58, 59, 60, 61, 62, 63, 64, 65, 
              66, 67, 68, 69, 70, 71, 72, 73, 74, 75, 76, 77, 78, 79, 80, 
              81, 82, 83, 84, 85, 86, 87, 88, 89, 90, 91, 92, 93, 94, 95, 
              96, 97, 98, 99, 100, 101, 102, 103, 104 ] ), rec(
          DistVect := [ 0, 1, 0, 1, 0, 1, 1, 0, 1, 0, 1, 0, 0, 1, 1, 0, 1, 
              1, 0, 1, 0, 0, 1, 1, 1, 0, 0, 1, 1 ],
          eAdj := [ 1, 2, 3, 4, 5, 6, 7, 8, 9, 10, 11, 12, 13, 14, 15, 16, 
              17, 18, 19, 20, 21, 22, 23, 24, 25, 27, 28, 29, 30, 31, 32, 
              33, 34, 35, 36, 37, 38, 39, 40, 41, 42, 43, 44, 45, 46, 47, 
              48, 49, 50, 51, 52, 53, 54, 55, 56, 57, 58, 60, 61, 63, 64, 
              65, 66, 67, 68, 69, 70, 72, 73, 74, 75, 77, 78, 79, 80, 81, 
              82, 83, 84, 85, 86, 87, 88, 89, 90, 91, 92, 93, 94, 95, 96, 
              97, 98, 99, 100, 101, 102, 103, 104 ] ), rec(
          DistVect := [ 0, 1, 0, 0, 1, 0, 1, 0, 1, 1, 0, 1, 0, 1, 0, 1, 0, 
              1, 0, 1, 0, 1, 0, 1, 0, 1, 1, 0, 1 ],
          eAdj := [ 1, 2, 3, 4, 5, 6, 7, 8, 9, 10, 11, 12, 13, 14, 15, 17, 
              18, 19, 20, 21, 22, 23, 24, 25, 26, 27, 28, 29, 30, 31, 32, 
              33, 34, 35, 37, 38, 40, 41, 42, 43, 44, 45, 46, 47, 48, 49, 
              50, 51, 52, 53, 54, 55, 56, 57, 58, 59, 60, 61, 62, 63, 64, 
              65, 66, 67, 68, 69, 70, 71, 72, 73, 74, 75, 76, 77, 78, 79, 
              80, 81, 82, 83, 84, 85, 86, 87, 88, 89, 90, 91, 92, 93, 94, 
              95, 96, 97, 98, 99, 100, 101, 102, 103, 104 ] ), rec(
          DistVect := [ 0, 1, 1, 1, 0, 1, 0, 0, 0, 0, 1, 0, 1, 1, 0, 1, 0, 
              1, 1, 1, 0, 1, 1, 1, 0, 0, 1, 1, 0 ],
          eAdj := [ 1, 2, 3, 4, 5, 6, 7, 8, 9, 10, 11, 12, 14, 15, 16, 17, 
              18, 20, 21, 22, 23, 24, 25, 26, 27, 28, 29, 30, 31, 32, 33, 
              34, 35, 36, 37, 38, 39, 40, 41, 42, 43, 44, 45, 46, 47, 48, 
              49, 50, 51, 52, 53, 54, 55, 56, 57, 58, 59, 60, 61, 62, 63, 
              64, 65, 66, 67, 68, 69, 70, 71, 72, 73, 74, 75, 76, 77, 78, 
              79, 80, 81, 82, 83, 84, 85, 86, 87, 88, 89, 90, 91, 92, 93, 
              94, 95, 96, 97, 98, 99, 100, 101, 102, 103, 104 ] ), rec(
          DistVect := [ 0, 1, 1, 1, 1, 1, 1, 0, 0, 0, 0, 0, 0, 1, 0, 0, 0, 
              0, 1, 0, 0, 0, 1, 0, 0, 1, 0, 1, 1 ],
          eAdj := [ 1, 2, 3, 4, 5, 6, 7, 8, 10, 11, 12, 13, 14, 15, 16, 18, 
              19, 20, 21, 22, 23, 24, 25, 26, 27, 28, 29, 30, 31, 32, 33, 
              34, 35, 36, 37, 38, 39, 40, 41, 42, 43, 44, 45, 46, 47, 48, 
              49, 50, 51, 52, 53, 54, 55, 56, 57, 58, 59, 60, 61, 62, 63, 
              64, 65, 66, 67, 68, 69, 70, 71, 72, 73, 74, 75, 76, 77, 78, 
              79, 80, 81, 82, 83, 84, 85, 86, 87, 88, 89, 90, 91, 92, 93, 
              94, 95, 96, 97, 98, 99, 100, 101, 102, 103, 104 ] ), rec(
          DistVect := [ 0, 1, 1, 1, 1, 0, 0, 0, 0, 0, 0, 1, 1, 1, 0, 0, 1, 
              1, 1, 0, 1, 1, 1, 1, 1, 1, 0, 0, 0 ],
          eAdj := [ 1, 2, 3, 4, 5, 6, 7, 8, 9, 10, 11, 12, 13, 14, 15, 16, 
              17, 18, 19, 20, 21, 22, 23, 24, 25, 26, 27, 28, 29, 30, 31, 
              32, 33, 34, 35, 36, 37, 38, 39, 40, 41, 42, 43, 44, 46, 47, 
              48, 49, 50, 51, 52, 53, 54, 55, 56, 57, 58, 59, 60, 61, 62, 
              63, 64, 65, 66, 67, 68, 69, 70, 71, 72, 73, 74, 75, 76, 77, 
              78, 79, 80, 81, 82, 83, 84, 87, 89, 93, 94, 95, 96, 97, 98, 
              99, 100, 101, 102, 103, 104 ] ), rec(
          DistVect := [ 0, 0, 0, 1, 0, 1, 1, 0, 0, 1, 0, 1, 1, 0, 1, 0, 1, 
              1, 0, 1, 0, 0, 1, 1, 1, 0, 0, 1, 1 ],
          eAdj := [ 1, 2, 3, 4, 5, 6, 7, 8, 9, 10, 11, 12, 13, 14, 15, 16, 
              17, 18, 19, 20, 21, 22, 23, 24, 25, 26, 27, 28, 29, 30, 31, 
              32, 33, 34, 35, 36, 37, 38, 39, 40, 41, 42, 43, 45, 46, 47, 
              49, 50, 51, 52, 53, 54, 55, 56, 57, 58, 59, 60, 61, 62, 63, 
              64, 66, 67, 68, 70, 71, 72, 73, 74, 75, 76, 77, 80, 81, 82, 
              83, 84, 85, 86, 87, 88, 89, 90, 91, 92, 93, 94, 95, 96, 97, 
              98, 99, 100, 101, 102, 103, 104 ] ), rec(
          DistVect := [ 0, 4, 7, 7, 4, 4, 8, 3, 5, 5, 4, 4, 8, 5, 4, 5, 7, 
              7, 4, 5, 7, 7, 4, 8, 8, 5, 4, 7, 7 ],
          eAdj := [ 2, 14, 16, 17, 19, 21, 22, 30, 33, 34, 37, 38, 39, 40, 
              51, 55, 60, 62, 66, 69, 75, 77, 90, 95, 100, 102 ] ), rec(
          DistVect := [ 0, 5, 7, 7, 5, 4, 7, 3, 4, 4, 4, 5, 8, 4, 4, 4, 7, 
              8, 4, 4, 7, 8, 4, 9, 8, 4, 3, 7, 8 ],
          eAdj := [ 2, 14, 16, 17, 19, 21, 22, 25, 27, 30, 33, 34, 37, 38, 
              39, 40, 58, 60, 62, 69, 70, 75, 87, 90, 93, 100 ] ), rec(
          DistVect := [ 0, 2, 2, 2, 1, 1, 2, 1, 1, 1, 2, 2, 2, 1, 1, 2, 2, 
              2, 1, 2, 2, 2, 1, 2, 2, 2, 1, 2, 2 ],
          eAdj := [ 2, 4, 17, 19, 20, 21, 22, 30, 33, 34, 37, 38, 39, 51, 
              54, 55, 66, 68, 71, 77, 79, 80, 92, 98, 102, 104 ] ), rec(
          DistVect := [ 0, 4, 7, 7, 4, 4, 8, 3, 5, 5, 4, 4, 8, 5, 4, 5, 5, 
              5, 4, 5, 5, 5, 4, 8, 8, 5, 4, 5, 5 ],
          eAdj := [ 7, 14, 16, 17, 19, 21, 22, 33, 34, 37, 38, 39, 40, 51, 
              55, 60, 62, 66, 69, 70, 75, 77, 87, 90, 95, 100 ] ), rec(
          DistVect := [ 0, 7, 7, 7, 4, 4, 8, 3, 4, 4, 7, 5, 5, 4, 4, 7, 5, 
              5, 4, 7, 5, 5, 4, 8, 8, 7, 4, 5, 5 ],
          eAdj := [ 4, 7, 17, 19, 20, 21, 22, 30, 33, 34, 37, 38, 39, 51, 
              54, 55, 66, 68, 71, 77, 79, 80, 92, 98, 102, 104 ] ), rec(
          DistVect := [ 0, 7, 7, 7, 4, 5, 8, 3, 4, 4, 7, 4, 5, 4, 4, 7, 4, 
              5, 4, 7, 4, 5, 4, 9, 8, 7, 3, 4, 5 ],
          eAdj := [ 4, 7, 17, 19, 20, 21, 22, 30, 33, 34, 37, 38, 39, 51, 
              54, 55, 66, 68, 69, 70, 71, 75, 90, 95, 100, 102 ] ), rec(
          DistVect := [ 0, 1, 1, 1, 0, 0, 1, 1, 0, 0, 1, 1, 0, 0, 0, 1, 1, 
              0, 0, 1, 1, 0, 0, 0, 1, 1, 1, 1, 0 ],
          eAdj := [ 2, 4, 7, 17, 19, 20, 21, 22, 30, 33, 34, 37, 38, 39, 51, 
              54, 55, 66, 68, 71, 77, 79, 80, 92, 98, 104 ] ), rec(
          DistVect := [ 0, 4, 7, 7, 4, 5, 8, 3, 7, 7, 4, 5, 8, 7, 4, 7, 4, 
              5, 4, 7, 4, 5, 4, 9, 8, 7, 3, 4, 5 ],
          eAdj := [ 3, 4, 7, 14, 16, 17, 19, 21, 22, 33, 34, 37, 38, 40, 44, 
              46, 51, 55, 60, 62, 66, 70, 85, 87, 93, 100 ] ), rec(
          DistVect := [ 0, 4, 7, 7, 4, 4, 8, 3, 7, 7, 4, 4, 8, 7, 4, 7, 5, 
              5, 4, 7, 5, 5, 4, 8, 8, 7, 4, 5, 5 ],
          eAdj := [ 3, 4, 7, 14, 16, 17, 19, 21, 22, 33, 34, 37, 38, 40, 51, 
              55, 60, 62, 66, 69, 75, 77, 90, 95, 100, 102 ] ), rec(
          DistVect := [ 0, 2, 2, 1, 1, 1, 2, 1, 1, 1, 1, 2, 2, 1, 1, 1, 2, 
              2, 1, 1, 1, 2, 1, 2, 2, 1, 1, 2, 2 ],
          eAdj := [ 2, 8, 10, 17, 19, 20, 22, 25, 27, 30, 33, 34, 37, 38, 
              39, 40, 54, 55, 58, 60, 62, 68, 69, 70, 75, 79, 87, 90, 95, 
              100 ] ), rec(
          DistVect := [ 0, 4, 7, 4, 4, 4, 8, 3, 7, 4, 4, 4, 8, 7, 5, 5, 7, 
              7, 4, 4, 4, 8, 5, 8, 8, 5, 4, 7, 7 ],
          eAdj := [ 2, 3, 8, 10, 14, 16, 17, 19, 22, 26, 27, 33, 34, 37, 38, 
              40, 46, 55, 58, 60, 69, 70, 85, 87, 93, 100 ] ), rec(
          DistVect := [ 0, 4, 7, 5, 5, 4, 7, 3, 7, 5, 5, 4, 7, 7, 4, 4, 7, 
              8, 4, 4, 5, 8, 4, 9, 8, 4, 3, 7, 8 ],
          eAdj := [ 2, 3, 8, 10, 14, 16, 17, 19, 22, 23, 25, 26, 27, 33, 34, 
              37, 38, 41, 44, 46, 58, 63, 70, 83, 85, 93 ] ), rec(
          DistVect := [ 0, 1, 2, 1, 1, 1, 2, 1, 2, 1, 1, 1, 2, 2, 1, 1, 2, 
              2, 1, 1, 1, 2, 1, 2, 2, 1, 1, 2, 2 ],
          eAdj := [ 2, 3, 8, 10, 14, 16, 17, 19, 22, 23, 25, 26, 27, 33, 34, 
              37, 38, 40, 41, 44, 46, 55, 58, 60, 63, 69, 70, 85, 87, 93 ] ),
      rec(
          DistVect := [ 0, 4, 7, 4, 4, 4, 8, 3, 5, 4, 4, 4, 8, 5, 7, 5, 5, 
              5, 4, 4, 4, 8, 7, 8, 8, 5, 4, 5, 5 ],
          eAdj := [ 5, 7, 8, 10, 14, 16, 17, 19, 22, 26, 27, 33, 38, 39, 40, 
              46, 47, 55, 58, 60, 63, 69, 70, 85, 87, 93 ] ), rec(
          DistVect := [ 0, 4, 7, 4, 4, 5, 8, 3, 7, 4, 4, 5, 8, 7, 7, 7, 4, 
              5, 4, 4, 5, 8, 7, 9, 8, 7, 3, 4, 5 ],
          eAdj := [ 3, 4, 5, 7, 8, 10, 14, 16, 17, 19, 22, 26, 27, 33, 38, 
              40, 44, 45, 47, 49, 55, 58, 60, 63, 83, 93 ] ), rec(
          DistVect := [ 0, 4, 7, 4, 4, 4, 8, 3, 7, 4, 4, 4, 8, 7, 7, 7, 5, 
              5, 4, 4, 4, 8, 7, 8, 8, 7, 4, 5, 5 ],
          eAdj := [ 3, 4, 5, 7, 8, 10, 14, 16, 17, 19, 22, 26, 27, 33, 38, 
              40, 46, 55, 58, 60, 69, 70, 85, 87, 93, 100 ] ), rec(
          DistVect := [ 0, 4, 4, 4, 4, 4, 5, 3, 4, 4, 4, 4, 7, 5, 4, 4, 4, 
              5, 7, 4, 4, 5, 7, 8, 7, 5, 3, 5, 8 ],
          eAdj := [ 1, 5, 6, 8, 11, 13, 14, 16, 17, 28, 31, 36, 41, 42, 43, 
              48, 49, 50, 57, 59, 61, 64, 73, 86, 89, 94 ] ), rec(
          DistVect := [ 0, 7, 4, 4, 4, 4, 5, 3, 7, 7, 7, 5, 8, 4, 4, 4, 4, 
              5, 7, 4, 4, 5, 7, 8, 5, 7, 3, 5, 8 ],
          eAdj := [ 1, 4, 5, 6, 8, 11, 13, 16, 17, 20, 23, 26, 28, 30, 31, 
              40, 42, 43, 44, 45, 46, 50, 61, 63, 83, 84 ] ), rec(
          DistVect := [ 0, 7, 4, 4, 4, 5, 5, 3, 7, 7, 7, 4, 8, 4, 4, 4, 5, 
              5, 7, 4, 5, 5, 7, 9, 5, 7, 4, 4, 8 ],
          eAdj := [ 1, 4, 5, 6, 8, 11, 13, 16, 17, 20, 23, 26, 28, 30, 31, 
              40, 42, 43, 48, 49, 61, 64, 73, 84, 86, 94 ] ), rec(
          DistVect := [ 0, 4, 4, 4, 4, 4, 5, 3, 4, 4, 4, 4, 5, 7, 4, 4, 4, 
              5, 7, 4, 4, 5, 7, 8, 5, 7, 3, 5, 8 ],
          eAdj := [ 1, 3, 4, 5, 6, 8, 11, 13, 14, 17, 28, 31, 36, 41, 42, 
              43, 48, 49, 50, 57, 59, 61, 64, 84, 86, 94 ] ), rec(
          DistVect := [ 0, 4, 4, 4, 4, 5, 5, 3, 4, 4, 4, 5, 5, 7, 4, 4, 5, 
              5, 7, 4, 5, 5, 7, 9, 5, 7, 4, 4, 8 ],
          eAdj := [ 1, 3, 4, 5, 6, 8, 11, 13, 14, 17, 28, 31, 36, 41, 42, 
              43, 57, 59, 61, 65, 67, 73, 88, 89, 94, 99 ] ), rec(
          DistVect := [ 0, 4, 4, 7, 4, 4, 5, 3, 4, 5, 4, 4, 7, 5, 7, 4, 4, 
              5, 7, 5, 5, 8, 4, 8, 7, 5, 3, 5, 8 ],
          eAdj := [ 1, 6, 10, 11, 13, 14, 16, 17, 21, 24, 26, 27, 31, 36, 
              37, 41, 42, 45, 46, 47, 48, 50, 57, 63, 64, 84 ] ), rec(
          DistVect := [ 0, 7, 4, 7, 4, 5, 5, 3, 7, 4, 7, 4, 8, 4, 7, 4, 5, 
              5, 7, 7, 4, 8, 4, 9, 5, 7, 4, 4, 8 ],
          eAdj := [ 1, 4, 6, 10, 11, 13, 16, 17, 20, 21, 23, 24, 27, 30, 31, 
              37, 40, 42, 45, 46, 48, 50, 62, 63, 83, 84 ] ), rec(
          DistVect := [ 0, 7, 4, 7, 4, 4, 5, 3, 7, 4, 7, 5, 8, 4, 7, 4, 4, 
              5, 7, 7, 5, 8, 4, 8, 5, 7, 3, 5, 8 ],
          eAdj := [ 1, 4, 6, 10, 11, 13, 16, 17, 20, 21, 23, 24, 27, 30, 31, 
              37, 40, 42, 44, 47, 62, 75, 83, 85, 87, 93 ] ), rec(
          DistVect := [ 0, 5, 5, 7, 3, 4, 7, 3, 4, 4, 4, 5, 8, 4, 4, 4, 5, 
              8, 4, 4, 7, 8, 4, 7, 8, 4, 3, 7, 8 ],
          eAdj := [ 2, 12, 16, 17, 19, 21, 25, 27, 30, 33, 34, 37, 38, 39, 
              40, 51, 58, 60, 62, 69, 70, 75, 87, 90, 95, 100 ] ), rec(
          DistVect := [ 0, 4, 7, 7, 4, 4, 5, 3, 5, 5, 4, 4, 7, 5, 4, 5, 5, 
              8, 4, 5, 5, 8, 4, 8, 7, 5, 3, 5, 8 ],
          eAdj := [ 1, 10, 12, 13, 14, 16, 17, 21, 22, 23, 25, 26, 27, 33, 
              36, 37, 41, 44, 46, 47, 58, 63, 70, 83, 85, 87 ] ), rec(
          DistVect := [ 0, 7, 7, 7, 4, 5, 5, 3, 4, 4, 7, 4, 8, 4, 4, 7, 4, 
              8, 4, 7, 4, 8, 4, 9, 5, 7, 4, 4, 8 ],
          eAdj := [ 1, 4, 10, 12, 13, 16, 17, 20, 21, 22, 25, 27, 30, 33, 
              37, 40, 44, 46, 47, 58, 60, 62, 83, 85, 87, 93 ] ), rec(
          DistVect := [ 0, 7, 7, 7, 4, 4, 5, 3, 4, 4, 7, 5, 8, 4, 4, 7, 5, 
              8, 4, 7, 5, 8, 4, 8, 5, 7, 3, 5, 8 ],
          eAdj := [ 1, 4, 10, 12, 13, 16, 17, 20, 21, 22, 25, 27, 30, 33, 
              37, 40, 58, 60, 62, 69, 70, 75, 90, 93, 95, 100 ] ), rec(
          DistVect := [ 0, 5, 5, 4, 3, 4, 7, 3, 4, 5, 4, 5, 8, 4, 5, 4, 5, 
              8, 4, 3, 4, 7, 7, 7, 8, 4, 3, 7, 8 ],
          eAdj := [ 2, 5, 8, 10, 12, 16, 17, 19, 24, 25, 26, 27, 30, 33, 38, 
              39, 40, 43, 46, 47, 60, 63, 69, 85, 87, 93 ] ), rec(
          DistVect := [ 0, 4, 4, 7, 4, 4, 8, 3, 4, 5, 4, 4, 8, 5, 5, 4, 4, 
              8, 5, 3, 7, 7, 4, 8, 8, 3, 4, 7, 7 ],
          eAdj := [ 2, 11, 12, 14, 16, 17, 19, 21, 23, 25, 27, 34, 37, 38, 
              39, 40, 44, 51, 58, 62, 63, 70, 75, 85, 87, 93 ] ), rec(
          DistVect := [ 0, 4, 4, 4, 4, 4, 8, 3, 4, 4, 4, 4, 8, 5, 4, 4, 4, 
              8, 5, 4, 4, 8, 7, 8, 8, 3, 4, 7, 7 ],
          eAdj := [ 2, 5, 8, 10, 11, 12, 14, 16, 17, 19, 23, 24, 25, 26, 27, 
              38, 39, 40, 43, 44, 45, 46, 47, 63, 64, 83 ] ), rec(
          DistVect := [ 0, 4, 5, 4, 5, 4, 7, 3, 5, 4, 5, 4, 7, 7, 5, 4, 5, 
              8, 4, 5, 4, 7, 7, 9, 8, 4, 3, 7, 8 ],
          eAdj := [ 2, 3, 5, 8, 10, 11, 12, 14, 16, 17, 19, 23, 24, 25, 33, 
              38, 41, 43, 44, 45, 47, 49, 59, 64, 83, 84 ] ), rec(
          DistVect := [ 0, 4, 4, 4, 4, 4, 8, 3, 4, 4, 4, 4, 8, 7, 4, 4, 4, 
              8, 5, 4, 4, 8, 7, 8, 8, 5, 4, 7, 7 ],
          eAdj := [ 2, 3, 5, 8, 10, 11, 12, 14, 16, 17, 19, 23, 24, 25, 26, 
              27, 33, 38, 40, 44, 45, 46, 47, 63, 83, 93 ] ), rec(
          DistVect := [ 0, 1, 1, 1, 1, 1, 2, 1, 1, 1, 1, 1, 2, 2, 1, 1, 1, 
              2, 2, 1, 1, 2, 1, 2, 2, 1, 1, 2, 2 ],
          eAdj := [ 2, 3, 6, 8, 10, 11, 12, 14, 16, 17, 19, 23, 24, 25, 26, 
              27, 34, 37, 40, 41, 42, 44, 45, 46, 47, 48, 57, 63, 64, 83 ] ),
      rec(
          DistVect := [ 0, 4, 4, 4, 4, 4, 8, 3, 4, 4, 4, 4, 8, 7, 4, 4, 4, 
              8, 5, 4, 4, 8, 7, 8, 8, 5, 4, 5, 5 ],
          eAdj := [ 3, 5, 7, 8, 10, 11, 12, 14, 16, 17, 19, 23, 24, 25, 26, 
              27, 38, 40, 44, 45, 46, 47, 49, 63, 64, 83 ] ), rec(
          DistVect := [ 0, 4, 4, 4, 4, 4, 8, 3, 4, 4, 4, 4, 8, 7, 4, 4, 4, 
              8, 7, 4, 4, 8, 7, 8, 8, 7, 4, 5, 5 ],
          eAdj := [ 3, 4, 5, 6, 7, 8, 10, 11, 12, 14, 16, 17, 19, 23, 24, 
              25, 26, 27, 40, 44, 45, 46, 47, 63, 83, 93 ] ), rec(
          DistVect := [ 0, 4, 4, 4, 4, 5, 8, 3, 4, 4, 4, 5, 8, 7, 4, 4, 5, 
              8, 7, 4, 5, 8, 7, 9, 8, 7, 3, 4, 5 ],
          eAdj := [ 3, 4, 5, 6, 7, 8, 10, 11, 12, 14, 16, 17, 19, 23, 24, 
              25, 26, 27, 40, 48, 49, 50, 64, 83, 84, 86 ] ), rec(
          DistVect := [ 0, 1, 1, 1, 1, 1, 1, 1, 1, 1, 1, 1, 2, 1, 1, 1, 1, 
              2, 1, 1, 1, 2, 1, 2, 2, 1, 1, 1, 2 ],
          eAdj := [ 1, 8, 9, 10, 11, 12, 13, 14, 16, 17, 23, 24, 26, 28, 31, 
              36, 41, 42, 43, 45, 48, 49, 50, 57, 59, 61, 64, 84, 86, 94 ] ),
      rec(
          DistVect := [ 0, 4, 4, 4, 4, 4, 5, 3, 4, 4, 4, 4, 7, 5, 4, 4, 4, 
              7, 5, 4, 4, 7, 5, 8, 9, 3, 3, 5, 8 ],
          eAdj := [ 1, 8, 9, 10, 11, 12, 13, 14, 16, 17, 28, 31, 36, 41, 42, 
              43, 48, 49, 50, 57, 59, 61, 64, 86, 89, 94 ] ), rec(
          DistVect := [ 0, 5, 5, 5, 3, 5, 5, 3, 4, 4, 4, 4, 8, 4, 4, 4, 4, 
              8, 4, 4, 4, 8, 4, 8, 8, 4, 4, 4, 8 ],
          eAdj := [ 1, 8, 9, 10, 11, 12, 13, 14, 16, 17, 23, 24, 26, 28, 31, 
              36, 41, 42, 43, 45, 48, 49, 50, 63, 64, 84 ] ), rec(
          DistVect := [ 0, 1, 2, 2, 1, 1, 2, 1, 2, 2, 1, 1, 2, 2, 1, 2, 2, 
              2, 1, 2, 2, 2, 1, 2, 2, 2, 1, 2, 2 ],
          eAdj := [ 2, 3, 4, 14, 16, 17, 19, 21, 22, 30, 33, 34, 37, 38, 40, 
              51, 55, 60, 62, 66, 69, 75, 77, 90, 95, 100, 102 ] ), rec(
          DistVect := [ 0, 2, 2, 2, 1, 1, 2, 1, 1, 1, 1, 2, 1, 1, 1, 1, 2, 
              1, 1, 1, 2, 1, 1, 2, 2, 1, 1, 2, 1 ],
          eAdj := [ 2, 7, 17, 19, 20, 21, 22, 30, 33, 34, 37, 38, 39, 51, 
              54, 55, 66, 68, 71, 77, 79, 80, 92, 95, 98, 102, 104 ] ), rec(
          DistVect := [ 0, 1, 1, 1, 0, 1, 2, 1, 1, 1, 1, 1, 2, 1, 1, 1, 1, 
              2, 1, 1, 1, 2, 1, 1, 2, 1, 1, 2, 2 ],
          eAdj := [ 2, 4, 10, 12, 16, 17, 19, 25, 27, 30, 33, 34, 37, 38, 
              39, 40, 51, 54, 55, 58, 60, 62, 69, 70, 75, 85, 87, 90, 95, 
              100 ] ), rec(
          DistVect := [ 0, 1, 1, 1, 1, 1, 2, 1, 1, 1, 1, 1, 2, 1, 1, 1, 1, 
              2, 1, 1, 1, 2, 1, 2, 2, 2, 1, 1, 2 ],
          eAdj := [ 4, 8, 10, 11, 12, 13, 14, 16, 17, 19, 23, 24, 25, 26, 
              27, 30, 33, 37, 40, 44, 45, 46, 47, 58, 60, 62, 63, 83, 85, 
              87, 93 ] ), rec(
          DistVect := [ 0, 1, 1, 1, 1, 1, 2, 1, 1, 1, 1, 1, 2, 1, 1, 1, 1, 
              2, 1, 1, 1, 2, 1, 2, 2, 1, 1, 1, 2 ],
          eAdj := [ 8, 9, 10, 11, 12, 13, 14, 16, 17, 19, 23, 24, 25, 26, 
              27, 40, 41, 42, 43, 44, 45, 46, 47, 48, 49, 50, 63, 64, 83, 84 
             ] ), rec(
          DistVect := [ 0, 1, 2, 2, 1, 1, 2, 1, 2, 2, 1, 1, 2, 2, 1, 1, 2, 
              1, 1, 1, 2, 1, 1, 2, 2, 1, 1, 2, 1 ],
          eAdj := [ 2, 3, 7, 14, 16, 17, 19, 21, 22, 33, 34, 37, 38, 39, 40, 
              51, 55, 60, 62, 66, 69, 75, 77, 87, 90, 95, 100, 102 ] ), rec(
          DistVect := [ 0, 1, 2, 2, 1, 1, 2, 1, 1, 1, 1, 1, 2, 1, 1, 2, 1, 
              1, 1, 2, 1, 1, 1, 2, 2, 2, 1, 1, 1 ],
          eAdj := [ 4, 7, 14, 16, 17, 19, 21, 22, 30, 33, 34, 37, 38, 39, 
              40, 51, 54, 55, 60, 62, 66, 68, 69, 70, 71, 75, 77, 90, 95, 
              100, 102 ] ), rec(
          DistVect := [ 0, 2, 2, 2, 1, 1, 2, 1, 1, 1, 2, 1, 1, 1, 1, 2, 1, 
              1, 1, 2, 1, 1, 1, 2, 2, 2, 1, 1, 1 ],
          eAdj := [ 4, 7, 17, 19, 20, 21, 22, 30, 33, 34, 37, 38, 39, 51, 
              54, 55, 66, 68, 69, 70, 71, 75, 77, 79, 80, 90, 92, 95, 98, 
              102 ] ), rec(
          DistVect := [ 0, 1, 2, 2, 1, 1, 2, 1, 2, 2, 1, 1, 2, 2, 1, 2, 1, 
              1, 1, 2, 1, 1, 1, 2, 2, 2, 1, 1, 1 ],
          eAdj := [ 3, 4, 7, 14, 16, 17, 19, 21, 22, 33, 34, 37, 38, 40, 44, 
              46, 51, 55, 60, 62, 66, 69, 70, 75, 77, 85, 87, 90, 95, 100 ] )
        , rec(
          DistVect := [ 0, 1, 2, 1, 1, 1, 2, 1, 1, 1, 1, 1, 2, 1, 1, 1, 2, 
              2, 1, 1, 1, 2, 1, 2, 2, 1, 1, 2, 2 ],
          eAdj := [ 2, 8, 10, 14, 16, 17, 19, 22, 25, 26, 27, 30, 33, 34, 
              37, 38, 39, 40, 46, 55, 58, 60, 62, 69, 70, 75, 85, 87, 90, 
              93, 100 ] ), rec(
          DistVect := [ 0, 1, 2, 1, 1, 1, 2, 1, 2, 1, 1, 1, 2, 2, 2, 2, 2, 
              2, 1, 1, 1, 2, 2, 2, 2, 2, 1, 2, 2 ],
          eAdj := [ 2, 3, 4, 5, 8, 10, 14, 16, 17, 19, 22, 26, 27, 30, 33, 
              37, 38, 40, 46, 55, 58, 60, 69, 70, 85, 87, 93, 100 ] ), rec(
          DistVect := [ 0, 1, 2, 1, 1, 1, 2, 1, 2, 1, 1, 1, 2, 2, 1, 2, 1, 
              1, 1, 1, 1, 2, 1, 2, 2, 2, 1, 1, 1 ],
          eAdj := [ 3, 4, 7, 8, 10, 14, 16, 17, 19, 22, 26, 27, 33, 34, 37, 
              38, 40, 44, 46, 51, 55, 58, 60, 62, 66, 69, 70, 85, 87, 93, 
              100 ] ), rec(
          DistVect := [ 0, 1, 2, 1, 1, 1, 2, 1, 2, 1, 1, 1, 2, 2, 2, 2, 1, 
              1, 1, 1, 1, 2, 2, 2, 2, 2, 1, 1, 1 ],
          eAdj := [ 3, 4, 5, 7, 8, 10, 14, 16, 17, 19, 22, 26, 27, 33, 38, 
              40, 44, 45, 46, 47, 49, 55, 58, 60, 63, 69, 70, 85, 87, 93 ] ),
      rec(
          DistVect := [ 0, 1, 1, 1, 1, 1, 1, 1, 1, 1, 1, 1, 2, 1, 1, 1, 1, 
              1, 2, 1, 1, 1, 2, 2, 1, 2, 1, 1, 2 ],
          eAdj := [ 1, 4, 5, 6, 8, 11, 13, 14, 16, 17, 23, 26, 28, 30, 31, 
              36, 40, 41, 42, 43, 48, 49, 50, 57, 59, 61, 64, 73, 84, 86, 94 
             ] ), rec(
          DistVect := [ 0, 2, 1, 1, 1, 1, 1, 1, 2, 2, 2, 1, 2, 1, 1, 1, 1, 
              1, 2, 1, 1, 1, 2, 2, 1, 2, 1, 1, 2 ],
          eAdj := [ 1, 4, 5, 6, 8, 11, 13, 16, 17, 20, 23, 26, 28, 30, 31, 
              40, 42, 43, 44, 45, 46, 48, 49, 50, 61, 63, 64, 73, 84, 86 ] ),
      rec(
          DistVect := [ 0, 1, 1, 1, 1, 1, 1, 1, 1, 1, 1, 1, 1, 2, 1, 1, 1, 
              1, 2, 1, 1, 1, 2, 2, 1, 2, 1, 1, 2 ],
          eAdj := [ 1, 3, 4, 5, 6, 8, 11, 13, 14, 17, 28, 31, 36, 41, 42, 
              43, 48, 49, 50, 57, 59, 61, 64, 65, 67, 73, 86, 88, 89, 94 ] ),
      rec(
          DistVect := [ 0, 1, 1, 2, 1, 1, 1, 1, 1, 1, 1, 1, 2, 1, 2, 1, 1, 
              1, 2, 2, 1, 2, 1, 2, 1, 2, 1, 1, 2 ],
          eAdj := [ 1, 4, 6, 10, 11, 13, 14, 16, 17, 21, 23, 24, 26, 27, 30, 
              31, 36, 37, 40, 41, 42, 45, 46, 47, 48, 50, 57, 62, 63, 83, 84 
             ] ), rec(
          DistVect := [ 0, 2, 1, 2, 1, 1, 1, 1, 2, 1, 2, 1, 2, 1, 2, 1, 1, 
              1, 2, 2, 1, 2, 1, 2, 1, 2, 1, 1, 2 ],
          eAdj := [ 1, 4, 6, 10, 11, 13, 16, 17, 20, 21, 23, 24, 27, 30, 31, 
              37, 40, 42, 44, 45, 46, 47, 48, 50, 62, 63, 75, 83, 85, 87 ] ),
      rec(
          DistVect := [ 0, 1, 1, 1, 1, 1, 1, 1, 1, 1, 1, 1, 2, 1, 1, 1, 1, 
              1, 2, 1, 1, 2, 1, 2, 2, 1, 1, 1, 2 ],
          eAdj := [ 1, 6, 8, 9, 10, 11, 13, 14, 16, 17, 26, 28, 31, 35, 36, 
              41, 42, 43, 48, 49, 50, 53, 57, 59, 61, 64, 65, 73, 86, 89, 94 
             ] ), rec(
          DistVect := [ 0, 1, 2, 2, 1, 1, 1, 1, 1, 1, 1, 1, 2, 1, 1, 2, 1, 
              2, 1, 2, 1, 2, 1, 2, 1, 2, 1, 1, 2 ],
          eAdj := [ 1, 4, 10, 12, 13, 14, 16, 17, 21, 22, 23, 25, 26, 27, 
              30, 33, 36, 37, 40, 41, 44, 46, 47, 58, 60, 62, 70, 83, 85, 
              87, 93 ] ), rec(
          DistVect := [ 0, 2, 2, 2, 1, 1, 1, 1, 1, 1, 2, 1, 2, 1, 1, 2, 1, 
              2, 1, 2, 1, 2, 1, 2, 1, 2, 1, 1, 2 ],
          eAdj := [ 1, 4, 10, 12, 13, 16, 17, 20, 21, 22, 25, 27, 30, 33, 
              37, 40, 44, 46, 47, 58, 60, 62, 69, 70, 75, 85, 87, 90, 93, 95 
             ] ), rec(
          DistVect := [ 0, 1, 1, 1, 1, 1, 2, 1, 1, 1, 1, 1, 2, 2, 1, 1, 1, 
              2, 1, 1, 1, 2, 1, 2, 2, 1, 1, 2, 2 ],
          eAdj := [ 2, 3, 8, 10, 11, 12, 14, 16, 17, 19, 23, 24, 25, 26, 27, 
              33, 34, 37, 38, 40, 41, 44, 45, 46, 47, 58, 63, 70, 83, 85, 93 
             ] ), rec(
          DistVect := [ 0, 1, 1, 1, 1, 1, 2, 1, 1, 1, 1, 1, 2, 2, 1, 1, 1, 
              2, 1, 1, 1, 2, 2, 2, 2, 2, 1, 1, 1 ],
          eAdj := [ 3, 4, 5, 7, 8, 10, 11, 12, 14, 16, 17, 19, 23, 24, 25, 
              26, 27, 33, 38, 40, 44, 45, 46, 47, 49, 55, 58, 60, 63, 83, 93 
             ] ), rec(
          DistVect := [ 0, 1, 1, 1, 1, 1, 2, 1, 1, 1, 1, 1, 2, 2, 1, 1, 1, 
              2, 2, 1, 1, 2, 2, 2, 2, 2, 1, 1, 1 ],
          eAdj := [ 3, 4, 5, 6, 7, 8, 10, 11, 12, 14, 16, 17, 19, 23, 24, 
              25, 26, 27, 40, 44, 45, 46, 47, 48, 49, 50, 63, 64, 83, 86 ] ),
      rec(
          DistVect := [ 0, 2, 1, 1, 1, 1, 1, 1, 1, 1, 1, 1, 2, 1, 1, 1, 1, 
              2, 1, 1, 1, 2, 1, 2, 2, 1, 1, 1, 2 ],
          eAdj := [ 1, 8, 9, 10, 11, 12, 13, 14, 16, 17, 20, 23, 24, 26, 28, 
              30, 31, 40, 41, 42, 43, 44, 45, 46, 48, 49, 50, 61, 63, 64, 84 
             ] ), rec(
          DistVect := [ 0, 1, 1, 1, 1, 1, 2, 1, 1, 1, 1, 1, 2, 1, 1, 1, 1, 
              2, 1, 1, 1, 2, 1, 2, 2, 0, 1, 2, 2 ],
          eAdj := [ 2, 8, 9, 10, 11, 12, 14, 16, 17, 18, 19, 23, 24, 25, 26, 
              27, 34, 38, 39, 40, 41, 42, 43, 44, 45, 46, 47, 63, 64, 83, 85 
             ] ), rec(
          DistVect := [ 0, 1, 2, 1, 1, 1, 2, 1, 2, 1, 1, 1, 2, 2, 2, 1, 2, 
              1, 1, 1, 1, 2, 2, 2, 2, 1, 1, 2, 1 ],
          eAdj := [ 2, 3, 5, 7, 8, 10, 14, 16, 17, 19, 22, 26, 27, 33, 34, 
              38, 39, 40, 46, 55, 58, 60, 63, 69, 70, 85, 87, 93, 100 ] ), 
      rec(
          DistVect := [ 0, 1, 1, 1, 1, 1, 2, 1, 1, 1, 1, 1, 2, 2, 1, 1, 1, 
              2, 2, 1, 1, 2, 2, 2, 2, 2, 1, 2, 2 ],
          eAdj := [ 2, 3, 4, 5, 6, 8, 10, 11, 12, 14, 16, 17, 19, 23, 24, 
              25, 26, 27, 30, 33, 37, 40, 44, 45, 46, 47, 63, 83, 93 ] ), 
      rec(
          DistVect := [ 0, 2, 2, 2, 2, 1, 2, 1, 1, 1, 1, 2, 2, 1, 1, 1, 2, 
              2, 1, 1, 2, 2, 1, 3, 2, 1, 1, 2, 2 ],
          eAdj := [ 2, 8, 9, 11, 14, 17, 18, 19, 20, 21, 22, 25, 27, 30, 33, 
              34, 37, 38, 39, 40, 58, 60, 62, 69, 70, 75, 87, 90, 93, 100 ] )
        , rec(
          DistVect := [ 0, 1, 2, 2, 2, 1, 2, 1, 2, 2, 2, 1, 2, 2, 1, 1, 2, 
              2, 1, 1, 2, 2, 1, 3, 2, 1, 1, 2, 2 ],
          eAdj := [ 2, 3, 8, 9, 11, 14, 16, 17, 18, 19, 21, 22, 23, 25, 26, 
              27, 32, 33, 34, 37, 38, 41, 44, 46, 58, 63, 70, 83, 85, 93 ] ),
      rec(
          DistVect := [ 0, 1, 2, 1, 2, 1, 2, 1, 2, 1, 2, 1, 2, 2, 2, 1, 2, 
              2, 1, 2, 1, 2, 2, 3, 2, 1, 1, 2, 2 ],
          eAdj := [ 2, 3, 5, 8, 9, 10, 11, 14, 16, 17, 18, 19, 22, 23, 24, 
              25, 29, 32, 33, 38, 41, 43, 44, 45, 47, 49, 59, 64, 83, 84 ] ),
      rec(
          DistVect := [ 0, 1, 1, 1, 1, 1, 2, 1, 1, 1, 1, 1, 2, 2, 1, 1, 1, 
              2, 2, 1, 1, 2, 2, 2, 2, 1, 1, 2, 1 ],
          eAdj := [ 2, 3, 5, 6, 7, 8, 10, 11, 12, 14, 16, 17, 19, 23, 24, 
              25, 26, 27, 34, 38, 39, 40, 44, 45, 46, 47, 63, 64, 83, 93 ] ),
      rec(
          DistVect := [ 0, 2, 2, 2, 1, 2, 2, 1, 1, 1, 2, 1, 2, 1, 1, 2, 1, 
              2, 1, 2, 1, 2, 1, 3, 2, 2, 1, 1, 2 ],
          eAdj := [ 4, 8, 9, 10, 11, 12, 13, 14, 15, 16, 17, 20, 21, 22, 25, 
              27, 30, 33, 37, 40, 44, 46, 47, 58, 60, 62, 83, 85, 87, 93 ] ),
      rec(
          DistVect := [ 0, 0, 1, 1, 0, 0, 1, 1, 1, 1, 0, 0, 1, 1, 0, 1, 1, 
              0, 0, 1, 1, 0, 0, 0, 1, 1, 1, 1, 0 ],
          eAdj := [ 2, 3, 4, 7, 14, 16, 17, 19, 21, 22, 30, 33, 34, 37, 38, 
              39, 40, 51, 54, 55, 60, 62, 66, 68, 69, 71, 75, 77, 79, 80, 
              90, 92, 95, 98, 102, 104 ] ), rec(
          DistVect := [ 0, 2, 2, 2, 1, 1, 1, 1, 1, 1, 1, 2, 2, 1, 1, 1, 2, 
              2, 1, 1, 2, 2, 1, 2, 2, 1, 0, 2, 2 ],
          eAdj := [ 1, 2, 10, 12, 13, 16, 17, 19, 20, 21, 22, 25, 27, 30, 
              33, 34, 37, 38, 39, 40, 58, 60, 62, 69, 70, 75, 87, 90, 93, 
              95, 100 ] ), rec(
          DistVect := [ 0, 1, 2, 2, 1, 1, 1, 1, 2, 2, 1, 1, 1, 2, 1, 1, 2, 
              2, 1, 1, 2, 2, 1, 2, 2, 1, 0, 2, 2 ],
          eAdj := [ 1, 2, 3, 10, 12, 13, 14, 16, 17, 19, 21, 22, 23, 25, 26, 
              27, 33, 34, 36, 37, 38, 41, 44, 46, 58, 63, 70, 83, 85, 87, 93 
             ] ), rec(
          DistVect := [ 0, 1, 2, 1, 1, 1, 1, 1, 2, 1, 1, 1, 1, 2, 2, 1, 2, 
              2, 1, 1, 1, 1, 2, 2, 2, 1, 0, 2, 2 ],
          eAdj := [ 1, 2, 3, 5, 8, 10, 12, 13, 14, 16, 17, 19, 22, 23, 24, 
              25, 28, 33, 36, 38, 41, 43, 44, 45, 47, 49, 59, 63, 64, 83, 84 
             ] ), rec(
          DistVect := [ 0, 1, 1, 1, 1, 1, 1, 1, 1, 1, 1, 1, 1, 2, 1, 1, 1, 
              1, 2, 1, 1, 1, 2, 2, 2, 1, 0, 2, 2 ],
          eAdj := [ 1, 2, 3, 5, 6, 8, 10, 11, 12, 13, 14, 16, 17, 19, 28, 
              31, 36, 41, 42, 43, 48, 49, 50, 57, 59, 61, 64, 84, 86, 89, 94 
             ] ), rec(
          DistVect := [ 0, 0, 0, 1, 0, 0, 1, 1, 0, 1, 0, 0, 1, 1, 1, 0, 0, 
              1, 1, 1, 1, 0, 0, 0, 1, 1, 1, 1, 0 ],
          eAdj := [ 2, 3, 4, 6, 7, 11, 12, 14, 16, 17, 19, 21, 23, 25, 30, 
              33, 34, 37, 38, 39, 40, 44, 51, 54, 55, 58, 60, 62, 66, 69, 
              70, 71, 75, 77, 80, 85, 87, 90, 95, 100, 102 ] ), rec(
          DistVect := [ 0, 0, 0, 0, 0, 1, 0, 1, 0, 0, 0, 1, 0, 1, 0, 0, 1, 
              0, 1, 0, 1, 0, 1, 1, 0, 1, 1, 0, 1 ],
          eAdj := [ 1, 3, 4, 5, 6, 8, 9, 11, 13, 14, 15, 17, 28, 29, 31, 32, 
              35, 36, 41, 42, 43, 52, 53, 56, 57, 59, 61, 65, 67, 72, 73, 
              74, 76, 78, 81, 82, 88, 89, 91, 96, 99, 101 ] ), rec(
          DistVect := [ 0, 1, 1, 1, 0, 0, 0, 1, 0, 0, 1, 1, 1, 0, 0, 1, 1, 
              1, 0, 1, 1, 1, 0, 0, 0, 1, 0, 1, 1 ],
          eAdj := [ 1, 2, 4, 10, 12, 13, 16, 17, 19, 20, 21, 22, 25, 27, 30, 
              33, 34, 37, 38, 39, 40, 51, 54, 55, 58, 60, 62, 66, 68, 69, 
              70, 71, 75, 77, 79, 80, 90, 92, 95, 98, 100, 102 ] ), rec(
          DistVect := [ 0, 1, 0, 0, 0, 1, 0, 1, 1, 1, 1, 0, 1, 0, 0, 0, 1, 
              0, 1, 0, 1, 0, 1, 1, 0, 1, 1, 0, 1 ],
          eAdj := [ 1, 4, 5, 6, 8, 9, 11, 13, 14, 15, 16, 17, 20, 23, 26, 
              28, 29, 30, 31, 35, 36, 40, 41, 42, 43, 48, 49, 53, 56, 57, 
              59, 61, 64, 65, 67, 72, 73, 81, 86, 88, 89, 94, 99 ] ), rec(
          DistVect := [ 0, 0, 1, 1, 0, 0, 0, 1, 1, 1, 0, 0, 0, 1, 0, 1, 1, 
              1, 0, 1, 1, 1, 0, 0, 0, 1, 0, 1, 1 ],
          eAdj := [ 1, 2, 3, 4, 10, 12, 13, 14, 16, 17, 19, 21, 22, 23, 25, 
              26, 27, 30, 33, 34, 36, 37, 38, 40, 41, 44, 46, 51, 55, 58, 
              60, 62, 66, 69, 70, 75, 77, 85, 87, 90, 93, 95, 100 ] ), rec(
          DistVect := [ 0, 1, 0, 1, 0, 1, 0, 1, 1, 0, 1, 0, 1, 0, 1, 0, 1, 
              0, 1, 1, 0, 1, 0, 1, 0, 1, 1, 0, 1 ],
          eAdj := [ 1, 4, 6, 8, 9, 10, 11, 13, 14, 15, 16, 17, 20, 21, 23, 
              24, 26, 27, 28, 30, 31, 35, 36, 37, 40, 41, 42, 43, 45, 46, 
              48, 49, 50, 53, 57, 61, 62, 63, 64, 65, 73, 84, 86, 94 ] ), 
      rec(
          DistVect := [ 0, 0, 1, 0, 0, 0, 0, 1, 1, 0, 0, 0, 0, 1, 1, 1, 1, 
              1, 0, 0, 0, 0, 1, 0, 0, 1, 0, 1, 1 ],
          eAdj := [ 1, 2, 3, 4, 5, 8, 10, 12, 13, 14, 16, 17, 19, 22, 23, 
              24, 25, 26, 27, 28, 30, 33, 36, 37, 38, 40, 41, 43, 44, 45, 
              46, 47, 49, 55, 58, 59, 60, 63, 69, 70, 83, 85, 87, 93 ] ), 
      rec(
          DistVect := [ 0, 0, 0, 0, 0, 0, 1, 1, 0, 0, 0, 0, 1, 1, 0, 0, 0, 
              1, 1, 0, 0, 1, 1, 0, 1, 1, 1, 1, 0 ],
          eAdj := [ 2, 3, 4, 5, 6, 7, 8, 10, 11, 12, 14, 16, 17, 19, 23, 24, 
              25, 26, 27, 30, 33, 34, 37, 38, 39, 40, 44, 45, 46, 47, 51, 
              54, 55, 58, 60, 62, 63, 69, 70, 75, 85, 87, 93, 100 ] ), rec(
          DistVect := [ 0, 0, 0, 0, 0, 0, 0, 1, 0, 0, 0, 0, 0, 1, 0, 0, 0, 
              0, 1, 0, 0, 0, 1, 0, 0, 1, 0, 1, 1 ],
          eAdj := [ 1, 2, 3, 4, 5, 6, 8, 10, 11, 12, 13, 14, 16, 17, 19, 23, 
              24, 25, 26, 27, 28, 30, 31, 33, 36, 37, 40, 41, 42, 43, 44, 
              45, 46, 47, 48, 49, 50, 57, 59, 61, 63, 64, 83, 84, 86 ] ), 
      rec(
          DistVect := [ 0, 1, 1, 1, 0, 1, 0, 1, 0, 0, 1, 0, 1, 0, 0, 1, 0, 
              1, 0, 1, 0, 1, 0, 1, 0, 1, 1, 0, 1 ],
          eAdj := [ 1, 4, 8, 9, 10, 11, 12, 13, 14, 15, 16, 17, 20, 21, 22, 
              23, 24, 25, 26, 27, 28, 30, 31, 33, 36, 37, 40, 41, 42, 43, 
              44, 45, 46, 47, 48, 49, 50, 58, 60, 62, 63, 83, 84, 85, 87 ] ),
      rec(
          DistVect := [ 0, 1, 1, 1, 1, 0, 0, 1, 0, 0, 0, 1, 1, 0, 0, 0, 1, 
              1, 0, 0, 1, 1, 0, 1, 1, 0, 0, 1, 1 ],
          eAdj := [ 1, 2, 8, 9, 10, 11, 12, 13, 14, 16, 17, 18, 19, 20, 21, 
              22, 23, 24, 25, 26, 27, 30, 33, 34, 37, 38, 39, 40, 41, 42, 
              43, 44, 46, 47, 58, 60, 62, 63, 69, 70, 75, 83, 85, 87, 90, 93 
             ] ), rec(
          DistVect := [ 0, 0, 1, 1, 1, 0, 0, 1, 1, 1, 1, 0, 0, 1, 0, 0, 1, 
              1, 0, 0, 1, 1, 0, 1, 1, 0, 0, 1, 1 ],
          eAdj := [ 1, 2, 3, 8, 9, 10, 11, 12, 13, 14, 16, 17, 18, 19, 21, 
              22, 23, 24, 25, 26, 27, 32, 33, 34, 36, 37, 38, 41, 42, 43, 
              44, 45, 46, 47, 48, 49, 52, 57, 58, 59, 63, 64, 70, 83, 84, 85 
             ] ), rec(
          DistVect := [ 0, 0, 1, 0, 1, 0, 0, 1, 1, 0, 1, 0, 0, 1, 1, 0, 1, 
              1, 0, 1, 0, 0, 1, 1, 1, 0, 0, 1, 1 ],
          eAdj := [ 1, 2, 3, 5, 8, 9, 10, 11, 12, 13, 14, 16, 17, 18, 19, 
              22, 23, 24, 25, 28, 29, 32, 33, 36, 38, 41, 42, 43, 44, 45, 
              47, 48, 49, 50, 52, 56, 57, 59, 61, 64, 67, 76, 84, 86, 89, 94 
             ] ), rec(
          DistVect := [ 0, 0, 0, 0, 1, 0, 0, 1, 0, 0, 1, 0, 0, 1, 0, 1, 0, 
              0, 1, 1, 0, 0, 1, 1, 1, 0, 0, 1, 1 ],
          eAdj := [ 1, 2, 3, 5, 6, 8, 9, 10, 11, 12, 13, 14, 16, 17, 18, 19, 
              28, 29, 31, 32, 35, 36, 41, 42, 43, 48, 49, 50, 52, 53, 56, 
              57, 59, 61, 65, 67, 72, 73, 74, 76, 86, 88, 89, 94, 96, 99 ] ),
      rec(
          DistVect := [ 0, 0, 0, 0, 0, 0, 1, 0, 0, 0, 0, 0, 1, 0, 0, 0, 0, 
              1, 0, 0, 0, 1, 0, 0, 1, 0, 1, 0, 1 ],
          eAdj := [ 1, 2, 3, 4, 5, 6, 7, 8, 9, 10, 11, 12, 13, 14, 15, 16, 
              17, 18, 19, 20, 21, 22, 23, 24, 25, 26, 27, 28, 29, 30, 31, 
              32, 33, 34, 35, 36, 37, 38, 39, 40, 41, 42, 43, 44, 45, 46, 
              47, 48, 49, 50, 51, 52, 53, 54, 55, 56, 57, 58, 59, 60, 61, 
              62, 63, 64, 65, 66, 67, 68, 69, 70, 71, 72, 73, 74, 75, 76, 
              77, 78, 79, 80, 81, 82, 85, 86, 87, 88, 89, 90, 91, 92, 95, 
              96, 97, 98 ] ), rec(
          DistVect := [ 0, 0, 0, 0, 1, 0, 1, 0, 0, 0, 1, 0, 1, 0, 0, 1, 0, 
              1, 0, 1, 0, 1, 0, 1, 0, 1, 1, 0, 1 ],
          eAdj := [ 1, 2, 3, 4, 5, 6, 7, 8, 9, 10, 11, 12, 13, 14, 15, 16, 
              17, 18, 19, 20, 21, 22, 23, 24, 25, 26, 27, 28, 29, 30, 31, 
              32, 33, 34, 35, 36, 37, 38, 39, 40, 41, 42, 43, 44, 45, 46, 
              47, 48, 49, 50, 51, 52, 53, 54, 55, 56, 57, 58, 59, 60, 61, 
              62, 65, 66, 67, 68, 69, 70, 71, 72, 73, 74, 75, 76, 77, 78, 
              79, 80, 81, 82, 83, 84, 85, 86, 88, 90, 91, 92, 93, 94, 99, 
              100, 101, 102, 103, 104 ] ), rec(
          DistVect := [ 0, 4, 4, 4, 4, 4, 8, 3, 4, 4, 4, 4, 8, 5, 4, 4, 4, 
              8, 5, 4, 4, 8, 5, 8, 8, 5, 4, 3, 5 ],
          eAdj := [ 7, 8, 9, 10, 11, 12, 14, 16, 17, 19, 23, 24, 25, 26, 27, 
              40, 44, 45, 46, 47, 48, 49, 50, 63, 64, 83 ] ), rec(
          DistVect := [ 0, 1, 1, 1, 1, 1, 2, 1, 1, 1, 1, 1, 2, 1, 1, 1, 1, 
              2, 1, 1, 1, 2, 1, 2, 2, 2, 1, 0, 1 ],
          eAdj := [ 4, 7, 8, 9, 10, 11, 12, 13, 14, 15, 16, 17, 19, 23, 24, 
              25, 26, 27, 40, 44, 45, 46, 47, 48, 49, 50, 58, 60, 62, 63, 83 
             ] ), rec(
          DistVect := [ 0, 1, 1, 1, 1, 0, 2, 1, 1, 1, 1, 1, 2, 1, 1, 1, 1, 
              2, 1, 1, 1, 2, 1, 1, 2, 2, 2, 1, 1 ],
          eAdj := [ 2, 4, 7, 17, 19, 30, 33, 34, 37, 38, 39, 51, 54, 55, 58, 
              60, 62, 66, 68, 69, 70, 71, 75, 77, 79, 80, 90, 95, 102 ] ), 
      rec(
          DistVect := [ 0, 4, 4, 4, 4, 4, 5, 3, 4, 4, 4, 4, 7, 5, 4, 4, 4, 
              7, 5, 4, 4, 7, 5, 8, 7, 5, 5, 3, 8 ],
          eAdj := [ 1, 8, 9, 11, 13, 14, 17, 28, 31, 36, 41, 42, 43, 48, 49, 
              50, 57, 59, 61, 64, 65, 67, 73, 86, 89, 94 ] ), rec(
          DistVect := [ 0, 1, 1, 1, 1, 1, 1, 1, 1, 1, 1, 1, 2, 1, 1, 1, 1, 
              2, 1, 1, 1, 2, 1, 2, 1, 2, 2, 0, 2 ],
          eAdj := [ 1, 4, 8, 9, 11, 13, 14, 15, 17, 23, 24, 26, 28, 31, 36, 
              41, 42, 43, 48, 49, 50, 57, 59, 61, 64, 65, 67, 73, 86, 94 ] ),
      rec(
          DistVect := [ 0, 1, 1, 1, 1, 0, 1, 1, 1, 1, 1, 1, 2, 1, 1, 1, 1, 
              2, 1, 1, 1, 2, 1, 1, 1, 2, 1, 1, 2 ],
          eAdj := [ 1, 2, 4, 10, 12, 13, 16, 17, 19, 23, 24, 25, 26, 27, 30, 
              33, 37, 40, 44, 46, 47, 58, 60, 62, 69, 70, 75, 85, 87, 93 ] ),
      rec(
          DistVect := [ 0, 5, 5, 5, 3, 7, 7, 3, 4, 4, 4, 4, 8, 4, 4, 4, 4, 
              8, 4, 4, 4, 8, 4, 8, 8, 4, 4, 4, 8 ],
          eAdj := [ 8, 9, 10, 11, 12, 13, 14, 15, 16, 23, 24, 26, 28, 31, 
              36, 41, 42, 43, 45, 48, 49, 50, 64, 84, 86, 94 ] ), rec(
          DistVect := [ 0, 5, 5, 5, 3, 4, 7, 3, 4, 4, 4, 5, 8, 4, 4, 4, 5, 
              8, 4, 4, 5, 8, 4, 7, 8, 4, 3, 7, 8 ],
          eAdj := [ 2, 10, 12, 16, 17, 19, 25, 27, 30, 33, 34, 37, 38, 39, 
              40, 58, 60, 62, 69, 70, 75, 85, 87, 90, 93, 100 ] ), rec(
          DistVect := [ 0, 4, 4, 4, 4, 4, 8, 3, 4, 4, 4, 4, 8, 5, 4, 4, 4, 
              8, 5, 4, 4, 8, 5, 8, 8, 5, 4, 7, 9 ],
          eAdj := [ 2, 8, 10, 11, 12, 14, 16, 17, 19, 23, 24, 25, 26, 27, 
              30, 33, 37, 40, 44, 45, 46, 47, 63, 83, 85, 93 ] ), rec(
          DistVect := [ 0, 1, 1, 1, 1, 1, 2, 1, 1, 1, 1, 1, 2, 1, 1, 1, 1, 
              2, 1, 1, 1, 2, 1, 2, 2, 1, 1, 2, 3 ],
          eAdj := [ 1, 2, 8, 10, 11, 12, 13, 14, 16, 17, 19, 23, 24, 25, 26, 
              27, 30, 33, 37, 40, 41, 42, 43, 44, 45, 46, 47, 63, 83, 85 ] ),
      rec(
          DistVect := [ 0, 5, 5, 5, 5, 4, 9, 3, 4, 4, 4, 5, 8, 4, 4, 4, 5, 
              8, 4, 4, 5, 8, 4, 9, 8, 4, 5, 7, 8 ],
          eAdj := [ 2, 8, 11, 14, 17, 19, 25, 27, 30, 33, 34, 37, 38, 39, 
              40, 58, 60, 62, 69, 70, 75, 85, 87, 90, 93, 100 ] ), rec(
          DistVect := [ 0, 1, 1, 1, 1, 1, 3, 1, 1, 1, 1, 1, 2, 1, 1, 1, 1, 
              2, 1, 1, 1, 2, 1, 2, 2, 1, 2, 2, 2 ],
          eAdj := [ 2, 7, 8, 11, 14, 17, 19, 25, 27, 30, 33, 34, 37, 38, 39, 
              40, 51, 54, 55, 58, 60, 62, 69, 70, 75, 85, 87, 90, 100 ] ), 
      rec(
          DistVect := [ 0, 5, 3, 5, 3, 4, 9, 3, 4, 4, 4, 5, 8, 4, 4, 4, 3, 
              8, 4, 4, 5, 8, 4, 7, 8, 4, 5, 7, 8 ],
          eAdj := [ 2, 11, 12, 17, 19, 25, 27, 30, 33, 34, 37, 38, 39, 40, 
              51, 54, 58, 60, 62, 69, 70, 75, 85, 87, 90, 100 ] ), rec(
          DistVect := [ 0, 5, 3, 5, 3, 5, 7, 3, 4, 4, 4, 4, 8, 4, 4, 4, 4, 
              8, 4, 4, 4, 8, 4, 8, 8, 4, 4, 4, 8 ],
          eAdj := [ 8, 9, 10, 11, 12, 13, 14, 16, 17, 23, 24, 26, 27, 31, 
              40, 41, 42, 43, 45, 46, 48, 49, 50, 63, 64, 84 ] ), rec(
          DistVect := [ 0, 1, 0, 1, 1, 1, 2, 1, 1, 1, 1, 1, 2, 1, 1, 1, 1, 
              2, 1, 1, 1, 2, 1, 2, 2, 1, 1, 1, 2 ],
          eAdj := [ 6, 8, 9, 10, 11, 12, 13, 14, 16, 17, 19, 23, 24, 26, 27, 
              31, 35, 40, 41, 42, 43, 45, 46, 48, 49, 50, 57, 61, 64, 84, 86 
             ] ), rec(
          DistVect := [ 0, 4, 4, 4, 4, 4, 8, 3, 4, 4, 4, 4, 8, 5, 4, 4, 4, 
              8, 3, 4, 4, 8, 5, 8, 8, 3, 4, 7, 9 ],
          eAdj := [ 2, 8, 10, 11, 12, 14, 16, 17, 19, 23, 24, 25, 26, 27, 
              33, 38, 40, 41, 43, 44, 45, 46, 47, 63, 83, 85 ] ), rec(
          DistVect := [ 0, 3, 3, 3, 3, 5, 9, 3, 4, 4, 4, 4, 8, 4, 4, 4, 4, 
              8, 4, 4, 4, 8, 4, 8, 8, 4, 4, 4, 8 ],
          eAdj := [ 8, 9, 10, 11, 12, 13, 14, 16, 17, 19, 23, 24, 25, 26, 
              27, 40, 41, 42, 43, 45, 48, 49, 50, 64, 84, 86 ] ), rec(
          DistVect := [ 0, 5, 5, 7, 4, 3, 8, 3, 4, 4, 5, 4, 7, 4, 4, 5, 4, 
              7, 4, 7, 4, 5, 4, 7, 8, 7, 5, 4, 5 ],
          eAdj := [ 4, 7, 17, 19, 21, 30, 33, 34, 37, 38, 39, 51, 54, 55, 
              60, 66, 68, 69, 70, 71, 75, 77, 80, 90, 95, 102 ] ), rec(
          DistVect := [ 0, 5, 5, 7, 5, 5, 5, 3, 4, 4, 4, 4, 8, 4, 4, 4, 4, 
              8, 4, 4, 4, 8, 4, 8, 8, 4, 4, 4, 8 ],
          eAdj := [ 1, 8, 9, 10, 11, 12, 13, 14, 16, 21, 23, 24, 26, 31, 36, 
              41, 42, 43, 45, 48, 49, 50, 57, 64, 84, 94 ] ), rec(
          DistVect := [ 0, 3, 3, 5, 3, 5, 7, 3, 4, 4, 4, 4, 8, 4, 4, 4, 4, 
              8, 4, 4, 4, 8, 4, 8, 8, 4, 4, 4, 8 ],
          eAdj := [ 8, 9, 10, 11, 12, 13, 14, 16, 17, 23, 24, 26, 27, 31, 
              36, 41, 42, 43, 45, 48, 49, 50, 57, 64, 84, 86 ] ), rec(
          DistVect := [ 0, 4, 4, 4, 4, 4, 5, 3, 4, 4, 4, 4, 7, 5, 4, 4, 4, 
              7, 5, 4, 4, 5, 7, 8, 7, 5, 3, 5, 8 ],
          eAdj := [ 1, 5, 8, 11, 12, 13, 14, 16, 17, 23, 28, 31, 36, 41, 42, 
              43, 48, 49, 50, 57, 59, 61, 64, 84, 86, 94 ] ), rec(
          DistVect := [ 0, 4, 4, 7, 4, 4, 8, 3, 4, 5, 4, 4, 8, 5, 5, 4, 4, 
              8, 5, 7, 5, 7, 4, 8, 8, 7, 4, 5, 7 ],
          eAdj := [ 4, 11, 12, 14, 16, 17, 19, 21, 23, 25, 30, 33, 34, 37, 
              40, 44, 51, 58, 60, 62, 70, 75, 85, 87, 93, 100 ] ), rec(
          DistVect := [ 0, 1, 1, 2, 1, 1, 2, 1, 1, 1, 1, 1, 2, 1, 1, 1, 1, 
              2, 1, 2, 1, 2, 1, 2, 2, 2, 1, 1, 2 ],
          eAdj := [ 4, 10, 11, 12, 13, 14, 16, 17, 19, 21, 23, 25, 27, 30, 
              33, 34, 37, 40, 44, 46, 47, 51, 58, 60, 62, 70, 75, 85, 87, 93 
             ] ), rec(
          DistVect := [ 0, 4, 4, 4, 4, 4, 5, 3, 4, 4, 4, 4, 7, 5, 4, 4, 4, 
              7, 5, 4, 4, 5, 7, 8, 5, 7, 5, 3, 8 ],
          eAdj := [ 1, 4, 5, 8, 11, 13, 14, 17, 23, 28, 31, 36, 41, 42, 43, 
              48, 49, 50, 57, 59, 61, 64, 67, 73, 86, 94 ] ), rec(
          DistVect := [ 0, 5, 5, 7, 4, 3, 5, 3, 4, 4, 5, 4, 8, 4, 4, 5, 4, 
              8, 4, 7, 4, 8, 4, 7, 5, 7, 4, 4, 8 ],
          eAdj := [ 1, 4, 10, 12, 13, 16, 17, 21, 23, 25, 27, 30, 33, 37, 
              40, 44, 46, 47, 58, 60, 62, 70, 75, 85, 87, 93 ] ), rec(
          DistVect := [ 0, 4, 4, 7, 4, 4, 8, 3, 4, 3, 4, 4, 8, 3, 5, 4, 4, 
              8, 5, 5, 5, 7, 4, 8, 8, 5, 4, 5, 7 ],
          eAdj := [ 11, 12, 14, 16, 17, 19, 21, 23, 25, 27, 30, 34, 37, 39, 
              40, 44, 47, 51, 58, 60, 62, 70, 75, 85, 87, 93 ] ), rec(
          DistVect := [ 0, 3, 5, 7, 5, 5, 7, 3, 4, 4, 4, 4, 8, 4, 4, 4, 4, 
              8, 4, 4, 4, 8, 4, 8, 8, 4, 4, 4, 8 ],
          eAdj := [ 8, 9, 10, 11, 12, 13, 14, 16, 21, 23, 24, 26, 27, 32, 
              36, 41, 42, 43, 45, 47, 48, 49, 50, 57, 64, 84 ] ), rec(
          DistVect := [ 0, 1, 1, 2, 2, 1, 2, 1, 1, 1, 1, 1, 2, 1, 1, 1, 1, 
              2, 1, 1, 1, 2, 1, 2, 2, 1, 1, 1, 2 ],
          eAdj := [ 8, 9, 10, 11, 12, 13, 14, 16, 18, 19, 21, 23, 24, 26, 
              27, 32, 34, 35, 41, 42, 43, 45, 46, 47, 48, 49, 50, 57, 64, 84 
             ] ), rec(
          DistVect := [ 0, 5, 5, 7, 4, 5, 7, 3, 4, 4, 5, 4, 8, 4, 4, 5, 4, 
              8, 4, 7, 4, 8, 4, 9, 7, 7, 4, 4, 8 ],
          eAdj := [ 4, 10, 11, 12, 13, 14, 16, 17, 21, 23, 25, 27, 30, 33, 
              37, 40, 44, 46, 47, 58, 60, 62, 83, 85, 87, 93 ] ), rec(
          DistVect := [ 0, 4, 4, 4, 4, 4, 8, 3, 4, 4, 4, 4, 8, 5, 4, 4, 4, 
              8, 5, 4, 4, 8, 7, 8, 8, 7, 4, 5, 7 ],
          eAdj := [ 4, 5, 8, 10, 11, 12, 14, 16, 17, 19, 23, 24, 25, 26, 27, 
              30, 33, 40, 44, 45, 46, 47, 60, 63, 83, 93 ] ), rec(
          DistVect := [ 0, 4, 4, 4, 4, 4, 8, 3, 4, 4, 4, 4, 8, 3, 4, 4, 4, 
              8, 3, 4, 4, 8, 5, 8, 8, 5, 4, 5, 9 ],
          eAdj := [ 8, 10, 11, 12, 13, 14, 16, 17, 19, 23, 24, 25, 26, 27, 
              30, 33, 40, 43, 44, 45, 46, 47, 60, 63, 83, 85 ] ), rec(
          DistVect := [ 0, 4, 4, 7, 4, 4, 8, 3, 4, 5, 4, 4, 8, 5, 5, 4, 4, 
              8, 5, 5, 5, 5, 4, 8, 8, 5, 4, 5, 5 ],
          eAdj := [ 7, 11, 12, 14, 16, 17, 19, 21, 23, 25, 34, 37, 38, 39, 
              40, 44, 51, 58, 60, 62, 70, 75, 85, 87, 93, 100 ] ), rec(
          DistVect := [ 0, 4, 4, 4, 4, 4, 8, 3, 4, 4, 4, 4, 8, 5, 4, 4, 4, 
              8, 5, 4, 4, 8, 7, 8, 8, 7, 4, 3, 5 ],
          eAdj := [ 4, 5, 7, 8, 10, 11, 12, 14, 16, 17, 19, 23, 24, 25, 26, 
              27, 40, 44, 45, 46, 47, 49, 50, 60, 63, 83 ] ), rec(
          DistVect := [ 0, 4, 4, 4, 4, 4, 8, 3, 4, 4, 4, 4, 8, 3, 4, 4, 4, 
              8, 3, 4, 4, 8, 5, 8, 8, 5, 4, 3, 7 ],
          eAdj := [ 8, 9, 10, 11, 12, 13, 14, 16, 17, 19, 23, 24, 25, 26, 
              27, 40, 43, 44, 45, 46, 47, 49, 50, 60, 63, 83 ] ), rec(
          DistVect := [ 0, 4, 4, 7, 7, 4, 5, 3, 4, 5, 5, 4, 7, 5, 5, 5, 4, 
              7, 5, 4, 3, 8, 4, 7, 8, 4, 5, 3, 8 ],
          eAdj := [ 1, 8, 9, 10, 13, 18, 21, 31, 32, 35, 36, 43, 49, 50, 52, 
              53, 57, 59, 61, 65, 67, 73, 74, 86, 89, 99 ] ), rec(
          DistVect := [ 0, 4, 4, 7, 4, 4, 8, 3, 4, 5, 4, 4, 8, 5, 5, 4, 4, 
              8, 5, 7, 3, 5, 4, 8, 8, 7, 4, 3, 5 ],
          eAdj := [ 4, 7, 11, 12, 14, 16, 17, 19, 21, 23, 25, 34, 37, 40, 
              44, 46, 47, 51, 58, 60, 62, 70, 75, 85, 87, 93 ] ), rec(
          DistVect := [ 0, 5, 5, 4, 7, 3, 8, 3, 4, 5, 4, 4, 7, 4, 5, 4, 4, 
              7, 4, 7, 3, 8, 7, 8, 5, 4, 5, 4, 5 ],
          eAdj := [ 5, 7, 9, 10, 11, 14, 18, 19, 23, 24, 25, 26, 29, 38, 39, 
              40, 43, 44, 45, 46, 47, 49, 50, 60, 64, 83 ] ), rec(
          DistVect := [ 0, 4, 4, 7, 4, 4, 5, 3, 4, 5, 4, 4, 7, 5, 5, 4, 4, 
              7, 5, 5, 5, 8, 4, 8, 7, 5, 3, 5, 8 ],
          eAdj := [ 1, 10, 11, 12, 13, 14, 16, 17, 21, 23, 24, 26, 27, 31, 
              36, 37, 41, 42, 45, 46, 47, 48, 57, 63, 83, 84 ] ), rec(
          DistVect := [ 0, 5, 5, 4, 4, 3, 5, 3, 4, 5, 5, 4, 8, 4, 5, 5, 4, 
              8, 4, 4, 3, 5, 7, 7, 5, 7, 4, 4, 8 ],
          eAdj := [ 1, 4, 5, 8, 12, 13, 16, 17, 23, 24, 25, 26, 28, 30, 33, 
              40, 43, 44, 45, 46, 47, 49, 50, 60, 63, 83 ] ), rec(
          DistVect := [ 0, 5, 5, 4, 4, 5, 7, 3, 4, 5, 5, 4, 8, 4, 5, 5, 4, 
              8, 4, 4, 5, 7, 7, 9, 7, 7, 4, 4, 8 ],
          eAdj := [ 4, 5, 8, 11, 12, 13, 14, 16, 17, 23, 24, 25, 26, 28, 30, 
              33, 40, 43, 44, 45, 49, 50, 60, 63, 83, 84 ] ), rec(
          DistVect := [ 0, 5, 3, 5, 5, 5, 7, 3, 4, 4, 4, 4, 8, 4, 4, 4, 4, 
              8, 4, 4, 4, 8, 4, 8, 8, 4, 4, 4, 8 ],
          eAdj := [ 8, 9, 10, 11, 12, 13, 14, 16, 23, 24, 26, 31, 35, 41, 
              42, 43, 45, 48, 49, 50, 57, 61, 64, 84, 86, 94 ] ), rec(
          DistVect := [ 0, 4, 4, 4, 4, 4, 5, 3, 4, 4, 4, 4, 7, 5, 4, 4, 4, 
              9, 3, 4, 4, 7, 5, 8, 7, 5, 5, 3, 8 ],
          eAdj := [ 1, 8, 9, 11, 12, 13, 14, 17, 23, 24, 28, 31, 36, 41, 42, 
              43, 48, 49, 50, 57, 59, 61, 64, 67, 86, 94 ] ), rec(
          DistVect := [ 0, 5, 3, 5, 5, 3, 5, 3, 4, 4, 4, 4, 8, 4, 4, 4, 4, 
              8, 4, 4, 4, 8, 4, 8, 8, 4, 4, 4, 8 ],
          eAdj := [ 1, 8, 9, 10, 11, 12, 13, 14, 16, 17, 23, 24, 26, 31, 41, 
              42, 43, 45, 46, 48, 49, 50, 57, 61, 64, 84 ] ), rec(
          DistVect := [ 0, 5, 3, 5, 4, 3, 7, 3, 4, 4, 5, 4, 8, 4, 4, 3, 4, 
              8, 4, 5, 4, 8, 4, 7, 7, 7, 4, 4, 8 ],
          eAdj := [ 4, 10, 11, 12, 13, 16, 17, 19, 23, 24, 25, 27, 30, 33, 
              37, 40, 44, 46, 47, 58, 60, 62, 75, 85, 87, 93 ] ), rec(
          DistVect := [ 0, 4, 4, 4, 4, 4, 8, 3, 4, 4, 4, 4, 8, 5, 4, 4, 4, 
              8, 3, 4, 4, 8, 5, 8, 8, 7, 4, 3, 7 ],
          eAdj := [ 4, 8, 10, 11, 12, 13, 14, 16, 17, 19, 23, 24, 25, 26, 
              27, 33, 40, 44, 45, 46, 47, 49, 58, 60, 63, 83 ] ), rec(
          DistVect := [ 0, 5, 5, 5, 4, 3, 8, 3, 4, 4, 5, 4, 7, 4, 4, 5, 4, 
              7, 4, 5, 4, 7, 4, 7, 8, 7, 5, 4, 5 ],
          eAdj := [ 4, 7, 17, 19, 30, 33, 34, 37, 38, 39, 51, 54, 55, 58, 
              60, 62, 66, 68, 69, 70, 71, 75, 90, 95, 100, 102 ] ), rec(
          DistVect := [ 0, 5, 5, 5, 7, 3, 5, 3, 4, 4, 4, 4, 8, 4, 4, 4, 4, 
              8, 4, 4, 4, 8, 4, 8, 8, 4, 4, 4, 8 ],
          eAdj := [ 1, 8, 9, 10, 11, 12, 13, 14, 16, 18, 23, 24, 26, 41, 42, 
              43, 45, 48, 49, 50, 57, 59, 61, 64, 84, 94 ] ), rec(
          DistVect := [ 0, 4, 4, 4, 4, 4, 5, 3, 4, 4, 4, 4, 7, 5, 4, 4, 4, 
              7, 5, 4, 4, 7, 5, 8, 5, 7, 5, 3, 8 ],
          eAdj := [ 1, 4, 8, 11, 13, 14, 17, 23, 24, 26, 28, 31, 36, 41, 42, 
              43, 48, 49, 50, 57, 59, 61, 64, 84, 86, 94 ] ), rec(
          DistVect := [ 0, 3, 3, 3, 5, 3, 7, 3, 4, 4, 4, 4, 8, 4, 4, 4, 4, 
              8, 4, 4, 4, 8, 4, 8, 8, 4, 4, 4, 8 ],
          eAdj := [ 8, 9, 10, 11, 12, 13, 14, 16, 17, 19, 23, 24, 26, 41, 
              42, 43, 45, 48, 49, 50, 57, 59, 61, 64, 84, 86 ] ), rec(
          DistVect := [ 0, 5, 5, 5, 4, 3, 5, 3, 4, 4, 5, 4, 8, 4, 4, 5, 4, 
              8, 4, 5, 4, 8, 4, 7, 5, 7, 4, 4, 8 ],
          eAdj := [ 1, 4, 10, 12, 13, 16, 17, 23, 24, 25, 26, 27, 30, 33, 
              37, 40, 44, 46, 47, 58, 60, 62, 83, 85, 87, 93 ] ) ] );
