return rec(
  DistVect := [ 0, 1, 1, 1, 1, 2, 2, 2, 1, 1, 1, 2, 2, 2, 1, 2, 1, 2, 2, 2, 
      2, 2, 2, 2, 1, 1, 1, 1, 0 ],
  ListIncidentIneq := 
   [ [ 0, 0, 0, 0, 0, 0, 0, 0, 0, 0, 0, 0, 0, 0, 0, 0, 0, 0, 0, 0, 0, 0, 0, 
          -1, 1, 0, 1, 0, 0 ], 
      [ 0, 0, 0, 0, 0, 0, 0, 0, 0, 0, 0, 0, 0, 0, 0, 0, 0, 0, 0, 0, 0, 0, 0, 
          0, 0, 0, -1, 1, 1 ], 
      [ 0, 0, 0, 0, 0, 0, 0, 0, 0, 0, 0, 0, 0, 0, 0, 0, 0, 0, 0, 0, 0, 0, 0, 
          0, -1, 1, 0, 0, 1 ], 
      [ 0, 0, 0, 0, 0, 0, 0, 0, 0, 0, 0, 0, 0, 0, 0, 0, 0, 0, 0, 0, 0, -1, 1, 
          0, 0, 0, 0, 0, 1 ], 
      [ 0, 0, 0, 0, 0, 0, 0, 0, 0, 0, 0, 0, 0, 0, 0, 0, 0, -1, 1, 0, 0, 0, 0, 
          0, 0, 0, 0, 0, 1 ], 
      [ 0, 0, 0, 0, 0, 0, 0, 0, 0, 0, 0, 0, -1, 1, 0, 0, 0, 0, 0, 0, 0, 0, 0, 
          0, 0, 0, 0, 0, 1 ], 
      [ 0, 0, 1, 0, 0, -1, 0, 0, 0, 0, 0, 0, 0, 0, 0, 0, 1, 0, 0, 0, 0, 0, 0, 
          0, 0, 0, 0, 0, 0 ], 
      [ 0, 0, 0, 0, 0, 0, -1, 1, 0, 0, 0, 0, 0, 0, 0, 0, 0, 0, 0, 0, 0, 0, 0, 
          0, 0, 0, 0, 0, 1 ], 
      [ 0, 0, 0, 0, 0, 0, 0, 0, 1, 0, 0, -1, 0, 0, 0, 0, 1, 0, 0, 0, 0, 0, 0, 
          0, 0, 0, 0, 0, 0 ], 
      [ 0, 0, 0, 0, 0, 0, 0, 0, 0, 1, 1, 0, 0, 0, 0, 0, 0, 0, 0, -1, 0, 0, 0, 
          0, 0, 0, 0, 0, 0 ], 
      [ 0, 0, 0, 0, 0, 0, 0, 0, 0, 0, 0, 0, 0, 0, 0, 0, 0, 0, 0, 0, 0, 0, 0, 
          -1, 0, 1, 0, 1, 0 ], 
      [ 0, 0, 0, 0, 0, 0, 0, 0, 0, 0, 1, 0, 0, -1, 0, 0, 0, 0, 0, 0, 0, 0, 0, 
          0, 0, 1, 0, 0, 0 ], 
      [ 0, 0, 0, 0, 0, 0, 0, 0, 1, 0, 1, 0, 0, 0, 0, -1, 0, 0, 0, 0, 0, 0, 0, 
          0, 0, 0, 0, 0, 0 ], 
      [ 0, 0, 0, 0, 0, 0, 0, 0, 0, 0, 0, 0, 0, 0, 0, 0, 0, 0, 0, 0, 0, 0, 0, 
          0, 0, 0, 1, -1, 1 ], 
      [ 0, 0, 0, 1, 1, 0, 0, 0, 0, 0, 0, 0, 0, 0, 0, 0, 0, 0, 0, -1, 0, 0, 0, 
          0, 0, 0, 0, 0, 0 ], 
      [ 0, 0, 0, 0, 1, 0, 0, -1, 0, 0, 0, 0, 0, 0, 0, 0, 0, 0, 0, 0, 0, 0, 0, 
          0, 0, 1, 0, 0, 0 ], 
      [ 0, 0, 0, 0, 0, 0, 0, 0, 0, 0, 1, 0, -1, 0, 0, 0, 0, 0, 0, 0, 0, 0, 0, 
          0, 1, 0, 0, 0, 0 ], 
      [ 0, 0, 0, 0, 0, 0, 0, 0, 0, 0, 0, 0, 0, 0, 1, 0, 1, 0, 0, 0, -1, 0, 0, 
          0, 0, 0, 0, 0, 0 ], 
      [ 0, 0, 1, 0, 1, 0, 0, 0, 0, 0, 0, 0, 0, 0, 0, -1, 0, 0, 0, 0, 0, 0, 0, 
          0, 0, 0, 0, 0, 0 ], 
      [ 0, 0, 0, 0, 0, 0, 0, 0, 0, 0, 0, 0, 0, 0, 0, 0, 0, 0, 0, 0, 0, 0, 0, 
          0, 1, -1, 0, 0, 1 ], 
      [ 0, 0, 0, 0, 0, 0, 0, 0, 0, 0, 0, 0, 0, 0, 0, 0, 1, -1, 0, 0, 0, 0, 0, 
          0, 0, 0, 1, 0, 0 ], 
      [ 0, 0, 0, 0, 0, 0, 0, 0, 0, 0, 0, 0, 0, 0, 0, 0, 1, 0, -1, 0, 0, 0, 0, 
          0, 0, 0, 0, 1, 0 ], 
      [ 0, 0, 0, 0, 1, 0, -1, 0, 0, 0, 0, 0, 0, 0, 0, 0, 0, 0, 0, 0, 0, 0, 0, 
          0, 1, 0, 0, 0, 0 ], 
      [ 0, 0, 0, 0, 0, 0, 0, 0, 0, 0, 0, 0, 0, 0, 0, 0, 0, 0, 0, 0, 0, 1, -1, 
          0, 0, 0, 0, 0, 1 ], 
      [ 0, 0, 0, 0, 0, 0, 1, -1, 0, 0, 0, 0, 0, 0, 0, 0, 0, 0, 0, 0, 0, 0, 0, 
          0, 0, 0, 0, 0, 1 ], 
      [ 0, 0, 0, 0, 0, 0, 0, 0, 0, 0, 0, 0, 0, 0, 0, 0, 0, 1, -1, 0, 0, 0, 0, 
          0, 0, 0, 0, 0, 1 ], 
      [ 0, 0, 0, 0, 0, 0, 0, 0, 0, 0, 0, 0, 1, -1, 0, 0, 0, 0, 0, 0, 0, 0, 0, 
          0, 0, 0, 0, 0, 1 ], 
      [ 0, -1, 1, 0, 1, 0, 0, -1, 1, 0, 1, 0, 0, -1, 0, -1, 0, 0, 1, 0, 0, 0, 
          0, 0, 0, 1, 0, 0, 0 ], 
      [ 0, -1, 0, 1, 1, 0, 0, -1, 0, 1, 1, 0, 0, -1, 0, 0, 0, 0, 0, -1, 0, 0, 
          1, 0, 0, 1, 0, 0, 0 ], 
      [ 0, -1, 1, 0, 1, 0, -1, 0, 1, 0, 1, 0, -1, 0, 0, -1, 0, 1, 0, 0, 0, 0, 
          0, 0, 1, 0, 0, 0, 0 ], 
      [ 0, -1, 0, 1, 1, 0, -1, 0, 0, 1, 1, 0, -1, 0, 0, 0, 0, 0, 0, -1, 0, 1, 
          0, 0, 1, 0, 0, 0, 0 ], 
      [ 0, -1, 1, 0, 1, -1, 0, 0, 1, 0, 1, -1, 0, 0, 0, -1, 1, 0, 0, 0, 0, 0, 
          0, 1, 0, 0, 0, 0, 0 ], 
      [ 0, 0, 0, 1, 1, 1, -1, 0, 0, 0, 0, 0, 0, 0, 0, 0, 0, 0, 0, -1, -1, 1, 
          0, -1, 1, 0, 1, 0, 0 ], 
      [ 0, 0, 0, 0, 0, 0, 0, 0, 0, 0, 0, 0, 0, 0, 1, 1, 1, -1, 0, -1, -1, 1, 
          0, -1, 1, 0, 1, 0, 0 ], 
      [ 0, 0, 0, 0, 0, 0, 0, 0, 0, 1, 1, 1, -1, 0, 0, 0, 0, 0, 0, -1, -1, 1, 
          0, -1, 1, 0, 1, 0, 0 ], 
      [ 0, 0, 0, 1, 1, 1, 0, -1, 0, 0, 0, 0, 0, 0, 0, 0, 0, 0, 0, -1, -1, 0, 
          1, -1, 0, 1, 0, 1, 0 ], 
      [ 0, 0, 0, 0, 0, 0, 0, 0, 0, 0, 0, 0, 0, 0, 1, 1, 1, 0, -1, -1, -1, 0, 
          1, -1, 0, 1, 0, 1, 0 ], 
      [ 0, 0, 0, 0, 0, 0, 0, 0, 0, 1, 1, 1, 0, -1, 0, 0, 0, 0, 0, -1, -1, 0, 
          1, -1, 0, 1, 0, 1, 0 ], 
      [ 0, 0, 0, 1, 1, 0, 1, -1, 0, 0, 0, 0, 0, 0, 0, 0, 0, 0, 0, -1, 0, -1, 
          1, 0, -1, 1, 0, 0, 1 ], 
      [ 0, 0, 1, 0, 0, -1, -1, 1, 0, 0, 0, 0, 0, 0, 0, 0, 1, 1, -1, 0, 0, 0, 
          0, 0, 0, 0, -1, 1, 1 ], 
      [ 0, 0, 0, 0, 0, 0, 0, 0, 0, 0, 0, 0, 0, 0, 1, 0, 1, 1, -1, 0, -1, -1, 
          1, 0, 0, 0, -1, 1, 1 ], 
      [ 0, 0, 0, 0, 0, 0, 0, 0, 0, 1, 1, 0, 1, -1, 0, 0, 0, 0, 0, -1, 0, -1, 
          1, 0, -1, 1, 0, 0, 1 ], 
      [ 0, 0, 1, 0, 1, 0, 1, -1, 0, 0, 0, 0, 0, 0, 0, -1, 0, -1, 1, 0, 0, 0, 
          0, 0, -1, 1, 0, 0, 1 ], 
      [ 0, 0, 0, 1, 1, 0, -1, 1, 0, 0, 0, 0, 0, 0, 0, 0, 0, 0, 0, -1, 0, 1, 
          -1, 0, 1, -1, 0, 0, 1 ], 
      [ 0, 0, 0, 0, 0, 0, 0, 0, 0, 1, 1, 0, -1, 1, 0, 0, 0, 0, 0, -1, 0, 1, 
          -1, 0, 1, -1, 0, 0, 1 ], 
      [ 0, 0, 0, 0, 0, 0, 0, 0, 1, 0, 0, -1, -1, 1, 0, 0, 1, 1, -1, 0, 0, 0, 
          0, 0, 0, 0, -1, 1, 1 ], 
      [ 0, 0, 1, 0, 0, -1, 1, -1, 0, 0, 0, 0, 0, 0, 0, 0, 1, -1, 1, 0, 0, 0, 
          0, 0, 0, 0, 1, -1, 1 ], 
      [ 0, 0, 0, 0, 0, 0, 0, 0, 0, 0, 0, 0, 0, 0, 1, 0, 1, -1, 1, 0, -1, 1, 
          -1, 0, 0, 0, 1, -1, 1 ], 
      [ 0, 0, 0, 0, 0, 0, 0, 0, 1, 0, 1, 0, 1, -1, 0, -1, 0, -1, 1, 0, 0, 0, 
          0, 0, -1, 1, 0, 0, 1 ], 
      [ 0, 0, 1, 0, 1, 0, -1, 1, 0, 0, 0, 0, 0, 0, 0, -1, 0, 1, -1, 0, 0, 0, 
          0, 0, 1, -1, 0, 0, 1 ], 
      [ 0, 0, 0, 0, 0, 0, 0, 0, 1, 0, 0, -1, 1, -1, 0, 0, 1, -1, 1, 0, 0, 0, 
          0, 0, 0, 0, 1, -1, 1 ], 
      [ 0, 0, 0, 0, 0, 0, 0, 0, 1, 0, 1, 0, -1, 1, 0, -1, 0, 1, -1, 0, 0, 0, 
          0, 0, 1, -1, 0, 0, 1 ], 
      [ 0, -1, 1, 1, 1, 0, 0, 0, 1, 1, 1, 0, 0, 0, -1, -1, 0, 0, 0, -1, 0, 0, 
          0, 0, 0, 0, 0, 0, 0 ], 
      [ 0, 0, 0, 1, 1, 1, 1, -2, 0, 0, 0, 0, 0, 0, 0, 0, 0, 0, 0, -1, -1, -1, 
          2, -1, -1, 2, -1, 2, 2 ], 
      [ 0, 0, 0, 0, 0, 0, 0, 0, 0, 1, 1, 1, 1, -2, 0, 0, 0, 0, 0, -1, -1, -1, 
          2, -1, -1, 2, -1, 2, 2 ], 
      [ 0, 0, 0, 1, 1, 1, -2, 1, 0, 0, 0, 0, 0, 0, 0, 0, 0, 0, 0, -1, -1, 2, 
          -1, -1, 2, -1, 2, -1, 2 ], 
      [ 0, 0, 0, 0, 0, 0, 0, 0, 0, 0, 0, 0, 0, 0, 1, 1, 1, 1, -2, -1, -1, -1, 
          2, -1, -1, 2, -1, 2, 2 ], 
      [ 0, 0, 0, 0, 0, 0, 0, 0, 0, 1, 1, 1, -2, 1, 0, 0, 0, 0, 0, -1, -1, 2, 
          -1, -1, 2, -1, 2, -1, 2 ], 
      [ 0, 0, 0, 0, 0, 0, 0, 0, 0, 0, 0, 0, 0, 0, 1, 1, 1, -2, 1, -1, -1, 2, 
          -1, -1, 2, -1, 2, -1, 2 ], 
      [ 0, -1, 0, 1, 2, 1, -1, 0, 0, 1, 2, 1, -1, 0, 0, 0, 0, 0, 0, -2, -1, 
          1, 0, -2, 2, 0, 1, 0, 0 ], 
      [ 0, -1, 0, 1, 2, 1, 0, -1, 0, 1, 2, 1, 0, -1, 0, 0, 0, 0, 0, -2, -1, 
          0, 1, -2, 0, 2, 0, 1, 0 ], 
      [ 0, -1, 1, 0, 1, 0, -2, 1, 1, 0, 1, 0, -2, 1, 0, -1, 0, 2, -1, 0, 0, 
          0, 0, 0, 2, -1, 0, 0, 2 ], 
      [ 0, -1, 0, 1, 1, 0, -2, 1, 0, 1, 1, 0, -2, 1, 0, 0, 0, 0, 0, -1, 0, 2, 
          -1, 0, 2, -1, 0, 0, 2 ], 
      [ 0, -1, 1, 0, 1, 0, 1, -2, 1, 0, 1, 0, 1, -2, 0, -1, 0, -1, 2, 0, 0, 
          0, 0, 0, -1, 2, 0, 0, 2 ], 
      [ 0, -1, 0, 1, 1, 0, 1, -2, 0, 1, 1, 0, 1, -2, 0, 0, 0, 0, 0, -1, 0, 
          -1, 2, 0, -1, 2, 0, 0, 2 ], 
      [ 0, -1, 1, 1, 2, 0, -1, 0, 1, 1, 2, 0, -1, 0, -1, -2, 0, 1, 0, -2, 0, 
          1, 0, 0, 2, 0, 0, 0, 0 ], 
      [ 0, -1, 1, 1, 2, 0, 0, -1, 1, 1, 2, 0, 0, -1, -1, -2, 0, 0, 1, -2, 0, 
          0, 1, 0, 0, 2, 0, 0, 0 ], 
      [ 0, -1, 1, 1, 1, 0, 1, -1, 1, 1, 1, 0, 1, -1, -1, -1, 0, -1, 1, -1, 0, 
          -1, 1, 0, -1, 1, 0, 0, 1 ], 
      [ 0, -1, 1, 0, 1, -1, -1, 1, 1, 0, 1, -1, -1, 1, 0, -1, 1, 1, -1, 0, 0, 
          0, 0, 1, 1, -1, -1, 1, 1 ], 
      [ 0, -1, 1, 0, 1, -1, 1, -1, 1, 0, 1, -1, 1, -1, 0, -1, 1, -1, 1, 0, 0, 
          0, 0, 1, -1, 1, 1, -1, 1 ], 
      [ 0, -1, 1, 1, 1, 0, -1, 1, 1, 1, 1, 0, -1, 1, -1, -1, 0, 1, -1, -1, 0, 
          1, -1, 0, 1, -1, 0, 0, 1 ], 
      [ 0, -1, 0, 1, 2, 1, 1, -2, 0, 1, 2, 1, 1, -2, 0, 0, 0, 0, 0, -2, -1, 
          -1, 2, -2, -2, 4, -1, 2, 2 ], 
      [ 0, -1, 0, 1, 2, 1, -2, 1, 0, 1, 2, 1, -2, 1, 0, 0, 0, 0, 0, -2, -1, 
          2, -1, -2, 4, -2, 2, -1, 2 ], 
      [ 0, -1, 1, 0, 1, -1, 2, -2, 1, 0, 1, -1, 2, -2, 0, -1, 1, -2, 2, 0, 0, 
          0, 0, 1, -2, 2, 2, -2, 4 ], 
      [ 0, -1, 1, 0, 1, -1, -2, 2, 1, 0, 1, -1, -2, 2, 0, -1, 1, 2, -2, 0, 0, 
          0, 0, 1, 2, -2, -2, 2, 4 ], 
      [ 0, -1, 1, 1, 2, 0, -2, 1, 1, 1, 2, 0, -2, 1, -1, -2, 0, 2, -1, -2, 0, 
          2, -1, 0, 4, -2, 0, 0, 2 ], 
      [ 0, -1, 1, 1, 1, 0, -2, 2, 1, 1, 1, 0, -2, 2, -1, -1, 0, 2, -2, -1, 0, 
          2, -2, 0, 2, -2, 0, 0, 4 ], 
      [ 0, -1, 1, 1, 1, 0, 2, -2, 1, 1, 1, 0, 2, -2, -1, -1, 0, -2, 2, -1, 0, 
          -2, 2, 0, -2, 2, 0, 0, 4 ], 
      [ 0, -1, 1, 1, 2, 0, 1, -2, 1, 1, 2, 0, 1, -2, -1, -2, 0, -1, 2, -2, 0, 
          -1, 2, 0, -2, 4, 0, 0, 2 ], 
      [ 0, -1, 1, 1, 2, 0, -3, 2, 1, 1, 2, 0, -3, 2, -1, -2, 0, 3, -2, -2, 0, 
          3, -2, 0, 6, -4, 0, 0, 6 ], 
      [ 0, -1, 0, 1, 2, 1, 2, -3, 0, 1, 2, 1, 2, -3, 0, 0, 0, 0, 0, -2, -1, 
          -2, 3, -2, -4, 6, -2, 3, 6 ], 
      [ 0, -1, 0, 1, 2, 1, -3, 2, 0, 1, 2, 1, -3, 2, 0, 0, 0, 0, 0, -2, -1, 
          3, -2, -2, 6, -4, 3, -2, 6 ], 
      [ 0, -1, 1, 1, 2, 0, 2, -3, 1, 1, 2, 0, 2, -3, -1, -2, 0, -2, 3, -2, 0, 
          -2, 3, 0, -4, 6, 0, 0, 6 ] ],
  ListIncidentSymbol := 
   [ [ 0, 0, 0, 0, 1, 1, -1, 0 ], [ 0, 0, 0, 0, 0, 1, 1, -1 ], 
      [ 0, 0, 0, 0, 1, 0, 1, -1 ], [ 0, 0, 0, 1, 0, 0, 1, -1 ], 
      [ 0, 0, 1, 0, 0, 0, 1, -1 ], [ 0, 1, 0, 0, 0, 0, 1, -1 ], 
      [ 1, 0, -1, 0, 0, 1, 0, 0 ], [ 1, 0, 0, 0, 0, 0, 1, -1 ], 
      [ 0, 1, -1, 0, 0, 1, 0, 0 ], [ 0, -1, 0, 1, 1, 0, 0, 0 ], 
      [ 0, 0, 0, 0, 1, 1, 0, -1 ], [ 0, 1, 0, 0, -1, 0, 0, 1 ], 
      [ 0, -1, 1, 0, 1, 0, 0, 0 ], [ 0, 0, 0, 0, 0, 1, -1, 1 ], 
      [ -1, 0, 0, 1, 1, 0, 0, 0 ], [ 1, 0, 0, 0, -1, 0, 0, 1 ], 
      [ 0, 1, 0, 0, -1, 0, 1, 0 ], [ 0, 0, -1, 1, 0, 1, 0, 0 ], 
      [ -1, 0, 1, 0, 1, 0, 0, 0 ], [ 0, 0, 0, 0, 1, 0, -1, 1 ], 
      [ 0, 0, 1, 0, 0, -1, 1, 0 ], [ 0, 0, 1, 0, 0, -1, 0, 1 ], 
      [ 1, 0, 0, 0, -1, 0, 1, 0 ], [ 0, 0, 0, 1, 0, 0, -1, 1 ], 
      [ 1, 0, 0, 0, 0, 0, -1, 1 ], [ 0, 0, 1, 0, 0, 0, -1, 1 ], 
      [ 0, 1, 0, 0, 0, 0, -1, 1 ], [ 1, 1, -1, 0, -1, 0, 0, 1 ], 
      [ 1, 1, 0, -1, -1, 0, 0, 1 ], [ 1, 1, -1, 0, -1, 0, 1, 0 ], 
      [ 1, 1, 0, -1, -1, 0, 1, 0 ], [ 1, 1, -1, 0, -1, 1, 0, 0 ], 
      [ -1, 0, 0, 1, 1, 1, -1, 0 ], [ 0, 0, -1, 1, 1, 1, -1, 0 ], 
      [ 0, -1, 0, 1, 1, 1, -1, 0 ], [ -1, 0, 0, 1, 1, 1, 0, -1 ], 
      [ 0, 0, -1, 1, 1, 1, 0, -1 ], [ 0, -1, 0, 1, 1, 1, 0, -1 ], 
      [ -1, 0, 0, 1, 1, 0, 1, -1 ], [ 1, 0, -1, 0, 0, 1, 1, -1 ], 
      [ 0, 0, -1, 1, 0, 1, 1, -1 ], [ 0, -1, 0, 1, 1, 0, 1, -1 ], 
      [ -1, 0, 1, 0, 1, 0, 1, -1 ], [ -1, 0, 0, 1, 1, 0, -1, 1 ], 
      [ 0, -1, 0, 1, 1, 0, -1, 1 ], [ 0, 1, -1, 0, 0, 1, 1, -1 ], 
      [ 1, 0, -1, 0, 0, 1, -1, 1 ], [ 0, 0, -1, 1, 0, 1, -1, 1 ], 
      [ 0, -1, 1, 0, 1, 0, 1, -1 ], [ -1, 0, 1, 0, 1, 0, -1, 1 ], 
      [ 0, 1, -1, 0, 0, 1, -1, 1 ], [ 0, -1, 1, 0, 1, 0, -1, 1 ], 
      [ -1, -1, 1, 1, 1, 0, 0, 0 ], [ -1, 0, 0, 1, 1, 1, 1, -2 ], 
      [ 0, -1, 0, 1, 1, 1, 1, -2 ], [ -1, 0, 0, 1, 1, 1, -2, 1 ], 
      [ 0, 0, -1, 1, 1, 1, 1, -2 ], [ 0, -1, 0, 1, 1, 1, -2, 1 ], 
      [ 0, 0, -1, 1, 1, 1, -2, 1 ], [ -1, -1, 0, 1, 2, 1, -1, 0 ], 
      [ -1, -1, 0, 1, 2, 1, 0, -1 ], [ 1, 1, -1, 0, -1, 0, 2, -1 ], 
      [ 1, 1, 0, -1, -1, 0, 2, -1 ], [ 1, 1, -1, 0, -1, 0, -1, 2 ], 
      [ 1, 1, 0, -1, -1, 0, -1, 2 ], [ -1, -1, 1, 1, 2, 0, -1, 0 ], 
      [ -1, -1, 1, 1, 2, 0, 0, -1 ], [ -1, -1, 1, 1, 1, 0, 1, -1 ], 
      [ 1, 1, -1, 0, -1, 1, 1, -1 ], [ 1, 1, -1, 0, -1, 1, -1, 1 ], 
      [ -1, -1, 1, 1, 1, 0, -1, 1 ], [ -1, -1, 0, 1, 2, 1, 1, -2 ], 
      [ -1, -1, 0, 1, 2, 1, -2, 1 ], [ 1, 1, -1, 0, -1, 1, -2, 2 ], 
      [ 1, 1, -1, 0, -1, 1, 2, -2 ], [ -1, -1, 1, 1, 2, 0, -2, 1 ], 
      [ -1, -1, 1, 1, 1, 0, -2, 2 ], [ -1, -1, 1, 1, 1, 0, 2, -2 ], 
      [ -1, -1, 1, 1, 2, 0, 1, -2 ], [ -1, -1, 1, 1, 2, 0, -3, 2 ], 
      [ -1, -1, 0, 1, 2, 1, 2, -3 ], [ -1, -1, 0, 1, 2, 1, -3, 2 ], 
      [ -1, -1, 1, 1, 2, 0, 2, -3 ] ],
  ListAdjacent := [ rec(
          DistVect := [ 0, 1, 0, 1, 0, 0, 0, 0, 1, 0, 1, 1, 1, 1, 1, 0, 0, 0, 
              0, 1, 1, 1, 1, 0, 0, 0, 0, 0, 0 ],
          eAdj := [ 1, 2, 3, 4, 5, 6, 7, 8, 9, 10, 11, 12, 14, 15, 16, 17, 
              18, 19, 20, 21, 22, 23, 24, 25, 26, 27, 28, 29, 30, 31, 32, 33, 
              34, 35, 36, 37, 38, 39, 40, 41, 42, 43, 44, 45, 46, 47, 48, 50, 
              51, 53, 54, 55, 56, 57, 58, 59, 60, 61, 62, 63, 64, 65, 66, 67, 
              68, 69, 70, 71, 72, 73, 74, 75, 76, 77, 78, 79, 80, 81, 82, 83 
             ] ), rec(
          DistVect := [ 0, 1, 0, 0, 1, 1, 1, 1, 1, 1, 0, 0, 0, 0, 0, 1, 1, 1, 
              1, 1, 1, 1, 1, 0, 0, 0, 0, 0, 0 ],
          eAdj := [ 1, 2, 3, 4, 5, 6, 7, 8, 10, 11, 12, 13, 14, 15, 16, 17, 
              18, 19, 20, 21, 22, 23, 24, 25, 26, 27, 28, 29, 30, 31, 32, 33, 
              34, 35, 36, 37, 38, 39, 40, 41, 42, 43, 44, 45, 47, 48, 49, 50, 
              52, 53, 54, 55, 56, 57, 58, 59, 60, 61, 62, 63, 64, 65, 66, 67, 
              68, 69, 70, 71, 72, 73, 74, 75, 76, 77, 78, 79, 80, 81, 82, 83 
             ] ), rec(
          DistVect := [ 0, 1, 1, 0, 0, 1, 0, 0, 0, 1, 1, 0, 1, 1, 1, 1, 0, 1, 
              1, 0, 1, 0, 0, 1, 0, 0, 1, 1, 0 ],
          eAdj := [ 1, 2, 3, 4, 5, 6, 7, 8, 9, 11, 12, 13, 14, 15, 16, 17, 
              18, 19, 20, 21, 22, 23, 24, 25, 26, 27, 28, 29, 30, 31, 32, 33, 
              34, 35, 36, 37, 38, 39, 40, 41, 43, 44, 46, 47, 48, 49, 50, 51, 
              52, 53, 54, 55, 56, 57, 58, 59, 60, 61, 62, 63, 64, 65, 66, 67, 
              68, 69, 70, 71, 72, 73, 74, 75, 76, 77, 78, 79, 80, 81, 82, 83 
             ] ), rec(
          DistVect := [ 0, 1, 0, 0, 1, 0, 0, 0, 1, 1, 0, 1, 1, 1, 0, 1, 0, 0, 
              0, 1, 0, 0, 0, 1, 1, 1, 0, 0, 0 ],
          eAdj := [ 1, 2, 3, 4, 5, 6, 7, 8, 9, 10, 11, 12, 13, 14, 15, 17, 
              18, 19, 20, 21, 22, 24, 25, 26, 27, 28, 29, 30, 31, 32, 33, 34, 
              35, 36, 37, 38, 39, 40, 41, 42, 43, 44, 45, 46, 47, 48, 49, 50, 
              51, 52, 53, 54, 55, 56, 57, 58, 59, 60, 61, 62, 63, 64, 65, 66, 
              67, 68, 69, 70, 71, 72, 73, 74, 75, 76, 77, 78, 79, 80, 81, 82, 
              83 ] ), rec(
          DistVect := [ 0, 0, 1, 0, 0, 1, 1, 1, 1, 0, 0, 1, 1, 1, 1, 1, 0, 0, 
              0, 0, 1, 1, 1, 1, 1, 1, 0, 0, 0 ],
          eAdj := [ 1, 2, 3, 4, 5, 6, 7, 8, 9, 10, 11, 12, 13, 14, 15, 16, 
              17, 18, 19, 20, 21, 22, 23, 24, 25, 26, 27, 28, 29, 30, 31, 32, 
              33, 35, 36, 38, 39, 40, 41, 42, 43, 44, 45, 46, 47, 48, 49, 50, 
              51, 52, 53, 54, 55, 56, 58, 60, 61, 62, 63, 64, 65, 66, 67, 68, 
              69, 70, 71, 72, 73, 74, 75, 76, 77, 78, 79, 80, 81, 82, 83 ] ), 
      rec(
          DistVect := [ 0, 0, 0, 1, 0, 1, 1, 1, 0, 1, 0, 1, 1, 1, 1, 0, 1, 1, 
              1, 1, 0, 0, 0, 1, 1, 1, 0, 0, 0 ],
          eAdj := [ 1, 2, 3, 4, 5, 6, 7, 8, 9, 10, 11, 12, 13, 14, 15, 16, 
              17, 19, 20, 21, 22, 23, 24, 25, 26, 27, 28, 29, 30, 31, 32, 33, 
              34, 35, 36, 37, 38, 39, 40, 42, 43, 44, 45, 46, 47, 49, 50, 51, 
              52, 53, 54, 55, 56, 57, 58, 59, 60, 61, 62, 63, 64, 65, 66, 67, 
              68, 69, 70, 71, 72, 73, 74, 75, 76, 77, 78, 79, 80, 81, 82, 83 
             ] ), rec(
          DistVect := [ 0, 1, 1, 1, 0, 1, 0, 0, 0, 0, 1, 0, 1, 1, 0, 1, 0, 1, 
              1, 1, 0, 1, 1, 1, 0, 0, 1, 1, 0 ],
          eAdj := [ 1, 2, 3, 4, 5, 6, 7, 8, 9, 10, 11, 12, 13, 14, 15, 16, 
              17, 18, 19, 20, 21, 22, 23, 24, 25, 26, 27, 28, 29, 30, 31, 32, 
              34, 35, 37, 38, 39, 40, 41, 42, 43, 44, 45, 46, 47, 48, 49, 50, 
              51, 52, 53, 55, 57, 58, 59, 60, 61, 62, 63, 64, 65, 66, 67, 68, 
              69, 70, 71, 72, 73, 74, 75, 76, 77, 78, 79, 80, 81, 82, 83 ] ), 
      rec(
          DistVect := [ 0, 0, 0, 0, 0, 1, 0, 0, 0, 0, 0, 1, 0, 0, 0, 0, 1, 0, 
              0, 0, 1, 0, 0, 1, 0, 0, 1, 1, 0 ],
          eAdj := [ 1, 2, 3, 4, 5, 6, 7, 8, 9, 10, 11, 12, 13, 14, 15, 16, 
              17, 18, 19, 20, 23, 24, 25, 26, 27, 28, 29, 30, 31, 32, 33, 34, 
              35, 36, 37, 38, 39, 40, 41, 42, 43, 44, 45, 46, 47, 48, 49, 50, 
              51, 52, 53, 54, 55, 56, 57, 58, 59, 60, 61, 62, 63, 64, 65, 66, 
              67, 68, 69, 70, 71, 72, 73, 74, 75, 76, 77, 78, 79, 80, 81, 82, 
              83 ] ), rec(
          DistVect := [ 0, 0, 0, 1, 0, 0, 1, 1, 0, 1, 0, 0, 1, 1, 1, 0, 0, 1, 
              1, 1, 1, 0, 0, 0, 1, 1, 1, 1, 0 ],
          eAdj := [ 2, 3, 4, 5, 6, 7, 8, 9, 10, 12, 13, 14, 15, 16, 17, 18, 
              19, 20, 21, 22, 23, 24, 25, 26, 27, 28, 29, 30, 31, 32, 33, 34, 
              35, 36, 37, 38, 39, 40, 41, 42, 43, 44, 45, 46, 47, 48, 49, 50, 
              51, 52, 53, 54, 55, 56, 57, 58, 59, 60, 61, 62, 63, 64, 65, 66, 
              67, 68, 69, 70, 71, 72, 73, 74, 75, 76, 77, 78, 79, 80, 81, 82, 
              83 ] ), rec(
          DistVect := [ 0, 7, 7, 4, 3, 7, 5, 8, 4, 7, 4, 8, 8, 5, 7, 8, 4, 8, 
              5, 7, 7, 5, 8, 8, 4, 5, 4, 5, 3 ],
          eAdj := [ 1, 5, 6, 9, 13, 15, 16, 17, 21, 24, 25, 28, 31, 32, 33, 
              43, 45, 47, 48, 53, 58, 59, 60, 66, 70, 73 ] ), rec(
          DistVect := [ 0, 4, 4, 4, 3, 8, 7, 8, 4, 4, 5, 8, 9, 8, 4, 7, 4, 7, 
              8, 7, 8, 7, 8, 7, 4, 7, 3, 4, 3 ],
          eAdj := [ 1, 7, 9, 15, 17, 18, 19, 20, 21, 22, 23, 30, 31, 32, 33, 
              34, 35, 44, 45, 50, 52, 58, 69, 71, 73, 76 ] ), rec(
          DistVect := [ 0, 7, 4, 4, 3, 7, 5, 8, 7, 7, 4, 8, 8, 5, 4, 7, 3, 5, 
              8, 7, 7, 5, 8, 8, 4, 5, 4, 5, 3 ],
          eAdj := [ 1, 6, 7, 15, 16, 17, 18, 19, 22, 24, 25, 26, 30, 31, 32, 
              33, 34, 45, 46, 52, 58, 60, 69, 71, 73, 76 ] ), rec(
          DistVect := [ 0, 4, 7, 7, 4, 8, 8, 5, 7, 7, 4, 8, 8, 5, 4, 7, 3, 5, 
              8, 7, 7, 5, 8, 8, 4, 5, 4, 5, 3 ],
          eAdj := [ 1, 6, 8, 17, 18, 22, 23, 24, 26, 34, 40, 44, 45, 46, 50, 
              52, 56, 58, 62, 63, 69, 73, 75, 77, 80, 82 ] ), rec(
          DistVect := [ 0, 4, 4, 7, 4, 8, 8, 5, 4, 7, 4, 8, 8, 5, 7, 8, 4, 8, 
              5, 7, 7, 5, 8, 8, 4, 5, 4, 5, 3 ],
          eAdj := [ 1, 5, 6, 7, 8, 9, 13, 17, 19, 21, 23, 24, 30, 32, 44, 45, 
              48, 56, 58, 59, 63, 69, 71, 73, 76, 82 ] ), rec(
          DistVect := [ 0, 5, 5, 5, 3, 7, 5, 8, 4, 4, 4, 8, 8, 7, 4, 8, 4, 8, 
              7, 8, 8, 8, 7, 8, 4, 5, 4, 5, 3 ],
          eAdj := [ 1, 9, 10, 13, 15, 16, 17, 18, 19, 21, 25, 28, 29, 32, 34, 
              35, 36, 39, 43, 47, 53, 60, 61, 67, 68, 70 ] ), rec(
          DistVect := [ 0, 4, 5, 4, 4, 8, 8, 7, 5, 4, 4, 8, 8, 7, 5, 5, 5, 5, 
              8, 8, 8, 8, 7, 8, 4, 7, 4, 3, 3 ],
          eAdj := [ 1, 10, 15, 17, 20, 22, 23, 26, 31, 33, 35, 37, 40, 41, 
              44, 45, 46, 50, 52, 60, 62, 69, 71, 73, 75, 76 ] ), rec(
          DistVect := [ 0, 4, 5, 4, 3, 8, 7, 8, 5, 4, 3, 8, 7, 8, 5, 8, 5, 8, 
              5, 7, 8, 7, 8, 7, 4, 7, 3, 4, 3 ],
          eAdj := [ 1, 5, 10, 13, 15, 17, 19, 20, 21, 23, 28, 31, 32, 33, 35, 
              44, 45, 47, 48, 51, 53, 59, 60, 66, 70, 73 ] ), rec(
          DistVect := [ 0, 7, 7, 7, 3, 7, 5, 8, 4, 4, 4, 8, 8, 5, 4, 8, 4, 8, 
              5, 8, 8, 8, 5, 8, 4, 5, 4, 5, 3 ],
          eAdj := [ 1, 4, 5, 6, 9, 10, 13, 16, 17, 18, 21, 25, 28, 29, 32, 
              34, 35, 36, 39, 43, 47, 60, 61, 67, 68, 70 ] ), rec(
          DistVect := [ 0, 4, 4, 4, 4, 8, 8, 7, 4, 4, 4, 8, 8, 9, 4, 8, 4, 8, 
              7, 8, 8, 8, 7, 8, 4, 7, 4, 3, 3 ],
          eAdj := [ 1, 7, 9, 10, 13, 15, 17, 18, 19, 20, 21, 22, 23, 30, 31, 
              32, 33, 34, 35, 38, 44, 50, 53, 60, 66, 69 ] ), rec(
          DistVect := [ 0, 4, 4, 4, 3, 8, 7, 8, 4, 4, 3, 8, 7, 8, 4, 5, 4, 5, 
              8, 7, 8, 7, 8, 7, 4, 7, 3, 4, 3 ],
          eAdj := [ 1, 7, 9, 10, 15, 17, 18, 20, 22, 23, 26, 30, 31, 32, 33, 
              34, 35, 44, 45, 50, 52, 60, 69, 71, 73, 76 ] ), rec(
          DistVect := [ 0, 4, 4, 4, 4, 8, 8, 7, 4, 4, 4, 8, 8, 7, 4, 8, 4, 8, 
              5, 8, 8, 8, 7, 8, 4, 7, 4, 3, 3 ],
          eAdj := [ 1, 5, 7, 9, 10, 13, 15, 17, 18, 19, 20, 21, 23, 30, 31, 
              32, 33, 34, 35, 44, 45, 53, 60, 66, 69, 73 ] ), rec(
          DistVect := [ 0, 4, 5, 4, 4, 8, 8, 7, 7, 4, 4, 8, 8, 5, 5, 7, 3, 5, 
              8, 8, 8, 8, 7, 8, 4, 5, 4, 5, 3 ],
          eAdj := [ 1, 6, 7, 10, 15, 17, 18, 22, 23, 26, 31, 33, 35, 37, 40, 
              41, 45, 46, 50, 52, 60, 62, 69, 71, 73, 76 ] ), rec(
          DistVect := [ 0, 7, 4, 7, 3, 7, 5, 8, 7, 4, 4, 8, 8, 5, 7, 7, 3, 5, 
              8, 8, 8, 8, 5, 8, 4, 5, 4, 5, 3 ],
          eAdj := [ 1, 4, 6, 7, 10, 16, 17, 19, 22, 25, 26, 29, 30, 32, 35, 
              36, 37, 39, 41, 46, 52, 53, 60, 61, 66, 69 ] ), rec(
          DistVect := [ 0, 4, 4, 4, 4, 8, 8, 7, 4, 4, 4, 8, 8, 5, 4, 8, 4, 8, 
              5, 8, 8, 8, 7, 8, 4, 5, 4, 5, 3 ],
          eAdj := [ 1, 5, 6, 7, 9, 10, 13, 15, 17, 18, 19, 21, 23, 30, 31, 
              32, 33, 34, 35, 45, 47, 48, 53, 60, 66, 73 ] ), rec(
          DistVect := [ 0, 4, 7, 4, 4, 8, 8, 5, 7, 4, 4, 8, 8, 5, 7, 7, 3, 5, 
              8, 8, 8, 8, 5, 8, 4, 5, 4, 5, 3 ],
          eAdj := [ 1, 4, 6, 8, 10, 15, 17, 22, 23, 26, 31, 33, 35, 37, 40, 
              41, 46, 50, 52, 60, 62, 69, 71, 73, 75, 76 ] ), rec(
          DistVect := [ 0, 4, 4, 4, 4, 8, 8, 5, 4, 4, 4, 8, 8, 7, 4, 8, 4, 8, 
              7, 8, 8, 8, 7, 8, 4, 5, 4, 5, 3 ],
          eAdj := [ 1, 7, 8, 9, 10, 13, 15, 17, 18, 19, 21, 23, 30, 31, 32, 
              33, 34, 35, 44, 50, 53, 60, 66, 69, 71, 73 ] ), rec(
          DistVect := [ 0, 4, 4, 4, 4, 8, 8, 5, 4, 4, 4, 8, 8, 5, 4, 8, 4, 8, 
              5, 8, 8, 8, 5, 8, 4, 5, 4, 5, 3 ],
          eAdj := [ 1, 4, 5, 6, 7, 8, 9, 10, 13, 15, 17, 18, 19, 21, 23, 30, 
              31, 32, 33, 34, 35, 53, 60, 66, 69, 73 ] ), rec(
          DistVect := [ 0, 7, 7, 4, 4, 8, 5, 8, 4, 5, 5, 7, 8, 5, 5, 9, 3, 8, 
              5, 8, 8, 7, 8, 8, 3, 4, 5, 4, 3 ],
          eAdj := [ 1, 5, 6, 9, 11, 13, 15, 16, 17, 18, 21, 25, 28, 31, 32, 
              34, 35, 36, 43, 45, 47, 48, 53, 60, 66, 67 ] ), rec(
          DistVect := [ 0, 7, 4, 4, 4, 8, 5, 8, 7, 5, 5, 7, 8, 5, 4, 8, 4, 5, 
              8, 8, 8, 7, 8, 8, 3, 4, 5, 4, 3 ],
          eAdj := [ 1, 6, 7, 11, 15, 16, 17, 18, 19, 22, 25, 26, 30, 31, 35, 
              36, 37, 41, 45, 46, 52, 60, 66, 69, 71, 76 ] ), rec(
          DistVect := [ 0, 5, 4, 4, 4, 8, 7, 8, 5, 5, 5, 5, 8, 5, 4, 8, 4, 7, 
              8, 8, 8, 7, 8, 8, 3, 4, 7, 4, 3 ],
          eAdj := [ 2, 6, 7, 11, 15, 16, 17, 18, 19, 22, 23, 30, 31, 35, 36, 
              37, 40, 41, 45, 46, 52, 60, 66, 69, 71, 76 ] ), rec(
          DistVect := [ 0, 7, 4, 4, 4, 8, 5, 8, 5, 5, 5, 5, 8, 5, 4, 8, 4, 7, 
              8, 8, 8, 7, 8, 8, 3, 4, 7, 4, 3 ],
          eAdj := [ 2, 6, 7, 11, 15, 16, 17, 18, 19, 22, 25, 30, 31, 35, 36, 
              37, 41, 45, 46, 52, 53, 60, 61, 66, 69, 71 ] ), rec(
          DistVect := [ 0, 4, 7, 7, 3, 7, 8, 5, 7, 7, 3, 7, 8, 5, 4, 8, 4, 5, 
              8, 8, 8, 5, 8, 8, 5, 4, 5, 4, 3 ],
          eAdj := [ 6, 8, 11, 17, 18, 22, 23, 24, 26, 33, 35, 37, 40, 44, 45, 
              46, 50, 52, 60, 62, 63, 69, 73, 75, 76, 77 ] ), rec(
          DistVect := [ 0, 4, 7, 5, 5, 7, 8, 5, 7, 5, 5, 7, 8, 5, 4, 8, 4, 5, 
              8, 8, 8, 7, 8, 8, 3, 4, 5, 4, 3 ],
          eAdj := [ 1, 6, 8, 11, 17, 18, 22, 23, 26, 33, 35, 37, 40, 41, 44, 
              45, 46, 50, 52, 62, 63, 73, 75, 76, 77, 80 ] ), rec(
          DistVect := [ 0, 4, 5, 5, 5, 5, 8, 5, 5, 5, 5, 5, 8, 5, 4, 8, 4, 7, 
              8, 8, 8, 7, 8, 8, 3, 4, 7, 4, 3 ],
          eAdj := [ 2, 6, 8, 11, 17, 18, 22, 23, 33, 35, 37, 40, 41, 44, 45, 
              46, 50, 52, 60, 62, 63, 71, 73, 75, 76, 77 ] ), rec(
          DistVect := [ 0, 4, 4, 7, 3, 7, 8, 5, 4, 7, 3, 7, 8, 5, 7, 7, 3, 8, 
              5, 8, 8, 5, 8, 8, 5, 4, 5, 4, 3 ],
          eAdj := [ 5, 6, 7, 8, 9, 11, 13, 17, 19, 21, 23, 24, 30, 32, 33, 
              34, 35, 44, 45, 48, 60, 63, 66, 69, 71, 73 ] ), rec(
          DistVect := [ 0, 4, 4, 5, 5, 7, 8, 5, 4, 5, 5, 7, 8, 5, 5, 9, 3, 8, 
              5, 8, 8, 7, 8, 8, 3, 4, 5, 4, 3 ],
          eAdj := [ 1, 5, 6, 7, 8, 9, 11, 13, 17, 18, 19, 21, 23, 30, 33, 34, 
              35, 44, 45, 48, 63, 66, 69, 71, 73, 76 ] ), rec(
          DistVect := [ 0, 4, 5, 4, 4, 8, 8, 7, 5, 4, 4, 8, 8, 7, 3, 7, 5, 5, 
              8, 8, 8, 8, 9, 8, 4, 5, 4, 3, 3 ],
          eAdj := [ 1, 10, 11, 15, 17, 18, 22, 23, 26, 30, 31, 33, 35, 37, 
              40, 41, 44, 45, 46, 50, 52, 60, 62, 69, 71, 76 ] ), rec(
          DistVect := [ 0, 5, 7, 5, 3, 9, 5, 8, 4, 4, 4, 8, 8, 7, 4, 8, 4, 8, 
              5, 8, 8, 8, 7, 8, 4, 5, 4, 3, 3 ],
          eAdj := [ 1, 5, 9, 10, 11, 13, 15, 16, 17, 18, 21, 25, 28, 29, 32, 
              34, 35, 36, 38, 39, 43, 47, 61, 67, 68, 70 ] ), rec(
          DistVect := [ 0, 4, 4, 4, 4, 8, 8, 7, 4, 4, 4, 8, 8, 7, 4, 8, 4, 8, 
              7, 8, 8, 8, 9, 8, 4, 5, 4, 3, 3 ],
          eAdj := [ 1, 7, 9, 10, 11, 13, 15, 17, 18, 19, 21, 22, 23, 30, 31, 
              32, 33, 34, 35, 44, 45, 53, 60, 66, 69, 71 ] ), rec(
          DistVect := [ 0, 5, 4, 5, 3, 9, 5, 8, 5, 4, 4, 8, 8, 7, 5, 7, 5, 5, 
              8, 8, 8, 8, 7, 8, 4, 5, 4, 3, 3 ],
          eAdj := [ 1, 7, 10, 11, 15, 16, 17, 19, 22, 25, 26, 29, 30, 32, 35, 
              36, 37, 38, 39, 41, 46, 52, 53, 61, 66, 69 ] ), rec(
          DistVect := [ 0, 4, 4, 4, 4, 8, 8, 7, 4, 4, 4, 8, 8, 7, 4, 8, 4, 8, 
              5, 8, 8, 8, 9, 8, 4, 5, 4, 3, 3 ],
          eAdj := [ 1, 5, 7, 9, 10, 11, 13, 15, 17, 18, 19, 21, 23, 28, 30, 
              31, 32, 33, 34, 35, 44, 45, 48, 53, 60, 66 ] ), rec(
          DistVect := [ 0, 5, 4, 4, 4, 8, 7, 8, 7, 5, 3, 7, 8, 5, 4, 8, 4, 5, 
              8, 8, 8, 7, 8, 8, 5, 4, 5, 4, 3 ],
          eAdj := [ 6, 7, 10, 11, 15, 16, 17, 18, 19, 22, 26, 30, 31, 35, 36, 
              37, 40, 41, 45, 46, 52, 60, 61, 66, 69, 71 ] ), rec(
          DistVect := [ 0, 4, 4, 4, 4, 8, 8, 7, 4, 4, 4, 8, 8, 5, 4, 8, 4, 8, 
              7, 8, 8, 8, 9, 8, 4, 3, 4, 5, 3 ],
          eAdj := [ 1, 6, 7, 9, 10, 11, 13, 15, 16, 17, 18, 19, 21, 23, 30, 
              31, 32, 33, 34, 35, 45, 48, 53, 60, 66, 71 ] ), rec(
          DistVect := [ 0, 5, 4, 4, 4, 8, 7, 8, 5, 3, 5, 7, 8, 5, 4, 8, 4, 7, 
              8, 8, 8, 9, 8, 8, 3, 4, 5, 4, 3 ],
          eAdj := [ 1, 6, 7, 10, 11, 15, 16, 17, 18, 19, 22, 23, 30, 31, 35, 
              36, 37, 41, 45, 46, 52, 53, 60, 66, 69, 71 ] ), rec(
          DistVect := [ 0, 4, 4, 4, 4, 7, 8, 7, 4, 4, 4, 5, 8, 5, 4, 8, 3, 8, 
              7, 8, 7, 8, 7, 7, 4, 3, 7, 4, 3 ],
          eAdj := [ 2, 6, 7, 10, 11, 13, 15, 16, 17, 18, 19, 22, 23, 30, 31, 
              36, 37, 38, 40, 41, 46, 53, 61, 66, 67, 69 ] ), rec(
          DistVect := [ 0, 7, 5, 5, 5, 8, 5, 8, 4, 4, 4, 5, 8, 5, 4, 8, 3, 8, 
              7, 8, 7, 8, 7, 7, 4, 3, 7, 4, 3 ],
          eAdj := [ 2, 6, 7, 10, 11, 13, 16, 17, 18, 22, 25, 28, 29, 32, 37, 
              38, 39, 41, 43, 46, 53, 54, 61, 67, 68, 72 ] ), rec(
          DistVect := [ 0, 5, 5, 4, 4, 8, 7, 8, 4, 5, 3, 7, 8, 5, 5, 7, 3, 8, 
              5, 8, 8, 7, 8, 8, 5, 4, 5, 4, 3 ],
          eAdj := [ 5, 6, 7, 9, 10, 11, 13, 15, 16, 17, 18, 21, 28, 31, 32, 
              34, 35, 36, 43, 45, 47, 48, 53, 60, 61, 67 ] ), rec(
          DistVect := [ 0, 4, 7, 4, 4, 8, 8, 5, 5, 4, 4, 8, 8, 7, 5, 7, 5, 5, 
              8, 8, 8, 8, 7, 8, 4, 5, 4, 3, 3 ],
          eAdj := [ 1, 8, 10, 11, 15, 17, 22, 23, 26, 31, 33, 35, 37, 38, 40, 
              41, 44, 46, 50, 52, 60, 62, 69, 71, 75, 76 ] ), rec(
          DistVect := [ 0, 4, 7, 4, 4, 8, 8, 5, 7, 4, 4, 8, 8, 5, 5, 9, 3, 5, 
              8, 8, 8, 8, 7, 8, 4, 3, 4, 5, 3 ],
          eAdj := [ 1, 6, 8, 10, 11, 15, 17, 18, 22, 23, 26, 31, 33, 35, 37, 
              40, 41, 46, 50, 52, 60, 62, 66, 69, 71, 76 ] ), rec(
          DistVect := [ 0, 4, 4, 4, 4, 5, 8, 5, 4, 4, 4, 5, 8, 5, 4, 8, 3, 8, 
              7, 8, 7, 8, 7, 7, 4, 3, 7, 4, 3 ],
          eAdj := [ 2, 6, 8, 10, 11, 13, 15, 17, 18, 19, 22, 23, 30, 31, 36, 
              37, 38, 40, 41, 46, 53, 60, 61, 66, 69, 71 ] ), rec(
          DistVect := [ 0, 4, 7, 4, 3, 7, 8, 5, 7, 4, 3, 7, 8, 5, 7, 8, 4, 5, 
              8, 7, 7, 8, 5, 8, 5, 4, 5, 4, 3 ],
          eAdj := [ 4, 6, 8, 10, 11, 15, 17, 22, 23, 26, 31, 36, 38, 40, 41, 
              46, 50, 52, 57, 60, 61, 62, 66, 69, 71, 75 ] ), rec(
          DistVect := [ 0, 4, 4, 4, 4, 8, 8, 5, 4, 4, 4, 8, 8, 7, 4, 8, 4, 8, 
              5, 8, 8, 8, 7, 8, 4, 5, 4, 3, 3 ],
          eAdj := [ 1, 5, 7, 8, 9, 10, 11, 13, 15, 17, 18, 19, 21, 23, 30, 
              31, 32, 33, 34, 35, 38, 44, 53, 60, 66, 69 ] ), rec(
          DistVect := [ 0, 4, 4, 4, 4, 8, 8, 5, 4, 4, 4, 8, 8, 5, 4, 8, 4, 8, 
              5, 8, 8, 8, 7, 8, 4, 3, 4, 5, 3 ],
          eAdj := [ 1, 5, 6, 7, 8, 9, 10, 11, 13, 15, 17, 18, 19, 21, 23, 30, 
              31, 32, 33, 34, 35, 48, 53, 60, 66, 67 ] ), rec(
          DistVect := [ 0, 4, 4, 4, 3, 7, 8, 5, 4, 4, 3, 7, 8, 5, 4, 7, 3, 8, 
              5, 7, 7, 8, 5, 8, 5, 4, 5, 4, 3 ],
          eAdj := [ 4, 5, 6, 7, 8, 9, 10, 11, 13, 15, 17, 18, 19, 21, 23, 30, 
              31, 32, 36, 37, 38, 53, 60, 61, 67, 69 ] ), rec(
          DistVect := [ 0, 5, 4, 4, 4, 7, 8, 7, 5, 5, 5, 8, 5, 8, 4, 8, 3, 8, 
              7, 8, 7, 8, 7, 7, 4, 3, 7, 4, 3 ],
          eAdj := [ 2, 7, 9, 11, 12, 15, 16, 18, 19, 22, 23, 27, 28, 29, 32, 
              36, 37, 40, 41, 42, 49, 55, 67, 68, 72, 79 ] ), rec(
          DistVect := [ 0, 4, 5, 5, 5, 8, 5, 8, 5, 5, 5, 8, 5, 8, 4, 8, 3, 8, 
              7, 8, 7, 8, 7, 7, 4, 3, 7, 4, 3 ],
          eAdj := [ 2, 7, 9, 11, 12, 16, 18, 22, 25, 27, 37, 39, 41, 42, 43, 
              49, 54, 55, 64, 65, 68, 70, 72, 78, 79, 81 ] ), rec(
          DistVect := [ 0, 4, 4, 4, 4, 8, 7, 8, 4, 4, 4, 8, 9, 8, 4, 8, 4, 7, 
              8, 8, 8, 9, 8, 8, 5, 4, 3, 4, 3 ],
          eAdj := [ 1, 7, 9, 10, 11, 12, 13, 15, 16, 17, 18, 19, 21, 22, 28, 
              29, 30, 32, 35, 36, 37, 38, 39, 53, 61, 67 ] ), rec(
          DistVect := [ 0, 4, 4, 4, 4, 8, 8, 7, 4, 4, 4, 8, 8, 7, 4, 8, 4, 8, 
              7, 8, 8, 8, 9, 8, 4, 3, 4, 5, 3 ],
          eAdj := [ 1, 7, 9, 10, 11, 12, 13, 15, 16, 17, 18, 19, 21, 23, 28, 
              30, 31, 32, 33, 34, 35, 48, 53, 60, 66, 67 ] ), rec(
          DistVect := [ 0, 4, 4, 4, 4, 8, 7, 8, 4, 4, 4, 8, 5, 8, 4, 8, 4, 7, 
              8, 8, 8, 7, 8, 8, 3, 4, 7, 4, 3 ],
          eAdj := [ 2, 7, 9, 10, 11, 12, 13, 15, 16, 18, 19, 22, 23, 27, 28, 
              29, 32, 36, 37, 38, 40, 41, 53, 61, 66, 67 ] ), rec(
          DistVect := [ 0, 4, 4, 4, 4, 8, 5, 8, 4, 4, 4, 8, 5, 8, 4, 8, 4, 7, 
              8, 8, 8, 7, 8, 8, 3, 4, 7, 4, 3 ],
          eAdj := [ 2, 7, 9, 10, 11, 12, 13, 15, 16, 18, 19, 22, 25, 27, 28, 
              29, 32, 36, 37, 38, 41, 53, 61, 67, 68, 72 ] ), rec(
          DistVect := [ 0, 1, 1, 1, 1, 2, 2, 2, 2, 2, 1, 2, 2, 1, 1, 1, 1, 1, 
              2, 1, 2, 1, 2, 2, 1, 2, 1, 1, 1 ],
          eAdj := [ 1, 6, 7, 17, 18, 20, 22, 23, 24, 26, 33, 34, 40, 44, 45, 
              46, 50, 52, 56, 58, 62, 63, 69, 73, 75, 77, 80, 82 ] ), rec(
          DistVect := [ 0, 1, 1, 1, 1, 2, 2, 2, 1, 2, 1, 2, 2, 1, 2, 2, 1, 2, 
              1, 1, 2, 1, 2, 2, 1, 2, 1, 1, 1 ],
          eAdj := [ 1, 5, 6, 7, 9, 13, 17, 19, 20, 21, 23, 24, 30, 32, 33, 
              44, 45, 47, 48, 52, 56, 58, 59, 63, 69, 71, 73, 76, 82 ] ), rec(
          DistVect := [ 0, 1, 1, 1, 1, 2, 2, 2, 1, 1, 1, 2, 2, 1, 1, 2, 1, 2, 
              2, 2, 2, 2, 2, 2, 1, 1, 1, 1, 1 ],
          eAdj := [ 1, 6, 7, 9, 10, 11, 13, 15, 16, 17, 18, 19, 21, 22, 23, 
              30, 31, 32, 33, 34, 35, 36, 37, 45, 46, 52, 53, 60, 66, 69, 71 
             ] ), rec(
          DistVect := [ 0, 1, 2, 1, 1, 1, 2, 1, 2, 1, 1, 1, 2, 1, 2, 2, 1, 1, 
              2, 2, 1, 2, 1, 2, 1, 1, 2, 1, 1 ],
          eAdj := [ 2, 4, 6, 8, 10, 11, 15, 17, 22, 23, 26, 31, 36, 38, 40, 
              41, 46, 50, 52, 57, 60, 61, 62, 66, 71, 75, 76 ] ), rec(
          DistVect := [ 0, 1, 1, 1, 2, 2, 1, 2, 1, 1, 2, 2, 1, 2, 1, 2, 1, 2, 
              2, 2, 2, 2, 2, 1, 1, 0, 2, 1, 1 ],
          eAdj := [ 2, 3, 7, 9, 11, 12, 16, 18, 22, 25, 27, 37, 39, 41, 42, 
              43, 49, 54, 55, 57, 64, 65, 68, 70, 78, 79, 81, 83 ] ), rec(
          DistVect := [ 0, 2, 2, 1, 1, 1, 2, 1, 1, 2, 1, 2, 1, 2, 2, 2, 1, 1, 
              2, 2, 1, 2, 1, 2, 1, 1, 2, 1, 1 ],
          eAdj := [ 2, 4, 8, 9, 11, 12, 13, 15, 22, 23, 26, 27, 29, 30, 36, 
              40, 41, 42, 46, 50, 53, 55, 57, 61, 66, 67, 69, 72 ] ), rec(
          DistVect := [ 0, 1, 1, 1, 1, 2, 2, 2, 1, 1, 1, 2, 2, 2, 1, 2, 1, 2, 
              2, 1, 2, 1, 2, 2, 1, 2, 1, 1, 1 ],
          eAdj := [ 1, 7, 9, 13, 17, 18, 19, 20, 21, 22, 23, 24, 30, 31, 32, 
              33, 34, 35, 44, 45, 48, 50, 52, 56, 58, 59, 63, 69, 71, 73, 76 
             ] ), rec(
          DistVect := [ 0, 1, 1, 1, 1, 2, 2, 2, 1, 1, 2, 2, 3, 2, 1, 2, 1, 2, 
              2, 2, 2, 2, 2, 2, 1, 2, 1, 1, 1 ],
          eAdj := [ 1, 6, 7, 9, 15, 17, 18, 19, 20, 21, 22, 23, 30, 31, 33, 
              34, 35, 44, 45, 46, 50, 52, 58, 62, 63, 69, 71, 73, 76 ] ), rec(
          DistVect := [ 0, 1, 1, 1, 1, 2, 2, 2, 1, 1, 1, 2, 2, 2, 1, 1, 1, 1, 
              2, 2, 2, 2, 2, 2, 1, 2, 1, 1, 1 ],
          eAdj := [ 1, 7, 9, 10, 15, 17, 18, 20, 22, 23, 26, 30, 31, 33, 34, 
              35, 37, 40, 41, 44, 45, 46, 50, 52, 60, 62, 69, 71, 73, 76 ] ), 
      rec(
          DistVect := [ 0, 1, 1, 1, 1, 2, 2, 2, 1, 1, 1, 2, 2, 2, 1, 2, 1, 2, 
              2, 2, 2, 2, 1, 2, 1, 2, 1, 1, 1 ],
          eAdj := [ 1, 4, 7, 9, 10, 13, 15, 17, 18, 19, 20, 21, 22, 23, 29, 
              30, 31, 32, 33, 34, 35, 36, 37, 38, 41, 50, 52, 53, 60, 66, 69 
             ] ), rec(
          DistVect := [ 0, 1, 1, 1, 1, 2, 2, 2, 1, 1, 1, 2, 2, 2, 1, 2, 1, 2, 
              1, 2, 2, 2, 2, 2, 1, 2, 1, 1, 1 ],
          eAdj := [ 1, 5, 7, 9, 10, 13, 15, 17, 18, 19, 20, 21, 23, 28, 30, 
              31, 32, 33, 34, 35, 44, 45, 47, 48, 51, 53, 59, 60, 66, 73 ] ), 
      rec(
          DistVect := [ 0, 1, 1, 1, 1, 2, 2, 2, 2, 1, 1, 2, 2, 1, 2, 1, 1, 1, 
              2, 2, 2, 2, 1, 2, 1, 2, 1, 1, 1 ],
          eAdj := [ 1, 4, 6, 7, 10, 15, 17, 20, 22, 23, 26, 31, 33, 35, 36, 
              37, 40, 41, 45, 46, 50, 52, 60, 62, 69, 71, 73, 75, 76 ] ), rec(
          DistVect := [ 0, 1, 1, 1, 1, 2, 2, 2, 1, 1, 1, 2, 2, 1, 1, 2, 1, 2, 
              1, 2, 2, 2, 1, 2, 1, 2, 1, 1, 1 ],
          eAdj := [ 1, 4, 5, 6, 7, 9, 10, 13, 15, 17, 18, 19, 20, 21, 23, 30, 
              31, 32, 33, 34, 35, 36, 45, 47, 52, 53, 60, 66, 69, 73 ] ), rec(
          DistVect := [ 0, 2, 2, 1, 1, 2, 1, 2, 1, 2, 1, 2, 2, 1, 2, 2, 1, 2, 
              1, 2, 2, 1, 2, 2, 1, 1, 1, 1, 1 ],
          eAdj := [ 1, 5, 6, 9, 11, 13, 15, 16, 17, 21, 24, 25, 28, 31, 32, 
              33, 34, 35, 36, 43, 45, 47, 48, 53, 58, 59, 60, 66, 67, 70 ] ), 
      rec(
          DistVect := [ 0, 2, 1, 1, 1, 2, 1, 2, 2, 2, 1, 2, 2, 1, 1, 2, 1, 1, 
              2, 2, 2, 1, 2, 2, 1, 1, 1, 1, 1 ],
          eAdj := [ 1, 6, 7, 11, 15, 16, 17, 18, 19, 22, 24, 25, 26, 30, 31, 
              32, 33, 34, 35, 36, 37, 45, 46, 52, 58, 60, 66, 69, 71, 76 ] ), 
      rec(
          DistVect := [ 0, 1, 1, 1, 1, 2, 2, 2, 1, 2, 1, 1, 2, 1, 1, 2, 1, 2, 
              2, 2, 2, 1, 2, 2, 1, 1, 2, 1, 1 ],
          eAdj := [ 2, 6, 7, 11, 13, 15, 16, 17, 18, 19, 22, 23, 24, 30, 31, 
              33, 34, 35, 36, 37, 40, 44, 45, 46, 52, 60, 63, 66, 69, 71, 76 
             ] ), rec(
          DistVect := [ 0, 1, 2, 2, 1, 2, 2, 1, 2, 2, 1, 2, 2, 1, 1, 2, 1, 1, 
              2, 2, 2, 1, 2, 2, 1, 1, 1, 1, 1 ],
          eAdj := [ 1, 6, 8, 11, 17, 18, 22, 23, 24, 26, 33, 34, 35, 37, 40, 
              44, 45, 46, 50, 52, 56, 58, 62, 63, 69, 73, 75, 76, 77, 80 ] ), 
      rec(
          DistVect := [ 0, 1, 2, 2, 1, 1, 2, 1, 2, 2, 1, 1, 2, 1, 1, 2, 1, 1, 
              2, 2, 2, 1, 2, 2, 1, 1, 2, 1, 1 ],
          eAdj := [ 2, 6, 8, 11, 17, 18, 22, 23, 24, 26, 33, 35, 37, 40, 41, 
              44, 45, 46, 50, 52, 60, 62, 63, 73, 75, 76, 77, 80 ] ), rec(
          DistVect := [ 0, 1, 1, 1, 2, 1, 2, 1, 1, 1, 2, 1, 2, 1, 1, 2, 1, 2, 
              2, 2, 2, 2, 2, 2, 0, 1, 2, 1, 1 ],
          eAdj := [ 1, 2, 6, 8, 11, 17, 18, 20, 22, 23, 33, 34, 35, 37, 40, 
              41, 44, 45, 46, 50, 52, 62, 63, 71, 73, 75, 76, 77, 80 ] ), rec(
          DistVect := [ 0, 1, 1, 2, 1, 2, 2, 1, 1, 2, 1, 2, 2, 1, 2, 2, 1, 2, 
              1, 2, 2, 1, 2, 2, 1, 1, 1, 1, 1 ],
          eAdj := [ 1, 5, 6, 7, 8, 9, 11, 13, 17, 19, 21, 23, 24, 30, 32, 33, 
              34, 35, 44, 45, 48, 56, 58, 59, 63, 66, 69, 71, 73, 76 ] ), rec(
          DistVect := [ 0, 1, 1, 1, 1, 2, 2, 2, 1, 1, 1, 1, 2, 1, 1, 2, 1, 2, 
              2, 2, 1, 2, 1, 2, 1, 1, 2, 1, 1 ],
          eAdj := [ 2, 4, 6, 7, 10, 11, 13, 15, 16, 17, 19, 22, 23, 29, 30, 
              31, 36, 37, 38, 39, 40, 41, 46, 52, 53, 54, 57, 61, 66, 67, 69 
             ] ), rec(
          DistVect := [ 0, 1, 2, 1, 1, 2, 2, 1, 2, 1, 1, 2, 2, 1, 2, 2, 1, 1, 
              2, 2, 2, 2, 1, 2, 1, 1, 1, 1, 1 ],
          eAdj := [ 1, 4, 6, 8, 10, 11, 15, 17, 22, 23, 26, 31, 33, 35, 36, 
              37, 38, 40, 41, 46, 50, 52, 57, 60, 62, 66, 69, 71, 75, 76 ] ), 
      rec(
          DistVect := [ 0, 1, 1, 1, 1, 2, 2, 1, 1, 1, 1, 2, 2, 1, 1, 2, 1, 2, 
              1, 2, 2, 2, 1, 2, 1, 1, 1, 1, 1 ],
          eAdj := [ 1, 4, 5, 6, 7, 8, 9, 10, 11, 13, 15, 17, 18, 19, 21, 23, 
              30, 31, 32, 33, 34, 35, 36, 37, 38, 53, 60, 66, 67, 69 ] ), rec(
          DistVect := [ 0, 1, 1, 1, 1, 2, 2, 2, 1, 2, 1, 2, 1, 2, 1, 2, 1, 2, 
              2, 2, 1, 2, 1, 2, 1, 1, 2, 1, 1 ],
          eAdj := [ 2, 4, 7, 9, 11, 12, 13, 15, 16, 19, 22, 23, 27, 28, 29, 
              32, 36, 37, 39, 40, 41, 42, 49, 54, 55, 57, 65, 67, 68, 72, 79 
             ] ), rec(
          DistVect := [ 0, 1, 1, 2, 1, 2, 1, 2, 1, 2, 1, 2, 1, 2, 2, 2, 1, 1, 
              2, 2, 1, 2, 1, 2, 1, 1, 2, 1, 1 ],
          eAdj := [ 2, 4, 7, 9, 11, 12, 13, 16, 19, 22, 25, 26, 27, 28, 32, 
              39, 40, 41, 42, 46, 54, 55, 57, 65, 67, 68, 72, 79, 81 ] ), rec(
          DistVect := [ 0, 2, 1, 1, 1, 1, 2, 1, 1, 1, 2, 2, 1, 2, 1, 2, 1, 2, 
              2, 2, 2, 2, 2, 1, 1, 0, 2, 1, 1 ],
          eAdj := [ 2, 3, 8, 9, 11, 12, 15, 16, 18, 19, 22, 23, 27, 28, 29, 
              32, 36, 37, 40, 41, 42, 49, 53, 55, 57, 67, 68, 72, 79 ] ), rec(
          DistVect := [ 0, 1, 1, 1, 1, 2, 2, 2, 1, 1, 1, 2, 2, 2, 1, 2, 2, 1, 
              2, 2, 2, 2, 2, 1, 2, 1, 1, 0, 1 ],
          eAdj := [ 2, 3, 10, 11, 12, 13, 15, 16, 19, 22, 26, 28, 29, 30, 32, 
              36, 38, 39, 40, 41, 42, 46, 53, 54, 55, 57, 67, 69, 72 ] ), rec(
          DistVect := [ 0, 1, 1, 1, 1, 2, 2, 2, 1, 1, 1, 2, 1, 2, 1, 2, 1, 2, 
              2, 2, 2, 1, 2, 2, 1, 1, 2, 1, 1 ],
          eAdj := [ 2, 7, 9, 10, 11, 12, 13, 15, 16, 18, 19, 22, 23, 24, 27, 
              28, 29, 31, 32, 33, 34, 36, 37, 38, 40, 44, 49, 53, 61, 66, 67 
             ] ), rec(
          DistVect := [ 0, 1, 1, 1, 1, 2, 1, 2, 1, 1, 1, 2, 2, 2, 1, 2, 1, 2, 
              2, 2, 2, 2, 2, 2, 1, 1, 2, 1, 1 ],
          eAdj := [ 2, 7, 9, 10, 11, 12, 13, 15, 16, 17, 18, 19, 22, 25, 28, 
              29, 32, 36, 37, 38, 39, 41, 43, 46, 53, 54, 61, 67, 68, 72 ] ), 
      rec(
          DistVect := [ 0, 1, 1, 1, 1, 1, 2, 1, 1, 1, 1, 2, 2, 2, 1, 2, 1, 2, 
              2, 2, 2, 2, 2, 2, 1, 1, 2, 1, 1 ],
          eAdj := [ 2, 8, 9, 10, 11, 12, 13, 15, 17, 18, 19, 22, 23, 30, 31, 
              33, 36, 37, 38, 40, 41, 44, 46, 50, 53, 60, 61, 66, 69, 71 ] ), 
      rec(
          DistVect := [ 0, 2, 2, 2, 1, 1, 2, 1, 1, 1, 1, 2, 1, 2, 1, 2, 1, 1, 
              2, 2, 2, 1, 2, 2, 1, 1, 2, 1, 1 ],
          eAdj := [ 2, 8, 9, 10, 11, 12, 13, 18, 22, 23, 24, 26, 27, 30, 31, 
              33, 37, 38, 40, 41, 44, 46, 50, 60, 61, 66, 69, 71, 76 ] ), rec(
          DistVect := [ 0, 1, 1, 1, 1, 2, 2, 2, 1, 1, 1, 2, 2, 2, 1, 2, 1, 2, 
              2, 2, 2, 2, 2, 2, 1, 2, 1, 1, 1 ],
          eAdj := [ 1, 7, 9, 10, 13, 15, 17, 18, 19, 20, 21, 22, 23, 30, 31, 
              32, 33, 34, 35, 44, 45, 50, 52, 53, 60, 66, 69, 71, 73, 76 ] ), 
      rec(
          DistVect := [ 0, 2, 1, 1, 1, 2, 1, 2, 1, 2, 1, 1, 2, 1, 1, 2, 1, 2, 
              2, 2, 2, 1, 2, 2, 1, 1, 2, 1, 1 ],
          eAdj := [ 2, 6, 7, 11, 13, 15, 16, 17, 18, 19, 22, 24, 25, 28, 30, 
              31, 32, 34, 35, 36, 37, 43, 45, 46, 52, 53, 60, 61, 66, 69, 71 
             ] ), rec(
          DistVect := [ 0, 2, 1, 1, 1, 2, 1, 2, 1, 1, 2, 1, 2, 1, 1, 2, 1, 2, 
              2, 2, 2, 2, 2, 2, 0, 1, 2, 1, 1 ],
          eAdj := [ 1, 2, 6, 7, 11, 15, 16, 17, 18, 19, 20, 22, 23, 25, 30, 
              31, 34, 35, 36, 37, 41, 45, 46, 52, 53, 60, 66, 69, 71, 76 ] ), 
      rec(
          DistVect := [ 0, 1, 1, 2, 1, 1, 2, 1, 1, 2, 1, 1, 2, 1, 1, 2, 1, 2, 
              2, 2, 2, 1, 2, 2, 1, 1, 2, 1, 1 ],
          eAdj := [ 2, 6, 8, 11, 13, 17, 18, 19, 22, 23, 24, 30, 33, 34, 35, 
              37, 40, 44, 45, 46, 50, 52, 60, 62, 63, 69, 71, 73, 75, 76, 77 
             ] ), rec(
          DistVect := [ 0, 1, 1, 1, 1, 2, 2, 2, 1, 1, 1, 2, 2, 2, 1, 1, 2, 1, 
              2, 2, 2, 2, 2, 2, 1, 2, 1, 0, 1 ],
          eAdj := [ 1, 2, 10, 11, 15, 17, 20, 22, 23, 26, 30, 31, 33, 35, 36, 
              37, 38, 40, 41, 44, 45, 46, 50, 52, 60, 62, 69, 71, 75, 76 ] ), 
      rec(
          DistVect := [ 0, 2, 1, 2, 1, 2, 1, 2, 1, 1, 1, 1, 2, 1, 1, 2, 1, 2, 
              2, 2, 1, 2, 1, 2, 1, 1, 2, 1, 1 ],
          eAdj := [ 2, 4, 6, 7, 10, 11, 13, 16, 17, 19, 22, 25, 28, 29, 30, 
              32, 37, 38, 39, 41, 43, 46, 52, 53, 54, 57, 61, 67, 68, 69, 72 
             ] ), rec(
          DistVect := [ 0, 1, 1, 1, 1, 1, 2, 1, 1, 1, 1, 1, 2, 1, 1, 2, 1, 2, 
              2, 2, 1, 2, 1, 2, 1, 1, 2, 1, 1 ],
          eAdj := [ 2, 4, 6, 8, 10, 11, 13, 15, 17, 19, 22, 23, 30, 31, 36, 
              37, 38, 40, 41, 46, 50, 52, 53, 57, 60, 61, 62, 66, 69, 71, 75 
             ] ), rec(
          DistVect := [ 0, 1, 1, 1, 1, 2, 2, 2, 1, 1, 1, 2, 2, 3, 1, 2, 1, 2, 
              2, 2, 2, 2, 2, 2, 1, 2, 1, 1, 1 ],
          eAdj := [ 1, 7, 9, 10, 12, 13, 15, 17, 18, 19, 20, 21, 22, 23, 27, 
              28, 29, 30, 31, 32, 33, 34, 35, 38, 44, 50, 51, 53, 60, 66 ] ), 
      rec(
          DistVect := [ 0, 1, 1, 1, 1, 2, 2, 2, 1, 1, 0, 2, 1, 2, 1, 1, 1, 1, 
              2, 1, 2, 1, 2, 2, 1, 2, 1, 1, 1 ],
          eAdj := [ 1, 7, 9, 10, 12, 13, 17, 18, 20, 22, 23, 24, 26, 27, 30, 
              31, 32, 33, 34, 35, 40, 44, 45, 50, 52, 56, 60, 69, 71, 73, 76 
             ] ), rec(
          DistVect := [ 0, 1, 1, 1, 1, 2, 2, 2, 1, 2, 0, 2, 1, 2, 2, 1, 1, 1, 
              2, 2, 2, 2, 1, 2, 1, 2, 1, 1, 1 ],
          eAdj := [ 1, 4, 7, 9, 10, 12, 13, 15, 17, 20, 22, 23, 26, 27, 29, 
              30, 32, 33, 36, 37, 38, 40, 41, 42, 50, 52, 53, 60, 61, 66, 69 
             ] ), rec(
          DistVect := [ 0, 1, 1, 1, 1, 2, 2, 2, 2, 1, 0, 2, 1, 2, 2, 2, 1, 2, 
              1, 1, 2, 1, 2, 2, 1, 2, 1, 1, 1 ],
          eAdj := [ 1, 5, 7, 10, 12, 13, 17, 19, 20, 21, 23, 24, 27, 28, 31, 
              32, 33, 35, 44, 45, 47, 48, 49, 51, 53, 56, 59, 60, 66, 70, 73 
             ] ), rec(
          DistVect := [ 0, 1, 1, 1, 1, 2, 2, 2, 2, 2, 0, 2, 1, 2, 1, 2, 1, 2, 
              1, 2, 2, 2, 1, 2, 1, 2, 1, 1, 1 ],
          eAdj := [ 1, 4, 5, 7, 10, 12, 13, 15, 17, 18, 19, 20, 21, 23, 27, 
              28, 29, 32, 33, 34, 36, 38, 42, 47, 49, 51, 60, 61, 67, 68, 70 
             ] ), rec(
          DistVect := [ 0, 1, 1, 2, 1, 2, 1, 2, 1, 2, 1, 2, 1, 2, 1, 2, 1, 2, 
              2, 2, 1, 2, 1, 2, 1, 1, 2, 1, 1 ],
          eAdj := [ 2, 4, 7, 9, 11, 12, 13, 16, 19, 22, 25, 27, 28, 32, 37, 
              39, 41, 42, 43, 49, 54, 55, 57, 64, 65, 68, 70, 72, 78, 79, 81 
             ] ), rec(
          DistVect := [ 0, 1, 2, 1, 1, 2, 1, 2, 1, 1, 1, 2, 2, 2, 1, 2, 1, 2, 
              1, 2, 2, 2, 2, 2, 1, 1, 1, 1, 1 ],
          eAdj := [ 1, 5, 9, 10, 11, 12, 13, 15, 16, 17, 18, 21, 25, 28, 29, 
              34, 35, 36, 38, 39, 43, 47, 48, 49, 51, 61, 64, 67, 68, 70, 79 
             ] ), rec(
          DistVect := [ 0, 1, 1, 1, 1, 2, 2, 2, 1, 1, 1, 2, 2, 2, 1, 2, 1, 2, 
              2, 2, 2, 2, 2, 2, 1, 1, 1, 1, 1 ],
          eAdj := [ 1, 7, 9, 10, 11, 12, 13, 15, 16, 17, 18, 19, 21, 22, 23, 
              28, 29, 30, 31, 32, 33, 34, 35, 36, 37, 38, 53, 60, 61, 66, 67 
             ] ), rec(
          DistVect := [ 0, 1, 1, 1, 1, 2, 1, 2, 1, 1, 1, 2, 2, 2, 1, 2, 1, 1, 
              2, 2, 2, 2, 2, 2, 1, 1, 1, 1, 1 ],
          eAdj := [ 1, 7, 9, 10, 11, 12, 13, 15, 16, 17, 18, 19, 22, 25, 26, 
              28, 29, 30, 32, 35, 36, 37, 38, 39, 41, 46, 52, 53, 61, 66, 67 
             ] ), rec(
          DistVect := [ 0, 1, 1, 1, 1, 2, 2, 2, 1, 1, 1, 2, 2, 2, 1, 2, 1, 2, 
              2, 2, 2, 2, 2, 2, 1, 1, 2, 1, 1 ],
          eAdj := [ 2, 7, 9, 10, 11, 12, 13, 15, 16, 17, 18, 19, 22, 23, 28, 
              29, 30, 31, 32, 36, 37, 38, 40, 41, 46, 53, 61, 66, 67, 69 ] ), 
      rec(
          DistVect := [ 0, 1, 1, 1, 1, 2, 1, 2, 1, 1, 1, 2, 1, 2, 1, 2, 1, 2, 
              2, 2, 2, 1, 2, 2, 1, 1, 2, 1, 1 ],
          eAdj := [ 2, 7, 9, 10, 11, 12, 13, 15, 16, 18, 19, 22, 24, 25, 27, 
              28, 29, 32, 34, 36, 37, 38, 43, 49, 53, 61, 64, 67, 68, 70, 72 
             ] ), rec(
          DistVect := [ 0, 1, 1, 1, 1, 2, 1, 2, 1, 1, 1, 2, 1, 2, 1, 2, 1, 1, 
              2, 2, 2, 1, 2, 2, 1, 1, 2, 1, 1 ],
          eAdj := [ 2, 7, 9, 10, 11, 12, 13, 15, 16, 18, 19, 22, 24, 25, 26, 
              27, 28, 29, 32, 36, 37, 38, 40, 41, 46, 53, 61, 66, 67, 72 ] ), 
      rec(
          DistVect := [ 0, 1, 1, 1, 1, 2, 2, 2, 1, 1, 1, 2, 2, 2, 1, 1, 1, 2, 
              1, 2, 2, 2, 2, 1, 2, 1, 1, 0, 1 ],
          eAdj := [ 2, 3, 5, 7, 9, 10, 11, 12, 15, 16, 18, 21, 22, 28, 29, 
              32, 36, 37, 38, 39, 42, 43, 49, 54, 55, 64, 68, 70, 72, 79 ] ), 
      rec(
          DistVect := [ 0, 1, 1, 1, 1, 1, 2, 1, 1, 1, 1, 1, 2, 1, 1, 2, 1, 2, 
              2, 2, 2, 2, 2, 1, 1, 0, 2, 1, 1 ],
          eAdj := [ 2, 3, 6, 8, 10, 11, 12, 13, 15, 16, 17, 18, 19, 22, 23, 
              30, 31, 36, 37, 38, 40, 41, 46, 53, 57, 61, 66, 67, 69, 71 ] ), 
      rec(
          DistVect := [ 0, 2, 2, 1, 1, 2, 1, 2, 1, 2, 1, 1, 2, 1, 2, 2, 0, 2, 
              1, 2, 2, 1, 2, 2, 1, 1, 2, 1, 1 ],
          eAdj := [ 2, 5, 6, 7, 9, 11, 13, 15, 16, 17, 18, 21, 22, 24, 25, 
              28, 31, 32, 34, 35, 36, 43, 45, 46, 47, 48, 53, 60, 61, 66, 67 
             ] ), rec(
          DistVect := [ 0, 0, 1, 1, 1, 0, 1, 0, 1, 1, 1, 0, 1, 0, 0, 0, 1, 0, 
              1, 0, 1, 0, 1, 1, 0, 1, 1, 0, 1 ],
          eAdj := [ 1, 2, 6, 8, 11, 17, 18, 20, 22, 23, 24, 26, 33, 34, 35, 
              37, 40, 41, 44, 45, 46, 50, 52, 56, 58, 62, 63, 73, 75, 77, 80, 
              82 ] ), rec(
          DistVect := [ 0, 1, 1, 2, 1, 1, 2, 1, 1, 2, 1, 1, 2, 1, 2, 2, 0, 2, 
              1, 2, 2, 1, 2, 2, 1, 1, 2, 1, 1 ],
          eAdj := [ 2, 5, 6, 7, 8, 9, 11, 13, 17, 18, 19, 21, 22, 23, 24, 30, 
              33, 34, 35, 40, 44, 45, 46, 48, 60, 63, 66, 69, 71, 73, 76 ] ), 
      rec(
          DistVect := [ 0, 1, 1, 1, 1, 2, 2, 2, 1, 1, 1, 2, 2, 2, 1, 2, 1, 2, 
              1, 2, 2, 2, 2, 2, 1, 2, 1, 0, 1 ],
          eAdj := [ 1, 2, 5, 7, 9, 10, 11, 13, 15, 17, 18, 19, 20, 21, 22, 
              23, 28, 30, 31, 32, 33, 34, 35, 36, 38, 44, 45, 53, 60, 66, 69 
             ] ), rec(
          DistVect := [ 0, 2, 2, 2, 1, 2, 1, 2, 1, 1, 1, 1, 2, 1, 1, 2, 0, 2, 
              1, 2, 1, 2, 1, 2, 1, 1, 2, 1, 1 ],
          eAdj := [ 2, 4, 5, 6, 7, 9, 10, 11, 13, 16, 17, 18, 21, 22, 25, 28, 
              29, 32, 37, 38, 39, 41, 43, 46, 47, 54, 61, 67, 68, 72, 79 ] ), 
      rec(
          DistVect := [ 0, 1, 1, 1, 1, 1, 2, 1, 1, 1, 1, 1, 2, 1, 1, 2, 0, 2, 
              1, 2, 1, 2, 1, 2, 1, 1, 2, 1, 1 ],
          eAdj := [ 2, 4, 5, 6, 7, 8, 9, 10, 11, 13, 15, 17, 18, 19, 21, 22, 
              23, 30, 31, 36, 37, 38, 40, 41, 46, 53, 60, 61, 66, 67, 69 ] ), 
      rec(
          DistVect := [ 0, 1, 2, 2, 1, 2, 1, 2, 2, 2, 1, 2, 1, 2, 1, 2, 0, 2, 
              1, 2, 1, 2, 1, 2, 1, 1, 2, 1, 1 ],
          eAdj := [ 2, 4, 5, 7, 9, 11, 12, 16, 18, 21, 22, 25, 27, 37, 39, 
              41, 42, 43, 47, 49, 51, 54, 55, 64, 65, 70, 72, 78, 79, 81, 83 
             ] ), rec(
          DistVect := [ 0, 0, 1, 1, 1, 1, 0, 1, 1, 1, 1, 1, 0, 1, 0, 0, 0, 1, 
              0, 0, 0, 1, 0, 0, 1, 0, 1, 0, 1 ],
          eAdj := [ 2, 3, 4, 5, 7, 9, 11, 12, 16, 18, 21, 22, 25, 27, 37, 39, 
              41, 42, 43, 47, 49, 51, 54, 55, 57, 64, 65, 70, 74, 78, 81, 83 
             ] ), rec(
          DistVect := [ 0, 1, 1, 1, 1, 2, 2, 2, 1, 1, 1, 2, 2, 2, 1, 2, 1, 2, 
              2, 2, 2, 2, 3, 2, 1, 1, 1, 1, 1 ],
          eAdj := [ 1, 7, 9, 10, 11, 12, 13, 15, 16, 17, 18, 19, 21, 22, 23, 
              24, 28, 30, 31, 32, 33, 34, 35, 44, 45, 48, 53, 60, 66, 71 ] ), 
      rec(
          DistVect := [ 0, 1, 1, 1, 1, 2, 1, 2, 1, 1, 1, 2, 1, 2, 1, 2, 1, 2, 
              2, 2, 2, 2, 2, 2, 0, 1, 2, 1, 1 ],
          eAdj := [ 1, 2, 7, 9, 10, 11, 12, 13, 15, 16, 17, 18, 19, 20, 22, 
              23, 25, 27, 28, 29, 32, 34, 36, 37, 38, 41, 53, 61, 66, 67, 68 
             ] ), rec(
          DistVect := [ 0, 1, 2, 1, 1, 2, 1, 2, 2, 1, 1, 2, 1, 2, 2, 2, 0, 2, 
              1, 2, 2, 1, 2, 2, 1, 1, 2, 1, 1 ],
          eAdj := [ 2, 5, 7, 9, 10, 11, 12, 15, 16, 18, 21, 22, 24, 25, 27, 
              29, 34, 36, 38, 43, 47, 48, 49, 51, 61, 64, 67, 68, 70, 72, 79 
             ] ), rec(
          DistVect := [ 0, 2, 2, 1, 1, 2, 1, 2, 1, 1, 1, 2, 2, 1, 1, 2, 1, 2, 
              1, 2, 2, 2, 2, 2, 1, 1, 1, 1, 1 ],
          eAdj := [ 1, 5, 6, 9, 10, 11, 13, 15, 16, 17, 18, 21, 25, 28, 29, 
              31, 32, 34, 35, 36, 39, 43, 45, 47, 48, 53, 60, 61, 67, 68, 70 
             ] ), rec(
          DistVect := [ 0, 1, 2, 1, 1, 2, 2, 1, 2, 1, 1, 2, 2, 1, 1, 2, 1, 1, 
              2, 2, 2, 2, 2, 2, 1, 1, 1, 1, 1 ],
          eAdj := [ 1, 6, 8, 10, 11, 15, 17, 18, 22, 23, 26, 31, 33, 35, 37, 
              40, 41, 44, 45, 46, 50, 52, 60, 62, 63, 69, 71, 73, 75, 76, 77 
             ] ), rec(
          DistVect := [ 0, 1, 1, 1, 1, 2, 2, 1, 1, 1, 1, 2, 2, 1, 1, 2, 1, 2, 
              1, 2, 2, 2, 2, 2, 1, 1, 1, 1, 1 ],
          eAdj := [ 1, 5, 6, 7, 8, 9, 10, 11, 13, 15, 17, 18, 19, 21, 23, 30, 
              31, 32, 33, 34, 35, 44, 45, 48, 53, 60, 63, 66, 69, 71, 73 ] ), 
      rec(
          DistVect := [ 0, 0, 0, 1, 1, 1, 0, 1, 0, 1, 1, 1, 0, 1, 1, 1, 1, 0, 
              1, 0, 0, 1, 0, 0, 1, 0, 1, 0, 1 ],
          eAdj := [ 2, 3, 4, 7, 9, 11, 12, 13, 16, 19, 22, 25, 26, 27, 28, 
              32, 39, 40, 41, 42, 43, 46, 49, 54, 55, 57, 64, 65, 68, 70, 78, 
              79, 81, 83 ] ), rec(
          DistVect := [ 0, 0, 1, 0, 1, 0, 1, 0, 1, 0, 1, 0, 1, 0, 1, 0, 1, 0, 
              1, 1, 0, 1, 0, 1, 0, 1, 1, 0, 1 ],
          eAdj := [ 1, 2, 4, 6, 8, 10, 11, 15, 17, 20, 22, 23, 26, 31, 33, 
              35, 36, 37, 38, 40, 41, 44, 45, 46, 50, 52, 57, 60, 62, 63, 71, 
              73, 75, 76, 77, 80 ] ), rec(
          DistVect := [ 0, 1, 1, 0, 0, 0, 1, 0, 0, 1, 1, 1, 0, 1, 1, 1, 1, 0, 
              1, 0, 0, 1, 0, 0, 1, 0, 1, 0, 1 ],
          eAdj := [ 2, 3, 4, 8, 9, 11, 12, 13, 15, 16, 19, 22, 23, 26, 27, 
              28, 29, 30, 32, 36, 39, 40, 41, 42, 46, 49, 50, 53, 54, 55, 57, 
              65, 67, 68, 69, 72, 79, 81 ] ), rec(
          DistVect := [ 0, 0, 0, 1, 1, 0, 1, 0, 0, 1, 1, 0, 1, 0, 1, 1, 0, 1, 
              0, 0, 1, 0, 1, 1, 0, 1, 1, 0, 1 ],
          eAdj := [ 1, 2, 5, 6, 7, 8, 9, 11, 13, 17, 18, 19, 20, 21, 22, 23, 
              24, 30, 33, 34, 35, 40, 44, 45, 46, 48, 50, 52, 56, 58, 59, 62, 
              63, 69, 71, 73, 75, 76, 77, 80, 82 ] ), rec(
          DistVect := [ 0, 0, 1, 0, 1, 1, 0, 1, 1, 0, 1, 1, 0, 1, 1, 0, 0, 1, 
              0, 1, 1, 0, 1, 0, 1, 0, 1, 0, 1 ],
          eAdj := [ 2, 3, 5, 7, 9, 10, 11, 12, 15, 16, 18, 21, 22, 24, 25, 
              27, 29, 34, 36, 37, 38, 39, 42, 43, 47, 48, 49, 51, 54, 55, 64, 
              65, 68, 70, 72, 74, 78, 79, 81, 83 ] ), rec(
          DistVect := [ 0, 1, 1, 1, 1, 0, 1, 0, 0, 0, 0, 1, 0, 1, 0, 0, 1, 0, 
              1, 0, 1, 0, 1, 1, 0, 1, 1, 0, 1 ],
          eAdj := [ 1, 2, 8, 9, 10, 11, 12, 13, 17, 18, 20, 22, 23, 24, 26, 
              27, 30, 31, 33, 34, 35, 37, 38, 40, 41, 44, 45, 46, 50, 52, 56, 
              60, 62, 63, 69, 71, 73, 75, 76, 77, 80 ] ), rec(
          DistVect := [ 0, 1, 1, 0, 1, 0, 1, 0, 0, 1, 0, 1, 0, 1, 1, 0, 1, 0, 
              1, 1, 0, 1, 0, 1, 0, 1, 1, 0, 1 ],
          eAdj := [ 1, 2, 4, 8, 9, 10, 11, 12, 13, 15, 17, 20, 22, 23, 26, 
              27, 29, 30, 31, 33, 36, 37, 38, 40, 41, 42, 44, 46, 50, 52, 53, 
              55, 57, 60, 61, 62, 66, 69, 71, 75, 76 ] ), rec(
          DistVect := [ 0, 1, 0, 0, 0, 0, 1, 0, 1, 1, 1, 1, 0, 1, 0, 0, 0, 1, 
              0, 0, 0, 1, 0, 0, 1, 0, 1, 0, 1 ],
          eAdj := [ 2, 3, 4, 5, 7, 8, 9, 11, 12, 15, 16, 18, 19, 21, 22, 23, 
              27, 28, 29, 32, 36, 37, 39, 40, 41, 42, 43, 49, 51, 54, 55, 57, 
              64, 65, 68, 70, 72, 78, 79, 81, 83 ] ), rec(
          DistVect := [ 0, 0, 0, 0, 1, 1, 0, 1, 0, 0, 1, 1, 0, 1, 0, 1, 1, 0, 
              1, 1, 1, 0, 1, 0, 1, 0, 1, 0, 1 ],
          eAdj := [ 2, 3, 7, 9, 10, 11, 12, 13, 15, 16, 18, 19, 22, 24, 25, 
              26, 27, 28, 29, 32, 36, 37, 38, 39, 40, 41, 42, 43, 46, 49, 53, 
              54, 55, 57, 64, 65, 67, 68, 70, 72, 79, 81 ] ), rec(
          DistVect := [ 0, 1, 1, 1, 0, 0, 1, 0, 0, 0, 1, 1, 0, 1, 0, 1, 1, 0, 
              1, 1, 1, 0, 1, 0, 1, 0, 1, 0, 1 ],
          eAdj := [ 2, 3, 8, 9, 10, 11, 12, 13, 15, 16, 18, 19, 22, 23, 24, 
              26, 27, 28, 29, 30, 31, 32, 33, 36, 37, 38, 40, 41, 42, 44, 46, 
              49, 50, 53, 55, 57, 61, 66, 67, 69, 71, 72 ] ), rec(
          DistVect := [ 0, 0, 1, 0, 0, 0, 1, 0, 1, 0, 0, 0, 1, 0, 1, 1, 1, 0, 
              1, 0, 0, 1, 0, 0, 1, 0, 1, 0, 1 ],
          eAdj := [ 2, 3, 4, 6, 8, 10, 11, 12, 13, 15, 16, 17, 19, 22, 23, 
              26, 29, 30, 31, 36, 38, 39, 40, 41, 42, 46, 50, 52, 53, 54, 55, 
              57, 61, 62, 66, 67, 69, 71, 72, 75 ] ), rec(
          DistVect := [ 0, 1, 1, 0, 1, 1, 0, 1, 0, 1, 0, 0, 1, 0, 1, 0, 0, 1, 
              0, 1, 1, 0, 1, 0, 1, 0, 1, 0, 1 ],
          eAdj := [ 2, 3, 5, 6, 7, 9, 10, 11, 12, 13, 15, 16, 17, 18, 21, 22, 
              24, 25, 28, 29, 31, 32, 34, 35, 36, 37, 38, 39, 43, 45, 46, 47, 
              48, 49, 53, 54, 61, 64, 67, 68, 70, 72, 79 ] ), rec(
          DistVect := [ 0, 0, 1, 1, 0, 0, 1, 0, 1, 1, 0, 0, 1, 0, 0, 1, 1, 0, 
              1, 1, 1, 0, 1, 0, 1, 0, 1, 0, 1 ],
          eAdj := [ 2, 3, 6, 8, 10, 11, 12, 13, 15, 16, 17, 18, 19, 22, 23, 
              24, 26, 30, 31, 33, 35, 36, 37, 38, 40, 41, 44, 45, 46, 50, 52, 
              57, 60, 61, 62, 63, 66, 69, 71, 75, 76, 77 ] ), rec(
          DistVect := [ 0, 1, 1, 0, 0, 1, 0, 1, 0, 1, 1, 0, 1, 0, 1, 1, 0, 1, 
              0, 0, 1, 0, 1, 1, 0, 1, 1, 0, 1 ],
          eAdj := [ 1, 2, 5, 6, 7, 9, 11, 13, 15, 16, 17, 18, 19, 20, 21, 22, 
              23, 24, 25, 28, 30, 31, 32, 33, 34, 35, 36, 43, 44, 45, 46, 47, 
              48, 52, 53, 58, 59, 60, 63, 66, 69, 71, 73, 76 ] ), rec(
          DistVect := [ 0, 0, 0, 0, 1, 0, 1, 0, 0, 0, 1, 0, 1, 0, 0, 1, 0, 1, 
              0, 1, 0, 1, 0, 1, 0, 1, 1, 0, 1 ],
          eAdj := [ 1, 2, 4, 5, 6, 7, 8, 9, 10, 11, 13, 15, 17, 18, 19, 20, 
              21, 22, 23, 30, 31, 33, 34, 35, 36, 37, 38, 40, 41, 44, 45, 46, 
              50, 52, 53, 60, 62, 63, 66, 69, 71, 73, 75, 76 ] ), rec(
          DistVect := [ 0, 0, 0, 1, 0, 1, 0, 1, 0, 1, 0, 1, 0, 1, 1, 0, 1, 0, 
              1, 1, 0, 1, 0, 1, 0, 1, 1, 0, 1 ],
          eAdj := [ 1, 2, 4, 7, 9, 10, 11, 12, 13, 15, 16, 17, 19, 20, 22, 
              23, 25, 26, 27, 28, 29, 30, 32, 36, 37, 38, 39, 40, 41, 42, 46, 
              50, 52, 53, 54, 55, 57, 61, 65, 66, 67, 68, 69, 72 ] ), rec(
          DistVect := [ 0, 1, 1, 1, 0, 1, 0, 1, 0, 0, 1, 0, 1, 0, 0, 1, 0, 1, 
              0, 1, 0, 1, 0, 1, 0, 1, 1, 0, 1 ],
          eAdj := [ 1, 2, 4, 5, 6, 7, 9, 10, 11, 13, 15, 16, 17, 18, 19, 20, 
              21, 22, 23, 25, 28, 29, 30, 31, 32, 34, 35, 36, 37, 38, 39, 41, 
              43, 45, 46, 47, 52, 53, 54, 60, 61, 66, 67, 68, 69 ] ), rec(
          DistVect := [ 0, 0, 0, 0, 0, 1, 0, 1, 0, 0, 0, 1, 0, 1, 0, 0, 1, 0, 
              1, 0, 1, 0, 1, 1, 0, 1, 1, 0, 1 ],
          eAdj := [ 1, 2, 7, 9, 10, 11, 12, 13, 15, 16, 17, 18, 19, 20, 22, 
              23, 24, 25, 26, 27, 28, 29, 30, 31, 32, 33, 34, 35, 36, 37, 38, 
              40, 41, 44, 45, 46, 50, 52, 53, 60, 61, 66, 69, 71, 76 ] ), rec(
          DistVect := [ 0, 0, 0, 1, 0, 0, 1, 0, 0, 1, 0, 0, 1, 0, 1, 0, 0, 1, 
              0, 1, 1, 0, 1, 0, 1, 0, 1, 0, 1 ],
          eAdj := [ 2, 3, 5, 6, 7, 8, 9, 10, 11, 12, 13, 15, 16, 17, 18, 19, 
              21, 22, 23, 24, 28, 30, 31, 32, 33, 34, 35, 36, 37, 38, 40, 43, 
              44, 45, 46, 48, 49, 53, 60, 61, 63, 66, 67, 69, 71 ] ), rec(
          DistVect := [ 0, 0, 0, 0, 0, 0, 1, 0, 0, 0, 0, 0, 1, 0, 0, 0, 0, 1, 
              0, 0, 0, 1, 0, 0, 1, 0, 1, 0, 1 ],
          eAdj := [ 2, 3, 4, 5, 6, 7, 8, 9, 10, 11, 12, 13, 15, 16, 17, 18, 
              19, 21, 22, 23, 28, 29, 30, 31, 32, 36, 37, 38, 39, 40, 41, 42, 
              43, 46, 49, 53, 54, 55, 57, 61, 67, 68, 69, 72, 79 ] ), rec(
          DistVect := [ 0, 0, 1, 0, 0, 1, 0, 1, 1, 0, 0, 1, 0, 1, 1, 1, 0, 1, 
              0, 0, 1, 0, 1, 1, 0, 1, 1, 0, 1 ],
          eAdj := [ 1, 2, 5, 7, 9, 10, 11, 12, 13, 15, 16, 17, 18, 19, 20, 
              21, 22, 23, 24, 25, 27, 28, 29, 31, 32, 33, 34, 35, 36, 38, 43, 
              44, 45, 47, 48, 49, 51, 53, 59, 60, 61, 64, 66, 67, 68, 70 ] ), 
      rec(
          DistVect := [ 0, 0, 1, 1, 0, 1, 0, 1, 1, 1, 0, 1, 0, 1, 0, 1, 0, 1, 
              0, 1, 0, 1, 0, 1, 0, 1, 1, 0, 1 ],
          eAdj := [ 1, 2, 4, 5, 7, 9, 10, 11, 12, 13, 15, 16, 17, 18, 19, 20, 
              21, 22, 23, 25, 27, 28, 29, 32, 34, 36, 37, 38, 39, 41, 42, 43, 
              47, 49, 51, 54, 55, 61, 64, 65, 67, 68, 70, 72, 78, 79 ] ), rec(
          DistVect := [ 0, 0, 0, 0, 1, 1, 1, 1, 0, 0, 1, 1, 1, 1, 0, 1, 1, 1, 
              1, 1, 1, 1, 1, 0, 0, 0, 0, 0, 0 ],
          eAdj := [ 1, 2, 3, 4, 5, 6, 7, 8, 9, 10, 11, 12, 13, 14, 15, 16, 
              17, 18, 19, 20, 21, 22, 23, 24, 25, 26, 27, 28, 29, 30, 31, 32, 
              33, 34, 35, 36, 37, 38, 39, 40, 41, 42, 43, 44, 45, 46, 47, 48, 
              49, 50, 51, 52, 53, 54, 55, 56, 57, 58, 59, 62, 63, 64, 65, 66, 
              67, 68, 69, 70, 71, 74, 75, 76, 77, 78, 79, 80, 83 ] ), rec(
          DistVect := [ 0, 0, 0, 0, 0, 1, 1, 1, 0, 0, 0, 1, 1, 1, 0, 0, 1, 1, 
              1, 0, 1, 1, 1, 1, 1, 1, 0, 0, 0 ],
          eAdj := [ 1, 2, 3, 4, 5, 6, 7, 8, 9, 10, 11, 12, 13, 14, 15, 16, 
              17, 18, 19, 20, 21, 22, 23, 24, 25, 26, 27, 28, 29, 30, 31, 32, 
              33, 34, 35, 36, 37, 38, 39, 40, 41, 42, 43, 44, 45, 46, 47, 48, 
              49, 50, 51, 52, 53, 54, 55, 56, 57, 58, 59, 60, 61, 62, 63, 64, 
              65, 68, 69, 70, 71, 72, 73, 74, 75, 77, 78, 81, 82 ] ), rec(
          DistVect := [ 0, 0, 0, 0, 1, 0, 1, 1, 0, 0, 1, 0, 1, 1, 0, 1, 0, 1, 
              1, 1, 0, 1, 1, 1, 0, 0, 1, 1, 0 ],
          eAdj := [ 1, 2, 3, 4, 5, 6, 7, 8, 9, 10, 11, 12, 13, 14, 15, 16, 
              17, 18, 19, 20, 21, 22, 23, 24, 25, 26, 27, 28, 29, 30, 31, 33, 
              34, 35, 36, 37, 38, 39, 40, 41, 42, 43, 44, 45, 46, 47, 48, 49, 
              50, 51, 52, 53, 54, 55, 56, 57, 58, 59, 60, 61, 62, 63, 64, 65, 
              66, 67, 68, 71, 72, 73, 76, 77, 78, 79, 80, 81, 82, 83 ] ), rec(
          DistVect := [ 0, 0, 1, 1, 0, 1, 1, 1, 1, 1, 0, 1, 1, 1, 0, 1, 0, 0, 
              0, 1, 0, 0, 0, 1, 1, 1, 0, 0, 0 ],
          eAdj := [ 1, 2, 3, 4, 5, 6, 7, 8, 9, 10, 11, 12, 13, 14, 15, 16, 
              17, 18, 19, 20, 21, 22, 23, 24, 25, 26, 27, 28, 29, 30, 31, 32, 
              33, 34, 35, 36, 37, 38, 39, 40, 41, 42, 43, 44, 45, 46, 47, 48, 
              49, 50, 51, 52, 54, 55, 56, 57, 58, 59, 60, 61, 62, 63, 64, 65, 
              66, 67, 69, 70, 72, 73, 74, 75, 76, 79, 80, 81, 82, 83 ] ), rec(
          DistVect := [ 0, 0, 0, 1, 0, 0, 0, 0, 0, 1, 0, 0, 0, 0, 1, 0, 0, 0, 
              0, 1, 1, 1, 1, 0, 0, 0, 0, 0, 0 ],
          eAdj := [ 1, 2, 3, 4, 5, 6, 7, 8, 9, 10, 11, 12, 13, 14, 15, 16, 
              17, 18, 19, 20, 21, 22, 23, 24, 25, 26, 27, 28, 30, 32, 33, 34, 
              35, 36, 37, 38, 39, 40, 41, 42, 43, 44, 45, 46, 47, 48, 49, 50, 
              51, 52, 53, 54, 55, 56, 57, 58, 59, 60, 61, 62, 64, 66, 67, 68, 
              69, 70, 71, 72, 73, 74, 75, 76, 77, 78, 79, 80, 81, 82, 83 ] ), 
      rec(
          DistVect := [ 0, 0, 1, 0, 0, 1, 0, 0, 1, 0, 0, 1, 0, 0, 1, 1, 0, 1, 
              1, 0, 1, 0, 0, 1, 0, 0, 1, 1, 0 ],
          eAdj := [ 1, 2, 3, 4, 5, 6, 7, 8, 9, 10, 11, 12, 13, 14, 15, 16, 
              17, 18, 19, 20, 21, 22, 23, 24, 25, 26, 27, 29, 31, 32, 33, 34, 
              35, 36, 37, 38, 39, 40, 41, 42, 43, 44, 45, 46, 47, 48, 49, 50, 
              51, 52, 53, 54, 55, 56, 57, 58, 59, 60, 61, 63, 65, 66, 67, 68, 
              69, 70, 71, 72, 73, 74, 75, 76, 77, 78, 79, 80, 81, 82, 83 ] ), 
      rec(
          DistVect := [ 0, 4, 5, 5, 4, 8, 8, 7, 5, 5, 4, 8, 8, 7, 4, 5, 3, 5, 
              8, 5, 7, 5, 8, 8, 4, 7, 4, 5, 3 ],
          eAdj := [ 1, 7, 9, 17, 18, 20, 22, 23, 24, 26, 34, 40, 44, 45, 46, 
              50, 52, 56, 58, 62, 63, 69, 73, 77, 80, 82 ] ), rec(
          DistVect := [ 0, 1, 1, 1, 1, 2, 2, 2, 1, 1, 1, 2, 2, 2, 1, 1, 1, 1, 
              2, 1, 2, 1, 2, 2, 1, 2, 1, 1, 1 ],
          eAdj := [ 1, 7, 9, 17, 18, 20, 22, 23, 24, 26, 30, 31, 33, 34, 35, 
              40, 44, 45, 46, 50, 52, 56, 58, 62, 63, 69, 71, 73, 76, 77, 80 
             ] ), rec(
          DistVect := [ 0, 4, 4, 5, 4, 8, 8, 7, 4, 5, 4, 8, 8, 7, 7, 8, 4, 8, 
              5, 5, 7, 5, 8, 8, 4, 7, 4, 5, 3 ],
          eAdj := [ 1, 5, 7, 9, 13, 17, 19, 20, 21, 23, 24, 30, 32, 44, 45, 
              47, 48, 51, 56, 58, 59, 63, 71, 73, 76, 82 ] ), rec(
          DistVect := [ 0, 1, 1, 1, 1, 2, 2, 2, 1, 1, 1, 2, 2, 2, 1, 2, 1, 2, 
              2, 1, 1, 1, 2, 2, 1, 2, 1, 2, 1 ],
          eAdj := [ 1, 7, 9, 13, 14, 17, 19, 20, 21, 23, 24, 30, 31, 32, 44, 
              45, 47, 48, 50, 51, 52, 56, 58, 59, 63, 71, 73, 76, 82 ] ), rec(
          DistVect := [ 0, 1, 1, 1, 1, 2, 2, 2, 1, 1, 1, 2, 2, 2, 2, 2, 1, 2, 
              1, 1, 2, 1, 2, 2, 1, 2, 1, 1, 1 ],
          eAdj := [ 1, 5, 7, 9, 13, 17, 19, 20, 21, 23, 24, 28, 30, 31, 32, 
              33, 35, 44, 45, 47, 48, 51, 53, 56, 58, 59, 63, 66, 71, 73, 76 
             ] ), rec(
          DistVect := [ 0, 4, 7, 7, 4, 8, 8, 5, 5, 5, 4, 8, 8, 7, 4, 7, 3, 5, 
              8, 7, 7, 5, 8, 8, 4, 5, 4, 5, 3 ],
          eAdj := [ 1, 8, 9, 17, 18, 22, 23, 24, 26, 34, 35, 40, 44, 45, 46, 
              50, 52, 56, 58, 62, 63, 69, 73, 76, 77, 80 ] ), rec(
          DistVect := [ 0, 5, 5, 4, 3, 5, 8, 5, 4, 5, 4, 8, 7, 8, 5, 8, 4, 7, 
              8, 7, 5, 8, 5, 8, 5, 4, 7, 4, 3 ],
          eAdj := [ 2, 4, 8, 9, 11, 12, 13, 15, 19, 22, 23, 29, 30, 36, 40, 
              41, 42, 46, 50, 53, 55, 57, 61, 67, 69, 72 ] ), rec(
          DistVect := [ 0, 5, 7, 4, 3, 7, 8, 5, 4, 5, 4, 8, 7, 8, 7, 8, 4, 5, 
              8, 7, 7, 8, 5, 8, 5, 4, 5, 4, 3 ],
          eAdj := [ 4, 8, 9, 11, 12, 13, 15, 22, 23, 26, 29, 30, 36, 38, 40, 
              41, 42, 46, 50, 53, 55, 57, 61, 66, 67, 69 ] ), rec(
          DistVect := [ 0, 4, 4, 5, 4, 8, 8, 7, 4, 3, 4, 8, 8, 9, 5, 8, 4, 8, 
              7, 5, 7, 5, 8, 8, 4, 7, 4, 5, 3 ],
          eAdj := [ 1, 7, 9, 13, 17, 19, 20, 21, 23, 24, 30, 31, 32, 35, 44, 
              45, 48, 50, 51, 56, 58, 59, 63, 71, 73, 76 ] ), rec(
          DistVect := [ 0, 4, 4, 4, 3, 8, 7, 8, 4, 4, 5, 8, 9, 8, 4, 7, 4, 7, 
              8, 5, 8, 5, 8, 9, 4, 7, 5, 4, 3 ],
          eAdj := [ 1, 7, 9, 17, 18, 19, 20, 22, 23, 24, 30, 31, 33, 34, 35, 
              44, 45, 46, 50, 52, 58, 63, 69, 71, 73, 76 ] ), rec(
          DistVect := [ 0, 1, 1, 1, 1, 2, 2, 2, 1, 1, 1, 2, 2, 2, 1, 2, 1, 2, 
              2, 1, 2, 1, 2, 3, 1, 2, 2, 1, 1 ],
          eAdj := [ 1, 2, 7, 9, 11, 13, 17, 18, 19, 20, 22, 23, 24, 30, 31, 
              33, 34, 35, 40, 44, 45, 46, 50, 52, 60, 63, 69, 71, 73, 76 ] ), 
      rec(
          DistVect := [ 0, 4, 4, 4, 4, 8, 8, 7, 4, 4, 4, 8, 8, 9, 4, 8, 4, 8, 
              7, 8, 8, 8, 5, 8, 4, 7, 4, 5, 3 ],
          eAdj := [ 1, 4, 7, 9, 10, 13, 15, 17, 18, 19, 20, 21, 23, 29, 30, 
              31, 32, 33, 34, 35, 38, 50, 51, 53, 60, 66 ] ), rec(
          DistVect := [ 0, 4, 4, 5, 3, 8, 7, 8, 4, 3, 5, 8, 9, 8, 5, 7, 4, 7, 
              8, 8, 7, 8, 5, 9, 4, 7, 5, 4, 3 ],
          eAdj := [ 1, 4, 7, 9, 10, 15, 17, 19, 20, 22, 23, 29, 30, 31, 35, 
              36, 37, 38, 41, 46, 50, 52, 53, 60, 66, 69 ] ), rec(
          DistVect := [ 0, 1, 1, 1, 1, 2, 2, 2, 1, 1, 1, 2, 2, 2, 1, 2, 1, 2, 
              1, 2, 2, 2, 1, 2, 1, 2, 1, 1, 1 ],
          eAdj := [ 1, 4, 5, 7, 9, 10, 13, 15, 17, 18, 19, 20, 21, 23, 28, 
              29, 30, 31, 32, 33, 34, 35, 36, 38, 47, 51, 53, 60, 66, 67, 68 
             ] ), rec(
          DistVect := [ 0, 1, 1, 1, 1, 2, 2, 2, 1, 1, 1, 2, 2, 2, 1, 2, 1, 2, 
              2, 2, 2, 2, 1, 2, 1, 2, 1, 2, 1 ],
          eAdj := [ 1, 4, 7, 9, 10, 13, 14, 15, 17, 18, 19, 20, 21, 23, 29, 
              30, 31, 32, 33, 34, 35, 47, 50, 51, 52, 53, 60, 66, 73 ] ), rec(
          DistVect := [ 0, 1, 1, 1, 1, 2, 2, 2, 1, 1, 1, 2, 2, 2, 2, 1, 1, 1, 
              2, 2, 2, 2, 1, 2, 1, 2, 1, 1, 1 ],
          eAdj := [ 1, 4, 7, 9, 10, 15, 17, 20, 22, 23, 26, 29, 30, 31, 33, 
              35, 36, 37, 38, 40, 41, 46, 50, 52, 53, 60, 62, 66, 69, 71, 76 
             ] ), rec(
          DistVect := [ 0, 1, 1, 1, 1, 2, 2, 2, 1, 1, 1, 2, 2, 2, 1, 2, 1, 2, 
              2, 2, 1, 2, 1, 3, 1, 2, 2, 1, 1 ],
          eAdj := [ 1, 2, 4, 7, 9, 10, 11, 13, 15, 17, 19, 20, 22, 23, 29, 
              30, 31, 36, 37, 38, 40, 41, 46, 50, 52, 53, 60, 61, 66, 69 ] ), 
      rec(
          DistVect := [ 0, 4, 5, 4, 4, 8, 8, 7, 5, 4, 4, 8, 8, 7, 7, 5, 3, 5, 
              8, 8, 8, 8, 5, 8, 4, 7, 4, 5, 3 ],
          eAdj := [ 1, 4, 7, 9, 10, 15, 17, 20, 22, 23, 26, 31, 33, 35, 37, 
              40, 41, 46, 50, 52, 60, 62, 69, 71, 73, 76 ] ), rec(
          DistVect := [ 0, 4, 4, 4, 4, 8, 8, 7, 4, 4, 4, 8, 8, 7, 4, 8, 4, 8, 
              5, 8, 8, 8, 5, 8, 4, 7, 4, 5, 3 ],
          eAdj := [ 1, 4, 5, 7, 9, 10, 13, 15, 17, 18, 19, 20, 21, 23, 30, 
              31, 32, 33, 34, 35, 47, 51, 53, 60, 66, 73 ] ), rec(
          DistVect := [ 0, 5, 4, 4, 3, 7, 5, 8, 5, 5, 4, 8, 8, 7, 4, 7, 3, 5, 
              8, 7, 7, 5, 8, 8, 4, 5, 4, 5, 3 ],
          eAdj := [ 1, 7, 9, 15, 16, 17, 18, 19, 22, 24, 25, 26, 30, 31, 32, 
              33, 34, 35, 45, 46, 52, 58, 60, 66, 71, 76 ] ), rec(
          DistVect := [ 0, 4, 4, 5, 4, 7, 8, 7, 4, 5, 4, 7, 8, 7, 5, 8, 3, 8, 
              7, 7, 8, 5, 8, 9, 4, 5, 7, 4, 3 ],
          eAdj := [ 2, 7, 9, 11, 13, 17, 18, 19, 22, 23, 24, 30, 31, 33, 34, 
              35, 40, 44, 45, 46, 60, 63, 66, 69, 71, 76 ] ), rec(
          DistVect := [ 0, 4, 4, 7, 4, 8, 8, 5, 4, 5, 4, 8, 8, 7, 7, 8, 4, 8, 
              5, 7, 7, 5, 8, 8, 4, 5, 4, 5, 3 ],
          eAdj := [ 1, 5, 7, 8, 9, 13, 17, 19, 21, 23, 24, 30, 32, 35, 44, 
              45, 48, 51, 56, 58, 59, 63, 66, 71, 73, 76 ] ), rec(
          DistVect := [ 0, 5, 7, 7, 3, 7, 5, 8, 4, 4, 4, 8, 8, 7, 4, 8, 4, 8, 
              5, 8, 8, 8, 5, 8, 4, 5, 4, 5, 3 ],
          eAdj := [ 1, 4, 5, 9, 10, 13, 16, 17, 18, 21, 25, 28, 29, 34, 35, 
              36, 38, 39, 43, 47, 51, 61, 67, 68, 70, 79 ] ), rec(
          DistVect := [ 0, 5, 4, 7, 3, 7, 5, 8, 5, 4, 4, 8, 8, 7, 7, 7, 3, 5, 
              8, 8, 8, 8, 5, 8, 4, 5, 4, 5, 3 ],
          eAdj := [ 1, 4, 7, 9, 10, 16, 17, 19, 22, 25, 26, 29, 30, 32, 35, 
              36, 37, 38, 39, 41, 46, 52, 53, 61, 66, 67 ] ), rec(
          DistVect := [ 0, 4, 4, 4, 4, 7, 8, 7, 4, 4, 4, 7, 8, 7, 4, 8, 3, 8, 
              7, 8, 5, 8, 5, 9, 4, 5, 7, 4, 3 ],
          eAdj := [ 2, 4, 7, 9, 10, 11, 13, 15, 17, 19, 22, 23, 29, 30, 31, 
              36, 37, 38, 40, 41, 46, 53, 61, 66, 67, 69 ] ), rec(
          DistVect := [ 0, 4, 7, 4, 4, 8, 8, 5, 5, 4, 4, 8, 8, 7, 7, 7, 3, 5, 
              8, 8, 8, 8, 5, 8, 4, 5, 4, 5, 3 ],
          eAdj := [ 1, 4, 8, 9, 10, 15, 17, 22, 23, 26, 31, 33, 35, 37, 38, 
              40, 41, 46, 50, 52, 60, 62, 66, 69, 71, 76 ] ), rec(
          DistVect := [ 0, 4, 4, 4, 4, 8, 8, 5, 4, 4, 4, 8, 8, 7, 4, 8, 4, 8, 
              5, 8, 8, 8, 5, 8, 4, 5, 4, 5, 3 ],
          eAdj := [ 1, 4, 5, 7, 8, 9, 10, 13, 15, 17, 18, 19, 21, 23, 30, 31, 
              32, 33, 34, 35, 38, 51, 53, 60, 66, 67 ] ), rec(
          DistVect := [ 0, 4, 4, 5, 4, 8, 7, 8, 4, 5, 4, 8, 7, 8, 5, 8, 4, 7, 
              8, 7, 5, 8, 5, 8, 5, 4, 7, 4, 3 ],
          eAdj := [ 2, 4, 7, 9, 11, 12, 13, 16, 19, 22, 28, 29, 32, 39, 40, 
              41, 42, 46, 54, 55, 57, 65, 67, 68, 72, 79 ] ), rec(
          DistVect := [ 0, 4, 5, 4, 3, 8, 8, 7, 3, 4, 5, 8, 8, 9, 5, 8, 5, 5, 
              8, 7, 8, 8, 7, 7, 7, 4, 4, 3, 3 ],
          eAdj := [ 3, 9, 11, 12, 13, 15, 16, 19, 22, 26, 28, 29, 30, 32, 36, 
              38, 39, 40, 41, 42, 46, 53, 55, 57, 67, 72 ] ), rec(
          DistVect := [ 0, 4, 4, 4, 4, 8, 7, 8, 4, 4, 4, 8, 7, 8, 4, 8, 4, 7, 
              8, 8, 8, 5, 8, 8, 5, 4, 7, 4, 3 ],
          eAdj := [ 2, 7, 9, 10, 11, 12, 13, 15, 16, 18, 19, 22, 24, 28, 29, 
              31, 32, 36, 37, 38, 40, 46, 53, 61, 66, 67 ] ), rec(
          DistVect := [ 0, 4, 4, 7, 4, 8, 8, 5, 4, 5, 4, 8, 8, 7, 5, 8, 4, 8, 
              7, 7, 5, 5, 8, 8, 4, 5, 4, 7, 3 ],
          eAdj := [ 1, 7, 8, 9, 13, 14, 17, 19, 21, 23, 24, 30, 32, 44, 45, 
              48, 50, 51, 56, 58, 59, 63, 71, 73, 76, 82 ] ), rec(
          DistVect := [ 0, 4, 4, 4, 4, 8, 8, 5, 4, 4, 4, 8, 8, 7, 4, 8, 4, 8, 
              7, 8, 8, 8, 5, 8, 4, 5, 4, 7, 3 ],
          eAdj := [ 1, 4, 7, 8, 9, 10, 13, 14, 15, 17, 18, 19, 21, 23, 30, 
              31, 32, 33, 34, 35, 50, 51, 53, 60, 66, 73 ] ), rec(
          DistVect := [ 0, 4, 4, 4, 3, 8, 7, 8, 4, 4, 5, 8, 9, 8, 4, 5, 4, 5, 
              8, 7, 8, 7, 8, 7, 4, 7, 3, 4, 3 ],
          eAdj := [ 1, 7, 9, 15, 17, 18, 20, 22, 23, 26, 30, 31, 33, 34, 35, 
              44, 45, 46, 50, 52, 58, 62, 69, 71, 73, 76 ] ), rec(
          DistVect := [ 0, 4, 5, 4, 4, 8, 8, 7, 5, 4, 4, 8, 8, 7, 5, 7, 3, 5, 
              8, 8, 8, 8, 7, 8, 4, 5, 4, 5, 3 ],
          eAdj := [ 1, 7, 9, 10, 15, 17, 18, 22, 23, 26, 30, 31, 33, 35, 37, 
              40, 41, 46, 50, 52, 60, 62, 66, 69, 71, 76 ] ), rec(
          DistVect := [ 0, 4, 5, 4, 4, 8, 8, 7, 3, 4, 4, 8, 8, 9, 5, 5, 5, 5, 
              8, 8, 8, 8, 7, 8, 4, 7, 4, 3, 3 ],
          eAdj := [ 1, 9, 10, 15, 17, 20, 22, 23, 26, 30, 31, 33, 35, 37, 38, 
              40, 41, 44, 46, 50, 52, 60, 62, 69, 71, 76 ] ), rec(
          DistVect := [ 0, 4, 4, 4, 3, 8, 7, 8, 4, 4, 3, 8, 7, 8, 4, 5, 4, 5, 
              8, 5, 8, 5, 8, 9, 4, 7, 5, 4, 3 ],
          eAdj := [ 1, 7, 9, 17, 18, 20, 22, 23, 24, 26, 30, 31, 33, 34, 35, 
              40, 44, 45, 46, 50, 52, 60, 69, 71, 73, 76 ] ), rec(
          DistVect := [ 0, 4, 4, 4, 4, 8, 8, 7, 4, 4, 4, 8, 8, 7, 4, 8, 4, 8, 
              5, 8, 8, 8, 7, 8, 4, 5, 4, 5, 3 ],
          eAdj := [ 1, 5, 7, 9, 10, 13, 15, 17, 18, 19, 21, 23, 28, 30, 31, 
              32, 33, 34, 35, 47, 48, 51, 53, 60, 66, 67 ] ), rec(
          DistVect := [ 0, 4, 5, 4, 3, 8, 7, 8, 5, 4, 3, 8, 7, 8, 7, 8, 3, 8, 
              5, 5, 8, 5, 8, 9, 4, 7, 5, 4, 3 ],
          eAdj := [ 1, 5, 7, 9, 13, 17, 19, 20, 21, 23, 24, 28, 31, 32, 33, 
              35, 44, 45, 47, 48, 51, 53, 59, 60, 66, 73 ] ), rec(
          DistVect := [ 0, 4, 4, 4, 4, 8, 8, 7, 4, 4, 4, 8, 8, 9, 4, 8, 4, 8, 
              5, 8, 8, 8, 7, 8, 4, 7, 4, 3, 3 ],
          eAdj := [ 1, 5, 7, 9, 10, 13, 15, 17, 18, 19, 20, 21, 23, 28, 30, 
              31, 32, 33, 34, 35, 38, 44, 51, 53, 60, 66 ] ), rec(
          DistVect := [ 0, 5, 5, 7, 3, 8, 5, 8, 4, 4, 4, 7, 8, 7, 4, 8, 3, 8, 
              7, 8, 5, 8, 5, 9, 4, 5, 7, 4, 3 ],
          eAdj := [ 2, 4, 7, 9, 10, 11, 13, 16, 17, 19, 22, 25, 28, 29, 32, 
              37, 38, 39, 41, 43, 46, 54, 61, 67, 68, 72 ] ), rec(
          DistVect := [ 0, 4, 4, 4, 4, 8, 5, 8, 4, 4, 4, 8, 9, 8, 4, 8, 4, 7, 
              8, 8, 8, 7, 8, 8, 5, 4, 5, 4, 3 ],
          eAdj := [ 7, 9, 10, 11, 12, 13, 15, 16, 17, 18, 19, 22, 25, 28, 29, 
              32, 35, 36, 37, 38, 39, 43, 46, 53, 61, 67 ] ), rec(
          DistVect := [ 0, 4, 4, 4, 4, 5, 8, 5, 4, 4, 4, 7, 8, 7, 4, 8, 3, 8, 
              7, 8, 5, 8, 5, 9, 4, 5, 7, 4, 3 ],
          eAdj := [ 2, 4, 8, 9, 10, 11, 13, 15, 17, 19, 22, 23, 30, 31, 36, 
              37, 38, 40, 41, 46, 50, 53, 60, 61, 66, 69 ] ), rec(
          DistVect := [ 0, 5, 5, 7, 3, 5, 8, 5, 4, 4, 4, 8, 7, 8, 4, 8, 4, 7, 
              8, 8, 8, 5, 8, 8, 5, 4, 7, 4, 3 ],
          eAdj := [ 2, 8, 9, 10, 11, 12, 13, 18, 19, 22, 23, 24, 30, 31, 33, 
              37, 38, 40, 44, 46, 50, 60, 61, 66, 69, 71 ] ), rec(
          DistVect := [ 0, 3, 5, 5, 3, 7, 8, 5, 4, 4, 4, 8, 9, 8, 4, 8, 4, 7, 
              8, 8, 8, 7, 8, 8, 5, 4, 5, 4, 3 ],
          eAdj := [ 8, 9, 10, 11, 12, 13, 15, 17, 18, 19, 22, 23, 30, 31, 33, 
              35, 37, 38, 40, 44, 46, 50, 60, 66, 69, 71 ] ), rec(
          DistVect := [ 0, 5, 5, 4, 3, 8, 5, 8, 4, 5, 4, 7, 8, 7, 5, 8, 3, 8, 
              7, 7, 8, 5, 8, 9, 4, 5, 7, 4, 3 ],
          eAdj := [ 2, 7, 9, 11, 13, 15, 16, 17, 18, 19, 22, 24, 25, 28, 31, 
              32, 34, 35, 36, 43, 45, 46, 53, 60, 61, 66 ] ), rec(
          DistVect := [ 0, 4, 4, 7, 4, 5, 8, 5, 4, 5, 4, 7, 8, 7, 5, 8, 3, 8, 
              7, 7, 8, 5, 8, 9, 4, 5, 7, 4, 3 ],
          eAdj := [ 2, 8, 9, 11, 13, 17, 18, 19, 22, 23, 24, 30, 33, 34, 35, 
              40, 44, 45, 46, 50, 60, 63, 69, 71, 73, 76 ] ), rec(
          DistVect := [ 0, 4, 4, 5, 3, 8, 7, 8, 4, 5, 3, 8, 7, 8, 7, 5, 4, 5, 
              8, 8, 7, 8, 5, 9, 4, 7, 5, 4, 3 ],
          eAdj := [ 1, 4, 7, 9, 10, 15, 17, 20, 22, 23, 26, 29, 30, 36, 37, 
              38, 40, 41, 46, 50, 52, 53, 60, 61, 66, 69 ] ), rec(
          DistVect := [ 0, 4, 5, 5, 3, 8, 7, 8, 5, 5, 3, 8, 7, 8, 4, 8, 3, 8, 
              5, 8, 7, 8, 5, 9, 4, 7, 5, 4, 3 ],
          eAdj := [ 1, 4, 5, 7, 9, 10, 13, 15, 17, 18, 19, 20, 21, 23, 28, 
              29, 32, 34, 36, 38, 47, 51, 60, 61, 67, 68 ] ), rec(
          DistVect := [ 0, 4, 4, 4, 4, 8, 7, 8, 4, 4, 4, 8, 9, 8, 4, 8, 4, 7, 
              8, 8, 8, 7, 8, 8, 5, 4, 5, 4, 3 ],
          eAdj := [ 7, 9, 10, 11, 12, 13, 15, 16, 17, 18, 19, 22, 28, 29, 30, 
              31, 32, 35, 36, 37, 38, 46, 53, 61, 66, 67 ] ), rec(
          DistVect := [ 0, 4, 4, 5, 4, 8, 8, 7, 4, 5, 4, 8, 8, 7, 5, 8, 4, 8, 
              7, 5, 7, 5, 8, 8, 4, 7, 4, 5, 3 ],
          eAdj := [ 1, 7, 9, 13, 17, 19, 20, 21, 23, 24, 30, 32, 44, 45, 48, 
              50, 52, 56, 58, 59, 63, 69, 71, 73, 76, 82 ] ), rec(
          DistVect := [ 0, 4, 4, 4, 3, 8, 7, 8, 4, 4, 3, 8, 7, 8, 4, 7, 4, 7, 
              8, 5, 8, 5, 8, 9, 4, 7, 5, 4, 3 ],
          eAdj := [ 1, 7, 9, 13, 17, 18, 19, 20, 22, 23, 24, 30, 31, 32, 33, 
              34, 35, 44, 45, 50, 52, 60, 69, 71, 73, 76 ] ), rec(
          DistVect := [ 0, 4, 4, 5, 3, 8, 7, 8, 4, 5, 3, 8, 7, 8, 5, 7, 4, 7, 
              8, 8, 7, 8, 5, 9, 4, 7, 5, 4, 3 ],
          eAdj := [ 1, 4, 7, 9, 10, 13, 15, 17, 19, 20, 22, 23, 29, 30, 32, 
              36, 37, 38, 41, 50, 52, 53, 60, 61, 66, 69 ] ), rec(
          DistVect := [ 0, 4, 4, 4, 4, 8, 8, 7, 4, 4, 4, 8, 8, 7, 4, 8, 4, 8, 
              7, 8, 8, 8, 5, 8, 4, 7, 4, 5, 3 ],
          eAdj := [ 1, 4, 7, 9, 10, 13, 15, 17, 18, 19, 20, 21, 23, 30, 31, 
              32, 33, 34, 35, 50, 52, 53, 60, 66, 69, 73 ] ), rec(
          DistVect := [ 0, 4, 5, 5, 4, 8, 8, 7, 5, 5, 4, 8, 8, 7, 4, 5, 5, 5, 
              8, 5, 9, 5, 8, 8, 4, 7, 4, 3, 3 ],
          eAdj := [ 1, 17, 18, 20, 22, 23, 24, 26, 33, 34, 35, 40, 44, 45, 
              46, 50, 52, 56, 58, 62, 63, 69, 73, 75, 77, 80 ] ), rec(
          DistVect := [ 0, 4, 4, 5, 4, 8, 8, 7, 4, 5, 4, 8, 8, 7, 7, 8, 4, 8, 
              5, 5, 9, 5, 8, 8, 4, 7, 4, 3, 3 ],
          eAdj := [ 1, 5, 7, 9, 13, 17, 19, 20, 21, 23, 24, 30, 32, 33, 35, 
              44, 45, 48, 56, 58, 59, 63, 69, 71, 73, 76 ] ), rec(
          DistVect := [ 0, 4, 4, 4, 5, 8, 9, 8, 4, 4, 5, 8, 9, 8, 4, 7, 4, 7, 
              8, 7, 8, 7, 8, 7, 4, 7, 3, 4, 3 ],
          eAdj := [ 1, 7, 9, 17, 18, 20, 21, 22, 23, 30, 31, 33, 34, 35, 44, 
              45, 50, 52, 56, 58, 62, 63, 69, 71, 73, 76 ] ), rec(
          DistVect := [ 0, 4, 5, 4, 4, 8, 8, 7, 5, 4, 4, 8, 8, 7, 7, 5, 5, 5, 
              8, 8, 8, 8, 5, 8, 4, 7, 4, 3, 3 ],
          eAdj := [ 1, 4, 10, 15, 17, 20, 22, 23, 26, 31, 33, 35, 36, 37, 38, 
              40, 41, 46, 50, 52, 60, 62, 69, 71, 75, 76 ] ), rec(
          DistVect := [ 0, 4, 5, 4, 4, 8, 8, 7, 5, 4, 4, 8, 8, 7, 5, 7, 5, 5, 
              8, 8, 8, 8, 7, 8, 4, 5, 4, 3, 3 ],
          eAdj := [ 1, 10, 11, 15, 17, 22, 23, 26, 30, 31, 33, 35, 36, 37, 
              38, 40, 41, 46, 50, 52, 60, 62, 66, 69, 71, 76 ] ), rec(
          DistVect := [ 0, 4, 4, 4, 4, 8, 8, 7, 4, 4, 4, 8, 8, 7, 4, 8, 4, 8, 
              5, 8, 8, 8, 5, 8, 4, 7, 4, 3, 3 ],
          eAdj := [ 1, 4, 5, 7, 9, 10, 13, 15, 17, 18, 19, 20, 21, 23, 30, 
              31, 32, 33, 34, 35, 36, 38, 53, 60, 66, 69 ] ), rec(
          DistVect := [ 0, 4, 4, 4, 4, 8, 8, 7, 4, 4, 4, 8, 8, 7, 4, 8, 4, 8, 
              5, 8, 8, 8, 7, 8, 4, 5, 4, 3, 3 ],
          eAdj := [ 1, 5, 7, 9, 10, 11, 13, 15, 17, 18, 19, 21, 23, 28, 30, 
              31, 32, 33, 34, 35, 36, 38, 53, 60, 66, 67 ] ), rec(
          DistVect := [ 0, 4, 5, 4, 3, 8, 8, 7, 5, 4, 3, 8, 8, 7, 7, 8, 5, 5, 
              8, 5, 8, 8, 5, 7, 7, 4, 4, 3, 3 ],
          eAdj := [ 3, 4, 11, 12, 13, 16, 19, 22, 26, 29, 30, 32, 36, 38, 39, 
              40, 41, 42, 46, 53, 54, 55, 57, 67, 69, 72 ] ), rec(
          DistVect := [ 0, 4, 4, 4, 3, 8, 7, 8, 4, 4, 3, 8, 7, 8, 4, 5, 4, 5, 
              8, 5, 8, 5, 8, 7, 4, 7, 3, 4, 3 ],
          eAdj := [ 1, 7, 9, 17, 18, 20, 22, 23, 24, 26, 30, 31, 32, 33, 34, 
              35, 44, 45, 50, 52, 56, 58, 69, 71, 73, 76 ] ), rec(
          DistVect := [ 0, 4, 4, 5, 3, 8, 7, 8, 4, 5, 3, 8, 7, 8, 7, 5, 4, 5, 
              8, 8, 9, 8, 5, 7, 4, 7, 3, 4, 3 ],
          eAdj := [ 1, 4, 7, 9, 10, 15, 17, 20, 22, 23, 26, 29, 30, 32, 33, 
              35, 36, 37, 38, 41, 50, 52, 53, 60, 66, 69 ] ), rec(
          DistVect := [ 0, 4, 4, 4, 4, 8, 8, 9, 4, 4, 4, 8, 8, 9, 4, 8, 4, 8, 
              7, 8, 8, 8, 7, 8, 4, 7, 4, 3, 3 ],
          eAdj := [ 1, 7, 9, 10, 13, 15, 17, 18, 19, 20, 21, 22, 23, 28, 29, 
              30, 31, 32, 33, 34, 35, 36, 38, 53, 60, 66 ] ), rec(
          DistVect := [ 0, 4, 5, 5, 3, 8, 7, 8, 5, 5, 3, 8, 7, 8, 4, 8, 5, 8, 
              5, 8, 9, 8, 5, 7, 4, 7, 3, 4, 3 ],
          eAdj := [ 1, 4, 5, 10, 13, 15, 17, 18, 19, 20, 21, 23, 28, 29, 32, 
              33, 34, 35, 36, 38, 47, 51, 60, 67, 68, 70 ] ), rec(
          DistVect := [ 0, 4, 5, 4, 5, 5, 8, 5, 5, 4, 5, 5, 8, 5, 5, 8, 4, 7, 
              8, 9, 5, 8, 5, 8, 3, 4, 7, 4, 3 ],
          eAdj := [ 2, 4, 6, 8, 10, 11, 15, 17, 22, 23, 31, 36, 37, 38, 40, 
              41, 46, 50, 52, 57, 60, 62, 66, 71, 75, 76 ] ), rec(
          DistVect := [ 0, 4, 5, 7, 5, 8, 5, 8, 5, 7, 5, 8, 5, 8, 4, 8, 3, 8, 
              7, 8, 5, 8, 5, 7, 4, 3, 7, 4, 3 ],
          eAdj := [ 2, 4, 7, 9, 11, 12, 16, 22, 25, 27, 37, 39, 41, 42, 43, 
              49, 54, 55, 57, 64, 65, 70, 78, 79, 81, 83 ] ), rec(
          DistVect := [ 0, 7, 5, 4, 5, 5, 8, 5, 4, 7, 4, 8, 5, 8, 5, 8, 4, 7, 
              8, 9, 5, 8, 5, 8, 3, 4, 7, 4, 3 ],
          eAdj := [ 2, 4, 8, 9, 11, 12, 13, 15, 22, 23, 27, 29, 30, 36, 37, 
              40, 41, 42, 50, 53, 55, 57, 61, 66, 67, 69 ] ), rec(
          DistVect := [ 0, 4, 5, 7, 5, 5, 8, 5, 5, 7, 5, 5, 8, 5, 4, 8, 4, 7, 
              8, 8, 8, 5, 8, 8, 3, 4, 7, 4, 3 ],
          eAdj := [ 2, 6, 8, 11, 17, 18, 22, 23, 24, 33, 34, 35, 37, 40, 44, 
              45, 46, 50, 52, 62, 63, 73, 75, 76, 77, 80 ] ), rec(
          DistVect := [ 0, 4, 4, 5, 4, 8, 8, 7, 4, 7, 4, 8, 8, 5, 5, 8, 4, 8, 
              7, 7, 7, 5, 8, 8, 4, 5, 4, 5, 3 ],
          eAdj := [ 1, 6, 7, 9, 13, 17, 19, 21, 23, 24, 30, 32, 33, 34, 44, 
              45, 48, 52, 56, 58, 59, 63, 69, 71, 73, 76 ] ), rec(
          DistVect := [ 0, 4, 5, 5, 5, 7, 8, 5, 5, 5, 5, 7, 8, 5, 4, 8, 4, 7, 
              8, 8, 8, 7, 8, 8, 3, 4, 5, 4, 3 ],
          eAdj := [ 1, 6, 8, 11, 17, 18, 22, 23, 33, 34, 35, 37, 40, 44, 45, 
              46, 50, 52, 62, 63, 69, 71, 73, 75, 76, 77 ] ), rec(
          DistVect := [ 0, 4, 4, 7, 4, 8, 5, 8, 4, 7, 4, 8, 5, 8, 5, 8, 4, 7, 
              8, 9, 5, 8, 5, 8, 3, 4, 7, 4, 3 ],
          eAdj := [ 2, 4, 7, 9, 11, 12, 13, 16, 19, 22, 25, 27, 28, 32, 37, 
              39, 41, 42, 54, 55, 57, 65, 67, 68, 72, 79 ] ), rec(
          DistVect := [ 0, 7, 4, 4, 4, 5, 8, 5, 5, 7, 5, 8, 5, 8, 4, 8, 3, 8, 
              7, 8, 5, 8, 5, 7, 4, 3, 7, 4, 3 ],
          eAdj := [ 2, 4, 8, 9, 11, 12, 15, 19, 22, 23, 27, 28, 29, 32, 36, 
              37, 40, 41, 42, 49, 55, 57, 67, 68, 72, 79 ] ), rec(
          DistVect := [ 0, 5, 4, 4, 4, 7, 8, 7, 3, 5, 5, 8, 5, 8, 4, 8, 5, 8, 
              9, 8, 7, 8, 7, 7, 4, 3, 7, 4, 3 ],
          eAdj := [ 2, 9, 11, 12, 13, 15, 16, 19, 22, 23, 27, 28, 29, 32, 36, 
              37, 40, 41, 42, 49, 53, 55, 57, 67, 68, 72 ] ), rec(
          DistVect := [ 0, 7, 5, 7, 5, 5, 8, 5, 4, 4, 4, 8, 5, 8, 4, 8, 4, 7, 
              8, 8, 8, 5, 8, 8, 3, 4, 7, 4, 3 ],
          eAdj := [ 2, 8, 9, 10, 11, 12, 13, 18, 22, 23, 24, 27, 30, 31, 33, 
              34, 37, 38, 40, 44, 50, 60, 66, 69, 71, 76 ] ), rec(
          DistVect := [ 0, 4, 4, 5, 4, 8, 8, 7, 4, 5, 4, 8, 8, 7, 3, 8, 4, 8, 
              9, 7, 5, 5, 8, 8, 4, 5, 4, 7, 3 ],
          eAdj := [ 1, 7, 9, 13, 14, 17, 19, 21, 23, 24, 30, 31, 32, 34, 44, 
              45, 48, 50, 52, 56, 58, 59, 63, 71, 73, 76 ] ), rec(
          DistVect := [ 0, 4, 4, 4, 4, 8, 8, 7, 4, 4, 4, 8, 8, 7, 4, 8, 4, 8, 
              9, 8, 8, 8, 5, 8, 4, 5, 4, 7, 3 ],
          eAdj := [ 1, 4, 7, 9, 10, 13, 14, 15, 17, 18, 19, 21, 23, 29, 30, 
              31, 32, 33, 34, 35, 37, 50, 52, 53, 60, 66 ] ), rec(
          DistVect := [ 0, 1, 1, 1, 1, 2, 2, 2, 1, 1, 1, 2, 2, 2, 1, 2, 1, 2, 
              3, 2, 2, 2, 2, 2, 1, 1, 1, 2, 1 ],
          eAdj := [ 1, 7, 9, 10, 12, 13, 14, 15, 16, 17, 18, 19, 21, 22, 23, 
              26, 29, 30, 31, 32, 33, 34, 35, 37, 50, 52, 53, 60, 66, 71 ] ), 
      rec(
          DistVect := [ 0, 4, 4, 4, 4, 8, 8, 7, 4, 4, 4, 8, 8, 5, 4, 8, 4, 8, 
              7, 8, 8, 8, 5, 8, 4, 5, 4, 5, 3 ],
          eAdj := [ 1, 4, 6, 7, 9, 10, 13, 15, 17, 18, 19, 21, 23, 30, 31, 
              32, 33, 34, 35, 36, 37, 52, 53, 60, 66, 69 ] ), rec(
          DistVect := [ 0, 5, 5, 4, 3, 7, 5, 8, 4, 5, 4, 8, 8, 7, 5, 8, 4, 8, 
              7, 7, 7, 5, 8, 8, 4, 5, 4, 5, 3 ],
          eAdj := [ 1, 9, 13, 15, 16, 17, 19, 21, 24, 25, 28, 31, 32, 33, 34, 
              35, 43, 45, 47, 48, 53, 58, 59, 60, 66, 70 ] ), rec(
          DistVect := [ 0, 5, 4, 4, 4, 8, 7, 8, 5, 5, 5, 7, 8, 5, 4, 8, 4, 7, 
              8, 8, 8, 7, 8, 8, 3, 4, 5, 4, 3 ],
          eAdj := [ 1, 6, 7, 11, 15, 16, 17, 18, 19, 22, 23, 30, 31, 33, 34, 
              35, 36, 37, 45, 46, 52, 60, 66, 69, 71, 76 ] ), rec(
          DistVect := [ 0, 5, 4, 4, 4, 8, 7, 8, 5, 7, 3, 7, 8, 5, 4, 8, 4, 7, 
              8, 8, 8, 5, 8, 8, 5, 4, 5, 4, 3 ],
          eAdj := [ 6, 7, 11, 13, 15, 16, 17, 18, 19, 22, 24, 30, 31, 32, 33, 
              34, 35, 36, 37, 45, 46, 52, 60, 66, 69, 71 ] ), rec(
          DistVect := [ 0, 7, 4, 4, 4, 8, 5, 8, 5, 5, 5, 7, 8, 5, 4, 8, 4, 7, 
              8, 8, 8, 7, 8, 8, 3, 4, 5, 4, 3 ],
          eAdj := [ 1, 6, 7, 11, 15, 16, 17, 18, 19, 22, 25, 30, 31, 32, 34, 
              35, 36, 37, 45, 46, 52, 53, 60, 66, 69, 71 ] ), rec(
          DistVect := [ 0, 4, 4, 5, 4, 8, 8, 7, 4, 5, 4, 8, 8, 7, 5, 8, 4, 8, 
              7, 7, 7, 5, 8, 8, 4, 5, 4, 5, 3 ],
          eAdj := [ 1, 7, 9, 13, 17, 19, 21, 23, 24, 30, 31, 32, 33, 34, 35, 
              44, 45, 48, 56, 58, 59, 63, 66, 71, 73, 76 ] ), rec(
          DistVect := [ 0, 4, 4, 4, 4, 8, 8, 7, 4, 4, 4, 8, 8, 7, 4, 8, 4, 8, 
              7, 8, 8, 8, 5, 8, 4, 5, 4, 5, 3 ],
          eAdj := [ 1, 4, 7, 9, 10, 13, 15, 17, 18, 19, 21, 23, 29, 30, 31, 
              32, 33, 34, 35, 36, 37, 38, 53, 60, 66, 67 ] ), rec(
          DistVect := [ 0, 4, 4, 4, 4, 8, 8, 5, 4, 4, 4, 8, 8, 5, 4, 8, 4, 8, 
              7, 8, 8, 8, 5, 8, 4, 3, 4, 7, 3 ],
          eAdj := [ 1, 4, 6, 7, 8, 9, 10, 13, 14, 15, 17, 18, 19, 21, 23, 30, 
              31, 32, 33, 34, 35, 37, 53, 60, 66, 67 ] ), rec(
          DistVect := [ 0, 4, 4, 4, 4, 8, 8, 7, 4, 4, 4, 8, 8, 7, 4, 8, 4, 8, 
              7, 8, 8, 8, 7, 8, 4, 5, 4, 3, 3 ],
          eAdj := [ 1, 7, 9, 10, 11, 13, 15, 17, 18, 19, 21, 22, 23, 30, 31, 
              32, 33, 34, 35, 36, 37, 38, 53, 60, 66, 69 ] ), rec(
          DistVect := [ 0, 4, 4, 4, 4, 8, 8, 7, 4, 4, 4, 8, 8, 5, 4, 8, 4, 8, 
              7, 8, 8, 8, 7, 8, 4, 3, 4, 5, 3 ],
          eAdj := [ 1, 6, 7, 9, 10, 11, 13, 15, 16, 17, 18, 19, 21, 23, 30, 
              31, 32, 33, 34, 35, 36, 37, 53, 60, 66, 67 ] ), rec(
          DistVect := [ 0, 4, 4, 4, 4, 8, 8, 5, 4, 4, 4, 8, 8, 5, 4, 8, 4, 8, 
              7, 8, 8, 8, 7, 8, 4, 3, 4, 5, 3 ],
          eAdj := [ 1, 6, 7, 8, 9, 10, 11, 13, 15, 17, 18, 19, 21, 23, 30, 
              31, 32, 33, 34, 35, 37, 53, 60, 66, 69, 71 ] ), rec(
          DistVect := [ 0, 4, 4, 4, 4, 8, 5, 8, 4, 4, 4, 8, 7, 8, 4, 8, 4, 9, 
              8, 8, 8, 7, 8, 8, 3, 4, 7, 4, 3 ],
          eAdj := [ 2, 7, 9, 10, 11, 12, 13, 15, 16, 17, 18, 19, 22, 25, 28, 
              29, 32, 34, 36, 37, 38, 43, 53, 61, 67, 68 ] ), rec(
          DistVect := [ 0, 4, 4, 4, 4, 5, 8, 5, 4, 4, 4, 7, 8, 7, 4, 8, 5, 8, 
              9, 8, 7, 8, 7, 7, 4, 3, 7, 4, 3 ],
          eAdj := [ 2, 8, 10, 11, 12, 13, 15, 17, 19, 22, 23, 30, 31, 36, 37, 
              38, 40, 41, 46, 50, 53, 57, 61, 66, 69, 71 ] ), rec(
          DistVect := [ 0, 5, 3, 5, 5, 5, 8, 5, 4, 4, 4, 8, 7, 8, 4, 8, 4, 9, 
              8, 8, 8, 7, 8, 8, 3, 4, 7, 4, 3 ],
          eAdj := [ 2, 8, 9, 10, 11, 12, 13, 17, 18, 19, 22, 23, 30, 31, 33, 
              34, 37, 38, 40, 44, 50, 53, 60, 66, 69, 71 ] ), rec(
          DistVect := [ 0, 1, 1, 1, 1, 2, 2, 2, 1, 1, 1, 2, 2, 2, 1, 2, 2, 2, 
              3, 2, 2, 2, 2, 2, 1, 1, 2, 1, 1 ],
          eAdj := [ 2, 10, 11, 12, 13, 15, 16, 17, 19, 22, 23, 26, 29, 30, 
              31, 36, 37, 38, 40, 41, 46, 50, 52, 53, 57, 61, 66, 69, 71 ] ), 
      rec(
          DistVect := [ 0, 4, 4, 4, 4, 7, 8, 7, 4, 4, 4, 7, 8, 7, 4, 8, 5, 8, 
              9, 8, 5, 8, 5, 9, 4, 5, 7, 4, 3 ],
          eAdj := [ 2, 4, 10, 11, 13, 15, 17, 19, 22, 23, 29, 30, 31, 36, 37, 
              38, 40, 41, 46, 50, 52, 53, 57, 61, 66, 69 ] ), rec(
          DistVect := [ 0, 4, 4, 4, 4, 7, 8, 7, 4, 4, 4, 7, 8, 7, 4, 8, 5, 8, 
              9, 8, 7, 8, 7, 7, 4, 3, 7, 4, 3 ],
          eAdj := [ 2, 10, 11, 12, 13, 15, 16, 17, 19, 22, 23, 29, 30, 31, 
              36, 37, 38, 40, 41, 46, 53, 57, 61, 66, 67, 69 ] ), rec(
          DistVect := [ 0, 4, 4, 4, 4, 8, 8, 7, 4, 4, 4, 8, 8, 7, 4, 8, 4, 8, 
              9, 8, 8, 8, 7, 8, 4, 5, 4, 5, 3 ],
          eAdj := [ 1, 7, 9, 10, 13, 15, 17, 18, 19, 21, 22, 23, 30, 31, 32, 
              33, 34, 35, 37, 50, 52, 53, 60, 66, 69, 71 ] ), rec(
          DistVect := [ 0, 4, 4, 4, 4, 8, 8, 7, 4, 4, 4, 8, 8, 9, 4, 8, 4, 8, 
              9, 8, 8, 8, 7, 8, 4, 5, 4, 5, 3 ],
          eAdj := [ 1, 7, 9, 10, 12, 13, 15, 17, 18, 19, 21, 22, 23, 29, 30, 
              31, 32, 33, 34, 35, 37, 38, 50, 53, 60, 66 ] ), rec(
          DistVect := [ 0, 4, 4, 4, 4, 8, 7, 8, 4, 4, 4, 8, 7, 8, 4, 8, 4, 9, 
              8, 8, 8, 7, 8, 8, 3, 4, 7, 4, 3 ],
          eAdj := [ 2, 7, 9, 10, 11, 12, 13, 15, 16, 17, 18, 19, 22, 23, 28, 
              29, 31, 32, 34, 36, 37, 38, 53, 61, 66, 67 ] ), rec(
          DistVect := [ 0, 4, 4, 4, 4, 5, 8, 5, 4, 4, 4, 5, 8, 5, 4, 8, 3, 8, 
              7, 8, 5, 8, 5, 7, 4, 3, 7, 4, 3 ],
          eAdj := [ 2, 4, 6, 8, 10, 11, 13, 15, 17, 19, 22, 23, 30, 31, 36, 
              37, 38, 40, 41, 46, 53, 57, 61, 66, 67, 69 ] ), rec(
          DistVect := [ 0, 4, 4, 4, 4, 8, 8, 7, 4, 4, 4, 8, 8, 7, 4, 8, 4, 8, 
              9, 8, 8, 8, 9, 8, 4, 3, 4, 5, 3 ],
          eAdj := [ 1, 7, 9, 10, 11, 12, 13, 15, 16, 17, 18, 19, 21, 22, 23, 
              30, 31, 32, 33, 34, 35, 37, 53, 60, 66, 71 ] ), rec(
          DistVect := [ 0, 4, 4, 5, 4, 7, 8, 7, 4, 5, 4, 7, 8, 7, 3, 8, 5, 8, 
              9, 7, 8, 5, 8, 9, 4, 5, 7, 4, 3 ],
          eAdj := [ 2, 11, 13, 17, 18, 19, 22, 23, 24, 30, 31, 33, 34, 35, 
              37, 40, 44, 45, 46, 50, 52, 60, 63, 69, 71, 76 ] ), rec(
          DistVect := [ 0, 4, 4, 7, 4, 5, 8, 5, 4, 7, 4, 5, 8, 5, 5, 8, 3, 8, 
              7, 9, 8, 5, 8, 7, 4, 3, 7, 4, 3 ],
          eAdj := [ 2, 6, 8, 11, 13, 17, 18, 19, 22, 23, 24, 30, 33, 34, 35, 
              37, 40, 44, 45, 46, 60, 63, 66, 69, 71, 76 ] ), rec(
          DistVect := [ 0, 7, 4, 7, 4, 5, 8, 5, 5, 4, 5, 8, 5, 8, 5, 8, 3, 8, 
              7, 9, 8, 5, 8, 7, 4, 3, 7, 4, 3 ],
          eAdj := [ 2, 8, 9, 10, 11, 12, 18, 19, 22, 23, 24, 27, 28, 31, 32, 
              33, 34, 37, 38, 40, 44, 49, 53, 61, 66, 67 ] ), rec(
          DistVect := [ 0, 4, 5, 4, 5, 8, 5, 8, 5, 4, 5, 8, 5, 8, 5, 8, 3, 8, 
              7, 9, 8, 5, 8, 7, 4, 3, 7, 4, 3 ],
          eAdj := [ 2, 7, 9, 10, 11, 12, 15, 16, 18, 22, 24, 25, 27, 29, 34, 
              36, 37, 38, 43, 49, 64, 67, 68, 70, 72, 79 ] ) ] );
