return rec(
  DistVect := [ 0, 1, 1, 1, 1, 1, 2, 0, 1, 1, 1, 2, 1, 1, 1, 2, 2, 1, 1, 2, 
      2, 1, 1, 1, 2, 1, 2, 1, 2 ],
  ListIncidentIneq := 
   [ [ 0, 0, 0, 0, 0, 0, 1, 1, 0, 0, 0, 0, 0, 0, 0, 0, 0, 0, 0, 0, 0, 0, 0, 
          0, 0, 0, 0, 0, -1 ], 
      [ 0, 0, 0, 0, 0, 0, 0, 0, 0, 0, 0, 0, 1, 1, 0, 0, 0, 0, 0, 0, 0, 0, 0, 
          0, 0, 0, 0, 0, -1 ], 
      [ 0, 0, 0, 0, 0, 1, 0, 1, 0, 0, 0, 0, 0, 0, 0, 0, 0, 0, 0, 0, 0, 0, 0, 
          0, 0, 0, 0, -1, 0 ], 
      [ 0, 1, 0, 0, 0, 0, 0, 1, 0, 0, 0, 0, 0, -1, 0, 0, 0, 0, 0, 0, 0, 0, 
          0, 0, 0, 0, 0, 0, 0 ], 
      [ 0, 1, 0, 0, 0, 0, -1, 0, 0, 0, 0, 0, 1, 0, 0, 0, 0, 0, 0, 0, 0, 0, 
          0, 0, 0, 0, 0, 0, 0 ], 
      [ 0, 0, 0, 0, 1, 0, 0, 1, 0, 0, 0, 0, 0, 0, 0, 0, 0, 0, 0, 0, 0, 0, 0, 
          0, 0, -1, 0, 0, 0 ], 
      [ 0, 0, 1, 0, 0, 0, -1, 0, 0, 0, 0, 0, 0, 0, 0, 0, 0, 1, 0, 0, 0, 0, 
          0, 0, 0, 0, 0, 0, 0 ], 
      [ 0, 0, 0, 1, 0, 0, 0, 1, 0, 0, 0, 0, 0, 0, 0, 0, 0, 0, 0, 0, 0, 0, 
          -1, 0, 0, 0, 0, 0, 0 ], 
      [ 0, 1, 0, 0, 0, 1, 0, 0, 0, 0, 0, -1, 0, 0, 0, 0, 0, 0, 0, 0, 0, 0, 
          0, 0, 0, 0, 0, 0, 0 ], 
      [ 0, 0, 1, 0, 0, 0, 0, 1, 0, 0, 0, 0, 0, 0, 0, 0, 0, 0, -1, 0, 0, 0, 
          0, 0, 0, 0, 0, 0, 0 ], 
      [ 0, 0, 0, 0, 0, 0, -1, 1, 0, 0, 0, 0, 0, 0, 0, 0, 0, 0, 0, 0, 0, 0, 
          0, 0, 0, 0, 0, 0, 1 ], 
      [ 0, 0, 0, 1, 0, 0, -1, 0, 0, 0, 0, 0, 0, 0, 0, 0, 0, 0, 0, 0, 0, 1, 
          0, 0, 0, 0, 0, 0, 0 ], 
      [ 0, 0, 0, 0, 0, 0, 0, 0, 0, 1, 1, 0, 0, 0, 0, 0, 0, 0, 0, -1, 0, 0, 
          0, 0, 0, 0, 0, 0, 0 ], 
      [ 0, 0, 1, 0, 0, 1, 0, 0, 0, 0, 0, 0, 0, 0, 0, 0, -1, 0, 0, 0, 0, 0, 
          0, 0, 0, 0, 0, 0, 0 ], 
      [ 0, 0, 0, 0, 0, 0, 0, 0, 1, 0, 1, 0, 0, 0, 0, -1, 0, 0, 0, 0, 0, 0, 
          0, 0, 0, 0, 0, 0, 0 ], 
      [ 0, 0, 0, 0, 0, 0, 0, 0, 0, 0, 1, -1, 0, 0, 0, 0, 0, 0, 0, 0, 0, 0, 
          0, 1, 0, 0, 0, 0, 0 ], 
      [ 0, 0, 0, 1, 1, 0, 0, 0, 0, 0, 0, 0, 0, 0, 0, 0, 0, 0, 0, -1, 0, 0, 
          0, 0, 0, 0, 0, 0, 0 ], 
      [ 0, 0, 0, 0, 0, 0, 0, 0, 0, 0, 0, 0, 0, 0, 0, 0, 0, 0, 0, 0, -1, 0, 
          1, 0, 0, 0, 0, 1, 0 ], 
      [ 0, 0, 1, 0, 1, 0, 0, 0, 0, 0, 0, 0, 0, 0, 0, -1, 0, 0, 0, 0, 0, 0, 
          0, 0, 0, 0, 0, 0, 0 ], 
      [ 0, 0, 0, 0, 0, 0, 0, 0, 0, 0, 0, 0, 0, 0, 0, 0, -1, 0, 1, 0, 0, 0, 
          0, 0, 0, 0, 0, 1, 0 ], 
      [ 0, 0, 0, 0, 0, 0, 0, 0, 0, 0, 0, 0, 0, 0, 0, 0, 0, 0, 0, -1, 0, 0, 
          1, 0, 0, 1, 0, 0, 0 ], 
      [ 0, 0, 0, 0, 0, -1, 0, 1, 0, 0, 0, 0, 0, 0, 0, 0, 0, 0, 0, 0, 0, 0, 
          0, 0, 0, 0, 0, 1, 0 ], 
      [ 0, 0, 0, 0, 0, 0, 0, 0, 0, 0, 0, 0, 0, 0, 0, 0, 0, 1, 1, 0, 0, 0, 0, 
          0, 0, 0, 0, 0, -1 ], 
      [ 0, 0, 0, 0, 0, 0, 0, 0, 0, 0, 1, 0, 1, 0, 0, 0, 0, 0, 0, 0, 0, 0, 0, 
          0, -1, 0, 0, 0, 0 ], 
      [ 0, 0, 0, 0, 0, 0, 0, 0, 0, 0, 0, -1, 0, 1, 0, 0, 0, 0, 0, 0, 0, 0, 
          0, 0, 0, 0, 0, 1, 0 ], 
      [ 0, 0, 0, 0, 0, 0, 0, 0, 0, 0, 0, 0, 0, 0, 0, -1, 0, 0, 1, 0, 0, 0, 
          0, 0, 0, 1, 0, 0, 0 ], 
      [ 0, 0, 0, 1, 0, 1, 0, 0, 0, 0, 0, 0, 0, 0, 0, 0, 0, 0, 0, 0, -1, 0, 
          0, 0, 0, 0, 0, 0, 0 ], 
      [ 0, 0, 0, 0, -1, 0, 0, 1, 0, 0, 0, 0, 0, 0, 0, 0, 0, 0, 0, 0, 0, 0, 
          0, 0, 0, 1, 0, 0, 0 ], 
      [ 0, -1, 0, 0, 0, 0, 0, 1, 0, 0, 0, 0, 0, 1, 0, 0, 0, 0, 0, 0, 0, 0, 
          0, 0, 0, 0, 0, 0, 0 ], 
      [ 0, 0, 0, 0, 0, 0, 0, 0, 0, 0, 0, 0, 0, 0, 0, 0, 0, 0, 0, 0, 0, 1, 1, 
          0, 0, 0, 0, 0, -1 ], 
      [ 0, 0, 0, -1, 0, 0, 0, 1, 0, 0, 0, 0, 0, 0, 0, 0, 0, 0, 0, 0, 0, 0, 
          1, 0, 0, 0, 0, 0, 0 ], 
      [ 0, 0, -1, 0, 0, 0, 0, 1, 0, 0, 0, 0, 0, 0, 0, 0, 0, 0, 1, 0, 0, 0, 
          0, 0, 0, 0, 0, 0, 0 ], 
      [ 0, -1, 0, 0, 1, 0, 1, 1, 0, 0, 1, 0, 1, 1, 0, 0, 0, 0, 0, 0, 0, 0, 
          0, 0, -1, -1, 0, 0, -1 ], 
      [ 0, 0, 0, 0, 0, 0, 0, 0, 0, 0, 0, 0, 0, 0, -1, -1, 0, 1, 1, -1, 0, 1, 
          1, 0, 1, 1, 0, 0, -1 ], 
      [ 0, 0, 0, 0, 0, 0, 0, 0, 0, 0, 0, 0, 0, 0, -1, 0, -1, 1, 1, 0, -1, 1, 
          1, 0, 0, 0, 1, 1, -1 ], 
      [ 0, 0, 1, 1, 1, 0, -1, 0, 0, 0, 0, 0, 0, 0, -1, -1, 0, 1, 0, -1, 0, 
          1, 0, 0, 1, 0, 0, 0, 0 ], 
      [ 0, 0, 0, 0, 0, 0, 0, 0, 0, -1, 0, -1, 1, 1, 0, 0, 0, 0, 0, 0, -1, 1, 
          1, 0, 0, 0, 1, 1, -1 ], 
      [ 0, 0, 1, 1, 0, 1, -1, 0, 0, 0, 0, 0, 0, 0, -1, 0, -1, 1, 0, 0, -1, 
          1, 0, 0, 0, 0, 1, 0, 0 ], 
      [ 0, 1, 0, 0, -1, 0, -1, 1, 0, 0, 1, 0, 1, -1, 0, 0, 0, 0, 0, 0, 0, 0, 
          0, 0, -1, 1, 0, 0, 1 ], 
      [ 0, 0, 0, 0, 0, 0, 0, 0, 0, 0, 1, -1, 1, 1, 0, 0, 0, 0, 0, 0, 0, 0, 
          0, 1, -1, -1, 1, 1, -1 ], 
      [ 0, 1, 0, 1, 0, 1, -1, 0, 0, -1, 0, -1, 1, 0, 0, 0, 0, 0, 0, 0, -1, 
          1, 0, 0, 0, 0, 1, 0, 0 ], 
      [ 0, 0, 0, 0, 0, 0, 0, 0, -1, 0, 0, -1, 1, 1, 0, 0, -1, 1, 1, 0, 0, 0, 
          0, 0, 0, 0, 1, 1, -1 ], 
      [ 0, 1, 0, 0, -1, 1, -1, 0, 0, 0, 1, -1, 1, 0, 0, 0, 0, 0, 0, 0, 0, 0, 
          0, 1, -1, 0, 1, 0, 0 ], 
      [ 0, 1, 1, 0, 0, 1, -1, 0, -1, 0, 0, -1, 1, 0, 0, 0, -1, 1, 0, 0, 0, 
          0, 0, 0, 0, 0, 1, 0, 0 ], 
      [ 0, -1, 0, 0, 1, -1, 0, 1, 0, 0, 1, -1, 0, 1, 0, 0, 0, 0, 0, 0, 0, 0, 
          0, 1, 0, -1, 0, 1, 0 ], 
      [ 0, -1, 0, 1, 1, 0, 0, 1, 0, 1, 1, 0, 0, 1, 0, 0, 0, 0, 0, -1, 0, 0, 
          -1, 0, 0, -1, 0, 0, 0 ], 
      [ 0, -1, 1, 0, 1, 0, 0, 1, 1, 0, 1, 0, 0, 1, 0, -1, 0, 0, -1, 0, 0, 0, 
          0, 0, 0, -1, 0, 0, 0 ], 
      [ 0, 1, 0, 0, -1, 1, 0, 1, 0, 0, 1, -1, 0, -1, 0, 0, 0, 0, 0, 0, 0, 0, 
          0, 1, 0, 1, 0, -1, 0 ], 
      [ 0, 1, 0, -1, -1, 0, 0, 1, 0, 1, 1, 0, 0, -1, 0, 0, 0, 0, 0, -1, 0, 
          0, 1, 0, 0, 1, 0, 0, 0 ], 
      [ 0, 1, -1, 0, -1, 0, 0, 1, 1, 0, 1, 0, 0, -1, 0, -1, 0, 0, 1, 0, 0, 
          0, 0, 0, 0, 1, 0, 0, 0 ], 
      [ 0, -1, 1, 1, 1, 0, 0, 0, 1, 1, 1, 0, 0, 0, -1, -1, 0, 0, 0, -1, 0, 
          0, 0, 0, 0, 0, 0, 0, 0 ], 
      [ 0, 0, 0, 0, 0, 0, 0, 0, 1, 1, 1, 0, 0, -1, -1, -1, 0, 0, 1, -1, 0, 
          0, 1, 0, 0, 1, 0, 0, 0 ], 
      [ 0, 0, 0, 0, 0, 0, 0, 0, 0, 0, 0, 0, 0, 0, -1, -1, -1, 1, 2, -1, -1, 
          1, 2, -1, 1, 2, 1, 2, -2 ], 
      [ 0, 0, 2, 2, 2, 2, -2, 0, 0, 0, 0, 0, 0, 0, -1, -1, -1, 1, 0, -1, -1, 
          1, 0, -1, 1, 0, 1, 0, 0 ], 
      [ 0, 0, -1, -1, -1, 0, 1, 2, 0, 0, 0, 0, 0, 0, -1, -1, 0, 1, 2, -1, 0, 
          1, 2, 0, 1, 2, 0, 0, -2 ], 
      [ 0, 0, 0, 0, 0, 0, 0, 0, -1, -1, 0, -1, 1, 2, -1, 0, -1, 1, 2, 0, -1, 
          1, 2, 0, 0, 0, 1, 2, -2 ], 
      [ 0, 0, -1, -1, 0, -1, 1, 2, 0, 0, 0, 0, 0, 0, -1, 0, -1, 1, 2, 0, -1, 
          1, 2, 0, 0, 0, 1, 2, -2 ], 
      [ 0, 0, 2, 2, 0, 2, -2, 2, 0, 0, 0, 0, 0, 0, -1, 0, -1, 1, -1, 0, -1, 
          1, -1, 0, 0, 0, 1, -1, 1 ], 
      [ 0, -1, 0, -1, 0, -1, 1, 2, 0, -1, 0, -1, 1, 2, 0, 0, 0, 0, 0, 0, -1, 
          1, 2, 0, 0, 0, 1, 2, -2 ], 
      [ 0, 2, 0, 2, 0, 2, -2, 2, 0, -1, 0, -1, 1, -1, 0, 0, 0, 0, 0, 0, -1, 
          1, -1, 0, 0, 0, 1, -1, 1 ], 
      [ 0, 2, 2, 0, 0, 2, -2, 2, -1, 0, 0, -1, 1, -1, 0, 0, -1, 1, -1, 0, 0, 
          0, 0, 0, 0, 0, 1, -1, 1 ], 
      [ 0, -2, 2, 2, 2, 0, 0, 2, 1, 1, 1, 0, 0, 1, -1, -1, 0, 0, -1, -1, 0, 
          0, -1, 0, 0, -1, 0, 0, 0 ], 
      [ 0, 1, -1, -1, -1, 0, 0, 2, 1, 1, 1, 0, 0, -2, -1, -1, 0, 0, 2, -1, 
          0, 0, 2, 0, 0, 2, 0, 0, 0 ], 
      [ 0, 2, 2, 2, 0, 2, -2, 0, -1, -1, 0, -1, 1, 0, -1, 0, -1, 1, 0, 0, 
          -1, 1, 0, 0, 0, 0, 1, 0, 0 ], 
      [ 0, 0, 2, 2, 2, 0, -2, 2, 0, 0, 0, 0, 0, 0, -1, -1, 0, 1, -1, -1, 0, 
          1, -1, 0, 1, -1, 0, 0, 1 ], 
      [ 0, -1, -1, 0, 0, -1, 1, 2, -1, 0, 0, -1, 1, 2, 0, 0, -1, 1, 2, 0, 0, 
          0, 0, 0, 0, 0, 1, 2, -2 ], 
      [ 0, 2, 0, 0, -2, 2, -2, 2, 0, 0, 1, -1, 1, -1, 0, 0, 0, 0, 0, 0, 0, 
          0, 0, 1, -1, 1, 1, -1, 1 ], 
      [ 0, -1, 0, 0, 1, -1, 1, 2, 0, 0, 1, -1, 1, 2, 0, 0, 0, 0, 0, 0, 0, 0, 
          0, 1, -1, -2, 1, 2, -2 ], 
      [ 0, 0, 1, 1, 1, 1, -1, -1, 0, 0, 0, 0, 0, 0, -1, -1, -1, 1, 1, -1, 
          -1, 1, 1, -1, 1, 1, 1, 1, -1 ], 
      [ 0, 1, 1, 1, 0, 1, -1, -1, -1, -1, 0, -1, 1, 1, -1, 0, -1, 1, 1, 0, 
          -1, 1, 1, 0, 0, 0, 1, 1, -1 ], 
      [ 0, 0, -1, -1, -1, -1, 1, 3, 0, 0, 0, 0, 0, 0, -1, -1, -1, 1, 3, -1, 
          -1, 1, 3, -1, 1, 3, 1, 3, -3 ], 
      [ 0, 0, 3, 3, 3, 3, -3, 3, 0, 0, 0, 0, 0, 0, -1, -1, -1, 1, -1, -1, 
          -1, 1, -1, -1, 1, -1, 1, -1, 1 ], 
      [ 0, -1, -1, -1, 0, -1, 1, 3, -1, -1, 0, -1, 1, 3, -1, 0, -1, 1, 3, 0, 
          -1, 1, 3, 0, 0, 0, 1, 3, -3 ], 
      [ 0, 3, 3, 3, 0, 3, -3, 3, -1, -1, 0, -1, 1, -1, -1, 0, -1, 1, -1, 0, 
          -1, 1, -1, 0, 0, 0, 1, -1, 1 ] ],
  ListIncidentSymbol := 
   [ [ -1, 0, 0, 0, 0, 0, 1, 1 ], [ 0, -1, 0, 0, 0, 0, 1, 1 ], 
      [ -1, 0, 0, 0, 0, 1, 0, 1 ], [ -1, 1, 0, 0, 0, 0, 0, 1 ], 
      [ 1, -1, 0, 0, 0, 0, 1, 0 ], [ -1, 0, 0, 0, 1, 0, 0, 1 ], 
      [ 1, 0, -1, 0, 0, 0, 1, 0 ], [ -1, 0, 0, 1, 0, 0, 0, 1 ], 
      [ -1, 1, 0, 0, 0, 1, 0, 0 ], [ -1, 0, 1, 0, 0, 0, 0, 1 ], 
      [ 1, 0, 0, 0, 0, 0, 1, -1 ], [ 1, 0, 0, -1, 0, 0, 1, 0 ], 
      [ 0, -1, 0, 1, 1, 0, 0, 0 ], [ -1, 0, 1, 0, 0, 1, 0, 0 ], 
      [ 0, -1, 1, 0, 1, 0, 0, 0 ], [ 0, 1, 0, 0, -1, 1, 0, 0 ], 
      [ -1, 0, 0, 1, 1, 0, 0, 0 ], [ 0, 0, 0, 1, 0, 1, 0, -1 ], 
      [ -1, 0, 1, 0, 1, 0, 0, 0 ], [ 0, 0, 1, 0, 0, 1, 0, -1 ], 
      [ 0, 0, 0, 1, 1, 0, 0, -1 ], [ 1, 0, 0, 0, 0, 1, 0, -1 ], 
      [ 0, 0, -1, 0, 0, 0, 1, 1 ], [ 0, -1, 0, 0, 1, 0, 1, 0 ], 
      [ 0, 1, 0, 0, 0, 1, 0, -1 ], [ 0, 0, 1, 0, 1, 0, 0, -1 ], 
      [ -1, 0, 0, 1, 0, 1, 0, 0 ], [ 1, 0, 0, 0, 1, 0, 0, -1 ], 
      [ 1, 1, 0, 0, 0, 0, 0, -1 ], [ 0, 0, 0, -1, 0, 0, 1, 1 ], 
      [ 1, 0, 0, 1, 0, 0, 0, -1 ], [ 1, 0, 1, 0, 0, 0, 0, -1 ], 
      [ -1, -1, 0, 0, 1, 0, 1, 1 ], [ 0, 0, 1, 1, 1, 0, -1, -1 ], 
      [ 0, 0, 1, 1, 0, 1, -1, -1 ], [ -1, 0, 1, 1, 1, 0, -1, 0 ], 
      [ 0, 1, 0, 1, 0, 1, -1, -1 ], [ -1, 0, 1, 1, 0, 1, -1, 0 ], 
      [ 1, -1, 0, 0, 1, 0, 1, -1 ], [ 0, -1, 0, 0, 1, -1, 1, 1 ], 
      [ -1, 1, 0, 1, 0, 1, -1, 0 ], [ 0, 1, 1, 0, 0, 1, -1, -1 ], 
      [ 1, -1, 0, 0, 1, -1, 1, 0 ], [ -1, 1, 1, 0, 0, 1, -1, 0 ], 
      [ 1, 1, 0, 0, -1, 1, 0, -1 ], [ -1, -1, 0, 1, 1, 0, 0, 1 ], 
      [ -1, -1, 1, 0, 1, 0, 0, 1 ], [ -1, 1, 0, 0, -1, 1, 0, 1 ], 
      [ 1, -1, 0, 1, 1, 0, 0, -1 ], [ 1, -1, 1, 0, 1, 0, 0, -1 ], 
      [ -1, -1, 1, 1, 1, 0, 0, 0 ], [ 0, -1, 1, 1, 1, 0, 0, -1 ], 
      [ 0, 0, 1, 1, 1, 1, -1, -2 ], [ -2, 0, 1, 1, 1, 1, -1, 0 ], 
      [ 1, 0, 1, 1, 1, 0, -1, -2 ], [ 0, 1, 1, 1, 0, 1, -1, -2 ], 
      [ 1, 0, 1, 1, 0, 1, -1, -2 ], [ -2, 0, 1, 1, 0, 1, -1, 1 ], 
      [ 1, 1, 0, 1, 0, 1, -1, -2 ], [ -2, 1, 0, 1, 0, 1, -1, 1 ], 
      [ -2, 1, 1, 0, 0, 1, -1, 1 ], [ -2, -1, 1, 1, 1, 0, 0, 1 ], 
      [ 1, -1, 1, 1, 1, 0, 0, -2 ], [ -2, 1, 1, 1, 0, 1, -1, 0 ], 
      [ -2, 0, 1, 1, 1, 0, -1, 1 ], [ 1, 1, 1, 0, 0, 1, -1, -2 ], 
      [ 2, -1, 0, 0, 1, -1, 1, -1 ], [ -1, -1, 0, 0, 1, -1, 1, 2 ], 
      [ -1, 0, 1, 1, 1, 1, -1, -1 ], [ -1, 1, 1, 1, 0, 1, -1, -1 ], 
      [ 1, 0, 1, 1, 1, 1, -1, -3 ], [ -3, 0, 1, 1, 1, 1, -1, 1 ], 
      [ 1, 1, 1, 1, 0, 1, -1, -3 ], [ -3, 1, 1, 1, 0, 1, -1, 1 ] ],
  ListAdjacent := [ rec(
          DistVect := [ 0, 0, 1, 0, 0, 0, 1, 0, 1, 0, 0, 0, 1, 0, 1, 1, 1, 
              0, 1, 0, 0, 1, 0, 0, 1, 0, 1, 0, 1 ],
          eAdj := [ 1, 2, 3, 4, 5, 6, 7, 8, 9, 10, 11, 12, 13, 14, 15, 16, 
              17, 18, 19, 20, 21, 22, 23, 24, 25, 26, 27, 28, 29, 30, 31, 
              32, 33, 34, 35, 36, 38, 39, 40, 42, 43, 44, 45, 46, 47, 48, 
              49, 50, 51, 52, 53, 54, 55, 56, 57, 58, 61, 62, 63, 64, 65, 
              66, 67, 68, 69, 70, 71, 72, 73, 74 ] ), rec(
          DistVect := [ 0, 0, 0, 0, 1, 0, 0, 0, 0, 0, 1, 0, 0, 0, 0, 1, 0, 
              0, 0, 1, 0, 0, 0, 1, 1, 1, 0, 0, 0 ],
          eAdj := [ 1, 2, 3, 4, 5, 6, 7, 8, 9, 10, 11, 12, 13, 14, 15, 17, 
              18, 19, 20, 21, 22, 23, 24, 25, 26, 27, 28, 29, 30, 31, 32, 
              33, 34, 35, 36, 37, 38, 39, 40, 41, 42, 43, 44, 46, 47, 49, 
              50, 51, 52, 53, 54, 55, 56, 57, 58, 59, 60, 61, 62, 63, 64, 
              65, 66, 67, 68, 69, 70, 71, 72, 73, 74 ] ), rec(
          DistVect := [ 0, 0, 0, 0, 1, 1, 1, 0, 0, 0, 1, 1, 1, 0, 0, 1, 1, 
              1, 0, 1, 1, 1, 0, 0, 0, 1, 0, 1, 1 ],
          eAdj := [ 1, 2, 3, 4, 5, 6, 7, 8, 9, 10, 11, 12, 13, 14, 15, 16, 
              17, 18, 19, 20, 21, 22, 23, 25, 26, 27, 28, 29, 30, 31, 32, 
              34, 35, 36, 37, 38, 40, 41, 42, 43, 44, 45, 46, 47, 48, 49, 
              50, 51, 52, 53, 54, 55, 56, 57, 58, 59, 60, 61, 62, 63, 64, 
              65, 66, 67, 68, 69, 70, 71, 72, 73, 74 ] ), rec(
          DistVect := [ 0, 1, 0, 0, 1, 0, 1, 0, 1, 1, 0, 1, 0, 1, 0, 1, 0, 
              1, 0, 1, 0, 1, 0, 1, 0, 1, 1, 0, 1 ],
          eAdj := [ 1, 2, 3, 4, 5, 6, 7, 8, 9, 10, 11, 12, 13, 14, 15, 16, 
              17, 18, 19, 20, 21, 22, 23, 24, 25, 26, 27, 28, 29, 30, 31, 
              32, 33, 34, 36, 37, 39, 40, 41, 42, 43, 44, 45, 46, 47, 48, 
              49, 50, 51, 52, 53, 54, 55, 56, 59, 60, 61, 62, 63, 64, 65, 
              66, 67, 68, 69, 70, 71, 72, 73, 74 ] ), rec(
          DistVect := [ 0, 0, 1, 0, 0, 0, 0, 0, 1, 0, 0, 0, 0, 0, 1, 1, 1, 
              1, 1, 0, 0, 0, 0, 0, 0, 0, 0, 0, 0 ],
          eAdj := [ 1, 2, 3, 4, 5, 6, 8, 9, 10, 11, 12, 13, 14, 15, 16, 17, 
              18, 19, 20, 21, 22, 24, 25, 26, 27, 28, 29, 30, 31, 32, 33, 
              34, 35, 36, 37, 38, 39, 40, 41, 42, 43, 44, 45, 46, 47, 48, 
              49, 50, 51, 52, 53, 54, 55, 56, 57, 58, 59, 60, 61, 62, 63, 
              64, 65, 66, 67, 68, 69, 70, 71, 72, 73, 74 ] ), rec(
          DistVect := [ 0, 1, 0, 1, 0, 0, 1, 0, 1, 0, 1, 1, 0, 1, 1, 0, 0, 
              1, 0, 1, 1, 0, 1, 0, 1, 0, 1, 0, 1 ],
          eAdj := [ 1, 2, 3, 4, 5, 6, 7, 8, 9, 10, 11, 12, 13, 14, 16, 17, 
              18, 19, 20, 21, 22, 23, 24, 25, 26, 27, 28, 29, 30, 31, 32, 
              33, 34, 35, 36, 37, 38, 39, 40, 41, 42, 43, 44, 45, 46, 48, 
              49, 51, 52, 53, 54, 55, 56, 57, 58, 59, 60, 61, 62, 63, 64, 
              65, 66, 67, 68, 69, 70, 71, 72, 73, 74 ] ), rec(
          DistVect := [ 0, 0, 0, 1, 0, 1, 1, 0, 0, 1, 0, 1, 1, 0, 1, 0, 1, 
              1, 0, 1, 0, 0, 1, 1, 1, 0, 0, 1, 1 ],
          eAdj := [ 1, 2, 3, 4, 5, 6, 7, 8, 9, 10, 11, 12, 13, 14, 15, 16, 
              17, 19, 20, 21, 22, 23, 24, 25, 26, 28, 29, 30, 31, 32, 33, 
              34, 35, 36, 37, 38, 39, 40, 41, 42, 43, 44, 45, 46, 47, 48, 
              49, 50, 51, 52, 53, 54, 55, 56, 57, 58, 59, 60, 61, 62, 63, 
              64, 65, 66, 67, 68, 69, 70, 71, 72, 73, 74 ] ), rec(
          DistVect := [ 0, 1, 1, 0, 1, 0, 1, 0, 0, 1, 0, 1, 0, 1, 1, 0, 1, 
              0, 1, 1, 0, 1, 0, 1, 0, 1, 1, 0, 1 ],
          eAdj := [ 1, 2, 3, 4, 5, 6, 7, 8, 9, 10, 11, 12, 13, 14, 15, 16, 
              17, 18, 20, 21, 22, 23, 24, 25, 27, 28, 29, 30, 31, 32, 33, 
              34, 35, 36, 37, 38, 39, 40, 41, 42, 43, 44, 45, 46, 47, 48, 
              49, 50, 51, 52, 53, 54, 55, 56, 57, 58, 59, 60, 61, 62, 63, 
              64, 65, 66, 67, 68, 69, 70, 71, 72, 73, 74 ] ), rec(
          DistVect := [ 0, 1, 0, 0, 1, 1, 1, 0, 1, 1, 0, 0, 0, 1, 0, 1, 1, 
              1, 0, 1, 1, 1, 0, 0, 0, 1, 0, 1, 1 ],
          eAdj := [ 1, 2, 3, 4, 5, 6, 7, 8, 10, 11, 12, 13, 14, 15, 16, 17, 
              18, 19, 20, 21, 22, 23, 24, 26, 27, 28, 29, 30, 31, 32, 33, 
              34, 35, 36, 37, 38, 39, 40, 41, 42, 43, 44, 45, 46, 47, 48, 
              49, 50, 51, 52, 53, 54, 55, 56, 57, 58, 59, 60, 61, 62, 63, 
              64, 65, 66, 67, 68, 69, 70, 71, 72, 73, 74 ] ), rec(
          DistVect := [ 0, 1, 0, 0, 1, 0, 0, 0, 1, 1, 0, 1, 1, 1, 0, 1, 0, 
              0, 0, 1, 0, 0, 0, 1, 1, 1, 0, 0, 0 ],
          eAdj := [ 1, 3, 4, 6, 7, 8, 9, 10, 11, 12, 13, 14, 15, 16, 17, 18, 
              19, 20, 21, 22, 23, 24, 25, 26, 27, 28, 29, 30, 31, 32, 33, 
              34, 35, 36, 37, 38, 39, 40, 41, 42, 43, 44, 45, 46, 47, 48, 
              49, 50, 51, 52, 53, 54, 55, 56, 57, 58, 59, 60, 61, 62, 63, 
              64, 65, 66, 67, 68, 69, 70, 71, 72, 73, 74 ] ), rec(
          DistVect := [ 0, 7, 7, 7, 4, 4, 8, 3, 4, 4, 3, 7, 5, 4, 4, 7, 7, 
              5, 4, 7, 7, 5, 4, 4, 8, 3, 8, 3, 9 ],
          eAdj := [ 2, 13, 15, 16, 18, 20, 21, 23, 24, 25, 26, 29, 30, 31, 
              32, 33, 40, 45, 52, 53, 55, 57, 59, 66, 71, 73 ] ), rec(
          DistVect := [ 0, 7, 7, 5, 5, 3, 7, 3, 4, 4, 4, 8, 4, 4, 4, 8, 8, 
              4, 4, 8, 8, 4, 4, 4, 8, 4, 8, 4, 8 ],
          eAdj := [ 2, 13, 15, 16, 18, 20, 21, 23, 24, 25, 26, 27, 29, 30, 
              32, 33, 34, 35, 37, 40, 42, 52, 53, 55, 56, 66 ] ), rec(
          DistVect := [ 0, 7, 7, 7, 3, 3, 9, 3, 4, 4, 4, 8, 4, 4, 4, 8, 8, 
              4, 4, 8, 8, 4, 4, 4, 8, 4, 8, 4, 8 ],
          eAdj := [ 2, 13, 15, 16, 18, 20, 21, 23, 24, 25, 26, 29, 30, 31, 
              32, 33, 34, 35, 37, 40, 42, 45, 52, 53, 56, 69 ] ), rec(
          DistVect := [ 0, 7, 5, 5, 7, 3, 7, 3, 4, 4, 4, 8, 4, 4, 4, 8, 8, 
              4, 4, 8, 8, 4, 4, 4, 8, 4, 8, 4, 8 ],
          eAdj := [ 2, 13, 14, 15, 16, 18, 20, 21, 23, 24, 25, 26, 27, 28, 
              29, 30, 34, 35, 37, 40, 42, 43, 52, 53, 55, 56 ] ), rec(
          DistVect := [ 0, 7, 5, 5, 5, 3, 7, 3, 4, 4, 4, 8, 4, 4, 4, 8, 8, 
              4, 4, 8, 8, 4, 4, 4, 8, 4, 8, 4, 8 ],
          eAdj := [ 2, 13, 14, 15, 16, 18, 20, 21, 23, 24, 25, 26, 27, 29, 
              30, 33, 34, 35, 37, 40, 42, 51, 52, 53, 56, 69 ] ), rec(
          DistVect := [ 0, 5, 5, 5, 3, 5, 7, 3, 4, 4, 4, 8, 4, 4, 4, 8, 8, 
              4, 4, 8, 8, 4, 4, 4, 8, 4, 8, 4, 8 ],
          eAdj := [ 2, 13, 15, 16, 17, 18, 19, 20, 21, 23, 24, 25, 26, 30, 
              33, 34, 35, 37, 40, 42, 45, 51, 52, 53, 56, 69 ] ), rec(
          DistVect := [ 0, 4, 4, 4, 4, 7, 5, 3, 4, 4, 4, 7, 5, 3, 4, 8, 7, 
              5, 3, 8, 7, 5, 3, 5, 7, 5, 8, 4, 8 ],
          eAdj := [ 1, 2, 13, 15, 17, 18, 19, 20, 21, 22, 23, 25, 26, 30, 
              33, 34, 45, 51, 52, 53, 56, 57, 59, 66, 68, 73 ] ), rec(
          DistVect := [ 0, 5, 5, 3, 7, 5, 5, 3, 4, 4, 4, 8, 4, 4, 4, 8, 8, 
              4, 4, 8, 8, 4, 4, 4, 8, 4, 8, 4, 8 ],
          eAdj := [ 1, 2, 13, 15, 16, 18, 20, 21, 23, 24, 25, 26, 27, 28, 
              30, 34, 35, 37, 40, 42, 50, 52, 53, 55, 56, 66 ] ), rec(
          DistVect := [ 0, 5, 3, 3, 7, 5, 5, 3, 4, 4, 4, 8, 4, 4, 4, 8, 8, 
              4, 4, 8, 8, 4, 4, 4, 8, 4, 8, 4, 8 ],
          eAdj := [ 1, 2, 13, 14, 15, 16, 18, 20, 21, 23, 24, 25, 26, 27, 
              28, 30, 34, 35, 37, 40, 42, 51, 52, 53, 56, 70 ] ), rec(
          DistVect := [ 0, 5, 5, 3, 5, 5, 5, 3, 4, 4, 4, 8, 4, 4, 4, 8, 8, 
              4, 4, 8, 8, 4, 4, 4, 8, 4, 8, 4, 8 ],
          eAdj := [ 1, 2, 13, 15, 16, 17, 18, 20, 21, 23, 24, 25, 26, 27, 
              30, 33, 34, 35, 37, 40, 42, 51, 52, 53, 56, 66 ] ), rec(
          DistVect := [ 0, 4, 4, 4, 7, 7, 5, 3, 4, 4, 3, 7, 5, 3, 4, 7, 7, 
              5, 3, 7, 7, 5, 3, 4, 8, 4, 8, 4, 8 ],
          eAdj := [ 1, 2, 13, 15, 16, 18, 20, 21, 22, 23, 24, 25, 26, 28, 
              30, 40, 49, 50, 52, 55, 56, 57, 59, 66, 71, 73 ] ), rec(
          DistVect := [ 0, 3, 3, 3, 7, 7, 5, 3, 4, 4, 4, 8, 4, 4, 4, 8, 8, 
              4, 4, 8, 8, 4, 4, 4, 8, 4, 8, 4, 8 ],
          eAdj := [ 1, 2, 13, 15, 16, 18, 20, 21, 22, 23, 24, 25, 26, 28, 
              30, 34, 35, 37, 40, 42, 49, 50, 52, 53, 56, 70 ] ), rec(
          DistVect := [ 0, 3, 3, 3, 5, 7, 5, 3, 4, 4, 4, 8, 4, 4, 4, 8, 8, 
              4, 4, 8, 8, 4, 4, 4, 8, 4, 8, 4, 8 ],
          eAdj := [ 1, 2, 13, 15, 16, 17, 18, 19, 20, 21, 22, 23, 24, 25, 
              26, 30, 34, 35, 37, 40, 42, 51, 52, 53, 56, 70 ] ), rec(
          DistVect := [ 0, 7, 5, 5, 4, 3, 7, 3, 4, 4, 7, 8, 4, 4, 4, 9, 8, 
              4, 4, 9, 8, 4, 4, 3, 7, 7, 8, 4, 8 ],
          eAdj := [ 2, 6, 14, 17, 18, 19, 20, 23, 25, 27, 29, 30, 33, 34, 
              35, 36, 37, 40, 42, 45, 46, 47, 51, 56, 68, 69 ] ), rec(
          DistVect := [ 0, 5, 3, 3, 4, 5, 5, 3, 4, 4, 5, 8, 4, 4, 4, 7, 8, 
              4, 4, 7, 8, 4, 4, 5, 5, 7, 8, 4, 8 ],
          eAdj := [ 1, 2, 6, 14, 17, 18, 19, 20, 23, 25, 27, 30, 33, 35, 36, 
              37, 42, 45, 46, 47, 51, 56, 62, 68, 69, 70 ] ), rec(
          DistVect := [ 0, 5, 5, 3, 4, 5, 5, 3, 4, 4, 5, 8, 4, 4, 4, 9, 8, 
              4, 4, 7, 8, 4, 4, 5, 5, 7, 8, 4, 8 ],
          eAdj := [ 1, 2, 6, 15, 17, 18, 19, 20, 23, 25, 27, 30, 33, 34, 35, 
              36, 37, 42, 45, 46, 47, 51, 56, 66, 68, 69 ] ), rec(
          DistVect := [ 0, 4, 4, 4, 4, 7, 5, 3, 4, 4, 4, 7, 5, 3, 4, 8, 7, 
              5, 3, 8, 7, 5, 3, 7, 5, 7, 8, 4, 8 ],
          eAdj := [ 1, 2, 6, 13, 15, 17, 18, 19, 20, 22, 23, 25, 30, 33, 34, 
              45, 46, 47, 51, 53, 56, 57, 59, 66, 68, 73 ] ), rec(
          DistVect := [ 0, 3, 3, 3, 4, 7, 5, 3, 4, 4, 3, 8, 4, 4, 4, 7, 8, 
              4, 4, 7, 8, 4, 4, 7, 5, 7, 8, 4, 8 ],
          eAdj := [ 1, 2, 6, 13, 15, 17, 18, 19, 20, 22, 23, 25, 30, 33, 35, 
              36, 37, 42, 45, 46, 47, 51, 56, 68, 69, 70 ] ), rec(
          DistVect := [ 0, 7, 4, 7, 4, 4, 8, 3, 5, 4, 5, 7, 5, 4, 5, 8, 8, 
              4, 5, 9, 7, 5, 4, 4, 8, 5, 8, 3, 9 ],
          eAdj := [ 2, 7, 13, 14, 18, 19, 20, 21, 23, 25, 29, 30, 31, 33, 
              34, 35, 40, 42, 45, 47, 51, 53, 56, 59, 68, 69 ] ), rec(
          DistVect := [ 0, 5, 3, 5, 7, 5, 7, 3, 4, 4, 4, 8, 4, 4, 4, 8, 8, 
              4, 4, 8, 8, 4, 4, 4, 8, 4, 8, 4, 8 ],
          eAdj := [ 2, 7, 13, 14, 15, 16, 18, 20, 21, 23, 24, 25, 26, 28, 
              30, 34, 35, 37, 40, 42, 43, 49, 52, 53, 56, 70 ] ), rec(
          DistVect := [ 0, 7, 5, 7, 5, 3, 9, 3, 4, 4, 4, 8, 4, 4, 4, 8, 8, 
              4, 4, 8, 8, 4, 4, 4, 8, 4, 8, 4, 8 ],
          eAdj := [ 2, 7, 13, 14, 15, 16, 18, 20, 21, 23, 24, 25, 26, 29, 
              30, 31, 34, 35, 37, 40, 42, 43, 52, 53, 56, 69 ] ), rec(
          DistVect := [ 0, 5, 3, 5, 5, 5, 7, 3, 4, 4, 4, 8, 4, 4, 4, 8, 8, 
              4, 4, 8, 8, 4, 4, 4, 8, 4, 8, 4, 8 ],
          eAdj := [ 2, 7, 13, 14, 15, 16, 18, 19, 20, 21, 23, 24, 25, 26, 
              30, 34, 35, 37, 40, 42, 51, 52, 53, 56, 69, 70 ] ), rec(
          DistVect := [ 0, 5, 5, 7, 3, 5, 9, 3, 4, 4, 4, 8, 4, 4, 4, 8, 8, 
              4, 4, 8, 8, 4, 4, 4, 8, 4, 8, 4, 8 ],
          eAdj := [ 2, 5, 7, 13, 15, 16, 18, 19, 20, 21, 23, 24, 25, 26, 30, 
              31, 34, 35, 37, 40, 42, 45, 52, 53, 56, 69 ] ), rec(
          DistVect := [ 0, 3, 3, 5, 5, 7, 7, 3, 4, 4, 4, 8, 4, 4, 4, 8, 8, 
              4, 4, 8, 8, 4, 4, 4, 8, 4, 8, 4, 8 ],
          eAdj := [ 2, 5, 7, 13, 15, 16, 18, 19, 20, 21, 22, 23, 24, 25, 26, 
              30, 34, 35, 37, 40, 42, 49, 52, 53, 56, 70 ] ), rec(
          DistVect := [ 0, 5, 3, 5, 4, 5, 7, 3, 4, 4, 5, 8, 4, 4, 4, 7, 8, 
              4, 4, 9, 8, 4, 4, 5, 7, 7, 8, 4, 8 ],
          eAdj := [ 2, 6, 7, 13, 14, 17, 18, 19, 20, 23, 25, 30, 33, 35, 36, 
              37, 40, 42, 45, 46, 47, 51, 56, 68, 69, 70 ] ), rec(
          DistVect := [ 0, 5, 7, 5, 5, 3, 7, 3, 4, 4, 4, 8, 4, 4, 4, 8, 8, 
              4, 4, 8, 8, 4, 4, 4, 8, 4, 8, 4, 8 ],
          eAdj := [ 2, 9, 13, 15, 16, 18, 20, 21, 23, 24, 25, 26, 27, 30, 
              32, 34, 35, 37, 40, 42, 43, 50, 52, 53, 55, 56 ] ), rec(
          DistVect := [ 0, 5, 5, 5, 5, 3, 7, 3, 4, 4, 4, 8, 4, 4, 4, 8, 8, 
              4, 4, 8, 8, 4, 4, 4, 8, 4, 8, 4, 8 ],
          eAdj := [ 2, 9, 13, 14, 15, 16, 18, 20, 21, 23, 24, 25, 26, 27, 
              30, 34, 35, 37, 40, 42, 43, 52, 53, 56, 69, 70 ] ), rec(
          DistVect := [ 0, 5, 7, 5, 3, 3, 7, 3, 4, 4, 4, 8, 4, 4, 4, 8, 8, 
              4, 4, 8, 8, 4, 4, 4, 8, 4, 8, 4, 8 ],
          eAdj := [ 2, 9, 13, 15, 16, 17, 18, 20, 21, 23, 24, 25, 26, 27, 
              30, 32, 33, 34, 35, 37, 40, 42, 52, 53, 56, 69 ] ), rec(
          DistVect := [ 0, 4, 4, 4, 4, 4, 5, 3, 4, 4, 4, 8, 5, 3, 4, 8, 8, 
              5, 3, 8, 8, 3, 5, 4, 7, 5, 7, 5, 8 ],
          eAdj := [ 1, 2, 9, 13, 14, 15, 16, 17, 19, 20, 23, 25, 26, 27, 30, 
              33, 34, 35, 37, 40, 42, 46, 51, 56, 69, 70 ] ), rec(
          DistVect := [ 0, 4, 4, 4, 4, 4, 5, 3, 4, 4, 4, 8, 3, 5, 4, 8, 8, 
              3, 5, 8, 8, 3, 5, 4, 7, 5, 9, 3, 8 ],
          eAdj := [ 1, 2, 9, 13, 14, 15, 16, 17, 18, 19, 20, 23, 24, 25, 27, 
              30, 33, 34, 35, 36, 37, 40, 42, 51, 69, 70 ] ), rec(
          DistVect := [ 0, 4, 4, 4, 7, 4, 5, 3, 4, 4, 5, 8, 3, 5, 4, 9, 8, 
              3, 5, 7, 8, 5, 3, 5, 8, 4, 7, 5, 8 ],
          eAdj := [ 1, 2, 9, 14, 15, 18, 21, 23, 24, 26, 27, 28, 30, 34, 35, 
              37, 42, 43, 44, 48, 49, 50, 52, 53, 55, 70 ] ), rec(
          DistVect := [ 0, 4, 4, 4, 4, 4, 5, 3, 4, 4, 4, 8, 3, 5, 4, 8, 8, 
              3, 5, 8, 8, 5, 3, 4, 7, 5, 7, 5, 8 ],
          eAdj := [ 1, 2, 9, 13, 14, 15, 16, 17, 18, 19, 21, 23, 24, 27, 30, 
              33, 34, 35, 37, 40, 42, 44, 51, 52, 69, 70 ] ), rec(
          DistVect := [ 0, 4, 4, 4, 7, 4, 5, 3, 4, 4, 5, 8, 3, 5, 4, 7, 8, 
              5, 3, 7, 8, 5, 3, 5, 8, 4, 7, 5, 8 ],
          eAdj := [ 1, 2, 9, 14, 18, 20, 21, 23, 24, 26, 27, 28, 30, 35, 37, 
              42, 43, 48, 49, 50, 52, 53, 55, 56, 63, 70 ] ), rec(
          DistVect := [ 0, 5, 5, 5, 5, 3, 5, 3, 4, 4, 4, 8, 4, 4, 4, 8, 8, 
              4, 4, 8, 8, 4, 4, 4, 8, 4, 8, 4, 8 ],
          eAdj := [ 1, 2, 9, 13, 14, 15, 16, 18, 20, 21, 23, 24, 25, 26, 27, 
              30, 33, 34, 35, 37, 40, 42, 52, 53, 55, 56 ] ), rec(
          DistVect := [ 0, 3, 5, 3, 5, 5, 5, 3, 4, 4, 4, 8, 4, 4, 4, 8, 8, 
              4, 4, 8, 8, 4, 4, 4, 8, 4, 8, 4, 8 ],
          eAdj := [ 1, 2, 9, 13, 15, 16, 17, 18, 20, 21, 23, 24, 25, 26, 27, 
              30, 34, 35, 37, 40, 42, 50, 52, 53, 56, 70 ] ), rec(
          DistVect := [ 0, 4, 4, 4, 4, 4, 5, 3, 4, 4, 4, 8, 5, 3, 4, 8, 8, 
              5, 3, 8, 8, 5, 3, 4, 7, 5, 5, 7, 8 ],
          eAdj := [ 1, 2, 3, 9, 13, 14, 15, 16, 17, 19, 21, 23, 26, 27, 30, 
              33, 34, 35, 37, 40, 42, 51, 52, 56, 69, 70 ] ), rec(
          DistVect := [ 0, 4, 4, 4, 7, 4, 5, 3, 4, 4, 3, 8, 5, 3, 4, 7, 8, 
              5, 3, 7, 8, 5, 3, 7, 8, 4, 5, 7, 8 ],
          eAdj := [ 1, 2, 3, 9, 13, 14, 15, 21, 23, 24, 26, 27, 28, 30, 35, 
              37, 42, 43, 48, 49, 50, 52, 53, 55, 56, 70 ] ), rec(
          DistVect := [ 0, 3, 3, 3, 7, 4, 5, 3, 4, 4, 4, 7, 4, 4, 4, 8, 7, 
              4, 4, 8, 7, 4, 4, 7, 8, 4, 5, 7, 8 ],
          eAdj := [ 1, 2, 3, 9, 13, 14, 15, 21, 23, 24, 26, 27, 28, 30, 34, 
              38, 41, 43, 44, 48, 49, 50, 52, 64, 69, 70 ] ), rec(
          DistVect := [ 0, 3, 3, 3, 5, 4, 5, 3, 4, 4, 4, 7, 4, 4, 4, 8, 7, 
              4, 4, 8, 7, 4, 4, 5, 8, 4, 5, 7, 8 ],
          eAdj := [ 1, 2, 3, 9, 13, 14, 15, 17, 19, 21, 23, 24, 26, 27, 30, 
              34, 38, 41, 43, 44, 48, 51, 52, 64, 69, 70 ] ), rec(
          DistVect := [ 0, 4, 7, 7, 4, 4, 8, 3, 5, 5, 4, 8, 4, 5, 4, 7, 7, 
              5, 4, 7, 7, 5, 4, 4, 8, 3, 8, 3, 9 ],
          eAdj := [ 2, 5, 9, 16, 18, 20, 21, 23, 24, 25, 26, 30, 31, 32, 37, 
              40, 42, 43, 49, 50, 53, 55, 56, 57, 63, 71 ] ), rec(
          DistVect := [ 0, 3, 5, 5, 5, 5, 7, 3, 4, 4, 4, 8, 4, 4, 4, 8, 8, 
              4, 4, 8, 8, 4, 4, 4, 8, 4, 8, 4, 8 ],
          eAdj := [ 2, 5, 9, 13, 15, 16, 18, 20, 21, 23, 24, 25, 26, 30, 34, 
              35, 37, 40, 42, 43, 49, 50, 52, 53, 56, 70 ] ), rec(
          DistVect := [ 0, 5, 7, 7, 3, 3, 9, 3, 4, 4, 4, 8, 4, 4, 4, 8, 8, 
              4, 4, 8, 8, 4, 4, 4, 8, 4, 8, 4, 8 ],
          eAdj := [ 2, 5, 9, 13, 15, 16, 18, 20, 21, 23, 24, 25, 26, 30, 31, 
              32, 34, 35, 37, 40, 42, 43, 52, 53, 56, 69 ] ), rec(
          DistVect := [ 0, 3, 5, 5, 3, 5, 7, 3, 4, 4, 4, 8, 4, 4, 4, 8, 8, 
              4, 4, 8, 8, 4, 4, 4, 8, 4, 8, 4, 8 ],
          eAdj := [ 2, 5, 9, 13, 15, 16, 17, 18, 19, 20, 21, 23, 24, 25, 26, 
              30, 34, 35, 37, 40, 42, 52, 53, 56, 69, 70 ] ), rec(
          DistVect := [ 0, 4, 5, 5, 7, 3, 7, 3, 5, 5, 7, 7, 3, 7, 4, 8, 8, 
              4, 4, 8, 8, 4, 4, 4, 8, 4, 8, 4, 8 ],
          eAdj := [ 4, 5, 9, 14, 18, 20, 21, 23, 26, 27, 28, 30, 34, 35, 39, 
              41, 43, 44, 48, 49, 50, 53, 55, 63, 67, 70 ] ), rec(
          DistVect := [ 0, 4, 7, 5, 5, 3, 7, 3, 7, 5, 5, 7, 3, 7, 4, 8, 8, 
              4, 4, 8, 8, 4, 4, 4, 8, 4, 8, 4, 8 ],
          eAdj := [ 4, 5, 9, 18, 20, 21, 23, 24, 26, 27, 30, 32, 34, 35, 39, 
              41, 42, 43, 44, 48, 49, 50, 53, 55, 63, 70 ] ), rec(
          DistVect := [ 0, 4, 5, 5, 5, 3, 7, 3, 5, 5, 5, 7, 3, 7, 4, 8, 8, 
              4, 4, 8, 8, 4, 4, 4, 8, 4, 8, 4, 8 ],
          eAdj := [ 4, 5, 9, 14, 18, 20, 21, 23, 24, 26, 27, 30, 34, 35, 39, 
              41, 43, 44, 48, 49, 50, 52, 53, 63, 69, 70 ] ), rec(
          DistVect := [ 0, 4, 7, 7, 4, 4, 8, 3, 7, 7, 4, 8, 4, 7, 4, 7, 7, 
              5, 4, 7, 7, 5, 4, 4, 8, 3, 8, 3, 9 ],
          eAdj := [ 4, 5, 9, 16, 18, 20, 21, 23, 24, 26, 30, 31, 32, 37, 39, 
              42, 43, 48, 49, 50, 53, 55, 56, 57, 63, 71 ] ), rec(
          DistVect := [ 0, 4, 7, 7, 3, 3, 9, 3, 7, 7, 3, 7, 5, 7, 4, 8, 8, 
              4, 4, 8, 8, 4, 4, 4, 8, 4, 8, 4, 8 ],
          eAdj := [ 4, 5, 9, 16, 18, 20, 21, 23, 24, 26, 30, 31, 32, 34, 35, 
              39, 41, 43, 44, 48, 49, 50, 53, 63, 69, 70 ] ), rec(
          DistVect := [ 0, 4, 4, 4, 4, 4, 5, 3, 4, 4, 4, 8, 3, 5, 4, 8, 8, 
              3, 5, 8, 8, 5, 3, 4, 5, 7, 7, 5, 8 ],
          eAdj := [ 1, 2, 6, 9, 13, 14, 15, 16, 17, 18, 19, 23, 27, 30, 33, 
              34, 35, 36, 37, 40, 42, 44, 47, 51, 69, 70 ] ), rec(
          DistVect := [ 0, 4, 4, 4, 4, 4, 5, 3, 4, 4, 4, 8, 3, 5, 4, 8, 8, 
              5, 3, 8, 8, 5, 3, 4, 5, 7, 7, 5, 8 ],
          eAdj := [ 1, 2, 6, 9, 13, 14, 15, 16, 17, 18, 19, 20, 23, 27, 30, 
              33, 34, 35, 37, 40, 42, 51, 52, 56, 69, 70 ] ), rec(
          DistVect := [ 0, 4, 4, 4, 4, 4, 5, 3, 4, 4, 4, 8, 5, 3, 4, 8, 8, 
              5, 3, 8, 8, 5, 3, 4, 5, 7, 5, 7, 8 ],
          eAdj := [ 1, 2, 3, 6, 9, 13, 14, 15, 16, 17, 19, 23, 27, 30, 33, 
              34, 35, 37, 40, 42, 46, 47, 51, 56, 69, 70 ] ), rec(
          DistVect := [ 0, 3, 3, 3, 4, 4, 5, 3, 4, 4, 3, 7, 4, 4, 4, 7, 7, 
              4, 4, 7, 7, 4, 4, 4, 5, 7, 5, 7, 8 ],
          eAdj := [ 1, 2, 3, 6, 9, 13, 14, 15, 16, 17, 19, 23, 27, 30, 33, 
              36, 38, 40, 41, 44, 46, 47, 51, 54, 64, 70 ] ), rec(
          DistVect := [ 0, 4, 5, 5, 4, 3, 7, 3, 5, 5, 4, 7, 3, 7, 4, 9, 8, 
              4, 4, 9, 8, 4, 4, 3, 7, 7, 8, 4, 8 ],
          eAdj := [ 4, 5, 6, 9, 13, 14, 15, 16, 17, 18, 19, 20, 23, 24, 27, 
              30, 34, 35, 36, 40, 41, 43, 44, 52, 69, 70 ] ), rec(
          DistVect := [ 0, 4, 4, 7, 4, 4, 8, 3, 4, 5, 4, 8, 4, 5, 5, 8, 8, 
              4, 5, 7, 7, 3, 4, 4, 8, 3, 8, 3, 7 ],
          eAdj := [ 5, 7, 9, 14, 15, 16, 18, 19, 20, 21, 24, 25, 26, 30, 31, 
              34, 35, 37, 39, 43, 44, 49, 52, 53, 69, 70 ] ), rec(
          DistVect := [ 0, 4, 4, 7, 4, 4, 8, 3, 4, 5, 4, 8, 4, 5, 5, 8, 8, 
              4, 5, 9, 7, 3, 4, 4, 8, 5, 8, 3, 7 ],
          eAdj := [ 5, 7, 9, 13, 14, 15, 16, 18, 19, 20, 21, 24, 25, 30, 31, 
              34, 35, 36, 37, 40, 43, 44, 49, 52, 69, 70 ] ), rec(
          DistVect := [ 0, 4, 4, 7, 4, 4, 8, 3, 4, 5, 4, 8, 4, 5, 5, 8, 8, 
              4, 5, 7, 9, 5, 4, 4, 8, 3, 8, 5, 9 ],
          eAdj := [ 2, 5, 7, 9, 14, 15, 16, 18, 19, 21, 23, 24, 26, 30, 31, 
              34, 35, 37, 43, 44, 48, 49, 52, 53, 69, 70 ] ), rec(
          DistVect := [ 0, 3, 3, 5, 5, 4, 7, 3, 4, 4, 4, 7, 4, 4, 4, 8, 7, 
              4, 4, 8, 9, 4, 4, 5, 8, 4, 7, 7, 8 ],
          eAdj := [ 2, 3, 5, 7, 9, 13, 14, 15, 19, 21, 23, 24, 26, 27, 30, 
              34, 38, 41, 43, 44, 48, 49, 52, 64, 69, 70 ] ), rec(
          DistVect := [ 0, 4, 5, 7, 5, 3, 9, 3, 5, 7, 5, 7, 5, 7, 4, 8, 8, 
              4, 4, 8, 8, 4, 4, 4, 8, 4, 8, 4, 8 ],
          eAdj := [ 4, 5, 7, 9, 14, 18, 20, 21, 23, 26, 30, 31, 34, 35, 39, 
              41, 43, 44, 48, 49, 50, 53, 63, 67, 69, 70 ] ), rec(
          DistVect := [ 0, 4, 4, 7, 4, 4, 8, 3, 4, 7, 4, 8, 4, 7, 5, 8, 8, 
              4, 5, 9, 7, 5, 4, 4, 8, 5, 8, 3, 9 ],
          eAdj := [ 4, 5, 7, 9, 14, 15, 16, 18, 19, 20, 21, 23, 24, 30, 31, 
              34, 35, 37, 40, 43, 44, 49, 52, 53, 69, 70 ] ), rec(
          DistVect := [ 0, 7, 4, 7, 4, 4, 8, 3, 7, 4, 3, 7, 5, 4, 7, 8, 8, 
              4, 7, 7, 7, 5, 4, 4, 8, 3, 8, 3, 9 ],
          eAdj := [ 2, 7, 10, 13, 14, 16, 18, 19, 21, 24, 25, 29, 30, 31, 
              33, 34, 35, 40, 42, 45, 47, 51, 53, 56, 59, 69 ] ), rec(
          DistVect := [ 0, 7, 4, 7, 3, 3, 9, 3, 7, 4, 4, 8, 4, 4, 7, 7, 7, 
              5, 7, 8, 8, 4, 4, 4, 8, 4, 8, 4, 8 ],
          eAdj := [ 2, 7, 10, 13, 14, 16, 18, 19, 21, 24, 25, 29, 30, 31, 
              33, 36, 37, 38, 40, 44, 45, 47, 51, 54, 69, 70 ] ), rec(
          DistVect := [ 0, 7, 4, 5, 5, 3, 7, 3, 7, 4, 4, 8, 4, 4, 5, 9, 7, 
              3, 7, 8, 8, 4, 4, 4, 8, 4, 8, 4, 8 ],
          eAdj := [ 2, 7, 10, 13, 14, 16, 18, 19, 21, 24, 25, 27, 29, 30, 
              33, 34, 36, 37, 38, 40, 42, 44, 47, 51, 69, 70 ] ), rec(
          DistVect := [ 0, 5, 4, 7, 3, 3, 9, 3, 5, 4, 4, 8, 4, 4, 7, 7, 7, 
              5, 7, 8, 8, 4, 4, 4, 8, 4, 8, 4, 8 ],
          eAdj := [ 2, 5, 7, 9, 10, 13, 14, 16, 18, 19, 21, 24, 25, 30, 31, 
              36, 37, 38, 40, 43, 44, 47, 51, 54, 69, 70 ] ), rec(
          DistVect := [ 0, 4, 4, 5, 5, 3, 7, 3, 4, 5, 5, 7, 3, 7, 5, 9, 7, 
              3, 7, 8, 8, 4, 4, 4, 8, 4, 8, 4, 8 ],
          eAdj := [ 4, 5, 7, 9, 10, 14, 15, 18, 19, 21, 24, 27, 30, 34, 36, 
              38, 39, 41, 43, 44, 48, 49, 52, 61, 64, 69 ] ), rec(
          DistVect := [ 0, 7, 5, 3, 7, 5, 7, 3, 4, 4, 4, 8, 4, 4, 4, 8, 8, 
              4, 4, 8, 8, 4, 4, 4, 8, 4, 8, 4, 8 ],
          eAdj := [ 2, 12, 13, 15, 16, 18, 20, 21, 23, 24, 25, 26, 27, 28, 
              29, 30, 34, 35, 37, 40, 42, 51, 52, 53, 56, 66 ] ), rec(
          DistVect := [ 0, 5, 7, 3, 5, 5, 7, 3, 4, 4, 4, 8, 4, 4, 4, 8, 8, 
              4, 4, 8, 8, 4, 4, 4, 8, 4, 8, 4, 8 ],
          eAdj := [ 2, 12, 13, 15, 16, 17, 18, 20, 21, 23, 24, 25, 26, 27, 
              30, 32, 34, 35, 37, 40, 42, 50, 52, 53, 56, 66 ] ), rec(
          DistVect := [ 0, 5, 5, 3, 5, 7, 7, 3, 4, 4, 4, 8, 4, 4, 4, 8, 8, 
              4, 4, 8, 8, 4, 4, 4, 8, 4, 8, 4, 8 ],
          eAdj := [ 2, 12, 13, 15, 16, 17, 18, 20, 21, 22, 23, 24, 25, 26, 
              30, 34, 35, 37, 40, 42, 45, 51, 52, 53, 56, 66 ] ), rec(
          DistVect := [ 0, 7, 5, 3, 4, 5, 7, 3, 4, 4, 7, 8, 4, 4, 4, 9, 8, 
              4, 4, 7, 8, 4, 4, 5, 7, 7, 8, 4, 8 ],
          eAdj := [ 2, 6, 12, 17, 18, 19, 20, 23, 25, 27, 29, 30, 33, 35, 
              36, 37, 42, 45, 46, 47, 51, 56, 62, 66, 68, 69 ] ), rec(
          DistVect := [ 0, 7, 4, 4, 4, 4, 8, 3, 5, 5, 5, 9, 5, 4, 4, 8, 8, 
              4, 5, 8, 8, 4, 5, 4, 8, 5, 8, 5, 9 ],
          eAdj := [ 2, 7, 12, 14, 16, 17, 19, 23, 25, 27, 29, 30, 33, 36, 
              37, 38, 40, 42, 45, 46, 47, 51, 54, 62, 69, 70 ] ), rec(
          DistVect := [ 0, 7, 4, 4, 7, 4, 8, 3, 5, 3, 4, 9, 3, 4, 4, 9, 8, 
              4, 5, 7, 8, 4, 3, 5, 7, 4, 8, 5, 7 ],
          eAdj := [ 2, 7, 12, 13, 14, 15, 16, 18, 21, 24, 25, 26, 27, 28, 
              29, 30, 34, 37, 38, 42, 43, 44, 51, 52, 69, 70 ] ), rec(
          DistVect := [ 0, 7, 5, 5, 5, 5, 9, 3, 4, 4, 4, 8, 4, 4, 4, 8, 8, 
              4, 4, 8, 8, 4, 4, 4, 8, 4, 8, 4, 8 ],
          eAdj := [ 2, 7, 12, 13, 15, 16, 18, 20, 21, 23, 24, 25, 26, 29, 
              30, 34, 35, 37, 40, 42, 45, 51, 52, 53, 56, 69 ] ), rec(
          DistVect := [ 0, 5, 3, 3, 7, 7, 7, 3, 4, 4, 4, 8, 4, 4, 4, 8, 8, 
              4, 4, 8, 8, 4, 4, 4, 8, 4, 8, 4, 8 ],
          eAdj := [ 2, 7, 12, 13, 15, 16, 18, 20, 21, 22, 23, 24, 25, 26, 
              28, 30, 34, 35, 37, 40, 42, 51, 52, 53, 56, 70 ] ), rec(
          DistVect := [ 0, 4, 4, 4, 7, 7, 8, 3, 4, 4, 5, 9, 4, 5, 4, 7, 7, 
              4, 3, 7, 7, 4, 3, 4, 7, 4, 7, 4, 7 ],
          eAdj := [ 5, 7, 12, 16, 18, 20, 21, 22, 23, 25, 26, 28, 30, 34, 
              35, 37, 39, 42, 43, 49, 50, 52, 53, 56, 63, 70 ] ), rec(
          DistVect := [ 0, 4, 4, 4, 4, 7, 8, 3, 4, 4, 4, 9, 4, 5, 4, 8, 9, 
              4, 5, 8, 7, 4, 3, 5, 8, 5, 7, 4, 7 ],
          eAdj := [ 5, 7, 12, 13, 15, 16, 17, 18, 19, 20, 21, 22, 24, 25, 
              30, 35, 36, 37, 40, 42, 44, 45, 51, 52, 69, 70 ] ), rec(
          DistVect := [ 0, 5, 5, 5, 5, 5, 9, 3, 4, 4, 4, 8, 4, 4, 4, 8, 8, 
              4, 4, 8, 8, 4, 4, 4, 8, 4, 8, 4, 8 ],
          eAdj := [ 2, 5, 7, 12, 13, 15, 16, 18, 20, 21, 23, 24, 25, 26, 30, 
              34, 35, 37, 40, 42, 43, 52, 53, 56, 69, 70 ] ), rec(
          DistVect := [ 0, 7, 4, 4, 4, 4, 8, 3, 5, 3, 7, 9, 3, 4, 4, 8, 8, 
              4, 5, 8, 8, 4, 3, 4, 8, 7, 8, 5, 7 ],
          eAdj := [ 2, 6, 7, 12, 14, 17, 18, 19, 25, 27, 29, 30, 33, 36, 37, 
              38, 40, 42, 44, 45, 46, 47, 51, 54, 62, 70 ] ), rec(
          DistVect := [ 0, 5, 3, 3, 4, 7, 7, 3, 4, 4, 5, 8, 4, 4, 4, 7, 8, 
              4, 4, 7, 8, 4, 4, 7, 7, 7, 8, 4, 8 ],
          eAdj := [ 2, 6, 7, 12, 17, 18, 19, 20, 22, 23, 25, 30, 33, 35, 36, 
              37, 42, 45, 46, 47, 51, 56, 62, 68, 69, 70 ] ), rec(
          DistVect := [ 0, 4, 4, 4, 4, 7, 8, 3, 4, 4, 4, 9, 4, 5, 4, 8, 7, 
              4, 3, 8, 7, 4, 3, 7, 8, 7, 7, 4, 7 ],
          eAdj := [ 5, 6, 7, 12, 13, 15, 17, 18, 19, 20, 22, 23, 24, 25, 30, 
              35, 36, 37, 40, 42, 45, 51, 52, 56, 69, 70 ] ), rec(
          DistVect := [ 0, 4, 7, 4, 4, 4, 8, 3, 5, 4, 4, 8, 4, 5, 3, 9, 9, 
              3, 4, 8, 8, 4, 3, 4, 8, 5, 8, 5, 7 ],
          eAdj := [ 5, 9, 12, 13, 15, 16, 17, 18, 20, 21, 23, 24, 26, 27, 
              30, 32, 34, 35, 41, 42, 43, 44, 50, 52, 69, 70 ] ), rec(
          DistVect := [ 0, 2, 2, 2, 1, 1, 2, 1, 1, 1, 1, 2, 2, 1, 1, 2, 2, 
              2, 1, 2, 2, 2, 1, 1, 2, 1, 2, 1, 3 ],
          eAdj := [ 1, 2, 13, 15, 16, 18, 20, 21, 23, 25, 26, 29, 30, 31, 
              32, 33, 40, 45, 52, 53, 55, 57, 59, 66, 68, 71, 73 ] ), rec(
          DistVect := [ 0, 1, 1, 1, 2, 2, 1, 1, 1, 1, 1, 2, 1, 1, 1, 1, 1, 
              2, 0, 2, 2, 1, 1, 1, 2, 1, 2, 1, 2 ],
          eAdj := [ 1, 2, 13, 16, 18, 20, 21, 22, 23, 24, 25, 26, 28, 30, 
              32, 37, 40, 49, 50, 52, 55, 56, 57, 59, 63, 66, 71, 73 ] ), 
      rec(
          DistVect := [ 0, 1, 1, 2, 1, 2, 2, 1, 1, 1, 1, 2, 1, 1, 1, 2, 2, 
              1, 1, 2, 2, 1, 1, 1, 2, 1, 2, 1, 2 ],
          eAdj := [ 2, 5, 7, 13, 15, 16, 18, 19, 20, 21, 22, 23, 24, 25, 26, 
              30, 31, 34, 35, 37, 40, 42, 45, 49, 52, 53, 56, 57, 59 ] ), 
      rec(
          DistVect := [ 0, 1, 1, 2, 2, 1, 2, 1, 1, 2, 2, 2, 1, 2, 1, 2, 2, 
              1, 1, 2, 2, 1, 1, 1, 2, 1, 2, 1, 2 ],
          eAdj := [ 4, 5, 7, 9, 14, 18, 20, 21, 23, 26, 28, 30, 31, 34, 35, 
              37, 39, 41, 43, 44, 48, 49, 50, 53, 55, 63, 67, 70 ] ), rec(
          DistVect := [ 0, 2, 1, 1, 1, 2, 2, 1, 1, 1, 2, 2, 1, 1, 1, 2, 2, 
              1, 1, 2, 2, 1, 1, 2, 2, 2, 2, 1, 2 ],
          eAdj := [ 2, 6, 7, 12, 17, 18, 19, 20, 22, 23, 25, 29, 30, 33, 35, 
              36, 37, 42, 45, 46, 47, 51, 56, 59, 62, 66, 68, 69 ] ), rec(
          DistVect := [ 0, 2, 2, 2, 1, 1, 2, 1, 1, 1, 1, 2, 1, 1, 1, 2, 2, 
              1, 1, 2, 2, 1, 1, 1, 2, 1, 2, 1, 2 ],
          eAdj := [ 2, 13, 15, 16, 18, 20, 21, 23, 24, 25, 26, 29, 30, 31, 
              32, 33, 34, 35, 37, 40, 42, 45, 52, 53, 55, 56, 57, 59, 66, 73 
             ] ), rec(
          DistVect := [ 0, 2, 2, 2, 1, 1, 2, 1, 1, 1, 1, 1, 1, 1, 1, 2, 1, 
              1, 1, 2, 1, 1, 1, 1, 2, 1, 2, 0, 2 ],
          eAdj := [ 2, 13, 15, 18, 20, 21, 22, 23, 24, 25, 26, 29, 30, 31, 
              32, 33, 34, 40, 45, 52, 53, 55, 57, 59, 66, 68, 71, 73 ] ), 
      rec(
          DistVect := [ 0, 1, 1, 1, 1, 2, 1, 1, 1, 1, 1, 1, 2, 0, 1, 2, 2, 
              1, 1, 2, 2, 1, 1, 1, 2, 1, 2, 1, 2 ],
          eAdj := [ 1, 2, 13, 15, 17, 18, 19, 20, 21, 22, 23, 25, 26, 29, 
              30, 33, 34, 35, 45, 46, 47, 51, 53, 56, 57, 59, 66, 68, 73 ] ),
      rec(
          DistVect := [ 0, 1, 1, 1, 2, 2, 1, 1, 1, 1, 1, 2, 1, 1, 1, 2, 2, 
              1, 1, 2, 2, 1, 1, 1, 2, 1, 2, 1, 2 ],
          eAdj := [ 1, 2, 13, 15, 16, 18, 20, 21, 22, 23, 24, 25, 26, 28, 
              30, 34, 35, 37, 40, 42, 49, 50, 52, 53, 55, 56, 57, 59, 66, 71 
             ] ), rec(
          DistVect := [ 0, 2, 1, 1, 1, 1, 1, 1, 1, 1, 2, 2, 1, 1, 1, 2, 2, 
              1, 1, 2, 2, 1, 1, 1, 1, 2, 2, 1, 2 ],
          eAdj := [ 1, 2, 6, 14, 17, 18, 19, 20, 23, 25, 27, 29, 30, 33, 34, 
              35, 36, 37, 42, 45, 46, 47, 51, 56, 59, 62, 66, 68, 69 ] ), 
      rec(
          DistVect := [ 0, 1, 1, 1, 1, 2, 1, 1, 1, 1, 1, 2, 1, 1, 1, 2, 1, 
              2, 0, 2, 2, 1, 1, 2, 1, 2, 2, 1, 2 ],
          eAdj := [ 1, 2, 6, 13, 15, 17, 18, 19, 20, 22, 23, 25, 26, 30, 32, 
              33, 34, 37, 45, 46, 51, 52, 53, 56, 57, 59, 66, 68, 73 ] ), 
      rec(
          DistVect := [ 0, 1, 1, 1, 1, 2, 1, 1, 1, 1, 1, 2, 1, 1, 1, 2, 2, 
              1, 1, 2, 2, 1, 1, 2, 1, 2, 2, 1, 2 ],
          eAdj := [ 1, 2, 6, 13, 15, 17, 18, 19, 20, 22, 23, 25, 30, 33, 34, 
              35, 36, 37, 42, 45, 46, 47, 51, 53, 56, 57, 59, 66, 68, 69 ] ),
      rec(
          DistVect := [ 0, 2, 1, 2, 2, 1, 2, 1, 1, 1, 1, 2, 1, 1, 1, 2, 2, 
              1, 1, 2, 2, 1, 1, 1, 2, 1, 2, 1, 2 ],
          eAdj := [ 2, 7, 13, 14, 15, 16, 18, 20, 21, 23, 24, 25, 26, 28, 
              29, 30, 31, 34, 35, 37, 40, 42, 43, 49, 52, 53, 55, 56, 59 ] ),
      rec(
          DistVect := [ 0, 1, 1, 2, 1, 1, 1, 1, 1, 1, 1, 2, 1, 1, 1, 2, 2, 
              1, 1, 2, 2, 1, 1, 1, 2, 1, 2, 1, 2 ],
          eAdj := [ 1, 2, 9, 13, 14, 15, 16, 18, 19, 20, 21, 23, 24, 25, 26, 
              30, 31, 33, 34, 35, 37, 40, 42, 49, 52, 53, 55, 56, 57, 59 ] ),
      rec(
          DistVect := [ 0, 1, 1, 1, 2, 1, 1, 1, 1, 1, 1, 2, 1, 1, 1, 2, 2, 
              1, 1, 2, 2, 1, 1, 2, 2, 1, 1, 2, 2 ],
          eAdj := [ 1, 2, 3, 9, 13, 14, 15, 21, 23, 24, 26, 27, 28, 30, 34, 
              35, 37, 38, 41, 42, 43, 44, 48, 49, 50, 52, 53, 55, 69, 70 ] ),
      rec(
          DistVect := [ 0, 1, 1, 1, 2, 1, 1, 1, 1, 1, 1, 2, 1, 1, 1, 1, 2, 
              2, 0, 2, 2, 1, 1, 2, 2, 1, 1, 2, 2 ],
          eAdj := [ 1, 2, 3, 9, 13, 14, 20, 21, 23, 24, 26, 27, 28, 30, 32, 
              35, 37, 41, 42, 43, 48, 49, 50, 52, 53, 55, 56, 63, 70 ] ), 
      rec(
          DistVect := [ 0, 1, 2, 2, 1, 1, 2, 1, 1, 1, 1, 2, 1, 1, 1, 1, 2, 
              1, 1, 1, 2, 1, 1, 1, 2, 0, 2, 1, 2 ],
          eAdj := [ 2, 5, 9, 16, 18, 20, 21, 23, 24, 25, 26, 28, 30, 31, 32, 
              35, 37, 39, 42, 43, 48, 49, 50, 53, 55, 56, 57, 63, 71 ] ), 
      rec(
          DistVect := [ 0, 1, 2, 2, 1, 1, 2, 1, 2, 2, 1, 2, 1, 2, 1, 2, 2, 
              1, 1, 2, 2, 1, 1, 1, 2, 1, 2, 1, 2 ],
          eAdj := [ 4, 5, 9, 16, 18, 20, 21, 23, 24, 26, 30, 31, 32, 34, 35, 
              37, 39, 41, 42, 43, 44, 48, 49, 50, 53, 55, 56, 57, 63, 70 ] ),
      rec(
          DistVect := [ 0, 1, 2, 2, 1, 1, 2, 1, 2, 2, 1, 2, 1, 2, 1, 2, 2, 
              2, 1, 2, 2, 2, 1, 1, 2, 1, 2, 1, 3 ],
          eAdj := [ 1, 2, 4, 5, 9, 16, 18, 20, 21, 23, 24, 26, 30, 31, 32, 
              37, 40, 42, 43, 48, 49, 50, 53, 55, 56, 57, 63, 71 ] ), rec(
          DistVect := [ 0, 1, 1, 1, 1, 1, 1, 1, 1, 1, 1, 2, 1, 1, 1, 2, 2, 
              1, 1, 2, 2, 1, 1, 1, 1, 2, 1, 2, 2 ],
          eAdj := [ 1, 2, 3, 6, 9, 13, 14, 15, 16, 17, 19, 23, 27, 30, 33, 
              34, 35, 36, 37, 38, 40, 41, 42, 44, 46, 47, 51, 54, 69, 70 ] ),
      rec(
          DistVect := [ 0, 1, 1, 2, 1, 1, 2, 1, 1, 1, 1, 2, 1, 1, 1, 2, 2, 
              1, 1, 2, 3, 1, 1, 1, 2, 1, 2, 2, 2 ],
          eAdj := [ 2, 3, 5, 7, 9, 13, 14, 15, 16, 18, 19, 21, 23, 24, 26, 
              27, 30, 31, 34, 35, 37, 38, 41, 43, 44, 48, 49, 52, 69, 70 ] ),
      rec(
          DistVect := [ 0, 2, 1, 2, 1, 1, 2, 1, 2, 1, 1, 2, 1, 1, 2, 2, 2, 
              1, 2, 2, 2, 1, 1, 1, 2, 1, 2, 1, 2 ],
          eAdj := [ 2, 7, 10, 13, 14, 16, 18, 19, 21, 24, 25, 29, 30, 31, 
              33, 34, 35, 36, 37, 38, 40, 42, 44, 45, 47, 51, 56, 59, 69, 70 
             ] ), rec(
          DistVect := [ 0, 2, 1, 2, 1, 1, 2, 1, 2, 1, 1, 2, 2, 1, 2, 2, 2, 
              1, 2, 2, 2, 2, 1, 1, 2, 1, 2, 1, 3 ],
          eAdj := [ 1, 2, 7, 10, 13, 14, 16, 18, 19, 21, 23, 25, 29, 30, 31, 
              33, 34, 35, 40, 42, 45, 47, 51, 53, 56, 59, 68, 69 ] ), rec(
          DistVect := [ 0, 1, 0, 1, 1, 1, 1, 1, 1, 1, 1, 2, 1, 1, 1, 1, 1, 
              1, 1, 2, 2, 1, 1, 1, 1, 2, 1, 2, 2 ],
          eAdj := [ 1, 2, 3, 6, 7, 9, 10, 13, 14, 16, 17, 19, 23, 27, 30, 
              33, 36, 37, 38, 40, 41, 44, 46, 47, 51, 54, 62, 64, 70 ] ), 
      rec(
          DistVect := [ 0, 2, 1, 1, 2, 2, 2, 1, 1, 1, 1, 2, 1, 1, 1, 2, 2, 
              1, 1, 2, 2, 1, 1, 1, 2, 1, 2, 1, 2 ],
          eAdj := [ 2, 7, 12, 13, 15, 16, 18, 20, 21, 22, 23, 24, 25, 26, 
              28, 29, 30, 34, 35, 37, 40, 42, 45, 51, 52, 53, 56, 59, 66 ] ),
      rec(
          DistVect := [ 0, 2, 1, 1, 2, 1, 1, 1, 1, 1, 1, 2, 1, 1, 1, 2, 2, 
              1, 1, 2, 2, 1, 1, 1, 2, 1, 2, 1, 2 ],
          eAdj := [ 1, 2, 13, 14, 15, 16, 18, 20, 21, 23, 24, 25, 26, 27, 
              28, 29, 30, 33, 34, 35, 37, 40, 42, 51, 52, 53, 55, 56, 59, 66 
             ] ), rec(
          DistVect := [ 0, 1, 1, 1, 1, 2, 1, 1, 1, 1, 1, 2, 1, 1, 1, 2, 2, 
              1, 1, 2, 2, 1, 1, 1, 2, 1, 2, 1, 2 ],
          eAdj := [ 1, 2, 13, 15, 16, 17, 18, 19, 20, 21, 22, 23, 24, 25, 
              26, 30, 33, 34, 35, 37, 40, 42, 45, 51, 52, 53, 56, 57, 59, 
              66, 68 ] ), rec(
          DistVect := [ 0, 2, 1, 2, 1, 1, 2, 1, 1, 1, 2, 2, 1, 1, 1, 2, 2, 
              1, 1, 3, 2, 1, 1, 1, 2, 2, 2, 1, 2 ],
          eAdj := [ 2, 6, 7, 13, 14, 17, 18, 19, 20, 21, 23, 25, 29, 30, 31, 
              33, 34, 35, 36, 37, 40, 42, 45, 46, 47, 51, 56, 59, 68, 69 ] ),
      rec(
          DistVect := [ 0, 1, 1, 1, 1, 1, 1, 1, 1, 1, 1, 2, 2, 0, 1, 2, 2, 
              1, 1, 2, 2, 1, 1, 1, 2, 1, 1, 2, 2 ],
          eAdj := [ 1, 2, 3, 9, 13, 14, 15, 16, 17, 19, 21, 23, 25, 26, 27, 
              29, 30, 33, 34, 35, 37, 38, 40, 42, 46, 47, 51, 56, 69, 70 ] ),
      rec(
          DistVect := [ 0, 1, 1, 1, 1, 1, 1, 1, 1, 1, 1, 2, 1, 1, 1, 2, 2, 
              1, 1, 2, 2, 1, 1, 1, 2, 1, 1, 2, 2 ],
          eAdj := [ 1, 2, 3, 9, 13, 14, 15, 16, 17, 19, 21, 23, 24, 26, 27, 
              30, 33, 34, 35, 37, 38, 40, 41, 42, 43, 44, 48, 51, 52, 69, 70 
             ] ), rec(
          DistVect := [ 0, 1, 2, 2, 1, 1, 2, 1, 1, 1, 1, 2, 1, 1, 1, 2, 2, 
              1, 1, 2, 2, 1, 1, 1, 2, 1, 2, 1, 2 ],
          eAdj := [ 2, 5, 9, 13, 15, 16, 18, 20, 21, 23, 24, 25, 26, 30, 31, 
              32, 34, 35, 37, 40, 42, 43, 49, 50, 52, 53, 55, 56, 57, 63 ] ),
      rec(
          DistVect := [ 0, 1, 2, 2, 1, 1, 2, 1, 2, 2, 1, 2, 1, 2, 1, 2, 1, 
              1, 1, 2, 1, 1, 1, 1, 2, 1, 2, 0, 2 ],
          eAdj := [ 4, 5, 9, 16, 18, 20, 21, 22, 23, 24, 25, 26, 30, 31, 32, 
              34, 37, 39, 40, 42, 43, 49, 50, 53, 55, 56, 57, 63, 71 ] ), 
      rec(
          DistVect := [ 0, 0, 1, 1, 1, 1, 1, 1, 1, 1, 1, 1, 1, 1, 1, 2, 2, 
              1, 1, 2, 2, 1, 1, 1, 2, 1, 1, 2, 2 ],
          eAdj := [ 1, 2, 3, 4, 5, 9, 13, 14, 15, 17, 19, 21, 23, 24, 26, 
              27, 30, 34, 35, 38, 41, 43, 44, 48, 49, 50, 52, 64, 69, 70 ] ),
      rec(
          DistVect := [ 0, 1, 1, 1, 1, 1, 1, 1, 1, 1, 1, 2, 1, 1, 1, 2, 2, 
              2, 0, 2, 2, 1, 1, 1, 1, 2, 1, 2, 2 ],
          eAdj := [ 1, 2, 3, 6, 9, 13, 14, 15, 16, 17, 19, 20, 23, 26, 27, 
              30, 32, 33, 34, 35, 37, 40, 41, 42, 46, 51, 52, 56, 69, 70 ] ),
      rec(
          DistVect := [ 0, 1, 1, 2, 1, 1, 2, 1, 1, 2, 1, 2, 1, 2, 1, 2, 2, 
              1, 1, 3, 2, 1, 1, 1, 2, 2, 2, 1, 2 ],
          eAdj := [ 4, 5, 6, 7, 9, 13, 14, 15, 16, 17, 18, 19, 20, 21, 23, 
              24, 30, 31, 34, 35, 36, 37, 40, 41, 43, 44, 49, 52, 69, 70 ] ),
      rec(
          DistVect := [ 0, 2, 1, 2, 1, 1, 2, 1, 2, 1, 1, 1, 1, 1, 2, 2, 2, 
              1, 2, 2, 1, 1, 1, 1, 2, 1, 2, 0, 2 ],
          eAdj := [ 2, 7, 10, 13, 14, 18, 19, 20, 21, 22, 24, 25, 29, 30, 
              31, 33, 34, 35, 36, 40, 42, 45, 47, 51, 53, 56, 59, 68, 69 ] ),
      rec(
          DistVect := [ 0, 1, 0, 1, 1, 2, 1, 1, 1, 1, 1, 2, 1, 1, 1, 1, 2, 
              1, 1, 2, 2, 1, 1, 2, 1, 2, 2, 1, 2 ],
          eAdj := [ 1, 2, 6, 7, 10, 13, 14, 17, 18, 19, 20, 22, 23, 25, 30, 
              33, 35, 36, 37, 42, 45, 46, 47, 51, 56, 59, 62, 68, 69, 70 ] ),
      rec(
          DistVect := [ 0, 1, 0, 1, 2, 1, 1, 1, 1, 1, 1, 2, 1, 1, 1, 2, 1, 
              1, 1, 2, 2, 1, 1, 2, 2, 1, 1, 2, 2 ],
          eAdj := [ 1, 2, 3, 7, 9, 10, 13, 14, 15, 19, 21, 23, 24, 26, 27, 
              28, 30, 34, 37, 38, 41, 43, 44, 48, 49, 51, 52, 64, 69, 70 ] ),
      rec(
          DistVect := [ 0, 1, 1, 2, 1, 1, 2, 1, 1, 1, 1, 2, 1, 1, 2, 2, 2, 
              1, 2, 1, 2, 1, 1, 1, 2, 0, 2, 1, 2 ],
          eAdj := [ 2, 5, 7, 9, 10, 14, 15, 16, 18, 19, 21, 24, 25, 26, 28, 
              30, 31, 34, 35, 37, 38, 39, 43, 44, 48, 49, 52, 53, 69, 70 ] ),
      rec(
          DistVect := [ 0, 1, 1, 2, 1, 1, 2, 1, 1, 1, 1, 2, 1, 1, 2, 2, 2, 
              1, 2, 2, 2, 1, 1, 1, 2, 1, 2, 1, 2 ],
          eAdj := [ 2, 5, 7, 9, 10, 13, 14, 15, 16, 18, 19, 21, 24, 25, 30, 
              31, 34, 35, 36, 37, 38, 40, 43, 44, 47, 49, 51, 52, 69, 70 ] ),
      rec(
          DistVect := [ 0, 1, 1, 2, 1, 1, 2, 1, 1, 2, 1, 2, 1, 2, 2, 2, 2, 
              1, 2, 2, 2, 2, 1, 1, 2, 1, 2, 1, 3 ],
          eAdj := [ 1, 2, 4, 5, 7, 9, 10, 14, 15, 16, 18, 19, 21, 23, 24, 
              30, 31, 34, 35, 37, 40, 43, 44, 48, 49, 52, 53, 69, 70 ] ), 
      rec(
          DistVect := [ 0, 2, 1, 1, 2, 1, 2, 1, 1, 1, 1, 3, 1, 1, 1, 2, 2, 
              1, 1, 2, 2, 1, 1, 2, 2, 1, 2, 2, 2 ],
          eAdj := [ 2, 3, 7, 9, 12, 13, 14, 15, 16, 21, 23, 24, 25, 26, 27, 
              28, 29, 30, 34, 37, 38, 41, 42, 43, 44, 48, 51, 52, 69, 70 ] ),
      rec(
          DistVect := [ 0, 1, 1, 1, 2, 2, 2, 1, 1, 1, 2, 3, 1, 2, 1, 2, 2, 
              1, 1, 2, 2, 1, 1, 1, 2, 1, 2, 1, 2 ],
          eAdj := [ 4, 5, 7, 9, 12, 16, 18, 20, 21, 22, 23, 25, 26, 28, 30, 
              34, 35, 37, 39, 41, 42, 43, 44, 48, 49, 50, 52, 53, 63, 70 ] ),
      rec(
          DistVect := [ 0, 1, 1, 1, 1, 1, 1, 1, 1, 1, 1, 2, 1, 1, 1, 2, 2, 
              1, 1, 2, 2, 0, 2, 1, 2, 1, 2, 1, 2 ],
          eAdj := [ 1, 2, 8, 9, 12, 13, 14, 15, 16, 17, 19, 20, 23, 24, 25, 
              26, 27, 30, 33, 34, 35, 36, 37, 38, 40, 41, 42, 46, 51, 69, 70 
             ] ), rec(
          DistVect := [ 0, 2, 1, 1, 1, 1, 2, 1, 2, 2, 1, 2, 2, 1, 1, 2, 2, 
              1, 2, 2, 2, 1, 2, 1, 2, 1, 2, 1, 3 ],
          eAdj := [ 1, 2, 7, 8, 10, 12, 14, 16, 17, 19, 23, 25, 27, 29, 30, 
              33, 36, 37, 38, 40, 42, 45, 46, 47, 54, 62, 68, 69, 70 ] ), 
      rec(
          DistVect := [ 0, 2, 1, 2, 1, 1, 2, 1, 1, 1, 1, 2, 1, 1, 1, 2, 2, 
              1, 1, 2, 2, 1, 1, 1, 2, 1, 2, 1, 2 ],
          eAdj := [ 2, 7, 13, 14, 15, 16, 18, 19, 20, 21, 23, 24, 25, 26, 
              29, 30, 31, 33, 34, 35, 37, 40, 42, 45, 47, 51, 52, 53, 56, 
              59, 69 ] ), rec(
          DistVect := [ 0, 1, 1, 1, 1, 1, 1, 1, 1, 1, 1, 2, 1, 1, 1, 2, 2, 
              1, 1, 2, 2, 1, 1, 1, 2, 1, 2, 1, 2 ],
          eAdj := [ 1, 2, 9, 13, 14, 15, 16, 17, 18, 19, 20, 21, 23, 24, 25, 
              26, 27, 30, 33, 34, 35, 37, 40, 42, 51, 52, 53, 56, 69, 70 ] ),
      rec(
          DistVect := [ 0, 1, 1, 1, 2, 1, 1, 1, 1, 1, 2, 2, 0, 2, 1, 2, 2, 
              1, 1, 2, 2, 1, 1, 1, 2, 1, 2, 1, 2 ],
          eAdj := [ 1, 2, 4, 5, 9, 14, 18, 20, 21, 23, 24, 26, 27, 28, 30, 
              34, 35, 37, 39, 41, 42, 43, 44, 48, 49, 50, 52, 53, 55, 63, 70 
             ] ), rec(
          DistVect := [ 0, 0, 1, 1, 1, 2, 1, 1, 1, 1, 1, 2, 1, 1, 1, 2, 2, 
              1, 1, 2, 2, 1, 1, 1, 2, 1, 2, 1, 2 ],
          eAdj := [ 1, 2, 4, 5, 9, 13, 15, 16, 17, 18, 19, 20, 21, 22, 23, 
              24, 25, 26, 30, 34, 35, 37, 40, 42, 49, 50, 52, 53, 56, 57, 70 
             ] ), rec(
          DistVect := [ 0, 1, 2, 2, 1, 0, 2, 1, 2, 2, 1, 1, 1, 2, 1, 2, 2, 
              1, 1, 2, 2, 1, 1, 1, 2, 1, 2, 1, 2 ],
          eAdj := [ 3, 4, 5, 9, 14, 18, 20, 21, 23, 24, 26, 27, 30, 31, 32, 
              34, 35, 39, 41, 43, 44, 48, 49, 50, 53, 55, 63, 67, 69, 70 ] ),
      rec(
          DistVect := [ 0, 1, 2, 2, 0, 1, 2, 1, 1, 1, 1, 2, 1, 1, 1, 2, 2, 
              1, 1, 2, 2, 1, 1, 1, 2, 1, 2, 1, 2 ],
          eAdj := [ 2, 5, 6, 9, 13, 15, 16, 17, 18, 19, 20, 21, 23, 24, 25, 
              26, 30, 31, 32, 33, 34, 35, 37, 40, 42, 45, 52, 53, 56, 57, 69 
             ] ), rec(
          DistVect := [ 0, 1, 1, 1, 1, 1, 1, 1, 1, 1, 1, 2, 0, 2, 1, 2, 2, 
              1, 1, 2, 2, 1, 1, 1, 1, 2, 2, 1, 2 ],
          eAdj := [ 1, 2, 4, 5, 6, 9, 13, 14, 15, 16, 17, 18, 19, 20, 23, 
              24, 27, 30, 33, 34, 35, 36, 37, 40, 41, 42, 44, 51, 52, 69, 70 
             ] ), rec(
          DistVect := [ 0, 1, 1, 2, 1, 1, 2, 1, 1, 2, 1, 2, 1, 2, 1, 2, 2, 
              1, 1, 2, 2, 1, 1, 1, 2, 1, 2, 1, 2 ],
          eAdj := [ 4, 5, 7, 9, 14, 15, 16, 18, 19, 20, 21, 23, 24, 26, 30, 
              31, 34, 35, 37, 39, 41, 43, 44, 48, 49, 50, 52, 53, 63, 69, 70 
             ] ), rec(
          DistVect := [ 0, 1, 0, 1, 2, 2, 1, 1, 1, 1, 1, 2, 1, 1, 1, 2, 2, 
              1, 1, 2, 2, 1, 1, 1, 2, 1, 2, 1, 2 ],
          eAdj := [ 1, 2, 7, 10, 13, 14, 15, 16, 18, 19, 20, 21, 22, 23, 24, 
              25, 26, 28, 30, 34, 35, 37, 40, 42, 49, 51, 52, 53, 56, 59, 70 
             ] ), rec(
          DistVect := [ 0, 2, 1, 2, 1, 0, 2, 1, 2, 1, 1, 2, 1, 1, 2, 2, 1, 
              1, 2, 2, 2, 1, 1, 1, 2, 1, 2, 1, 2 ],
          eAdj := [ 2, 3, 7, 9, 10, 13, 14, 16, 18, 19, 21, 24, 25, 27, 29, 
              30, 31, 33, 34, 36, 37, 38, 40, 43, 44, 47, 51, 54, 69, 70 ] ),
      rec(
          DistVect := [ 0, 2, 1, 1, 2, 1, 2, 1, 1, 1, 1, 2, 1, 1, 1, 2, 2, 
              1, 1, 2, 2, 1, 1, 1, 2, 1, 2, 1, 2 ],
          eAdj := [ 2, 7, 12, 13, 14, 15, 16, 18, 20, 21, 23, 24, 25, 26, 
              27, 28, 29, 30, 34, 35, 37, 38, 40, 42, 43, 51, 52, 53, 56, 
              69, 70 ] ), rec(
          DistVect := [ 0, 1, 1, 1, 2, 2, 2, 1, 1, 1, 1, 2, 1, 1, 1, 2, 2, 
              1, 1, 2, 2, 1, 1, 1, 2, 1, 2, 1, 2 ],
          eAdj := [ 2, 5, 7, 12, 13, 15, 16, 18, 20, 21, 22, 23, 24, 25, 26, 
              28, 30, 34, 35, 37, 39, 40, 42, 43, 49, 50, 52, 53, 56, 70 ] ),
      rec(
          DistVect := [ 0, 2, 1, 1, 1, 1, 2, 1, 1, 1, 2, 2, 1, 1, 1, 2, 2, 
              1, 1, 2, 2, 1, 1, 1, 2, 2, 2, 1, 2 ],
          eAdj := [ 2, 6, 7, 12, 14, 17, 18, 19, 20, 23, 25, 27, 29, 30, 33, 
              35, 36, 37, 38, 40, 42, 45, 46, 47, 51, 54, 56, 62, 68, 69, 70 
             ] ), rec(
          DistVect := [ 0, 1, 1, 1, 1, 2, 2, 1, 1, 1, 1, 2, 1, 1, 1, 2, 2, 
              1, 1, 2, 2, 1, 1, 2, 2, 2, 2, 1, 2 ],
          eAdj := [ 2, 5, 6, 7, 12, 13, 15, 17, 18, 19, 20, 22, 23, 24, 25, 
              30, 33, 35, 36, 37, 40, 42, 45, 46, 47, 51, 56, 68, 69, 70 ] ),
      rec(
          DistVect := [ 0, 1, 2, 1, 1, 1, 2, 1, 1, 1, 1, 2, 1, 1, 1, 2, 2, 
              1, 1, 2, 2, 1, 1, 1, 2, 1, 2, 1, 2 ],
          eAdj := [ 2, 5, 9, 12, 13, 15, 16, 17, 18, 20, 21, 23, 24, 25, 26, 
              27, 30, 32, 34, 35, 37, 40, 41, 42, 43, 50, 52, 53, 56, 69, 70 
             ] ), rec(
          DistVect := [ 0, 1, 1, 1, 1, 1, 2, 1, 1, 1, 1, 2, 1, 2, 1, 2, 2, 
              1, 2, 2, 2, 1, 2, 1, 2, 1, 2, 1, 3 ],
          eAdj := [ 1, 2, 4, 5, 7, 8, 9, 10, 12, 13, 14, 15, 16, 17, 19, 23, 
              24, 27, 30, 36, 38, 40, 41, 43, 44, 48, 51, 54, 64, 69 ] ), 
      rec(
          DistVect := [ 0, 1, 1, 1, 2, 1, 1, 1, 1, 1, 1, 2, 1, 1, 1, 2, 2, 
              1, 1, 2, 2, 1, 1, 1, 2, 1, 2, 1, 2 ],
          eAdj := [ 1, 2, 9, 13, 14, 15, 16, 18, 20, 21, 23, 24, 25, 26, 27, 
              28, 30, 34, 35, 37, 40, 42, 43, 48, 49, 50, 52, 53, 55, 56, 70 
             ] ), rec(
          DistVect := [ 0, 2, 2, 2, 1, 0, 2, 1, 1, 1, 1, 2, 1, 1, 1, 2, 2, 
              1, 1, 2, 2, 1, 1, 1, 2, 1, 2, 1, 2 ],
          eAdj := [ 2, 3, 9, 13, 14, 15, 16, 18, 20, 21, 23, 24, 25, 26, 27, 
              29, 30, 31, 32, 33, 34, 35, 37, 40, 42, 43, 52, 53, 55, 56, 69 
             ] ), rec(
          DistVect := [ 0, 1, 1, 1, 1, 1, 1, 1, 1, 1, 1, 2, 1, 1, 1, 2, 2, 
              1, 1, 2, 2, 1, 1, 1, 1, 2, 2, 1, 2 ],
          eAdj := [ 1, 2, 6, 9, 13, 14, 15, 16, 17, 18, 19, 20, 23, 25, 27, 
              30, 33, 34, 35, 36, 37, 40, 42, 45, 46, 47, 51, 56, 68, 69, 70 
             ] ), rec(
          DistVect := [ 0, 1, 1, 1, 1, 2, 2, 1, 1, 1, 1, 2, 1, 1, 1, 2, 2, 
              1, 1, 2, 2, 1, 1, 1, 2, 1, 2, 1, 2 ],
          eAdj := [ 2, 5, 7, 12, 13, 15, 16, 17, 18, 19, 20, 21, 22, 23, 24, 
              25, 26, 30, 34, 35, 36, 37, 40, 42, 45, 51, 52, 53, 56, 69, 70 
             ] ), rec(
          DistVect := [ 0, 1, 1, 1, 1, 1, 0, 1, 0, 0, 0, 0, 1, 0, 0, 0, 0, 
              1, 0, 0, 0, 1, 0, 0, 1, 0, 1, 0, 1 ],
          eAdj := [ 1, 2, 13, 15, 16, 18, 20, 21, 22, 23, 24, 25, 26, 28, 
              29, 30, 31, 32, 33, 40, 45, 49, 50, 52, 55, 57, 59, 63, 66, 
              68, 71, 73 ] ), rec(
          DistVect := [ 0, 1, 1, 1, 0, 1, 0, 1, 0, 0, 1, 0, 1, 0, 0, 1, 0, 
              1, 0, 1, 0, 1, 0, 1, 0, 1, 1, 0, 1 ],
          eAdj := [ 1, 2, 6, 13, 15, 17, 18, 19, 20, 21, 22, 23, 25, 26, 29, 
              30, 31, 32, 33, 34, 45, 46, 47, 51, 52, 53, 55, 57, 59, 66, 
              68, 71, 73 ] ), rec(
          DistVect := [ 0, 0, 1, 1, 1, 1, 0, 1, 1, 1, 1, 1, 0, 1, 0, 0, 0, 
              1, 0, 0, 0, 1, 0, 0, 1, 0, 1, 0, 1 ],
          eAdj := [ 1, 2, 4, 5, 9, 16, 18, 20, 21, 22, 23, 24, 25, 26, 28, 
              30, 31, 32, 37, 39, 40, 42, 43, 48, 49, 50, 55, 56, 57, 59, 
              63, 66, 71, 73 ] ), rec(
          DistVect := [ 0, 0, 1, 1, 1, 0, 0, 1, 1, 1, 1, 0, 0, 1, 0, 0, 1, 
              1, 0, 0, 1, 1, 0, 1, 1, 0, 0, 1, 1 ],
          eAdj := [ 1, 2, 3, 4, 5, 9, 14, 18, 20, 21, 23, 24, 26, 27, 28, 
              30, 31, 32, 35, 37, 39, 41, 42, 43, 44, 48, 49, 50, 53, 55, 
              56, 57, 63, 67, 70, 71 ] ), rec(
          DistVect := [ 0, 1, 1, 0, 0, 1, 0, 1, 0, 1, 1, 0, 1, 0, 1, 1, 0, 
              1, 0, 0, 1, 0, 1, 1, 0, 1, 1, 0, 1 ],
          eAdj := [ 1, 2, 6, 8, 12, 15, 17, 18, 19, 20, 22, 23, 25, 26, 27, 
              29, 30, 32, 33, 34, 35, 36, 37, 45, 46, 47, 51, 53, 56, 57, 
              59, 62, 66, 68, 69, 73 ] ), rec(
          DistVect := [ 0, 1, 0, 0, 0, 1, 0, 1, 1, 1, 1, 0, 1, 0, 0, 0, 1, 
              0, 1, 0, 1, 0, 1, 1, 0, 1, 1, 0, 1 ],
          eAdj := [ 1, 2, 6, 7, 8, 10, 12, 14, 17, 18, 19, 20, 22, 23, 25, 
              27, 29, 30, 33, 35, 36, 37, 38, 42, 45, 46, 47, 54, 56, 59, 
              62, 65, 66, 68, 69, 70 ] ), rec(
          DistVect := [ 0, 1, 0, 0, 0, 0, 0, 1, 1, 1, 1, 1, 1, 0, 0, 0, 0, 
              0, 1, 0, 0, 0, 1, 0, 0, 1, 0, 1, 1 ],
          eAdj := [ 1, 2, 3, 6, 7, 8, 9, 10, 12, 14, 16, 17, 19, 23, 25, 27, 
              29, 30, 33, 36, 37, 38, 40, 41, 42, 44, 45, 46, 47, 54, 58, 
              62, 64, 65, 68, 70, 72 ] ), rec(
          DistVect := [ 0, 1, 1, 1, 1, 0, 0, 1, 0, 0, 0, 1, 1, 0, 0, 0, 1, 
              1, 0, 0, 1, 1, 0, 1, 1, 0, 0, 1, 1 ],
          eAdj := [ 1, 2, 3, 9, 13, 14, 15, 16, 18, 20, 21, 23, 24, 25, 26, 
              27, 28, 29, 30, 31, 32, 33, 35, 37, 40, 42, 43, 48, 49, 50, 
              52, 53, 55, 56, 57, 59, 63, 66, 71, 73 ] ), rec(
          DistVect := [ 0, 0, 0, 1, 1, 0, 0, 1, 0, 1, 1, 0, 0, 1, 1, 1, 0, 
              0, 1, 0, 1, 1, 0, 1, 1, 0, 0, 1, 1 ],
          eAdj := [ 1, 2, 3, 4, 5, 7, 9, 10, 14, 15, 18, 19, 21, 23, 24, 26, 
              27, 28, 30, 31, 34, 35, 37, 38, 39, 41, 43, 44, 48, 49, 50, 
              52, 53, 55, 61, 63, 64, 67, 69, 70 ] ), rec(
          DistVect := [ 0, 1, 0, 1, 0, 0, 0, 1, 1, 0, 1, 1, 1, 0, 1, 0, 0, 
              0, 1, 1, 1, 1, 0, 0, 0, 1, 0, 1, 1 ],
          eAdj := [ 1, 2, 3, 6, 7, 9, 10, 13, 14, 16, 17, 18, 19, 21, 23, 
              25, 27, 29, 30, 31, 33, 34, 35, 36, 37, 38, 40, 42, 44, 45, 
              46, 47, 51, 54, 56, 59, 62, 68, 69, 70 ] ), rec(
          DistVect := [ 0, 1, 1, 0, 1, 1, 0, 1, 0, 1, 0, 0, 1, 0, 1, 0, 0, 
              1, 0, 1, 1, 0, 1, 0, 1, 0, 1, 0, 1 ],
          eAdj := [ 1, 2, 8, 12, 13, 15, 16, 17, 18, 20, 21, 22, 23, 24, 25, 
              26, 27, 28, 29, 30, 32, 33, 34, 35, 37, 40, 45, 46, 50, 51, 
              52, 53, 55, 56, 57, 59, 66, 68, 71, 73 ] ), rec(
          DistVect := [ 0, 0, 0, 0, 0, 0, 0, 1, 0, 0, 0, 0, 0, 1, 0, 0, 0, 
              0, 1, 0, 0, 0, 1, 0, 0, 1, 0, 1, 1 ],
          eAdj := [ 1, 2, 3, 4, 5, 6, 7, 8, 9, 10, 12, 13, 14, 15, 16, 17, 
              19, 23, 24, 27, 30, 33, 36, 38, 40, 41, 43, 44, 46, 47, 48, 
              51, 54, 58, 60, 61, 62, 64, 65, 72, 74 ] ), rec(
          DistVect := [ 0, 1, 1, 1, 0, 0, 0, 1, 0, 0, 1, 1, 1, 0, 0, 1, 1, 
              1, 0, 1, 1, 1, 0, 0, 0, 1, 0, 1, 1 ],
          eAdj := [ 1, 2, 3, 6, 9, 13, 14, 15, 16, 17, 18, 19, 20, 21, 23, 
              25, 26, 27, 29, 30, 31, 32, 33, 34, 35, 37, 40, 42, 45, 46, 
              47, 51, 52, 53, 55, 56, 57, 59, 66, 68, 69, 73 ] ), rec(
          DistVect := [ 0, 0, 1, 1, 0, 1, 0, 1, 1, 1, 0, 1, 0, 1, 0, 1, 0, 
              1, 0, 1, 0, 1, 0, 1, 0, 1, 1, 0, 1 ],
          eAdj := [ 1, 2, 4, 5, 6, 9, 13, 15, 16, 17, 18, 19, 20, 21, 22, 
              23, 24, 25, 26, 30, 31, 32, 33, 34, 37, 40, 42, 45, 49, 50, 
              52, 53, 55, 56, 57, 59, 63, 66, 68, 71, 73 ] ), rec(
          DistVect := [ 0, 1, 0, 1, 1, 0, 0, 1, 1, 0, 0, 1, 1, 0, 1, 1, 0, 
              0, 1, 0, 1, 1, 0, 1, 1, 0, 0, 1, 1 ],
          eAdj := [ 1, 2, 3, 7, 9, 10, 13, 14, 15, 16, 18, 19, 21, 23, 24, 
              25, 26, 27, 28, 29, 30, 31, 33, 34, 35, 37, 38, 40, 42, 43, 
              44, 47, 48, 49, 51, 52, 53, 55, 56, 59, 69, 70 ] ), rec(
          DistVect := [ 0, 0, 0, 1, 1, 1, 0, 1, 0, 1, 1, 1, 0, 1, 1, 1, 1, 
              0, 1, 0, 0, 1, 0, 0, 1, 0, 1, 0, 1 ],
          eAdj := [ 1, 2, 4, 5, 7, 9, 10, 14, 15, 16, 18, 19, 20, 21, 22, 
              23, 24, 25, 26, 28, 30, 31, 34, 35, 37, 39, 40, 42, 43, 44, 
              48, 49, 50, 52, 53, 55, 56, 57, 59, 63, 70, 71 ] ), rec(
          DistVect := [ 0, 0, 0, 1, 0, 0, 0, 1, 0, 1, 0, 0, 0, 1, 1, 0, 0, 
              0, 1, 1, 1, 1, 0, 0, 0, 1, 0, 1, 1 ],
          eAdj := [ 1, 2, 3, 4, 5, 6, 7, 9, 10, 13, 14, 15, 16, 17, 18, 19, 
              21, 23, 24, 27, 30, 31, 33, 34, 35, 36, 37, 38, 40, 41, 43, 
              44, 47, 48, 49, 51, 52, 54, 61, 64, 69, 70 ] ), rec(
          DistVect := [ 0, 0, 0, 0, 1, 0, 0, 1, 0, 0, 1, 0, 0, 1, 0, 1, 0, 
              0, 1, 1, 0, 0, 1, 1, 1, 0, 0, 1, 1 ],
          eAdj := [ 1, 2, 3, 4, 5, 7, 8, 9, 10, 12, 13, 14, 15, 17, 19, 21, 
              23, 24, 26, 27, 28, 30, 34, 36, 38, 39, 41, 43, 44, 48, 49, 
              50, 51, 52, 54, 58, 60, 61, 64, 67, 69, 74 ] ), rec(
          DistVect := [ 0, 0, 1, 1, 0, 0, 0, 1, 1, 1, 0, 0, 0, 1, 0, 1, 1, 
              1, 0, 1, 1, 1, 0, 0, 0, 1, 0, 1, 1 ],
          eAdj := [ 1, 2, 3, 4, 5, 6, 9, 13, 14, 15, 16, 17, 18, 19, 20, 21, 
              23, 24, 26, 27, 30, 31, 32, 33, 34, 35, 37, 40, 41, 42, 43, 
              44, 48, 49, 50, 52, 53, 55, 56, 57, 63, 69, 70 ] ), rec(
          DistVect := [ 0, 0, 0, 1, 0, 1, 0, 1, 0, 1, 0, 1, 0, 1, 1, 0, 1, 
              0, 1, 1, 0, 1, 0, 1, 0, 1, 1, 0, 1 ],
          eAdj := [ 1, 2, 4, 5, 6, 7, 9, 10, 13, 14, 15, 16, 17, 18, 19, 20, 
              21, 22, 23, 24, 25, 30, 31, 33, 34, 35, 36, 37, 40, 42, 44, 
              45, 47, 49, 51, 52, 53, 56, 57, 59, 68, 69, 70 ] ), rec(
          DistVect := [ 0, 1, 0, 0, 1, 0, 0, 1, 1, 1, 0, 1, 1, 0, 0, 1, 0, 
              0, 1, 1, 0, 0, 1, 1, 1, 0, 0, 1, 1 ],
          eAdj := [ 1, 2, 3, 7, 8, 9, 10, 12, 13, 14, 15, 16, 17, 19, 21, 
              23, 24, 25, 26, 27, 28, 29, 30, 33, 34, 36, 37, 38, 40, 41, 
              42, 43, 44, 46, 47, 48, 51, 54, 58, 62, 64, 69, 70 ] ), rec(
          DistVect := [ 0, 1, 0, 0, 1, 1, 0, 1, 1, 1, 0, 0, 1, 0, 0, 1, 1, 
              0, 1, 1, 1, 0, 1, 0, 1, 0, 1, 0, 1 ],
          eAdj := [ 1, 2, 7, 8, 10, 12, 13, 14, 15, 16, 17, 18, 19, 20, 21, 
              22, 23, 24, 25, 26, 27, 28, 29, 30, 33, 34, 35, 36, 37, 38, 
              40, 42, 45, 46, 47, 51, 53, 56, 59, 62, 66, 68, 69, 70 ] ), 
      rec(
          DistVect := [ 0, 0, 0, 0, 0, 1, 0, 1, 0, 0, 0, 1, 0, 1, 0, 0, 1, 
              0, 1, 0, 1, 0, 1, 1, 0, 1, 1, 0, 1 ],
          eAdj := [ 1, 2, 4, 5, 6, 7, 8, 9, 10, 12, 13, 14, 15, 16, 17, 18, 
              19, 20, 22, 23, 24, 25, 27, 30, 33, 35, 36, 37, 38, 40, 41, 
              42, 44, 45, 46, 47, 51, 54, 62, 64, 65, 68, 69, 70 ] ), rec(
          DistVect := [ 0, 0, 0, 0, 1, 1, 0, 1, 0, 0, 1, 1, 0, 1, 0, 1, 1, 
              0, 1, 1, 1, 0, 1, 0, 1, 0, 1, 0, 1 ],
          eAdj := [ 1, 2, 4, 5, 7, 8, 9, 10, 12, 13, 14, 15, 16, 17, 18, 19, 
              20, 21, 22, 23, 24, 25, 26, 27, 28, 30, 34, 35, 36, 37, 38, 
              39, 40, 41, 42, 43, 44, 48, 49, 50, 51, 52, 53, 64, 69, 70 ] ),
      rec(
          DistVect := [ 0, 1, 1, 1, 0, 0, 1, 0, 0, 0, 1, 1, 0, 1, 0, 1, 1, 
              0, 1, 1, 1, 0, 1, 0, 1, 0, 1, 0, 1 ],
          eAdj := [ 1, 2, 3, 4, 5, 6, 7, 8, 9, 10, 11, 12, 13, 14, 15, 16, 
              17, 18, 19, 20, 21, 22, 23, 24, 25, 26, 27, 28, 29, 30, 31, 
              32, 33, 34, 35, 36, 37, 38, 39, 40, 41, 42, 43, 44, 45, 46, 
              47, 48, 49, 50, 51, 52, 53, 54, 55, 57, 58, 59, 60, 61, 62, 
              63, 65, 66, 67, 68, 69, 71, 72 ] ), rec(
          DistVect := [ 0, 0, 0, 0, 1, 1, 0, 0, 0, 0, 1, 1, 0, 0, 0, 1, 1, 
              0, 0, 1, 1, 0, 0, 0, 1, 1, 1, 1, 0 ],
          eAdj := [ 1, 2, 3, 4, 5, 6, 7, 8, 9, 10, 11, 12, 13, 14, 15, 16, 
              17, 18, 19, 20, 21, 22, 23, 24, 25, 26, 27, 28, 29, 30, 31, 
              32, 33, 34, 35, 36, 37, 38, 39, 40, 41, 42, 43, 44, 45, 46, 
              47, 48, 49, 50, 51, 52, 55, 56, 57, 58, 59, 60, 61, 62, 63, 
              64, 65, 66, 67, 68, 70, 73, 74 ] ), rec(
          DistVect := [ 0, 0, 0, 0, 0, 1, 1, 0, 0, 0, 0, 1, 1, 0, 0, 0, 1, 
              1, 0, 0, 1, 1, 0, 1, 1, 0, 0, 1, 1 ],
          eAdj := [ 1, 2, 3, 4, 5, 6, 7, 8, 9, 10, 11, 12, 13, 14, 15, 16, 
              17, 18, 19, 20, 21, 22, 23, 24, 25, 26, 27, 28, 29, 30, 31, 
              32, 33, 35, 37, 38, 39, 40, 41, 42, 43, 44, 45, 46, 47, 48, 
              49, 50, 51, 52, 53, 54, 56, 57, 58, 59, 60, 61, 62, 63, 64, 
              66, 67, 68, 69, 70, 71, 72, 73, 74 ] ), rec(
          DistVect := [ 0, 0, 1, 1, 0, 0, 1, 0, 1, 1, 0, 0, 1, 0, 0, 1, 1, 
              0, 1, 1, 1, 0, 1, 0, 1, 0, 1, 0, 1 ],
          eAdj := [ 1, 2, 3, 4, 5, 6, 7, 8, 9, 10, 11, 12, 13, 14, 15, 16, 
              17, 18, 19, 20, 21, 22, 23, 24, 25, 26, 27, 28, 29, 30, 31, 
              32, 33, 34, 35, 36, 37, 38, 39, 40, 41, 42, 43, 44, 45, 46, 
              47, 48, 49, 50, 53, 54, 55, 56, 57, 58, 59, 60, 61, 64, 65, 
              66, 67, 68, 69, 70, 71, 72, 73, 74 ] ), rec(
          DistVect := [ 0, 0, 0, 0, 0, 1, 0, 0, 0, 0, 0, 1, 0, 0, 0, 0, 1, 
              0, 0, 0, 1, 0, 0, 1, 0, 0, 1, 1, 0 ],
          eAdj := [ 1, 2, 3, 4, 5, 6, 7, 8, 9, 10, 11, 12, 13, 14, 15, 16, 
              17, 18, 19, 20, 21, 22, 23, 24, 25, 26, 27, 28, 29, 30, 31, 
              32, 33, 34, 35, 36, 37, 38, 39, 41, 42, 44, 45, 46, 47, 48, 
              49, 50, 51, 52, 53, 54, 55, 56, 57, 58, 59, 60, 61, 62, 63, 
              64, 65, 66, 69, 70, 71, 72, 73, 74 ] ), rec(
          DistVect := [ 0, 3, 5, 7, 3, 5, 7, 3, 4, 4, 4, 8, 4, 4, 4, 8, 8, 
              4, 4, 8, 8, 4, 4, 4, 8, 4, 8, 4, 8 ],
          eAdj := [ 2, 5, 9, 13, 15, 16, 18, 19, 20, 21, 23, 24, 25, 26, 30, 
              31, 34, 35, 37, 40, 42, 49, 52, 53, 56, 57 ] ), rec(
          DistVect := [ 0, 3, 5, 5, 3, 7, 7, 3, 4, 4, 4, 8, 4, 4, 4, 8, 8, 
              4, 4, 8, 8, 4, 4, 4, 8, 4, 8, 4, 8 ],
          eAdj := [ 2, 5, 13, 15, 16, 17, 18, 19, 20, 21, 22, 23, 24, 25, 
              26, 30, 34, 35, 37, 40, 42, 45, 52, 53, 56, 57 ] ), rec(
          DistVect := [ 0, 5, 7, 5, 3, 5, 7, 3, 4, 4, 4, 8, 4, 4, 4, 8, 8, 
              4, 4, 8, 8, 4, 4, 4, 8, 4, 8, 4, 8 ],
          eAdj := [ 2, 13, 15, 16, 17, 18, 20, 21, 23, 24, 25, 26, 30, 32, 
              33, 34, 35, 37, 40, 42, 45, 52, 53, 56, 57, 66 ] ), rec(
          DistVect := [ 0, 5, 7, 7, 3, 3, 7, 3, 4, 4, 4, 8, 4, 4, 4, 8, 8, 
              4, 4, 8, 8, 4, 4, 4, 8, 4, 8, 4, 8 ],
          eAdj := [ 2, 9, 13, 15, 16, 18, 20, 21, 23, 24, 25, 26, 30, 31, 
              32, 33, 34, 35, 37, 40, 42, 52, 53, 55, 56, 57 ] ), rec(
          DistVect := [ 0, 4, 4, 4, 4, 7, 5, 3, 4, 4, 4, 7, 5, 3, 4, 8, 9, 
              3, 5, 8, 7, 5, 3, 5, 7, 5, 8, 4, 8 ],
          eAdj := [ 1, 2, 13, 15, 17, 18, 19, 20, 21, 22, 23, 25, 30, 33, 
              34, 35, 42, 45, 47, 51, 53, 56, 57, 59, 66, 68 ] ), rec(
          DistVect := [ 0, 3, 5, 5, 5, 5, 5, 3, 4, 4, 4, 8, 4, 4, 4, 8, 8, 
              4, 4, 8, 8, 4, 4, 4, 8, 4, 8, 4, 8 ],
          eAdj := [ 1, 2, 9, 13, 15, 16, 18, 20, 21, 23, 24, 25, 26, 30, 34, 
              35, 37, 40, 42, 49, 50, 52, 53, 55, 56, 57 ] ), rec(
          DistVect := [ 0, 3, 5, 3, 5, 7, 5, 3, 4, 4, 4, 8, 4, 4, 4, 8, 8, 
              4, 4, 8, 8, 4, 4, 4, 8, 4, 8, 4, 8 ],
          eAdj := [ 1, 2, 13, 15, 16, 17, 18, 20, 21, 22, 23, 24, 25, 26, 
              30, 34, 35, 37, 40, 42, 50, 52, 53, 56, 57, 66 ] ), rec(
          DistVect := [ 0, 3, 5, 5, 3, 5, 5, 3, 4, 4, 4, 8, 4, 4, 4, 8, 8, 
              4, 4, 8, 8, 4, 4, 4, 8, 4, 8, 4, 8 ],
          eAdj := [ 1, 2, 9, 13, 15, 16, 17, 18, 19, 20, 21, 23, 24, 25, 26, 
              30, 33, 34, 35, 37, 40, 42, 52, 53, 56, 57 ] ), rec(
          DistVect := [ 0, 3, 5, 3, 5, 4, 5, 3, 4, 4, 4, 7, 4, 4, 4, 8, 9, 
              4, 4, 8, 7, 4, 4, 5, 8, 4, 5, 7, 8 ],
          eAdj := [ 1, 2, 3, 9, 13, 14, 15, 17, 21, 23, 24, 26, 27, 30, 34, 
              35, 38, 41, 42, 43, 44, 48, 50, 52, 69, 70 ] ), rec(
          DistVect := [ 0, 4, 7, 7, 4, 4, 8, 3, 5, 5, 4, 8, 4, 5, 4, 7, 7, 
              3, 4, 7, 7, 3, 4, 4, 8, 3, 8, 3, 7 ],
          eAdj := [ 5, 9, 16, 18, 20, 21, 23, 24, 25, 26, 30, 31, 32, 34, 
              35, 37, 39, 42, 43, 49, 50, 53, 55, 56, 57, 63 ] ), rec(
          DistVect := [ 0, 4, 4, 4, 4, 4, 5, 3, 4, 4, 4, 8, 5, 3, 4, 8, 8, 
              3, 5, 8, 8, 3, 5, 4, 7, 5, 7, 5, 8 ],
          eAdj := [ 1, 2, 9, 13, 14, 15, 16, 17, 19, 23, 25, 27, 30, 33, 34, 
              35, 36, 37, 38, 40, 42, 46, 47, 51, 69, 70 ] ), rec(
          DistVect := [ 0, 4, 4, 4, 4, 4, 5, 3, 4, 4, 4, 8, 5, 3, 4, 8, 8, 
              3, 5, 8, 8, 5, 3, 4, 7, 5, 5, 7, 8 ],
          eAdj := [ 1, 2, 3, 9, 13, 14, 15, 16, 17, 19, 21, 23, 27, 30, 33, 
              34, 35, 37, 38, 40, 42, 44, 47, 51, 69, 70 ] ), rec(
          DistVect := [ 0, 3, 5, 5, 3, 4, 7, 3, 4, 4, 4, 7, 4, 4, 4, 8, 9, 
              4, 4, 8, 9, 4, 4, 3, 8, 4, 7, 7, 8 ],
          eAdj := [ 2, 3, 5, 9, 13, 14, 15, 16, 17, 19, 21, 23, 24, 26, 27, 
              30, 34, 35, 38, 41, 43, 44, 48, 52, 69, 70 ] ), rec(
          DistVect := [ 0, 4, 4, 7, 4, 4, 8, 3, 4, 3, 4, 8, 4, 3, 5, 8, 8, 
              4, 5, 7, 9, 3, 4, 4, 8, 3, 8, 5, 7 ],
          eAdj := [ 2, 5, 7, 9, 13, 14, 15, 16, 18, 19, 21, 24, 25, 26, 30, 
              31, 34, 35, 37, 38, 43, 44, 49, 52, 69, 70 ] ), rec(
          DistVect := [ 0, 5, 4, 7, 3, 3, 7, 3, 5, 4, 4, 8, 4, 4, 7, 7, 7, 
              3, 7, 8, 8, 4, 4, 4, 8, 4, 8, 4, 8 ],
          eAdj := [ 2, 7, 9, 10, 13, 14, 16, 18, 19, 21, 24, 25, 30, 31, 33, 
              34, 35, 36, 37, 38, 40, 44, 47, 51, 69, 70 ] ), rec(
          DistVect := [ 0, 5, 4, 5, 3, 5, 7, 3, 5, 4, 4, 8, 4, 4, 5, 7, 9, 
              3, 7, 8, 8, 4, 4, 4, 8, 4, 8, 4, 8 ],
          eAdj := [ 2, 7, 10, 13, 14, 16, 17, 18, 19, 21, 24, 25, 30, 33, 
              35, 36, 37, 38, 40, 42, 44, 45, 47, 51, 69, 70 ] ), rec(
          DistVect := [ 0, 4, 4, 4, 4, 4, 5, 3, 4, 4, 4, 8, 5, 3, 4, 8, 8, 
              3, 5, 8, 8, 3, 5, 4, 9, 3, 7, 5, 8 ],
          eAdj := [ 1, 2, 9, 13, 14, 15, 16, 17, 19, 21, 23, 24, 25, 26, 27, 
              30, 33, 34, 35, 37, 38, 40, 42, 51, 69, 70 ] ), rec(
          DistVect := [ 0, 4, 4, 4, 7, 7, 5, 3, 4, 4, 5, 9, 3, 5, 4, 7, 7, 
              5, 3, 7, 7, 5, 3, 4, 8, 4, 8, 4, 8 ],
          eAdj := [ 1, 2, 16, 18, 20, 21, 22, 23, 24, 25, 26, 28, 30, 37, 
              40, 42, 49, 50, 52, 55, 56, 57, 59, 63, 66, 71 ] ), rec(
          DistVect := [ 0, 5, 3, 3, 4, 7, 5, 3, 4, 4, 5, 8, 4, 4, 4, 7, 8, 
              4, 4, 7, 8, 4, 4, 7, 5, 7, 8, 4, 8 ],
          eAdj := [ 1, 2, 6, 17, 18, 19, 20, 22, 23, 25, 30, 33, 35, 36, 37, 
              42, 45, 46, 47, 51, 56, 59, 62, 66, 68, 69 ] ), rec(
          DistVect := [ 0, 4, 4, 4, 4, 7, 5, 3, 4, 4, 4, 9, 3, 5, 4, 8, 7, 
              5, 3, 8, 7, 5, 3, 7, 5, 7, 8, 4, 8 ],
          eAdj := [ 1, 2, 6, 13, 15, 17, 18, 19, 20, 22, 23, 25, 30, 33, 34, 
              37, 42, 45, 51, 52, 53, 56, 57, 59, 66, 68 ] ), rec(
          DistVect := [ 0, 4, 4, 4, 7, 4, 5, 3, 4, 4, 5, 8, 3, 5, 4, 7, 8, 
              5, 3, 7, 8, 5, 3, 7, 8, 4, 5, 7, 8 ],
          eAdj := [ 1, 2, 3, 9, 14, 21, 23, 24, 26, 27, 28, 30, 35, 37, 41, 
              42, 43, 44, 48, 49, 50, 52, 53, 55, 63, 70 ] ), rec(
          DistVect := [ 0, 5, 3, 3, 4, 4, 5, 3, 4, 4, 5, 9, 4, 4, 4, 7, 7, 
              4, 4, 7, 7, 4, 4, 4, 5, 7, 5, 7, 8 ],
          eAdj := [ 1, 2, 3, 6, 9, 14, 16, 17, 19, 23, 27, 30, 33, 36, 37, 
              38, 40, 41, 42, 44, 46, 47, 51, 54, 62, 70 ] ), rec(
          DistVect := [ 0, 7, 5, 5, 5, 5, 7, 3, 4, 4, 4, 8, 4, 4, 4, 8, 8, 
              4, 4, 8, 8, 4, 4, 4, 8, 4, 8, 4, 8 ],
          eAdj := [ 2, 13, 15, 16, 18, 20, 21, 23, 24, 25, 26, 29, 30, 33, 
              34, 35, 37, 40, 42, 45, 51, 52, 53, 56, 59, 66 ] ), rec(
          DistVect := [ 0, 5, 3, 3, 7, 7, 5, 3, 4, 4, 4, 8, 4, 4, 4, 8, 8, 
              4, 4, 8, 8, 4, 4, 4, 8, 4, 8, 4, 8 ],
          eAdj := [ 1, 2, 13, 15, 16, 18, 20, 21, 22, 23, 24, 25, 26, 28, 
              30, 34, 35, 37, 40, 42, 51, 52, 53, 56, 59, 66 ] ), rec(
          DistVect := [ 0, 5, 5, 5, 5, 5, 5, 3, 4, 4, 4, 8, 4, 4, 4, 8, 8, 
              4, 4, 8, 8, 4, 4, 4, 8, 4, 8, 4, 8 ],
          eAdj := [ 1, 2, 13, 15, 16, 18, 20, 21, 23, 24, 25, 26, 30, 33, 
              34, 35, 37, 40, 42, 52, 53, 55, 56, 57, 59, 66 ] ), rec(
          DistVect := [ 0, 5, 3, 3, 7, 4, 5, 3, 4, 4, 4, 9, 4, 4, 4, 8, 7, 
              4, 4, 8, 7, 4, 4, 7, 8, 4, 5, 7, 8 ],
          eAdj := [ 1, 2, 3, 9, 13, 14, 15, 21, 23, 24, 26, 27, 28, 30, 34, 
              37, 38, 41, 42, 43, 44, 48, 51, 52, 69, 70 ] ), rec(
          DistVect := [ 0, 4, 5, 5, 5, 5, 7, 3, 5, 5, 5, 9, 3, 7, 4, 8, 8, 
              4, 4, 8, 8, 4, 4, 4, 8, 4, 8, 4, 8 ],
          eAdj := [ 4, 5, 9, 16, 18, 20, 21, 23, 24, 26, 30, 34, 35, 37, 39, 
              41, 42, 43, 44, 48, 49, 50, 52, 53, 63, 70 ] ), rec(
          DistVect := [ 0, 4, 4, 4, 4, 4, 5, 3, 4, 4, 4, 8, 3, 5, 4, 8, 8, 
              3, 5, 8, 8, 3, 5, 4, 7, 5, 7, 5, 8 ],
          eAdj := [ 1, 2, 9, 13, 14, 15, 16, 17, 19, 23, 24, 27, 30, 33, 34, 
              35, 36, 37, 38, 40, 41, 42, 44, 51, 69, 70 ] ), rec(
          DistVect := [ 0, 4, 4, 4, 4, 4, 5, 3, 4, 4, 4, 8, 3, 5, 4, 8, 8, 
              5, 3, 8, 8, 5, 3, 4, 5, 7, 5, 7, 8 ],
          eAdj := [ 1, 2, 3, 6, 9, 13, 14, 15, 16, 17, 19, 23, 27, 30, 33, 
              34, 35, 37, 40, 41, 42, 44, 51, 52, 69, 70 ] ) ] );
