return rec(
  DistVect := [ 0, 1, 1, 1, 1, 1, 2, 2, 1, 1, 1, 1, 2, 2, 1, 1, 2, 2, 2, 1, 
      2, 2, 2, 2, 2, 2, 1, 1, 0 ],
  ListIncidentIneq := 
   [ [ 0, 0, 0, 0, 0, 0, 0, 0, 0, 0, 0, 0, 0, 0, 0, 0, 0, 0, 0, 0, 0, 0, 0, 
          0, 0, 0, -1, 1, 1 ], 
      [ 0, 0, 0, 0, 0, 0, 0, 0, 0, 0, 0, 0, 0, 0, 0, 0, 0, 0, 0, 0, 0, 0, 0, 
          0, -1, 1, 0, 0, 1 ], 
      [ 0, 0, 0, 0, 0, 0, 0, 0, 0, 0, 0, 0, 0, 0, 0, 0, 0, 0, 0, 0, 0, -1, 
          1, 0, 0, 0, 0, 0, 1 ], 
      [ 0, 0, 0, 0, 0, 0, 0, 0, 0, 0, 0, 0, 0, 0, 0, 0, 0, -1, 1, 0, 0, 0, 
          0, 0, 0, 0, 0, 0, 1 ], 
      [ 0, 0, 0, 0, 0, 0, 0, 0, 0, 0, 0, 0, -1, 1, 0, 0, 0, 0, 0, 0, 0, 0, 
          0, 0, 0, 0, 0, 0, 1 ], 
      [ 0, 0, 0, 0, 0, 0, -1, 1, 0, 0, 0, 0, 0, 0, 0, 0, 0, 0, 0, 0, 0, 0, 
          0, 0, 0, 0, 0, 0, 1 ], 
      [ 0, 0, 0, 0, 0, 0, 0, 0, 1, 0, 0, 1, 0, 0, 0, 0, -1, 0, 0, 0, 0, 0, 
          0, 0, 0, 0, 0, 0, 0 ], 
      [ 0, 0, 1, 0, 0, 1, 0, 0, 0, 0, 0, 0, 0, 0, 0, 0, -1, 0, 0, 0, 0, 0, 
          0, 0, 0, 0, 0, 0, 0 ], 
      [ 0, 0, 0, 0, 0, 0, 0, 0, 0, 0, 0, 0, 0, 0, 0, 0, 0, 0, 0, 0, 0, 0, 0, 
          0, 0, 0, 1, -1, 1 ], 
      [ 0, 0, 0, 0, 0, 0, 0, 0, 0, 0, 0, 0, 0, 0, 0, 0, 0, 0, 0, 0, 0, 0, 0, 
          0, 1, -1, 0, 0, 1 ], 
      [ 0, 0, 0, 0, 0, 0, 0, 0, 0, 0, 1, 1, 0, 0, 0, 0, 0, 0, 0, 0, 0, 0, 0, 
          -1, 0, 0, 0, 0, 0 ], 
      [ 0, 0, 0, 0, 0, 0, 0, 0, 0, 1, 0, 1, 0, 0, 0, 0, 0, 0, 0, 0, -1, 0, 
          0, 0, 0, 0, 0, 0, 0 ], 
      [ 0, 0, 0, 0, 0, 0, 0, 0, 0, 0, 0, 0, 0, 0, 0, 0, 0, 0, 0, 0, 0, 1, 
          -1, 0, 0, 0, 0, 0, 1 ], 
      [ 0, 0, 0, 0, 0, 0, 0, 0, 0, 0, 0, 1, -1, 0, 0, 0, 0, 0, 0, 0, 0, 0, 
          0, 0, 0, 0, 1, 0, 0 ], 
      [ 0, 0, 0, 0, 0, 0, 1, -1, 0, 0, 0, 0, 0, 0, 0, 0, 0, 0, 0, 0, 0, 0, 
          0, 0, 0, 0, 0, 0, 1 ], 
      [ 0, 0, 0, 0, 1, 1, 0, 0, 0, 0, 0, 0, 0, 0, 0, 0, 0, 0, 0, 0, 0, 0, 0, 
          -1, 0, 0, 0, 0, 0 ], 
      [ 0, 0, 0, 0, 0, 0, 0, 0, 0, 0, 0, 1, 0, -1, 0, 0, 0, 0, 0, 0, 0, 0, 
          0, 0, 0, 0, 0, 1, 0 ], 
      [ 0, 0, 0, 1, 0, 1, 0, 0, 0, 0, 0, 0, 0, 0, 0, 0, 0, 0, 0, 0, -1, 0, 
          0, 0, 0, 0, 0, 0, 0 ], 
      [ 0, 0, 0, 0, 0, 0, 0, 0, 0, 0, 0, 0, 0, 0, 0, 0, 0, 1, -1, 0, 0, 0, 
          0, 0, 0, 0, 0, 0, 1 ], 
      [ 0, 0, 0, 0, 0, 1, -1, 0, 0, 0, 0, 0, 0, 0, 0, 0, 0, 0, 0, 0, 0, 0, 
          0, 0, 0, 0, 1, 0, 0 ], 
      [ 0, 0, 0, 0, 0, 0, 0, 0, 0, 0, 0, 0, 1, -1, 0, 0, 0, 0, 0, 0, 0, 0, 
          0, 0, 0, 0, 0, 0, 1 ], 
      [ 0, 0, 0, 0, 0, 1, 0, -1, 0, 0, 0, 0, 0, 0, 0, 0, 0, 0, 0, 0, 0, 0, 
          0, 0, 0, 0, 0, 1, 0 ], 
      [ 0, 0, 0, 0, 1, 1, 1, -1, 0, 0, 0, 0, 0, 0, 0, 0, 0, 0, 0, 0, 0, 0, 
          0, -1, -1, 1, -1, 1, 1 ], 
      [ 0, 0, 0, 0, 0, 0, 0, 0, 0, 0, 1, 1, 1, -1, 0, 0, 0, 0, 0, 0, 0, 0, 
          0, -1, -1, 1, -1, 1, 1 ], 
      [ 0, 0, 0, 1, 0, 1, 1, -1, 0, 0, 0, 0, 0, 0, 0, 0, 0, 0, 0, 0, -1, -1, 
          1, 0, 0, 0, -1, 1, 1 ], 
      [ 0, 0, 0, 0, 0, 0, 0, 0, 0, 1, 0, 1, 1, -1, 0, 0, 0, 0, 0, 0, -1, -1, 
          1, 0, 0, 0, -1, 1, 1 ], 
      [ 0, 0, 1, 0, 0, 1, 1, -1, 0, 0, 0, 0, 0, 0, 0, 0, -1, -1, 1, 0, 0, 0, 
          0, 0, 0, 0, -1, 1, 1 ], 
      [ 0, 0, 0, 0, 0, 0, 0, 0, 1, 0, 0, 1, 1, -1, 0, 0, -1, -1, 1, 0, 0, 0, 
          0, 0, 0, 0, -1, 1, 1 ], 
      [ 0, 0, 0, 0, 1, 1, -1, 1, 0, 0, 0, 0, 0, 0, 0, 0, 0, 0, 0, 0, 0, 0, 
          0, -1, 1, -1, 1, -1, 1 ], 
      [ 0, 0, 0, 0, 0, 0, 0, 0, 0, 0, 1, 1, -1, 1, 0, 0, 0, 0, 0, 0, 0, 0, 
          0, -1, 1, -1, 1, -1, 1 ], 
      [ 0, 0, 0, 1, 0, 1, -1, 1, 0, 0, 0, 0, 0, 0, 0, 0, 0, 0, 0, 0, -1, 1, 
          -1, 0, 0, 0, 1, -1, 1 ], 
      [ 0, 0, 0, 0, 0, 0, 0, 0, 0, 1, 0, 1, -1, 1, 0, 0, 0, 0, 0, 0, -1, 1, 
          -1, 0, 0, 0, 1, -1, 1 ], 
      [ 0, 0, 1, 0, 0, 1, -1, 1, 0, 0, 0, 0, 0, 0, 0, 0, -1, 1, -1, 0, 0, 0, 
          0, 0, 0, 0, 1, -1, 1 ], 
      [ 0, 0, 0, 0, 0, 0, 0, 0, 1, 0, 0, 1, -1, 1, 0, 0, -1, 1, -1, 0, 0, 0, 
          0, 0, 0, 0, 1, -1, 1 ], 
      [ 0, -1, 1, 0, 0, 1, 0, -1, 1, 0, 0, 1, 0, -1, 0, 0, -1, 0, 1, 0, 0, 
          0, 0, 0, 0, 0, 0, 1, 0 ], 
      [ 0, -1, 0, 1, 0, 1, 0, -1, 0, 1, 0, 1, 0, -1, 0, 0, 0, 0, 0, 0, -1, 
          0, 1, 0, 0, 0, 0, 1, 0 ], 
      [ 0, -1, 1, 0, 0, 1, -1, 0, 1, 0, 0, 1, -1, 0, 0, 0, -1, 1, 0, 0, 0, 
          0, 0, 0, 0, 0, 1, 0, 0 ], 
      [ 0, -1, 0, 1, 0, 1, -1, 0, 0, 1, 0, 1, -1, 0, 0, 0, 0, 0, 0, 0, -1, 
          1, 0, 0, 0, 0, 1, 0, 0 ], 
      [ 0, -1, 0, 0, 1, 1, 0, -1, 0, 0, 1, 1, 0, -1, 0, 0, 0, 0, 0, 0, 0, 0, 
          0, -1, 0, 1, 0, 1, 0 ], 
      [ 0, -1, 0, 0, 1, 1, -1, 0, 0, 0, 1, 1, -1, 0, 0, 0, 0, 0, 0, 0, 0, 0, 
          0, -1, 1, 0, 1, 0, 0 ], 
      [ 0, -1, 1, 0, 1, 1, 0, 0, 1, 0, 1, 1, 0, 0, 0, -1, -1, 0, 0, 0, 0, 0, 
          0, -1, 0, 0, 0, 0, 0 ], 
      [ 0, -1, 1, 1, 0, 1, 0, 0, 1, 1, 0, 1, 0, 0, -1, 0, -1, 0, 0, 0, -1, 
          0, 0, 0, 0, 0, 0, 0, 0 ], 
      [ 0, -1, 0, 1, 1, 1, 0, 0, 0, 1, 1, 1, 0, 0, 0, 0, 0, 0, 0, -1, -1, 0, 
          0, -1, 0, 0, 0, 0, 0 ], 
      [ 0, -1, 0, 1, 1, 2, -1, 0, 0, 1, 1, 2, -1, 0, 0, 0, 0, 0, 0, -1, -2, 
          1, 0, -2, 1, 0, 2, 0, 0 ], 
      [ 0, -1, 1, 0, 1, 2, -1, 0, 1, 0, 1, 2, -1, 0, 0, -1, -2, 1, 0, 0, 0, 
          0, 0, -2, 1, 0, 2, 0, 0 ], 
      [ 0, -1, 0, 1, 1, 2, 0, -1, 0, 1, 1, 2, 0, -1, 0, 0, 0, 0, 0, -1, -2, 
          0, 1, -2, 0, 1, 0, 2, 0 ], 
      [ 0, -1, 1, 0, 1, 2, 0, -1, 1, 0, 1, 2, 0, -1, 0, -1, -2, 0, 1, 0, 0, 
          0, 0, -2, 0, 1, 0, 2, 0 ], 
      [ 0, -1, 1, 1, 0, 2, -1, 0, 1, 1, 0, 2, -1, 0, -1, 0, -2, 1, 0, 0, -2, 
          1, 0, 0, 0, 0, 2, 0, 0 ], 
      [ 0, -1, 1, 0, 0, 1, -2, 1, 1, 0, 0, 1, -2, 1, 0, 0, -1, 2, -1, 0, 0, 
          0, 0, 0, 0, 0, 2, -1, 2 ], 
      [ 0, -1, 1, 1, 0, 2, 0, -1, 1, 1, 0, 2, 0, -1, -1, 0, -2, 0, 1, 0, -2, 
          0, 1, 0, 0, 0, 0, 2, 0 ], 
      [ 0, -1, 0, 1, 0, 1, -2, 1, 0, 1, 0, 1, -2, 1, 0, 0, 0, 0, 0, 0, -1, 
          2, -1, 0, 0, 0, 2, -1, 2 ], 
      [ 0, -1, 1, 0, 0, 1, 1, -2, 1, 0, 0, 1, 1, -2, 0, 0, -1, -1, 2, 0, 0, 
          0, 0, 0, 0, 0, -1, 2, 2 ], 
      [ 0, -1, 0, 1, 0, 1, 1, -2, 0, 1, 0, 1, 1, -2, 0, 0, 0, 0, 0, 0, -1, 
          -1, 2, 0, 0, 0, -1, 2, 2 ], 
      [ 0, -1, 0, 0, 1, 1, -2, 1, 0, 0, 1, 1, -2, 1, 0, 0, 0, 0, 0, 0, 0, 0, 
          0, -1, 2, -1, 2, -1, 2 ], 
      [ 0, -1, 0, 0, 1, 1, 1, -2, 0, 0, 1, 1, 1, -2, 0, 0, 0, 0, 0, 0, 0, 0, 
          0, -1, -1, 2, -1, 2, 2 ], 
      [ 0, -1, 0, 1, 1, 1, 1, -1, 0, 1, 1, 1, 1, -1, 0, 0, 0, 0, 0, -1, -1, 
          -1, 1, -1, -1, 1, -1, 1, 1 ], 
      [ 0, -1, 1, 0, 1, 1, 1, -1, 1, 0, 1, 1, 1, -1, 0, -1, -1, -1, 1, 0, 0, 
          0, 0, -1, -1, 1, -1, 1, 1 ], 
      [ 0, -1, 0, 1, 1, 1, -1, 1, 0, 1, 1, 1, -1, 1, 0, 0, 0, 0, 0, -1, -1, 
          1, -1, -1, 1, -1, 1, -1, 1 ], 
      [ 0, -1, 1, 0, 1, 1, -1, 1, 1, 0, 1, 1, -1, 1, 0, -1, -1, 1, -1, 0, 0, 
          0, 0, -1, 1, -1, 1, -1, 1 ], 
      [ 0, -1, 1, 1, 0, 1, 1, -1, 1, 1, 0, 1, 1, -1, -1, 0, -1, -1, 1, 0, 
          -1, -1, 1, 0, 0, 0, -1, 1, 1 ], 
      [ 0, -1, 1, 1, 0, 1, -1, 1, 1, 1, 0, 1, -1, 1, -1, 0, -1, 1, -1, 0, 
          -1, 1, -1, 0, 0, 0, 1, -1, 1 ], 
      [ 0, -1, 0, 1, 1, 2, 1, -2, 0, 1, 1, 2, 1, -2, 0, 0, 0, 0, 0, -1, -2, 
          -1, 2, -2, -1, 2, -2, 4, 2 ], 
      [ 0, -1, 1, 0, 1, 2, 1, -2, 1, 0, 1, 2, 1, -2, 0, -1, -2, -1, 2, 0, 0, 
          0, 0, -2, -1, 2, -2, 4, 2 ], 
      [ 0, -1, 0, 1, 1, 2, -2, 1, 0, 1, 1, 2, -2, 1, 0, 0, 0, 0, 0, -1, -2, 
          2, -1, -2, 2, -1, 4, -2, 2 ], 
      [ 0, -1, 1, 0, 1, 2, -2, 1, 1, 0, 1, 2, -2, 1, 0, -1, -2, 2, -1, 0, 0, 
          0, 0, -2, 2, -1, 4, -2, 2 ], 
      [ 0, -1, 1, 1, 0, 2, 1, -2, 1, 1, 0, 2, 1, -2, -1, 0, -2, -1, 2, 0, 
          -2, -1, 2, 0, 0, 0, -2, 4, 2 ], 
      [ 0, -1, 1, 1, 0, 2, -2, 1, 1, 1, 0, 2, -2, 1, -1, 0, -2, 2, -1, 0, 
          -2, 2, -1, 0, 0, 0, 4, -2, 2 ], 
      [ 0, -1, 1, 1, 0, 1, -2, 2, 1, 1, 0, 1, -2, 2, -1, 0, -1, 2, -2, 0, 
          -1, 2, -2, 0, 0, 0, 2, -2, 4 ], 
      [ 0, -1, 0, 1, 1, 1, -2, 2, 0, 1, 1, 1, -2, 2, 0, 0, 0, 0, 0, -1, -1, 
          2, -2, -1, 2, -2, 2, -2, 4 ], 
      [ 0, -2, 2, 2, 2, 4, -2, 0, 1, 1, 1, 2, -1, 0, -1, -1, -2, 1, 0, -1, 
          -2, 1, 0, -2, 1, 0, 2, 0, 0 ], 
      [ 0, -2, 1, 1, 1, 2, -1, 0, 2, 2, 2, 4, -2, 0, -1, -1, -2, 1, 0, -1, 
          -2, 1, 0, -2, 1, 0, 2, 0, 0 ], 
      [ 0, -1, 1, 0, 1, 1, -2, 2, 1, 0, 1, 1, -2, 2, 0, -1, -1, 2, -2, 0, 0, 
          0, 0, -1, 2, -2, 2, -2, 4 ], 
      [ 0, -1, 0, 1, 1, 1, 2, -2, 0, 1, 1, 1, 2, -2, 0, 0, 0, 0, 0, -1, -1, 
          -2, 2, -1, -2, 2, -2, 2, 4 ], 
      [ 0, -2, 2, 2, 2, 4, 0, -2, 1, 1, 1, 2, 0, -1, -1, -1, -2, 0, 1, -1, 
          -2, 0, 1, -2, 0, 1, 0, 2, 0 ], 
      [ 0, -2, 1, 1, 1, 2, 0, -1, 2, 2, 2, 4, 0, -2, -1, -1, -2, 0, 1, -1, 
          -2, 0, 1, -2, 0, 1, 0, 2, 0 ], 
      [ 0, -1, 1, 0, 1, 1, 2, -2, 1, 0, 1, 1, 2, -2, 0, -1, -1, -2, 2, 0, 0, 
          0, 0, -1, -2, 2, -2, 2, 4 ], 
      [ 0, -1, 1, 1, 0, 1, 2, -2, 1, 1, 0, 1, 2, -2, -1, 0, -1, -2, 2, 0, 
          -1, -2, 2, 0, 0, 0, -2, 2, 4 ], 
      [ 0, -1, 1, 1, 0, 2, -3, 2, 1, 1, 0, 2, -3, 2, -1, 0, -2, 3, -2, 0, 
          -2, 3, -2, 0, 0, 0, 6, -4, 6 ], 
      [ 0, -1, 0, 1, 1, 2, 2, -3, 0, 1, 1, 2, 2, -3, 0, 0, 0, 0, 0, -1, -2, 
          -2, 3, -2, -2, 3, -4, 6, 6 ], 
      [ 0, -1, 0, 1, 1, 2, -3, 2, 0, 1, 1, 2, -3, 2, 0, 0, 0, 0, 0, -1, -2, 
          3, -2, -2, 3, -2, 6, -4, 6 ], 
      [ 0, -1, 1, 0, 1, 2, 2, -3, 1, 0, 1, 2, 2, -3, 0, -1, -2, -2, 3, 0, 0, 
          0, 0, -2, -2, 3, -4, 6, 6 ], 
      [ 0, -1, 1, 0, 1, 2, -3, 2, 1, 0, 1, 2, -3, 2, 0, -1, -2, 3, -2, 0, 0, 
          0, 0, -2, 3, -2, 6, -4, 6 ], 
      [ 0, -1, 1, 1, 0, 2, 2, -3, 1, 1, 0, 2, 2, -3, -1, 0, -2, -2, 3, 0, 
          -2, -2, 3, 0, 0, 0, -4, 6, 6 ], 
      [ 0, -4, 2, 2, 2, 6, -2, 0, 2, 2, 2, 6, -2, 0, -1, -1, -3, 1, 0, -1, 
          -3, 1, 0, -3, 1, 0, 3, 0, 0 ], 
      [ 0, -4, 2, 2, 2, 6, 0, -2, 2, 2, 2, 6, 0, -2, -1, -1, -3, 0, 1, -1, 
          -3, 0, 1, -3, 0, 1, 0, 3, 0 ], 
      [ 0, -2, 2, 2, 2, 4, 2, -4, 1, 1, 1, 2, 1, -2, -1, -1, -2, -1, 2, -1, 
          -2, -1, 2, -2, -1, 2, -2, 4, 2 ], 
      [ 0, -2, 1, 1, 1, 2, 1, -2, 2, 2, 2, 4, 2, -4, -1, -1, -2, -1, 2, -1, 
          -2, -1, 2, -2, -1, 2, -2, 4, 2 ], 
      [ 0, -2, 2, 2, 2, 4, -4, 2, 1, 1, 1, 2, -2, 1, -1, -1, -2, 2, -1, -1, 
          -2, 2, -1, -2, 2, -1, 4, -2, 2 ], 
      [ 0, -2, 1, 1, 1, 2, -2, 1, 2, 2, 2, 4, -4, 2, -1, -1, -2, 2, -1, -1, 
          -2, 2, -1, -2, 2, -1, 4, -2, 2 ], 
      [ 0, -2, 2, 2, 2, 4, 4, -6, 1, 1, 1, 2, 2, -3, -1, -1, -2, -2, 3, -1, 
          -2, -2, 3, -2, -2, 3, -4, 6, 6 ], 
      [ 0, -2, 1, 1, 1, 2, 2, -3, 2, 2, 2, 4, 4, -6, -1, -1, -2, -2, 3, -1, 
          -2, -2, 3, -2, -2, 3, -4, 6, 6 ], 
      [ 0, -2, 2, 2, 2, 4, -6, 4, 1, 1, 1, 2, -3, 2, -1, -1, -2, 3, -2, -1, 
          -2, 3, -2, -2, 3, -2, 6, -4, 6 ], 
      [ 0, -2, 1, 1, 1, 2, -3, 2, 2, 2, 2, 4, -6, 4, -1, -1, -2, 3, -2, -1, 
          -2, 3, -2, -2, 3, -2, 6, -4, 6 ], 
      [ 0, -4, 2, 2, 2, 6, 2, -4, 2, 2, 2, 6, 2, -4, -1, -1, -3, -1, 2, -1, 
          -3, -1, 2, -3, -1, 2, -3, 6, 2 ], 
      [ 0, -4, 2, 2, 2, 6, -4, 2, 2, 2, 2, 6, -4, 2, -1, -1, -3, 2, -1, -1, 
          -3, 2, -1, -3, 2, -1, 6, -3, 2 ], 
      [ 0, -2, 2, 2, 2, 4, 6, -8, 1, 1, 1, 2, 3, -4, -1, -1, -2, -3, 4, -1, 
          -2, -3, 4, -2, -3, 4, -6, 8, 12 ], 
      [ 0, -2, 1, 1, 1, 2, 3, -4, 2, 2, 2, 4, 6, -8, -1, -1, -2, -3, 4, -1, 
          -2, -3, 4, -2, -3, 4, -6, 8, 12 ], 
      [ 0, -2, 2, 2, 2, 4, -8, 6, 1, 1, 1, 2, -4, 3, -1, -1, -2, 4, -3, -1, 
          -2, 4, -3, -2, 4, -3, 8, -6, 12 ], 
      [ 0, -2, 1, 1, 1, 2, -4, 3, 2, 2, 2, 4, -8, 6, -1, -1, -2, 4, -3, -1, 
          -2, 4, -3, -2, 4, -3, 8, -6, 12 ], 
      [ 0, -4, 2, 2, 2, 6, 4, -6, 2, 2, 2, 6, 4, -6, -1, -1, -3, -2, 3, -1, 
          -3, -2, 3, -3, -2, 3, -6, 9, 6 ], 
      [ 0, -4, 2, 2, 2, 6, -6, 4, 2, 2, 2, 6, -6, 4, -1, -1, -3, 3, -2, -1, 
          -3, 3, -2, -3, 3, -2, 9, -6, 6 ], 
      [ 0, -4, 2, 2, 2, 6, 6, -8, 2, 2, 2, 6, 6, -8, -1, -1, -3, -3, 4, -1, 
          -3, -3, 4, -3, -3, 4, -9, 12, 12 ], 
      [ 0, -4, 2, 2, 2, 6, -8, 6, 2, 2, 2, 6, -8, 6, -1, -1, -3, 4, -3, -1, 
          -3, 4, -3, -3, 4, -3, 12, -9, 12 ], 
      [ 0, -4, 2, 2, 2, 6, 8, -10, 2, 2, 2, 6, 8, -10, -1, -1, -3, -4, 5, 
          -1, -3, -4, 5, -3, -4, 5, -12, 15, 20 ], 
      [ 0, -4, 2, 2, 2, 6, -10, 8, 2, 2, 2, 6, -10, 8, -1, -1, -3, 5, -4, 
          -1, -3, 5, -4, -3, 5, -4, 15, -12, 20 ] ],
  ListIncidentSymbol := 
   [ [ 0, 0, 0, 0, 0, 1, 1, -1 ], [ 0, 0, 0, 0, 1, 0, 1, -1 ], 
      [ 0, 0, 0, 1, 0, 0, 1, -1 ], [ 0, 0, 1, 0, 0, 0, 1, -1 ], 
      [ 0, 1, 0, 0, 0, 0, 1, -1 ], [ 1, 0, 0, 0, 0, 0, 1, -1 ], 
      [ 0, -1, 1, 0, 0, 1, 0, 0 ], [ -1, 0, 1, 0, 0, 1, 0, 0 ], 
      [ 0, 0, 0, 0, 0, 1, -1, 1 ], [ 0, 0, 0, 0, 1, 0, -1, 1 ], 
      [ 0, -1, 0, 0, 1, 1, 0, 0 ], [ 0, -1, 0, 1, 0, 1, 0, 0 ], 
      [ 0, 0, 0, 1, 0, 0, -1, 1 ], [ 0, 1, 0, 0, 0, -1, 1, 0 ], 
      [ 1, 0, 0, 0, 0, 0, -1, 1 ], [ -1, 0, 0, 0, 1, 1, 0, 0 ], 
      [ 0, 1, 0, 0, 0, -1, 0, 1 ], [ -1, 0, 0, 1, 0, 1, 0, 0 ], 
      [ 0, 0, 1, 0, 0, 0, -1, 1 ], [ 1, 0, 0, 0, 0, -1, 1, 0 ], 
      [ 0, 1, 0, 0, 0, 0, -1, 1 ], [ 1, 0, 0, 0, 0, -1, 0, 1 ], 
      [ -1, 0, 0, 0, 1, 1, 1, -1 ], [ 0, -1, 0, 0, 1, 1, 1, -1 ], 
      [ -1, 0, 0, 1, 0, 1, 1, -1 ], [ 0, -1, 0, 1, 0, 1, 1, -1 ], 
      [ -1, 0, 1, 0, 0, 1, 1, -1 ], [ 0, -1, 1, 0, 0, 1, 1, -1 ], 
      [ -1, 0, 0, 0, 1, 1, -1, 1 ], [ 0, -1, 0, 0, 1, 1, -1, 1 ], 
      [ -1, 0, 0, 1, 0, 1, -1, 1 ], [ 0, -1, 0, 1, 0, 1, -1, 1 ], 
      [ -1, 0, 1, 0, 0, 1, -1, 1 ], [ 0, -1, 1, 0, 0, 1, -1, 1 ], 
      [ 1, 1, -1, 0, 0, -1, 0, 1 ], [ 1, 1, 0, -1, 0, -1, 0, 1 ], 
      [ 1, 1, -1, 0, 0, -1, 1, 0 ], [ 1, 1, 0, -1, 0, -1, 1, 0 ], 
      [ 1, 1, 0, 0, -1, -1, 0, 1 ], [ 1, 1, 0, 0, -1, -1, 1, 0 ], 
      [ -1, -1, 1, 0, 1, 1, 0, 0 ], [ -1, -1, 1, 1, 0, 1, 0, 0 ], 
      [ -1, -1, 0, 1, 1, 1, 0, 0 ], [ -1, -1, 0, 1, 1, 2, -1, 0 ], 
      [ -1, -1, 1, 0, 1, 2, -1, 0 ], [ -1, -1, 0, 1, 1, 2, 0, -1 ], 
      [ -1, -1, 1, 0, 1, 2, 0, -1 ], [ -1, -1, 1, 1, 0, 2, -1, 0 ], 
      [ 1, 1, -1, 0, 0, -1, 2, -1 ], [ -1, -1, 1, 1, 0, 2, 0, -1 ], 
      [ 1, 1, 0, -1, 0, -1, 2, -1 ], [ 1, 1, -1, 0, 0, -1, -1, 2 ], 
      [ 1, 1, 0, -1, 0, -1, -1, 2 ], [ 1, 1, 0, 0, -1, -1, 2, -1 ], 
      [ 1, 1, 0, 0, -1, -1, -1, 2 ], [ -1, -1, 0, 1, 1, 1, 1, -1 ], 
      [ -1, -1, 1, 0, 1, 1, 1, -1 ], [ -1, -1, 0, 1, 1, 1, -1, 1 ], 
      [ -1, -1, 1, 0, 1, 1, -1, 1 ], [ -1, -1, 1, 1, 0, 1, 1, -1 ], 
      [ -1, -1, 1, 1, 0, 1, -1, 1 ], [ -1, -1, 0, 1, 1, 2, 1, -2 ], 
      [ -1, -1, 1, 0, 1, 2, 1, -2 ], [ -1, -1, 0, 1, 1, 2, -2, 1 ], 
      [ -1, -1, 1, 0, 1, 2, -2, 1 ], [ -1, -1, 1, 1, 0, 2, 1, -2 ], 
      [ -1, -1, 1, 1, 0, 2, -2, 1 ], [ -1, -1, 1, 1, 0, 1, -2, 2 ], 
      [ -1, -1, 0, 1, 1, 1, -2, 2 ], [ -2, -1, 1, 1, 1, 2, -1, 0 ], 
      [ -1, -2, 1, 1, 1, 2, -1, 0 ], [ -1, -1, 1, 0, 1, 1, -2, 2 ], 
      [ -1, -1, 0, 1, 1, 1, 2, -2 ], [ -2, -1, 1, 1, 1, 2, 0, -1 ], 
      [ -1, -2, 1, 1, 1, 2, 0, -1 ], [ -1, -1, 1, 0, 1, 1, 2, -2 ], 
      [ -1, -1, 1, 1, 0, 1, 2, -2 ], [ -1, -1, 1, 1, 0, 2, -3, 2 ], 
      [ -1, -1, 0, 1, 1, 2, 2, -3 ], [ -1, -1, 0, 1, 1, 2, -3, 2 ], 
      [ -1, -1, 1, 0, 1, 2, 2, -3 ], [ -1, -1, 1, 0, 1, 2, -3, 2 ], 
      [ -1, -1, 1, 1, 0, 2, 2, -3 ], [ -2, -2, 1, 1, 1, 3, -1, 0 ], 
      [ -2, -2, 1, 1, 1, 3, 0, -1 ], [ -2, -1, 1, 1, 1, 2, 1, -2 ], 
      [ -1, -2, 1, 1, 1, 2, 1, -2 ], [ -2, -1, 1, 1, 1, 2, -2, 1 ], 
      [ -1, -2, 1, 1, 1, 2, -2, 1 ], [ -2, -1, 1, 1, 1, 2, 2, -3 ], 
      [ -1, -2, 1, 1, 1, 2, 2, -3 ], [ -2, -1, 1, 1, 1, 2, -3, 2 ], 
      [ -1, -2, 1, 1, 1, 2, -3, 2 ], [ -2, -2, 1, 1, 1, 3, 1, -2 ], 
      [ -2, -2, 1, 1, 1, 3, -2, 1 ], [ -2, -1, 1, 1, 1, 2, 3, -4 ], 
      [ -1, -2, 1, 1, 1, 2, 3, -4 ], [ -2, -1, 1, 1, 1, 2, -4, 3 ], 
      [ -1, -2, 1, 1, 1, 2, -4, 3 ], [ -2, -2, 1, 1, 1, 3, 2, -3 ], 
      [ -2, -2, 1, 1, 1, 3, -3, 2 ], [ -2, -2, 1, 1, 1, 3, 3, -4 ], 
      [ -2, -2, 1, 1, 1, 3, -4, 3 ], [ -2, -2, 1, 1, 1, 3, 4, -5 ], 
      [ -2, -2, 1, 1, 1, 3, -5, 4 ] ],
  ListAdjacent := [ rec(
          DistVect := [ 0, 1, 0, 1, 1, 0, 0, 0, 1, 0, 0, 1, 1, 1, 1, 1, 0, 
              0, 0, 0, 1, 1, 1, 1, 1, 1, 0, 0, 0 ],
          eAdj := [ 1, 2, 3, 4, 5, 6, 8, 9, 10, 11, 12, 13, 14, 15, 16, 17, 
              18, 19, 20, 21, 22, 23, 24, 25, 26, 27, 29, 30, 31, 32, 33, 
              35, 36, 37, 38, 39, 40, 41, 42, 43, 44, 45, 46, 47, 48, 49, 
              50, 51, 52, 53, 54, 55, 56, 57, 58, 59, 60, 61, 62, 63, 64, 
              65, 66, 67, 68, 69, 70, 71, 72, 73, 74, 75, 76, 77, 78, 79, 
              80, 81, 82, 83, 84, 85, 86, 87, 88, 89, 90, 91, 92, 93, 94, 
              95, 96, 97, 98, 99, 100, 101, 102, 103, 104, 105 ] ), rec(
          DistVect := [ 0, 1, 0, 0, 0, 1, 0, 0, 1, 1, 1, 0, 1, 1, 0, 0, 1, 
              0, 0, 0, 1, 0, 0, 1, 0, 0, 1, 1, 0 ],
          eAdj := [ 1, 2, 3, 4, 5, 6, 7, 8, 9, 10, 11, 12, 13, 14, 15, 16, 
              17, 18, 19, 21, 23, 24, 25, 26, 27, 28, 29, 30, 31, 32, 33, 
              34, 35, 36, 37, 38, 39, 40, 41, 42, 43, 44, 45, 46, 47, 48, 
              49, 50, 51, 52, 53, 54, 55, 56, 57, 58, 59, 60, 61, 62, 63, 
              64, 65, 66, 67, 68, 69, 70, 71, 72, 73, 74, 75, 76, 77, 78, 
              79, 80, 81, 82, 83, 84, 85, 86, 87, 88, 89, 90, 91, 92, 93, 
              94, 95, 96, 97, 98, 99, 100, 101, 102, 103, 104, 105 ] ), rec(
          DistVect := [ 0, 0, 0, 1, 0, 0, 0, 0, 0, 1, 0, 0, 0, 0, 1, 0, 0, 
              0, 0, 1, 1, 1, 1, 0, 0, 0, 0, 0, 0 ],
          eAdj := [ 1, 2, 3, 4, 5, 6, 7, 8, 9, 10, 11, 12, 13, 14, 15, 16, 
              17, 18, 19, 20, 21, 22, 23, 24, 25, 26, 27, 28, 29, 30, 31, 
              32, 33, 34, 35, 37, 39, 40, 41, 42, 43, 44, 45, 46, 47, 48, 
              49, 50, 52, 54, 55, 56, 57, 58, 59, 60, 61, 62, 63, 64, 65, 
              66, 67, 68, 69, 70, 71, 72, 73, 74, 75, 76, 77, 78, 79, 80, 
              81, 82, 83, 84, 85, 86, 87, 88, 89, 90, 91, 92, 93, 94, 95, 
              96, 97, 98, 99, 100, 101, 102, 103, 104, 105 ] ), rec(
          DistVect := [ 0, 0, 0, 1, 1, 0, 1, 1, 0, 1, 1, 0, 1, 1, 1, 1, 0, 
              1, 1, 0, 1, 0, 0, 1, 0, 0, 1, 1, 0 ],
          eAdj := [ 1, 2, 3, 4, 5, 6, 7, 8, 9, 10, 11, 12, 13, 14, 15, 16, 
              17, 18, 19, 20, 21, 22, 23, 24, 25, 26, 27, 28, 29, 30, 31, 
              32, 33, 34, 35, 36, 37, 38, 39, 40, 41, 42, 44, 45, 46, 47, 
              48, 49, 50, 51, 52, 53, 54, 55, 57, 59, 60, 61, 62, 63, 64, 
              65, 66, 67, 68, 70, 71, 72, 74, 75, 76, 77, 78, 79, 80, 81, 
              82, 83, 84, 85, 86, 87, 88, 89, 90, 91, 92, 93, 94, 95, 96, 
              97, 98, 99, 100, 101, 102, 103, 104, 105 ] ), rec(
          DistVect := [ 0, 0, 1, 0, 0, 0, 1, 1, 1, 0, 0, 0, 1, 1, 1, 1, 1, 
              0, 0, 0, 0, 1, 1, 0, 1, 1, 1, 1, 0 ],
          eAdj := [ 1, 2, 3, 4, 5, 6, 7, 8, 9, 10, 11, 12, 13, 14, 15, 16, 
              17, 18, 19, 20, 21, 22, 23, 24, 25, 26, 27, 28, 29, 30, 31, 
              32, 33, 34, 35, 36, 37, 38, 39, 40, 41, 42, 43, 45, 47, 48, 
              49, 50, 51, 52, 53, 54, 55, 56, 57, 58, 59, 60, 61, 63, 65, 
              66, 67, 68, 69, 70, 71, 72, 73, 74, 75, 76, 77, 78, 81, 82, 
              83, 84, 85, 86, 87, 88, 89, 90, 91, 92, 93, 94, 95, 96, 97, 
              98, 99, 100, 101, 102, 103, 104, 105 ] ), rec(
          DistVect := [ 0, 1, 1, 1, 1, 0, 0, 0, 0, 0, 0, 1, 1, 1, 0, 0, 1, 
              1, 1, 0, 1, 1, 1, 1, 1, 1, 0, 0, 0 ],
          eAdj := [ 1, 2, 3, 4, 5, 6, 7, 8, 9, 10, 11, 12, 13, 14, 15, 16, 
              17, 18, 19, 20, 21, 22, 23, 24, 25, 26, 27, 28, 29, 30, 31, 
              32, 33, 34, 35, 36, 37, 38, 39, 40, 41, 42, 43, 44, 45, 46, 
              47, 48, 49, 50, 51, 52, 53, 54, 55, 56, 57, 58, 59, 60, 61, 
              62, 63, 64, 65, 66, 67, 68, 69, 71, 72, 73, 75, 76, 77, 78, 
              79, 80, 81, 82, 83, 84, 85, 87, 89, 91, 93, 94, 95, 97, 99, 
              100, 101, 102, 103, 104, 105 ] ), rec(
          DistVect := [ 0, 4, 7, 7, 7, 3, 5, 8, 7, 7, 7, 3, 5, 8, 4, 4, 8, 
              8, 5, 4, 8, 8, 5, 8, 8, 5, 4, 5, 3 ],
          eAdj := [ 2, 3, 4, 15, 17, 21, 22, 23, 24, 25, 26, 27, 28, 52, 53, 
              55, 62, 63, 66, 73, 76, 77, 90, 91, 100, 102 ] ), rec(
          DistVect := [ 0, 4, 7, 7, 7, 4, 5, 8, 7, 7, 7, 4, 5, 8, 4, 4, 7, 
              8, 5, 4, 7, 8, 5, 7, 8, 5, 5, 4, 3 ],
          eAdj := [ 2, 3, 4, 15, 17, 21, 22, 23, 24, 25, 26, 27, 28, 52, 53, 
              55, 73, 76, 77, 79, 81, 83, 96, 97, 102, 104 ] ), rec(
          DistVect := [ 0, 1, 1, 1, 1, 1, 2, 2, 2, 2, 2, 1, 1, 2, 1, 1, 1, 
              2, 1, 1, 1, 2, 1, 1, 2, 1, 2, 1, 1 ],
          eAdj := [ 1, 2, 3, 4, 17, 21, 22, 23, 24, 25, 26, 27, 28, 52, 53, 
              55, 73, 76, 77, 79, 81, 83, 90, 96, 97, 102, 104 ] ), rec(
          DistVect := [ 0, 0, 1, 1, 1, 1, 0, 1, 1, 1, 1, 1, 0, 1, 0, 0, 0, 
              1, 0, 0, 0, 1, 0, 0, 1, 0, 1, 0, 1 ],
          eAdj := [ 1, 2, 3, 4, 15, 17, 21, 22, 23, 24, 25, 26, 27, 28, 52, 
              53, 55, 73, 76, 77, 79, 81, 83, 96, 97, 104 ] ), rec(
          DistVect := [ 0, 7, 7, 4, 4, 3, 8, 5, 4, 7, 7, 4, 5, 8, 7, 7, 8, 
              5, 8, 4, 7, 8, 5, 7, 8, 5, 5, 4, 3 ],
          eAdj := [ 2, 3, 6, 7, 16, 17, 18, 19, 20, 21, 24, 26, 33, 36, 37, 
              39, 41, 42, 47, 50, 56, 62, 74, 85, 87, 94 ] ), rec(
          DistVect := [ 0, 7, 7, 4, 4, 4, 8, 5, 4, 7, 7, 3, 5, 8, 7, 7, 7, 
              5, 8, 4, 8, 8, 5, 8, 8, 5, 4, 5, 3 ],
          eAdj := [ 2, 3, 6, 7, 16, 17, 18, 19, 20, 21, 24, 26, 33, 36, 37, 
              39, 41, 42, 45, 46, 48, 56, 70, 75, 84, 85 ] ), rec(
          DistVect := [ 0, 1, 1, 1, 1, 1, 2, 2, 1, 1, 1, 2, 2, 3, 1, 1, 2, 
              2, 2, 1, 2, 2, 2, 2, 2, 2, 2, 1, 1 ],
          eAdj := [ 1, 8, 16, 17, 18, 21, 22, 23, 24, 25, 26, 27, 28, 35, 
              36, 39, 52, 53, 55, 56, 57, 60, 62, 63, 66, 86, 87, 91, 100 ] )
        , rec(
          DistVect := [ 0, 7, 4, 4, 4, 4, 8, 5, 7, 7, 7, 3, 5, 8, 4, 4, 8, 
              8, 5, 4, 8, 8, 5, 8, 8, 5, 4, 5, 3 ],
          eAdj := [ 2, 3, 4, 6, 8, 16, 17, 18, 20, 21, 24, 26, 28, 35, 36, 
              39, 46, 47, 50, 56, 57, 60, 74, 85, 87, 94 ] ), rec(
          DistVect := [ 0, 7, 4, 4, 4, 3, 8, 5, 7, 7, 7, 4, 5, 8, 4, 4, 7, 
              8, 5, 4, 7, 8, 5, 7, 8, 5, 5, 4, 3 ],
          eAdj := [ 2, 3, 4, 6, 8, 16, 17, 18, 20, 21, 24, 26, 28, 35, 36, 
              39, 56, 57, 60, 62, 63, 66, 86, 91, 94, 100 ] ), rec(
          DistVect := [ 0, 4, 4, 7, 7, 3, 5, 8, 4, 7, 7, 3, 5, 8, 7, 7, 7, 
              5, 8, 4, 8, 8, 5, 8, 8, 5, 4, 5, 3 ],
          eAdj := [ 2, 3, 7, 8, 15, 17, 19, 21, 22, 23, 24, 25, 26, 35, 47, 
              50, 53, 55, 57, 60, 62, 73, 86, 87, 94, 100 ] ), rec(
          DistVect := [ 0, 4, 4, 7, 7, 4, 5, 8, 4, 7, 7, 4, 5, 8, 7, 7, 8, 
              5, 8, 4, 7, 8, 5, 7, 8, 5, 5, 4, 3 ],
          eAdj := [ 2, 3, 7, 8, 15, 17, 19, 21, 22, 23, 24, 25, 26, 35, 53, 
              55, 57, 60, 63, 66, 73, 79, 90, 91, 100, 102 ] ), rec(
          DistVect := [ 0, 1, 1, 1, 1, 1, 2, 2, 1, 1, 1, 1, 2, 2, 1, 1, 2, 
              2, 2, 1, 1, 2, 1, 1, 2, 1, 2, 1, 1 ],
          eAdj := [ 1, 2, 3, 7, 8, 17, 22, 23, 24, 25, 26, 27, 28, 35, 36, 
              39, 53, 55, 56, 57, 60, 62, 63, 66, 73, 79, 86, 87, 90, 91, 
              100 ] ), rec(
          DistVect := [ 0, 4, 4, 4, 4, 3, 8, 7, 4, 4, 4, 3, 8, 7, 4, 4, 7, 
              8, 7, 4, 5, 8, 5, 5, 8, 5, 7, 4, 3 ],
          eAdj := [ 1, 2, 3, 7, 8, 17, 22, 23, 24, 25, 26, 27, 28, 35, 36, 
              39, 56, 57, 60, 62, 63, 66, 86, 87, 94, 100 ] ), rec(
          DistVect := [ 0, 4, 4, 5, 5, 4, 7, 8, 4, 5, 5, 4, 7, 8, 5, 5, 8, 
              7, 8, 4, 5, 8, 5, 5, 8, 5, 7, 4, 3 ],
          eAdj := [ 1, 2, 3, 7, 8, 17, 22, 23, 24, 25, 26, 27, 28, 35, 53, 
              55, 57, 60, 63, 66, 73, 79, 90, 91, 100, 102 ] ), rec(
          DistVect := [ 0, 4, 4, 5, 4, 4, 7, 8, 4, 5, 4, 4, 7, 8, 7, 4, 8, 
              5, 8, 5, 5, 8, 5, 8, 7, 8, 7, 4, 3 ],
          eAdj := [ 1, 3, 7, 8, 11, 16, 17, 19, 22, 23, 24, 25, 26, 35, 39, 
              41, 47, 53, 56, 60, 62, 66, 86, 87, 94, 100 ] ), rec(
          DistVect := [ 0, 4, 5, 4, 4, 3, 8, 7, 5, 4, 4, 3, 8, 7, 7, 5, 8, 
              5, 8, 4, 5, 8, 5, 7, 8, 7, 7, 4, 3 ],
          eAdj := [ 1, 3, 7, 8, 11, 16, 17, 19, 22, 23, 24, 25, 26, 36, 37, 
              39, 41, 42, 47, 50, 56, 62, 74, 75, 85, 94 ] ), rec(
          DistVect := [ 0, 4, 4, 7, 4, 3, 8, 5, 4, 7, 4, 3, 8, 5, 7, 4, 7, 
              8, 5, 7, 8, 5, 8, 7, 8, 5, 5, 4, 3 ],
          eAdj := [ 2, 4, 5, 6, 7, 8, 11, 13, 14, 16, 20, 31, 32, 37, 40, 
              41, 44, 47, 48, 51, 58, 61, 70, 71, 84, 95 ] ), rec(
          DistVect := [ 0, 4, 4, 7, 4, 4, 8, 5, 4, 7, 4, 4, 8, 5, 7, 4, 8, 
              8, 5, 7, 7, 5, 8, 8, 8, 5, 4, 5, 3 ],
          eAdj := [ 2, 4, 5, 6, 7, 8, 11, 13, 14, 16, 20, 31, 32, 37, 40, 
              41, 45, 51, 58, 61, 64, 67, 88, 89, 95, 101 ] ), rec(
          DistVect := [ 0, 1, 1, 1, 1, 1, 2, 2, 1, 1, 1, 1, 2, 2, 1, 1, 2, 
              2, 2, 2, 1, 1, 2, 2, 2, 1, 1, 2, 1 ],
          eAdj := [ 2, 7, 8, 9, 11, 13, 14, 16, 20, 31, 32, 33, 34, 37, 38, 
              39, 40, 41, 43, 44, 45, 51, 58, 61, 64, 67, 70, 71, 88, 89, 95 
             ] ), rec(
          DistVect := [ 0, 4, 7, 4, 7, 4, 5, 8, 5, 4, 5, 4, 7, 8, 5, 4, 7, 
              8, 5, 5, 8, 7, 8, 7, 8, 5, 5, 4, 3 ],
          eAdj := [ 2, 4, 12, 15, 17, 18, 22, 23, 24, 25, 27, 28, 36, 52, 
              55, 56, 60, 62, 63, 66, 76, 81, 87, 90, 91, 100 ] ), rec(
          DistVect := [ 0, 5, 7, 5, 4, 3, 8, 5, 4, 4, 5, 4, 7, 8, 4, 7, 8, 
              5, 8, 5, 8, 7, 8, 7, 8, 5, 5, 4, 3 ],
          eAdj := [ 2, 6, 7, 12, 16, 17, 18, 19, 20, 24, 31, 33, 37, 38, 39, 
              41, 43, 45, 46, 47, 48, 61, 70, 71, 75, 84 ] ), rec(
          DistVect := [ 0, 5, 4, 5, 4, 3, 8, 5, 5, 4, 5, 4, 7, 8, 5, 4, 7, 
              8, 5, 5, 8, 7, 8, 7, 8, 5, 5, 4, 3 ],
          eAdj := [ 2, 4, 6, 8, 12, 16, 17, 18, 20, 24, 28, 31, 35, 38, 39, 
              42, 43, 46, 47, 50, 57, 63, 74, 75, 85, 87 ] ), rec(
          DistVect := [ 0, 5, 4, 4, 4, 4, 8, 7, 5, 5, 7, 3, 5, 8, 4, 4, 8, 
              8, 7, 4, 8, 8, 7, 8, 8, 5, 4, 5, 3 ],
          eAdj := [ 2, 7, 8, 12, 16, 17, 18, 20, 21, 24, 26, 28, 35, 36, 39, 
              42, 46, 47, 50, 56, 57, 60, 74, 85, 87, 94 ] ), rec(
          DistVect := [ 0, 4, 4, 4, 7, 4, 5, 8, 4, 4, 5, 4, 7, 8, 4, 5, 8, 
              7, 8, 5, 8, 7, 8, 7, 8, 5, 5, 4, 3 ],
          eAdj := [ 2, 7, 8, 12, 15, 17, 18, 22, 23, 24, 25, 27, 35, 36, 42, 
              50, 55, 56, 57, 60, 62, 63, 86, 87, 94, 100 ] ), rec(
          DistVect := [ 0, 4, 4, 4, 7, 4, 5, 8, 4, 4, 5, 4, 7, 8, 4, 7, 8, 
              5, 8, 5, 8, 7, 8, 7, 8, 5, 5, 4, 3 ],
          eAdj := [ 2, 7, 8, 12, 15, 17, 18, 19, 22, 23, 24, 25, 35, 36, 42, 
              47, 50, 55, 56, 57, 62, 63, 75, 86, 87, 94 ] ), rec(
          DistVect := [ 0, 5, 5, 5, 4, 3, 8, 5, 4, 4, 5, 4, 7, 8, 4, 5, 8, 
              7, 8, 5, 8, 7, 8, 7, 8, 5, 5, 4, 3 ],
          eAdj := [ 2, 6, 7, 8, 12, 16, 17, 18, 20, 24, 31, 33, 37, 38, 39, 
              41, 42, 43, 46, 47, 48, 61, 70, 75, 84, 85 ] ), rec(
          DistVect := [ 0, 5, 7, 5, 7, 3, 5, 8, 4, 4, 4, 4, 8, 7, 4, 4, 8, 
              8, 5, 4, 8, 8, 7, 8, 8, 5, 4, 5, 3 ],
          eAdj := [ 2, 4, 7, 11, 12, 14, 15, 18, 22, 23, 25, 27, 35, 36, 39, 
              46, 47, 50, 56, 57, 60, 63, 75, 86, 87, 94 ] ), rec(
          DistVect := [ 0, 3, 5, 5, 5, 3, 5, 8, 4, 4, 4, 4, 8, 9, 4, 4, 8, 
              8, 7, 4, 8, 8, 7, 8, 8, 7, 4, 5, 3 ],
          eAdj := [ 7, 8, 11, 12, 14, 15, 16, 17, 18, 22, 23, 25, 27, 35, 
              36, 39, 46, 47, 50, 56, 57, 60, 75, 86, 87, 94 ] ), rec(
          DistVect := [ 0, 4, 4, 4, 4, 4, 5, 8, 4, 4, 4, 4, 9, 8, 4, 4, 8, 
              7, 8, 4, 8, 7, 8, 8, 7, 8, 5, 4, 3 ],
          eAdj := [ 7, 8, 11, 12, 14, 15, 16, 17, 18, 22, 23, 25, 27, 35, 
              36, 39, 41, 42, 43, 46, 47, 50, 71, 74, 75, 85 ] ), rec(
          DistVect := [ 0, 4, 5, 5, 4, 3, 8, 7, 5, 5, 4, 3, 8, 7, 4, 5, 8, 
              5, 8, 5, 8, 5, 8, 7, 8, 7, 7, 4, 3 ],
          eAdj := [ 1, 7, 8, 11, 12, 13, 16, 17, 18, 19, 22, 23, 24, 37, 38, 
              39, 41, 43, 46, 47, 48, 61, 70, 71, 84, 85 ] ), rec(
          DistVect := [ 0, 4, 4, 4, 4, 4, 7, 8, 4, 4, 4, 4, 7, 8, 4, 4, 8, 
              5, 8, 4, 8, 5, 8, 8, 7, 8, 7, 4, 3 ],
          eAdj := [ 1, 7, 8, 11, 12, 13, 16, 17, 18, 19, 22, 23, 24, 35, 36, 
              39, 41, 42, 43, 46, 47, 50, 74, 75, 85, 94 ] ), rec(
          DistVect := [ 0, 4, 4, 4, 4, 4, 8, 7, 4, 4, 4, 4, 8, 5, 4, 4, 8, 
              8, 7, 4, 8, 8, 7, 8, 8, 5, 4, 5, 3 ],
          eAdj := [ 2, 5, 7, 8, 11, 12, 14, 16, 18, 20, 32, 34, 37, 38, 40, 
              41, 42, 43, 44, 45, 48, 61, 70, 71, 84, 95 ] ), rec(
          DistVect := [ 0, 4, 4, 4, 4, 4, 8, 5, 4, 4, 4, 4, 8, 7, 4, 4, 8, 
              8, 5, 4, 8, 8, 7, 8, 8, 5, 4, 5, 3 ],
          eAdj := [ 2, 4, 6, 7, 8, 11, 12, 14, 16, 18, 20, 31, 37, 38, 40, 
              41, 42, 43, 44, 45, 47, 48, 70, 71, 75, 84 ] ), rec(
          DistVect := [ 0, 4, 4, 4, 4, 3, 8, 5, 4, 4, 4, 3, 8, 5, 4, 4, 7, 
              8, 5, 4, 7, 8, 5, 7, 8, 5, 5, 4, 3 ],
          eAdj := [ 2, 3, 4, 5, 6, 7, 8, 11, 12, 14, 16, 18, 20, 37, 38, 40, 
              41, 42, 43, 46, 47, 50, 74, 75, 84, 85 ] ), rec(
          DistVect := [ 0, 4, 4, 4, 4, 4, 8, 5, 4, 4, 4, 4, 8, 5, 4, 4, 8, 
              8, 5, 4, 8, 8, 5, 8, 8, 5, 4, 5, 3 ],
          eAdj := [ 2, 3, 4, 5, 6, 7, 8, 11, 12, 14, 16, 18, 20, 37, 38, 40, 
              41, 42, 43, 44, 45, 48, 70, 71, 84, 95 ] ), rec(
          DistVect := [ 0, 1, 1, 1, 1, 1, 2, 2, 1, 1, 1, 1, 2, 2, 1, 1, 2, 
              2, 2, 1, 2, 2, 1, 2, 2, 1, 1, 2, 1 ],
          eAdj := [ 2, 3, 7, 8, 9, 11, 12, 14, 16, 18, 20, 33, 34, 36, 37, 
              38, 39, 40, 41, 42, 43, 44, 45, 46, 48, 56, 70, 71, 74, 75, 84 
             ] ), rec(
          DistVect := [ 0, 1, 2, 2, 2, 1, 1, 2, 2, 2, 2, 1, 1, 2, 1, 1, 2, 
              2, 1, 1, 2, 2, 1, 2, 2, 1, 1, 1, 1 ],
          eAdj := [ 2, 3, 4, 15, 17, 21, 22, 23, 24, 25, 26, 27, 28, 52, 53, 
              55, 62, 63, 66, 73, 76, 77, 79, 81, 83, 90, 91, 96, 97, 102 ] )
        , rec(
          DistVect := [ 0, 2, 2, 1, 1, 1, 2, 1, 1, 2, 2, 1, 1, 2, 2, 2, 2, 
              1, 2, 1, 2, 2, 1, 2, 2, 1, 1, 1, 1 ],
          eAdj := [ 2, 3, 6, 7, 16, 17, 18, 19, 20, 21, 24, 26, 33, 36, 37, 
              39, 41, 42, 45, 46, 47, 48, 50, 56, 62, 70, 74, 75, 85, 87 ] ),
      rec(
          DistVect := [ 0, 2, 1, 1, 1, 1, 2, 1, 2, 2, 2, 1, 1, 2, 1, 1, 2, 
              2, 1, 1, 2, 2, 1, 2, 2, 1, 1, 1, 1 ],
          eAdj := [ 2, 3, 4, 6, 8, 16, 17, 18, 20, 21, 24, 26, 28, 35, 36, 
              39, 46, 47, 50, 56, 57, 60, 62, 63, 66, 74, 86, 87, 91, 94 ] ),
      rec(
          DistVect := [ 0, 1, 1, 2, 2, 1, 1, 2, 1, 2, 2, 1, 1, 2, 2, 2, 2, 
              1, 2, 1, 2, 2, 1, 2, 2, 1, 1, 1, 1 ],
          eAdj := [ 2, 3, 7, 8, 15, 17, 19, 21, 22, 23, 24, 25, 26, 35, 47, 
              50, 53, 55, 57, 60, 62, 63, 66, 73, 79, 86, 87, 90, 91, 100 ] )
        , rec(
          DistVect := [ 0, 1, 1, 1, 1, 1, 2, 2, 1, 2, 2, 1, 1, 2, 2, 2, 2, 
              1, 2, 1, 1, 2, 1, 1, 2, 1, 2, 1, 1 ],
          eAdj := [ 1, 2, 3, 7, 8, 17, 19, 21, 22, 23, 24, 25, 26, 28, 35, 
              53, 55, 57, 60, 63, 66, 73, 79, 86, 90, 91, 100, 102 ] ), rec(
          DistVect := [ 0, 1, 2, 2, 1, 1, 1, 2, 2, 2, 1, 1, 1, 2, 1, 1, 2, 
              2, 1, 1, 2, 2, 1, 2, 2, 2, 1, 1, 1 ],
          eAdj := [ 3, 4, 11, 15, 16, 17, 21, 22, 23, 24, 25, 26, 27, 28, 
              39, 52, 53, 55, 56, 57, 62, 63, 66, 73, 76, 77, 83, 90, 91, 
              100, 102 ] ), rec(
          DistVect := [ 0, 2, 2, 1, 1, 1, 1, 2, 1, 2, 1, 1, 2, 1, 2, 1, 2, 
              2, 1, 1, 2, 1, 2, 2, 2, 2, 1, 1, 1 ],
          eAdj := [ 4, 5, 7, 11, 13, 14, 15, 16, 18, 22, 23, 27, 30, 32, 35, 
              38, 39, 40, 41, 42, 43, 44, 47, 48, 50, 57, 58, 71, 74, 84, 85 
             ] ), rec(
          DistVect := [ 0, 2, 1, 1, 1, 1, 1, 2, 2, 2, 1, 1, 2, 1, 1, 1, 2, 
              1, 2, 1, 2, 1, 2, 2, 2, 2, 1, 1, 1 ],
          eAdj := [ 5, 8, 11, 13, 14, 15, 16, 18, 19, 22, 23, 30, 32, 34, 
              37, 38, 39, 40, 41, 43, 44, 45, 48, 58, 59, 61, 67, 70, 84, 
              89, 95 ] ), rec(
          DistVect := [ 0, 1, 1, 2, 1, 1, 1, 2, 1, 2, 1, 1, 1, 2, 2, 1, 2, 
              1, 2, 1, 2, 2, 1, 2, 2, 2, 1, 1, 1 ],
          eAdj := [ 3, 7, 8, 11, 15, 16, 17, 19, 21, 22, 23, 24, 25, 26, 35, 
              39, 41, 47, 50, 53, 55, 56, 57, 60, 62, 66, 73, 86, 87, 94, 
              100 ] ), rec(
          DistVect := [ 0, 1, 1, 2, 1, 1, 2, 1, 1, 2, 1, 1, 2, 1, 2, 1, 2, 
              2, 1, 2, 2, 1, 2, 2, 2, 1, 1, 1, 1 ],
          eAdj := [ 2, 4, 5, 6, 7, 8, 11, 13, 14, 16, 20, 31, 32, 37, 40, 
              41, 44, 45, 47, 48, 51, 58, 61, 64, 67, 70, 71, 88, 89, 95 ] ),
      rec(
          DistVect := [ 0, 1, 1, 1, 1, 1, 2, 2, 1, 1, 1, 1, 2, 2, 1, 1, 1, 
              2, 1, 1, 2, 2, 2, 2, 2, 2, 2, 1, 1 ],
          eAdj := [ 1, 4, 11, 12, 16, 17, 18, 22, 23, 24, 25, 26, 27, 28, 
              35, 36, 39, 43, 46, 52, 56, 57, 60, 62, 63, 66, 86, 87, 94, 
              100 ] ), rec(
          DistVect := [ 0, 1, 1, 1, 1, 1, 1, 2, 1, 1, 1, 1, 2, 2, 1, 1, 2, 
              2, 2, 1, 2, 2, 2, 2, 2, 2, 1, 1, 1 ],
          eAdj := [ 7, 8, 11, 12, 14, 15, 16, 17, 18, 22, 23, 25, 27, 35, 
              36, 39, 41, 42, 43, 46, 47, 50, 56, 57, 60, 74, 75, 85, 86, 94 
             ] ), rec(
          DistVect := [ 0, 1, 1, 1, 1, 1, 1, 2, 1, 1, 1, 1, 2, 2, 1, 1, 2, 
              2, 2, 1, 2, 1, 2, 2, 2, 2, 1, 1, 1 ],
          eAdj := [ 7, 8, 11, 12, 13, 14, 15, 16, 17, 18, 22, 23, 27, 32, 
              35, 36, 38, 39, 41, 42, 43, 44, 46, 47, 48, 50, 57, 71, 74, 
              75, 85 ] ), rec(
          DistVect := [ 0, 1, 1, 1, 1, 1, 1, 2, 1, 1, 1, 1, 1, 2, 1, 1, 2, 
              1, 2, 1, 2, 1, 2, 2, 2, 2, 1, 1, 1 ],
          eAdj := [ 7, 8, 11, 12, 13, 15, 16, 17, 18, 19, 21, 22, 23, 24, 
              35, 36, 39, 41, 42, 43, 46, 47, 48, 50, 55, 56, 57, 74, 75, 
              85, 94 ] ), rec(
          DistVect := [ 0, 1, 1, 1, 1, 1, 2, 2, 1, 1, 1, 1, 2, 2, 1, 1, 2, 
              1, 2, 1, 2, 2, 2, 2, 2, 2, 2, 1, 1 ],
          eAdj := [ 1, 7, 8, 11, 12, 16, 17, 18, 19, 22, 23, 24, 25, 26, 35, 
              36, 37, 39, 41, 42, 43, 46, 47, 50, 56, 62, 74, 75, 85, 94 ] ),
      rec(
          DistVect := [ 0, 1, 1, 2, 1, 1, 1, 2, 1, 1, 1, 1, 2, 2, 1, 1, 2, 
              2, 2, 1, 2, 2, 1, 2, 2, 2, 1, 1, 1 ],
          eAdj := [ 3, 7, 8, 11, 12, 14, 15, 16, 17, 22, 23, 25, 26, 27, 35, 
              36, 39, 41, 46, 47, 50, 53, 56, 57, 60, 62, 66, 75, 86, 87, 94 
             ] ), rec(
          DistVect := [ 0, 1, 1, 1, 1, 1, 2, 2, 1, 1, 1, 1, 3, 2, 1, 1, 2, 
              2, 2, 1, 2, 2, 2, 2, 2, 2, 2, 1, 1 ],
          eAdj := [ 1, 5, 7, 8, 11, 12, 14, 16, 17, 18, 22, 23, 25, 27, 35, 
              36, 37, 38, 39, 40, 41, 42, 43, 46, 47, 50, 71, 74, 75, 85 ] ),
      rec(
          DistVect := [ 0, 1, 1, 1, 1, 1, 2, 1, 1, 1, 1, 1, 2, 1, 1, 1, 2, 
              2, 1, 1, 2, 2, 1, 2, 2, 1, 1, 1, 1 ],
          eAdj := [ 2, 3, 4, 5, 6, 7, 8, 11, 12, 14, 16, 18, 20, 37, 38, 40, 
              41, 42, 43, 44, 45, 46, 47, 48, 50, 70, 71, 74, 75, 84 ] ), 
      rec(
          DistVect := [ 0, 1, 1, 1, 1, 1, 2, 2, 1, 2, 1, 1, 2, 1, 2, 1, 2, 
              2, 1, 2, 1, 1, 2, 2, 2, 1, 1, 2, 1 ],
          eAdj := [ 2, 4, 5, 7, 8, 9, 11, 13, 14, 16, 20, 30, 31, 32, 34, 
              37, 40, 41, 45, 51, 58, 61, 64, 67, 70, 88, 89, 95, 101 ] ), 
      rec(
          DistVect := [ 0, 1, 1, 1, 1, 1, 2, 2, 1, 1, 1, 1, 2, 1, 1, 1, 2, 
              2, 1, 1, 2, 2, 1, 2, 2, 1, 1, 2, 1 ],
          eAdj := [ 2, 3, 4, 5, 7, 8, 9, 11, 12, 14, 16, 18, 20, 30, 32, 34, 
              37, 38, 40, 41, 42, 43, 44, 45, 48, 70, 71, 74, 84, 95 ] ), 
      rec(
          DistVect := [ 0, 1, 1, 1, 1, 1, 2, 2, 1, 2, 1, 0, 2, 1, 2, 1, 1, 
              2, 1, 2, 2, 1, 2, 1, 2, 1, 2, 1, 1 ],
          eAdj := [ 1, 2, 4, 5, 7, 11, 12, 13, 14, 17, 18, 22, 23, 24, 27, 
              28, 32, 35, 38, 39, 42, 43, 46, 50, 57, 63, 74, 75, 85, 86, 94 
             ] ), rec(
          DistVect := [ 0, 1, 1, 1, 1, 1, 2, 2, 1, 1, 1, 0, 2, 1, 1, 1, 1, 
              2, 1, 1, 1, 2, 1, 1, 2, 1, 2, 1, 1 ],
          eAdj := [ 1, 2, 3, 4, 5, 7, 11, 12, 14, 17, 22, 23, 24, 25, 26, 
              27, 28, 35, 36, 39, 56, 57, 60, 62, 63, 66, 86, 87, 90, 94, 
              100 ] ), rec(
          DistVect := [ 0, 1, 1, 1, 1, 1, 2, 2, 2, 2, 1, 0, 2, 1, 1, 2, 2, 
              1, 2, 2, 2, 1, 2, 1, 2, 1, 2, 1, 1 ],
          eAdj := [ 1, 2, 5, 7, 8, 11, 12, 13, 14, 17, 18, 19, 22, 23, 24, 
              32, 34, 37, 38, 39, 41, 43, 46, 47, 48, 61, 70, 71, 74, 84, 85 
             ] ), rec(
          DistVect := [ 0, 1, 1, 1, 1, 1, 2, 2, 2, 2, 2, 0, 1, 2, 1, 1, 2, 
              2, 1, 1, 2, 2, 1, 2, 2, 1, 1, 2, 1 ],
          eAdj := [ 2, 3, 4, 7, 8, 9, 11, 12, 14, 16, 17, 18, 20, 21, 24, 
              26, 28, 35, 36, 39, 46, 47, 50, 56, 57, 60, 74, 85, 86, 87, 94 
             ] ), rec(
          DistVect := [ 0, 0, 1, 1, 0, 1, 1, 0, 1, 1, 0, 1, 1, 0, 0, 1, 0, 
              0, 1, 1, 0, 0, 1, 1, 1, 0, 0, 1, 1 ],
          eAdj := [ 2, 5, 6, 9, 11, 13, 14, 16, 19, 20, 29, 30, 31, 32, 33, 
              34, 40, 49, 51, 54, 58, 59, 64, 65, 68, 69, 72, 78, 80, 82, 
              92, 93, 98, 99, 103, 105 ] ), rec(
          DistVect := [ 0, 1, 0, 0, 0, 0, 1, 0, 1, 1, 1, 1, 0, 1, 0, 0, 0, 
              1, 0, 0, 0, 1, 0, 0, 1, 0, 1, 0, 1 ],
          eAdj := [ 1, 2, 3, 4, 6, 8, 16, 17, 18, 20, 21, 22, 23, 24, 25, 
              26, 27, 28, 35, 36, 39, 52, 53, 55, 56, 57, 60, 62, 63, 66, 
              73, 76, 77, 79, 81, 83, 86, 90, 91, 97, 100, 102 ] ), rec(
          DistVect := [ 0, 0, 0, 1, 0, 1, 1, 0, 0, 1, 0, 1, 1, 0, 1, 0, 1, 
              1, 0, 1, 0, 0, 1, 1, 1, 0, 0, 1, 1 ],
          eAdj := [ 2, 4, 5, 6, 7, 8, 9, 11, 13, 14, 16, 20, 29, 30, 31, 32, 
              33, 34, 37, 40, 41, 45, 49, 51, 54, 58, 59, 61, 64, 65, 67, 
              68, 69, 78, 80, 88, 89, 92, 93, 101, 103 ] ), rec(
          DistVect := [ 0, 1, 1, 0, 0, 0, 1, 0, 0, 1, 1, 1, 0, 1, 1, 1, 1, 
              0, 1, 0, 0, 1, 0, 0, 1, 0, 1, 0, 1 ],
          eAdj := [ 1, 2, 3, 6, 7, 8, 16, 17, 18, 19, 20, 21, 22, 23, 24, 
              25, 26, 28, 33, 35, 36, 37, 39, 41, 42, 47, 50, 53, 55, 56, 
              57, 60, 62, 63, 66, 73, 74, 79, 86, 87, 91, 94, 100 ] ), rec(
          DistVect := [ 0, 1, 1, 0, 1, 0, 0, 1, 0, 1, 0, 1, 1, 0, 1, 0, 1, 
              1, 0, 1, 0, 0, 1, 1, 1, 0, 0, 1, 1 ],
          eAdj := [ 2, 4, 5, 7, 8, 9, 11, 13, 14, 15, 16, 18, 20, 22, 23, 
              27, 30, 31, 32, 34, 35, 37, 38, 39, 40, 41, 42, 43, 44, 45, 
              47, 48, 51, 57, 58, 61, 64, 67, 70, 71, 74, 84, 89, 95 ] ), 
      rec(
          DistVect := [ 0, 0, 0, 0, 0, 1, 1, 0, 0, 0, 0, 1, 1, 0, 0, 0, 1, 
              1, 0, 0, 1, 1, 0, 1, 1, 0, 0, 1, 1 ],
          eAdj := [ 2, 3, 4, 5, 6, 7, 8, 9, 11, 12, 14, 16, 18, 20, 29, 30, 
              31, 32, 33, 34, 37, 38, 40, 41, 42, 43, 44, 45, 48, 49, 51, 
              54, 58, 59, 61, 64, 65, 67, 70, 71, 88, 89, 95, 101 ] ), rec(
          DistVect := [ 0, 1, 1, 1, 1, 0, 0, 1, 0, 0, 0, 1, 1, 0, 0, 0, 1, 
              1, 0, 0, 1, 1, 0, 1, 1, 0, 0, 1, 1 ],
          eAdj := [ 2, 3, 4, 5, 7, 8, 9, 11, 12, 14, 15, 16, 18, 20, 22, 23, 
              25, 27, 30, 32, 34, 35, 36, 37, 38, 39, 40, 41, 42, 43, 44, 
              45, 46, 47, 48, 50, 56, 57, 60, 71, 74, 75, 84, 85, 86 ] ), 
      rec(
          DistVect := [ 0, 0, 1, 1, 0, 0, 1, 0, 1, 1, 0, 0, 1, 0, 0, 1, 1, 
              0, 1, 1, 1, 0, 1, 0, 1, 0, 1, 0, 1 ],
          eAdj := [ 1, 2, 5, 6, 7, 8, 11, 12, 13, 14, 16, 17, 18, 19, 20, 
              22, 23, 24, 31, 32, 33, 34, 37, 38, 39, 40, 41, 43, 44, 45, 
              46, 47, 48, 49, 51, 58, 59, 61, 67, 68, 70, 71, 84, 88, 89, 95 
             ] ), rec(
          DistVect := [ 0, 0, 1, 0, 0, 0, 1, 0, 1, 0, 0, 0, 1, 0, 1, 1, 1, 
              0, 1, 0, 0, 1, 0, 0, 1, 0, 1, 0, 1 ],
          eAdj := [ 1, 2, 3, 5, 6, 7, 8, 11, 12, 14, 16, 17, 18, 19, 20, 22, 
              23, 24, 25, 26, 33, 34, 36, 37, 38, 39, 40, 41, 42, 43, 45, 
              46, 47, 48, 49, 50, 56, 59, 61, 62, 70, 71, 74, 75, 84, 85 ] ),
      rec(
          DistVect := [ 0, 0, 0, 0, 0, 0, 1, 0, 0, 0, 0, 0, 1, 0, 0, 0, 0, 
              1, 0, 0, 0, 1, 0, 0, 1, 0, 1, 0, 1 ],
          eAdj := [ 1, 2, 3, 4, 5, 6, 7, 8, 11, 12, 14, 16, 17, 18, 20, 22, 
              23, 24, 25, 26, 27, 28, 35, 36, 37, 38, 39, 40, 41, 42, 43, 
              46, 47, 50, 56, 57, 60, 62, 63, 66, 74, 75, 85, 86, 87, 94 ] ),
      rec(
          DistVect := [ 0, 0, 1, 1, 1, 0, 0, 1, 1, 1, 1, 0, 0, 1, 0, 0, 1, 
              1, 0, 0, 1, 1, 0, 1, 1, 0, 0, 1, 1 ],
          eAdj := [ 2, 3, 4, 7, 8, 9, 11, 12, 14, 15, 16, 17, 18, 20, 21, 
              22, 23, 24, 25, 26, 27, 28, 35, 36, 39, 46, 47, 50, 52, 53, 
              55, 56, 57, 60, 62, 63, 66, 73, 76, 77, 86, 87, 90, 91, 94, 
              100 ] ), rec(
          DistVect := [ 0, 0, 0, 0, 0, 1, 1, 1, 0, 0, 0, 1, 1, 1, 0, 0, 1, 
              1, 1, 0, 1, 1, 1, 1, 1, 1, 0, 0, 0 ],
          eAdj := [ 1, 2, 3, 4, 5, 6, 7, 8, 9, 10, 11, 12, 13, 14, 15, 16, 
              17, 18, 19, 20, 21, 22, 23, 24, 25, 26, 27, 28, 29, 30, 31, 
              32, 33, 34, 35, 36, 37, 38, 39, 40, 41, 42, 43, 44, 45, 46, 
              47, 48, 49, 50, 51, 52, 53, 54, 55, 56, 57, 58, 59, 60, 61, 
              62, 63, 64, 65, 66, 67, 68, 69, 70, 71, 72, 73, 74, 75, 76, 
              77, 78, 79, 80, 81, 82, 83, 86, 87, 88, 89, 90, 91, 92, 93, 
              96, 97, 98, 99 ] ), rec(
          DistVect := [ 0, 4, 5, 5, 5, 4, 7, 8, 5, 5, 5, 4, 7, 8, 4, 4, 5, 
              8, 5, 4, 5, 8, 5, 5, 8, 5, 7, 4, 3 ],
          eAdj := [ 1, 2, 3, 4, 17, 22, 23, 24, 25, 26, 27, 28, 52, 53, 55, 
              73, 76, 77, 79, 81, 83, 90, 91, 96, 97, 102 ] ), rec(
          DistVect := [ 0, 4, 4, 5, 5, 4, 7, 8, 4, 5, 5, 4, 7, 8, 7, 7, 8, 
              5, 8, 4, 5, 8, 5, 5, 8, 5, 7, 4, 3 ],
          eAdj := [ 1, 2, 3, 7, 8, 17, 19, 22, 23, 24, 25, 26, 35, 53, 55, 
              57, 60, 63, 66, 73, 79, 86, 87, 90, 91, 100 ] ), rec(
          DistVect := [ 0, 4, 4, 4, 4, 3, 8, 7, 4, 4, 4, 3, 8, 7, 4, 4, 5, 
              8, 5, 4, 5, 8, 5, 5, 8, 5, 7, 4, 3 ],
          eAdj := [ 1, 2, 3, 4, 17, 22, 23, 24, 25, 26, 27, 28, 35, 36, 39, 
              56, 57, 60, 62, 63, 66, 86, 87, 90, 91, 100 ] ), rec(
          DistVect := [ 0, 4, 4, 5, 4, 4, 8, 7, 4, 5, 4, 4, 8, 7, 7, 4, 8, 
              8, 5, 7, 5, 5, 8, 8, 8, 5, 4, 7, 3 ],
          eAdj := [ 2, 4, 7, 8, 9, 11, 13, 14, 16, 20, 31, 32, 37, 40, 41, 
              45, 51, 58, 61, 64, 67, 70, 71, 88, 89, 95 ] ), rec(
          DistVect := [ 0, 4, 4, 4, 5, 3, 7, 8, 4, 4, 5, 3, 7, 8, 4, 7, 5, 
              5, 8, 7, 5, 5, 8, 8, 8, 5, 4, 7, 3 ],
          eAdj := [ 2, 9, 11, 13, 14, 16, 19, 20, 31, 32, 33, 34, 37, 38, 
              39, 41, 43, 44, 45, 61, 67, 70, 71, 88, 89, 95 ] ), rec(
          DistVect := [ 0, 4, 4, 4, 4, 4, 8, 7, 4, 4, 4, 4, 8, 7, 4, 4, 8, 
              8, 5, 4, 8, 8, 5, 8, 8, 5, 4, 7, 3 ],
          eAdj := [ 2, 3, 4, 7, 8, 9, 11, 12, 14, 16, 18, 20, 37, 38, 40, 
              41, 42, 43, 44, 45, 48, 70, 71, 74, 75, 84 ] ), rec(
          DistVect := [ 0, 4, 4, 5, 5, 3, 7, 8, 4, 5, 5, 3, 7, 8, 7, 7, 5, 
              5, 8, 4, 8, 8, 5, 8, 8, 5, 4, 7, 3 ],
          eAdj := [ 2, 3, 9, 11, 12, 14, 16, 18, 19, 20, 33, 34, 36, 37, 39, 
              41, 42, 45, 46, 48, 56, 70, 71, 74, 75, 84 ] ), rec(
          DistVect := [ 0, 4, 5, 5, 5, 3, 7, 8, 5, 5, 5, 3, 7, 8, 4, 4, 8, 
              8, 5, 4, 8, 8, 5, 8, 8, 5, 4, 7, 3 ],
          eAdj := [ 2, 3, 4, 7, 8, 9, 11, 12, 14, 16, 18, 20, 35, 36, 39, 
              46, 47, 50, 56, 57, 60, 74, 75, 85, 86, 87 ] ), rec(
          DistVect := [ 0, 4, 4, 4, 4, 4, 5, 8, 4, 4, 4, 4, 7, 8, 4, 4, 8, 
              7, 8, 4, 8, 7, 8, 8, 7, 8, 3, 4, 3 ],
          eAdj := [ 7, 8, 11, 12, 14, 15, 16, 17, 18, 22, 35, 36, 39, 41, 
              42, 43, 44, 45, 46, 47, 48, 50, 71, 74, 75, 85 ] ), rec(
          DistVect := [ 0, 1, 1, 1, 1, 1, 2, 2, 1, 1, 1, 1, 2, 2, 1, 1, 2, 
              2, 2, 1, 2, 2, 2, 2, 2, 2, 1, 1, 1 ],
          eAdj := [ 7, 8, 11, 12, 14, 16, 17, 18, 20, 22, 35, 36, 37, 38, 
              39, 40, 41, 42, 43, 44, 45, 46, 47, 48, 50, 70, 71, 74, 75, 
              84, 85 ] ), rec(
          DistVect := [ 0, 1, 1, 1, 1, 1, 1, 2, 1, 1, 1, 1, 1, 2, 1, 1, 2, 
              2, 2, 1, 2, 2, 2, 2, 2, 2, 0, 1, 1 ],
          eAdj := [ 7, 8, 9, 11, 12, 14, 15, 16, 17, 18, 20, 21, 22, 35, 36, 
              39, 41, 42, 43, 44, 45, 46, 47, 48, 50, 56, 57, 60, 74, 75, 85 
             ] ), rec(
          DistVect := [ 0, 5, 5, 5, 5, 5, 5, 8, 4, 4, 4, 4, 8, 7, 4, 4, 8, 
              8, 7, 4, 8, 8, 7, 8, 8, 7, 4, 3, 3 ],
          eAdj := [ 7, 11, 12, 14, 15, 17, 22, 23, 25, 27, 35, 36, 39, 46, 
              47, 50, 56, 57, 60, 62, 63, 66, 75, 86, 87, 94 ] ), rec(
          DistVect := [ 0, 2, 1, 1, 1, 2, 1, 2, 1, 1, 1, 1, 2, 1, 1, 1, 2, 
              2, 2, 1, 2, 2, 2, 2, 2, 2, 1, 0, 1 ],
          eAdj := [ 1, 5, 7, 11, 12, 14, 15, 17, 22, 23, 25, 27, 35, 36, 39, 
              41, 42, 43, 46, 47, 50, 56, 57, 60, 62, 63, 66, 75, 86, 94 ] ),
      rec(
          DistVect := [ 0, 7, 5, 5, 7, 5, 5, 8, 4, 4, 4, 4, 8, 5, 4, 4, 8, 
              8, 7, 4, 8, 8, 7, 8, 8, 5, 4, 3, 3 ],
          eAdj := [ 2, 5, 7, 11, 12, 14, 15, 22, 23, 25, 27, 35, 36, 39, 42, 
              46, 47, 50, 56, 57, 60, 62, 63, 75, 86, 94 ] ), rec(
          DistVect := [ 0, 4, 5, 5, 7, 5, 5, 8, 5, 5, 7, 5, 5, 8, 4, 4, 8, 
              8, 7, 4, 8, 8, 7, 8, 8, 5, 4, 3, 3 ],
          eAdj := [ 2, 15, 17, 21, 22, 23, 24, 25, 26, 27, 28, 52, 53, 55, 
              60, 62, 63, 66, 73, 76, 77, 79, 81, 90, 91, 102 ] ), rec(
          DistVect := [ 0, 1, 1, 1, 1, 2, 1, 2, 1, 1, 1, 2, 1, 2, 1, 1, 2, 
              2, 2, 1, 2, 2, 2, 2, 2, 2, 1, 0, 1 ],
          eAdj := [ 1, 15, 17, 21, 22, 23, 24, 25, 26, 27, 28, 52, 53, 55, 
              56, 57, 60, 62, 63, 66, 73, 76, 77, 79, 81, 83, 90, 91, 102 ] )
        , rec(
          DistVect := [ 0, 7, 4, 4, 7, 4, 5, 8, 5, 5, 4, 5, 8, 5, 4, 5, 8, 
              7, 8, 5, 8, 7, 8, 9, 8, 5, 3, 4, 3 ],
          eAdj := [ 2, 5, 8, 11, 14, 15, 18, 22, 23, 32, 34, 37, 38, 39, 41, 
              42, 43, 44, 45, 46, 47, 48, 61, 71, 74, 84 ] ), rec(
          DistVect := [ 0, 4, 5, 5, 4, 5, 8, 5, 5, 5, 4, 5, 8, 5, 4, 5, 8, 
              7, 8, 5, 8, 7, 8, 9, 8, 5, 3, 4, 3 ],
          eAdj := [ 2, 5, 6, 11, 14, 16, 20, 31, 32, 33, 34, 40, 44, 45, 49, 
              51, 58, 59, 61, 64, 65, 67, 68, 88, 89, 101 ] ), rec(
          DistVect := [ 0, 4, 4, 4, 7, 4, 5, 8, 4, 4, 7, 4, 5, 8, 4, 5, 8, 
              7, 8, 5, 8, 7, 8, 9, 8, 5, 3, 4, 3 ],
          eAdj := [ 2, 7, 8, 12, 15, 17, 18, 21, 22, 23, 24, 35, 36, 42, 46, 
              47, 50, 55, 56, 57, 60, 62, 63, 86, 87, 94 ] ), rec(
          DistVect := [ 0, 4, 4, 4, 4, 4, 8, 5, 4, 4, 4, 4, 8, 5, 4, 4, 8, 
              8, 7, 4, 8, 8, 7, 8, 8, 5, 4, 3, 3 ],
          eAdj := [ 2, 5, 6, 7, 8, 11, 12, 14, 16, 18, 20, 37, 38, 40, 41, 
              42, 43, 44, 45, 46, 47, 48, 61, 70, 71, 84 ] ), rec(
          DistVect := [ 0, 4, 4, 4, 4, 3, 8, 7, 4, 4, 4, 5, 8, 9, 4, 4, 7, 
              8, 7, 4, 7, 8, 7, 5, 8, 5, 7, 4, 3 ],
          eAdj := [ 1, 2, 8, 17, 18, 22, 23, 24, 25, 26, 27, 28, 35, 36, 39, 
              55, 56, 57, 60, 62, 63, 66, 86, 87, 91, 100 ] ), rec(
          DistVect := [ 0, 4, 4, 4, 4, 4, 7, 8, 4, 4, 4, 4, 9, 8, 4, 4, 8, 
              7, 8, 4, 8, 7, 8, 8, 5, 8, 7, 4, 3 ],
          eAdj := [ 1, 7, 8, 10, 11, 12, 16, 17, 18, 22, 25, 27, 35, 36, 39, 
              40, 41, 42, 43, 46, 47, 50, 71, 74, 75, 85 ] ), rec(
          DistVect := [ 0, 4, 4, 4, 3, 5, 9, 8, 4, 4, 5, 3, 7, 8, 4, 5, 7, 
              7, 8, 5, 7, 7, 8, 8, 8, 5, 4, 7, 3 ],
          eAdj := [ 2, 7, 9, 11, 12, 14, 16, 20, 31, 32, 33, 34, 37, 38, 39, 
              40, 41, 43, 44, 45, 61, 67, 70, 71, 88, 95 ] ), rec(
          DistVect := [ 0, 4, 4, 4, 5, 4, 7, 8, 4, 4, 5, 4, 7, 8, 4, 5, 8, 
              7, 8, 5, 8, 7, 8, 7, 8, 5, 5, 4, 3 ],
          eAdj := [ 2, 7, 8, 12, 17, 18, 22, 23, 24, 35, 36, 39, 42, 46, 47, 
              50, 55, 56, 57, 62, 63, 74, 75, 86, 87, 94 ] ), rec(
          DistVect := [ 0, 4, 4, 4, 3, 4, 9, 8, 4, 4, 5, 4, 7, 8, 4, 5, 8, 
              7, 8, 5, 8, 7, 8, 5, 8, 5, 7, 4, 3 ],
          eAdj := [ 1, 2, 7, 8, 12, 17, 18, 22, 23, 24, 26, 28, 35, 36, 39, 
              42, 50, 55, 56, 57, 62, 63, 74, 86, 87, 94 ] ), rec(
          DistVect := [ 0, 4, 4, 4, 5, 4, 7, 8, 4, 4, 5, 4, 7, 8, 4, 3, 8, 
              9, 8, 5, 8, 7, 8, 7, 8, 5, 5, 4, 3 ],
          eAdj := [ 2, 7, 8, 12, 17, 18, 22, 23, 24, 27, 28, 35, 36, 39, 42, 
              46, 50, 55, 56, 57, 60, 62, 63, 86, 87, 94 ] ), rec(
          DistVect := [ 0, 4, 4, 4, 4, 4, 8, 7, 4, 4, 4, 4, 8, 7, 4, 4, 8, 
              8, 7, 4, 8, 8, 7, 8, 8, 5, 4, 5, 3 ],
          eAdj := [ 2, 7, 8, 11, 12, 14, 16, 18, 20, 37, 38, 39, 40, 41, 42, 
              43, 44, 45, 46, 47, 48, 70, 71, 74, 75, 84 ] ), rec(
          DistVect := [ 0, 4, 4, 4, 4, 4, 8, 7, 4, 4, 4, 4, 8, 7, 4, 4, 8, 
              8, 9, 4, 8, 8, 7, 8, 8, 5, 4, 5, 3 ],
          eAdj := [ 2, 7, 8, 11, 12, 14, 16, 18, 20, 33, 34, 37, 38, 39, 40, 
              41, 42, 43, 44, 45, 46, 48, 61, 70, 71, 84 ] ), rec(
          DistVect := [ 0, 1, 1, 1, 1, 1, 2, 2, 1, 1, 1, 1, 2, 2, 1, 1, 2, 
              2, 3, 1, 2, 2, 2, 2, 2, 2, 1, 1, 1 ],
          eAdj := [ 7, 8, 11, 12, 14, 16, 17, 18, 19, 20, 22, 33, 34, 36, 
              37, 38, 39, 40, 41, 42, 43, 44, 45, 46, 48, 59, 61, 70, 71, 84 
             ] ), rec(
          DistVect := [ 0, 4, 4, 4, 4, 4, 8, 7, 4, 4, 4, 4, 8, 7, 4, 4, 8, 
              8, 9, 4, 8, 8, 9, 8, 8, 7, 4, 3, 3 ],
          eAdj := [ 7, 8, 11, 12, 14, 16, 17, 18, 20, 22, 37, 38, 39, 40, 
              41, 42, 43, 44, 45, 46, 47, 48, 61, 70, 71, 84 ] ), rec(
          DistVect := [ 0, 4, 4, 4, 4, 4, 7, 8, 4, 4, 4, 4, 9, 8, 4, 4, 8, 
              7, 8, 4, 8, 9, 8, 8, 7, 8, 5, 4, 3 ],
          eAdj := [ 7, 8, 11, 12, 14, 16, 17, 18, 22, 25, 35, 36, 37, 39, 
              40, 41, 42, 43, 45, 46, 47, 50, 71, 74, 75, 85 ] ), rec(
          DistVect := [ 0, 4, 4, 4, 4, 5, 8, 9, 4, 4, 4, 5, 8, 9, 4, 4, 7, 
              8, 7, 4, 7, 8, 7, 7, 8, 7, 7, 4, 3 ],
          eAdj := [ 1, 17, 22, 23, 24, 25, 26, 27, 28, 35, 36, 39, 52, 53, 
              55, 56, 57, 60, 62, 63, 66, 86, 87, 90, 91, 100 ] ), rec(
          DistVect := [ 0, 4, 4, 4, 4, 4, 8, 9, 4, 4, 4, 4, 8, 9, 4, 4, 8, 
              8, 7, 4, 8, 8, 7, 8, 8, 7, 4, 7, 3 ],
          eAdj := [ 7, 8, 9, 11, 12, 14, 16, 18, 20, 35, 36, 37, 38, 39, 40, 
              41, 42, 43, 44, 45, 48, 70, 71, 74, 75, 84 ] ), rec(
          DistVect := [ 0, 4, 4, 4, 4, 4, 5, 8, 4, 4, 4, 4, 7, 8, 4, 4, 8, 
              9, 8, 4, 8, 7, 8, 8, 7, 8, 3, 4, 3 ],
          eAdj := [ 7, 8, 11, 12, 14, 15, 16, 17, 18, 22, 27, 35, 36, 39, 
              41, 42, 43, 44, 46, 47, 50, 57, 60, 74, 75, 85 ] ), rec(
          DistVect := [ 0, 5, 3, 5, 5, 5, 5, 8, 4, 4, 4, 4, 8, 7, 4, 4, 8, 
              8, 9, 4, 8, 8, 7, 8, 8, 7, 4, 3, 3 ],
          eAdj := [ 7, 8, 11, 12, 14, 15, 17, 22, 23, 25, 27, 35, 36, 39, 
              41, 42, 46, 47, 50, 56, 57, 60, 62, 75, 86, 94 ] ), rec(
          DistVect := [ 0, 4, 5, 5, 5, 5, 5, 8, 5, 5, 5, 5, 5, 8, 4, 4, 8, 
              8, 7, 4, 8, 8, 7, 8, 8, 7, 4, 3, 3 ],
          eAdj := [ 15, 17, 21, 22, 23, 24, 25, 26, 27, 28, 52, 53, 55, 56, 
              57, 60, 62, 63, 66, 73, 76, 77, 90, 91, 100, 102 ] ), rec(
          DistVect := [ 0, 4, 4, 4, 4, 4, 5, 8, 4, 4, 4, 4, 5, 8, 4, 4, 8, 
              7, 8, 4, 8, 7, 8, 8, 7, 8, 3, 4, 3 ],
          eAdj := [ 7, 8, 11, 12, 15, 16, 17, 18, 21, 22, 35, 36, 39, 41, 
              42, 43, 46, 47, 50, 56, 57, 60, 74, 75, 85, 94 ] ), rec(
          DistVect := [ 0, 7, 5, 5, 5, 5, 5, 8, 4, 4, 4, 4, 8, 5, 4, 4, 8, 
              8, 7, 4, 8, 8, 7, 8, 8, 7, 4, 3, 3 ],
          eAdj := [ 5, 7, 11, 12, 14, 15, 22, 23, 25, 27, 35, 36, 39, 41, 
              42, 43, 46, 47, 50, 56, 57, 60, 75, 85, 86, 94 ] ) ] );
