return rec(
  DistVect := [ 0, 1, 1, 1, 1, 2, 1, 2, 1, 1, 1, 2, 1, 2, 1, 2, 1, 1, 1, 2, 
      2, 2, 2, 2, 1, 2, 1, 0, 1 ],
  ListIncidentIneq := 
   [ [ 0, 0, 0, 0, 0, 0, 0, 0, 0, 0, 0, 0, 0, 0, 0, 0, 0, 0, 0, 0, 0, 0, 0, 
          -1, 1, 0, 1, 0, 0 ], 
      [ 0, 0, 0, 0, 0, 0, 0, 0, 0, 0, 0, 0, 0, 0, 0, 0, 0, 0, 0, 0, 0, 0, 0, 
          0, 0, 0, -1, 1, 1 ], 
      [ 0, 0, 0, 0, 0, 0, 0, 0, 0, 0, 0, -1, 1, 0, 0, 0, 0, 0, 0, 0, 0, 0, 0, 
          0, 0, 0, 1, 0, 0 ], 
      [ 0, 0, 1, 0, 0, 0, 0, -1, 0, 0, 0, 0, 0, 0, 0, 0, 0, 0, 1, 0, 0, 0, 0, 
          0, 0, 0, 0, 0, 0 ], 
      [ 0, 0, 0, 0, 0, -1, 1, 0, 0, 0, 0, 0, 0, 0, 0, 0, 0, 0, 0, 0, 0, 0, 0, 
          0, 0, 0, 1, 0, 0 ], 
      [ 0, 0, 0, 0, 0, 0, 0, 0, 1, 0, 0, 0, 0, -1, 0, 0, 0, 0, 1, 0, 0, 0, 0, 
          0, 0, 0, 0, 0, 0 ], 
      [ 0, 0, 1, 0, 0, -1, 0, 0, 0, 0, 0, 0, 0, 0, 0, 0, 1, 0, 0, 0, 0, 0, 0, 
          0, 0, 0, 0, 0, 0 ], 
      [ 0, 0, 0, 0, 0, 0, 0, 0, 1, 0, 0, -1, 0, 0, 0, 0, 1, 0, 0, 0, 0, 0, 0, 
          0, 0, 0, 0, 0, 0 ], 
      [ 0, 0, 0, 0, 0, 0, 0, 0, 0, 0, 0, 0, 0, 0, 1, 0, 0, 0, 1, 0, 0, 0, -1, 
          0, 0, 0, 0, 0, 0 ], 
      [ 0, 0, 0, 0, 0, 0, 0, 0, 0, 1, 1, 0, 0, 0, 0, 0, 0, 0, 0, -1, 0, 0, 0, 
          0, 0, 0, 0, 0, 0 ], 
      [ 0, 0, 0, 0, 0, 0, 0, 0, 0, 0, 0, 0, 0, 0, 0, 0, 0, 0, 0, 0, 0, 0, 0, 
          -1, 0, 1, 0, 1, 0 ], 
      [ 0, 0, 0, 0, 0, 0, 0, 0, 0, 0, 0, 0, 0, 0, 0, -1, 0, 1, 0, 0, 0, 0, 0, 
          0, 1, 0, 0, 0, 0 ], 
      [ 0, 0, 0, 0, 0, 0, 0, 0, 0, 0, 0, 0, 0, 0, 1, 0, 0, 1, 0, 0, 0, -1, 0, 
          0, 0, 0, 0, 0, 0 ], 
      [ 0, 0, 0, 0, 0, 0, 0, 0, 1, 0, 1, 0, 0, 0, 0, -1, 0, 0, 0, 0, 0, 0, 0, 
          0, 0, 0, 0, 0, 0 ], 
      [ 0, 0, 0, 1, 1, 0, 0, 0, 0, 0, 0, 0, 0, 0, 0, 0, 0, 0, 0, -1, 0, 0, 0, 
          0, 0, 0, 0, 0, 0 ], 
      [ 0, 0, 0, 0, 0, 0, 0, 0, 0, 0, 0, 0, 0, 0, 0, 0, 0, 0, 0, 0, -1, 0, 1, 
          0, 0, 0, 0, 1, 0 ], 
      [ 0, 0, 0, 0, 0, 0, 0, 0, 0, 1, 0, 0, 1, 0, 0, 0, 0, 0, 0, 0, 0, -1, 0, 
          0, 0, 0, 0, 0, 0 ], 
      [ 0, 0, 0, 0, 0, 0, 0, 0, 0, 0, 0, 0, 0, 0, 0, 0, 0, 0, 0, 0, 1, 0, -1, 
          0, 0, 0, 0, 1, 0 ], 
      [ 0, 0, 0, 0, 0, 0, 0, 0, 0, 0, 0, 0, 0, 0, 1, 0, 1, 0, 0, 0, -1, 0, 0, 
          0, 0, 0, 0, 0, 0 ], 
      [ 0, 0, 1, 0, 1, 0, 0, 0, 0, 0, 0, 0, 0, 0, 0, -1, 0, 0, 0, 0, 0, 0, 0, 
          0, 0, 0, 0, 0, 0 ], 
      [ 0, 0, 0, 0, 0, 0, 0, 0, 0, 0, 0, 0, 0, 0, 0, 0, 0, 0, 0, 0, 0, 0, 0, 
          0, 1, -1, 0, 0, 1 ], 
      [ 0, 0, 0, 0, 0, 0, 0, 0, 0, 0, 0, 0, 0, 0, 0, 0, 0, 0, 0, 0, 0, 0, 0, 
          0, 0, 0, 1, 1, -1 ], 
      [ 0, 0, 0, 0, 0, 0, 0, 0, 0, 0, 0, 0, 0, 0, 0, 0, -1, 0, 1, 0, 0, 0, 0, 
          0, 0, 0, 0, 1, 0 ], 
      [ 0, 0, 0, 1, 0, 0, 1, 0, 0, 0, 0, 0, 0, 0, 0, 0, 0, 0, 0, 0, 0, -1, 0, 
          0, 0, 0, 0, 0, 0 ], 
      [ 0, 0, 0, 0, 0, 0, 0, 0, 0, 0, 0, 0, 0, 0, 0, 0, 1, 0, -1, 0, 0, 0, 0, 
          0, 0, 0, 0, 1, 0 ], 
      [ 0, 0, 0, 0, 0, 0, 0, 0, 0, 0, 0, 0, 0, 0, 0, 0, 0, 0, 0, 0, 0, 0, 0, 
          1, 0, -1, 0, 1, 0 ], 
      [ 0, 0, 0, 0, 0, -1, 0, 1, 0, 0, 0, 0, 0, 0, 0, 0, 0, 0, 0, 0, 0, 0, 0, 
          0, 0, 0, 0, 1, 0 ], 
      [ 0, 0, 0, 0, 0, 0, 1, -1, 0, 0, 0, 0, 0, 0, 0, 0, 0, 0, 0, 0, 0, 0, 0, 
          0, 0, 0, 0, 0, 1 ], 
      [ 0, 0, 0, 0, 0, 0, 0, 0, 0, 0, 0, -1, 0, 1, 0, 0, 0, 0, 0, 0, 0, 0, 0, 
          0, 0, 0, 0, 1, 0 ], 
      [ 0, 0, 0, 0, 0, 0, 0, 0, 0, 0, 0, 1, 0, -1, 0, 0, 0, 0, 0, 0, 0, 0, 0, 
          0, 0, 0, 0, 1, 0 ], 
      [ 0, 0, 0, 0, 0, 0, 0, 0, 0, 0, 0, 0, 1, -1, 0, 0, 0, 0, 0, 0, 0, 0, 0, 
          0, 0, 0, 0, 0, 1 ], 
      [ 0, 0, 0, 0, 0, 1, 0, -1, 0, 0, 0, 0, 0, 0, 0, 0, 0, 0, 0, 0, 0, 0, 0, 
          0, 0, 0, 0, 1, 0 ], 
      [ 0, 0, 0, 0, 0, 0, 0, 0, 0, 0, 0, 0, 0, 0, 0, -1, -1, 1, 1, 0, 0, 0, 
          0, -1, 1, 1, 1, 1, -1 ], 
      [ 0, 0, 0, 1, 0, 1, 1, -1, 0, 0, 0, 0, 0, 0, 0, 0, 0, 0, 0, 0, -1, -1, 
          1, 0, 0, 0, -1, 1, 1 ], 
      [ 0, 0, 0, 0, 0, 0, 0, 0, 0, 1, 0, 1, 1, -1, 0, 0, 0, 0, 0, 0, -1, -1, 
          1, 0, 0, 0, -1, 1, 1 ], 
      [ 0, -1, 1, 0, 1, 0, 0, -1, 1, 0, 1, 0, 0, -1, 0, -1, 0, 0, 1, 0, 0, 0, 
          0, 0, 0, 1, 0, 0, 0 ], 
      [ 0, -1, 1, 0, 1, -1, 0, 0, 1, 0, 1, -1, 0, 0, 0, -1, 1, 0, 0, 0, 0, 0, 
          0, 1, 0, 0, 0, 0, 0 ], 
      [ 0, 0, 0, 1, 1, 1, 0, -1, 0, 0, 0, 0, 0, 0, 0, 0, 0, 0, 0, -1, -1, 0, 
          1, -1, 0, 1, 0, 1, 0 ], 
      [ 0, 0, 0, 0, 0, 0, 0, 0, 0, 1, 1, 1, 0, -1, 0, 0, 0, 0, 0, -1, -1, 0, 
          1, -1, 0, 1, 0, 1, 0 ], 
      [ 0, 0, 1, 0, 1, 1, 0, -1, 0, 0, 0, 0, 0, 0, 0, -1, -1, 0, 1, 0, 0, 0, 
          0, -1, 0, 1, 0, 1, 0 ], 
      [ 0, 0, 0, 0, 0, 0, 0, 0, 0, 1, 1, -1, 0, 1, 0, 0, 0, 0, 0, -1, 1, 0, 
          -1, 1, 0, -1, 0, 1, 0 ], 
      [ 0, 0, 0, 0, 0, 0, 0, 0, 0, 0, 0, 0, 0, 0, 0, -1, 1, 1, -1, 0, 0, 0, 
          0, 1, 1, -1, -1, 1, 1 ], 
      [ 0, 0, 0, 1, 0, -1, 1, 1, 0, 0, 0, 0, 0, 0, 0, 0, 0, 0, 0, 0, 1, -1, 
          -1, 0, 0, 0, 1, 1, -1 ], 
      [ 0, 0, 0, 0, 0, 0, 0, 0, 0, 0, 0, 0, 0, 0, 1, 0, 1, 1, -1, 0, -1, -1, 
          1, 0, 0, 0, -1, 1, 1 ], 
      [ 0, 0, 0, 0, 0, 0, 0, 0, 1, 0, 1, 1, 0, -1, 0, -1, -1, 0, 1, 0, 0, 0, 
          0, -1, 0, 1, 0, 1, 0 ], 
      [ 0, 0, 0, 1, 1, -1, 0, 1, 0, 0, 0, 0, 0, 0, 0, 0, 0, 0, 0, -1, 1, 0, 
          -1, 1, 0, -1, 0, 1, 0 ], 
      [ 0, 0, 0, 0, 0, 0, 0, 0, 0, 1, 0, -1, 1, 1, 0, 0, 0, 0, 0, 0, 1, -1, 
          -1, 0, 0, 0, 1, 1, -1 ], 
      [ 0, -1, 0, 1, 1, 0, 1, 0, 0, 1, 1, 0, 1, 0, 0, 0, 0, 0, 0, -1, 0, -1, 
          0, 0, -1, 0, 0, 0, 0 ], 
      [ 0, -1, 1, 0, 0, 0, 1, -1, 1, 0, 0, 0, 1, -1, 0, 0, 0, -1, 1, 0, 0, 0, 
          0, 0, 0, 0, 0, 0, 1 ], 
      [ 0, 0, 0, 0, 0, 0, 0, 0, 0, 0, 0, 0, 0, 0, 1, 0, -1, 1, 1, 0, 1, -1, 
          -1, 0, 0, 0, 1, 1, -1 ], 
      [ 0, -1, 0, 1, 0, 0, 1, -1, 0, 1, 0, 0, 1, -1, 0, 0, 0, 0, 0, 0, 0, -1, 
          1, 0, 0, 0, 0, 0, 1 ], 
      [ 0, -1, 1, 0, 0, -1, 1, 0, 1, 0, 0, -1, 1, 0, 0, 0, 1, -1, 0, 0, 0, 0, 
          0, 0, 0, 0, 1, 0, 0 ], 
      [ 0, -1, 0, 1, 0, -1, 1, 0, 0, 1, 0, -1, 1, 0, 0, 0, 0, 0, 0, 0, 1, -1, 
          0, 0, 0, 0, 1, 0, 0 ], 
      [ 0, 0, 0, 0, 0, 0, 0, 0, 1, 0, 1, -1, 0, 1, 0, -1, 1, 0, -1, 0, 0, 0, 
          0, 1, 0, -1, 0, 1, 0 ], 
      [ 0, 0, 1, 0, 1, -1, 0, 1, 0, 0, 0, 0, 0, 0, 0, -1, 1, 0, -1, 0, 0, 0, 
          0, 1, 0, -1, 0, 1, 0 ], 
      [ 0, -1, 1, 1, 1, 0, 0, 0, 1, 1, 1, 0, 0, 0, -1, -1, 0, 0, 0, -1, 0, 0, 
          0, 0, 0, 0, 0, 0, 0 ], 
      [ 0, -1, 1, 0, 1, 1, 0, -2, 1, 0, 1, 1, 0, -2, 0, -1, -1, 0, 2, 0, 0, 
          0, 0, -1, 0, 2, 0, 2, 0 ], 
      [ 0, -1, 1, 0, 1, -2, 0, 1, 1, 0, 1, -2, 0, 1, 0, -1, 2, 0, -1, 0, 0, 
          0, 0, 2, 0, -1, 0, 2, 0 ], 
      [ 0, -1, 1, 0, 0, 1, 1, -2, 1, 0, 0, 1, 1, -2, 0, 0, -1, -1, 2, 0, 0, 
          0, 0, 0, 0, 0, -1, 2, 2 ], 
      [ 0, -1, 1, 0, 0, -2, 1, 1, 1, 0, 0, -2, 1, 1, 0, 0, 2, -1, -1, 0, 0, 
          0, 0, 0, 0, 0, 2, 2, -1 ], 
      [ 0, -1, 0, 1, 0, 1, 1, -2, 0, 1, 0, 1, 1, -2, 0, 0, 0, 0, 0, 0, -1, 
          -1, 2, 0, 0, 0, -1, 2, 2 ], 
      [ 0, -1, 0, 1, 0, -2, 1, 1, 0, 1, 0, -2, 1, 1, 0, 0, 0, 0, 0, 0, 2, -1, 
          -1, 0, 0, 0, 2, 2, -1 ], 
      [ 0, -1, 0, 1, 1, 1, 1, -1, 0, 1, 1, 1, 1, -1, 0, 0, 0, 0, 0, -1, -1, 
          -1, 1, -1, -1, 1, -1, 1, 1 ], 
      [ 0, -1, 0, 1, 1, -1, 1, 1, 0, 1, 1, -1, 1, 1, 0, 0, 0, 0, 0, -1, 1, 
          -1, -1, 1, -1, -1, 1, 1, -1 ], 
      [ 0, -1, 1, 1, 1, -1, 1, 0, 1, 1, 1, -1, 1, 0, -1, -1, 1, -1, 0, -1, 1, 
          -1, 0, 1, -1, 0, 1, 0, 0 ], 
      [ 0, -1, 1, 1, 1, 1, 0, -1, 1, 1, 1, 1, 0, -1, -1, -1, -1, 0, 1, -1, 
          -1, 0, 1, -1, 0, 1, 0, 1, 0 ], 
      [ 0, -1, 1, 1, 1, 0, 1, -1, 1, 1, 1, 0, 1, -1, -1, -1, 0, -1, 1, -1, 0, 
          -1, 1, 0, -1, 1, 0, 0, 1 ], 
      [ 0, -1, 1, 1, 1, -1, 0, 1, 1, 1, 1, -1, 0, 1, -1, -1, 1, 0, -1, -1, 1, 
          0, -1, 1, 0, -1, 0, 1, 0 ], 
      [ 0, -1, 0, 1, 1, 2, 1, -2, 0, 1, 1, 2, 1, -2, 0, 0, 0, 0, 0, -1, -2, 
          -1, 2, -2, -1, 2, -2, 4, 2 ], 
      [ 0, -1, 1, 1, 1, -2, 0, 2, 1, 1, 1, -2, 0, 2, -1, -1, 2, 0, -2, -1, 2, 
          0, -2, 2, 0, -2, 0, 4, 0 ], 
      [ 0, -1, 0, 1, 1, -2, 1, 2, 0, 1, 1, -2, 1, 2, 0, 0, 0, 0, 0, -1, 2, 
          -1, -2, 2, -1, -2, 2, 4, -2 ], 
      [ 0, -1, 1, 1, 1, 2, 0, -2, 1, 1, 1, 2, 0, -2, -1, -1, -2, 0, 2, -1, 
          -2, 0, 2, -2, 0, 2, 0, 4, 0 ], 
      [ 0, -1, 1, 1, 1, 1, 1, -2, 1, 1, 1, 1, 1, -2, -1, -1, -1, -1, 2, -1, 
          -1, -1, 2, -1, -1, 2, -1, 2, 2 ], 
      [ 0, -1, 1, 1, 1, -2, 1, 1, 1, 1, 1, -2, 1, 1, -1, -1, 2, -1, -1, -1, 
          2, -1, -1, 2, -1, -1, 2, 2, -1 ], 
      [ 0, -1, 1, 1, 1, 2, 1, -3, 1, 1, 1, 2, 1, -3, -1, -1, -2, -1, 3, -1, 
          -2, -1, 3, -2, -1, 3, -2, 6, 3 ], 
      [ 0, -1, 1, 1, 1, -3, 1, 2, 1, 1, 1, -3, 1, 2, -1, -1, 3, -1, -2, -1, 
          3, -1, -2, 3, -1, -2, 3, 6, -2 ] ],
  ListIncidentSymbol := 
   [ [ 0, 0, 0, 0, 1, 1, -1, 0 ], [ 0, 0, 0, 0, 0, 1, 1, -1 ], 
      [ 0, 1, 0, 0, 0, 1, -1, 0 ], [ 1, 0, -1, 0, 0, 0, 0, 1 ], 
      [ 1, 0, 0, 0, 0, 1, -1, 0 ], [ 0, 1, -1, 0, 0, 0, 0, 1 ], 
      [ 1, 0, -1, 0, 0, 1, 0, 0 ], [ 0, 1, -1, 0, 0, 1, 0, 0 ], 
      [ 0, 0, -1, 1, 0, 0, 0, 1 ], [ 0, -1, 0, 1, 1, 0, 0, 0 ], 
      [ 0, 0, 0, 0, 1, 1, 0, -1 ], [ 0, 0, 1, 0, 1, 0, -1, 0 ], 
      [ 0, 0, -1, 1, 0, 0, 1, 0 ], [ 0, -1, 1, 0, 1, 0, 0, 0 ], 
      [ -1, 0, 0, 1, 1, 0, 0, 0 ], [ 0, 0, 0, 1, 0, 1, 0, -1 ], 
      [ 0, -1, 0, 1, 0, 0, 1, 0 ], [ 0, 0, 0, 1, 0, -1, 0, 1 ], 
      [ 0, 0, -1, 1, 0, 1, 0, 0 ], [ -1, 0, 1, 0, 1, 0, 0, 0 ], 
      [ 0, 0, 0, 0, 1, 0, -1, 1 ], [ 0, 0, 0, 0, 0, -1, 1, 1 ], 
      [ 0, 0, 1, 0, 0, 1, 0, -1 ], [ -1, 0, 0, 1, 0, 0, 1, 0 ], 
      [ 0, 0, 1, 0, 0, -1, 0, 1 ], [ 0, 0, 0, 0, 1, -1, 0, 1 ], 
      [ 1, 0, 0, 0, 0, 1, 0, -1 ], [ 1, 0, 0, 0, 0, 0, -1, 1 ], 
      [ 0, 1, 0, 0, 0, 1, 0, -1 ], [ 0, 1, 0, 0, 0, -1, 0, 1 ], 
      [ 0, 1, 0, 0, 0, 0, -1, 1 ], [ 1, 0, 0, 0, 0, -1, 0, 1 ], 
      [ 0, 0, 1, 0, 1, 1, -1, -1 ], [ -1, 0, 0, 1, 0, 1, 1, -1 ], 
      [ 0, -1, 0, 1, 0, 1, 1, -1 ], [ 1, 1, -1, 0, -1, 0, 0, 1 ], 
      [ 1, 1, -1, 0, -1, 1, 0, 0 ], [ -1, 0, 0, 1, 1, 1, 0, -1 ], 
      [ 0, -1, 0, 1, 1, 1, 0, -1 ], [ -1, 0, 1, 0, 1, 1, 0, -1 ], 
      [ 0, -1, 0, 1, 1, -1, 0, 1 ], [ 0, 0, 1, 0, 1, -1, -1, 1 ], 
      [ -1, 0, 0, 1, 0, -1, 1, 1 ], [ 0, 0, -1, 1, 0, 1, 1, -1 ], 
      [ 0, -1, 1, 0, 1, 1, 0, -1 ], [ -1, 0, 0, 1, 1, -1, 0, 1 ], 
      [ 0, -1, 0, 1, 0, -1, 1, 1 ], [ -1, -1, 0, 1, 1, 0, 1, 0 ], 
      [ 1, 1, -1, 0, 0, 0, -1, 1 ], [ 0, 0, -1, 1, 0, -1, 1, 1 ], 
      [ 1, 1, 0, -1, 0, 0, -1, 1 ], [ 1, 1, -1, 0, 0, 1, -1, 0 ], 
      [ 1, 1, 0, -1, 0, 1, -1, 0 ], [ 0, -1, 1, 0, 1, -1, 0, 1 ], 
      [ -1, 0, 1, 0, 1, -1, 0, 1 ], [ -1, -1, 1, 1, 1, 0, 0, 0 ], 
      [ 1, 1, -1, 0, -1, -1, 0, 2 ], [ 1, 1, -1, 0, -1, 2, 0, -1 ], 
      [ 1, 1, -1, 0, 0, -1, -1, 2 ], [ 1, 1, -1, 0, 0, 2, -1, -1 ], 
      [ 1, 1, 0, -1, 0, -1, -1, 2 ], [ 1, 1, 0, -1, 0, 2, -1, -1 ], 
      [ -1, -1, 0, 1, 1, 1, 1, -1 ], [ -1, -1, 0, 1, 1, -1, 1, 1 ], 
      [ -1, -1, 1, 1, 1, -1, 1, 0 ], [ -1, -1, 1, 1, 1, 1, 0, -1 ], 
      [ -1, -1, 1, 1, 1, 0, 1, -1 ], [ -1, -1, 1, 1, 1, -1, 0, 1 ], 
      [ -1, -1, 0, 1, 1, 2, 1, -2 ], [ -1, -1, 1, 1, 1, -2, 0, 2 ], 
      [ -1, -1, 0, 1, 1, -2, 1, 2 ], [ -1, -1, 1, 1, 1, 2, 0, -2 ], 
      [ -1, -1, 1, 1, 1, 1, 1, -2 ], [ -1, -1, 1, 1, 1, -2, 1, 1 ], 
      [ -1, -1, 1, 1, 1, 2, 1, -3 ], [ -1, -1, 1, 1, 1, -3, 1, 2 ] ],
  ListAdjacent := [ rec(
          DistVect := [ 0, 1, 1, 0, 1, 1, 1, 1, 0, 1, 0, 0, 0, 0, 1, 0, 0, 0, 
              0, 1, 1, 1, 1, 0, 0, 0, 0, 0, 0 ],
          eAdj := [ 1, 2, 3, 4, 5, 6, 7, 8, 9, 10, 11, 12, 13, 14, 15, 16, 
              17, 18, 19, 21, 22, 23, 24, 25, 26, 27, 28, 29, 30, 31, 32, 33, 
              34, 35, 36, 37, 38, 39, 41, 42, 43, 44, 45, 46, 47, 48, 49, 50, 
              51, 52, 53, 54, 56, 57, 58, 59, 60, 61, 62, 63, 64, 65, 66, 67, 
              68, 69, 70, 71, 72, 73, 74, 75, 76 ] ), rec(
          DistVect := [ 0, 1, 0, 1, 1, 0, 0, 0, 1, 0, 0, 1, 1, 1, 1, 1, 0, 0, 
              0, 0, 1, 1, 1, 1, 1, 1, 0, 0, 0 ],
          eAdj := [ 1, 2, 3, 4, 5, 6, 7, 8, 9, 10, 11, 12, 13, 14, 16, 17, 
              18, 19, 20, 21, 22, 23, 24, 25, 26, 27, 28, 29, 30, 31, 32, 33, 
              34, 35, 36, 37, 39, 40, 41, 42, 43, 44, 45, 47, 48, 49, 50, 51, 
              52, 53, 54, 55, 56, 57, 58, 59, 60, 61, 62, 63, 64, 65, 66, 67, 
              68, 69, 70, 71, 72, 73, 74, 75, 76 ] ), rec(
          DistVect := [ 0, 1, 1, 1, 0, 1, 0, 1, 0, 0, 1, 0, 1, 0, 0, 1, 0, 1, 
              0, 1, 0, 1, 0, 1, 0, 1, 1, 0, 1 ],
          eAdj := [ 1, 2, 4, 5, 6, 7, 8, 9, 10, 11, 12, 13, 14, 15, 16, 17, 
              18, 19, 20, 21, 22, 23, 24, 25, 26, 27, 28, 29, 30, 32, 33, 34, 
              35, 36, 37, 38, 39, 40, 41, 42, 43, 44, 45, 46, 47, 48, 49, 50, 
              51, 52, 53, 54, 55, 56, 57, 58, 59, 60, 61, 62, 63, 64, 65, 66, 
              67, 68, 69, 70, 71, 72, 73, 74, 75, 76 ] ), rec(
          DistVect := [ 0, 0, 1, 0, 0, 1, 0, 1, 1, 0, 0, 1, 0, 1, 1, 1, 0, 1, 
              0, 0, 1, 0, 1, 1, 0, 1, 1, 0, 1 ],
          eAdj := [ 1, 2, 3, 4, 5, 6, 7, 8, 9, 10, 11, 12, 14, 15, 16, 17, 
              18, 19, 20, 21, 22, 23, 24, 25, 26, 27, 28, 29, 30, 31, 32, 33, 
              34, 35, 36, 37, 38, 39, 40, 41, 42, 43, 45, 46, 47, 48, 49, 51, 
              52, 53, 54, 55, 56, 57, 58, 59, 60, 61, 62, 63, 64, 65, 66, 67, 
              68, 69, 70, 71, 72, 73, 74, 75, 76 ] ), rec(
          DistVect := [ 0, 0, 0, 0, 1, 1, 0, 1, 0, 0, 1, 1, 0, 1, 0, 1, 1, 0, 
              1, 1, 1, 0, 1, 0, 1, 0, 1, 0, 1 ],
          eAdj := [ 2, 3, 4, 5, 6, 7, 8, 9, 10, 11, 12, 13, 14, 15, 16, 17, 
              18, 19, 20, 22, 23, 24, 25, 26, 27, 28, 29, 30, 31, 32, 33, 34, 
              35, 36, 37, 38, 39, 40, 41, 42, 43, 44, 45, 46, 47, 48, 49, 50, 
              51, 52, 53, 54, 55, 56, 57, 58, 59, 60, 61, 62, 63, 64, 65, 66, 
              67, 68, 69, 70, 71, 72, 73, 74, 75, 76 ] ), rec(
          DistVect := [ 0, 7, 3, 5, 4, 5, 5, 8, 4, 4, 7, 8, 4, 5, 4, 7, 4, 4, 
              5, 9, 8, 8, 7, 5, 5, 8, 4, 3, 3 ],
          eAdj := [ 3, 4, 8, 13, 15, 17, 19, 20, 21, 26, 28, 29, 32, 34, 37, 
              41, 42, 44, 48, 49, 51, 52, 54, 56, 65, 68 ] ), rec(
          DistVect := [ 0, 4, 4, 4, 5, 8, 4, 7, 4, 4, 5, 8, 4, 7, 4, 5, 4, 4, 
              7, 7, 8, 8, 9, 5, 5, 8, 4, 3, 3 ],
          eAdj := [ 3, 5, 7, 8, 13, 17, 19, 21, 24, 25, 26, 28, 31, 41, 42, 
              44, 46, 52, 53, 54, 55, 58, 64, 68, 70, 74 ] ), rec(
          DistVect := [ 0, 4, 4, 4, 7, 8, 4, 5, 4, 4, 7, 8, 4, 5, 4, 7, 4, 4, 
              5, 9, 8, 8, 7, 5, 5, 8, 4, 3, 3 ],
          eAdj := [ 3, 5, 7, 8, 13, 17, 19, 21, 24, 26, 27, 29, 41, 42, 44, 
              46, 52, 53, 54, 55, 58, 60, 64, 68, 70, 74 ] ), rec(
          DistVect := [ 0, 5, 3, 3, 4, 5, 5, 8, 4, 4, 5, 8, 4, 7, 4, 7, 4, 4, 
              5, 7, 8, 8, 9, 5, 5, 8, 4, 3, 3 ],
          eAdj := [ 3, 4, 8, 9, 13, 15, 17, 19, 20, 21, 24, 26, 28, 31, 32, 
              34, 37, 41, 42, 48, 49, 51, 54, 56, 65, 68 ] ), rec(
          DistVect := [ 0, 4, 4, 4, 5, 8, 4, 7, 4, 4, 5, 8, 4, 7, 4, 7, 4, 4, 
              5, 7, 8, 8, 9, 5, 5, 8, 4, 3, 3 ],
          eAdj := [ 3, 5, 7, 8, 9, 13, 17, 19, 21, 24, 26, 28, 31, 37, 41, 
              42, 46, 52, 53, 54, 55, 58, 64, 65, 68, 74 ] ), rec(
          DistVect := [ 0, 4, 4, 4, 7, 8, 4, 5, 4, 4, 5, 8, 4, 7, 4, 7, 4, 4, 
              5, 7, 8, 8, 9, 5, 5, 8, 4, 3, 3 ],
          eAdj := [ 3, 5, 7, 8, 9, 13, 17, 19, 21, 24, 26, 27, 31, 41, 42, 
              43, 46, 52, 53, 54, 55, 58, 64, 68, 70, 74 ] ), rec(
          DistVect := [ 0, 4, 3, 5, 4, 5, 5, 8, 3, 5, 4, 5, 5, 8, 4, 7, 4, 4, 
              5, 9, 8, 8, 7, 5, 5, 8, 4, 3, 3 ],
          eAdj := [ 4, 6, 10, 13, 14, 15, 19, 20, 21, 26, 28, 30, 31, 32, 34, 
              35, 36, 42, 44, 49, 56, 59, 61, 63, 66, 67 ] ), rec(
          DistVect := [ 0, 5, 3, 5, 4, 5, 5, 8, 4, 4, 5, 8, 4, 7, 4, 7, 4, 4, 
              5, 9, 8, 8, 7, 5, 5, 8, 4, 3, 3 ],
          eAdj := [ 3, 4, 8, 10, 13, 15, 17, 19, 20, 21, 26, 28, 31, 32, 34, 
              37, 41, 42, 44, 48, 49, 51, 54, 56, 65, 67 ] ), rec(
          DistVect := [ 0, 4, 3, 4, 4, 7, 4, 8, 5, 4, 4, 9, 4, 8, 5, 5, 4, 5, 
              7, 8, 9, 8, 8, 5, 4, 8, 5, 3, 4 ],
          eAdj := [ 3, 7, 8, 10, 15, 17, 19, 21, 24, 25, 26, 28, 31, 34, 37, 
              41, 42, 44, 48, 51, 52, 54, 55, 58, 65, 68 ] ), rec(
          DistVect := [ 0, 4, 3, 4, 4, 7, 4, 8, 3, 4, 4, 7, 4, 8, 5, 5, 4, 3, 
              7, 8, 9, 8, 8, 5, 4, 8, 3, 3, 4 ],
          eAdj := [ 3, 5, 7, 8, 10, 13, 15, 17, 19, 21, 24, 25, 26, 28, 31, 
              37, 42, 44, 48, 51, 52, 54, 55, 56, 65, 68 ] ), rec(
          DistVect := [ 0, 4, 4, 4, 5, 8, 4, 7, 4, 4, 3, 8, 4, 9, 4, 5, 4, 4, 
              7, 7, 8, 8, 9, 5, 3, 8, 4, 3, 5 ],
          eAdj := [ 3, 5, 7, 8, 10, 13, 17, 19, 21, 24, 25, 26, 31, 37, 41, 
              42, 43, 46, 52, 53, 54, 55, 58, 64, 68, 74 ] ), rec(
          DistVect := [ 0, 4, 4, 4, 7, 8, 4, 5, 4, 4, 5, 8, 4, 7, 4, 7, 4, 4, 
              5, 9, 8, 8, 7, 5, 5, 8, 4, 3, 3 ],
          eAdj := [ 3, 5, 7, 8, 10, 13, 17, 19, 21, 24, 26, 27, 31, 41, 42, 
              44, 46, 52, 53, 54, 55, 58, 64, 65, 68, 74 ] ), rec(
          DistVect := [ 0, 4, 5, 7, 5, 5, 3, 8, 5, 7, 5, 5, 3, 8, 4, 8, 4, 4, 
              3, 8, 8, 8, 5, 8, 4, 7, 4, 3, 5 ],
          eAdj := [ 1, 4, 6, 12, 13, 16, 19, 28, 30, 31, 32, 33, 34, 35, 38, 
              39, 40, 45, 49, 57, 59, 61, 63, 69, 72, 73 ] ), rec(
          DistVect := [ 0, 4, 5, 7, 5, 5, 5, 8, 5, 7, 5, 5, 5, 8, 4, 8, 4, 4, 
              3, 8, 8, 8, 5, 8, 4, 7, 4, 3, 3 ],
          eAdj := [ 1, 4, 6, 12, 13, 16, 19, 21, 28, 30, 31, 32, 34, 35, 38, 
              39, 40, 44, 45, 57, 59, 61, 69, 72, 73, 75 ] ), rec(
          DistVect := [ 0, 4, 4, 7, 4, 5, 4, 8, 4, 7, 4, 5, 4, 8, 5, 8, 3, 4, 
              4, 9, 8, 9, 5, 7, 4, 8, 3, 3, 4 ],
          eAdj := [ 1, 4, 6, 12, 13, 14, 16, 19, 20, 21, 28, 30, 31, 32, 34, 
              35, 36, 38, 39, 44, 49, 61, 63, 66, 67, 73 ] ), rec(
          DistVect := [ 0, 5, 4, 4, 4, 8, 4, 7, 3, 5, 5, 5, 5, 8, 4, 8, 4, 4, 
              5, 8, 8, 8, 7, 8, 4, 7, 4, 3, 3 ],
          eAdj := [ 1, 5, 6, 7, 12, 13, 14, 15, 19, 20, 21, 24, 28, 30, 31, 
              35, 36, 39, 44, 45, 49, 51, 56, 63, 66, 67 ] ), rec(
          DistVect := [ 0, 7, 4, 4, 4, 8, 4, 5, 5, 7, 5, 5, 3, 8, 4, 8, 4, 4, 
              3, 8, 8, 8, 5, 8, 4, 7, 4, 3, 5 ],
          eAdj := [ 1, 5, 6, 7, 12, 13, 15, 16, 19, 20, 24, 27, 30, 31, 33, 
              35, 36, 39, 45, 48, 49, 51, 52, 63, 66, 67 ] ), rec(
          DistVect := [ 0, 7, 4, 4, 4, 8, 4, 5, 5, 7, 5, 5, 5, 8, 4, 8, 4, 4, 
              3, 8, 8, 8, 5, 8, 4, 7, 4, 3, 3 ],
          eAdj := [ 1, 5, 6, 7, 12, 13, 15, 16, 19, 20, 21, 24, 27, 30, 31, 
              35, 36, 39, 44, 45, 49, 51, 63, 66, 67, 73 ] ), rec(
          DistVect := [ 0, 7, 5, 4, 5, 8, 5, 5, 4, 7, 4, 5, 4, 8, 5, 8, 3, 4, 
              4, 9, 8, 9, 5, 7, 4, 8, 3, 3, 4 ],
          eAdj := [ 1, 5, 6, 7, 12, 13, 14, 15, 16, 19, 21, 24, 27, 30, 31, 
              35, 37, 39, 44, 48, 51, 52, 55, 56, 65, 67 ] ), rec(
          DistVect := [ 0, 5, 4, 4, 4, 8, 4, 7, 5, 7, 3, 5, 3, 8, 4, 8, 4, 4, 
              3, 8, 8, 8, 5, 8, 4, 9, 4, 3, 5 ],
          eAdj := [ 1, 4, 5, 6, 7, 12, 13, 14, 15, 16, 19, 20, 21, 24, 30, 
              31, 35, 36, 39, 45, 48, 49, 51, 63, 66, 67 ] ), rec(
          DistVect := [ 0, 4, 4, 5, 4, 7, 3, 8, 4, 5, 4, 7, 3, 8, 5, 8, 3, 3, 
              4, 7, 8, 8, 5, 9, 5, 8, 4, 3, 7 ],
          eAdj := [ 1, 3, 4, 5, 6, 7, 8, 12, 13, 14, 16, 17, 19, 20, 22, 24, 
              33, 36, 38, 39, 48, 51, 52, 63, 66, 67 ] ), rec(
          DistVect := [ 0, 4, 5, 5, 5, 5, 5, 8, 5, 5, 5, 5, 5, 8, 4, 8, 4, 4, 
              3, 8, 8, 8, 7, 8, 4, 7, 4, 3, 3 ],
          eAdj := [ 1, 4, 6, 9, 12, 13, 19, 21, 28, 30, 31, 32, 34, 35, 38, 
              39, 40, 45, 57, 59, 61, 63, 66, 69, 72, 73 ] ), rec(
          DistVect := [ 0, 7, 4, 4, 4, 8, 4, 5, 5, 5, 5, 5, 5, 8, 4, 8, 4, 4, 
              3, 8, 8, 8, 7, 8, 4, 7, 4, 3, 3 ],
          eAdj := [ 1, 5, 6, 7, 9, 12, 13, 15, 19, 20, 21, 24, 27, 30, 31, 
              35, 36, 39, 45, 48, 49, 51, 56, 63, 66, 67 ] ), rec(
          DistVect := [ 0, 5, 4, 4, 4, 8, 4, 7, 5, 5, 5, 5, 5, 8, 4, 8, 4, 4, 
              3, 8, 8, 8, 7, 8, 4, 7, 4, 3, 3 ],
          eAdj := [ 1, 4, 5, 6, 7, 9, 12, 13, 15, 19, 20, 21, 24, 28, 30, 31, 
              35, 36, 39, 45, 49, 51, 63, 66, 67, 73 ] ), rec(
          DistVect := [ 0, 5, 3, 5, 4, 5, 3, 8, 4, 4, 5, 8, 4, 7, 4, 7, 4, 4, 
              5, 9, 8, 8, 7, 5, 3, 8, 4, 3, 5 ],
          eAdj := [ 3, 4, 8, 10, 12, 13, 15, 17, 19, 20, 21, 24, 26, 28, 32, 
              34, 37, 41, 42, 48, 49, 51, 52, 54, 56, 65 ] ), rec(
          DistVect := [ 0, 5, 5, 7, 5, 5, 3, 8, 4, 4, 4, 8, 4, 7, 4, 8, 4, 4, 
              3, 8, 8, 8, 5, 8, 4, 7, 4, 3, 5 ],
          eAdj := [ 1, 3, 4, 6, 8, 10, 12, 13, 14, 16, 17, 19, 28, 32, 33, 
              34, 36, 38, 39, 40, 49, 51, 63, 66, 67, 73 ] ), rec(
          DistVect := [ 0, 4, 4, 4, 7, 8, 4, 5, 4, 4, 5, 8, 4, 7, 4, 7, 4, 4, 
              5, 9, 8, 8, 7, 5, 3, 8, 4, 3, 5 ],
          eAdj := [ 3, 5, 7, 8, 10, 12, 13, 17, 19, 21, 24, 26, 27, 41, 42, 
              43, 46, 52, 53, 54, 55, 58, 60, 64, 68, 74 ] ), rec(
          DistVect := [ 0, 4, 4, 4, 4, 8, 4, 7, 4, 4, 4, 8, 4, 5, 4, 8, 4, 4, 
              5, 8, 8, 8, 7, 8, 4, 7, 4, 3, 3 ],
          eAdj := [ 1, 3, 5, 7, 8, 10, 12, 13, 14, 15, 17, 19, 20, 21, 24, 
              28, 29, 37, 44, 48, 52, 53, 54, 56, 65, 68 ] ), rec(
          DistVect := [ 0, 4, 4, 4, 4, 8, 4, 7, 4, 4, 4, 8, 4, 7, 4, 8, 4, 4, 
              5, 8, 8, 8, 7, 8, 4, 7, 4, 3, 3 ],
          eAdj := [ 1, 3, 5, 7, 8, 10, 12, 13, 14, 15, 17, 19, 20, 21, 24, 
              28, 31, 37, 44, 48, 51, 52, 53, 56, 65, 67 ] ), rec(
          DistVect := [ 0, 4, 4, 4, 4, 8, 4, 5, 4, 4, 4, 8, 4, 5, 4, 8, 4, 4, 
              3, 8, 8, 8, 5, 8, 4, 7, 4, 3, 5 ],
          eAdj := [ 1, 3, 5, 7, 8, 10, 12, 13, 14, 15, 16, 17, 19, 20, 24, 
              27, 29, 33, 37, 48, 52, 53, 56, 60, 64, 65 ] ), rec(
          DistVect := [ 0, 4, 5, 4, 5, 8, 5, 5, 5, 4, 5, 8, 5, 5, 5, 8, 3, 4, 
              4, 9, 8, 9, 5, 7, 4, 8, 3, 3, 4 ],
          eAdj := [ 1, 3, 5, 7, 8, 10, 12, 13, 15, 16, 17, 19, 21, 24, 27, 
              29, 44, 53, 54, 55, 58, 60, 64, 65, 68, 74 ] ), rec(
          DistVect := [ 0, 4, 4, 4, 4, 8, 4, 5, 4, 4, 4, 8, 4, 5, 4, 8, 4, 4, 
              3, 8, 8, 8, 5, 8, 4, 7, 4, 3, 3 ],
          eAdj := [ 1, 3, 5, 7, 8, 10, 12, 13, 14, 15, 16, 17, 19, 20, 21, 
              24, 27, 29, 37, 44, 48, 52, 53, 56, 65, 67 ] ), rec(
          DistVect := [ 0, 4, 4, 4, 4, 8, 4, 7, 4, 4, 4, 8, 4, 5, 4, 8, 4, 4, 
              3, 8, 8, 8, 5, 8, 4, 9, 4, 3, 5 ],
          eAdj := [ 1, 3, 4, 5, 7, 8, 10, 12, 13, 14, 15, 16, 17, 19, 20, 21, 
              24, 29, 37, 48, 52, 53, 54, 56, 64, 65 ] ), rec(
          DistVect := [ 0, 4, 4, 4, 4, 8, 3, 7, 4, 4, 4, 8, 5, 9, 4, 8, 4, 5, 
              5, 8, 8, 7, 7, 8, 3, 7, 7, 3, 4 ],
          eAdj := [ 2, 6, 7, 8, 10, 12, 14, 15, 19, 20, 21, 24, 28, 31, 34, 
              35, 36, 37, 39, 42, 44, 49, 51, 56, 63, 67 ] ), rec(
          DistVect := [ 0, 4, 4, 4, 4, 8, 4, 7, 4, 4, 4, 8, 4, 9, 4, 8, 4, 4, 
              5, 8, 8, 8, 7, 8, 4, 7, 4, 3, 5 ],
          eAdj := [ 1, 3, 5, 6, 7, 8, 10, 12, 13, 14, 15, 17, 19, 20, 24, 31, 
              36, 37, 39, 48, 51, 52, 53, 56, 65, 67 ] ), rec(
          DistVect := [ 0, 4, 4, 4, 4, 8, 4, 7, 4, 4, 4, 8, 4, 9, 4, 8, 4, 4, 
              5, 8, 8, 8, 7, 8, 4, 7, 4, 3, 7 ],
          eAdj := [ 1, 3, 5, 6, 7, 8, 10, 12, 13, 14, 15, 17, 19, 20, 22, 24, 
              33, 36, 37, 39, 43, 48, 52, 53, 56, 65 ] ), rec(
          DistVect := [ 0, 4, 4, 4, 4, 8, 4, 5, 4, 4, 4, 8, 4, 7, 4, 8, 4, 4, 
              3, 8, 8, 8, 5, 8, 4, 7, 4, 3, 5 ],
          eAdj := [ 1, 3, 5, 6, 7, 8, 10, 12, 13, 14, 15, 16, 17, 19, 20, 24, 
              27, 33, 37, 39, 48, 52, 53, 56, 65, 67 ] ), rec(
          DistVect := [ 0, 4, 4, 4, 4, 8, 4, 7, 4, 4, 4, 8, 4, 7, 4, 8, 4, 4, 
              3, 8, 8, 8, 5, 8, 4, 9, 4, 3, 5 ],
          eAdj := [ 1, 3, 4, 5, 6, 7, 8, 10, 12, 13, 14, 15, 16, 17, 19, 20, 
              21, 24, 37, 48, 51, 52, 53, 56, 65, 67 ] ), rec(
          DistVect := [ 0, 4, 4, 4, 4, 8, 4, 7, 4, 4, 4, 8, 4, 7, 4, 8, 4, 4, 
              3, 8, 8, 8, 5, 8, 4, 9, 4, 3, 7 ],
          eAdj := [ 1, 3, 4, 5, 6, 7, 8, 10, 12, 13, 14, 15, 16, 17, 19, 20, 
              22, 24, 33, 37, 48, 52, 53, 56, 64, 65 ] ), rec(
          DistVect := [ 0, 4, 4, 4, 4, 5, 4, 8, 4, 4, 4, 7, 4, 8, 4, 8, 5, 4, 
              4, 8, 7, 8, 8, 5, 4, 8, 5, 3, 4 ],
          eAdj := [ 4, 6, 9, 10, 12, 13, 14, 15, 17, 20, 21, 24, 26, 28, 31, 
              32, 34, 36, 41, 42, 48, 49, 51, 56, 59, 67 ] ), rec(
          DistVect := [ 0, 4, 4, 4, 4, 5, 4, 8, 4, 4, 4, 5, 4, 8, 4, 8, 3, 4, 
              4, 8, 7, 8, 8, 7, 4, 8, 3, 3, 4 ],
          eAdj := [ 1, 4, 6, 9, 10, 12, 13, 14, 15, 17, 19, 20, 21, 24, 28, 
              30, 31, 32, 36, 48, 49, 51, 56, 63, 66, 67 ] ), rec(
          DistVect := [ 0, 4, 4, 4, 4, 7, 4, 8, 4, 4, 4, 9, 4, 8, 4, 8, 7, 4, 
              4, 8, 9, 8, 8, 5, 4, 8, 5, 3, 4 ],
          eAdj := [ 3, 4, 6, 9, 10, 12, 13, 14, 15, 17, 20, 21, 23, 24, 26, 
              28, 31, 34, 36, 37, 41, 48, 49, 51, 56, 67 ] ), rec(
          DistVect := [ 0, 4, 3, 4, 5, 8, 4, 7, 5, 4, 3, 8, 4, 9, 5, 8, 7, 5, 
              4, 7, 8, 8, 9, 5, 3, 8, 4, 3, 5 ],
          eAdj := [ 3, 4, 5, 6, 9, 10, 12, 14, 17, 20, 21, 23, 24, 26, 31, 
              36, 37, 41, 43, 46, 49, 50, 53, 56, 64, 65 ] ), rec(
          DistVect := [ 0, 5, 3, 5, 7, 8, 3, 5, 4, 4, 4, 7, 4, 8, 4, 8, 5, 4, 
              4, 8, 7, 8, 8, 5, 4, 8, 5, 3, 4 ],
          eAdj := [ 5, 6, 7, 9, 10, 12, 13, 14, 17, 21, 24, 26, 27, 31, 37, 
              41, 42, 43, 46, 49, 52, 53, 55, 64, 65, 68 ] ), rec(
          DistVect := [ 0, 4, 4, 4, 4, 7, 4, 8, 4, 4, 4, 5, 4, 8, 4, 8, 3, 4, 
              4, 8, 7, 8, 8, 7, 4, 8, 3, 3, 4 ],
          eAdj := [ 1, 4, 5, 6, 7, 9, 10, 12, 13, 14, 15, 17, 19, 20, 21, 24, 
              28, 30, 31, 36, 48, 49, 51, 56, 65, 67 ] ), rec(
          DistVect := [ 0, 1, 1, 1, 1, 2, 1, 2, 1, 1, 2, 2, 1, 1, 1, 1, 1, 1, 
              2, 2, 2, 2, 2, 1, 1, 2, 1, 1, 1 ],
          eAdj := [ 3, 5, 7, 8, 13, 15, 17, 19, 21, 24, 25, 26, 28, 29, 41, 
              42, 44, 46, 47, 52, 53, 54, 55, 58, 60, 64, 68, 70, 74 ] ), rec(
          DistVect := [ 0, 1, 1, 1, 1, 2, 1, 2, 1, 1, 1, 2, 1, 2, 1, 1, 1, 2, 
              2, 2, 2, 2, 2, 1, 1, 2, 2, 1, 1 ],
          eAdj := [ 2, 7, 8, 10, 15, 17, 19, 21, 24, 25, 26, 28, 31, 34, 35, 
              37, 41, 42, 44, 46, 48, 49, 51, 52, 54, 55, 58, 65, 68 ] ), rec(
          DistVect := [ 0, 1, 1, 1, 1, 2, 1, 2, 2, 1, 1, 3, 2, 2, 1, 2, 1, 1, 
              2, 2, 2, 2, 2, 2, 1, 2, 1, 1, 2 ],
          eAdj := [ 1, 3, 5, 7, 8, 10, 12, 13, 15, 19, 20, 22, 24, 25, 29, 
              37, 41, 43, 47, 53, 54, 55, 58, 60, 62, 64, 68, 74 ] ), rec(
          DistVect := [ 0, 1, 1, 1, 1, 2, 1, 2, 1, 1, 1, 2, 1, 2, 1, 2, 1, 1, 
              1, 1, 1, 2, 2, 2, 2, 3, 2, 1, 1 ],
          eAdj := [ 2, 4, 6, 7, 8, 9, 13, 14, 17, 18, 20, 21, 24, 26, 28, 31, 
              37, 41, 42, 46, 48, 49, 51, 53, 54, 55, 64, 65, 68 ] ), rec(
          DistVect := [ 0, 1, 1, 1, 1, 2, 1, 2, 2, 1, 1, 3, 1, 2, 1, 2, 1, 2, 
              2, 2, 2, 2, 2, 2, 1, 2, 2, 1, 1 ],
          eAdj := [ 2, 3, 7, 8, 10, 15, 17, 19, 20, 21, 24, 25, 28, 29, 31, 
              34, 37, 41, 42, 44, 48, 51, 52, 53, 54, 55, 58, 65, 68 ] ), rec(
          DistVect := [ 0, 1, 1, 1, 1, 2, 1, 2, 1, 1, 1, 2, 1, 2, 2, 1, 1, 1, 
              2, 2, 3, 2, 2, 1, 1, 2, 1, 1, 1 ],
          eAdj := [ 3, 5, 7, 8, 10, 15, 16, 17, 19, 21, 24, 25, 26, 28, 31, 
              34, 35, 37, 42, 44, 48, 51, 52, 54, 55, 56, 58, 65, 68 ] ), rec(
          DistVect := [ 0, 1, 1, 1, 1, 1, 2, 2, 1, 1, 1, 1, 2, 2, 1, 2, 1, 1, 
              1, 2, 2, 2, 2, 1, 2, 2, 1, 1, 0 ],
          eAdj := [ 2, 4, 6, 9, 10, 13, 14, 15, 19, 20, 21, 26, 28, 30, 31, 
              32, 34, 35, 36, 42, 44, 56, 59, 61, 63, 66, 67, 73 ] ), rec(
          DistVect := [ 0, 2, 1, 1, 1, 1, 1, 2, 1, 2, 2, 2, 1, 1, 1, 2, 1, 1, 
              1, 2, 1, 2, 2, 1, 1, 2, 1, 1, 1 ],
          eAdj := [ 3, 4, 8, 9, 12, 13, 15, 18, 20, 21, 24, 26, 28, 29, 32, 
              37, 41, 42, 46, 47, 49, 50, 52, 53, 54, 64, 65, 68, 74 ] ), rec(
          DistVect := [ 0, 1, 1, 2, 2, 2, 1, 1, 1, 2, 2, 2, 1, 1, 1, 2, 1, 1, 
              1, 2, 1, 2, 2, 1, 1, 2, 1, 1, 1 ],
          eAdj := [ 3, 5, 7, 8, 9, 12, 13, 18, 21, 26, 27, 29, 41, 42, 43, 
              46, 47, 50, 52, 54, 55, 58, 60, 62, 70, 71, 74, 76 ] ), rec(
          DistVect := [ 0, 1, 1, 1, 1, 2, 1, 2, 1, 1, 2, 2, 1, 1, 1, 2, 1, 1, 
              1, 2, 2, 2, 2, 1, 1, 2, 1, 1, 1 ],
          eAdj := [ 3, 4, 5, 7, 8, 9, 12, 13, 15, 17, 19, 20, 21, 24, 26, 28, 
              29, 37, 41, 42, 46, 47, 52, 53, 54, 55, 58, 64, 65, 68, 74 ] ), 
      rec(
          DistVect := [ 0, 1, 1, 1, 1, 2, 1, 2, 1, 1, 1, 2, 1, 1, 1, 2, 1, 1, 
              1, 2, 2, 2, 1, 2, 1, 2, 1, 1, 2 ],
          eAdj := [ 1, 3, 4, 5, 7, 8, 10, 12, 13, 14, 15, 16, 17, 19, 20, 22, 
              24, 29, 33, 37, 38, 47, 48, 52, 53, 54, 56, 60, 64, 65 ] ), rec(
          DistVect := [ 0, 1, 1, 1, 1, 2, 1, 2, 1, 1, 1, 2, 1, 2, 1, 2, 2, 1, 
              1, 2, 2, 2, 2, 1, 1, 2, 2, 1, 1 ],
          eAdj := [ 2, 4, 6, 9, 10, 12, 13, 14, 15, 17, 20, 21, 23, 24, 26, 
              28, 31, 34, 35, 36, 37, 41, 42, 46, 48, 49, 51, 56, 59, 67 ] ), 
      rec(
          DistVect := [ 0, 1, 1, 1, 1, 2, 1, 2, 1, 1, 1, 1, 1, 2, 1, 2, 1, 1, 
              1, 2, 2, 2, 2, 1, 1, 2, 1, 1, 1 ],
          eAdj := [ 4, 5, 6, 7, 9, 10, 12, 13, 14, 15, 17, 19, 20, 21, 24, 
              26, 28, 30, 31, 35, 36, 37, 42, 46, 48, 49, 51, 55, 56, 65, 67 
             ] ), rec(
          DistVect := [ 0, 1, 1, 1, 1, 1, 1, 2, 1, 1, 1, 2, 1, 2, 1, 2, 1, 1, 
              1, 2, 2, 2, 2, 2, 1, 2, 1, 1, 1 ],
          eAdj := [ 1, 3, 4, 6, 8, 9, 10, 12, 13, 14, 15, 17, 19, 20, 21, 24, 
              28, 31, 32, 34, 36, 38, 40, 48, 49, 51, 56, 63, 66, 67 ] ), rec(
          DistVect := [ 0, 2, 1, 1, 1, 1, 2, 2, 1, 1, 2, 2, 1, 1, 1, 2, 1, 1, 
              1, 2, 2, 2, 2, 1, 2, 2, 1, 1, 0 ],
          eAdj := [ 2, 3, 4, 8, 9, 13, 15, 17, 19, 20, 21, 26, 28, 29, 31, 
              32, 34, 37, 41, 42, 44, 48, 49, 51, 54, 56, 65, 67, 68 ] ), rec(
          DistVect := [ 0, 1, 1, 1, 1, 2, 1, 2, 1, 1, 1, 2, 1, 2, 1, 1, 1, 1, 
              2, 1, 2, 2, 3, 1, 1, 2, 1, 1, 1 ],
          eAdj := [ 3, 5, 7, 8, 9, 13, 17, 18, 19, 21, 24, 25, 26, 28, 31, 
              37, 41, 42, 43, 46, 47, 52, 53, 54, 55, 58, 64, 68, 70, 74 ] ), 
      rec(
          DistVect := [ 0, 1, 1, 1, 1, 2, 1, 2, 0, 1, 1, 1, 1, 2, 1, 1, 1, 1, 
              2, 2, 2, 2, 2, 1, 1, 2, 1, 1, 1 ],
          eAdj := [ 5, 6, 7, 8, 10, 13, 14, 15, 17, 19, 21, 24, 25, 26, 28, 
              30, 31, 35, 37, 42, 44, 46, 48, 49, 51, 52, 54, 55, 56, 65, 68 
             ] ), rec(
          DistVect := [ 0, 1, 1, 1, 1, 2, 1, 2, 1, 2, 1, 1, 0, 2, 1, 2, 1, 1, 
              1, 2, 2, 2, 1, 2, 1, 2, 1, 1, 2 ],
          eAdj := [ 1, 3, 4, 5, 6, 7, 12, 13, 14, 15, 16, 17, 19, 20, 22, 24, 
              30, 31, 33, 35, 36, 38, 39, 45, 48, 49, 51, 52, 63, 66, 67 ] ), 
      rec(
          DistVect := [ 0, 1, 2, 2, 1, 1, 1, 2, 2, 2, 1, 1, 1, 2, 1, 2, 1, 1, 
              0, 2, 2, 2, 1, 2, 1, 2, 1, 1, 1 ],
          eAdj := [ 1, 4, 6, 9, 12, 13, 16, 19, 21, 23, 28, 30, 31, 32, 33, 
              34, 35, 38, 39, 40, 45, 57, 59, 61, 63, 69, 72, 73, 75 ] ), rec(
          DistVect := [ 0, 1, 1, 2, 1, 1, 1, 2, 1, 2, 1, 1, 1, 2, 1, 2, 1, 1, 
              1, 3, 2, 2, 1, 1, 1, 2, 1, 1, 1 ],
          eAdj := [ 4, 6, 10, 12, 13, 14, 15, 16, 19, 20, 21, 26, 28, 30, 31, 
              32, 34, 35, 36, 38, 39, 42, 44, 49, 59, 61, 63, 66, 67, 73 ] ), 
      rec(
          DistVect := [ 0, 2, 1, 1, 2, 2, 1, 1, 1, 2, 1, 1, 1, 2, 1, 2, 1, 1, 
              1, 3, 2, 2, 1, 1, 1, 2, 1, 1, 1 ],
          eAdj := [ 5, 6, 7, 10, 12, 13, 14, 15, 16, 19, 21, 24, 26, 27, 30, 
              31, 35, 37, 39, 42, 44, 46, 48, 49, 51, 52, 55, 56, 65, 67 ] ), 
      rec(
          DistVect := [ 0, 1, 1, 1, 1, 2, 1, 2, 1, 1, 1, 2, 1, 2, 1, 2, 1, 1, 
              2, 2, 2, 2, 2, 2, 1, 2, 1, 1, 1 ],
          eAdj := [ 1, 3, 5, 7, 8, 10, 12, 13, 14, 15, 17, 19, 20, 21, 24, 
              25, 28, 31, 37, 42, 44, 48, 51, 52, 53, 54, 55, 56, 65, 68 ] ), 
      rec(
          DistVect := [ 0, 1, 1, 1, 1, 2, 1, 2, 1, 1, 1, 2, 1, 2, 1, 1, 1, 1, 
              2, 2, 2, 2, 2, 1, 0, 2, 1, 1, 2 ],
          eAdj := [ 1, 3, 5, 7, 8, 10, 12, 13, 15, 17, 19, 21, 22, 24, 25, 
              26, 37, 41, 42, 43, 46, 47, 52, 53, 54, 55, 58, 60, 64, 68, 74 
             ] ), rec(
          DistVect := [ 0, 1, 1, 1, 1, 2, 1, 2, 1, 1, 1, 2, 1, 3, 1, 2, 1, 1, 
              2, 2, 2, 2, 2, 2, 1, 2, 1, 1, 2 ],
          eAdj := [ 1, 3, 5, 6, 7, 8, 10, 12, 13, 14, 15, 17, 19, 20, 22, 24, 
              25, 30, 31, 36, 37, 39, 43, 48, 51, 52, 53, 55, 56, 65 ] ), rec(
          DistVect := [ 0, 1, 1, 1, 1, 2, 1, 2, 1, 1, 1, 2, 1, 2, 1, 2, 1, 1, 
              1, 2, 2, 2, 1, 2, 1, 3, 1, 1, 2 ],
          eAdj := [ 1, 3, 4, 5, 6, 7, 8, 10, 12, 13, 14, 15, 16, 17, 19, 20, 
              21, 22, 24, 26, 37, 48, 51, 52, 53, 54, 55, 56, 64, 65 ] ), rec(
          DistVect := [ 0, 1, 1, 1, 1, 1, 1, 2, 1, 1, 1, 1, 1, 2, 1, 2, 1, 1, 
              1, 2, 1, 2, 2, 1, 1, 2, 1, 1, 1 ],
          eAdj := [ 4, 6, 9, 10, 12, 13, 14, 15, 17, 18, 20, 21, 24, 26, 28, 
              30, 31, 32, 36, 41, 42, 46, 48, 49, 50, 51, 56, 59, 65, 67 ] ), 
      rec(
          DistVect := [ 0, 1, 1, 1, 1, 2, 1, 2, 1, 1, 1, 2, 1, 2, 1, 2, 2, 2, 
              1, 2, 2, 2, 2, 1, 0, 2, 1, 1, 2 ],
          eAdj := [ 1, 3, 4, 5, 6, 9, 10, 12, 14, 15, 17, 20, 21, 22, 23, 24, 
              26, 33, 36, 37, 41, 43, 46, 47, 49, 50, 52, 53, 56, 64, 65 ] ), 
      rec(
          DistVect := [ 0, 1, 1, 1, 2, 2, 1, 1, 1, 1, 2, 2, 1, 1, 1, 2, 1, 1, 
              1, 2, 2, 2, 2, 1, 2, 2, 1, 1, 0 ],
          eAdj := [ 2, 3, 5, 7, 8, 9, 13, 17, 19, 21, 24, 26, 27, 28, 29, 31, 
              41, 42, 44, 46, 52, 53, 54, 55, 58, 64, 65, 68, 70, 74 ] ), rec(
          DistVect := [ 0, 1, 1, 1, 1, 2, 1, 2, 1, 1, 1, 2, 1, 2, 1, 1, 1, 1, 
              2, 2, 2, 2, 2, 1, 1, 2, 1, 1, 1 ],
          eAdj := [ 3, 5, 7, 8, 10, 13, 15, 17, 19, 21, 24, 25, 26, 28, 31, 
              37, 41, 42, 44, 46, 48, 51, 52, 53, 54, 55, 58, 64, 65, 68, 74 
             ] ), rec(
          DistVect := [ 0, 1, 1, 2, 1, 1, 1, 2, 1, 2, 1, 1, 1, 2, 1, 2, 1, 1, 
              1, 2, 2, 2, 1, 2, 1, 2, 1, 1, 1 ],
          eAdj := [ 1, 4, 6, 12, 13, 14, 16, 19, 20, 21, 28, 30, 31, 32, 34, 
              35, 36, 38, 39, 40, 44, 45, 49, 57, 59, 61, 63, 66, 69, 72, 73 
             ] ), rec(
          DistVect := [ 0, 2, 1, 1, 1, 2, 1, 1, 1, 2, 1, 1, 1, 2, 1, 2, 1, 1, 
              1, 2, 2, 2, 1, 2, 1, 2, 1, 1, 1 ],
          eAdj := [ 1, 5, 6, 7, 12, 13, 14, 15, 16, 19, 20, 21, 24, 27, 30, 
              31, 35, 36, 37, 39, 44, 45, 48, 49, 51, 52, 55, 56, 63, 66, 67 
             ] ), rec(
          DistVect := [ 0, 2, 1, 1, 1, 2, 1, 1, 2, 2, 1, 1, 1, 2, 1, 2, 1, 1, 
              0, 2, 2, 2, 1, 2, 1, 2, 1, 1, 1 ],
          eAdj := [ 1, 4, 5, 6, 7, 9, 12, 13, 15, 16, 19, 20, 21, 23, 24, 27, 
              30, 31, 33, 35, 36, 39, 45, 48, 49, 51, 63, 66, 67, 73 ] ), rec(
          DistVect := [ 0, 0, 1, 1, 1, 1, 1, 0, 1, 1, 1, 1, 1, 0, 0, 0, 0, 0, 
              1, 0, 0, 0, 1, 0, 0, 1, 0, 1, 1 ],
          eAdj := [ 1, 3, 5, 7, 8, 9, 12, 13, 18, 19, 21, 22, 25, 26, 27, 29, 
              41, 42, 43, 46, 47, 50, 54, 55, 58, 60, 62, 70, 71, 76 ] ), rec(
          DistVect := [ 0, 1, 1, 1, 1, 2, 1, 1, 1, 1, 1, 2, 1, 1, 1, 2, 1, 1, 
              1, 2, 2, 2, 1, 2, 1, 2, 1, 1, 1 ],
          eAdj := [ 1, 3, 5, 7, 8, 10, 12, 13, 14, 15, 16, 17, 19, 20, 21, 
              24, 27, 29, 37, 44, 48, 52, 53, 54, 55, 56, 58, 60, 64, 65, 68 
             ] ), rec(
          DistVect := [ 0, 1, 1, 1, 1, 2, 1, 2, 1, 1, 1, 2, 1, 2, 1, 2, 1, 1, 
              1, 2, 2, 2, 1, 2, 1, 2, 1, 1, 2 ],
          eAdj := [ 1, 3, 4, 5, 6, 7, 8, 10, 12, 13, 14, 15, 16, 17, 19, 20, 
              22, 24, 33, 36, 37, 38, 39, 48, 51, 52, 53, 56, 65, 66, 67 ] ), 
      rec(
          DistVect := [ 0, 1, 1, 1, 1, 2, 1, 2, 1, 1, 1, 2, 1, 2, 1, 2, 1, 1, 
              1, 2, 2, 2, 2, 2, 1, 2, 1, 1, 1 ],
          eAdj := [ 1, 3, 4, 5, 6, 7, 8, 9, 10, 12, 13, 14, 15, 17, 19, 20, 
              21, 24, 28, 31, 36, 37, 48, 49, 51, 52, 53, 56, 65, 67 ] ), rec(
          DistVect := [ 0, 1, 1, 1, 1, 1, 1, 2, 1, 1, 1, 1, 1, 2, 1, 2, 1, 1, 
              1, 2, 2, 2, 2, 1, 1, 2, 0, 1, 1 ],
          eAdj := [ 1, 3, 4, 5, 6, 9, 10, 12, 13, 14, 15, 17, 19, 20, 21, 22, 
              24, 26, 28, 30, 31, 32, 36, 48, 49, 50, 51, 56, 65, 66, 67 ] ), 
      rec(
          DistVect := [ 0, 0, 1, 1, 1, 1, 0, 0, 1, 1, 1, 1, 0, 0, 0, 0, 0, 1, 
              1, 0, 0, 1, 1, 0, 1, 1, 1, 1, 0 ],
          eAdj := [ 2, 3, 5, 7, 8, 9, 13, 17, 18, 19, 21, 24, 25, 26, 27, 28, 
              29, 31, 41, 42, 43, 44, 46, 47, 52, 53, 54, 55, 58, 60, 62, 64, 
              70, 71, 74, 76 ] ), rec(
          DistVect := [ 0, 1, 0, 1, 0, 0, 1, 1, 1, 0, 1, 1, 0, 0, 1, 0, 0, 1, 
              1, 1, 1, 0, 0, 0, 1, 1, 1, 1, 0 ],
          eAdj := [ 2, 3, 4, 7, 8, 10, 15, 16, 17, 19, 20, 21, 25, 26, 28, 
              29, 31, 32, 34, 35, 37, 38, 41, 42, 44, 48, 49, 51, 52, 54, 55, 
              56, 58, 61, 63, 65, 67, 68 ] ), rec(
          DistVect := [ 0, 0, 1, 0, 1, 1, 0, 0, 1, 0, 1, 1, 0, 0, 1, 0, 0, 1, 
              1, 1, 1, 0, 0, 0, 1, 1, 1, 1, 0 ],
          eAdj := [ 2, 3, 5, 7, 8, 10, 15, 16, 17, 19, 21, 24, 25, 26, 27, 
              28, 29, 31, 34, 35, 41, 42, 44, 46, 48, 51, 52, 53, 54, 55, 58, 
              60, 64, 65, 68, 70, 74 ] ), rec(
          DistVect := [ 0, 0, 1, 0, 1, 1, 1, 0, 1, 0, 1, 1, 1, 0, 1, 0, 0, 0, 
              1, 1, 1, 1, 0, 0, 0, 1, 0, 1, 1 ],
          eAdj := [ 1, 3, 5, 7, 8, 10, 12, 13, 15, 16, 17, 19, 21, 22, 24, 
              25, 26, 27, 29, 41, 42, 43, 44, 46, 47, 53, 54, 55, 58, 60, 62, 
              64, 68, 70, 71, 74, 76 ] ), rec(
          DistVect := [ 0, 0, 1, 0, 0, 0, 1, 1, 1, 0, 0, 0, 1, 1, 1, 1, 1, 0, 
              0, 0, 0, 1, 1, 0, 1, 1, 1, 1, 0 ],
          eAdj := [ 2, 4, 6, 9, 10, 12, 13, 14, 15, 17, 18, 20, 21, 23, 24, 
              26, 28, 30, 31, 32, 34, 35, 36, 40, 41, 42, 45, 46, 48, 50, 51, 
              56, 57, 59, 61, 63, 66, 67, 73 ] ), rec(
          DistVect := [ 0, 1, 0, 0, 0, 0, 1, 1, 1, 1, 1, 1, 0, 0, 0, 0, 0, 1, 
              1, 0, 0, 1, 1, 0, 1, 1, 1, 1, 0 ],
          eAdj := [ 2, 3, 4, 7, 8, 9, 13, 15, 17, 18, 19, 20, 21, 24, 25, 26, 
              28, 29, 31, 32, 34, 37, 41, 42, 44, 46, 47, 48, 49, 51, 52, 53, 
              54, 55, 58, 64, 65, 68, 70, 74 ] ), rec(
          DistVect := [ 0, 1, 1, 0, 0, 0, 1, 1, 0, 1, 1, 1, 0, 0, 1, 1, 1, 0, 
              0, 0, 0, 1, 1, 0, 1, 1, 1, 1, 0 ],
          eAdj := [ 2, 3, 4, 6, 8, 9, 12, 13, 14, 15, 17, 18, 20, 21, 23, 24, 
              26, 28, 29, 31, 32, 34, 36, 37, 40, 41, 42, 46, 47, 48, 49, 50, 
              51, 53, 54, 56, 59, 64, 65, 67, 68 ] ), rec(
          DistVect := [ 0, 0, 0, 0, 0, 0, 1, 1, 0, 0, 0, 0, 1, 1, 0, 0, 0, 1, 
              1, 0, 0, 1, 1, 0, 1, 1, 1, 1, 0 ],
          eAdj := [ 2, 4, 6, 7, 8, 9, 10, 13, 14, 15, 17, 18, 19, 20, 21, 24, 
              25, 26, 28, 30, 31, 32, 34, 35, 36, 37, 41, 42, 44, 46, 48, 49, 
              51, 54, 55, 56, 59, 61, 63, 65, 67, 68 ] ), rec(
          DistVect := [ 0, 1, 0, 0, 0, 0, 0, 1, 1, 1, 1, 1, 1, 0, 0, 0, 0, 0, 
              1, 0, 0, 0, 1, 0, 0, 1, 0, 1, 1 ],
          eAdj := [ 1, 3, 4, 5, 7, 8, 9, 12, 13, 15, 18, 19, 20, 21, 22, 24, 
              25, 26, 28, 29, 32, 37, 41, 42, 43, 46, 47, 50, 52, 53, 54, 55, 
              58, 60, 62, 64, 68, 70, 71, 74, 76 ] ), rec(
          DistVect := [ 0, 1, 0, 1, 0, 0, 0, 1, 1, 0, 1, 1, 1, 0, 1, 0, 0, 0, 
              1, 1, 1, 1, 0, 0, 0, 1, 0, 1, 1 ],
          eAdj := [ 1, 3, 4, 5, 7, 8, 10, 12, 13, 15, 16, 17, 19, 20, 21, 22, 
              24, 25, 26, 28, 29, 32, 34, 37, 38, 41, 42, 44, 47, 48, 51, 52, 
              53, 54, 55, 56, 58, 60, 64, 65, 68, 74 ] ), rec(
          DistVect := [ 0, 0, 0, 1, 1, 1, 0, 0, 0, 1, 1, 1, 0, 0, 1, 1, 1, 0, 
              0, 0, 0, 1, 1, 0, 1, 1, 1, 1, 0 ],
          eAdj := [ 2, 3, 4, 5, 6, 7, 8, 9, 12, 13, 14, 17, 18, 20, 21, 23, 
              24, 26, 27, 28, 29, 31, 37, 41, 42, 43, 46, 47, 49, 50, 52, 53, 
              54, 55, 58, 62, 64, 65, 68, 70, 71, 74 ] ), rec(
          DistVect := [ 0, 0, 1, 1, 0, 0, 0, 1, 1, 1, 0, 0, 0, 1, 0, 1, 1, 1, 
              0, 1, 1, 1, 0, 0, 0, 1, 0, 1, 1 ],
          eAdj := [ 1, 3, 4, 5, 6, 9, 10, 12, 13, 14, 15, 16, 17, 19, 20, 21, 
              22, 23, 24, 26, 28, 30, 31, 32, 33, 34, 35, 36, 38, 39, 40, 45, 
              48, 49, 50, 51, 57, 59, 61, 63, 66, 67, 72, 73 ] ), rec(
          DistVect := [ 0, 1, 0, 0, 1, 1, 1, 0, 1, 1, 0, 0, 0, 1, 0, 1, 1, 1, 
              0, 1, 1, 1, 0, 0, 0, 1, 0, 1, 1 ],
          eAdj := [ 1, 3, 4, 5, 6, 7, 9, 10, 12, 13, 14, 15, 16, 17, 19, 20, 
              21, 22, 23, 24, 26, 27, 30, 31, 33, 35, 36, 37, 39, 43, 45, 46, 
              48, 49, 50, 51, 52, 53, 55, 56, 64, 65, 66, 67 ] ), rec(
          DistVect := [ 0, 0, 0, 1, 0, 0, 0, 1, 0, 1, 0, 0, 0, 1, 1, 0, 0, 0, 
              1, 1, 1, 1, 0, 0, 0, 1, 0, 1, 1 ],
          eAdj := [ 1, 3, 4, 5, 6, 7, 8, 10, 12, 13, 14, 15, 16, 17, 19, 20, 
              21, 22, 24, 25, 26, 28, 30, 31, 32, 34, 35, 36, 37, 38, 39, 42, 
              44, 48, 49, 51, 52, 54, 55, 56, 61, 63, 65, 66, 67 ] ), rec(
          DistVect := [ 0, 0, 0, 0, 0, 0, 0, 1, 0, 0, 0, 0, 0, 1, 0, 0, 0, 0, 
              1, 0, 0, 0, 1, 0, 0, 1, 0, 1, 1 ],
          eAdj := [ 1, 3, 4, 5, 6, 7, 8, 9, 10, 12, 13, 14, 15, 17, 18, 19, 
              20, 21, 22, 24, 25, 26, 28, 30, 31, 32, 36, 37, 41, 42, 43, 46, 
              47, 48, 49, 50, 51, 52, 53, 54, 55, 56, 64, 65, 68, 74 ] ), rec(
          DistVect := [ 0, 0, 0, 0, 0, 1, 0, 1, 0, 0, 0, 1, 0, 1, 0, 0, 1, 0, 
              1, 0, 1, 0, 1, 1, 0, 1, 1, 0, 1 ],
          eAdj := [ 1, 2, 3, 4, 5, 6, 7, 8, 9, 10, 11, 12, 13, 14, 15, 16, 
              17, 18, 19, 20, 21, 22, 23, 24, 25, 26, 27, 28, 29, 30, 31, 32, 
              33, 34, 35, 36, 37, 38, 39, 40, 41, 42, 43, 44, 45, 46, 47, 48, 
              49, 50, 51, 52, 53, 54, 55, 56, 57, 58, 59, 60, 61, 62, 63, 64, 
              66, 68, 69, 70, 71, 72 ] ), rec(
          DistVect := [ 0, 0, 1, 1, 0, 1, 0, 1, 1, 1, 0, 1, 0, 1, 0, 1, 0, 1, 
              0, 1, 0, 1, 0, 1, 0, 1, 1, 0, 1 ],
          eAdj := [ 1, 2, 3, 4, 5, 6, 7, 8, 9, 10, 11, 12, 13, 14, 15, 16, 
              17, 18, 19, 20, 21, 22, 23, 24, 25, 26, 27, 28, 29, 30, 31, 32, 
              33, 34, 35, 36, 37, 38, 39, 40, 41, 42, 43, 44, 45, 46, 47, 48, 
              49, 50, 51, 52, 53, 54, 55, 57, 58, 59, 60, 61, 62, 63, 64, 65, 
              67, 69, 71, 73, 74, 75, 76 ] ), rec(
          DistVect := [ 0, 0, 0, 0, 1, 0, 0, 0, 0, 0, 1, 0, 0, 0, 0, 1, 0, 0, 
              0, 1, 0, 0, 0, 1, 1, 1, 0, 0, 0 ],
          eAdj := [ 1, 2, 3, 4, 5, 6, 7, 8, 9, 10, 11, 12, 13, 14, 15, 16, 
              17, 18, 19, 20, 21, 22, 23, 24, 25, 26, 27, 28, 29, 30, 31, 32, 
              33, 34, 35, 38, 39, 40, 41, 42, 43, 44, 45, 46, 47, 48, 49, 50, 
              51, 52, 53, 54, 55, 56, 59, 60, 61, 62, 63, 64, 65, 66, 67, 68, 
              69, 70, 71, 72, 73, 74, 75, 76 ] ), rec(
          DistVect := [ 0, 0, 1, 0, 0, 1, 1, 1, 1, 0, 0, 1, 1, 1, 1, 1, 0, 0, 
              0, 0, 1, 1, 1, 1, 1, 1, 0, 0, 0 ],
          eAdj := [ 1, 2, 3, 4, 5, 6, 7, 8, 9, 10, 11, 12, 13, 14, 15, 16, 
              17, 18, 19, 20, 21, 22, 23, 24, 25, 26, 27, 28, 29, 30, 31, 32, 
              33, 34, 35, 36, 37, 38, 39, 40, 41, 42, 43, 44, 45, 46, 47, 48, 
              50, 51, 53, 54, 55, 56, 57, 58, 61, 62, 63, 64, 65, 66, 67, 68, 
              69, 70, 71, 72, 73, 74, 75, 76 ] ), rec(
          DistVect := [ 0, 4, 5, 4, 4, 9, 5, 8, 5, 4, 4, 9, 5, 8, 3, 7, 4, 4, 
              7, 8, 7, 7, 8, 7, 3, 8, 4, 3, 7 ],
          eAdj := [ 1, 3, 5, 7, 8, 10, 12, 13, 15, 19, 22, 25, 37, 41, 43, 
              46, 47, 53, 54, 55, 58, 60, 62, 64, 68, 74 ] ), rec(
          DistVect := [ 0, 4, 4, 4, 5, 8, 4, 7, 4, 4, 5, 8, 4, 7, 4, 5, 4, 4, 
              7, 9, 8, 8, 7, 5, 3, 8, 4, 3, 5 ],
          eAdj := [ 3, 5, 7, 8, 10, 13, 15, 17, 19, 21, 24, 25, 26, 41, 42, 
              44, 46, 52, 53, 54, 55, 58, 60, 64, 68, 74 ] ), rec(
          DistVect := [ 0, 4, 5, 4, 4, 9, 4, 8, 5, 4, 4, 9, 4, 8, 3, 7, 4, 7, 
              7, 8, 7, 8, 8, 7, 4, 8, 7, 3, 4 ],
          eAdj := [ 2, 7, 8, 10, 15, 17, 19, 21, 24, 25, 28, 31, 37, 41, 42, 
              44, 46, 48, 51, 52, 53, 54, 55, 58, 65, 68 ] ), rec(
          DistVect := [ 0, 4, 3, 4, 4, 7, 4, 8, 3, 4, 4, 7, 4, 8, 3, 5, 4, 5, 
              7, 8, 7, 8, 8, 5, 4, 8, 5, 3, 4 ],
          eAdj := [ 7, 8, 10, 13, 15, 17, 19, 21, 24, 25, 26, 28, 31, 37, 41, 
              42, 44, 46, 48, 49, 51, 52, 54, 55, 65, 68 ] ), rec(
          DistVect := [ 0, 4, 4, 4, 5, 8, 4, 7, 4, 4, 5, 8, 4, 7, 4, 7, 4, 4, 
              5, 9, 8, 8, 7, 5, 3, 8, 4, 3, 5 ],
          eAdj := [ 3, 5, 7, 8, 10, 12, 13, 15, 17, 19, 21, 24, 26, 37, 41, 
              42, 46, 52, 53, 54, 55, 58, 64, 65, 68, 74 ] ), rec(
          DistVect := [ 0, 4, 4, 4, 4, 8, 4, 7, 4, 4, 4, 8, 4, 7, 4, 8, 4, 4, 
              5, 8, 8, 8, 5, 8, 4, 7, 4, 3, 7 ],
          eAdj := [ 1, 3, 5, 7, 8, 10, 12, 13, 14, 15, 16, 17, 19, 20, 22, 
              24, 33, 37, 38, 39, 48, 52, 53, 56, 60, 65 ] ), rec(
          DistVect := [ 0, 4, 4, 4, 4, 7, 4, 8, 4, 4, 4, 7, 4, 8, 4, 8, 5, 4, 
              4, 8, 7, 8, 8, 5, 4, 8, 5, 3, 4 ],
          eAdj := [ 4, 6, 9, 10, 12, 13, 14, 15, 17, 20, 21, 24, 26, 28, 31, 
              36, 37, 41, 42, 46, 48, 49, 51, 56, 65, 67 ] ), rec(
          DistVect := [ 0, 4, 4, 4, 4, 9, 4, 8, 4, 4, 4, 9, 4, 8, 4, 8, 7, 4, 
              4, 8, 7, 8, 8, 7, 4, 8, 7, 3, 4 ],
          eAdj := [ 2, 4, 6, 9, 10, 12, 13, 14, 15, 17, 20, 21, 23, 24, 28, 
              31, 36, 37, 41, 46, 48, 49, 51, 53, 56, 67 ] ), rec(
          DistVect := [ 0, 4, 4, 5, 4, 7, 3, 8, 4, 5, 4, 7, 3, 8, 3, 8, 5, 5, 
              4, 9, 8, 8, 5, 7, 3, 8, 4, 3, 7 ],
          eAdj := [ 1, 3, 4, 5, 6, 10, 12, 13, 14, 15, 16, 17, 19, 20, 22, 
              24, 33, 36, 38, 39, 48, 49, 51, 52, 66, 67 ] ), rec(
          DistVect := [ 0, 4, 4, 4, 4, 9, 5, 8, 4, 4, 4, 7, 3, 8, 4, 8, 7, 7, 
              4, 8, 7, 7, 8, 7, 3, 8, 4, 3, 7 ],
          eAdj := [ 1, 3, 4, 5, 6, 9, 10, 14, 15, 17, 20, 22, 23, 33, 36, 43, 
              45, 46, 47, 49, 50, 52, 53, 56, 64, 65 ] ), rec(
          DistVect := [ 0, 1, 1, 1, 1, 2, 1, 2, 1, 1, 1, 2, 1, 2, 1, 2, 2, 2, 
              1, 2, 2, 2, 2, 2, 1, 2, 1, 1, 2 ],
          eAdj := [ 1, 3, 4, 5, 6, 9, 10, 14, 15, 17, 20, 22, 23, 24, 33, 36, 
              40, 43, 45, 47, 48, 49, 50, 52, 53, 56, 64, 65, 66, 67 ] ), rec(
          DistVect := [ 0, 4, 5, 4, 4, 9, 5, 8, 3, 4, 4, 7, 3, 8, 3, 7, 4, 4, 
              7, 8, 7, 7, 8, 7, 3, 8, 4, 3, 7 ],
          eAdj := [ 1, 3, 5, 7, 8, 10, 12, 13, 14, 15, 17, 19, 22, 25, 37, 
              43, 46, 47, 52, 53, 54, 55, 60, 64, 68, 74 ] ), rec(
          DistVect := [ 0, 1, 1, 1, 1, 2, 1, 2, 1, 1, 1, 2, 1, 2, 1, 2, 1, 1, 
              2, 2, 2, 2, 2, 2, 1, 2, 1, 1, 2 ],
          eAdj := [ 1, 3, 5, 7, 8, 10, 12, 13, 14, 15, 17, 19, 20, 22, 24, 
              25, 37, 43, 47, 48, 52, 53, 54, 55, 56, 60, 64, 65, 68, 74 ] ), 
      rec(
          DistVect := [ 0, 4, 4, 4, 5, 8, 4, 7, 4, 4, 5, 8, 4, 7, 4, 5, 4, 4, 
              7, 7, 8, 8, 9, 5, 3, 8, 4, 3, 5 ],
          eAdj := [ 3, 5, 7, 8, 13, 17, 19, 21, 24, 25, 26, 41, 42, 43, 46, 
              47, 52, 53, 54, 55, 58, 60, 64, 68, 70, 74 ] ), rec(
          DistVect := [ 0, 4, 3, 4, 4, 7, 4, 8, 3, 4, 4, 7, 4, 8, 5, 5, 4, 5, 
              7, 8, 9, 8, 8, 5, 4, 8, 5, 3, 4 ],
          eAdj := [ 7, 8, 10, 15, 17, 19, 21, 24, 25, 26, 28, 31, 34, 35, 37, 
              42, 44, 48, 49, 51, 52, 54, 55, 56, 65, 68 ] ), rec(
          DistVect := [ 0, 4, 3, 4, 5, 8, 4, 7, 3, 4, 5, 8, 4, 7, 5, 8, 7, 5, 
              4, 7, 8, 8, 9, 5, 3, 8, 4, 3, 5 ],
          eAdj := [ 3, 4, 5, 6, 9, 12, 14, 17, 20, 21, 23, 24, 26, 37, 41, 
              43, 46, 47, 49, 50, 52, 53, 56, 64, 65, 68 ] ), rec(
          DistVect := [ 0, 4, 4, 4, 4, 8, 4, 7, 4, 4, 4, 8, 4, 7, 4, 8, 4, 4, 
              7, 8, 8, 8, 9, 8, 4, 5, 4, 3, 5 ],
          eAdj := [ 1, 3, 5, 7, 8, 10, 11, 12, 13, 14, 15, 17, 19, 20, 24, 
              25, 37, 43, 47, 48, 52, 53, 56, 60, 65, 68 ] ), rec(
          DistVect := [ 0, 4, 4, 4, 4, 9, 4, 8, 4, 4, 4, 7, 4, 8, 4, 8, 7, 4, 
              4, 8, 7, 8, 8, 7, 4, 8, 7, 3, 4 ],
          eAdj := [ 2, 4, 6, 9, 10, 12, 13, 14, 15, 17, 20, 21, 23, 24, 28, 
              31, 35, 36, 45, 46, 48, 49, 51, 56, 59, 67 ] ), rec(
          DistVect := [ 0, 4, 4, 4, 4, 7, 4, 8, 4, 4, 4, 7, 4, 8, 4, 8, 5, 4, 
              4, 8, 7, 8, 8, 7, 4, 8, 7, 3, 4 ],
          eAdj := [ 2, 4, 6, 9, 10, 12, 13, 14, 15, 17, 20, 21, 24, 28, 31, 
              34, 35, 36, 42, 48, 49, 51, 56, 59, 63, 67 ] ), rec(
          DistVect := [ 0, 4, 4, 4, 4, 7, 3, 8, 4, 4, 4, 7, 3, 8, 4, 8, 5, 5, 
              4, 8, 7, 7, 8, 7, 3, 8, 4, 3, 7 ],
          eAdj := [ 1, 3, 4, 5, 6, 9, 10, 12, 14, 15, 17, 20, 22, 24, 33, 36, 
              43, 47, 48, 49, 50, 52, 53, 56, 64, 65 ] ), rec(
          DistVect := [ 0, 4, 4, 4, 4, 8, 4, 7, 4, 4, 4, 8, 4, 5, 4, 8, 4, 4, 
              5, 8, 8, 8, 7, 8, 4, 7, 4, 3, 5 ],
          eAdj := [ 1, 3, 5, 7, 8, 10, 12, 13, 14, 15, 17, 19, 20, 24, 29, 
              37, 47, 48, 52, 53, 54, 56, 60, 64, 65, 68 ] ), rec(
          DistVect := [ 0, 3, 4, 4, 4, 9, 4, 8, 3, 5, 5, 8, 3, 5, 4, 8, 5, 4, 
              4, 8, 7, 8, 8, 7, 4, 8, 5, 3, 4 ],
          eAdj := [ 3, 4, 5, 7, 8, 9, 12, 13, 14, 15, 17, 20, 21, 24, 28, 29, 
              37, 41, 46, 47, 52, 53, 54, 64, 65, 68 ] ), rec(
          DistVect := [ 0, 4, 4, 4, 5, 8, 4, 7, 4, 4, 5, 8, 4, 7, 4, 7, 4, 4, 
              5, 7, 8, 8, 9, 5, 3, 8, 4, 3, 5 ],
          eAdj := [ 3, 5, 7, 8, 9, 12, 13, 17, 19, 21, 24, 26, 37, 41, 42, 
              43, 46, 47, 52, 53, 54, 55, 58, 64, 68, 74 ] ), rec(
          DistVect := [ 0, 4, 4, 4, 4, 8, 4, 9, 4, 4, 4, 8, 4, 5, 4, 8, 4, 4, 
              5, 8, 8, 8, 7, 8, 4, 7, 4, 3, 5 ],
          eAdj := [ 1, 3, 4, 5, 7, 8, 10, 12, 13, 14, 15, 17, 19, 20, 24, 28, 
              29, 37, 38, 47, 48, 52, 53, 54, 56, 65 ] ), rec(
          DistVect := [ 0, 4, 4, 4, 4, 7, 4, 8, 4, 4, 4, 7, 4, 8, 4, 8, 5, 4, 
              4, 8, 9, 8, 8, 5, 4, 8, 5, 3, 4 ],
          eAdj := [ 4, 6, 9, 10, 12, 13, 14, 15, 17, 19, 20, 21, 24, 26, 28, 
              31, 34, 35, 36, 37, 42, 48, 49, 51, 56, 67 ] ), rec(
          DistVect := [ 0, 5, 4, 4, 4, 8, 4, 7, 3, 5, 5, 5, 3, 8, 4, 8, 4, 4, 
              5, 8, 8, 8, 7, 8, 4, 7, 4, 3, 5 ],
          eAdj := [ 1, 5, 6, 7, 12, 13, 14, 15, 17, 19, 20, 24, 30, 31, 35, 
              36, 39, 45, 48, 49, 51, 52, 56, 63, 66, 67 ] ) ] );
