return rec(
  DistVect := [ 0, 1, 1, 1, 1, 1, 1, 0, 1, 1, 1, 2, 2, 1, 1, 2, 2, 1, 1, 2, 
      2, 1, 1, 1, 2, 1, 1, 1, 1 ],
  ListIncidentIneq := 
   [ [ 0, 0, 0, 0, 0, 0, 0, 0, 0, 0, 0, 0, 0, 0, 0, 0, 0, 0, 0, 0, -1, 1, 0, 
          0, 0, 0, 1, 0, 0 ], 
      [ 0, 0, 0, 0, 0, 0, 1, 1, 0, 0, 0, 0, 0, 0, 0, 0, 0, 0, 0, 0, 0, 0, 0, 
          0, 0, 0, 0, 0, -1 ], 
      [ 0, 0, 0, 0, 0, 0, 0, 0, 0, 0, 0, 0, 0, 0, 0, 0, 0, 0, 0, 0, 0, 0, 0, 
          0, -1, 1, 0, 0, 1 ], 
      [ 0, 0, 0, 0, 0, 0, 0, 0, 0, 0, 0, 0, 0, 0, 0, 0, -1, 1, 0, 0, 0, 0, 
          0, 0, 0, 0, 1, 0, 0 ], 
      [ 0, 0, 0, 0, 0, 1, 0, 1, 0, 0, 0, 0, 0, 0, 0, 0, 0, 0, 0, 0, 0, 0, 0, 
          0, 0, 0, 0, -1, 0 ], 
      [ 0, 1, 0, 0, 0, 0, 0, 1, 0, 0, 0, 0, 0, -1, 0, 0, 0, 0, 0, 0, 0, 0, 
          0, 0, 0, 0, 0, 0, 0 ], 
      [ 0, 0, 0, 0, 1, 0, 0, 1, 0, 0, 0, 0, 0, 0, 0, 0, 0, 0, 0, 0, 0, 0, 0, 
          0, 0, -1, 0, 0, 0 ], 
      [ 0, 1, 0, 0, 0, 0, 1, 0, 0, 0, 0, 0, -1, 0, 0, 0, 0, 0, 0, 0, 0, 0, 
          0, 0, 0, 0, 0, 0, 0 ], 
      [ 0, 0, 0, 1, 0, 0, 0, 1, 0, 0, 0, 0, 0, 0, 0, 0, 0, 0, 0, 0, 0, 0, 
          -1, 0, 0, 0, 0, 0, 0 ], 
      [ 0, 0, 0, 0, 0, 0, 0, 0, 0, 0, 0, 0, -1, 1, 0, 0, 0, 0, 0, 0, 0, 0, 
          0, 0, 0, 0, 0, 0, 1 ], 
      [ 0, 0, 0, 0, 0, 0, 0, 0, 1, 0, 0, 0, -1, 0, 0, 0, 0, 1, 0, 0, 0, 0, 
          0, 0, 0, 0, 0, 0, 0 ], 
      [ 0, 1, 0, 0, 0, 1, 0, 0, 0, 0, 0, -1, 0, 0, 0, 0, 0, 0, 0, 0, 0, 0, 
          0, 0, 0, 0, 0, 0, 0 ], 
      [ 0, 0, 1, 0, 0, 0, 0, 1, 0, 0, 0, 0, 0, 0, 0, 0, 0, 0, -1, 0, 0, 0, 
          0, 0, 0, 0, 0, 0, 0 ], 
      [ 0, 0, 0, 0, 0, 0, -1, 1, 0, 0, 0, 0, 0, 0, 0, 0, 0, 0, 0, 0, 0, 0, 
          0, 0, 0, 0, 0, 0, 1 ], 
      [ 0, 0, 0, 0, 0, 0, 0, 0, 0, 1, 0, 0, -1, 0, 0, 0, 0, 0, 0, 0, 0, 1, 
          0, 0, 0, 0, 0, 0, 0 ], 
      [ 0, 0, 0, 0, 0, 0, 0, 0, 0, 0, 0, 0, 0, 0, 0, 0, 0, 0, 0, 0, 0, 0, 0, 
          1, -1, 0, 1, 0, 0 ], 
      [ 0, 0, 0, 0, 0, 0, 0, 0, 0, 1, 1, 0, 0, 0, 0, 0, 0, 0, 0, -1, 0, 0, 
          0, 0, 0, 0, 0, 0, 0 ], 
      [ 0, 0, 1, 0, 0, 1, 0, 0, 0, 0, 0, 0, 0, 0, 0, 0, -1, 0, 0, 0, 0, 0, 
          0, 0, 0, 0, 0, 0, 0 ], 
      [ 0, 0, 0, 0, 0, 0, 0, 0, 1, 0, 1, 0, 0, 0, 0, -1, 0, 0, 0, 0, 0, 0, 
          0, 0, 0, 0, 0, 0, 0 ], 
      [ 0, 0, 0, 0, 0, 0, 0, 0, 0, 0, 1, -1, 0, 0, 0, 0, 0, 0, 0, 0, 0, 0, 
          0, 1, 0, 0, 0, 0, 0 ], 
      [ 0, 0, 0, 1, 1, 0, 0, 0, 0, 0, 0, 0, 0, 0, 0, 0, 0, 0, 0, -1, 0, 0, 
          0, 0, 0, 0, 0, 0, 0 ], 
      [ 0, 0, 0, 0, 0, 0, 0, 0, 0, 0, 0, 0, 0, 0, 0, 0, 0, 0, 0, 0, -1, 0, 
          1, 0, 0, 0, 0, 1, 0 ], 
      [ 0, 0, 1, 0, 1, 0, 0, 0, 0, 0, 0, 0, 0, 0, 0, -1, 0, 0, 0, 0, 0, 0, 
          0, 0, 0, 0, 0, 0, 0 ], 
      [ 0, 0, 0, 0, 1, 0, 1, 0, 0, 0, 0, 0, 0, 0, 0, 0, 0, 0, 0, 0, 0, 0, 0, 
          0, -1, 0, 0, 0, 0 ], 
      [ 0, 0, 0, 0, 0, 0, 0, 0, 0, 0, 0, 0, 0, 0, 0, 0, -1, 0, 1, 0, 0, 0, 
          0, 0, 0, 0, 0, 1, 0 ], 
      [ 0, 0, 0, 0, 0, 0, 0, 0, 0, 0, 0, 0, 0, 0, 0, 0, 0, 0, 0, -1, 0, 0, 
          1, 0, 0, 1, 0, 0, 0 ], 
      [ 0, 0, 0, 0, 0, -1, 0, 1, 0, 0, 0, 0, 0, 0, 0, 0, 0, 0, 0, 0, 0, 0, 
          0, 0, 0, 0, 0, 1, 0 ], 
      [ 0, 0, 0, 0, 0, 0, 0, 0, 0, 0, 0, -1, 0, 1, 0, 0, 0, 0, 0, 0, 0, 0, 
          0, 0, 0, 0, 0, 1, 0 ], 
      [ 0, 0, 0, 0, 0, 0, 0, 0, 0, 0, 0, 0, 0, 0, 0, -1, 0, 0, 1, 0, 0, 0, 
          0, 0, 0, 1, 0, 0, 0 ], 
      [ 0, 0, 0, 1, 0, 1, 0, 0, 0, 0, 0, 0, 0, 0, 0, 0, 0, 0, 0, 0, -1, 0, 
          0, 0, 0, 0, 0, 0, 0 ], 
      [ 0, 0, 0, 0, -1, 0, 0, 1, 0, 0, 0, 0, 0, 0, 0, 0, 0, 0, 0, 0, 0, 0, 
          0, 0, 0, 1, 0, 0, 0 ], 
      [ 0, -1, 0, 0, 0, 0, 0, 1, 0, 0, 0, 0, 0, 1, 0, 0, 0, 0, 0, 0, 0, 0, 
          0, 0, 0, 0, 0, 0, 0 ], 
      [ 0, 0, 0, -1, 0, 0, 0, 1, 0, 0, 0, 0, 0, 0, 0, 0, 0, 0, 0, 0, 0, 0, 
          1, 0, 0, 0, 0, 0, 0 ], 
      [ 0, 0, -1, 0, 0, 0, 0, 1, 0, 0, 0, 0, 0, 0, 0, 0, 0, 0, 1, 0, 0, 0, 
          0, 0, 0, 0, 0, 0, 0 ], 
      [ 0, 1, -1, 0, 0, 0, 1, 1, 1, 0, 0, 0, -1, -1, 0, 0, 0, 1, 1, 0, 0, 0, 
          0, 0, 0, 0, 0, 0, -1 ], 
      [ 0, 1, 0, -1, 0, 0, 1, 1, 0, 1, 0, 0, -1, -1, 0, 0, 0, 0, 0, 0, 0, 1, 
          1, 0, 0, 0, 0, 0, -1 ], 
      [ 0, 0, 0, 0, 0, 0, 0, 0, 1, 1, 1, 0, -1, 0, -1, -1, 0, 1, 0, -1, 0, 
          1, 0, 0, 1, 0, 0, 0, 0 ], 
      [ 0, 0, 0, 0, 0, 0, 0, 0, 0, 0, 0, 0, 0, 0, -1, 0, -1, 1, 1, 0, -1, 1, 
          1, 0, 0, 0, 1, 1, -1 ], 
      [ 0, 0, 0, 1, 0, 1, -1, 1, 0, 0, 0, 0, 0, 0, 0, 0, 0, 0, 0, 0, -1, 1, 
          -1, 0, 0, 0, 1, -1, 1 ], 
      [ 0, 0, 0, 0, 1, -1, 1, 1, 0, 0, 0, 0, 0, 0, 0, 0, 0, 0, 0, 0, 0, 0, 
          0, 1, -1, -1, 1, 1, -1 ], 
      [ 0, 0, 1, 1, 0, 1, -1, 0, 0, 0, 0, 0, 0, 0, -1, 0, -1, 1, 0, 0, -1, 
          1, 0, 0, 0, 0, 1, 0, 0 ], 
      [ 0, 0, 1, 0, 0, 1, -1, 1, 0, 0, 0, 0, 0, 0, 0, 0, -1, 1, -1, 0, 0, 0, 
          0, 0, 0, 0, 1, -1, 1 ], 
      [ 0, 0, 0, 0, -1, 1, -1, 1, 0, 0, 0, 0, 0, 0, 0, 0, 0, 0, 0, 0, 0, 0, 
          0, 1, -1, 1, 1, -1, 1 ], 
      [ 0, 0, 0, -1, 0, -1, 1, 1, 0, 0, 0, 0, 0, 0, 0, 0, 0, 0, 0, 0, -1, 1, 
          1, 0, 0, 0, 1, 1, -1 ], 
      [ 0, 0, 0, 0, 0, 0, 0, 0, 1, 1, 0, 1, -1, 0, -1, 0, -1, 1, 0, 0, -1, 
          1, 0, 0, 0, 0, 1, 0, 0 ], 
      [ 0, -1, 1, 0, 0, 0, -1, 1, 1, 0, 0, 0, -1, 1, 0, 0, 0, 1, -1, 0, 0, 
          0, 0, 0, 0, 0, 0, 0, 1 ], 
      [ 0, 0, -1, 0, 0, -1, 1, 1, 0, 0, 0, 0, 0, 0, 0, 0, -1, 1, 1, 0, 0, 0, 
          0, 0, 0, 0, 1, 1, -1 ], 
      [ 0, -1, 0, 0, 1, -1, 0, 1, 0, 0, 1, -1, 0, 1, 0, 0, 0, 0, 0, 0, 0, 0, 
          0, 1, 0, -1, 0, 1, 0 ], 
      [ 0, -1, 0, 1, 0, 0, -1, 1, 0, 1, 0, 0, -1, 1, 0, 0, 0, 0, 0, 0, 0, 1, 
          -1, 0, 0, 0, 0, 0, 1 ], 
      [ 0, -1, 0, 1, 1, 0, 0, 1, 0, 1, 1, 0, 0, 1, 0, 0, 0, 0, 0, -1, 0, 0, 
          -1, 0, 0, -1, 0, 0, 0 ], 
      [ 0, -1, 1, 0, 1, 0, 0, 1, 1, 0, 1, 0, 0, 1, 0, -1, 0, 0, -1, 0, 0, 0, 
          0, 0, 0, -1, 0, 0, 0 ], 
      [ 0, 1, 0, 0, -1, 1, 0, 1, 0, 0, 1, -1, 0, -1, 0, 0, 0, 0, 0, 0, 0, 0, 
          0, 1, 0, 1, 0, -1, 0 ], 
      [ 0, 1, 0, -1, -1, 0, 0, 1, 0, 1, 1, 0, 0, -1, 0, 0, 0, 0, 0, -1, 0, 
          0, 1, 0, 0, 1, 0, 0, 0 ], 
      [ 0, 1, -1, 0, -1, 0, 0, 1, 1, 0, 1, 0, 0, -1, 0, -1, 0, 0, 1, 0, 0, 
          0, 0, 0, 0, 1, 0, 0, 0 ], 
      [ 0, -1, 1, 1, 1, 0, 0, 0, 1, 1, 1, 0, 0, 0, -1, -1, 0, 0, 0, -1, 0, 
          0, 0, 0, 0, 0, 0, 0, 0 ], 
      [ 0, 0, 0, 0, 0, 0, 0, 0, 1, 1, 1, 0, 0, -1, -1, -1, 0, 0, 1, -1, 0, 
          0, 1, 0, 0, 1, 0, 0, 0 ], 
      [ 0, 0, -1, -1, 0, -1, 1, 2, 0, 0, 0, 0, 0, 0, -1, 0, -1, 1, 2, 0, -1, 
          1, 2, 0, 0, 0, 1, 2, -2 ], 
      [ 0, 0, 2, 2, 0, 2, -2, 2, 0, 0, 0, 0, 0, 0, -1, 0, -1, 1, -1, 0, -1, 
          1, -1, 0, 0, 0, 1, -1, 1 ], 
      [ 0, -2, 2, 2, 2, 0, 0, 2, 1, 1, 1, 0, 0, 1, -1, -1, 0, 0, -1, -1, 0, 
          0, -1, 0, 0, -1, 0, 0, 0 ], 
      [ 0, 1, -1, -1, -1, 0, 0, 2, 1, 1, 1, 0, 0, -2, -1, -1, 0, 0, 2, -1, 
          0, 0, 2, 0, 0, 2, 0, 0, 0 ], 
      [ 0, 0, 0, 0, 0, 0, 0, 0, 1, 1, 1, 1, -1, -1, -1, -1, -1, 1, 1, -1, 
          -1, 1, 1, -1, 1, 1, 1, 1, -1 ], 
      [ 0, -1, 1, 1, 1, 1, -1, 0, 1, 1, 1, 1, -1, 0, -1, -1, -1, 1, 0, -1, 
          -1, 1, 0, -1, 1, 0, 1, 0, 0 ], 
      [ 0, 1, -1, -1, -1, 0, 1, 1, 1, 1, 1, 0, -1, -1, -1, -1, 0, 1, 1, -1, 
          0, 1, 1, 0, 1, 1, 0, 0, -1 ], 
      [ 0, 1, -1, -1, 0, -1, 1, 1, 1, 1, 0, 1, -1, -1, -1, 0, -1, 1, 1, 0, 
          -1, 1, 1, 0, 0, 0, 1, 1, -1 ], 
      [ 0, -1, 1, 1, 0, 1, -1, 1, 1, 1, 0, 1, -1, 1, -1, 0, -1, 1, -1, 0, 
          -1, 1, -1, 0, 0, 0, 1, -1, 1 ], 
      [ 0, -1, 1, 1, 1, 0, -1, 1, 1, 1, 1, 0, -1, 1, -1, -1, 0, 1, -1, -1, 
          0, 1, -1, 0, 1, -1, 0, 0, 1 ], 
      [ 0, 2, -2, -2, -2, 0, 2, 4, 1, 1, 1, 0, -1, -2, -1, -1, 0, 1, 2, -1, 
          0, 1, 2, 0, 1, 2, 0, 0, -2 ], 
      [ 0, 2, -2, -2, 0, -2, 2, 4, 1, 1, 0, 1, -1, -2, -1, 0, -1, 1, 2, 0, 
          -1, 1, 2, 0, 0, 0, 1, 2, -2 ], 
      [ 0, -2, 2, 2, 2, 0, -2, 4, 1, 1, 1, 0, -1, 2, -1, -1, 0, 1, -2, -1, 
          0, 1, -2, 0, 1, -2, 0, 0, 2 ], 
      [ 0, -2, 2, 2, 0, 2, -2, 4, 1, 1, 0, 1, -1, 2, -1, 0, -1, 1, -2, 0, 
          -1, 1, -2, 0, 0, 0, 1, -2, 2 ], 
      [ 0, 1, -1, -1, -1, -1, 1, 2, 1, 1, 1, 1, -1, -2, -1, -1, -1, 1, 2, 
          -1, -1, 1, 2, -1, 1, 2, 1, 2, -2 ], 
      [ 0, -2, 2, 2, 2, 2, -2, 2, 1, 1, 1, 1, -1, 1, -1, -1, -1, 1, -1, -1, 
          -1, 1, -1, -1, 1, -1, 1, -1, 1 ], 
      [ 0, -3, 3, 3, 3, 3, -3, 6, 1, 1, 1, 1, -1, 2, -1, -1, -1, 1, -2, -1, 
          -1, 1, -2, -1, 1, -2, 1, -2, 2 ], 
      [ 0, 2, -2, -2, -2, -2, 2, 6, 1, 1, 1, 1, -1, -3, -1, -1, -1, 1, 3, 
          -1, -1, 1, 3, -1, 1, 3, 1, 3, -3 ] ],
  ListIncidentSymbol := 
   [ [ 0, 0, 0, 1, 0, 1, -1, 0 ], [ -1, 0, 0, 0, 0, 0, 1, 1 ], 
      [ 0, 0, 0, 0, 1, 0, 1, -1 ], [ 0, 0, 1, 0, 0, 1, -1, 0 ], 
      [ -1, 0, 0, 0, 0, 1, 0, 1 ], [ -1, 1, 0, 0, 0, 0, 0, 1 ], 
      [ -1, 0, 0, 0, 1, 0, 0, 1 ], [ -1, 1, 0, 0, 0, 0, 1, 0 ], 
      [ -1, 0, 0, 1, 0, 0, 0, 1 ], [ 0, 1, 0, 0, 0, 0, 1, -1 ], 
      [ 0, 1, -1, 0, 0, 0, 1, 0 ], [ -1, 1, 0, 0, 0, 1, 0, 0 ], 
      [ -1, 0, 1, 0, 0, 0, 0, 1 ], [ 1, 0, 0, 0, 0, 0, 1, -1 ], 
      [ 0, 1, 0, -1, 0, 0, 1, 0 ], [ 0, 0, 0, 0, 1, -1, 1, 0 ], 
      [ 0, -1, 0, 1, 1, 0, 0, 0 ], [ -1, 0, 1, 0, 0, 1, 0, 0 ], 
      [ 0, -1, 1, 0, 1, 0, 0, 0 ], [ 0, 1, 0, 0, -1, 1, 0, 0 ], 
      [ -1, 0, 0, 1, 1, 0, 0, 0 ], [ 0, 0, 0, 1, 0, 1, 0, -1 ], 
      [ -1, 0, 1, 0, 1, 0, 0, 0 ], [ -1, 0, 0, 0, 1, 0, 1, 0 ], 
      [ 0, 0, 1, 0, 0, 1, 0, -1 ], [ 0, 0, 0, 1, 1, 0, 0, -1 ], 
      [ 1, 0, 0, 0, 0, 1, 0, -1 ], [ 0, 1, 0, 0, 0, 1, 0, -1 ], 
      [ 0, 0, 1, 0, 1, 0, 0, -1 ], [ -1, 0, 0, 1, 0, 1, 0, 0 ], 
      [ 1, 0, 0, 0, 1, 0, 0, -1 ], [ 1, 1, 0, 0, 0, 0, 0, -1 ], 
      [ 1, 0, 0, 1, 0, 0, 0, -1 ], [ 1, 0, 1, 0, 0, 0, 0, -1 ], 
      [ -1, 1, -1, 0, 0, 0, 1, 1 ], [ -1, 1, 0, -1, 0, 0, 1, 1 ], 
      [ 0, -1, 1, 1, 1, 0, -1, 0 ], [ 0, 0, 1, 1, 0, 1, -1, -1 ], 
      [ -1, 0, 0, 1, 0, 1, -1, 1 ], [ -1, 0, 0, 0, 1, -1, 1, 1 ], 
      [ -1, 0, 1, 1, 0, 1, -1, 0 ], [ -1, 0, 1, 0, 0, 1, -1, 1 ], 
      [ 1, 0, 0, 0, 1, -1, 1, -1 ], [ 1, 0, 0, 1, 0, 1, -1, -1 ], 
      [ 0, -1, 1, 1, 0, 1, -1, 0 ], [ 1, 1, -1, 0, 0, 0, 1, -1 ], 
      [ 1, 0, 1, 0, 0, 1, -1, -1 ], [ 1, 1, 0, 0, -1, 1, 0, -1 ], 
      [ 1, 1, 0, -1, 0, 0, 1, -1 ], [ -1, -1, 0, 1, 1, 0, 0, 1 ], 
      [ -1, -1, 1, 0, 1, 0, 0, 1 ], [ -1, 1, 0, 0, -1, 1, 0, 1 ], 
      [ 1, -1, 0, 1, 1, 0, 0, -1 ], [ 1, -1, 1, 0, 1, 0, 0, -1 ], 
      [ -1, -1, 1, 1, 1, 0, 0, 0 ], [ 0, -1, 1, 1, 1, 0, 0, -1 ], 
      [ 1, 0, 1, 1, 0, 1, -1, -2 ], [ -2, 0, 1, 1, 0, 1, -1, 1 ], 
      [ -2, -1, 1, 1, 1, 0, 0, 1 ], [ 1, -1, 1, 1, 1, 0, 0, -2 ], 
      [ 0, -1, 1, 1, 1, 1, -1, -1 ], [ -1, -1, 1, 1, 1, 1, -1, 0 ], 
      [ 1, -1, 1, 1, 1, 0, -1, -1 ], [ 1, -1, 1, 1, 0, 1, -1, -1 ], 
      [ -1, -1, 1, 1, 0, 1, -1, 1 ], [ -1, -1, 1, 1, 1, 0, -1, 1 ], 
      [ 2, -1, 1, 1, 1, 0, -1, -2 ], [ 2, -1, 1, 1, 0, 1, -1, -2 ], 
      [ -2, -1, 1, 1, 1, 0, -1, 2 ], [ -2, -1, 1, 1, 0, 1, -1, 2 ], 
      [ 1, -1, 1, 1, 1, 1, -1, -2 ], [ -2, -1, 1, 1, 1, 1, -1, 1 ], 
      [ -3, -1, 1, 1, 1, 1, -1, 2 ], [ 2, -1, 1, 1, 1, 1, -1, -3 ] ],
  ListAdjacent := [ rec(
          DistVect := [ 0, 1, 1, 0, 0, 0, 0, 0, 0, 1, 1, 1, 1, 1, 1, 1, 1, 
              1, 1, 0, 0, 0, 0, 0, 0, 0, 0, 0, 0 ],
          eAdj := [ 1, 2, 3, 4, 5, 6, 7, 8, 9, 10, 11, 12, 13, 14, 15, 16, 
              18, 19, 20, 21, 22, 23, 24, 25, 26, 27, 28, 29, 30, 31, 32, 
              33, 34, 35, 36, 37, 38, 39, 40, 41, 42, 43, 44, 45, 46, 47, 
              48, 49, 51, 52, 54, 55, 56, 57, 58, 59, 60, 61, 62, 63, 64, 
              65, 66, 67, 68, 69, 70, 71, 72, 73, 74 ] ), rec(
          DistVect := [ 0, 0, 0, 0, 1, 0, 0, 0, 0, 0, 1, 0, 0, 0, 0, 1, 0, 
              0, 0, 1, 0, 0, 0, 1, 1, 1, 0, 0, 0 ],
          eAdj := [ 1, 2, 3, 4, 5, 6, 7, 8, 9, 10, 11, 12, 13, 14, 15, 16, 
              17, 18, 19, 21, 22, 23, 24, 25, 26, 27, 28, 29, 30, 31, 32, 
              33, 34, 35, 36, 37, 38, 39, 40, 41, 42, 43, 44, 45, 46, 47, 
              49, 50, 51, 53, 54, 55, 56, 57, 58, 59, 60, 61, 62, 63, 64, 
              65, 66, 67, 68, 69, 70, 71, 72, 73, 74 ] ), rec(
          DistVect := [ 0, 0, 0, 1, 0, 0, 0, 0, 0, 1, 0, 0, 0, 0, 1, 0, 0, 
              0, 0, 1, 1, 1, 1, 0, 0, 0, 0, 0, 0 ],
          eAdj := [ 1, 2, 3, 4, 5, 6, 7, 8, 9, 10, 11, 12, 13, 14, 16, 17, 
              18, 19, 20, 21, 22, 23, 24, 25, 26, 27, 28, 29, 30, 31, 32, 
              33, 34, 35, 37, 38, 39, 40, 41, 42, 43, 44, 45, 46, 47, 48, 
              50, 51, 52, 53, 54, 55, 56, 57, 58, 59, 60, 61, 62, 63, 64, 
              65, 66, 67, 68, 69, 70, 71, 72, 73, 74 ] ), rec(
          DistVect := [ 0, 1, 0, 0, 1, 1, 0, 0, 1, 1, 0, 0, 1, 1, 0, 1, 1, 
              0, 0, 1, 1, 0, 0, 0, 1, 1, 1, 1, 0 ],
          eAdj := [ 1, 2, 3, 4, 5, 6, 7, 8, 9, 10, 11, 13, 14, 15, 16, 17, 
              18, 19, 20, 21, 22, 23, 24, 25, 26, 27, 29, 30, 31, 32, 33, 
              34, 35, 36, 37, 38, 39, 40, 41, 42, 43, 44, 45, 46, 47, 48, 
              49, 50, 51, 52, 53, 54, 55, 56, 57, 58, 59, 60, 61, 62, 63, 
              64, 65, 66, 67, 68, 69, 70, 71, 72, 73, 74 ] ), rec(
          DistVect := [ 0, 0, 0, 1, 0, 1, 1, 0, 0, 1, 0, 1, 1, 0, 1, 0, 1, 
              1, 0, 1, 0, 0, 1, 1, 1, 0, 0, 1, 1 ],
          eAdj := [ 1, 2, 3, 4, 5, 6, 7, 8, 9, 10, 11, 12, 13, 14, 15, 16, 
              17, 18, 19, 20, 21, 23, 24, 25, 26, 27, 28, 29, 31, 32, 33, 
              34, 35, 36, 37, 38, 39, 40, 41, 42, 43, 44, 45, 46, 47, 48, 
              49, 50, 51, 52, 53, 54, 55, 56, 57, 58, 59, 60, 61, 62, 63, 
              64, 65, 66, 67, 68, 69, 70, 71, 72, 73, 74 ] ), rec(
          DistVect := [ 0, 5, 7, 5, 3, 5, 4, 3, 4, 4, 4, 8, 9, 4, 4, 8, 8, 
              7, 4, 8, 8, 5, 4, 4, 7, 4, 5, 4, 7 ],
          eAdj := [ 2, 8, 15, 17, 19, 20, 21, 22, 24, 25, 26, 28, 29, 34, 
              35, 36, 40, 44, 47, 48, 56, 57, 61, 63, 64, 71 ] ), rec(
          DistVect := [ 0, 3, 5, 3, 5, 7, 4, 3, 4, 4, 4, 8, 7, 4, 4, 8, 8, 
              5, 4, 8, 8, 3, 4, 4, 9, 4, 7, 4, 7 ],
          eAdj := [ 2, 8, 15, 17, 19, 20, 21, 22, 24, 25, 26, 27, 28, 29, 
              35, 36, 38, 40, 44, 47, 54, 56, 57, 63, 64, 71 ] ), rec(
          DistVect := [ 0, 1, 1, 2, 1, 2, 1, 1, 1, 1, 1, 2, 2, 1, 1, 2, 2, 
              1, 1, 2, 2, 2, 1, 1, 2, 1, 2, 1, 2 ],
          eAdj := [ 2, 8, 11, 17, 19, 20, 22, 23, 24, 25, 26, 27, 28, 29, 
              33, 35, 36, 40, 44, 47, 48, 53, 56, 57, 63, 64, 68, 71 ] ), 
      rec(
          DistVect := [ 0, 4, 4, 4, 4, 7, 4, 3, 4, 4, 4, 7, 8, 3, 4, 8, 9, 
              4, 5, 8, 7, 4, 3, 5, 8, 5, 7, 4, 7 ],
          eAdj := [ 2, 8, 11, 15, 17, 19, 21, 22, 23, 24, 25, 26, 27, 28, 
              36, 37, 38, 40, 44, 47, 48, 51, 55, 57, 61, 64 ] ), rec(
          DistVect := [ 0, 3, 5, 5, 3, 7, 4, 3, 4, 4, 4, 8, 7, 4, 4, 8, 8, 
              5, 4, 8, 8, 5, 4, 4, 7, 4, 7, 4, 7 ],
          eAdj := [ 2, 8, 17, 19, 20, 21, 22, 23, 24, 25, 26, 27, 28, 29, 
              35, 36, 40, 44, 47, 48, 56, 57, 63, 64, 68, 71 ] ), rec(
          DistVect := [ 0, 4, 4, 4, 4, 7, 4, 3, 4, 4, 4, 7, 8, 3, 4, 8, 9, 
              4, 5, 8, 9, 4, 5, 3, 8, 3, 7, 4, 7 ],
          eAdj := [ 2, 8, 11, 15, 17, 19, 20, 21, 22, 23, 24, 25, 26, 27, 
              28, 29, 37, 38, 40, 44, 45, 47, 48, 55, 61, 64 ] ), rec(
          DistVect := [ 0, 4, 4, 4, 4, 7, 4, 3, 4, 4, 4, 9, 8, 5, 4, 8, 9, 
              4, 5, 8, 7, 4, 3, 5, 8, 5, 5, 4, 5 ],
          eAdj := [ 4, 8, 11, 15, 17, 19, 20, 21, 22, 23, 24, 25, 26, 27, 
              28, 36, 37, 38, 40, 44, 47, 48, 55, 56, 61, 64 ] ), rec(
          DistVect := [ 0, 1, 1, 1, 1, 2, 1, 1, 1, 1, 1, 2, 2, 1, 1, 2, 2, 
              1, 1, 2, 2, 1, 1, 2, 2, 2, 2, 1, 2 ],
          eAdj := [ 2, 7, 8, 11, 15, 17, 19, 21, 22, 23, 24, 25, 27, 28, 35, 
              36, 37, 38, 40, 44, 47, 48, 50, 51, 55, 57, 61, 64 ] ), rec(
          DistVect := [ 0, 7, 7, 4, 4, 4, 4, 3, 4, 5, 5, 7, 9, 4, 5, 9, 7, 
              5, 4, 8, 8, 4, 5, 4, 8, 5, 4, 3, 5 ],
          eAdj := [ 1, 10, 11, 15, 16, 19, 21, 22, 24, 25, 28, 29, 30, 32, 
              34, 37, 38, 40, 45, 47, 48, 49, 50, 55, 61, 62 ] ), rec(
          DistVect := [ 0, 7, 7, 7, 4, 4, 4, 3, 4, 4, 3, 7, 9, 4, 4, 7, 7, 
              5, 4, 7, 7, 5, 4, 4, 8, 3, 4, 3, 5 ],
          eAdj := [ 3, 10, 11, 15, 16, 17, 19, 20, 22, 24, 25, 26, 28, 29, 
              32, 33, 34, 44, 47, 48, 56, 57, 61, 63, 64, 71 ] ), rec(
          DistVect := [ 0, 7, 4, 4, 4, 4, 4, 3, 5, 5, 5, 9, 7, 4, 4, 8, 8, 
              4, 5, 8, 8, 4, 5, 4, 8, 5, 4, 5, 3 ],
          eAdj := [ 1, 3, 4, 10, 16, 18, 20, 21, 23, 24, 28, 30, 32, 39, 41, 
              42, 46, 48, 49, 50, 51, 55, 59, 65, 66, 72 ] ), rec(
          DistVect := [ 0, 7, 7, 4, 4, 4, 4, 3, 4, 5, 5, 7, 7, 4, 5, 9, 7, 
              3, 4, 8, 8, 4, 5, 4, 8, 5, 4, 3, 3 ],
          eAdj := [ 1, 3, 4, 10, 11, 16, 19, 21, 22, 24, 25, 28, 29, 30, 32, 
              34, 37, 38, 45, 47, 48, 49, 50, 55, 62, 66 ] ), rec(
          DistVect := [ 0, 7, 4, 4, 4, 4, 4, 3, 5, 5, 5, 7, 7, 4, 4, 8, 8, 
              4, 5, 8, 8, 4, 5, 4, 8, 5, 4, 3, 3 ],
          eAdj := [ 1, 3, 4, 10, 16, 18, 21, 22, 23, 24, 25, 28, 30, 32, 41, 
              46, 48, 49, 50, 51, 55, 59, 62, 65, 66, 72 ] ), rec(
          DistVect := [ 0, 7, 4, 4, 7, 4, 4, 3, 5, 3, 4, 9, 7, 4, 4, 9, 8, 
              4, 5, 7, 8, 4, 3, 5, 7, 4, 4, 5, 3 ],
          eAdj := [ 1, 3, 4, 10, 15, 17, 18, 19, 20, 22, 26, 28, 29, 30, 31, 
              32, 37, 41, 42, 43, 46, 49, 55, 56, 62, 65 ] ), rec(
          DistVect := [ 0, 5, 5, 3, 7, 5, 5, 3, 4, 4, 4, 8, 8, 4, 4, 8, 8, 
              4, 4, 8, 8, 4, 4, 4, 8, 4, 4, 4, 4 ],
          eAdj := [ 1, 3, 4, 10, 11, 15, 16, 17, 19, 20, 22, 25, 26, 28, 29, 
              30, 31, 37, 38, 41, 43, 45, 49, 54, 56, 61 ] ), rec(
          DistVect := [ 0, 7, 5, 3, 7, 5, 3, 3, 4, 4, 4, 8, 8, 4, 4, 8, 8, 
              4, 4, 8, 8, 4, 4, 4, 8, 4, 4, 4, 4 ],
          eAdj := [ 1, 3, 4, 10, 11, 15, 16, 17, 19, 20, 22, 25, 26, 28, 29, 
              30, 31, 32, 37, 38, 45, 47, 49, 55, 56, 61 ] ), rec(
          DistVect := [ 0, 7, 7, 5, 5, 3, 5, 3, 4, 4, 4, 8, 8, 4, 4, 8, 8, 
              4, 4, 8, 8, 4, 4, 4, 8, 4, 4, 4, 4 ],
          eAdj := [ 1, 3, 4, 10, 11, 15, 16, 17, 19, 20, 22, 25, 26, 28, 29, 
              30, 32, 34, 37, 38, 43, 45, 49, 56, 61, 62 ] ), rec(
          DistVect := [ 0, 7, 4, 4, 7, 4, 4, 3, 5, 5, 4, 7, 7, 4, 4, 9, 8, 
              4, 5, 9, 8, 4, 5, 3, 7, 4, 4, 3, 3 ],
          eAdj := [ 1, 3, 4, 10, 16, 17, 18, 19, 20, 22, 25, 26, 28, 29, 30, 
              31, 32, 37, 41, 43, 46, 49, 55, 62, 65, 66 ] ), rec(
          DistVect := [ 0, 7, 5, 5, 7, 3, 3, 3, 4, 4, 4, 8, 8, 4, 4, 8, 8, 
              4, 4, 8, 8, 4, 4, 4, 8, 4, 4, 4, 4 ],
          eAdj := [ 1, 3, 4, 10, 11, 15, 16, 17, 18, 19, 20, 22, 25, 26, 28, 
              29, 30, 31, 32, 37, 38, 43, 45, 56, 61, 63 ] ), rec(
          DistVect := [ 0, 5, 5, 3, 5, 5, 5, 3, 4, 4, 4, 8, 8, 4, 4, 8, 8, 
              4, 4, 8, 8, 4, 4, 4, 8, 4, 4, 4, 4 ],
          eAdj := [ 1, 3, 4, 10, 11, 15, 16, 17, 19, 20, 21, 22, 25, 26, 28, 
              29, 30, 37, 38, 41, 45, 49, 55, 56, 61, 62 ] ), rec(
          DistVect := [ 0, 5, 7, 3, 5, 5, 5, 3, 4, 4, 4, 8, 8, 4, 4, 8, 8, 
              4, 4, 8, 8, 4, 4, 4, 8, 4, 4, 4, 4 ],
          eAdj := [ 1, 3, 4, 10, 11, 15, 16, 17, 19, 20, 21, 22, 25, 26, 28, 
              29, 30, 34, 37, 38, 45, 47, 49, 54, 56, 61 ] ), rec(
          DistVect := [ 0, 7, 5, 5, 5, 5, 3, 3, 4, 4, 4, 8, 8, 4, 4, 8, 8, 
              4, 4, 8, 8, 4, 4, 4, 8, 4, 4, 4, 4 ],
          eAdj := [ 1, 3, 4, 10, 11, 15, 16, 17, 19, 20, 22, 24, 25, 26, 28, 
              29, 32, 37, 38, 44, 45, 47, 48, 55, 56, 61 ] ), rec(
          DistVect := [ 0, 7, 7, 5, 5, 3, 3, 3, 4, 4, 4, 8, 8, 4, 4, 8, 8, 
              4, 4, 8, 8, 4, 4, 4, 8, 4, 4, 4, 4 ],
          eAdj := [ 1, 3, 4, 10, 11, 15, 16, 17, 19, 20, 22, 24, 25, 26, 28, 
              29, 30, 32, 34, 37, 38, 45, 47, 56, 61, 63 ] ), rec(
          DistVect := [ 0, 7, 7, 7, 3, 3, 5, 3, 4, 4, 4, 8, 8, 4, 4, 8, 8, 
              4, 4, 8, 8, 4, 4, 4, 8, 4, 4, 4, 4 ],
          eAdj := [ 1, 3, 4, 10, 11, 15, 16, 17, 19, 20, 22, 24, 25, 26, 28, 
              29, 32, 33, 34, 37, 38, 45, 48, 56, 61, 62 ] ), rec(
          DistVect := [ 0, 7, 5, 5, 5, 3, 3, 3, 4, 4, 4, 8, 8, 4, 4, 8, 8, 
              4, 4, 8, 8, 4, 4, 4, 8, 4, 4, 4, 4 ],
          eAdj := [ 1, 3, 4, 10, 11, 15, 16, 17, 18, 19, 20, 22, 24, 25, 26, 
              28, 29, 30, 32, 37, 38, 45, 55, 56, 61, 62 ] ), rec(
          DistVect := [ 0, 5, 7, 5, 3, 5, 5, 3, 4, 4, 4, 8, 8, 4, 4, 8, 8, 
              4, 4, 8, 8, 4, 4, 4, 8, 4, 4, 4, 4 ],
          eAdj := [ 1, 3, 4, 10, 11, 15, 16, 17, 19, 20, 21, 22, 24, 25, 26, 
              28, 29, 34, 37, 38, 45, 47, 48, 56, 61, 64 ] ), rec(
          DistVect := [ 0, 5, 5, 5, 3, 5, 5, 3, 4, 4, 4, 8, 8, 4, 4, 8, 8, 
              4, 4, 8, 8, 4, 4, 4, 8, 4, 4, 4, 4 ],
          eAdj := [ 1, 3, 4, 10, 11, 15, 16, 17, 19, 20, 21, 22, 23, 24, 25, 
              26, 28, 29, 37, 38, 45, 48, 55, 56, 61, 62 ] ), rec(
          DistVect := [ 0, 4, 4, 4, 4, 7, 4, 3, 4, 4, 4, 7, 8, 3, 4, 8, 7, 
              4, 3, 8, 7, 4, 3, 5, 8, 5, 5, 4, 5 ],
          eAdj := [ 8, 10, 11, 15, 17, 19, 21, 22, 23, 24, 25, 26, 27, 28, 
              29, 37, 38, 40, 44, 47, 48, 55, 56, 57, 61, 64 ] ), rec(
          DistVect := [ 0, 4, 4, 4, 4, 7, 4, 3, 4, 4, 4, 7, 8, 3, 4, 8, 9, 
              4, 5, 8, 7, 4, 3, 5, 8, 5, 5, 4, 5 ],
          eAdj := [ 4, 8, 10, 11, 15, 17, 19, 21, 22, 23, 24, 25, 26, 27, 
              28, 37, 38, 40, 44, 45, 47, 48, 51, 55, 61, 64 ] ), rec(
          DistVect := [ 0, 4, 4, 4, 7, 7, 4, 3, 4, 4, 5, 9, 8, 5, 4, 7, 7, 
              4, 3, 7, 7, 4, 3, 4, 7, 4, 3, 4, 3 ],
          eAdj := [ 1, 3, 4, 8, 10, 11, 15, 16, 20, 22, 25, 26, 27, 28, 29, 
              31, 38, 44, 47, 53, 54, 56, 60, 63, 64, 71 ] ), rec(
          DistVect := [ 0, 5, 3, 3, 7, 7, 3, 3, 4, 4, 4, 8, 8, 4, 4, 8, 8, 
              4, 4, 8, 8, 4, 4, 4, 8, 4, 4, 4, 4 ],
          eAdj := [ 1, 3, 4, 8, 10, 11, 15, 16, 17, 19, 20, 22, 25, 26, 27, 
              28, 29, 31, 37, 38, 44, 45, 47, 55, 56, 61 ] ), rec(
          DistVect := [ 0, 5, 5, 3, 7, 5, 3, 3, 4, 4, 4, 8, 8, 4, 4, 8, 8, 
              4, 4, 8, 8, 4, 4, 4, 8, 4, 4, 4, 4 ],
          eAdj := [ 1, 3, 4, 8, 10, 11, 15, 16, 17, 19, 20, 22, 25, 26, 28, 
              29, 30, 31, 37, 38, 45, 47, 54, 56, 61, 63 ] ), rec(
          DistVect := [ 0, 5, 3, 3, 7, 5, 3, 3, 4, 4, 4, 8, 8, 4, 4, 8, 8, 
              4, 4, 8, 8, 4, 4, 4, 8, 4, 4, 4, 4 ],
          eAdj := [ 1, 3, 4, 8, 10, 11, 15, 16, 17, 18, 19, 20, 22, 25, 26, 
              28, 29, 30, 31, 37, 38, 41, 45, 55, 56, 61 ] ), rec(
          DistVect := [ 0, 5, 5, 5, 5, 5, 3, 3, 4, 4, 4, 8, 8, 4, 4, 8, 8, 
              4, 4, 8, 8, 4, 4, 4, 8, 4, 4, 4, 4 ],
          eAdj := [ 1, 3, 4, 8, 10, 11, 15, 16, 17, 19, 20, 22, 24, 25, 26, 
              28, 29, 37, 38, 44, 45, 47, 56, 61, 63, 64 ] ), rec(
          DistVect := [ 0, 5, 5, 3, 5, 5, 3, 3, 4, 4, 4, 8, 8, 4, 4, 8, 8, 
              4, 4, 8, 8, 4, 4, 4, 8, 4, 4, 4, 4 ],
          eAdj := [ 1, 3, 4, 8, 10, 11, 15, 16, 17, 19, 20, 21, 22, 24, 25, 
              26, 28, 29, 30, 37, 38, 45, 47, 55, 56, 61 ] ), rec(
          DistVect := [ 0, 5, 3, 3, 4, 7, 3, 3, 4, 4, 5, 8, 8, 4, 4, 7, 8, 
              4, 4, 7, 8, 4, 4, 7, 7, 7, 4, 4, 4 ],
          eAdj := [ 1, 4, 7, 8, 10, 11, 15, 21, 22, 23, 24, 25, 27, 28, 38, 
              40, 44, 45, 47, 48, 50, 51, 55, 59, 62, 66 ] ), rec(
          DistVect := [ 0, 4, 4, 4, 4, 7, 4, 3, 4, 4, 4, 9, 8, 5, 4, 8, 7, 
              4, 3, 8, 7, 4, 3, 7, 8, 7, 3, 4, 3 ],
          eAdj := [ 1, 4, 7, 8, 10, 11, 15, 17, 19, 21, 22, 23, 24, 25, 27, 
              28, 37, 38, 40, 44, 47, 48, 55, 56, 61, 64 ] ), rec(
          DistVect := [ 0, 7, 7, 4, 4, 4, 4, 3, 4, 7, 3, 7, 9, 4, 7, 7, 7, 
              5, 4, 8, 8, 4, 7, 4, 8, 3, 4, 3, 5 ],
          eAdj := [ 1, 3, 9, 10, 11, 16, 19, 20, 21, 24, 25, 28, 29, 30, 32, 
              34, 37, 38, 45, 47, 48, 49, 50, 55, 61, 62 ] ), rec(
          DistVect := [ 0, 7, 7, 4, 3, 3, 5, 3, 4, 7, 4, 8, 8, 4, 7, 8, 8, 
              4, 4, 7, 7, 5, 7, 4, 8, 4, 4, 4, 4 ],
          eAdj := [ 3, 4, 9, 10, 11, 16, 19, 20, 21, 24, 25, 28, 29, 30, 32, 
              34, 39, 41, 48, 49, 50, 55, 62, 65, 66, 72 ] ), rec(
          DistVect := [ 0, 7, 5, 4, 5, 3, 3, 3, 4, 7, 4, 8, 8, 4, 5, 8, 8, 
              4, 4, 9, 7, 3, 7, 4, 8, 4, 4, 4, 4 ],
          eAdj := [ 1, 3, 4, 9, 10, 11, 16, 18, 19, 20, 21, 24, 25, 28, 29, 
              30, 32, 37, 39, 41, 49, 50, 55, 62, 65, 66 ] ), rec(
          DistVect := [ 0, 7, 4, 4, 4, 4, 4, 3, 5, 7, 5, 7, 7, 4, 4, 8, 8, 
              4, 5, 8, 8, 4, 7, 4, 8, 5, 4, 3, 3 ],
          eAdj := [ 1, 3, 4, 9, 10, 16, 18, 21, 23, 24, 25, 28, 30, 32, 39, 
              41, 46, 48, 49, 50, 51, 59, 65, 66, 69, 72 ] ), rec(
          DistVect := [ 0, 5, 5, 4, 3, 5, 5, 3, 4, 5, 4, 8, 8, 4, 5, 8, 8, 
              4, 4, 7, 9, 5, 7, 4, 8, 4, 4, 4, 4 ],
          eAdj := [ 1, 3, 4, 9, 10, 11, 16, 19, 20, 21, 23, 24, 25, 28, 29, 
              30, 39, 41, 45, 48, 49, 50, 55, 62, 65, 66 ] ), rec(
          DistVect := [ 0, 4, 7, 7, 4, 4, 4, 3, 5, 5, 4, 8, 8, 5, 4, 7, 7, 
              7, 4, 7, 7, 7, 4, 4, 8, 3, 4, 3, 7 ],
          eAdj := [ 2, 8, 12, 16, 20, 22, 24, 25, 26, 28, 29, 33, 34, 35, 
              36, 40, 44, 47, 53, 54, 57, 60, 67, 68, 71, 74 ] ), rec(
          DistVect := [ 0, 5, 7, 7, 3, 3, 4, 3, 4, 4, 4, 8, 9, 4, 4, 8, 8, 
              7, 4, 8, 8, 7, 4, 4, 7, 4, 3, 4, 7 ],
          eAdj := [ 2, 8, 12, 16, 17, 19, 20, 22, 24, 25, 26, 28, 29, 33, 
              34, 35, 36, 40, 44, 47, 56, 57, 61, 63, 64, 71 ] ), rec(
          DistVect := [ 0, 4, 7, 4, 4, 4, 4, 3, 5, 4, 4, 8, 8, 5, 5, 7, 9, 
              7, 4, 8, 8, 4, 5, 4, 8, 3, 4, 5, 7 ],
          eAdj := [ 1, 2, 8, 12, 15, 16, 17, 20, 21, 24, 25, 26, 29, 30, 34, 
              35, 36, 38, 47, 52, 54, 56, 61, 63, 64, 71 ] ), rec(
          DistVect := [ 0, 4, 7, 7, 4, 4, 4, 3, 5, 5, 4, 8, 8, 5, 4, 7, 7, 
              5, 4, 7, 7, 5, 4, 4, 8, 3, 4, 3, 5 ],
          eAdj := [ 3, 8, 12, 16, 20, 22, 24, 25, 26, 28, 29, 33, 34, 35, 
              36, 44, 47, 53, 54, 57, 60, 63, 64, 67, 68, 71 ] ), rec(
          DistVect := [ 0, 4, 7, 4, 4, 4, 4, 3, 5, 4, 4, 8, 8, 5, 5, 7, 7, 
              5, 4, 8, 8, 4, 5, 4, 8, 3, 4, 3, 5 ],
          eAdj := [ 1, 3, 8, 12, 15, 16, 17, 20, 21, 22, 24, 25, 26, 28, 29, 
              30, 34, 35, 38, 47, 54, 56, 61, 63, 64, 71 ] ), rec(
          DistVect := [ 0, 4, 7, 4, 4, 4, 4, 3, 5, 4, 4, 8, 8, 5, 3, 9, 9, 
              5, 4, 8, 8, 4, 3, 4, 8, 5, 4, 5, 5 ],
          eAdj := [ 1, 4, 8, 12, 15, 16, 17, 19, 20, 21, 22, 24, 25, 26, 29, 
              30, 34, 35, 36, 38, 47, 54, 56, 61, 63, 64 ] ), rec(
          DistVect := [ 0, 4, 7, 4, 4, 4, 4, 3, 5, 4, 4, 8, 8, 5, 7, 7, 7, 
              5, 4, 8, 8, 4, 7, 4, 8, 3, 4, 3, 5 ],
          eAdj := [ 1, 3, 8, 9, 12, 15, 16, 17, 20, 21, 24, 25, 28, 29, 30, 
              34, 35, 37, 38, 45, 47, 54, 56, 61, 63, 64 ] ), rec(
          DistVect := [ 0, 4, 4, 4, 4, 4, 4, 3, 4, 4, 4, 8, 8, 5, 4, 8, 8, 
              4, 5, 8, 8, 4, 7, 4, 8, 3, 4, 3, 5 ],
          eAdj := [ 1, 3, 4, 8, 9, 11, 12, 15, 16, 17, 18, 19, 20, 21, 23, 
              24, 25, 28, 29, 30, 37, 41, 45, 55, 61, 62 ] ), rec(
          DistVect := [ 0, 5, 7, 7, 3, 3, 5, 3, 4, 4, 4, 8, 8, 4, 4, 8, 8, 
              4, 4, 8, 8, 4, 4, 4, 8, 4, 4, 4, 4 ],
          eAdj := [ 1, 3, 4, 10, 11, 12, 15, 16, 17, 19, 20, 22, 24, 25, 26, 
              28, 29, 33, 34, 37, 38, 45, 56, 61, 63, 64 ] ), rec(
          DistVect := [ 0, 4, 4, 4, 4, 4, 4, 3, 4, 4, 4, 8, 8, 5, 4, 8, 8, 
              4, 5, 8, 8, 4, 5, 4, 8, 5, 4, 3, 3 ],
          eAdj := [ 1, 3, 4, 8, 10, 11, 12, 15, 16, 17, 18, 19, 20, 21, 22, 
              23, 24, 25, 28, 30, 37, 41, 45, 55, 62, 66 ] ), rec(
          DistVect := [ 0, 1, 1, 1, 2, 2, 2, 1, 1, 1, 1, 2, 2, 1, 1, 2, 2, 
              1, 1, 2, 2, 1, 1, 1, 2, 1, 1, 1, 1 ],
          eAdj := [ 1, 3, 4, 10, 11, 14, 15, 16, 17, 19, 20, 22, 25, 26, 27, 
              28, 29, 31, 37, 38, 41, 43, 45, 46, 49, 53, 54, 56, 61 ] ), 
      rec(
          DistVect := [ 0, 2, 1, 2, 2, 1, 1, 1, 1, 1, 1, 2, 2, 1, 1, 2, 2, 
              1, 1, 2, 2, 1, 1, 1, 2, 1, 1, 1, 1 ],
          eAdj := [ 1, 3, 4, 10, 11, 15, 16, 17, 18, 19, 20, 22, 25, 26, 28, 
              29, 31, 32, 33, 37, 38, 43, 44, 45, 46, 53, 56, 61, 63 ] ), 
      rec(
          DistVect := [ 0, 1, 1, 1, 2, 2, 1, 1, 1, 1, 1, 2, 2, 1, 1, 1, 1, 
              1, 0, 2, 2, 1, 1, 1, 2, 1, 1, 1, 1 ],
          eAdj := [ 1, 3, 8, 10, 11, 15, 16, 17, 20, 22, 25, 26, 27, 28, 29, 
              31, 34, 35, 38, 44, 47, 53, 54, 56, 57, 60, 63, 64, 71 ] ), 
      rec(
          DistVect := [ 0, 2, 2, 1, 1, 1, 2, 1, 1, 2, 1, 2, 2, 1, 2, 2, 2, 
              1, 1, 2, 2, 2, 2, 1, 2, 1, 1, 1, 1 ],
          eAdj := [ 3, 4, 9, 10, 11, 14, 16, 19, 20, 21, 25, 28, 29, 30, 32, 
              34, 39, 41, 43, 46, 48, 49, 50, 55, 62, 65, 66, 72 ] ), rec(
          DistVect := [ 0, 1, 2, 2, 1, 1, 1, 1, 2, 2, 1, 2, 2, 2, 1, 2, 2, 
              2, 1, 2, 2, 2, 1, 1, 2, 1, 1, 1, 2 ],
          eAdj := [ 2, 6, 8, 12, 16, 20, 22, 24, 25, 26, 29, 33, 34, 35, 36, 
              40, 44, 47, 52, 53, 54, 57, 60, 67, 68, 71, 74 ] ), rec(
          DistVect := [ 0, 1, 1, 1, 2, 2, 1, 1, 1, 1, 1, 2, 2, 1, 1, 2, 2, 
              1, 1, 2, 2, 1, 1, 1, 3, 1, 2, 1, 2 ],
          eAdj := [ 2, 3, 8, 11, 15, 16, 17, 19, 20, 22, 24, 25, 26, 27, 28, 
              29, 31, 35, 36, 38, 40, 44, 47, 53, 54, 56, 57, 63, 64, 71 ] ),
      rec(
          DistVect := [ 0, 1, 1, 1, 1, 2, 1, 1, 1, 1, 1, 2, 2, 1, 1, 2, 2, 
              1, 1, 2, 3, 1, 2, 1, 2, 1, 2, 1, 2 ],
          eAdj := [ 1, 2, 8, 9, 11, 15, 17, 19, 20, 21, 22, 23, 24, 25, 27, 
              28, 29, 30, 35, 37, 38, 40, 44, 45, 47, 48, 50, 55, 61, 64 ] ),
      rec(
          DistVect := [ 0, 2, 2, 2, 1, 1, 1, 1, 1, 1, 1, 1, 2, 1, 1, 2, 1, 
              1, 1, 2, 1, 1, 1, 1, 2, 1, 1, 0, 1 ],
          eAdj := [ 3, 10, 11, 15, 16, 17, 19, 22, 24, 25, 26, 27, 28, 29, 
              32, 33, 34, 37, 40, 44, 47, 48, 56, 57, 61, 63, 64, 71 ] ), 
      rec(
          DistVect := [ 0, 2, 2, 2, 1, 1, 2, 1, 1, 1, 1, 2, 2, 1, 1, 2, 2, 
              1, 1, 2, 2, 1, 1, 1, 2, 1, 1, 1, 1 ],
          eAdj := [ 1, 3, 4, 10, 11, 14, 15, 16, 17, 19, 20, 22, 25, 26, 28, 
              29, 32, 33, 34, 37, 38, 43, 45, 46, 48, 49, 56, 61, 62 ] ), 
      rec(
          DistVect := [ 0, 1, 1, 1, 1, 2, 2, 1, 1, 1, 1, 1, 1, 0, 1, 2, 2, 
              1, 1, 2, 2, 1, 1, 1, 2, 1, 1, 1, 1 ],
          eAdj := [ 1, 3, 4, 10, 14, 16, 17, 19, 21, 22, 23, 25, 26, 27, 28, 
              29, 32, 38, 41, 45, 46, 48, 49, 50, 51, 55, 62, 65, 66 ] ), 
      rec(
          DistVect := [ 0, 1, 1, 1, 1, 2, 2, 1, 1, 1, 1, 2, 2, 1, 1, 2, 2, 
              1, 1, 2, 2, 1, 1, 2, 3, 2, 1, 1, 1 ],
          eAdj := [ 1, 3, 4, 7, 10, 11, 14, 15, 16, 17, 19, 21, 22, 23, 24, 
              25, 27, 28, 38, 40, 41, 45, 46, 48, 49, 50, 51, 55, 62, 66 ] ),
      rec(
          DistVect := [ 0, 1, 1, 1, 1, 2, 1, 1, 1, 1, 1, 2, 2, 1, 1, 2, 1, 
              1, 0, 2, 2, 1, 1, 2, 2, 2, 1, 1, 1 ],
          eAdj := [ 1, 7, 8, 10, 11, 15, 17, 19, 21, 22, 23, 24, 25, 27, 28, 
              29, 34, 35, 37, 38, 40, 44, 47, 48, 50, 55, 56, 57, 61, 64 ] ),
      rec(
          DistVect := [ 0, 1, 1, 1, 1, 2, 2, 1, 1, 1, 1, 2, 2, 1, 1, 2, 2, 
              1, 1, 2, 3, 2, 2, 1, 2, 1, 1, 1, 1 ],
          eAdj := [ 1, 3, 4, 9, 10, 11, 14, 16, 17, 19, 20, 21, 22, 23, 25, 
              27, 28, 29, 30, 39, 41, 45, 46, 48, 49, 50, 55, 62, 65, 66 ] ),
      rec(
          DistVect := [ 0, 2, 2, 2, 1, 1, 1, 1, 1, 1, 1, 2, 3, 1, 1, 2, 2, 
              2, 1, 2, 2, 2, 1, 1, 2, 1, 1, 1, 2 ],
          eAdj := [ 2, 8, 10, 11, 15, 16, 17, 19, 20, 22, 24, 25, 26, 28, 
              29, 32, 33, 34, 35, 36, 40, 44, 47, 48, 56, 57, 61, 63, 64, 71 
             ] ), rec(
          DistVect := [ 0, 1, 1, 1, 1, 2, 1, 1, 1, 1, 1, 1, 2, 0, 1, 2, 2, 
              1, 1, 2, 2, 1, 1, 1, 2, 1, 2, 1, 2 ],
          eAdj := [ 2, 8, 10, 11, 15, 17, 19, 21, 22, 23, 24, 25, 26, 27, 
              28, 29, 32, 37, 38, 40, 44, 45, 47, 48, 50, 51, 55, 57, 61, 64 
             ] ), rec(
          DistVect := [ 0, 1, 1, 1, 2, 2, 1, 1, 1, 1, 1, 2, 2, 1, 1, 2, 2, 
              1, 1, 2, 2, 1, 1, 1, 2, 1, 1, 1, 1 ],
          eAdj := [ 1, 3, 4, 8, 10, 11, 15, 16, 17, 19, 20, 22, 25, 26, 27, 
              28, 29, 31, 37, 38, 44, 45, 47, 53, 54, 56, 61, 63, 64, 71 ] ),
      rec(
          DistVect := [ 0, 1, 1, 1, 1, 2, 1, 1, 1, 1, 1, 2, 2, 1, 1, 2, 2, 
              1, 1, 2, 2, 1, 1, 2, 2, 2, 1, 1, 1 ],
          eAdj := [ 1, 4, 7, 8, 10, 11, 15, 17, 19, 21, 22, 23, 24, 25, 27, 
              28, 37, 38, 40, 44, 45, 47, 48, 50, 51, 55, 61, 62, 64, 66 ] ),
      rec(
          DistVect := [ 0, 2, 2, 1, 1, 1, 1, 1, 1, 2, 1, 1, 2, 1, 2, 2, 1, 
              1, 1, 2, 2, 1, 2, 1, 2, 1, 1, 0, 1 ],
          eAdj := [ 1, 3, 9, 10, 11, 16, 19, 21, 22, 24, 25, 27, 28, 29, 30, 
              32, 34, 37, 38, 40, 45, 47, 48, 49, 50, 55, 61, 62, 66 ] ), 
      rec(
          DistVect := [ 0, 2, 2, 1, 1, 1, 1, 1, 1, 2, 1, 2, 3, 1, 2, 2, 2, 
              2, 1, 2, 2, 1, 2, 1, 2, 1, 1, 1, 2 ],
          eAdj := [ 1, 2, 8, 9, 10, 11, 15, 16, 19, 20, 21, 24, 25, 28, 29, 
              30, 32, 34, 35, 37, 38, 40, 45, 47, 48, 49, 50, 55, 61, 62 ] ),
      rec(
          DistVect := [ 0, 1, 2, 2, 1, 1, 1, 1, 1, 1, 1, 2, 2, 1, 1, 2, 2, 
              2, 1, 2, 2, 2, 1, 1, 2, 1, 1, 1, 2 ],
          eAdj := [ 2, 8, 12, 16, 17, 19, 20, 22, 24, 25, 26, 28, 29, 33, 
              34, 35, 36, 40, 44, 47, 53, 54, 56, 57, 60, 63, 64, 67, 68, 71 
             ] ), rec(
          DistVect := [ 0, 1, 2, 2, 1, 1, 1, 1, 1, 1, 1, 2, 2, 1, 1, 1, 2, 
              2, 1, 1, 2, 2, 1, 1, 2, 0, 1, 1, 2 ],
          eAdj := [ 2, 3, 8, 12, 16, 20, 22, 24, 25, 26, 28, 29, 31, 33, 34, 
              35, 36, 44, 47, 52, 53, 54, 57, 60, 64, 67, 68, 71, 74 ] ), 
      rec(
          DistVect := [ 0, 1, 1, 2, 1, 1, 1, 1, 1, 1, 1, 2, 2, 1, 1, 2, 2, 
              1, 1, 2, 2, 2, 1, 1, 2, 1, 1, 1, 2 ],
          eAdj := [ 2, 4, 8, 11, 12, 16, 17, 18, 19, 20, 22, 23, 24, 25, 26, 
              28, 29, 33, 35, 36, 38, 40, 44, 47, 53, 56, 57, 61, 63, 64, 71 
             ] ), rec(
          DistVect := [ 0, 0, 1, 1, 1, 2, 1, 1, 1, 1, 1, 2, 1, 1, 1, 2, 2, 
              1, 1, 2, 2, 1, 1, 1, 2, 1, 2, 1, 2 ],
          eAdj := [ 2, 6, 8, 12, 17, 19, 20, 21, 22, 23, 24, 25, 26, 27, 28, 
              29, 35, 36, 38, 40, 44, 47, 53, 54, 56, 57, 63, 64, 68, 71 ] ),
      rec(
          DistVect := [ 0, 1, 2, 1, 1, 1, 1, 1, 1, 1, 1, 2, 2, 1, 2, 2, 2, 
              2, 1, 2, 2, 1, 2, 1, 2, 1, 1, 1, 2 ],
          eAdj := [ 1, 2, 8, 9, 12, 15, 16, 17, 19, 20, 21, 24, 25, 28, 29, 
              30, 34, 35, 37, 38, 40, 45, 47, 50, 54, 55, 56, 61, 63, 64 ] ),
      rec(
          DistVect := [ 0, 1, 1, 1, 1, 1, 1, 1, 1, 1, 1, 2, 2, 1, 1, 2, 2, 
              1, 1, 2, 2, 1, 2, 1, 2, 1, 1, 1, 2 ],
          eAdj := [ 1, 2, 4, 8, 9, 11, 12, 15, 16, 17, 18, 19, 20, 21, 23, 
              24, 25, 28, 29, 30, 35, 37, 38, 40, 41, 45, 47, 50, 55, 61, 62 
             ] ), rec(
          DistVect := [ 0, 1, 2, 2, 1, 1, 2, 1, 1, 1, 1, 2, 2, 1, 1, 2, 2, 
              1, 1, 2, 2, 1, 1, 1, 2, 1, 1, 1, 1 ],
          eAdj := [ 1, 3, 4, 10, 11, 12, 14, 15, 16, 17, 19, 20, 22, 25, 26, 
              28, 29, 33, 34, 37, 38, 43, 45, 53, 54, 56, 60, 61, 63, 64 ] ),
      rec(
          DistVect := [ 0, 1, 1, 1, 1, 1, 1, 1, 1, 1, 1, 2, 2, 1, 1, 2, 2, 
              1, 0, 2, 2, 1, 1, 1, 2, 2, 1, 2, 1 ],
          eAdj := [ 1, 4, 5, 7, 8, 10, 11, 12, 15, 16, 17, 18, 19, 20, 21, 
              23, 24, 25, 29, 30, 34, 35, 37, 38, 39, 41, 45, 50, 55, 56, 62 
             ] ), rec(
          DistVect := [ 0, 1, 1, 1, 1, 2, 1, 1, 1, 1, 1, 2, 2, 1, 1, 2, 2, 
              1, 1, 2, 2, 1, 1, 1, 2, 1, 2, 1, 2 ],
          eAdj := [ 2, 8, 11, 15, 17, 19, 20, 21, 22, 23, 24, 25, 26, 27, 
              28, 29, 35, 36, 37, 38, 40, 44, 47, 48, 55, 56, 57, 61, 63, 
              64, 71 ] ), rec(
          DistVect := [ 0, 2, 1, 1, 2, 1, 1, 1, 1, 1, 1, 2, 2, 1, 1, 2, 2, 
              1, 1, 2, 2, 1, 1, 1, 2, 1, 1, 1, 1 ],
          eAdj := [ 1, 3, 4, 10, 11, 15, 16, 17, 18, 19, 20, 22, 25, 26, 28, 
              29, 30, 31, 32, 37, 38, 41, 43, 45, 46, 49, 55, 56, 61, 62, 65 
             ] ), rec(
          DistVect := [ 0, 0, 1, 1, 1, 1, 0, 1, 1, 1, 1, 1, 0, 1, 0, 0, 0, 
              1, 0, 0, 0, 1, 0, 0, 1, 0, 1, 0, 1 ],
          eAdj := [ 2, 3, 6, 8, 12, 16, 20, 22, 24, 25, 26, 27, 28, 29, 31, 
              33, 34, 35, 36, 40, 44, 47, 52, 53, 54, 57, 60, 67, 68, 74 ] ),
      rec(
          DistVect := [ 0, 1, 2, 2, 1, 0, 1, 1, 2, 2, 1, 1, 2, 2, 1, 2, 2, 
              1, 1, 2, 2, 1, 1, 1, 2, 1, 1, 1, 1 ],
          eAdj := [ 1, 3, 4, 5, 6, 8, 12, 16, 18, 22, 24, 25, 26, 29, 30, 
              33, 34, 35, 36, 38, 43, 52, 53, 54, 60, 61, 63, 64, 67, 71 ] ),
      rec(
          DistVect := [ 0, 1, 2, 1, 1, 1, 1, 1, 1, 1, 1, 2, 2, 1, 2, 1, 2, 
              2, 1, 2, 2, 1, 2, 1, 2, 0, 1, 1, 2 ],
          eAdj := [ 1, 2, 3, 8, 9, 12, 15, 16, 17, 20, 21, 24, 25, 26, 28, 
              29, 30, 31, 34, 35, 38, 45, 47, 52, 54, 56, 61, 63, 64, 71 ] ),
      rec(
          DistVect := [ 0, 1, 1, 1, 2, 1, 1, 1, 1, 1, 1, 2, 2, 1, 1, 2, 2, 
              1, 1, 2, 2, 1, 1, 1, 2, 1, 1, 1, 1 ],
          eAdj := [ 1, 3, 4, 8, 10, 11, 12, 15, 16, 17, 18, 19, 20, 22, 25, 
              26, 28, 29, 30, 31, 37, 38, 41, 43, 45, 52, 53, 54, 56, 61, 63 
             ] ), rec(
          DistVect := [ 0, 1, 2, 1, 1, 1, 1, 1, 1, 1, 1, 2, 2, 1, 1, 2, 2, 
              1, 1, 2, 2, 1, 1, 1, 2, 1, 1, 1, 1 ],
          eAdj := [ 1, 3, 4, 8, 10, 11, 12, 15, 16, 17, 19, 20, 21, 22, 24, 
              25, 26, 28, 29, 30, 34, 35, 37, 38, 45, 47, 54, 56, 61, 63, 64 
             ] ), rec(
          DistVect := [ 0, 1, 1, 1, 1, 1, 1, 1, 1, 1, 1, 2, 2, 1, 1, 2, 2, 
              1, 1, 2, 2, 1, 1, 1, 2, 1, 1, 1, 1 ],
          eAdj := [ 1, 3, 4, 8, 10, 11, 12, 15, 16, 17, 18, 19, 20, 21, 22, 
              23, 24, 25, 26, 28, 29, 30, 37, 38, 41, 45, 55, 56, 61, 62 ] ),
      rec(
          DistVect := [ 0, 1, 1, 1, 1, 1, 1, 1, 1, 1, 1, 2, 2, 0, 1, 2, 2, 
              1, 1, 2, 2, 1, 1, 1, 2, 1, 1, 2, 2 ],
          eAdj := [ 1, 2, 4, 5, 8, 10, 11, 12, 15, 16, 17, 18, 19, 20, 21, 
              23, 24, 26, 28, 29, 30, 32, 37, 38, 41, 45, 50, 51, 55, 62, 65 
             ] ), rec(
          DistVect := [ 0, 2, 2, 2, 1, 0, 1, 1, 1, 1, 1, 2, 2, 1, 1, 2, 2, 
              1, 1, 2, 2, 1, 1, 1, 2, 1, 1, 1, 1 ],
          eAdj := [ 1, 3, 4, 5, 10, 11, 12, 15, 16, 17, 18, 19, 20, 22, 24, 
              25, 26, 28, 29, 30, 32, 33, 34, 37, 38, 43, 45, 56, 61, 62, 63 
             ] ), rec(
          DistVect := [ 0, 0, 1, 1, 0, 1, 0, 1, 1, 1, 0, 1, 0, 1, 0, 1, 0, 
              1, 0, 1, 0, 1, 0, 1, 0, 1, 1, 0, 1 ],
          eAdj := [ 2, 6, 7, 8, 12, 17, 19, 20, 21, 22, 23, 24, 25, 26, 27, 
              28, 29, 33, 34, 35, 36, 40, 44, 47, 48, 53, 54, 56, 57, 60, 
              63, 67, 68, 71, 74 ] ), rec(
          DistVect := [ 0, 1, 1, 1, 0, 1, 0, 1, 0, 0, 1, 0, 1, 0, 0, 1, 0, 
              1, 0, 1, 0, 1, 0, 1, 0, 1, 1, 0, 1 ],
          eAdj := [ 2, 7, 8, 10, 11, 15, 17, 19, 21, 22, 23, 24, 25, 26, 27, 
              28, 29, 32, 33, 34, 35, 36, 37, 40, 44, 47, 48, 50, 51, 55, 
              56, 57, 61, 63, 64, 68, 71 ] ), rec(
          DistVect := [ 0, 1, 1, 1, 1, 1, 0, 1, 0, 0, 0, 0, 1, 0, 0, 0, 0, 
              1, 0, 0, 0, 1, 0, 0, 1, 0, 1, 0, 1 ],
          eAdj := [ 2, 3, 8, 10, 11, 15, 16, 17, 19, 20, 22, 24, 25, 26, 27, 
              28, 29, 31, 32, 33, 34, 35, 36, 40, 44, 47, 48, 53, 54, 56, 
              57, 60, 63, 64, 67, 68, 71, 74 ] ), rec(
          DistVect := [ 0, 0, 1, 0, 1, 0, 1, 1, 1, 0, 1, 0, 1, 1, 1, 0, 1, 
              0, 0, 1, 0, 1, 1, 1, 0, 0, 1, 1, 0 ],
          eAdj := [ 3, 4, 5, 6, 8, 9, 10, 11, 12, 14, 15, 17, 18, 21, 25, 
              26, 29, 30, 31, 34, 35, 37, 39, 41, 42, 43, 45, 49, 52, 53, 
              54, 56, 58, 60, 61, 62, 63, 65 ] ), rec(
          DistVect := [ 0, 1, 1, 1, 1, 1, 1, 1, 0, 0, 0, 0, 0, 0, 0, 0, 0, 
              0, 0, 0, 0, 0, 0, 0, 0, 0, 0, 0, 0 ],
          eAdj := [ 1, 3, 4, 10, 11, 14, 15, 16, 17, 19, 20, 22, 25, 26, 27, 
              28, 29, 31, 32, 33, 34, 37, 38, 43, 44, 45, 46, 47, 48, 49, 
              53, 54, 56, 57, 60, 61, 63, 64, 71 ] ), rec(
          DistVect := [ 0, 1, 1, 0, 1, 0, 1, 1, 0, 1, 0, 1, 0, 0, 1, 0, 1, 
              0, 0, 1, 0, 1, 1, 1, 0, 0, 1, 1, 0 ],
          eAdj := [ 3, 4, 5, 9, 10, 11, 12, 14, 17, 18, 19, 20, 21, 25, 26, 
              28, 29, 30, 31, 32, 34, 37, 39, 41, 42, 43, 46, 49, 50, 52, 
              54, 55, 56, 58, 62, 65, 66, 70, 72 ] ), rec(
          DistVect := [ 0, 1, 1, 0, 1, 1, 1, 1, 0, 1, 0, 0, 0, 0, 1, 0, 0, 
              0, 0, 1, 1, 1, 1, 0, 0, 0, 0, 0, 0 ],
          eAdj := [ 1, 3, 4, 9, 10, 11, 14, 16, 17, 19, 20, 21, 22, 25, 26, 
              27, 28, 29, 30, 31, 32, 34, 37, 38, 39, 41, 43, 45, 46, 47, 
              48, 49, 50, 54, 55, 56, 61, 62, 65, 66 ] ), rec(
          DistVect := [ 0, 1, 1, 1, 0, 1, 1, 1, 0, 0, 1, 0, 0, 0, 0, 1, 0, 
              0, 0, 1, 0, 0, 0, 1, 1, 1, 0, 0, 0 ],
          eAdj := [ 1, 3, 4, 7, 10, 11, 14, 15, 16, 17, 19, 21, 22, 23, 24, 
              25, 26, 27, 28, 29, 32, 33, 34, 37, 38, 40, 44, 45, 46, 47, 
              48, 49, 50, 51, 55, 56, 57, 61, 62, 64, 66 ] ), rec(
          DistVect := [ 0, 0, 1, 0, 1, 1, 0, 1, 1, 0, 1, 1, 0, 1, 1, 0, 0, 
              1, 0, 1, 1, 0, 1, 0, 1, 0, 1, 0, 1 ],
          eAdj := [ 1, 2, 3, 6, 8, 9, 12, 15, 16, 17, 20, 21, 22, 24, 25, 
              26, 27, 28, 29, 30, 31, 34, 35, 36, 38, 40, 44, 47, 52, 53, 
              54, 56, 57, 60, 63, 64, 67, 68, 71, 74 ] ), rec(
          DistVect := [ 0, 1, 1, 0, 1, 1, 0, 1, 0, 1, 0, 0, 1, 0, 1, 0, 0, 
              1, 0, 1, 1, 0, 1, 0, 1, 0, 1, 0, 1 ],
          eAdj := [ 1, 2, 3, 8, 9, 10, 11, 15, 16, 17, 19, 20, 21, 22, 24, 
              25, 26, 27, 28, 29, 30, 31, 32, 34, 35, 37, 38, 40, 44, 45, 
              47, 48, 49, 50, 54, 55, 56, 57, 61, 63, 64, 71 ] ), rec(
          DistVect := [ 0, 0, 1, 1, 0, 0, 0, 1, 1, 1, 0, 0, 0, 1, 0, 1, 1, 
              1, 0, 1, 1, 1, 0, 0, 0, 1, 0, 1, 1 ],
          eAdj := [ 1, 2, 4, 5, 6, 7, 8, 12, 16, 17, 18, 19, 20, 21, 22, 23, 
              24, 25, 26, 29, 30, 33, 34, 35, 36, 38, 40, 44, 47, 52, 53, 
              54, 56, 57, 60, 61, 63, 64, 67, 68, 71 ] ), rec(
          DistVect := [ 0, 1, 1, 1, 1, 0, 0, 1, 0, 0, 0, 1, 1, 0, 0, 0, 1, 
              1, 0, 0, 1, 1, 0, 1, 1, 0, 0, 1, 1 ],
          eAdj := [ 1, 2, 3, 4, 5, 8, 10, 11, 12, 15, 16, 17, 18, 19, 20, 
              22, 24, 25, 26, 28, 29, 30, 31, 32, 33, 34, 35, 36, 38, 43, 
              44, 45, 47, 52, 53, 54, 56, 57, 60, 61, 63, 64, 67, 71 ] ), 
      rec(
          DistVect := [ 0, 1, 1, 0, 1, 0, 0, 1, 0, 1, 0, 1, 1, 0, 1, 0, 1, 
              1, 0, 1, 0, 0, 1, 1, 1, 0, 0, 1, 1 ],
          eAdj := [ 1, 2, 3, 4, 5, 8, 9, 10, 11, 12, 15, 16, 17, 18, 19, 20, 
              21, 24, 25, 26, 28, 29, 30, 31, 32, 34, 35, 37, 38, 39, 41, 
              43, 45, 47, 49, 50, 52, 54, 55, 56, 61, 62, 63, 65 ] ), rec(
          DistVect := [ 0, 1, 1, 1, 0, 0, 1, 1, 0, 0, 1, 1, 0, 0, 0, 1, 1, 
              0, 0, 1, 1, 0, 0, 0, 1, 1, 1, 1, 0 ],
          eAdj := [ 1, 3, 4, 5, 7, 10, 11, 12, 14, 15, 16, 17, 18, 19, 20, 
              21, 22, 23, 24, 25, 26, 28, 29, 30, 32, 33, 34, 37, 38, 39, 
              41, 42, 43, 45, 46, 48, 49, 50, 51, 55, 56, 62, 65, 66, 72 ] ),
      rec(
          DistVect := [ 0, 1, 1, 1, 0, 0, 0, 1, 0, 0, 1, 1, 1, 0, 0, 1, 1, 
              1, 0, 1, 1, 1, 0, 0, 0, 1, 0, 1, 1 ],
          eAdj := [ 1, 2, 4, 5, 7, 8, 10, 11, 12, 15, 16, 17, 18, 19, 20, 
              21, 22, 23, 24, 25, 26, 28, 29, 30, 32, 33, 34, 35, 36, 37, 
              38, 40, 44, 45, 47, 48, 50, 51, 55, 56, 57, 61, 62, 63, 64 ] ),
      rec(
          DistVect := [ 0, 0, 0, 0, 1, 1, 0, 0, 0, 0, 1, 1, 0, 0, 0, 1, 1, 
              0, 0, 1, 1, 0, 0, 0, 1, 1, 1, 1, 0 ],
          eAdj := [ 1, 2, 3, 4, 5, 6, 7, 8, 9, 10, 11, 12, 13, 14, 15, 16, 
              17, 18, 19, 20, 21, 22, 23, 24, 25, 26, 27, 28, 29, 30, 31, 
              32, 33, 34, 35, 36, 37, 38, 39, 40, 41, 42, 43, 44, 45, 46, 
              47, 48, 49, 50, 51, 52, 53, 54, 55, 56, 57, 58, 59, 60, 63, 
              64, 65, 66, 67, 68, 69, 70 ] ), rec(
          DistVect := [ 0, 0, 0, 0, 0, 1, 1, 0, 0, 0, 0, 1, 1, 0, 0, 0, 1, 
              1, 0, 0, 1, 1, 0, 1, 1, 0, 0, 1, 1 ],
          eAdj := [ 1, 2, 3, 4, 5, 6, 7, 8, 9, 10, 11, 12, 13, 14, 15, 16, 
              17, 18, 19, 20, 21, 22, 23, 24, 25, 26, 27, 28, 29, 30, 31, 
              32, 33, 34, 35, 36, 38, 39, 40, 41, 42, 43, 44, 45, 46, 47, 
              48, 49, 50, 51, 52, 53, 54, 55, 56, 57, 58, 59, 60, 61, 62, 
              64, 65, 68, 70, 71, 72, 73, 74 ] ), rec(
          DistVect := [ 0, 1, 1, 1, 0, 0, 0, 0, 0, 0, 1, 1, 1, 1, 0, 1, 1, 
              1, 1, 1, 1, 1, 1, 0, 0, 0, 0, 0, 0 ],
          eAdj := [ 1, 2, 3, 4, 5, 6, 7, 8, 9, 10, 11, 12, 13, 14, 15, 16, 
              17, 18, 19, 20, 21, 22, 23, 24, 25, 26, 27, 28, 29, 30, 31, 
              32, 33, 34, 35, 36, 37, 39, 40, 42, 43, 44, 45, 46, 47, 48, 
              49, 50, 51, 52, 53, 54, 55, 56, 59, 60, 61, 62, 63, 64, 65, 
              66, 67, 68, 69, 70, 71, 72, 73, 74 ] ), rec(
          DistVect := [ 0, 1, 1, 1, 0, 0, 1, 0, 0, 0, 1, 1, 0, 1, 0, 1, 1, 
              0, 1, 1, 1, 0, 1, 0, 1, 0, 1, 0, 1 ],
          eAdj := [ 1, 2, 3, 4, 5, 6, 7, 9, 11, 12, 13, 14, 15, 16, 17, 18, 
              19, 20, 21, 22, 23, 24, 25, 26, 27, 28, 29, 30, 31, 32, 33, 
              34, 35, 36, 37, 38, 39, 40, 41, 42, 43, 44, 45, 46, 47, 48, 
              49, 50, 51, 52, 53, 54, 55, 56, 57, 58, 59, 60, 61, 62, 63, 
              64, 65, 66, 67, 68, 69, 70, 71, 72, 73, 74 ] ), rec(
          DistVect := [ 0, 4, 4, 4, 4, 7, 4, 3, 4, 4, 4, 9, 8, 5, 4, 8, 7, 
              4, 3, 8, 7, 4, 3, 7, 8, 7, 5, 4, 5 ],
          eAdj := [ 7, 8, 11, 15, 17, 19, 21, 22, 23, 24, 25, 27, 28, 35, 
              36, 37, 38, 40, 44, 47, 48, 55, 56, 57, 61, 64 ] ), rec(
          DistVect := [ 0, 5, 3, 3, 7, 7, 5, 3, 4, 4, 4, 8, 8, 4, 4, 8, 8, 
              4, 4, 8, 8, 4, 4, 4, 8, 4, 4, 4, 4 ],
          eAdj := [ 1, 3, 4, 10, 11, 15, 16, 17, 19, 20, 22, 25, 26, 27, 28, 
              29, 31, 37, 38, 41, 45, 46, 49, 55, 56, 61 ] ), rec(
          DistVect := [ 0, 5, 5, 5, 5, 5, 7, 3, 4, 4, 4, 8, 8, 4, 4, 8, 8, 
              4, 4, 8, 8, 4, 4, 4, 8, 4, 4, 4, 4 ],
          eAdj := [ 1, 3, 4, 10, 11, 14, 15, 16, 17, 19, 20, 22, 25, 26, 28, 
              29, 37, 38, 41, 43, 45, 46, 49, 56, 61, 62 ] ), rec(
          DistVect := [ 0, 4, 4, 4, 7, 7, 4, 3, 4, 4, 5, 9, 8, 5, 4, 7, 7, 
              4, 3, 7, 7, 4, 3, 4, 9, 4, 5, 4, 5 ],
          eAdj := [ 3, 8, 11, 15, 16, 20, 22, 25, 26, 27, 28, 29, 31, 35, 
              36, 38, 44, 47, 53, 54, 56, 57, 60, 63, 64, 71 ] ), rec(
          DistVect := [ 0, 5, 5, 5, 5, 5, 4, 3, 4, 4, 4, 8, 9, 4, 4, 8, 8, 
              5, 4, 8, 8, 5, 4, 4, 9, 4, 5, 4, 7 ],
          eAdj := [ 2, 8, 11, 15, 16, 17, 19, 20, 22, 24, 25, 26, 28, 29, 
              35, 36, 38, 40, 44, 47, 56, 57, 61, 63, 64, 71 ] ) ] );
