return rec(
  DistVect := [ 0, 1, 1, 1, 1, 1, 1, 1, 1, 1, 1, 1, 2, 2, 1, 1, 2, 1, 1, 1, 
      2, 1, 1, 2, 1, 1, 2, 2, 0 ],
  ListIncidentIneq := 
   [ [ 0, 0, 0, 0, 0, 0, 0, 0, 0, 0, 0, 0, 0, 0, 0, 0, 0, 0, 0, 0, 0, 0, 0, 
          0, 0, 0, -1, 1, 1 ], 
      [ 0, 0, 0, 0, 0, 0, 0, 0, 0, 0, 0, 0, 0, 0, 0, 0, 0, 0, 0, 0, 0, 0, 0, 
          0, -1, 1, 0, 0, 1 ], 
      [ 0, 0, 0, 0, 0, 1, 0, 1, 0, 0, 0, 0, 0, 0, 0, 0, 0, 0, 0, 0, 0, 0, 0, 
          0, 0, 0, 0, -1, 0 ], 
      [ 0, 0, 0, 0, 0, 0, 0, 0, 0, 0, 0, 0, 0, 0, 0, 0, 0, 0, 0, 0, 0, -1, 1, 
          0, 0, 0, 0, 0, 1 ], 
      [ 0, 1, 0, 0, 0, 0, 0, 1, 0, 0, 0, 0, 0, -1, 0, 0, 0, 0, 0, 0, 0, 0, 0, 
          0, 0, 0, 0, 0, 0 ], 
      [ 0, 0, 0, 0, 0, 0, 0, 0, 0, 0, 0, 0, 0, 0, 0, 0, 0, -1, 1, 0, 0, 0, 0, 
          0, 0, 0, 0, 0, 1 ], 
      [ 0, 0, 0, 0, 0, 0, 0, 0, 1, 0, 0, 0, 0, -1, 0, 0, 0, 0, 1, 0, 0, 0, 0, 
          0, 0, 0, 0, 0, 0 ], 
      [ 0, 1, 0, 0, 0, 0, 1, 0, 0, 0, 0, 0, -1, 0, 0, 0, 0, 0, 0, 0, 0, 0, 0, 
          0, 0, 0, 0, 0, 0 ], 
      [ 0, 0, 0, 0, 0, 0, 0, 0, 0, 0, 0, 0, -1, 1, 0, 0, 0, 0, 0, 0, 0, 0, 0, 
          0, 0, 0, 0, 0, 1 ], 
      [ 0, 0, 0, 0, 0, 0, 0, 0, 0, 1, 0, 0, 0, -1, 0, 0, 0, 0, 0, 0, 0, 0, 1, 
          0, 0, 0, 0, 0, 0 ], 
      [ 0, 0, 0, 0, 0, 0, 0, 0, 1, 0, 0, 0, -1, 0, 0, 0, 0, 1, 0, 0, 0, 0, 0, 
          0, 0, 0, 0, 0, 0 ], 
      [ 0, 0, 0, 0, 0, 0, -1, 1, 0, 0, 0, 0, 0, 0, 0, 0, 0, 0, 0, 0, 0, 0, 0, 
          0, 0, 0, 0, 0, 1 ], 
      [ 0, 0, 0, 0, 0, 0, 0, 0, 0, 1, 0, 0, -1, 0, 0, 0, 0, 0, 0, 0, 0, 1, 0, 
          0, 0, 0, 0, 0, 0 ], 
      [ 0, 0, 0, 0, 0, 0, 0, 0, 1, 0, 0, 1, 0, 0, 0, 0, -1, 0, 0, 0, 0, 0, 0, 
          0, 0, 0, 0, 0, 0 ], 
      [ 0, 0, 0, 0, 0, 0, 0, 0, 0, 0, 1, 0, 0, -1, 0, 0, 0, 0, 0, 0, 0, 0, 0, 
          0, 0, 1, 0, 0, 0 ], 
      [ 0, 0, 1, 0, 0, 1, 0, 0, 0, 0, 0, 0, 0, 0, 0, 0, -1, 0, 0, 0, 0, 0, 0, 
          0, 0, 0, 0, 0, 0 ], 
      [ 0, 0, 0, 0, 0, 0, 0, 0, 0, 0, 0, 0, 0, 0, 0, 0, 0, 0, 0, 0, 0, 0, 0, 
          0, 0, 0, 1, -1, 1 ], 
      [ 0, 0, 0, 0, 0, 1, 1, 0, 0, 0, 0, 0, 0, 0, 0, 0, 0, 0, 0, 0, 0, 0, 0, 
          0, 0, 0, -1, 0, 0 ], 
      [ 0, 0, 0, 0, 0, 0, 0, 0, 0, 0, 1, 0, -1, 0, 0, 0, 0, 0, 0, 0, 0, 0, 0, 
          0, 1, 0, 0, 0, 0 ], 
      [ 0, 0, 0, 0, 0, 0, 0, 0, 0, 0, 0, 0, 0, 0, 0, 0, 0, 0, 0, 0, 0, 0, 0, 
          0, 1, -1, 0, 0, 1 ], 
      [ 0, 0, 0, 0, 0, 0, 0, 0, 0, 0, 1, 1, 0, 0, 0, 0, 0, 0, 0, 0, 0, 0, 0, 
          -1, 0, 0, 0, 0, 0 ], 
      [ 0, 0, 0, 0, 0, 0, 0, 0, 0, 1, 0, 1, 0, 0, 0, 0, 0, 0, 0, 0, -1, 0, 0, 
          0, 0, 0, 0, 0, 0 ], 
      [ 0, 0, 0, 0, 0, 0, 0, 0, 0, 0, 0, 0, 0, 0, 0, 0, 0, 0, 0, 0, 0, 1, -1, 
          0, 0, 0, 0, 0, 1 ], 
      [ 0, 0, 0, 0, 0, 0, 1, -1, 0, 0, 0, 0, 0, 0, 0, 0, 0, 0, 0, 0, 0, 0, 0, 
          0, 0, 0, 0, 0, 1 ], 
      [ 0, 0, 0, 0, 1, 1, 0, 0, 0, 0, 0, 0, 0, 0, 0, 0, 0, 0, 0, 0, 0, 0, 0, 
          -1, 0, 0, 0, 0, 0 ], 
      [ 0, 0, 0, 1, 0, 1, 0, 0, 0, 0, 0, 0, 0, 0, 0, 0, 0, 0, 0, 0, -1, 0, 0, 
          0, 0, 0, 0, 0, 0 ], 
      [ 0, 0, 0, 0, 0, 0, 0, 0, 0, 0, 0, 0, 0, 0, 0, 0, 0, 1, -1, 0, 0, 0, 0, 
          0, 0, 0, 0, 0, 1 ], 
      [ 0, 0, 0, 0, 0, 0, 0, 0, 0, 0, 0, 0, 1, -1, 0, 0, 0, 0, 0, 0, 0, 0, 0, 
          0, 0, 0, 0, 0, 1 ], 
      [ 0, 0, 0, 0, 1, 1, 1, -1, 0, 0, 0, 0, 0, 0, 0, 0, 0, 0, 0, 0, 0, 0, 0, 
          -1, -1, 1, -1, 1, 1 ], 
      [ 0, 0, 0, 0, 0, 0, 0, 0, 0, 0, 1, 1, 1, -1, 0, 0, 0, 0, 0, 0, 0, 0, 0, 
          -1, -1, 1, -1, 1, 1 ], 
      [ 0, 0, 0, 1, 0, 1, 1, -1, 0, 0, 0, 0, 0, 0, 0, 0, 0, 0, 0, 0, -1, -1, 
          1, 0, 0, 0, -1, 1, 1 ], 
      [ 0, 0, 0, 0, 0, 0, 0, 0, 0, 1, 0, 1, 1, -1, 0, 0, 0, 0, 0, 0, -1, -1, 
          1, 0, 0, 0, -1, 1, 1 ], 
      [ 0, 0, 1, 0, 0, 1, 1, -1, 0, 0, 0, 0, 0, 0, 0, 0, -1, -1, 1, 0, 0, 0, 
          0, 0, 0, 0, -1, 1, 1 ], 
      [ 0, 0, 0, 0, 0, 0, 0, 0, 1, 0, 0, 1, 1, -1, 0, 0, -1, -1, 1, 0, 0, 0, 
          0, 0, 0, 0, -1, 1, 1 ], 
      [ 0, 0, 0, 0, 1, 1, -1, 1, 0, 0, 0, 0, 0, 0, 0, 0, 0, 0, 0, 0, 0, 0, 0, 
          -1, 1, -1, 1, -1, 1 ], 
      [ 0, 0, 0, 0, 0, 0, 0, 0, 0, 1, 1, 1, -1, 0, 0, 0, 0, 0, 0, -1, -1, 1, 
          0, -1, 1, 0, 1, 0, 0 ], 
      [ 0, 0, 0, 0, 0, 0, 0, 0, 0, 0, 1, 1, -1, 1, 0, 0, 0, 0, 0, 0, 0, 0, 0, 
          -1, 1, -1, 1, -1, 1 ], 
      [ 0, 0, 0, 1, 0, 1, -1, 1, 0, 0, 0, 0, 0, 0, 0, 0, 0, 0, 0, 0, -1, 1, 
          -1, 0, 0, 0, 1, -1, 1 ], 
      [ 0, 0, 0, 0, 0, 0, 0, 0, 1, 0, 1, 1, -1, 0, 0, -1, -1, 1, 0, 0, 0, 0, 
          0, -1, 1, 0, 1, 0, 0 ], 
      [ 0, 0, 0, 0, 0, 0, 0, 0, 0, 1, 1, 1, 0, -1, 0, 0, 0, 0, 0, -1, -1, 0, 
          1, -1, 0, 1, 0, 1, 0 ], 
      [ 0, 0, 0, 0, 0, 0, 0, 0, 0, 1, 0, 1, -1, 1, 0, 0, 0, 0, 0, 0, -1, 1, 
          -1, 0, 0, 0, 1, -1, 1 ], 
      [ 0, 0, 1, 0, 0, 1, -1, 1, 0, 0, 0, 0, 0, 0, 0, 0, -1, 1, -1, 0, 0, 0, 
          0, 0, 0, 0, 1, -1, 1 ], 
      [ 0, 0, 0, 0, 0, 0, 0, 0, 1, 0, 1, 1, 0, -1, 0, -1, -1, 0, 1, 0, 0, 0, 
          0, -1, 0, 1, 0, 1, 0 ], 
      [ 0, 0, 0, 0, 0, 0, 0, 0, 1, 1, 0, 1, -1, 0, -1, 0, -1, 1, 0, 0, -1, 1, 
          0, 0, 0, 0, 1, 0, 0 ], 
      [ 0, 0, 0, 0, 0, 0, 0, 0, 1, 0, 0, 1, -1, 1, 0, 0, -1, 1, -1, 0, 0, 0, 
          0, 0, 0, 0, 1, -1, 1 ], 
      [ 0, 0, 0, 0, 0, 0, 0, 0, 1, 1, 0, 1, 0, -1, -1, 0, -1, 0, 1, 0, -1, 0, 
          1, 0, 0, 0, 0, 1, 0 ], 
      [ 0, -1, 1, 0, 1, 1, 0, 0, 1, 0, 1, 1, 0, 0, 0, -1, -1, 0, 0, 0, 0, 0, 
          0, -1, 0, 0, 0, 0, 0 ], 
      [ 0, -1, 1, 1, 0, 1, 0, 0, 1, 1, 0, 1, 0, 0, -1, 0, -1, 0, 0, 0, -1, 0, 
          0, 0, 0, 0, 0, 0, 0 ], 
      [ 0, -1, 0, 1, 1, 1, 0, 0, 0, 1, 1, 1, 0, 0, 0, 0, 0, 0, 0, -1, -1, 0, 
          0, -1, 0, 0, 0, 0, 0 ], 
      [ 0, 0, 0, 0, 0, 0, 0, 0, 2, 2, 2, 2, -2, 0, -1, -1, -1, 1, 0, -1, -1, 
          1, 0, -1, 1, 0, 1, 0, 0 ], 
      [ 0, 0, 0, 0, 0, 0, 0, 0, 0, 1, 1, 1, 1, -2, 0, 0, 0, 0, 0, -1, -1, -1, 
          2, -1, -1, 2, -1, 2, 2 ], 
      [ 0, 0, 0, 0, 0, 0, 0, 0, 2, 2, 2, 2, 0, -2, -1, -1, -1, 0, 1, -1, -1, 
          0, 1, -1, 0, 1, 0, 1, 0 ], 
      [ 0, 0, 0, 0, 0, 0, 0, 0, 1, 0, 1, 1, 1, -2, 0, -1, -1, -1, 2, 0, 0, 0, 
          0, -1, -1, 2, -1, 2, 2 ], 
      [ 0, 0, 0, 0, 0, 0, 0, 0, 0, 1, 1, 1, -2, 1, 0, 0, 0, 0, 0, -1, -1, 2, 
          -1, -1, 2, -1, 2, -1, 2 ], 
      [ 0, 0, 0, 0, 0, 0, 0, 0, 1, 0, 1, 1, -2, 1, 0, -1, -1, 2, -1, 0, 0, 0, 
          0, -1, 2, -1, 2, -1, 2 ], 
      [ 0, 0, 0, 0, 0, 0, 0, 0, 1, 1, 0, 1, 1, -2, -1, 0, -1, -1, 2, 0, -1, 
          -1, 2, 0, 0, 0, -1, 2, 2 ], 
      [ 0, 0, 0, 0, 0, 0, 0, 0, 1, 1, 0, 1, -2, 1, -1, 0, -1, 2, -1, 0, -1, 
          2, -1, 0, 0, 0, 2, -1, 2 ], 
      [ 0, -1, 0, 1, 1, 1, 1, -1, 0, 1, 1, 1, 1, -1, 0, 0, 0, 0, 0, -1, -1, 
          -1, 1, -1, -1, 1, -1, 1, 1 ], 
      [ 0, -1, 1, 0, 1, 1, 1, -1, 1, 0, 1, 1, 1, -1, 0, -1, -1, -1, 1, 0, 0, 
          0, 0, -1, -1, 1, -1, 1, 1 ], 
      [ 0, -1, 0, 1, 1, 1, -1, 1, 0, 1, 1, 1, -1, 1, 0, 0, 0, 0, 0, -1, -1, 
          1, -1, -1, 1, -1, 1, -1, 1 ], 
      [ 0, -1, 1, 1, 1, 1, -1, 0, 1, 1, 1, 1, -1, 0, -1, -1, -1, 1, 0, -1, 
          -1, 1, 0, -1, 1, 0, 1, 0, 0 ], 
      [ 0, -1, 1, 0, 1, 1, -1, 1, 1, 0, 1, 1, -1, 1, 0, -1, -1, 1, -1, 0, 0, 
          0, 0, -1, 1, -1, 1, -1, 1 ], 
      [ 0, -1, 1, 1, 1, 1, 0, -1, 1, 1, 1, 1, 0, -1, -1, -1, -1, 0, 1, -1, 
          -1, 0, 1, -1, 0, 1, 0, 1, 0 ], 
      [ 0, -1, 1, 1, 0, 1, 1, -1, 1, 1, 0, 1, 1, -1, -1, 0, -1, -1, 1, 0, -1, 
          -1, 1, 0, 0, 0, -1, 1, 1 ], 
      [ 0, -1, 1, 1, 0, 1, -1, 1, 1, 1, 0, 1, -1, 1, -1, 0, -1, 1, -1, 0, -1, 
          1, -1, 0, 0, 0, 1, -1, 1 ], 
      [ 0, 0, 0, 0, 0, 0, 0, 0, 2, 2, 2, 2, 2, -4, -1, -1, -1, -1, 2, -1, -1, 
          -1, 2, -1, -1, 2, -1, 2, 2 ], 
      [ 0, 0, 0, 0, 0, 0, 0, 0, 2, 2, 2, 2, -4, 2, -1, -1, -1, 2, -1, -1, -1, 
          2, -1, -1, 2, -1, 2, -1, 2 ], 
      [ 0, -1, 1, 1, 0, 1, -2, 2, 1, 1, 0, 1, -2, 2, -1, 0, -1, 2, -2, 0, -1, 
          2, -2, 0, 0, 0, 2, -2, 4 ], 
      [ 0, -1, 0, 1, 1, 1, -2, 2, 0, 1, 1, 1, -2, 2, 0, 0, 0, 0, 0, -1, -1, 
          2, -2, -1, 2, -2, 2, -2, 4 ], 
      [ 0, -2, 1, 1, 1, 2, -1, 0, 2, 2, 2, 4, -2, 0, -1, -1, -2, 1, 0, -1, 
          -2, 1, 0, -2, 1, 0, 2, 0, 0 ], 
      [ 0, -1, 1, 0, 1, 1, -2, 2, 1, 0, 1, 1, -2, 2, 0, -1, -1, 2, -2, 0, 0, 
          0, 0, -1, 2, -2, 2, -2, 4 ], 
      [ 0, -1, 0, 1, 1, 1, 2, -2, 0, 1, 1, 1, 2, -2, 0, 0, 0, 0, 0, -1, -1, 
          -2, 2, -1, -2, 2, -2, 2, 4 ], 
      [ 0, -2, 1, 1, 1, 2, 0, -1, 2, 2, 2, 4, 0, -2, -1, -1, -2, 0, 1, -1, 
          -2, 0, 1, -2, 0, 1, 0, 2, 0 ], 
      [ 0, -1, 1, 0, 1, 1, 2, -2, 1, 0, 1, 1, 2, -2, 0, -1, -1, -2, 2, 0, 0, 
          0, 0, -1, -2, 2, -2, 2, 4 ], 
      [ 0, -1, 1, 1, 0, 1, 2, -2, 1, 1, 0, 1, 2, -2, -1, 0, -1, -2, 2, 0, -1, 
          -2, 2, 0, 0, 0, -2, 2, 4 ], 
      [ 0, 0, 0, 0, 0, 0, 0, 0, 2, 2, 2, 2, -6, 4, -1, -1, -1, 3, -2, -1, -1, 
          3, -2, -1, 3, -2, 3, -2, 6 ], 
      [ 0, 0, 0, 0, 0, 0, 0, 0, 2, 2, 2, 2, 4, -6, -1, -1, -1, -2, 3, -1, -1, 
          -2, 3, -1, -2, 3, -2, 3, 6 ], 
      [ 0, -1, 1, 1, 1, 1, 1, -2, 1, 1, 1, 1, 1, -2, -1, -1, -1, -1, 2, -1, 
          -1, -1, 2, -1, -1, 2, -1, 2, 2 ], 
      [ 0, -1, 1, 1, 1, 1, -2, 1, 1, 1, 1, 1, -2, 1, -1, -1, -1, 2, -1, -1, 
          -1, 2, -1, -1, 2, -1, 2, -1, 2 ], 
      [ 0, -1, 1, 1, 1, 1, 2, -3, 1, 1, 1, 1, 2, -3, -1, -1, -1, -2, 3, -1, 
          -1, -2, 3, -1, -2, 3, -2, 3, 6 ], 
      [ 0, -1, 1, 1, 1, 1, -3, 2, 1, 1, 1, 1, -3, 2, -1, -1, -1, 3, -2, -1, 
          -1, 3, -2, -1, 3, -2, 3, -2, 6 ], 
      [ 0, -2, 1, 1, 1, 2, 1, -2, 2, 2, 2, 4, 2, -4, -1, -1, -2, -1, 2, -1, 
          -2, -1, 2, -2, -1, 2, -2, 4, 2 ], 
      [ 0, -2, 1, 1, 1, 2, -2, 1, 2, 2, 2, 4, -4, 2, -1, -1, -2, 2, -1, -1, 
          -2, 2, -1, -2, 2, -1, 4, -2, 2 ], 
      [ 0, -2, 1, 1, 1, 2, 2, -3, 2, 2, 2, 4, 4, -6, -1, -1, -2, -2, 3, -1, 
          -2, -2, 3, -2, -2, 3, -4, 6, 6 ], 
      [ 0, -2, 1, 1, 1, 2, -3, 2, 2, 2, 2, 4, -6, 4, -1, -1, -2, 3, -2, -1, 
          -2, 3, -2, -2, 3, -2, 6, -4, 6 ], 
      [ 0, -2, 1, 1, 1, 2, 3, -4, 2, 2, 2, 4, 6, -8, -1, -1, -2, -3, 4, -1, 
          -2, -3, 4, -2, -3, 4, -6, 8, 12 ], 
      [ 0, -2, 1, 1, 1, 2, -4, 3, 2, 2, 2, 4, -8, 6, -1, -1, -2, 4, -3, -1, 
          -2, 4, -3, -2, 4, -3, 8, -6, 12 ] ],
  ListIncidentSymbol := 
   [ [ 0, 0, 0, 0, 0, 1, 1, -1 ], [ 0, 0, 0, 0, 1, 0, 1, -1 ], 
      [ -1, 0, 0, 0, 0, 1, 0, 1 ], [ 0, 0, 0, 1, 0, 0, 1, -1 ], 
      [ -1, 1, 0, 0, 0, 0, 0, 1 ], [ 0, 0, 1, 0, 0, 0, 1, -1 ], 
      [ 0, 1, -1, 0, 0, 0, 0, 1 ], [ -1, 1, 0, 0, 0, 0, 1, 0 ], 
      [ 0, 1, 0, 0, 0, 0, 1, -1 ], [ 0, 1, 0, -1, 0, 0, 0, 1 ], 
      [ 0, 1, -1, 0, 0, 0, 1, 0 ], [ 1, 0, 0, 0, 0, 0, 1, -1 ], 
      [ 0, 1, 0, -1, 0, 0, 1, 0 ], [ 0, -1, 1, 0, 0, 1, 0, 0 ], 
      [ 0, 1, 0, 0, -1, 0, 0, 1 ], [ -1, 0, 1, 0, 0, 1, 0, 0 ], 
      [ 0, 0, 0, 0, 0, 1, -1, 1 ], [ -1, 0, 0, 0, 0, 1, 1, 0 ], 
      [ 0, 1, 0, 0, -1, 0, 1, 0 ], [ 0, 0, 0, 0, 1, 0, -1, 1 ], 
      [ 0, -1, 0, 0, 1, 1, 0, 0 ], [ 0, -1, 0, 1, 0, 1, 0, 0 ], 
      [ 0, 0, 0, 1, 0, 0, -1, 1 ], [ 1, 0, 0, 0, 0, 0, -1, 1 ], 
      [ -1, 0, 0, 0, 1, 1, 0, 0 ], [ -1, 0, 0, 1, 0, 1, 0, 0 ], 
      [ 0, 0, 1, 0, 0, 0, -1, 1 ], [ 0, 1, 0, 0, 0, 0, -1, 1 ], 
      [ -1, 0, 0, 0, 1, 1, 1, -1 ], [ 0, -1, 0, 0, 1, 1, 1, -1 ], 
      [ -1, 0, 0, 1, 0, 1, 1, -1 ], [ 0, -1, 0, 1, 0, 1, 1, -1 ], 
      [ -1, 0, 1, 0, 0, 1, 1, -1 ], [ 0, -1, 1, 0, 0, 1, 1, -1 ], 
      [ -1, 0, 0, 0, 1, 1, -1, 1 ], [ 0, -1, 0, 1, 1, 1, -1, 0 ], 
      [ 0, -1, 0, 0, 1, 1, -1, 1 ], [ -1, 0, 0, 1, 0, 1, -1, 1 ], 
      [ 0, -1, 1, 0, 1, 1, -1, 0 ], [ 0, -1, 0, 1, 1, 1, 0, -1 ], 
      [ 0, -1, 0, 1, 0, 1, -1, 1 ], [ -1, 0, 1, 0, 0, 1, -1, 1 ], 
      [ 0, -1, 1, 0, 1, 1, 0, -1 ], [ 0, -1, 1, 1, 0, 1, -1, 0 ], 
      [ 0, -1, 1, 0, 0, 1, -1, 1 ], [ 0, -1, 1, 1, 0, 1, 0, -1 ], 
      [ -1, -1, 1, 0, 1, 1, 0, 0 ], [ -1, -1, 1, 1, 0, 1, 0, 0 ], 
      [ -1, -1, 0, 1, 1, 1, 0, 0 ], [ 0, -2, 1, 1, 1, 1, -1, 0 ], 
      [ 0, -1, 0, 1, 1, 1, 1, -2 ], [ 0, -2, 1, 1, 1, 1, 0, -1 ], 
      [ 0, -1, 1, 0, 1, 1, 1, -2 ], [ 0, -1, 0, 1, 1, 1, -2, 1 ], 
      [ 0, -1, 1, 0, 1, 1, -2, 1 ], [ 0, -1, 1, 1, 0, 1, 1, -2 ], 
      [ 0, -1, 1, 1, 0, 1, -2, 1 ], [ -1, -1, 0, 1, 1, 1, 1, -1 ], 
      [ -1, -1, 1, 0, 1, 1, 1, -1 ], [ -1, -1, 0, 1, 1, 1, -1, 1 ], 
      [ -1, -1, 1, 1, 1, 1, -1, 0 ], [ -1, -1, 1, 0, 1, 1, -1, 1 ], 
      [ -1, -1, 1, 1, 1, 1, 0, -1 ], [ -1, -1, 1, 1, 0, 1, 1, -1 ], 
      [ -1, -1, 1, 1, 0, 1, -1, 1 ], [ 0, -2, 1, 1, 1, 1, 1, -2 ], 
      [ 0, -2, 1, 1, 1, 1, -2, 1 ], [ -1, -1, 1, 1, 0, 1, -2, 2 ], 
      [ -1, -1, 0, 1, 1, 1, -2, 2 ], [ -1, -2, 1, 1, 1, 2, -1, 0 ], 
      [ -1, -1, 1, 0, 1, 1, -2, 2 ], [ -1, -1, 0, 1, 1, 1, 2, -2 ], 
      [ -1, -2, 1, 1, 1, 2, 0, -1 ], [ -1, -1, 1, 0, 1, 1, 2, -2 ], 
      [ -1, -1, 1, 1, 0, 1, 2, -2 ], [ 0, -2, 1, 1, 1, 1, -3, 2 ], 
      [ 0, -2, 1, 1, 1, 1, 2, -3 ], [ -1, -1, 1, 1, 1, 1, 1, -2 ], 
      [ -1, -1, 1, 1, 1, 1, -2, 1 ], [ -1, -1, 1, 1, 1, 1, 2, -3 ], 
      [ -1, -1, 1, 1, 1, 1, -3, 2 ], [ -1, -2, 1, 1, 1, 2, 1, -2 ], 
      [ -1, -2, 1, 1, 1, 2, -2, 1 ], [ -1, -2, 1, 1, 1, 2, 2, -3 ], 
      [ -1, -2, 1, 1, 1, 2, -3, 2 ], [ -1, -2, 1, 1, 1, 2, 3, -4 ], 
      [ -1, -2, 1, 1, 1, 2, -4, 3 ] ],
  ListAdjacent := [ rec(
          DistVect := [ 0, 4, 4, 5, 4, 3, 5, 4, 4, 3, 4, 5, 7, 8, 5, 4, 7, 5, 
              4, 5, 8, 4, 7, 7, 5, 4, 8, 5, 3 ],
          eAdj := [ 1, 5, 7, 13, 15, 16, 18, 22, 23, 25, 26, 29, 30, 33, 34, 
              40, 43, 46, 48, 49, 52, 53, 59, 63, 73, 82 ] ), rec(
          DistVect := [ 0, 4, 4, 5, 5, 3, 5, 4, 4, 3, 3, 5, 7, 8, 5, 5, 7, 5, 
              4, 4, 8, 4, 7, 8, 4, 7, 8, 5, 3 ],
          eAdj := [ 1, 5, 7, 13, 16, 18, 19, 20, 21, 22, 23, 25, 26, 33, 34, 
              36, 43, 46, 47, 48, 49, 50, 52, 60, 61, 73 ] ), rec(
          DistVect := [ 0, 4, 4, 5, 4, 3, 5, 4, 4, 3, 4, 5, 7, 8, 5, 4, 7, 5, 
              4, 7, 8, 4, 7, 5, 7, 4, 8, 5, 3 ],
          eAdj := [ 1, 2, 5, 7, 13, 15, 16, 18, 22, 23, 26, 29, 30, 33, 34, 
              40, 46, 48, 49, 52, 53, 58, 59, 63, 66, 82 ] ), rec(
          DistVect := [ 0, 4, 4, 5, 5, 4, 5, 4, 4, 3, 3, 4, 7, 8, 5, 5, 8, 5, 
              4, 4, 5, 4, 7, 5, 4, 7, 5, 8, 3 ],
          eAdj := [ 3, 5, 7, 13, 14, 16, 17, 19, 20, 23, 35, 37, 38, 39, 41, 
              42, 44, 50, 54, 60, 62, 65, 67, 69, 79, 83 ] ), rec(
          DistVect := [ 0, 4, 4, 5, 4, 4, 5, 4, 4, 3, 4, 4, 7, 8, 5, 4, 8, 5, 
              4, 5, 5, 4, 7, 8, 5, 4, 5, 8, 3 ],
          eAdj := [ 3, 5, 7, 13, 14, 15, 16, 17, 21, 23, 25, 35, 36, 38, 39, 
              41, 42, 43, 44, 47, 50, 60, 61, 65, 70, 83 ] ), rec(
          DistVect := [ 0, 4, 4, 5, 4, 4, 5, 4, 4, 3, 4, 4, 7, 8, 5, 4, 8, 5, 
              4, 3, 7, 4, 7, 8, 3, 4, 7, 8, 3 ],
          eAdj := [ 3, 5, 7, 13, 14, 15, 16, 19, 21, 22, 23, 25, 35, 36, 38, 
              39, 41, 43, 44, 47, 48, 50, 60, 61, 65, 70 ] ), rec(
          DistVect := [ 0, 4, 4, 5, 4, 4, 5, 4, 4, 3, 4, 4, 7, 8, 5, 4, 8, 5, 
              4, 7, 5, 4, 7, 8, 7, 4, 5, 8, 3 ],
          eAdj := [ 2, 3, 5, 7, 13, 14, 15, 16, 17, 21, 23, 25, 36, 38, 41, 
              42, 43, 44, 47, 49, 50, 52, 60, 61, 65, 70 ] ), rec(
          DistVect := [ 0, 3, 5, 4, 5, 3, 4, 7, 4, 3, 4, 4, 7, 8, 5, 4, 8, 5, 
              4, 5, 7, 4, 7, 8, 5, 4, 7, 8, 3 ],
          eAdj := [ 7, 8, 13, 14, 15, 16, 18, 21, 22, 23, 24, 25, 26, 29, 33, 
              36, 41, 43, 44, 48, 49, 50, 52, 59, 63, 73 ] ), rec(
          DistVect := [ 0, 4, 4, 3, 4, 5, 3, 4, 4, 3, 4, 5, 7, 8, 5, 4, 7, 5, 
              4, 5, 8, 4, 7, 7, 5, 4, 8, 5, 3 ],
          eAdj := [ 1, 5, 7, 8, 13, 15, 18, 22, 23, 26, 29, 30, 33, 34, 40, 
              43, 46, 48, 49, 52, 53, 58, 59, 63, 64, 82 ] ), rec(
          DistVect := [ 0, 4, 4, 3, 4, 4, 3, 4, 4, 3, 4, 4, 7, 8, 5, 4, 8, 5, 
              4, 5, 5, 4, 7, 8, 5, 4, 5, 8, 3 ],
          eAdj := [ 3, 5, 7, 8, 13, 14, 15, 16, 17, 21, 23, 25, 36, 38, 39, 
              41, 43, 44, 47, 48, 49, 50, 60, 61, 65, 70 ] ), rec(
          DistVect := [ 0, 4, 7, 4, 4, 4, 4, 7, 3, 4, 4, 4, 8, 7, 5, 5, 7, 7, 
              4, 4, 8, 4, 5, 8, 4, 5, 8, 7, 3 ],
          eAdj := [ 6, 7, 8, 13, 14, 18, 19, 21, 22, 24, 25, 26, 29, 31, 33, 
              34, 36, 43, 46, 49, 50, 52, 59, 63, 64, 73 ] ), rec(
          DistVect := [ 0, 5, 7, 4, 5, 3, 4, 7, 4, 5, 4, 4, 9, 8, 7, 4, 8, 7, 
              4, 5, 7, 4, 7, 8, 5, 4, 7, 8, 3 ],
          eAdj := [ 6, 7, 8, 13, 14, 15, 18, 19, 21, 23, 24, 25, 26, 29, 33, 
              36, 41, 43, 44, 48, 49, 50, 59, 63, 70, 73 ] ), rec(
          DistVect := [ 0, 4, 7, 4, 4, 4, 4, 7, 5, 4, 4, 4, 8, 9, 7, 5, 7, 7, 
              4, 4, 8, 4, 7, 8, 4, 5, 8, 7, 3 ],
          eAdj := [ 6, 7, 8, 13, 15, 18, 19, 21, 22, 23, 24, 25, 26, 29, 33, 
              34, 36, 43, 46, 49, 52, 59, 63, 64, 73, 82 ] ), rec(
          DistVect := [ 0, 4, 5, 4, 4, 4, 4, 5, 5, 4, 4, 4, 8, 9, 7, 7, 5, 7, 
              4, 4, 8, 4, 7, 8, 4, 7, 8, 5, 3 ],
          eAdj := [ 1, 5, 6, 7, 8, 13, 18, 19, 20, 21, 22, 23, 25, 26, 33, 
              34, 36, 43, 46, 49, 52, 59, 63, 64, 73, 82 ] ), rec(
          DistVect := [ 0, 4, 4, 5, 5, 3, 5, 4, 4, 5, 5, 3, 9, 8, 7, 7, 5, 7, 
              4, 4, 8, 4, 7, 8, 4, 7, 8, 5, 3 ],
          eAdj := [ 1, 5, 6, 7, 8, 13, 18, 19, 20, 21, 22, 23, 25, 26, 33, 
              34, 36, 43, 46, 47, 48, 50, 60, 61, 70, 73 ] ), rec(
          DistVect := [ 0, 4, 5, 4, 5, 4, 4, 5, 5, 4, 5, 4, 8, 9, 7, 4, 5, 7, 
              4, 7, 8, 4, 7, 5, 7, 4, 8, 5, 3 ],
          eAdj := [ 1, 2, 5, 6, 7, 8, 13, 15, 18, 22, 23, 26, 29, 30, 33, 34, 
              40, 46, 53, 58, 64, 66, 74, 78, 82, 84 ] ), rec(
          DistVect := [ 0, 4, 4, 5, 4, 3, 5, 4, 4, 5, 4, 3, 9, 8, 7, 4, 5, 7, 
              4, 7, 8, 4, 7, 5, 7, 4, 8, 5, 3 ],
          eAdj := [ 1, 2, 5, 6, 7, 8, 13, 15, 18, 22, 23, 26, 29, 30, 33, 34, 
              40, 46, 48, 49, 52, 53, 59, 63, 73, 82 ] ), rec(
          DistVect := [ 0, 3, 4, 4, 4, 4, 4, 5, 3, 5, 5, 5, 5, 8, 4, 4, 8, 4, 
              5, 4, 8, 4, 3, 8, 4, 3, 8, 7, 3 ],
          eAdj := [ 5, 7, 10, 14, 15, 16, 18, 25, 26, 28, 29, 30, 31, 32, 34, 
              40, 43, 46, 51, 58, 59, 63, 64, 66, 78, 82 ] ), rec(
          DistVect := [ 0, 3, 4, 4, 4, 4, 4, 5, 3, 5, 3, 5, 5, 8, 4, 4, 8, 4, 
              5, 4, 8, 4, 3, 8, 4, 5, 8, 7, 3 ],
          eAdj := [ 5, 7, 10, 14, 15, 16, 18, 21, 25, 26, 28, 30, 31, 32, 34, 
              40, 43, 46, 47, 52, 58, 59, 63, 64, 66, 82 ] ), rec(
          DistVect := [ 0, 4, 4, 4, 4, 5, 3, 4, 4, 4, 4, 7, 5, 8, 4, 4, 7, 5, 
              4, 4, 7, 5, 4, 7, 5, 4, 8, 5, 3 ],
          eAdj := [ 1, 5, 7, 10, 15, 18, 28, 29, 30, 31, 32, 33, 34, 51, 53, 
              56, 58, 59, 64, 66, 72, 74, 75, 77, 78, 84 ] ), rec(
          DistVect := [ 0, 4, 4, 4, 4, 5, 3, 4, 4, 4, 4, 7, 5, 8, 4, 4, 7, 5, 
              4, 4, 7, 5, 4, 9, 3, 4, 8, 5, 3 ],
          eAdj := [ 1, 5, 7, 10, 15, 18, 25, 28, 29, 30, 31, 32, 33, 34, 40, 
              43, 51, 53, 56, 58, 59, 64, 66, 75, 78, 84 ] ), rec(
          DistVect := [ 0, 5, 4, 4, 4, 4, 4, 3, 3, 3, 3, 7, 5, 8, 4, 4, 8, 4, 
              5, 4, 8, 4, 5, 8, 4, 5, 8, 5, 3 ],
          eAdj := [ 1, 5, 7, 10, 15, 16, 18, 25, 26, 28, 30, 32, 34, 40, 43, 
              46, 47, 48, 49, 52, 58, 59, 63, 64, 66, 82 ] ), rec(
          DistVect := [ 0, 5, 4, 4, 4, 4, 4, 3, 3, 3, 5, 7, 5, 8, 4, 4, 8, 4, 
              5, 4, 8, 4, 5, 8, 4, 3, 8, 5, 3 ],
          eAdj := [ 1, 5, 7, 10, 15, 16, 18, 25, 26, 28, 29, 30, 32, 34, 40, 
              43, 46, 48, 51, 53, 58, 59, 63, 64, 66, 82 ] ), rec(
          DistVect := [ 0, 4, 4, 4, 4, 3, 5, 4, 4, 4, 4, 7, 5, 8, 4, 4, 7, 5, 
              4, 4, 7, 5, 4, 7, 5, 4, 8, 5, 3 ],
          eAdj := [ 1, 5, 7, 10, 15, 16, 18, 25, 26, 28, 29, 30, 31, 32, 33, 
              34, 51, 53, 56, 58, 59, 64, 66, 77, 78, 84 ] ), rec(
          DistVect := [ 0, 3, 4, 4, 4, 4, 4, 5, 3, 3, 3, 7, 5, 8, 4, 4, 8, 4, 
              5, 4, 8, 4, 5, 8, 4, 5, 8, 5, 3 ],
          eAdj := [ 1, 5, 7, 10, 15, 16, 18, 25, 26, 28, 29, 30, 31, 32, 33, 
              34, 40, 43, 46, 52, 58, 59, 63, 64, 66, 82 ] ), rec(
          DistVect := [ 0, 4, 4, 4, 4, 3, 5, 4, 4, 4, 4, 5, 7, 8, 4, 4, 7, 5, 
              4, 4, 7, 5, 4, 5, 7, 4, 8, 5, 3 ],
          eAdj := [ 1, 2, 5, 7, 10, 15, 16, 18, 26, 29, 30, 31, 32, 33, 34, 
              46, 51, 53, 56, 58, 59, 64, 66, 78, 82, 84 ] ), rec(
          DistVect := [ 0, 5, 4, 4, 4, 4, 4, 3, 5, 5, 5, 5, 5, 8, 4, 4, 8, 4, 
              3, 4, 8, 4, 3, 8, 4, 3, 8, 7, 3 ],
          eAdj := [ 3, 5, 7, 10, 15, 16, 18, 25, 26, 28, 30, 32, 34, 40, 43, 
              46, 51, 53, 56, 58, 59, 63, 64, 66, 78, 82 ] ), rec(
          DistVect := [ 0, 5, 4, 4, 4, 4, 4, 3, 3, 5, 5, 5, 5, 8, 4, 4, 8, 4, 
              5, 4, 8, 4, 3, 8, 4, 3, 8, 7, 3 ],
          eAdj := [ 3, 5, 7, 10, 14, 15, 16, 18, 25, 26, 28, 30, 32, 34, 40, 
              43, 46, 47, 48, 51, 58, 59, 63, 64, 66, 82 ] ), rec(
          DistVect := [ 0, 4, 4, 4, 4, 4, 5, 4, 4, 4, 4, 4, 5, 8, 4, 4, 8, 3, 
              4, 4, 8, 3, 4, 8, 5, 4, 7, 8, 3 ],
          eAdj := [ 3, 5, 7, 10, 14, 15, 16, 21, 22, 25, 26, 28, 30, 38, 40, 
              42, 43, 44, 46, 47, 48, 49, 52, 61, 63, 73 ] ), rec(
          DistVect := [ 0, 4, 4, 4, 4, 4, 5, 4, 4, 4, 4, 4, 5, 8, 4, 4, 8, 3, 
              4, 4, 8, 5, 4, 8, 5, 4, 7, 8, 3 ],
          eAdj := [ 3, 5, 7, 10, 14, 15, 16, 21, 22, 25, 26, 28, 30, 32, 40, 
              42, 43, 46, 47, 48, 49, 52, 58, 63, 66, 73 ] ), rec(
          DistVect := [ 0, 4, 4, 4, 4, 4, 5, 4, 4, 4, 4, 4, 7, 8, 4, 4, 8, 5, 
              4, 4, 8, 3, 4, 8, 5, 4, 7, 8, 3 ],
          eAdj := [ 3, 5, 7, 10, 13, 14, 15, 16, 21, 22, 25, 26, 36, 38, 40, 
              43, 44, 46, 47, 48, 49, 52, 61, 63, 70, 73 ] ), rec(
          DistVect := [ 0, 5, 4, 4, 4, 5, 4, 3, 3, 3, 3, 4, 5, 8, 4, 4, 7, 4, 
              5, 4, 7, 4, 5, 7, 4, 5, 5, 8, 3 ],
          eAdj := [ 3, 5, 7, 10, 14, 15, 17, 21, 22, 28, 35, 36, 38, 39, 42, 
              44, 47, 48, 49, 50, 52, 60, 61, 62, 65, 70 ] ), rec(
          DistVect := [ 0, 5, 4, 4, 4, 5, 4, 3, 3, 3, 5, 4, 5, 8, 4, 4, 7, 4, 
              5, 4, 7, 4, 5, 9, 4, 3, 5, 8, 3 ],
          eAdj := [ 3, 5, 7, 10, 14, 15, 17, 21, 22, 25, 28, 35, 36, 38, 39, 
              40, 42, 43, 44, 47, 48, 49, 52, 61, 65, 70 ] ), rec(
          DistVect := [ 0, 4, 4, 4, 4, 4, 3, 4, 4, 4, 4, 4, 5, 8, 4, 4, 8, 5, 
              4, 4, 8, 5, 4, 8, 5, 4, 5, 8, 3 ],
          eAdj := [ 3, 5, 7, 10, 14, 15, 16, 17, 21, 22, 25, 26, 28, 40, 43, 
              46, 47, 48, 49, 52, 58, 59, 63, 64, 66, 73 ] ), rec(
          DistVect := [ 0, 4, 4, 4, 4, 4, 3, 4, 4, 4, 4, 4, 5, 8, 4, 4, 8, 3, 
              4, 4, 8, 5, 4, 8, 5, 4, 5, 8, 3 ],
          eAdj := [ 3, 5, 7, 10, 14, 15, 16, 17, 21, 22, 25, 26, 28, 39, 40, 
              42, 43, 44, 46, 47, 48, 49, 52, 58, 63, 73 ] ), rec(
          DistVect := [ 0, 4, 4, 4, 4, 4, 5, 4, 4, 4, 4, 4, 5, 8, 4, 4, 8, 5, 
              4, 4, 8, 5, 4, 8, 5, 4, 5, 8, 3 ],
          eAdj := [ 3, 5, 7, 10, 14, 15, 16, 17, 21, 22, 25, 26, 28, 35, 38, 
              40, 42, 43, 46, 47, 48, 49, 52, 63, 66, 73 ] ), rec(
          DistVect := [ 0, 3, 4, 4, 4, 3, 4, 5, 3, 3, 3, 4, 5, 8, 4, 4, 7, 4, 
              5, 4, 7, 4, 5, 7, 4, 5, 5, 8, 3 ],
          eAdj := [ 3, 5, 7, 10, 14, 15, 16, 17, 21, 22, 25, 26, 28, 35, 36, 
              38, 39, 42, 44, 47, 48, 49, 50, 52, 61, 70 ] ), rec(
          DistVect := [ 0, 4, 4, 4, 4, 4, 3, 4, 4, 4, 4, 4, 5, 8, 4, 4, 8, 3, 
              4, 4, 8, 3, 4, 8, 5, 4, 7, 8, 3 ],
          eAdj := [ 3, 5, 7, 10, 14, 15, 16, 18, 21, 22, 25, 26, 28, 30, 40, 
              43, 44, 46, 47, 48, 49, 52, 58, 59, 63, 73 ] ), rec(
          DistVect := [ 0, 3, 4, 4, 4, 4, 4, 5, 5, 5, 5, 3, 5, 8, 4, 4, 8, 4, 
              3, 4, 8, 4, 3, 8, 4, 3, 8, 9, 3 ],
          eAdj := [ 3, 5, 7, 10, 14, 15, 16, 18, 21, 22, 25, 26, 28, 30, 32, 
              34, 40, 43, 46, 58, 59, 63, 64, 66, 78, 82 ] ), rec(
          DistVect := [ 0, 4, 4, 4, 4, 4, 5, 4, 4, 4, 4, 4, 5, 8, 4, 4, 8, 3, 
              4, 4, 8, 3, 4, 8, 3, 4, 9, 8, 3 ],
          eAdj := [ 3, 5, 7, 10, 14, 15, 16, 18, 21, 22, 25, 26, 28, 30, 32, 
              34, 40, 43, 46, 47, 48, 49, 52, 61, 63, 73 ] ), rec(
          DistVect := [ 0, 4, 4, 4, 4, 4, 3, 4, 4, 4, 4, 4, 5, 8, 4, 4, 8, 3, 
              4, 4, 8, 3, 4, 8, 3, 4, 7, 8, 3 ],
          eAdj := [ 3, 5, 7, 10, 14, 15, 16, 18, 21, 22, 25, 26, 28, 36, 39, 
              40, 43, 44, 46, 47, 48, 49, 52, 61, 63, 73 ] ), rec(
          DistVect := [ 0, 4, 4, 4, 4, 4, 5, 4, 4, 4, 4, 4, 7, 8, 4, 4, 8, 5, 
              4, 4, 8, 3, 4, 8, 3, 4, 9, 8, 3 ],
          eAdj := [ 3, 5, 7, 10, 13, 14, 15, 16, 18, 19, 21, 22, 25, 26, 34, 
              36, 40, 43, 46, 47, 48, 49, 52, 61, 63, 73 ] ), rec(
          DistVect := [ 0, 4, 4, 4, 4, 4, 5, 4, 4, 4, 4, 4, 7, 8, 4, 4, 8, 5, 
              4, 4, 8, 3, 4, 8, 7, 4, 7, 8, 3 ],
          eAdj := [ 2, 3, 5, 7, 10, 13, 14, 15, 16, 21, 22, 25, 26, 30, 38, 
              40, 43, 44, 46, 47, 48, 49, 52, 59, 63, 73 ] ), rec(
          DistVect := [ 0, 4, 4, 4, 4, 4, 5, 4, 4, 4, 4, 4, 7, 8, 4, 4, 8, 5, 
              4, 4, 8, 5, 4, 8, 7, 4, 5, 8, 3 ],
          eAdj := [ 2, 3, 5, 7, 10, 14, 15, 16, 17, 21, 22, 25, 26, 38, 40, 
              42, 43, 44, 46, 47, 48, 49, 52, 63, 70, 73 ] ), rec(
          DistVect := [ 0, 4, 4, 4, 4, 3, 5, 4, 4, 4, 4, 5, 7, 8, 4, 4, 7, 5, 
              4, 4, 5, 7, 4, 5, 7, 4, 8, 5, 3 ],
          eAdj := [ 1, 2, 4, 5, 7, 10, 15, 16, 18, 29, 30, 31, 32, 33, 34, 
              51, 53, 56, 58, 59, 64, 66, 72, 77, 78, 84 ] ), rec(
          DistVect := [ 0, 4, 4, 4, 4, 4, 5, 4, 4, 4, 4, 4, 7, 8, 4, 4, 8, 5, 
              4, 4, 8, 7, 4, 8, 7, 4, 5, 8, 3 ],
          eAdj := [ 2, 3, 4, 5, 7, 10, 14, 15, 16, 17, 21, 22, 25, 26, 40, 
              42, 43, 46, 47, 48, 49, 52, 58, 63, 66, 73 ] ), rec(
          DistVect := [ 0, 3, 5, 3, 5, 5, 4, 7, 4, 4, 4, 4, 7, 8, 4, 4, 8, 5, 
              4, 4, 8, 3, 4, 8, 5, 4, 9, 8, 3 ],
          eAdj := [ 7, 8, 10, 13, 14, 15, 18, 21, 22, 24, 26, 29, 30, 31, 33, 
              34, 40, 43, 46, 52, 58, 59, 63, 64, 78, 82 ] ), rec(
          DistVect := [ 0, 3, 5, 5, 5, 3, 4, 7, 4, 4, 4, 4, 7, 8, 4, 4, 8, 5, 
              4, 4, 8, 5, 4, 8, 5, 4, 7, 8, 3 ],
          eAdj := [ 7, 8, 10, 14, 15, 16, 18, 21, 22, 24, 25, 26, 29, 31, 33, 
              40, 43, 46, 52, 58, 59, 63, 64, 73, 78, 82 ] ), rec(
          DistVect := [ 0, 3, 5, 5, 7, 3, 4, 7, 4, 4, 4, 4, 7, 8, 4, 4, 8, 5, 
              4, 4, 8, 5, 4, 8, 7, 4, 7, 8, 3 ],
          eAdj := [ 2, 7, 8, 10, 14, 15, 16, 18, 21, 22, 24, 26, 29, 30, 31, 
              33, 40, 43, 46, 52, 58, 59, 64, 66, 78, 82 ] ), rec(
          DistVect := [ 0, 4, 4, 4, 4, 5, 3, 4, 4, 4, 4, 5, 7, 8, 4, 4, 7, 5, 
              4, 4, 7, 5, 4, 7, 5, 4, 8, 5, 3 ],
          eAdj := [ 1, 5, 7, 8, 10, 15, 18, 29, 30, 31, 32, 33, 34, 40, 43, 
              46, 51, 53, 56, 58, 59, 64, 66, 78, 82, 84 ] ), rec(
          DistVect := [ 0, 4, 4, 4, 4, 5, 3, 4, 4, 4, 4, 5, 7, 8, 4, 4, 7, 5, 
              4, 4, 7, 5, 4, 5, 7, 4, 8, 5, 3 ],
          eAdj := [ 1, 2, 5, 7, 8, 10, 15, 18, 29, 30, 31, 32, 33, 34, 46, 
              51, 53, 56, 58, 59, 64, 66, 72, 74, 78, 84 ] ), rec(
          DistVect := [ 0, 4, 4, 4, 4, 4, 3, 4, 4, 4, 4, 4, 7, 8, 4, 4, 8, 5, 
              4, 4, 8, 5, 4, 8, 5, 4, 5, 8, 3 ],
          eAdj := [ 3, 5, 7, 8, 10, 14, 15, 16, 17, 21, 22, 25, 26, 36, 39, 
              40, 43, 44, 46, 47, 48, 49, 52, 63, 70, 73 ] ), rec(
          DistVect := [ 0, 4, 4, 4, 4, 4, 3, 4, 4, 4, 4, 4, 7, 8, 4, 4, 8, 5, 
              4, 4, 8, 3, 4, 8, 5, 4, 7, 8, 3 ],
          eAdj := [ 3, 5, 7, 8, 10, 13, 14, 15, 16, 18, 21, 22, 25, 26, 36, 
              40, 43, 44, 46, 47, 48, 49, 52, 59, 63, 73 ] ), rec(
          DistVect := [ 0, 4, 4, 4, 4, 4, 3, 4, 4, 4, 4, 4, 7, 8, 4, 4, 8, 5, 
              4, 4, 8, 5, 4, 8, 7, 4, 5, 8, 3 ],
          eAdj := [ 2, 3, 5, 7, 8, 10, 14, 15, 16, 17, 21, 22, 25, 26, 40, 
              43, 44, 46, 47, 48, 49, 52, 58, 59, 63, 73 ] ), rec(
          DistVect := [ 0, 4, 7, 4, 7, 4, 4, 7, 5, 4, 5, 4, 8, 9, 5, 4, 7, 7, 
              4, 5, 8, 4, 5, 7, 7, 4, 8, 7, 3 ],
          eAdj := [ 2, 6, 7, 8, 10, 13, 15, 18, 22, 24, 26, 29, 30, 31, 33, 
              34, 40, 46, 53, 58, 64, 66, 74, 78, 82, 84 ] ), rec(
          DistVect := [ 0, 5, 7, 5, 7, 3, 4, 7, 4, 4, 4, 4, 9, 8, 4, 4, 8, 7, 
              4, 4, 8, 5, 4, 8, 7, 4, 7, 8, 3 ],
          eAdj := [ 2, 6, 7, 8, 10, 13, 14, 15, 18, 21, 22, 24, 26, 29, 31, 
              33, 40, 43, 46, 52, 58, 59, 64, 73, 78, 82 ] ), rec(
          DistVect := [ 0, 4, 5, 4, 4, 4, 4, 5, 5, 4, 4, 4, 8, 9, 5, 5, 7, 7, 
              4, 4, 8, 4, 5, 8, 4, 5, 8, 7, 3 ],
          eAdj := [ 5, 6, 7, 8, 10, 13, 15, 18, 19, 21, 22, 25, 26, 33, 34, 
              36, 40, 43, 46, 49, 52, 59, 63, 64, 73, 82 ] ), rec(
          DistVect := [ 0, 4, 4, 4, 4, 4, 5, 4, 4, 4, 4, 4, 9, 8, 4, 4, 8, 7, 
              4, 4, 8, 5, 4, 8, 5, 4, 7, 8, 3 ],
          eAdj := [ 3, 5, 6, 7, 8, 10, 13, 14, 15, 16, 19, 21, 22, 25, 26, 
              36, 40, 43, 46, 47, 48, 49, 52, 63, 70, 73 ] ), rec(
          DistVect := [ 0, 4, 5, 5, 5, 4, 4, 5, 5, 5, 5, 4, 8, 9, 4, 4, 5, 7, 
              4, 4, 5, 7, 4, 5, 7, 4, 8, 5, 3 ],
          eAdj := [ 1, 2, 4, 5, 6, 7, 8, 10, 15, 18, 29, 30, 31, 32, 33, 34, 
              51, 53, 56, 72, 74, 75, 77, 80, 84, 86 ] ), rec(
          DistVect := [ 0, 4, 4, 4, 4, 3, 5, 4, 4, 4, 4, 3, 9, 8, 4, 4, 5, 7, 
              4, 4, 5, 7, 4, 5, 7, 4, 8, 5, 3 ],
          eAdj := [ 1, 2, 4, 5, 6, 7, 8, 10, 15, 18, 29, 30, 31, 32, 33, 34, 
              51, 53, 56, 58, 59, 64, 66, 78, 82, 84 ] ), rec(
          DistVect := [ 0, 4, 5, 5, 5, 3, 4, 5, 5, 5, 5, 3, 8, 9, 4, 4, 8, 7, 
              4, 4, 8, 7, 4, 8, 7, 4, 5, 8, 3 ],
          eAdj := [ 2, 3, 4, 5, 6, 7, 8, 10, 14, 15, 16, 17, 21, 22, 25, 26, 
              40, 43, 46, 58, 59, 64, 66, 73, 78, 82 ] ), rec(
          DistVect := [ 0, 4, 4, 4, 4, 4, 5, 4, 4, 4, 4, 4, 9, 8, 4, 4, 8, 7, 
              4, 4, 8, 7, 4, 8, 7, 4, 5, 8, 3 ],
          eAdj := [ 2, 3, 4, 5, 6, 7, 8, 10, 14, 15, 16, 17, 21, 22, 25, 26, 
              40, 43, 46, 47, 48, 49, 52, 63, 70, 73 ] ), rec(
          DistVect := [ 0, 4, 4, 4, 4, 4, 4, 7, 4, 4, 4, 4, 8, 7, 4, 4, 8, 4, 
              7, 4, 8, 4, 5, 8, 4, 5, 8, 7, 3 ],
          eAdj := [ 8, 11, 13, 14, 16, 18, 19, 21, 22, 24, 25, 26, 27, 29, 
              31, 36, 39, 44, 45, 47, 48, 49, 50, 61, 67, 70 ] ), rec(
          DistVect := [ 0, 4, 4, 4, 4, 4, 4, 7, 4, 4, 4, 4, 8, 7, 4, 4, 8, 4, 
              5, 4, 8, 4, 5, 8, 4, 5, 8, 7, 3 ],
          eAdj := [ 8, 11, 13, 14, 16, 18, 19, 21, 22, 24, 25, 26, 29, 31, 
              33, 36, 39, 44, 47, 48, 49, 50, 61, 63, 70, 73 ] ), rec(
          DistVect := [ 0, 4, 4, 4, 4, 4, 4, 7, 4, 4, 4, 4, 8, 7, 4, 4, 8, 4, 
              5, 4, 8, 4, 5, 8, 4, 3, 8, 9, 3 ],
          eAdj := [ 8, 11, 13, 14, 15, 16, 18, 19, 21, 22, 24, 25, 26, 29, 
              36, 39, 41, 44, 45, 47, 48, 49, 50, 61, 63, 70 ] ), rec(
          DistVect := [ 0, 5, 4, 4, 5, 3, 4, 7, 5, 5, 4, 4, 9, 8, 4, 5, 7, 4, 
              7, 5, 7, 4, 7, 8, 5, 4, 7, 8, 3 ],
          eAdj := [ 8, 11, 13, 15, 16, 18, 19, 21, 23, 24, 25, 26, 27, 29, 
              36, 39, 41, 45, 47, 49, 57, 61, 65, 67, 70, 83 ] ), rec(
          DistVect := [ 0, 4, 4, 4, 4, 4, 4, 7, 4, 4, 4, 4, 8, 9, 4, 4, 8, 4, 
              7, 4, 8, 4, 7, 8, 4, 5, 8, 7, 3 ],
          eAdj := [ 8, 11, 13, 14, 15, 16, 18, 19, 21, 22, 23, 24, 25, 26, 
              27, 29, 36, 39, 44, 47, 48, 49, 50, 61, 70, 73 ] ), rec(
          DistVect := [ 0, 2, 1, 1, 1, 1, 1, 2, 2, 2, 2, 1, 3, 2, 1, 1, 2, 1, 
              2, 1, 2, 1, 2, 2, 1, 2, 2, 2, 1 ],
          eAdj := [ 8, 9, 11, 13, 16, 18, 19, 20, 23, 24, 25, 26, 27, 37, 41, 
              45, 54, 55, 57, 60, 62, 65, 76, 79, 83, 85 ] ), rec(
          DistVect := [ 0, 5, 5, 5, 5, 5, 4, 7, 4, 4, 4, 4, 9, 8, 4, 4, 8, 5, 
              4, 4, 8, 5, 4, 8, 5, 4, 9, 8, 3 ],
          eAdj := [ 7, 8, 10, 11, 13, 14, 15, 18, 19, 21, 22, 24, 29, 31, 33, 
              40, 43, 46, 52, 58, 59, 63, 64, 73, 78, 82 ] ), rec(
          DistVect := [ 0, 4, 4, 4, 4, 4, 4, 7, 4, 4, 4, 4, 8, 9, 4, 4, 8, 4, 
              5, 4, 8, 4, 5, 8, 4, 5, 8, 9, 3 ],
          eAdj := [ 7, 8, 10, 11, 13, 14, 15, 16, 18, 19, 21, 22, 24, 25, 26, 
              36, 39, 44, 47, 48, 49, 50, 61, 63, 70, 73 ] ), rec(
          DistVect := [ 0, 1, 2, 2, 2, 1, 1, 2, 1, 1, 1, 1, 2, 2, 1, 1, 1, 2, 
              1, 1, 1, 2, 1, 1, 2, 1, 2, 1, 1 ],
          eAdj := [ 1, 2, 4, 6, 7, 8, 10, 15, 18, 24, 29, 30, 31, 32, 33, 34, 
              51, 53, 56, 66, 72, 74, 75, 77, 80, 84, 86 ] ), rec(
          DistVect := [ 0, 1, 2, 2, 2, 1, 1, 2, 2, 2, 2, 1, 2, 3, 1, 1, 2, 2, 
              1, 1, 2, 2, 1, 2, 2, 1, 2, 2, 1 ],
          eAdj := [ 2, 4, 5, 6, 7, 8, 10, 15, 18, 24, 28, 29, 30, 31, 32, 33, 
              34, 51, 53, 56, 72, 74, 75, 77, 80, 84, 86 ] ), rec(
          DistVect := [ 0, 0, 1, 1, 1, 1, 0, 1, 1, 1, 1, 1, 0, 1, 0, 0, 0, 1, 
              0, 0, 0, 1, 0, 0, 1, 0, 1, 0, 1 ],
          eAdj := [ 1, 2, 4, 5, 6, 7, 8, 10, 15, 18, 24, 28, 29, 30, 31, 32, 
              33, 34, 51, 53, 56, 72, 74, 75, 77, 80, 86 ] ), rec(
          DistVect := [ 0, 2, 1, 1, 2, 1, 1, 2, 2, 2, 1, 1, 3, 2, 1, 2, 2, 1, 
              2, 2, 2, 1, 2, 2, 2, 1, 2, 2, 1 ],
          eAdj := [ 2, 8, 9, 11, 13, 15, 16, 18, 19, 21, 23, 24, 26, 27, 29, 
              36, 39, 41, 45, 47, 49, 57, 61, 65, 67, 70, 83 ] ), rec(
          DistVect := [ 0, 1, 2, 1, 2, 1, 1, 2, 1, 1, 1, 1, 2, 2, 2, 1, 1, 2, 
              1, 2, 2, 1, 2, 1, 2, 1, 2, 1, 1 ],
          eAdj := [ 1, 2, 6, 7, 8, 13, 15, 18, 22, 23, 24, 26, 29, 30, 31, 
              33, 34, 40, 46, 52, 53, 58, 64, 66, 74, 78, 82, 84 ] ), rec(
          DistVect := [ 0, 1, 2, 1, 2, 1, 1, 2, 2, 1, 2, 1, 2, 3, 2, 1, 2, 2, 
              1, 2, 2, 1, 2, 2, 2, 1, 2, 2, 1 ],
          eAdj := [ 2, 5, 6, 7, 8, 10, 13, 15, 18, 22, 23, 24, 26, 28, 29, 
              30, 33, 34, 40, 46, 53, 58, 64, 66, 74, 78, 82, 84 ] ), rec(
          DistVect := [ 0, 2, 2, 1, 2, 1, 1, 2, 1, 2, 1, 1, 3, 2, 2, 1, 2, 2, 
              1, 2, 2, 1, 2, 2, 2, 1, 2, 2, 1 ],
          eAdj := [ 2, 6, 7, 8, 9, 11, 13, 14, 15, 18, 19, 21, 23, 24, 26, 
              29, 33, 36, 41, 43, 44, 48, 49, 50, 59, 63, 70, 73 ] ), rec(
          DistVect := [ 0, 1, 2, 1, 1, 1, 1, 2, 1, 1, 1, 1, 2, 2, 2, 2, 1, 2, 
              1, 1, 2, 1, 2, 2, 1, 2, 2, 1, 1 ],
          eAdj := [ 1, 6, 7, 8, 13, 18, 19, 20, 21, 22, 23, 24, 25, 26, 29, 
              31, 33, 34, 36, 43, 46, 49, 50, 52, 59, 63, 64, 73, 82 ] ), rec(
          DistVect := [ 0, 1, 1, 1, 1, 1, 1, 1, 1, 1, 1, 2, 1, 2, 1, 1, 2, 1, 
              1, 1, 2, 1, 1, 1, 2, 1, 2, 1, 1 ],
          eAdj := [ 1, 2, 5, 7, 10, 15, 16, 18, 26, 28, 29, 30, 31, 32, 33, 
              34, 46, 51, 53, 56, 58, 59, 64, 66, 72, 74, 77, 78, 84 ] ), rec(
          DistVect := [ 0, 1, 2, 1, 1, 1, 1, 2, 2, 1, 1, 1, 2, 3, 2, 2, 2, 2, 
              1, 1, 2, 1, 2, 2, 1, 2, 2, 2, 1 ],
          eAdj := [ 5, 6, 7, 8, 10, 13, 15, 18, 19, 20, 21, 22, 23, 24, 25, 
              26, 28, 33, 34, 36, 43, 46, 49, 52, 59, 63, 64, 73, 82 ] ), rec(
          DistVect := [ 0, 2, 1, 1, 1, 2, 0, 1, 1, 1, 1, 1, 2, 1, 1, 1, 2, 1, 
              1, 1, 2, 1, 1, 2, 1, 1, 2, 1, 1 ],
          eAdj := [ 1, 8, 9, 11, 13, 14, 18, 19, 21, 22, 24, 29, 31, 33, 36, 
              39, 40, 43, 44, 46, 47, 48, 49, 50, 58, 59, 63, 64, 73 ] ), rec(
          DistVect := [ 0, 1, 1, 1, 1, 2, 1, 2, 1, 1, 1, 1, 2, 2, 1, 1, 2, 1, 
              1, 1, 2, 1, 1, 2, 1, 1, 3, 2, 1 ],
          eAdj := [ 1, 7, 8, 10, 11, 13, 14, 15, 18, 19, 21, 22, 24, 29, 30, 
              31, 32, 33, 34, 40, 43, 46, 52, 58, 59, 63, 64, 78, 82 ] ), rec(
          DistVect := [ 0, 2, 2, 2, 2, 1, 1, 2, 1, 1, 1, 1, 3, 2, 1, 1, 2, 2, 
              1, 1, 2, 2, 1, 2, 2, 1, 2, 2, 1 ],
          eAdj := [ 2, 4, 6, 7, 8, 9, 10, 11, 13, 14, 15, 18, 19, 21, 22, 24, 
              29, 31, 33, 40, 43, 46, 52, 58, 59, 64, 73, 78, 82 ] ), rec(
          DistVect := [ 0, 1, 2, 1, 1, 1, 1, 2, 1, 1, 1, 1, 2, 2, 2, 1, 2, 2, 
              1, 1, 2, 1, 2, 2, 1, 1, 2, 2, 1 ],
          eAdj := [ 6, 7, 8, 13, 14, 15, 18, 19, 21, 22, 23, 24, 25, 26, 29, 
              33, 34, 36, 41, 43, 44, 46, 48, 49, 50, 52, 59, 63, 64, 73 ] ), 
      rec(
          DistVect := [ 0, 1, 1, 1, 1, 1, 1, 1, 1, 1, 1, 1, 2, 2, 2, 2, 1, 2, 
              1, 1, 2, 1, 2, 2, 1, 2, 2, 1, 1 ],
          eAdj := [ 1, 5, 6, 7, 8, 13, 18, 19, 20, 21, 22, 23, 25, 26, 33, 
              34, 36, 43, 46, 47, 48, 49, 50, 52, 59, 60, 61, 63, 64, 73 ] ), 
      rec(
          DistVect := [ 0, 1, 1, 1, 1, 1, 1, 1, 1, 1, 1, 1, 2, 2, 2, 1, 1, 2, 
              1, 2, 2, 1, 2, 1, 2, 1, 2, 1, 1 ],
          eAdj := [ 1, 2, 5, 6, 7, 8, 13, 15, 18, 22, 23, 26, 29, 30, 33, 34, 
              40, 46, 48, 49, 52, 53, 58, 59, 63, 64, 66, 74, 78, 82 ] ), rec(
          DistVect := [ 0, 1, 1, 1, 1, 1, 1, 1, 1, 1, 1, 2, 1, 2, 1, 1, 2, 1, 
              1, 1, 2, 1, 1, 2, 1, 1, 2, 1, 1 ],
          eAdj := [ 1, 5, 7, 10, 15, 16, 18, 25, 26, 28, 29, 30, 31, 32, 33, 
              34, 40, 43, 46, 51, 53, 56, 58, 59, 63, 64, 66, 78, 82, 84 ] ), 
      rec(
          DistVect := [ 0, 1, 1, 1, 1, 1, 1, 1, 1, 1, 1, 1, 1, 2, 1, 1, 2, 1, 
              1, 1, 2, 1, 1, 2, 1, 1, 1, 2, 1 ],
          eAdj := [ 3, 5, 7, 10, 14, 15, 16, 17, 21, 22, 25, 26, 28, 35, 36, 
              38, 39, 40, 42, 43, 44, 46, 47, 48, 49, 52, 61, 63, 70, 73 ] ), 
      rec(
          DistVect := [ 0, 1, 1, 1, 1, 1, 1, 1, 1, 1, 1, 1, 1, 2, 1, 1, 2, 1, 
              1, 1, 2, 1, 1, 2, 1, 1, 2, 2, 1 ],
          eAdj := [ 3, 5, 7, 10, 14, 15, 16, 18, 21, 22, 25, 26, 28, 30, 32, 
              34, 40, 43, 46, 47, 48, 49, 52, 58, 59, 63, 64, 66, 73, 82 ] ), 
      rec(
          DistVect := [ 0, 1, 1, 1, 1, 1, 1, 1, 1, 1, 2, 1, 1, 2, 1, 1, 2, 1, 
              1, 1, 2, 1, 1, 2, 1, 0, 2, 2, 1 ],
          eAdj := [ 2, 3, 5, 7, 10, 14, 15, 16, 18, 22, 25, 26, 28, 29, 30, 
              32, 34, 40, 43, 46, 48, 51, 53, 58, 59, 63, 64, 66, 78, 82 ] ), 
      rec(
          DistVect := [ 0, 1, 1, 1, 1, 1, 1, 1, 1, 1, 1, 1, 1, 2, 1, 1, 2, 1, 
              1, 1, 2, 1, 1, 2, 2, 1, 1, 2, 1 ],
          eAdj := [ 2, 3, 5, 7, 10, 14, 15, 16, 17, 21, 22, 25, 26, 28, 30, 
              38, 40, 42, 43, 44, 46, 47, 48, 49, 52, 58, 59, 63, 66, 73 ] ), 
      rec(
          DistVect := [ 0, 1, 1, 1, 1, 2, 0, 1, 1, 1, 1, 2, 1, 2, 1, 1, 2, 1, 
              1, 1, 2, 1, 1, 2, 1, 1, 2, 1, 1 ],
          eAdj := [ 1, 5, 7, 8, 10, 15, 18, 24, 28, 29, 30, 31, 32, 33, 34, 
              40, 43, 46, 51, 53, 56, 58, 59, 64, 66, 72, 74, 75, 78, 84 ] ), 
      rec(
          DistVect := [ 0, 1, 2, 1, 2, 1, 1, 2, 1, 1, 1, 1, 2, 2, 1, 1, 2, 2, 
              1, 1, 2, 1, 1, 2, 2, 1, 2, 2, 1 ],
          eAdj := [ 2, 6, 7, 8, 10, 13, 14, 15, 18, 21, 22, 24, 26, 29, 30, 
              31, 33, 34, 40, 43, 46, 52, 53, 58, 59, 64, 66, 74, 78, 82 ] ), 
      rec(
          DistVect := [ 0, 1, 1, 1, 1, 1, 1, 1, 1, 1, 1, 1, 2, 2, 1, 1, 2, 2, 
              1, 1, 2, 1, 1, 2, 1, 1, 2, 2, 1 ],
          eAdj := [ 3, 5, 6, 7, 8, 10, 13, 14, 15, 16, 18, 19, 21, 22, 25, 
              26, 33, 34, 36, 40, 43, 46, 47, 48, 49, 52, 59, 63, 64, 73 ] ), 
      rec(
          DistVect := [ 0, 1, 1, 1, 1, 1, 1, 1, 1, 1, 1, 1, 2, 2, 1, 1, 1, 2, 
              1, 1, 1, 2, 1, 1, 2, 1, 2, 1, 1 ],
          eAdj := [ 1, 2, 4, 5, 6, 7, 8, 10, 15, 18, 29, 30, 31, 32, 33, 34, 
              51, 53, 56, 58, 59, 64, 66, 72, 74, 75, 77, 78, 80, 84 ] ), rec(
          DistVect := [ 0, 1, 1, 1, 1, 1, 1, 1, 1, 1, 1, 1, 2, 2, 1, 1, 2, 2, 
              1, 1, 2, 2, 1, 2, 2, 1, 1, 2, 1 ],
          eAdj := [ 2, 3, 4, 5, 6, 7, 8, 10, 14, 15, 16, 17, 21, 22, 25, 26, 
              40, 43, 46, 47, 48, 49, 52, 58, 59, 63, 64, 66, 73, 78 ] ), rec(
          DistVect := [ 0, 1, 1, 1, 1, 1, 1, 2, 1, 1, 1, 1, 2, 2, 1, 1, 2, 1, 
              2, 1, 2, 1, 2, 2, 1, 1, 2, 2, 1 ],
          eAdj := [ 8, 11, 13, 14, 15, 16, 18, 19, 21, 22, 23, 24, 25, 26, 
              27, 29, 36, 39, 41, 44, 45, 47, 48, 49, 50, 57, 61, 65, 67, 70 
             ] ), rec(
          DistVect := [ 0, 1, 1, 1, 1, 1, 1, 2, 1, 1, 1, 1, 2, 2, 1, 1, 2, 1, 
              2, 1, 2, 1, 2, 2, 1, 2, 2, 1, 1 ],
          eAdj := [ 1, 8, 11, 13, 14, 16, 18, 19, 20, 21, 22, 23, 24, 25, 26, 
              27, 29, 31, 33, 36, 39, 44, 47, 48, 49, 50, 61, 67, 70, 73 ] ), 
      rec(
          DistVect := [ 0, 1, 1, 1, 1, 1, 1, 2, 1, 1, 1, 1, 2, 1, 1, 1, 2, 1, 
              1, 1, 2, 1, 1, 2, 1, 1, 2, 2, 1 ],
          eAdj := [ 8, 9, 11, 13, 14, 16, 18, 19, 21, 22, 24, 25, 26, 29, 31, 
              33, 36, 37, 39, 41, 44, 45, 47, 48, 49, 50, 61, 63, 67, 70 ] ), 
      rec(
          DistVect := [ 0, 2, 1, 1, 1, 1, 0, 1, 1, 1, 1, 2, 2, 1, 1, 1, 2, 1, 
              1, 1, 2, 1, 1, 2, 1, 1, 1, 2, 1 ],
          eAdj := [ 3, 8, 9, 11, 13, 16, 17, 18, 19, 24, 25, 26, 36, 37, 39, 
              41, 44, 45, 47, 48, 49, 54, 55, 57, 60, 61, 62, 65, 67, 83 ] ), 
      rec(
          DistVect := [ 0, 1, 1, 1, 1, 1, 1, 2, 1, 1, 1, 1, 2, 2, 1, 1, 2, 1, 
              1, 1, 2, 1, 1, 2, 1, 1, 2, 3, 1 ],
          eAdj := [ 3, 7, 8, 10, 11, 13, 14, 15, 16, 17, 18, 19, 21, 22, 24, 
              25, 26, 36, 37, 39, 41, 44, 45, 47, 48, 49, 50, 61, 63, 70 ] ), 
      rec(
          DistVect := [ 0, 1, 1, 1, 1, 1, 1, 2, 1, 1, 1, 1, 2, 3, 1, 1, 2, 1, 
              2, 1, 2, 1, 2, 2, 1, 2, 2, 2, 1 ],
          eAdj := [ 5, 7, 8, 10, 11, 13, 14, 15, 16, 18, 19, 20, 21, 22, 23, 
              24, 25, 26, 27, 28, 36, 39, 44, 47, 48, 49, 50, 61, 70, 73 ] ), 
      rec(
          DistVect := [ 0, 1, 2, 1, 1, 0, 1, 2, 1, 1, 1, 1, 2, 2, 2, 2, 2, 2, 
              1, 1, 1, 1, 2, 1, 1, 2, 1, 2, 1 ],
          eAdj := [ 3, 6, 7, 8, 13, 14, 16, 17, 18, 19, 20, 23, 24, 25, 26, 
              33, 35, 37, 38, 39, 41, 44, 47, 48, 50, 54, 60, 61, 67, 70, 83 
             ] ), rec(
          DistVect := [ 0, 1, 2, 1, 2, 0, 1, 2, 1, 1, 1, 1, 2, 2, 2, 1, 2, 2, 
              1, 2, 1, 1, 2, 2, 2, 1, 1, 2, 1 ],
          eAdj := [ 2, 3, 6, 7, 8, 13, 14, 15, 16, 17, 18, 21, 23, 24, 25, 
              26, 29, 33, 36, 38, 41, 43, 44, 48, 49, 50, 52, 59, 63, 70, 73 
             ] ), rec(
          DistVect := [ 0, 1, 1, 1, 1, 1, 1, 1, 1, 1, 1, 1, 2, 2, 2, 1, 1, 2, 
              1, 1, 2, 1, 2, 2, 1, 1, 2, 1, 1 ],
          eAdj := [ 1, 5, 6, 7, 8, 13, 15, 18, 19, 21, 22, 23, 25, 26, 29, 
              30, 33, 34, 36, 40, 43, 46, 48, 49, 52, 53, 59, 63, 64, 73, 82 
             ] ), rec(
          DistVect := [ 0, 1, 1, 1, 1, 1, 1, 1, 1, 1, 0, 2, 1, 2, 1, 1, 2, 1, 
              1, 1, 2, 1, 1, 2, 1, 2, 2, 1, 1 ],
          eAdj := [ 1, 5, 7, 10, 15, 16, 18, 19, 20, 21, 25, 26, 28, 30, 31, 
              32, 33, 34, 40, 43, 46, 47, 49, 52, 56, 58, 59, 63, 64, 66, 82 
             ] ), rec(
          DistVect := [ 0, 1, 1, 1, 1, 1, 1, 1, 1, 1, 0, 1, 1, 2, 1, 1, 2, 1, 
              1, 1, 2, 1, 1, 1, 1, 2, 1, 2, 1 ],
          eAdj := [ 3, 5, 7, 10, 14, 15, 16, 17, 19, 20, 21, 22, 26, 28, 35, 
              36, 37, 38, 39, 42, 44, 46, 47, 48, 49, 50, 52, 60, 61, 62, 70 
             ] ), rec(
          DistVect := [ 0, 1, 1, 1, 1, 1, 1, 1, 1, 1, 1, 1, 1, 2, 1, 1, 2, 1, 
              1, 1, 2, 1, 1, 2, 0, 1, 2, 2, 1 ],
          eAdj := [ 3, 5, 7, 10, 14, 15, 16, 18, 19, 20, 21, 22, 25, 26, 28, 
              32, 34, 35, 36, 39, 40, 43, 46, 47, 48, 49, 52, 61, 63, 64, 73 
             ] ), rec(
          DistVect := [ 0, 0, 1, 1, 1, 1, 1, 2, 1, 1, 1, 1, 1, 2, 1, 1, 2, 1, 
              1, 1, 2, 1, 1, 2, 1, 1, 2, 2, 1 ],
          eAdj := [ 5, 7, 8, 10, 14, 15, 16, 18, 21, 22, 24, 25, 26, 28, 29, 
              30, 31, 32, 33, 34, 40, 43, 46, 52, 58, 59, 63, 64, 66, 78, 82 
             ] ), rec(
          DistVect := [ 0, 1, 1, 1, 1, 1, 0, 1, 1, 1, 1, 1, 1, 2, 1, 1, 2, 1, 
              1, 1, 2, 1, 1, 2, 1, 1, 1, 2, 1 ],
          eAdj := [ 3, 5, 7, 8, 10, 14, 15, 16, 17, 18, 21, 22, 24, 25, 26, 
              28, 36, 39, 40, 43, 44, 46, 47, 48, 49, 52, 58, 59, 63, 64, 73 
             ] ), rec(
          DistVect := [ 0, 1, 2, 1, 1, 1, 1, 2, 1, 1, 1, 1, 2, 2, 1, 1, 2, 2, 
              1, 1, 2, 1, 1, 2, 1, 1, 2, 2, 1 ],
          eAdj := [ 6, 7, 8, 10, 13, 14, 15, 18, 19, 21, 22, 24, 25, 26, 29, 
              31, 33, 34, 36, 40, 43, 46, 49, 52, 58, 59, 63, 64, 73, 78, 82 
             ] ), rec(
          DistVect := [ 0, 1, 2, 2, 2, 0, 1, 2, 1, 1, 1, 1, 2, 2, 1, 1, 2, 2, 
              1, 1, 2, 2, 1, 2, 2, 1, 1, 2, 1 ],
          eAdj := [ 2, 3, 4, 6, 7, 8, 10, 14, 15, 16, 17, 18, 21, 22, 24, 25, 
              26, 29, 31, 33, 40, 43, 46, 52, 58, 59, 64, 66, 73, 78, 82 ] ), 
      rec(
          DistVect := [ 0, 1, 1, 1, 1, 1, 1, 1, 1, 1, 1, 1, 2, 2, 1, 1, 1, 2, 
              1, 1, 2, 1, 1, 1, 2, 1, 2, 1, 1 ],
          eAdj := [ 1, 2, 5, 6, 7, 8, 10, 13, 15, 18, 22, 26, 29, 30, 31, 32, 
              33, 34, 40, 46, 51, 53, 56, 58, 59, 64, 66, 74, 78, 82, 84 ] ), 
      rec(
          DistVect := [ 0, 1, 1, 1, 1, 1, 1, 1, 1, 1, 1, 1, 2, 2, 1, 1, 2, 2, 
              1, 1, 2, 1, 1, 2, 2, 1, 1, 2, 1 ],
          eAdj := [ 2, 3, 5, 6, 7, 8, 10, 13, 14, 15, 16, 17, 21, 22, 25, 26, 
              36, 38, 40, 41, 43, 44, 46, 47, 48, 49, 52, 59, 63, 70, 73 ] ), 
      rec(
          DistVect := [ 0, 1, 1, 1, 1, 0, 1, 2, 1, 1, 1, 1, 2, 2, 1, 1, 1, 1, 
              2, 1, 1, 1, 2, 1, 1, 2, 1, 2, 1 ],
          eAdj := [ 3, 8, 11, 13, 16, 17, 18, 19, 20, 23, 24, 25, 26, 27, 35, 
              37, 38, 41, 42, 45, 54, 55, 57, 60, 62, 65, 67, 76, 79, 83, 85 
             ] ), rec(
          DistVect := [ 0, 1, 1, 1, 1, 1, 1, 2, 1, 1, 1, 1, 2, 2, 1, 1, 2, 1, 
              1, 1, 2, 1, 2, 2, 1, 1, 2, 2, 1 ],
          eAdj := [ 7, 8, 11, 13, 14, 15, 16, 18, 19, 21, 22, 23, 24, 25, 26, 
              29, 33, 36, 39, 41, 43, 44, 47, 48, 49, 50, 59, 61, 63, 70, 73 
             ] ), rec(
          DistVect := [ 0, 1, 1, 1, 1, 1, 1, 1, 1, 1, 1, 1, 2, 2, 1, 1, 2, 1, 
              1, 1, 2, 1, 1, 2, 1, 1, 2, 2, 1 ],
          eAdj := [ 3, 5, 7, 8, 10, 11, 13, 14, 15, 16, 18, 19, 21, 22, 25, 
              26, 36, 39, 40, 43, 44, 46, 47, 48, 49, 50, 52, 61, 63, 70, 73 
             ] ), rec(
          DistVect := [ 0, 1, 0, 0, 0, 0, 0, 1, 1, 1, 1, 1, 1, 0, 0, 0, 0, 0, 
              1, 0, 0, 0, 1, 0, 0, 1, 0, 1, 1 ],
          eAdj := [ 3, 8, 9, 11, 13, 16, 17, 18, 19, 20, 23, 24, 25, 26, 27, 
              35, 37, 38, 41, 42, 45, 54, 55, 57, 60, 62, 65, 68, 69, 71, 76, 
              79, 81, 85, 87 ] ), rec(
          DistVect := [ 0, 0, 1, 0, 1, 1, 0, 1, 1, 0, 1, 1, 0, 1, 1, 0, 0, 1, 
              0, 1, 1, 0, 1, 0, 1, 0, 1, 0, 1 ],
          eAdj := [ 1, 2, 5, 6, 7, 8, 10, 13, 15, 18, 22, 23, 24, 26, 28, 29, 
              30, 31, 32, 33, 34, 40, 46, 51, 53, 56, 58, 64, 66, 72, 74, 75, 
              77, 78, 80, 84, 86 ] ), rec(
          DistVect := [ 0, 1, 0, 0, 1, 0, 0, 1, 1, 1, 0, 1, 1, 0, 0, 1, 0, 0, 
              1, 1, 0, 0, 1, 1, 1, 0, 0, 1, 1 ],
          eAdj := [ 2, 3, 8, 9, 11, 13, 15, 16, 17, 18, 19, 21, 23, 24, 25, 
              26, 27, 29, 36, 37, 38, 39, 41, 42, 45, 47, 49, 54, 55, 57, 60, 
              61, 62, 65, 67, 68, 76, 79, 83, 85 ] ), rec(
          DistVect := [ 0, 1, 0, 0, 0, 1, 0, 1, 1, 1, 1, 0, 1, 0, 0, 0, 1, 0, 
              1, 0, 1, 0, 1, 1, 0, 1, 1, 0, 1 ],
          eAdj := [ 1, 8, 9, 11, 13, 14, 16, 18, 19, 20, 21, 22, 23, 24, 25, 
              26, 27, 29, 31, 33, 36, 37, 39, 41, 44, 45, 47, 48, 49, 54, 55, 
              57, 60, 61, 62, 65, 67, 70, 76, 79, 83 ] ), rec(
          DistVect := [ 0, 1, 0, 0, 1, 1, 0, 1, 1, 1, 0, 0, 1, 0, 0, 1, 1, 0, 
              1, 1, 1, 0, 1, 0, 1, 0, 1, 0, 1 ],
          eAdj := [ 1, 2, 8, 9, 11, 13, 14, 15, 16, 18, 19, 21, 22, 23, 24, 
              26, 27, 29, 30, 31, 33, 36, 39, 40, 41, 43, 44, 45, 47, 48, 49, 
              50, 57, 58, 59, 61, 63, 65, 67, 70, 73 ] ), rec(
          DistVect := [ 0, 1, 1, 0, 1, 1, 0, 1, 0, 1, 0, 0, 1, 0, 1, 0, 0, 1, 
              0, 1, 1, 0, 1, 0, 1, 0, 1, 0, 1 ],
          eAdj := [ 1, 2, 6, 7, 8, 9, 11, 13, 14, 15, 18, 19, 21, 22, 23, 24, 
              26, 29, 30, 31, 33, 34, 36, 40, 41, 43, 44, 46, 48, 49, 50, 52, 
              53, 58, 59, 63, 64, 73, 74, 78, 82 ] ), rec(
          DistVect := [ 0, 1, 1, 1, 1, 1, 0, 1, 0, 0, 0, 0, 1, 0, 0, 0, 0, 1, 
              0, 0, 0, 1, 0, 0, 1, 0, 1, 0, 1 ],
          eAdj := [ 1, 2, 4, 6, 7, 8, 9, 10, 11, 13, 14, 15, 18, 19, 21, 22, 
              24, 29, 30, 31, 32, 33, 34, 40, 43, 46, 51, 52, 53, 56, 58, 59, 
              64, 66, 72, 74, 75, 78, 80, 82, 84 ] ), rec(
          DistVect := [ 0, 0, 1, 0, 0, 1, 0, 1, 1, 0, 0, 1, 0, 1, 1, 1, 0, 1, 
              0, 0, 1, 0, 1, 1, 0, 1, 1, 0, 1 ],
          eAdj := [ 1, 5, 6, 7, 8, 10, 13, 15, 18, 19, 20, 21, 22, 23, 24, 
              25, 26, 28, 29, 30, 31, 32, 33, 34, 36, 40, 43, 46, 49, 52, 53, 
              56, 58, 59, 63, 64, 66, 74, 75, 78, 82, 84 ] ), rec(
          DistVect := [ 0, 0, 1, 1, 1, 0, 0, 1, 1, 1, 1, 0, 0, 1, 0, 0, 1, 1, 
              0, 0, 1, 1, 0, 1, 1, 0, 0, 1, 1 ],
          eAdj := [ 2, 3, 4, 5, 6, 7, 8, 10, 14, 15, 16, 17, 18, 21, 22, 24, 
              25, 26, 28, 29, 30, 31, 32, 33, 34, 40, 43, 46, 51, 53, 56, 58, 
              59, 64, 66, 72, 74, 75, 77, 78, 80, 82, 84 ] ), rec(
          DistVect := [ 0, 1, 1, 0, 1, 0, 0, 1, 0, 1, 0, 1, 1, 0, 1, 0, 1, 1, 
              0, 1, 0, 0, 1, 1, 1, 0, 0, 1, 1 ],
          eAdj := [ 2, 3, 6, 7, 8, 9, 11, 13, 14, 15, 16, 17, 18, 19, 21, 23, 
              24, 25, 26, 29, 33, 36, 37, 38, 39, 41, 43, 44, 45, 47, 48, 49, 
              50, 54, 57, 59, 60, 61, 63, 65, 67, 70, 83 ] ), rec(
          DistVect := [ 0, 0, 1, 0, 1, 0, 0, 1, 1, 0, 1, 0, 0, 1, 1, 0, 1, 1, 
              0, 1, 0, 0, 1, 1, 1, 0, 0, 1, 1 ],
          eAdj := [ 2, 3, 5, 6, 7, 8, 10, 13, 14, 15, 16, 17, 18, 21, 22, 23, 
              24, 25, 26, 28, 29, 30, 33, 34, 36, 38, 40, 41, 43, 44, 46, 48, 
              49, 52, 53, 58, 59, 63, 64, 66, 73, 74, 78, 82 ] ), rec(
          DistVect := [ 0, 0, 1, 0, 0, 0, 0, 1, 1, 0, 0, 0, 0, 1, 1, 1, 1, 1, 
              0, 0, 0, 0, 1, 0, 0, 1, 0, 1, 1 ],
          eAdj := [ 3, 5, 6, 7, 8, 10, 13, 14, 15, 16, 17, 18, 19, 20, 21, 
              22, 23, 24, 25, 26, 28, 33, 34, 35, 36, 37, 38, 39, 41, 43, 44, 
              46, 47, 48, 49, 50, 52, 54, 59, 60, 61, 63, 64, 70, 73 ] ), rec(
          DistVect := [ 0, 0, 0, 0, 0, 1, 0, 1, 0, 0, 0, 1, 0, 1, 0, 0, 1, 0, 
              1, 0, 1, 0, 1, 1, 0, 1, 1, 0, 1 ],
          eAdj := [ 1, 5, 7, 8, 10, 11, 13, 14, 15, 16, 18, 19, 20, 21, 22, 
              23, 24, 25, 26, 27, 28, 29, 30, 31, 32, 33, 34, 36, 39, 40, 43, 
              44, 46, 47, 48, 49, 50, 52, 58, 59, 61, 63, 64, 73, 82 ] ), rec(
          DistVect := [ 0, 1, 1, 1, 1, 0, 0, 1, 0, 0, 0, 1, 1, 0, 0, 0, 1, 1, 
              0, 0, 1, 1, 0, 1, 1, 0, 0, 1, 1 ],
          eAdj := [ 2, 3, 4, 6, 7, 8, 9, 10, 11, 13, 14, 15, 16, 17, 18, 19, 
              21, 22, 24, 25, 26, 29, 31, 33, 36, 37, 39, 40, 41, 43, 44, 45, 
              46, 47, 48, 49, 50, 52, 58, 59, 63, 64, 70, 73, 78 ] ), rec(
          DistVect := [ 0, 0, 0, 0, 0, 0, 0, 1, 0, 0, 0, 0, 0, 1, 0, 0, 0, 0, 
              1, 0, 0, 0, 1, 0, 0, 1, 0, 1, 1 ],
          eAdj := [ 3, 5, 7, 8, 10, 11, 13, 14, 15, 16, 17, 18, 19, 20, 21, 
              22, 23, 24, 25, 26, 27, 28, 35, 36, 37, 38, 39, 41, 42, 44, 45, 
              47, 48, 49, 50, 54, 55, 57, 60, 61, 62, 65, 67, 70, 79, 83 ] ), 
      rec(
          DistVect := [ 0, 0, 0, 0, 0, 1, 0, 0, 0, 0, 0, 1, 0, 0, 0, 0, 1, 0, 
              0, 0, 1, 0, 0, 1, 0, 0, 1, 1, 0 ],
          eAdj := [ 1, 2, 3, 4, 5, 6, 7, 8, 9, 10, 11, 12, 13, 14, 15, 16, 
              17, 18, 19, 20, 21, 22, 23, 24, 25, 26, 27, 28, 29, 30, 31, 32, 
              33, 34, 35, 36, 37, 38, 39, 40, 41, 42, 43, 44, 45, 46, 47, 48, 
              49, 50, 51, 52, 53, 54, 55, 56, 57, 58, 59, 60, 61, 62, 63, 64, 
              65, 66, 67, 68, 69, 71, 72, 74, 75, 76, 77, 78, 79, 80, 81 ] ), 
      rec(
          DistVect := [ 0, 1, 0, 0, 0, 1, 0, 0, 1, 1, 1, 0, 1, 1, 0, 0, 1, 0, 
              0, 0, 1, 0, 0, 1, 0, 0, 1, 1, 0 ],
          eAdj := [ 1, 2, 3, 4, 5, 6, 7, 8, 9, 10, 11, 12, 13, 14, 15, 16, 
              17, 18, 19, 20, 21, 22, 23, 24, 25, 26, 27, 28, 29, 30, 31, 32, 
              33, 34, 35, 36, 37, 38, 39, 40, 41, 42, 43, 44, 45, 46, 47, 48, 
              49, 51, 53, 54, 55, 56, 57, 58, 59, 60, 61, 62, 63, 64, 65, 68, 
              69, 70, 71, 72, 73, 74, 75, 78, 79, 80, 81, 82, 83, 84, 85, 86, 
              87 ] ), rec(
          DistVect := [ 0, 1, 1, 1, 1, 0, 0, 0, 0, 0, 0, 1, 1, 1, 0, 0, 1, 1, 
              1, 0, 1, 1, 1, 1, 1, 1, 0, 0, 0 ],
          eAdj := [ 1, 2, 3, 4, 5, 6, 7, 8, 9, 10, 11, 12, 13, 14, 15, 16, 
              17, 18, 19, 20, 21, 22, 23, 24, 25, 26, 27, 28, 29, 30, 31, 32, 
              33, 34, 35, 36, 37, 38, 39, 40, 41, 42, 43, 44, 45, 46, 47, 48, 
              49, 50, 51, 52, 53, 54, 55, 56, 57, 58, 59, 60, 62, 64, 65, 66, 
              67, 68, 69, 70, 71, 72, 73, 74, 75, 76, 77, 82, 83, 84, 85, 86, 
              87 ] ), rec(
          DistVect := [ 0, 0, 1, 1, 0, 0, 1, 1, 1, 1, 0, 0, 1, 1, 0, 1, 1, 0, 
              0, 1, 1, 0, 0, 0, 1, 1, 1, 1, 0 ],
          eAdj := [ 1, 2, 3, 4, 5, 6, 7, 8, 9, 10, 11, 12, 13, 14, 15, 16, 
              17, 18, 19, 20, 21, 22, 23, 24, 25, 26, 27, 28, 29, 30, 31, 32, 
              33, 34, 35, 36, 37, 38, 39, 40, 41, 42, 43, 44, 45, 46, 47, 49, 
              50, 51, 52, 53, 54, 55, 56, 57, 58, 59, 60, 61, 62, 63, 66, 67, 
              69, 70, 71, 72, 73, 74, 76, 77, 78, 79, 80, 81, 82, 83, 84, 85, 
              86, 87 ] ), rec(
          DistVect := [ 0, 0, 1, 0, 0, 0, 1, 1, 1, 0, 0, 0, 1, 1, 1, 1, 1, 0, 
              0, 0, 0, 1, 1, 0, 1, 1, 1, 1, 0 ],
          eAdj := [ 1, 2, 3, 4, 5, 6, 7, 8, 9, 10, 11, 12, 13, 14, 15, 16, 
              17, 18, 19, 20, 21, 22, 23, 24, 25, 26, 27, 28, 29, 30, 31, 32, 
              33, 34, 35, 37, 38, 39, 41, 42, 43, 44, 45, 46, 47, 48, 49, 50, 
              52, 53, 55, 56, 57, 58, 59, 60, 61, 62, 63, 64, 65, 66, 67, 68, 
              69, 70, 71, 72, 73, 74, 75, 76, 77, 78, 79, 80, 81, 82, 83, 84, 
              85, 86, 87 ] ), rec(
          DistVect := [ 0, 1, 1, 0, 1, 0, 0, 0, 0, 1, 0, 1, 1, 1, 1, 0, 1, 1, 
              1, 1, 0, 0, 0, 1, 1, 1, 0, 0, 0 ],
          eAdj := [ 1, 2, 3, 4, 5, 6, 7, 8, 9, 10, 11, 12, 13, 14, 15, 16, 
              17, 18, 19, 20, 21, 23, 24, 25, 26, 27, 28, 29, 30, 31, 33, 34, 
              35, 36, 37, 38, 39, 40, 42, 43, 44, 45, 46, 47, 48, 49, 50, 51, 
              52, 53, 54, 55, 56, 57, 58, 59, 60, 61, 62, 63, 64, 65, 66, 67, 
              68, 69, 70, 71, 72, 73, 74, 75, 76, 77, 78, 79, 80, 81, 82, 83, 
              84, 85, 86, 87 ] ), rec(
          DistVect := [ 0, 1, 1, 0, 0, 1, 0, 0, 0, 1, 1, 0, 1, 1, 1, 1, 0, 1, 
              1, 0, 1, 0, 0, 1, 0, 0, 1, 1, 0 ],
          eAdj := [ 1, 2, 3, 4, 5, 6, 7, 8, 9, 10, 11, 12, 13, 14, 15, 17, 
              18, 19, 20, 21, 22, 23, 24, 25, 26, 27, 28, 29, 30, 31, 32, 34, 
              35, 36, 37, 38, 39, 40, 41, 43, 44, 45, 46, 47, 48, 49, 50, 51, 
              52, 53, 54, 55, 56, 57, 58, 59, 60, 61, 62, 63, 64, 65, 66, 67, 
              68, 69, 70, 71, 72, 73, 74, 75, 76, 77, 78, 79, 80, 81, 82, 83, 
              84, 85, 86, 87 ] ), rec(
          DistVect := [ 0, 0, 1, 0, 0, 0, 0, 0, 1, 0, 0, 0, 0, 0, 1, 1, 1, 1, 
              1, 0, 0, 0, 0, 0, 0, 0, 0, 0, 0 ],
          eAdj := [ 1, 2, 3, 4, 5, 6, 8, 9, 10, 12, 13, 14, 15, 16, 17, 18, 
              19, 20, 21, 22, 23, 24, 25, 26, 27, 28, 29, 30, 31, 32, 33, 34, 
              35, 36, 37, 38, 39, 40, 41, 42, 43, 44, 45, 46, 47, 48, 49, 50, 
              51, 52, 53, 54, 55, 56, 57, 58, 59, 60, 61, 62, 63, 64, 65, 66, 
              67, 68, 69, 70, 71, 72, 73, 74, 75, 76, 77, 78, 79, 80, 81, 82, 
              83, 84, 85, 86, 87 ] ), rec(
          DistVect := [ 0, 1, 1, 1, 1, 0, 1, 1, 0, 0, 0, 1, 0, 0, 0, 0, 1, 0, 
              0, 0, 1, 0, 0, 1, 0, 0, 1, 1, 0 ],
          eAdj := [ 1, 2, 3, 4, 6, 7, 9, 10, 11, 12, 13, 14, 15, 16, 17, 18, 
              19, 20, 21, 22, 23, 24, 25, 26, 27, 28, 29, 30, 31, 32, 33, 34, 
              35, 36, 37, 38, 39, 40, 41, 42, 43, 44, 45, 46, 47, 48, 49, 50, 
              51, 52, 53, 54, 55, 56, 57, 58, 59, 60, 61, 62, 63, 64, 65, 66, 
              67, 68, 69, 70, 71, 72, 73, 74, 75, 76, 77, 78, 79, 80, 81, 82, 
              83, 84, 85, 86, 87 ] ), rec(
          DistVect := [ 0, 0, 0, 0, 0, 1, 1, 1, 0, 0, 0, 1, 1, 1, 0, 0, 1, 1, 
              1, 0, 1, 1, 1, 1, 1, 1, 0, 0, 0 ],
          eAdj := [ 1, 2, 4, 5, 6, 7, 8, 9, 10, 11, 12, 13, 14, 15, 16, 17, 
              19, 20, 21, 22, 23, 24, 25, 26, 27, 28, 29, 30, 31, 32, 33, 34, 
              35, 36, 37, 38, 39, 40, 41, 42, 43, 44, 45, 46, 47, 48, 49, 50, 
              51, 52, 53, 54, 55, 56, 57, 58, 59, 60, 61, 62, 63, 64, 65, 66, 
              67, 68, 69, 70, 71, 72, 73, 74, 75, 76, 77, 78, 79, 80, 81, 82, 
              83, 84, 85, 86, 87 ] ) ] );
