return rec(
  DistVect := [ 0, 1, 1, 1, 1, 1, 2, 1, 1, 1, 1, 2, 2, 2, 1, 2, 2, 2, 2, 2, 
      2, 2, 2, 1, 1, 1, 1, 0, 1 ],
  ListIncidentIneq := 
   [ [ 0, 0, 0, 0, 0, 0, 0, 0, 0, 0, 0, 0, 0, 0, 0, 0, 0, 0, 0, 0, 0, 0, 0, 
          0, 0, 0, -1, 1, 1 ], 
      [ 0, 1, 0, 0, 0, 0, 0, 1, 0, 0, 0, 0, 0, -1, 0, 0, 0, 0, 0, 0, 0, 0, 
          0, 0, 0, 0, 0, 0, 0 ], 
      [ 0, 0, 0, 1, 0, 0, 0, 1, 0, 0, 0, 0, 0, 0, 0, 0, 0, 0, 0, 0, 0, 0, 
          -1, 0, 0, 0, 0, 0, 0 ], 
      [ 0, 1, 0, 0, 0, 1, 0, 0, 0, 0, 0, -1, 0, 0, 0, 0, 0, 0, 0, 0, 0, 0, 
          0, 0, 0, 0, 0, 0, 0 ], 
      [ 0, 0, 1, 0, 0, 0, 0, 1, 0, 0, 0, 0, 0, 0, 0, 0, 0, 0, -1, 0, 0, 0, 
          0, 0, 0, 0, 0, 0, 0 ], 
      [ 0, 0, 0, 0, 0, 0, -1, 1, 0, 0, 0, 0, 0, 0, 0, 0, 0, 0, 0, 0, 0, 0, 
          0, 0, 0, 0, 0, 0, 1 ], 
      [ 0, 0, 0, 0, 0, 0, 0, 0, 0, 1, 1, 0, 0, 0, 0, 0, 0, 0, 0, -1, 0, 0, 
          0, 0, 0, 0, 0, 0, 0 ], 
      [ 0, 0, 0, 0, 0, 0, 0, 0, 0, 0, 0, 0, 0, 0, 0, 0, 0, 0, 0, 0, 0, 0, 0, 
          -1, 0, 1, 0, 1, 0 ], 
      [ 0, 0, 0, 0, 0, 0, 0, 0, 0, 0, 1, 0, 0, -1, 0, 0, 0, 0, 0, 0, 0, 0, 
          0, 0, 0, 1, 0, 0, 0 ], 
      [ 0, 0, 1, 0, 0, 1, 0, 0, 0, 0, 0, 0, 0, 0, 0, 0, -1, 0, 0, 0, 0, 0, 
          0, 0, 0, 0, 0, 0, 0 ], 
      [ 0, 0, 0, 0, 0, 0, 0, 0, 1, 0, 1, 0, 0, 0, 0, -1, 0, 0, 0, 0, 0, 0, 
          0, 0, 0, 0, 0, 0, 0 ], 
      [ 0, 0, 0, 0, 0, 0, 0, 0, 0, 0, 1, -1, 0, 0, 0, 0, 0, 0, 0, 0, 0, 0, 
          0, 1, 0, 0, 0, 0, 0 ], 
      [ 0, 0, 0, 1, 1, 0, 0, 0, 0, 0, 0, 0, 0, 0, 0, 0, 0, 0, 0, -1, 0, 0, 
          0, 0, 0, 0, 0, 0, 0 ], 
      [ 0, 0, 0, 0, 0, 0, 0, 0, 0, 0, 0, 0, 0, 0, 0, 0, 0, 0, 0, 0, -1, 0, 
          1, 0, 0, 0, 0, 1, 0 ], 
      [ 0, 0, 0, 0, 0, 0, 0, 0, 0, 0, 0, 0, 0, 0, 0, 0, 0, 0, 0, 0, 1, 0, 
          -1, 0, 0, 0, 0, 1, 0 ], 
      [ 0, 0, 0, 0, 0, 0, 0, 0, 0, 0, 1, 0, -1, 0, 0, 0, 0, 0, 0, 0, 0, 0, 
          0, 0, 1, 0, 0, 0, 0 ], 
      [ 0, 0, 1, 0, 1, 0, 0, 0, 0, 0, 0, 0, 0, 0, 0, -1, 0, 0, 0, 0, 0, 0, 
          0, 0, 0, 0, 0, 0, 0 ], 
      [ 0, 0, 0, 0, 0, 0, 0, 0, 0, 0, 0, 0, 0, 0, 0, 0, 0, 0, 0, 0, 0, 0, 0, 
          0, 0, 0, 1, 1, -1 ], 
      [ 0, 0, 0, 0, 0, 0, 0, 0, 0, 0, 0, 0, 0, 0, 0, 0, -1, 0, 1, 0, 0, 0, 
          0, 0, 0, 0, 0, 1, 0 ], 
      [ 0, 0, 0, 0, 0, 0, 0, 0, 0, 0, 0, 0, 0, 0, 0, 0, 1, 0, -1, 0, 0, 0, 
          0, 0, 0, 0, 0, 1, 0 ], 
      [ 0, 0, 0, 0, 1, 0, -1, 0, 0, 0, 0, 0, 0, 0, 0, 0, 0, 0, 0, 0, 0, 0, 
          0, 0, 1, 0, 0, 0, 0 ], 
      [ 0, 0, 0, 0, 0, 0, 0, 0, 0, 0, 0, 0, 0, 0, 0, 0, 0, 0, 0, 0, 0, 0, 0, 
          1, 0, -1, 0, 1, 0 ], 
      [ 0, 0, 0, 0, 0, -1, 0, 1, 0, 0, 0, 0, 0, 0, 0, 0, 0, 0, 0, 0, 0, 0, 
          0, 0, 0, 0, 0, 1, 0 ], 
      [ 0, 0, 0, 0, 0, 0, 0, 0, 0, 0, 0, -1, 0, 1, 0, 0, 0, 0, 0, 0, 0, 0, 
          0, 0, 0, 0, 0, 1, 0 ], 
      [ 0, 0, 0, 0, 0, 0, 0, 0, 0, 0, 0, 1, 0, -1, 0, 0, 0, 0, 0, 0, 0, 0, 
          0, 0, 0, 0, 0, 1, 0 ], 
      [ 0, 0, 0, 1, 0, 1, 0, 0, 0, 0, 0, 0, 0, 0, 0, 0, 0, 0, 0, 0, -1, 0, 
          0, 0, 0, 0, 0, 0, 0 ], 
      [ 0, 0, 0, 0, 0, 1, -1, 0, 0, 0, 0, 0, 0, 0, 0, 0, 0, 0, 0, 0, 0, 0, 
          0, 0, 0, 0, 1, 0, 0 ], 
      [ 0, 0, 0, 0, 0, 1, 0, -1, 0, 0, 0, 0, 0, 0, 0, 0, 0, 0, 0, 0, 0, 0, 
          0, 0, 0, 0, 0, 1, 0 ], 
      [ 0, -1, 1, 0, 1, 0, -1, 0, 1, 0, 1, 0, -1, 0, 0, -1, 0, 1, 0, 0, 0, 
          0, 0, 0, 1, 0, 0, 0, 0 ], 
      [ 0, -1, 0, 1, 1, 0, -1, 0, 0, 1, 1, 0, -1, 0, 0, 0, 0, 0, 0, -1, 0, 
          1, 0, 0, 1, 0, 0, 0, 0 ], 
      [ 0, 0, 0, 1, 1, 1, -1, 0, 0, 0, 0, 0, 0, 0, 0, 0, 0, 0, 0, -1, -1, 1, 
          0, -1, 1, 0, 1, 0, 0 ], 
      [ 0, 0, 1, 0, 1, 1, -1, 0, 0, 0, 0, 0, 0, 0, 0, -1, -1, 1, 0, 0, 0, 0, 
          0, -1, 1, 0, 1, 0, 0 ], 
      [ 0, 0, 0, 1, 1, 1, 0, -1, 0, 0, 0, 0, 0, 0, 0, 0, 0, 0, 0, -1, -1, 0, 
          1, -1, 0, 1, 0, 1, 0 ], 
      [ 0, 0, 0, 0, 0, 0, 0, 0, 0, 1, 1, 1, 0, -1, 0, 0, 0, 0, 0, -1, -1, 0, 
          1, -1, 0, 1, 0, 1, 0 ], 
      [ 0, 0, 1, 0, 1, 1, 0, -1, 0, 0, 0, 0, 0, 0, 0, -1, -1, 0, 1, 0, 0, 0, 
          0, -1, 0, 1, 0, 1, 0 ], 
      [ 0, 0, 0, 0, 0, 0, 0, 0, 0, 1, 1, -1, 0, 1, 0, 0, 0, 0, 0, -1, 1, 0, 
          -1, 1, 0, -1, 0, 1, 0 ], 
      [ 0, 0, 0, 0, 0, 0, 0, 0, 0, 0, 1, -1, -1, 1, 0, 0, 0, 0, 0, 0, 0, 0, 
          0, 1, 1, -1, -1, 1, 1 ], 
      [ 0, 0, 0, 0, 0, 0, 0, 0, 1, 0, 1, 1, 0, -1, 0, -1, -1, 0, 1, 0, 0, 0, 
          0, -1, 0, 1, 0, 1, 0 ], 
      [ 0, 0, 0, 1, 1, 0, -1, 1, 0, 0, 0, 0, 0, 0, 0, 0, 0, 0, 0, -1, 0, 1, 
          -1, 0, 1, -1, 0, 0, 1 ], 
      [ 0, 0, 0, 1, 1, -1, 0, 1, 0, 0, 0, 0, 0, 0, 0, 0, 0, 0, 0, -1, 1, 0, 
          -1, 1, 0, -1, 0, 1, 0 ], 
      [ 0, 0, 0, 0, 1, -1, -1, 1, 0, 0, 0, 0, 0, 0, 0, 0, 0, 0, 0, 0, 0, 0, 
          0, 1, 1, -1, -1, 1, 1 ], 
      [ 0, 0, 1, 0, 1, 0, -1, 1, 0, 0, 0, 0, 0, 0, 0, -1, 0, 1, -1, 0, 0, 0, 
          0, 0, 1, -1, 0, 0, 1 ], 
      [ 0, 0, 0, 0, 0, 0, 0, 0, 1, 0, 1, -1, 0, 1, 0, -1, 1, 0, -1, 0, 0, 0, 
          0, 1, 0, -1, 0, 1, 0 ], 
      [ 0, 0, 0, 0, 0, 0, 0, 0, 0, 0, 1, 1, -1, -1, 0, 0, 0, 0, 0, 0, 0, 0, 
          0, -1, 1, 1, 1, 1, -1 ], 
      [ 0, 0, 1, 0, 1, -1, 0, 1, 0, 0, 0, 0, 0, 0, 0, -1, 1, 0, -1, 0, 0, 0, 
          0, 1, 0, -1, 0, 1, 0 ], 
      [ 0, -1, 1, 1, 1, 0, 0, 0, 1, 1, 1, 0, 0, 0, -1, -1, 0, 0, 0, -1, 0, 
          0, 0, 0, 0, 0, 0, 0, 0 ], 
      [ 0, 0, 0, 0, 1, 1, -1, -1, 0, 0, 0, 0, 0, 0, 0, 0, 0, 0, 0, 0, 0, 0, 
          0, -1, 1, 1, 1, 1, -1 ], 
      [ 0, 0, 2, 2, 2, 2, -2, 0, 0, 0, 0, 0, 0, 0, -1, -1, -1, 1, 0, -1, -1, 
          1, 0, -1, 1, 0, 1, 0, 0 ], 
      [ 0, 0, 2, 2, 2, 0, -2, 2, 0, 0, 0, 0, 0, 0, -1, -1, 0, 1, -1, -1, 0, 
          1, -1, 0, 1, -1, 0, 0, 1 ], 
      [ 0, 0, 0, 1, 1, -1, -1, 2, 0, 0, 0, 0, 0, 0, 0, 0, 0, 0, 0, -1, 1, 1, 
          -2, 1, 1, -2, -1, 2, 2 ], 
      [ 0, 0, 0, 1, 1, 2, -1, -1, 0, 0, 0, 0, 0, 0, 0, 0, 0, 0, 0, -1, -2, 
          1, 1, -2, 1, 1, 2, 2, -1 ], 
      [ 0, 0, 1, 0, 1, -1, -1, 2, 0, 0, 0, 0, 0, 0, 0, -1, 1, 1, -2, 0, 0, 
          0, 0, 1, 1, -2, -1, 2, 2 ], 
      [ 0, 0, 1, 0, 1, 2, -1, -1, 0, 0, 0, 0, 0, 0, 0, -1, -2, 1, 1, 0, 0, 
          0, 0, -2, 1, 1, 2, 2, -1 ], 
      [ 0, -1, 1, 1, 2, 0, -1, 0, 1, 1, 2, 0, -1, 0, -1, -2, 0, 1, 0, -2, 0, 
          1, 0, 0, 2, 0, 0, 0, 0 ], 
      [ 0, -1, 1, 0, 1, 1, -1, -1, 1, 0, 1, 1, -1, -1, 0, -1, -1, 1, 1, 0, 
          0, 0, 0, -1, 1, 1, 1, 1, -1 ], 
      [ 0, -1, 0, 1, 1, 1, -1, -1, 0, 1, 1, 1, -1, -1, 0, 0, 0, 0, 0, -1, 
          -1, 1, 1, -1, 1, 1, 1, 1, -1 ], 
      [ 0, -1, 1, 1, 1, 1, -1, 0, 1, 1, 1, 1, -1, 0, -1, -1, -1, 1, 0, -1, 
          -1, 1, 0, -1, 1, 0, 1, 0, 0 ], 
      [ 0, -1, 1, 1, 1, 1, 0, -1, 1, 1, 1, 1, 0, -1, -1, -1, -1, 0, 1, -1, 
          -1, 0, 1, -1, 0, 1, 0, 1, 0 ], 
      [ 0, -1, 1, 0, 1, -1, -1, 1, 1, 0, 1, -1, -1, 1, 0, -1, 1, 1, -1, 0, 
          0, 0, 0, 1, 1, -1, -1, 1, 1 ], 
      [ 0, -1, 0, 1, 1, -1, -1, 1, 0, 1, 1, -1, -1, 1, 0, 0, 0, 0, 0, -1, 1, 
          1, -1, 1, 1, -1, -1, 1, 1 ], 
      [ 0, -1, 1, 1, 1, -1, 0, 1, 1, 1, 1, -1, 0, 1, -1, -1, 1, 0, -1, -1, 
          1, 0, -1, 1, 0, -1, 0, 1, 0 ], 
      [ 0, -1, 1, 1, 1, 0, -1, 1, 1, 1, 1, 0, -1, 1, -1, -1, 0, 1, -1, -1, 
          0, 1, -1, 0, 1, -1, 0, 0, 1 ], 
      [ 0, -1, 1, 0, 1, 2, -1, -2, 1, 0, 1, 2, -1, -2, 0, -1, -2, 1, 2, 0, 
          0, 0, 0, -2, 1, 2, 2, 4, -2 ], 
      [ 0, -1, 0, 1, 1, 2, -1, -2, 0, 1, 1, 2, -1, -2, 0, 0, 0, 0, 0, -1, 
          -2, 1, 2, -2, 1, 2, 2, 4, -2 ], 
      [ 0, 0, 2, 2, 2, -2, -2, 4, 0, 0, 0, 0, 0, 0, -1, -1, 1, 1, -2, -1, 1, 
          1, -2, 1, 1, -2, -1, 2, 2 ], 
      [ 0, 0, 2, 2, 2, 4, -2, -2, 0, 0, 0, 0, 0, 0, -1, -1, -2, 1, 1, -1, 
          -2, 1, 1, -2, 1, 1, 2, 2, -1 ], 
      [ 0, -2, 2, 2, 4, 2, -2, 0, 1, 1, 2, 1, -1, 0, -1, -2, -1, 1, 0, -2, 
          -1, 1, 0, -2, 2, 0, 1, 0, 0 ], 
      [ 0, -1, 1, 0, 1, -2, -1, 2, 1, 0, 1, -2, -1, 2, 0, -1, 2, 1, -2, 0, 
          0, 0, 0, 2, 1, -2, -2, 4, 2 ], 
      [ 0, -1, 0, 1, 1, -2, -1, 2, 0, 1, 1, -2, -1, 2, 0, 0, 0, 0, 0, -1, 2, 
          1, -2, 2, 1, -2, -2, 4, 2 ], 
      [ 0, -1, 1, 1, 1, -2, 0, 2, 1, 1, 1, -2, 0, 2, -1, -1, 2, 0, -2, -1, 
          2, 0, -2, 2, 0, -2, 0, 4, 0 ], 
      [ 0, -1, 1, 1, 1, 2, 0, -2, 1, 1, 1, 2, 0, -2, -1, -1, -2, 0, 2, -1, 
          -2, 0, 2, -2, 0, 2, 0, 4, 0 ], 
      [ 0, -2, 2, 2, 4, 0, -2, 2, 1, 1, 2, 0, -1, 1, -1, -2, 0, 1, -1, -2, 
          0, 1, -1, 0, 2, -2, 0, 0, 1 ], 
      [ 0, 0, 2, 2, 2, -4, -2, 6, 0, 0, 0, 0, 0, 0, -1, -1, 2, 1, -3, -1, 2, 
          1, -3, 2, 1, -3, -2, 6, 3 ], 
      [ 0, 0, 2, 2, 2, 6, -2, -4, 0, 0, 0, 0, 0, 0, -1, -1, -3, 1, 2, -1, 
          -3, 1, 2, -3, 1, 2, 3, 6, -2 ], 
      [ 0, -1, 1, 1, 1, 2, -1, -1, 1, 1, 1, 2, -1, -1, -1, -1, -2, 1, 1, -1, 
          -2, 1, 1, -2, 1, 1, 2, 2, -1 ], 
      [ 0, -1, 1, 1, 2, 1, -1, -1, 1, 1, 2, 1, -1, -1, -1, -2, -1, 1, 1, -2, 
          -1, 1, 1, -2, 2, 2, 1, 1, -1 ], 
      [ 0, -1, 1, 1, 2, -1, -1, 1, 1, 1, 2, -1, -1, 1, -1, -2, 1, 1, -1, -2, 
          1, 1, -1, 2, 2, -2, -1, 1, 1 ], 
      [ 0, -1, 1, 1, 1, -1, -1, 2, 1, 1, 1, -1, -1, 2, -1, -1, 1, 1, -2, -1, 
          1, 1, -2, 1, 1, -2, -1, 2, 2 ], 
      [ 0, -1, 1, 1, 1, 3, -1, -2, 1, 1, 1, 3, -1, -2, -1, -1, -3, 1, 2, -1, 
          -3, 1, 2, -3, 1, 2, 3, 6, -2 ], 
      [ 0, -1, 1, 1, 1, -2, -1, 3, 1, 1, 1, -2, -1, 3, -1, -1, 2, 1, -3, -1, 
          2, 1, -3, 2, 1, -3, -2, 6, 3 ], 
      [ 0, -1, 1, 1, 2, 2, -1, -2, 1, 1, 2, 2, -1, -2, -1, -2, -2, 1, 2, -2, 
          -2, 1, 2, -4, 2, 4, 2, 4, -2 ], 
      [ 0, -2, 2, 2, 4, 4, -2, -2, 1, 1, 2, 2, -1, -1, -1, -2, -2, 1, 1, -2, 
          -2, 1, 1, -4, 2, 2, 2, 2, -1 ], 
      [ 0, -1, 1, 1, 2, -2, -1, 2, 1, 1, 2, -2, -1, 2, -1, -2, 2, 1, -2, -2, 
          2, 1, -2, 4, 2, -4, -2, 4, 2 ], 
      [ 0, -2, 2, 2, 4, -2, -2, 4, 1, 1, 2, -1, -1, 2, -1, -2, 1, 1, -2, -2, 
          1, 1, -2, 2, 2, -4, -1, 2, 2 ], 
      [ 0, -1, 1, 1, 2, 3, -1, -3, 1, 1, 2, 3, -1, -3, -1, -2, -3, 1, 3, -2, 
          -3, 1, 3, -6, 2, 6, 3, 9, -3 ], 
      [ 0, -1, 1, 1, 2, -3, -1, 3, 1, 1, 2, -3, -1, 3, -1, -2, 3, 1, -3, -2, 
          3, 1, -3, 6, 2, -6, -3, 9, 3 ], 
      [ 0, -2, 2, 2, 4, 6, -2, -4, 1, 1, 2, 3, -1, -2, -1, -2, -3, 1, 2, -2, 
          -3, 1, 2, -6, 2, 4, 3, 6, -2 ], 
      [ 0, -2, 2, 2, 4, -4, -2, 6, 1, 1, 2, -2, -1, 3, -1, -2, 2, 1, -3, -2, 
          2, 1, -3, 4, 2, -6, -2, 6, 3 ], 
      [ 0, -2, 2, 2, 4, 8, -2, -6, 1, 1, 2, 4, -1, -3, -1, -2, -4, 1, 3, -2, 
          -4, 1, 3, -8, 2, 6, 4, 12, -3 ], 
      [ 0, -2, 2, 2, 4, -6, -2, 8, 1, 1, 2, -3, -1, 4, -1, -2, 3, 1, -4, -2, 
          3, 1, -4, 6, 2, -8, -3, 12, 4 ] ],
  ListIncidentSymbol := 
   [ [ 0, 0, 0, 0, 0, 1, 1, -1 ], [ -1, 1, 0, 0, 0, 0, 0, 1 ], 
      [ -1, 0, 0, 1, 0, 0, 0, 1 ], [ -1, 1, 0, 0, 0, 1, 0, 0 ], 
      [ -1, 0, 1, 0, 0, 0, 0, 1 ], [ 1, 0, 0, 0, 0, 0, 1, -1 ], 
      [ 0, -1, 0, 1, 1, 0, 0, 0 ], [ 0, 0, 0, 0, 1, 1, 0, -1 ], 
      [ 0, 1, 0, 0, -1, 0, 0, 1 ], [ -1, 0, 1, 0, 0, 1, 0, 0 ], 
      [ 0, -1, 1, 0, 1, 0, 0, 0 ], [ 0, 1, 0, 0, -1, 1, 0, 0 ], 
      [ -1, 0, 0, 1, 1, 0, 0, 0 ], [ 0, 0, 0, 1, 0, 1, 0, -1 ], 
      [ 0, 0, 0, 1, 0, -1, 0, 1 ], [ 0, 1, 0, 0, -1, 0, 1, 0 ], 
      [ -1, 0, 1, 0, 1, 0, 0, 0 ], [ 0, 0, 0, 0, 0, -1, 1, 1 ], 
      [ 0, 0, 1, 0, 0, 1, 0, -1 ], [ 0, 0, 1, 0, 0, -1, 0, 1 ], 
      [ 1, 0, 0, 0, -1, 0, 1, 0 ], [ 0, 0, 0, 0, 1, -1, 0, 1 ], 
      [ 1, 0, 0, 0, 0, 1, 0, -1 ], [ 0, 1, 0, 0, 0, 1, 0, -1 ], 
      [ 0, 1, 0, 0, 0, -1, 0, 1 ], [ -1, 0, 0, 1, 0, 1, 0, 0 ], 
      [ 1, 0, 0, 0, 0, -1, 1, 0 ], [ 1, 0, 0, 0, 0, -1, 0, 1 ], 
      [ 1, 1, -1, 0, -1, 0, 1, 0 ], [ 1, 1, 0, -1, -1, 0, 1, 0 ], 
      [ -1, 0, 0, 1, 1, 1, -1, 0 ], [ -1, 0, 1, 0, 1, 1, -1, 0 ], 
      [ -1, 0, 0, 1, 1, 1, 0, -1 ], [ 0, -1, 0, 1, 1, 1, 0, -1 ], 
      [ -1, 0, 1, 0, 1, 1, 0, -1 ], [ 0, -1, 0, 1, 1, -1, 0, 1 ], 
      [ 0, 1, 0, 0, -1, 1, 1, -1 ], [ 0, -1, 1, 0, 1, 1, 0, -1 ], 
      [ -1, 0, 0, 1, 1, 0, -1, 1 ], [ -1, 0, 0, 1, 1, -1, 0, 1 ], 
      [ 1, 0, 0, 0, -1, 1, 1, -1 ], [ -1, 0, 1, 0, 1, 0, -1, 1 ], 
      [ 0, -1, 1, 0, 1, -1, 0, 1 ], [ 0, 1, 0, 0, -1, -1, 1, 1 ], 
      [ -1, 0, 1, 0, 1, -1, 0, 1 ], [ -1, -1, 1, 1, 1, 0, 0, 0 ], 
      [ 1, 0, 0, 0, -1, -1, 1, 1 ], [ -2, 0, 1, 1, 1, 1, -1, 0 ], 
      [ -2, 0, 1, 1, 1, 0, -1, 1 ], [ -1, 0, 0, 1, 1, -1, -1, 2 ], 
      [ -1, 0, 0, 1, 1, 2, -1, -1 ], [ -1, 0, 1, 0, 1, -1, -1, 2 ], 
      [ -1, 0, 1, 0, 1, 2, -1, -1 ], [ -1, -1, 1, 1, 2, 0, -1, 0 ], 
      [ 1, 1, -1, 0, -1, -1, 1, 1 ], [ 1, 1, 0, -1, -1, -1, 1, 1 ], 
      [ -1, -1, 1, 1, 1, 1, -1, 0 ], [ -1, -1, 1, 1, 1, 1, 0, -1 ], 
      [ 1, 1, -1, 0, -1, 1, 1, -1 ], [ 1, 1, 0, -1, -1, 1, 1, -1 ], 
      [ -1, -1, 1, 1, 1, -1, 0, 1 ], [ -1, -1, 1, 1, 1, 0, -1, 1 ], 
      [ 1, 1, -1, 0, -1, -2, 1, 2 ], [ 1, 1, 0, -1, -1, -2, 1, 2 ], 
      [ -2, 0, 1, 1, 1, -1, -1, 2 ], [ -2, 0, 1, 1, 1, 2, -1, -1 ], 
      [ -2, -1, 1, 1, 2, 1, -1, 0 ], [ 1, 1, -1, 0, -1, 2, 1, -2 ], 
      [ 1, 1, 0, -1, -1, 2, 1, -2 ], [ -1, -1, 1, 1, 1, -2, 0, 2 ], 
      [ -1, -1, 1, 1, 1, 2, 0, -2 ], [ -2, -1, 1, 1, 2, 0, -1, 1 ], 
      [ -2, 0, 1, 1, 1, -2, -1, 3 ], [ -2, 0, 1, 1, 1, 3, -1, -2 ], 
      [ -1, -1, 1, 1, 1, 2, -1, -1 ], [ -1, -1, 1, 1, 2, 1, -1, -1 ], 
      [ -1, -1, 1, 1, 2, -1, -1, 1 ], [ -1, -1, 1, 1, 1, -1, -1, 2 ], 
      [ -1, -1, 1, 1, 1, 3, -1, -2 ], [ -1, -1, 1, 1, 1, -2, -1, 3 ], 
      [ -1, -1, 1, 1, 2, 2, -1, -2 ], [ -2, -1, 1, 1, 2, 2, -1, -1 ], 
      [ -1, -1, 1, 1, 2, -2, -1, 2 ], [ -2, -1, 1, 1, 2, -1, -1, 2 ], 
      [ -1, -1, 1, 1, 2, 3, -1, -3 ], [ -1, -1, 1, 1, 2, -3, -1, 3 ], 
      [ -2, -1, 1, 1, 2, 3, -1, -2 ], [ -2, -1, 1, 1, 2, -2, -1, 3 ], 
      [ -2, -1, 1, 1, 2, 4, -1, -3 ], [ -2, -1, 1, 1, 2, -3, -1, 4 ] ],
  ListAdjacent := [ rec(
          DistVect := [ 0, 0, 0, 1, 0, 0, 1, 0, 0, 1, 0, 0, 1, 0, 1, 0, 0, 
              1, 0, 1, 1, 0, 1, 0, 1, 0, 1, 0, 1 ],
          eAdj := [ 1, 2, 3, 4, 5, 6, 7, 8, 9, 10, 11, 12, 13, 14, 15, 16, 
              17, 18, 19, 20, 21, 22, 23, 24, 25, 26, 27, 28, 29, 30, 31, 
              33, 34, 35, 36, 37, 38, 39, 40, 41, 43, 44, 45, 46, 47, 48, 
              49, 50, 51, 54, 55, 56, 57, 58, 59, 60, 61, 62, 63, 64, 65, 
              66, 67, 68, 69, 70, 71, 72, 73, 74, 75, 76, 77, 78, 79, 80, 
              81, 82, 83, 84, 85, 86, 87, 88, 89, 90 ] ), rec(
          DistVect := [ 0, 1, 0, 0, 1, 0, 0, 0, 1, 1, 0, 1, 1, 1, 0, 1, 0, 
              0, 0, 1, 0, 0, 0, 1, 1, 1, 0, 0, 0 ],
          eAdj := [ 1, 2, 3, 4, 5, 6, 7, 8, 9, 10, 11, 12, 13, 14, 15, 16, 
              17, 18, 19, 20, 22, 23, 24, 25, 26, 27, 28, 29, 30, 31, 32, 
              33, 34, 35, 36, 37, 38, 39, 40, 42, 43, 44, 45, 46, 48, 49, 
              50, 51, 52, 53, 54, 55, 56, 57, 58, 59, 60, 61, 62, 63, 64, 
              65, 66, 67, 68, 69, 70, 71, 72, 73, 74, 75, 76, 77, 78, 79, 
              80, 81, 82, 83, 84, 85, 86, 87, 88, 89, 90 ] ), rec(
          DistVect := [ 0, 1, 1, 0, 1, 0, 1, 0, 0, 1, 0, 1, 0, 1, 1, 0, 1, 
              0, 1, 1, 0, 1, 0, 1, 0, 1, 1, 0, 1 ],
          eAdj := [ 1, 2, 3, 4, 5, 6, 7, 8, 9, 10, 11, 12, 13, 14, 15, 16, 
              18, 19, 20, 21, 22, 23, 24, 25, 26, 27, 28, 29, 30, 31, 32, 
              33, 34, 36, 37, 38, 39, 40, 41, 42, 43, 44, 46, 47, 48, 49, 
              50, 51, 52, 53, 54, 55, 56, 57, 58, 59, 60, 61, 62, 63, 64, 
              65, 66, 67, 68, 69, 70, 71, 72, 73, 74, 75, 76, 77, 78, 79, 
              80, 81, 82, 83, 84, 85, 86, 87, 88, 89, 90 ] ), rec(
          DistVect := [ 0, 1, 0, 1, 0, 0, 0, 0, 1, 0, 1, 1, 1, 1, 1, 0, 0, 
              0, 0, 1, 1, 1, 1, 0, 0, 0, 0, 0, 0 ],
          eAdj := [ 1, 2, 3, 4, 5, 6, 7, 8, 9, 10, 12, 13, 14, 15, 16, 17, 
              18, 19, 20, 21, 22, 23, 24, 25, 26, 27, 28, 29, 30, 31, 32, 
              33, 34, 35, 36, 37, 39, 40, 41, 42, 44, 45, 46, 47, 48, 49, 
              50, 51, 52, 53, 54, 55, 56, 57, 58, 59, 60, 61, 62, 63, 64, 
              65, 66, 67, 68, 69, 70, 71, 72, 73, 74, 75, 76, 77, 78, 79, 
              80, 81, 82, 83, 84, 85, 86, 87, 88, 89, 90 ] ), rec(
          DistVect := [ 0, 1, 1, 1, 0, 0, 1, 0, 0, 0, 1, 1, 0, 1, 0, 1, 1, 
              0, 1, 1, 1, 0, 1, 0, 1, 0, 1, 0, 1 ],
          eAdj := [ 1, 2, 3, 4, 5, 6, 7, 8, 9, 10, 11, 12, 13, 14, 15, 17, 
              18, 19, 20, 21, 22, 23, 24, 25, 26, 27, 28, 29, 30, 31, 32, 
              33, 34, 35, 36, 38, 39, 40, 41, 42, 43, 45, 46, 47, 48, 49, 
              50, 51, 52, 53, 54, 55, 56, 57, 58, 59, 60, 61, 62, 63, 64, 
              65, 66, 67, 68, 69, 70, 71, 72, 73, 74, 75, 76, 77, 78, 79, 
              80, 81, 82, 83, 84, 85, 86, 87, 88, 89, 90 ] ), rec(
          DistVect := [ 0, 0, 0, 1, 0, 1, 1, 1, 0, 1, 0, 1, 1, 1, 1, 0, 1, 
              1, 1, 1, 0, 0, 0, 1, 1, 1, 0, 0, 0 ],
          eAdj := [ 1, 2, 4, 5, 6, 7, 8, 9, 10, 11, 12, 13, 14, 15, 16, 17, 
              18, 19, 20, 21, 22, 23, 24, 25, 27, 28, 29, 30, 31, 32, 33, 
              34, 35, 36, 37, 38, 39, 40, 41, 42, 43, 44, 45, 46, 47, 48, 
              49, 50, 51, 52, 53, 54, 55, 56, 57, 58, 59, 60, 61, 62, 63, 
              64, 65, 66, 67, 68, 69, 70, 71, 72, 73, 74, 75, 76, 77, 78, 
              79, 80, 81, 82, 83, 84, 85, 86, 87, 88, 89, 90 ] ), rec(
          DistVect := [ 0, 0, 0, 0, 0, 1, 0, 1, 0, 0, 0, 1, 0, 1, 0, 0, 1, 
              0, 1, 0, 1, 0, 1, 1, 0, 1, 1, 0, 1 ],
          eAdj := [ 1, 2, 3, 4, 5, 7, 8, 9, 10, 11, 12, 13, 14, 15, 16, 17, 
              18, 19, 20, 21, 22, 23, 24, 25, 26, 28, 29, 30, 31, 32, 33, 
              34, 35, 36, 37, 38, 39, 40, 41, 42, 43, 44, 45, 46, 47, 48, 
              49, 50, 51, 52, 53, 54, 55, 56, 57, 58, 59, 60, 61, 62, 63, 
              64, 65, 66, 67, 68, 69, 70, 71, 72, 73, 74, 75, 76, 77, 78, 
              79, 80, 81, 82, 83, 84, 85, 86, 87, 88, 89, 90 ] ), rec(
          DistVect := [ 0, 1, 0, 0, 1, 1, 1, 1, 1, 1, 0, 0, 0, 0, 0, 1, 1, 
              1, 1, 1, 1, 1, 1, 0, 0, 0, 0, 0, 0 ],
          eAdj := [ 1, 3, 5, 6, 7, 8, 9, 10, 11, 12, 13, 14, 15, 16, 17, 18, 
              19, 20, 21, 22, 23, 24, 25, 26, 27, 28, 29, 30, 31, 32, 33, 
              34, 35, 36, 37, 38, 39, 40, 41, 42, 43, 44, 45, 46, 47, 48, 
              49, 50, 51, 52, 53, 54, 55, 56, 57, 58, 59, 60, 61, 62, 63, 
              64, 65, 66, 67, 68, 69, 70, 71, 72, 73, 74, 75, 76, 77, 78, 
              79, 80, 81, 82, 83, 84, 85, 86, 87, 88, 89, 90 ] ), rec(
          DistVect := [ 0, 0, 0, 0, 1, 0, 1, 0, 0, 0, 1, 0, 1, 0, 0, 1, 0, 
              1, 0, 1, 0, 1, 0, 1, 0, 1, 1, 0, 1 ],
          eAdj := [ 1, 2, 3, 4, 5, 6, 7, 8, 10, 11, 13, 14, 15, 16, 17, 18, 
              19, 20, 21, 22, 23, 24, 25, 26, 27, 28, 29, 30, 31, 32, 33, 
              34, 35, 36, 37, 38, 39, 40, 41, 42, 43, 44, 45, 46, 47, 48, 
              49, 50, 51, 52, 53, 54, 55, 56, 57, 58, 59, 60, 61, 62, 63, 
              64, 65, 66, 67, 68, 69, 70, 71, 72, 73, 74, 75, 76, 77, 78, 
              79, 80, 81, 82, 83, 84, 85, 86, 87, 88, 89, 90 ] ), rec(
          DistVect := [ 0, 0, 1, 1, 0, 0, 1, 0, 1, 1, 0, 0, 1, 0, 0, 1, 1, 
              0, 1, 1, 1, 0, 1, 0, 1, 0, 1, 0, 1 ],
          eAdj := [ 1, 2, 3, 4, 5, 6, 7, 8, 9, 10, 11, 12, 13, 14, 15, 16, 
              17, 18, 19, 20, 21, 22, 23, 24, 25, 26, 27, 28, 29, 30, 31, 
              32, 33, 34, 35, 36, 37, 38, 39, 40, 41, 42, 43, 44, 45, 47, 
              48, 49, 50, 51, 52, 53, 54, 55, 56, 57, 59, 60, 62, 63, 64, 
              65, 66, 67, 68, 69, 72, 73, 74, 75, 76, 77, 78, 79, 80, 81, 
              82, 83, 84, 85, 86, 87, 88, 89, 90 ] ), rec(
          DistVect := [ 0, 4, 4, 4, 4, 5, 9, 4, 4, 4, 4, 7, 7, 8, 4, 8, 7, 
              7, 8, 8, 7, 7, 8, 5, 5, 4, 4, 3, 7 ],
          eAdj := [ 2, 3, 5, 7, 9, 11, 13, 17, 18, 21, 27, 29, 30, 31, 32, 
              44, 46, 47, 48, 49, 54, 55, 56, 57, 67, 76 ] ), rec(
          DistVect := [ 0, 4, 4, 4, 4, 3, 7, 4, 4, 4, 4, 5, 5, 8, 4, 8, 5, 
              5, 8, 8, 5, 5, 8, 5, 5, 4, 4, 3, 7 ],
          eAdj := [ 2, 3, 5, 7, 9, 11, 13, 15, 17, 18, 20, 25, 27, 31, 32, 
              44, 46, 47, 48, 49, 54, 55, 56, 57, 67, 76 ] ), rec(
          DistVect := [ 0, 5, 5, 5, 4, 4, 8, 3, 4, 4, 3, 5, 5, 8, 4, 7, 5, 
              5, 8, 7, 5, 5, 8, 4, 4, 5, 4, 3, 7 ],
          eAdj := [ 2, 3, 5, 7, 9, 11, 15, 18, 20, 21, 25, 27, 29, 30, 39, 
              40, 42, 44, 45, 49, 54, 61, 62, 65, 72, 77 ] ), rec(
          DistVect := [ 0, 4, 4, 4, 4, 3, 7, 4, 4, 4, 4, 5, 5, 8, 4, 8, 5, 
              5, 8, 8, 7, 7, 8, 5, 5, 4, 4, 3, 7 ],
          eAdj := [ 2, 3, 5, 7, 9, 11, 13, 17, 18, 20, 25, 26, 27, 31, 32, 
              34, 44, 46, 47, 48, 55, 56, 57, 67, 76, 82 ] ), rec(
          DistVect := [ 0, 5, 5, 4, 4, 4, 8, 3, 4, 5, 3, 5, 5, 8, 5, 7, 5, 
              5, 8, 8, 8, 8, 7, 4, 4, 5, 4, 3, 7 ],
          eAdj := [ 2, 3, 5, 7, 9, 11, 13, 18, 20, 21, 25, 26, 27, 29, 31, 
              34, 42, 44, 45, 46, 49, 54, 56, 57, 67, 72 ] ), rec(
          DistVect := [ 0, 4, 4, 4, 4, 3, 7, 4, 4, 4, 4, 7, 7, 8, 4, 8, 5, 
              5, 8, 8, 7, 7, 8, 5, 5, 4, 4, 3, 7 ],
          eAdj := [ 2, 3, 4, 5, 7, 9, 11, 13, 17, 18, 20, 26, 27, 29, 31, 
              32, 44, 46, 47, 48, 54, 55, 56, 57, 67, 76 ] ), rec(
          DistVect := [ 0, 5, 5, 5, 4, 4, 8, 3, 4, 4, 3, 5, 7, 8, 4, 7, 5, 
              7, 8, 7, 5, 7, 8, 4, 4, 5, 4, 3, 5 ],
          eAdj := [ 2, 3, 5, 6, 7, 9, 11, 15, 16, 20, 21, 25, 27, 29, 30, 
              39, 40, 42, 44, 45, 61, 62, 65, 72, 77, 84 ] ), rec(
          DistVect := [ 0, 4, 4, 4, 4, 3, 8, 4, 4, 4, 4, 5, 8, 8, 4, 8, 5, 
              8, 8, 8, 5, 8, 8, 5, 4, 4, 5, 3, 4 ],
          eAdj := [ 2, 3, 5, 6, 7, 9, 11, 13, 15, 16, 17, 20, 21, 25, 27, 
              29, 30, 39, 42, 44, 46, 49, 54, 62, 67, 72 ] ), rec(
          DistVect := [ 0, 4, 4, 4, 4, 5, 8, 4, 4, 4, 4, 7, 8, 8, 4, 8, 7, 
              8, 8, 8, 7, 8, 8, 5, 4, 4, 7, 3, 4 ],
          eAdj := [ 1, 2, 3, 5, 6, 7, 9, 11, 13, 16, 17, 21, 29, 30, 39, 41, 
              42, 46, 49, 54, 59, 60, 62, 65, 72, 77 ] ), rec(
          DistVect := [ 0, 5, 5, 5, 4, 4, 7, 3, 4, 4, 3, 5, 8, 8, 4, 7, 5, 
              8, 8, 7, 5, 8, 8, 4, 5, 5, 7, 3, 4 ],
          eAdj := [ 1, 2, 3, 5, 6, 7, 9, 11, 15, 16, 20, 25, 40, 41, 45, 50, 
              52, 59, 60, 61, 65, 73, 77, 78, 83, 84 ] ), rec(
          DistVect := [ 0, 4, 4, 4, 4, 3, 8, 4, 4, 4, 4, 5, 8, 8, 4, 8, 5, 
              8, 8, 8, 5, 8, 8, 5, 4, 4, 7, 3, 4 ],
          eAdj := [ 1, 2, 3, 5, 6, 7, 9, 11, 13, 15, 16, 17, 20, 21, 25, 29, 
              30, 39, 42, 46, 49, 54, 62, 65, 72, 77 ] ), rec(
          DistVect := [ 0, 5, 5, 4, 4, 4, 7, 3, 4, 5, 3, 5, 8, 8, 5, 7, 5, 
              8, 8, 8, 8, 7, 7, 4, 5, 5, 7, 3, 4 ],
          eAdj := [ 1, 2, 3, 5, 6, 7, 9, 11, 13, 16, 20, 25, 26, 30, 34, 39, 
              41, 45, 46, 52, 59, 62, 65, 72, 77, 84 ] ), rec(
          DistVect := [ 0, 4, 4, 4, 4, 3, 8, 4, 4, 4, 4, 5, 8, 8, 4, 8, 5, 
              8, 8, 8, 7, 8, 8, 5, 4, 4, 7, 3, 4 ],
          eAdj := [ 1, 2, 3, 5, 6, 7, 9, 11, 13, 16, 17, 20, 21, 25, 26, 29, 
              30, 34, 39, 42, 46, 49, 54, 62, 67, 72 ] ), rec(
          DistVect := [ 0, 4, 4, 4, 4, 3, 8, 4, 4, 4, 4, 7, 8, 8, 4, 8, 5, 
              8, 8, 8, 7, 8, 8, 5, 4, 4, 7, 3, 4 ],
          eAdj := [ 1, 2, 3, 4, 5, 6, 7, 9, 11, 13, 16, 17, 20, 21, 26, 29, 
              30, 39, 42, 46, 49, 54, 59, 62, 72, 77 ] ), rec(
          DistVect := [ 0, 4, 4, 4, 4, 5, 9, 4, 4, 4, 4, 7, 7, 8, 4, 8, 5, 
              5, 8, 8, 7, 7, 8, 7, 7, 4, 4, 3, 7 ],
          eAdj := [ 2, 3, 5, 7, 8, 9, 11, 13, 17, 18, 20, 27, 29, 31, 32, 
              34, 44, 46, 47, 48, 49, 55, 56, 57, 67, 76 ] ), rec(
          DistVect := [ 0, 4, 3, 4, 5, 4, 8, 5, 5, 4, 3, 8, 8, 7, 5, 8, 5, 
              5, 8, 7, 8, 8, 7, 7, 7, 4, 4, 3, 7 ],
          eAdj := [ 4, 5, 7, 8, 9, 11, 17, 18, 20, 26, 27, 29, 32, 33, 34, 
              44, 46, 47, 48, 51, 55, 56, 57, 66, 76, 82 ] ), rec(
          DistVect := [ 0, 4, 4, 4, 4, 3, 7, 4, 4, 4, 4, 7, 7, 8, 4, 8, 5, 
              5, 8, 8, 5, 5, 8, 7, 7, 4, 4, 3, 7 ],
          eAdj := [ 2, 3, 4, 5, 7, 8, 9, 11, 13, 15, 17, 18, 20, 27, 31, 32, 
              44, 46, 47, 48, 55, 56, 57, 67, 76, 82 ] ), rec(
          DistVect := [ 0, 4, 5, 5, 3, 4, 8, 3, 5, 5, 3, 8, 8, 7, 4, 8, 5, 
              5, 8, 8, 5, 5, 8, 7, 7, 4, 4, 3, 7 ],
          eAdj := [ 2, 3, 4, 5, 7, 8, 9, 11, 13, 15, 17, 18, 20, 27, 29, 30, 
              31, 32, 44, 47, 49, 54, 61, 62, 67, 72 ] ), rec(
          DistVect := [ 0, 4, 4, 4, 4, 5, 8, 4, 4, 4, 4, 7, 8, 8, 4, 8, 5, 
              8, 8, 8, 7, 8, 8, 7, 4, 4, 7, 3, 4 ],
          eAdj := [ 1, 2, 3, 5, 6, 7, 8, 9, 11, 13, 16, 17, 20, 21, 29, 30, 
              34, 39, 42, 46, 49, 54, 59, 62, 65, 72 ] ), rec(
          DistVect := [ 0, 4, 3, 4, 5, 4, 9, 5, 5, 4, 3, 8, 7, 7, 5, 8, 5, 
              8, 8, 7, 8, 7, 7, 7, 4, 4, 7, 3, 4 ],
          eAdj := [ 1, 4, 5, 6, 7, 8, 9, 11, 16, 17, 20, 21, 26, 29, 30, 31, 
              33, 34, 42, 46, 48, 49, 54, 59, 62, 67 ] ), rec(
          DistVect := [ 0, 4, 5, 5, 3, 4, 7, 3, 5, 5, 3, 8, 7, 7, 4, 8, 5, 
              8, 8, 8, 5, 8, 8, 7, 4, 4, 7, 3, 4 ],
          eAdj := [ 1, 2, 3, 4, 5, 6, 7, 8, 9, 11, 13, 15, 16, 17, 20, 21, 
              39, 42, 59, 60, 61, 65, 72, 77, 78, 84 ] ), rec(
          DistVect := [ 0, 4, 4, 4, 4, 3, 8, 4, 4, 4, 4, 7, 8, 8, 4, 8, 5, 
              8, 8, 8, 5, 8, 8, 7, 4, 4, 7, 3, 4 ],
          eAdj := [ 1, 2, 3, 4, 5, 6, 7, 8, 9, 11, 13, 15, 16, 17, 20, 21, 
              29, 30, 39, 42, 46, 49, 54, 62, 67, 72 ] ), rec(
          DistVect := [ 0, 5, 4, 4, 4, 4, 8, 3, 5, 5, 5, 5, 5, 8, 4, 8, 8, 
              8, 7, 8, 8, 8, 7, 4, 4, 3, 4, 3, 7 ],
          eAdj := [ 2, 3, 5, 9, 10, 13, 17, 18, 21, 25, 26, 27, 31, 32, 34, 
              38, 44, 47, 48, 55, 56, 58, 75, 76, 81, 82 ] ), rec(
          DistVect := [ 0, 5, 4, 4, 4, 4, 8, 3, 5, 5, 5, 5, 7, 8, 4, 8, 8, 
              8, 7, 8, 8, 8, 7, 4, 4, 3, 4, 3, 5 ],
          eAdj := [ 2, 3, 5, 6, 9, 10, 13, 17, 21, 25, 26, 27, 31, 32, 34, 
              38, 44, 48, 55, 56, 57, 58, 67, 75, 76, 82 ] ), rec(
          DistVect := [ 0, 5, 4, 4, 4, 4, 7, 3, 5, 5, 5, 5, 8, 8, 4, 8, 8, 
              7, 7, 8, 8, 7, 7, 4, 3, 3, 7, 3, 4 ],
          eAdj := [ 1, 2, 3, 5, 6, 9, 10, 13, 16, 17, 21, 25, 26, 29, 30, 
              34, 38, 39, 41, 42, 49, 54, 57, 58, 67, 76 ] ), rec(
          DistVect := [ 0, 4, 5, 4, 4, 3, 7, 4, 7, 4, 4, 5, 5, 8, 7, 7, 8, 
              8, 5, 8, 5, 5, 8, 5, 5, 4, 4, 3, 7 ],
          eAdj := [ 2, 3, 7, 9, 10, 13, 15, 18, 19, 25, 27, 31, 35, 38, 44, 
              47, 48, 53, 56, 58, 63, 66, 75, 76, 81, 82 ] ), rec(
          DistVect := [ 0, 5, 4, 5, 4, 4, 8, 3, 7, 4, 3, 5, 5, 8, 7, 8, 8, 
              8, 5, 7, 5, 5, 8, 4, 4, 5, 4, 3, 7 ],
          eAdj := [ 2, 3, 7, 9, 10, 15, 17, 18, 19, 21, 25, 27, 30, 32, 38, 
              39, 40, 44, 46, 48, 49, 54, 55, 57, 67, 76 ] ), rec(
          DistVect := [ 0, 4, 5, 4, 4, 3, 7, 4, 7, 4, 4, 5, 5, 8, 5, 7, 8, 
              8, 5, 8, 7, 7, 8, 5, 5, 4, 4, 3, 7 ],
          eAdj := [ 2, 3, 7, 9, 10, 13, 18, 19, 25, 26, 27, 31, 34, 35, 38, 
              44, 47, 53, 56, 58, 63, 66, 75, 81, 82, 87 ] ), rec(
          DistVect := [ 0, 5, 4, 4, 4, 4, 8, 3, 7, 5, 3, 5, 5, 8, 4, 8, 8, 
              8, 5, 8, 8, 8, 7, 4, 4, 5, 4, 3, 7 ],
          eAdj := [ 2, 3, 7, 9, 10, 13, 17, 18, 19, 21, 25, 26, 27, 31, 32, 
              34, 38, 44, 48, 55, 56, 58, 67, 75, 76, 82 ] ), rec(
          DistVect := [ 0, 4, 5, 4, 4, 3, 7, 4, 5, 4, 4, 7, 7, 8, 5, 7, 8, 
              8, 5, 8, 7, 7, 8, 5, 5, 4, 4, 3, 7 ],
          eAdj := [ 2, 3, 4, 7, 9, 10, 13, 18, 19, 26, 27, 31, 35, 38, 44, 
              47, 53, 55, 56, 58, 63, 66, 75, 76, 81, 82 ] ), rec(
          DistVect := [ 0, 4, 4, 4, 4, 3, 7, 4, 4, 4, 4, 5, 5, 8, 4, 8, 7, 
              7, 8, 8, 7, 7, 8, 3, 3, 4, 4, 3, 7 ],
          eAdj := [ 2, 3, 5, 7, 9, 10, 11, 13, 17, 18, 21, 25, 26, 27, 31, 
              32, 44, 46, 47, 48, 54, 55, 56, 57, 67, 76 ] ), rec(
          DistVect := [ 0, 4, 5, 4, 4, 3, 8, 4, 7, 4, 4, 5, 8, 8, 7, 7, 8, 
              7, 5, 8, 5, 8, 8, 5, 4, 4, 5, 3, 4 ],
          eAdj := [ 2, 3, 6, 7, 9, 10, 13, 15, 16, 19, 21, 25, 27, 30, 32, 
              35, 38, 39, 44, 48, 55, 57, 58, 67, 76, 82 ] ), rec(
          DistVect := [ 0, 5, 4, 5, 4, 4, 8, 3, 7, 4, 3, 5, 7, 8, 7, 8, 8, 
              8, 5, 7, 5, 7, 8, 4, 4, 5, 4, 3, 5 ],
          eAdj := [ 2, 3, 6, 7, 9, 10, 15, 16, 17, 19, 21, 25, 27, 30, 32, 
              38, 39, 40, 44, 46, 49, 54, 55, 57, 67, 72 ] ), rec(
          DistVect := [ 0, 5, 4, 5, 4, 4, 7, 3, 7, 4, 3, 5, 8, 8, 7, 8, 8, 
              5, 5, 7, 5, 8, 8, 4, 5, 5, 7, 3, 4 ],
          eAdj := [ 1, 2, 3, 6, 7, 9, 10, 15, 16, 17, 19, 25, 29, 38, 40, 
              41, 42, 46, 49, 50, 54, 60, 62, 65, 72, 77 ] ), rec(
          DistVect := [ 0, 4, 5, 4, 4, 3, 8, 4, 7, 4, 4, 5, 8, 8, 7, 7, 8, 
              5, 5, 8, 5, 8, 8, 5, 4, 4, 7, 3, 4 ],
          eAdj := [ 1, 2, 3, 6, 7, 9, 10, 13, 15, 16, 19, 21, 25, 30, 32, 
              35, 38, 39, 48, 49, 54, 55, 57, 58, 67, 76 ] ), rec(
          DistVect := [ 0, 5, 4, 4, 4, 4, 7, 3, 7, 5, 3, 5, 8, 8, 4, 8, 8, 
              5, 5, 8, 8, 7, 7, 4, 5, 5, 7, 3, 4 ],
          eAdj := [ 1, 2, 3, 6, 7, 9, 10, 13, 16, 17, 19, 25, 26, 29, 30, 
              34, 38, 39, 41, 42, 49, 54, 57, 58, 67, 72 ] ), rec(
          DistVect := [ 0, 4, 5, 4, 4, 3, 8, 4, 7, 4, 4, 5, 8, 8, 5, 7, 8, 
              5, 5, 8, 7, 8, 8, 5, 4, 4, 7, 3, 4 ],
          eAdj := [ 1, 2, 3, 6, 7, 9, 10, 13, 16, 19, 21, 25, 26, 30, 32, 
              34, 35, 38, 39, 48, 55, 57, 58, 67, 76, 82 ] ), rec(
          DistVect := [ 0, 4, 5, 4, 4, 3, 8, 4, 5, 4, 4, 7, 8, 8, 5, 7, 8, 
              5, 5, 8, 7, 8, 8, 5, 4, 4, 7, 3, 4 ],
          eAdj := [ 1, 2, 3, 4, 6, 7, 9, 10, 13, 16, 19, 21, 26, 29, 30, 32, 
              35, 38, 39, 48, 54, 55, 57, 58, 67, 76 ] ), rec(
          DistVect := [ 0, 4, 4, 4, 4, 3, 8, 4, 4, 4, 4, 5, 8, 8, 4, 8, 7, 
              8, 8, 8, 7, 8, 8, 3, 4, 4, 5, 3, 4 ],
          eAdj := [ 2, 3, 5, 6, 7, 9, 10, 11, 13, 16, 17, 21, 25, 26, 27, 
              29, 30, 39, 42, 46, 49, 54, 57, 62, 67, 72 ] ), rec(
          DistVect := [ 0, 4, 4, 4, 4, 3, 8, 4, 4, 4, 4, 5, 8, 8, 4, 8, 7, 
              8, 8, 8, 7, 8, 8, 3, 4, 4, 7, 3, 4 ],
          eAdj := [ 1, 2, 3, 5, 6, 7, 9, 10, 11, 13, 16, 17, 21, 25, 26, 29, 
              30, 39, 41, 42, 46, 49, 54, 62, 72, 77 ] ), rec(
          DistVect := [ 0, 4, 3, 4, 4, 5, 9, 4, 5, 4, 4, 7, 7, 8, 5, 5, 8, 
              8, 5, 8, 7, 7, 8, 7, 7, 4, 4, 3, 7 ],
          eAdj := [ 2, 3, 7, 8, 9, 10, 13, 18, 19, 27, 31, 34, 35, 38, 44, 
              47, 48, 53, 55, 56, 58, 63, 66, 75, 81, 82 ] ), rec(
          DistVect := [ 0, 4, 4, 4, 5, 4, 8, 5, 4, 4, 3, 8, 8, 7, 4, 5, 8, 
              8, 5, 7, 8, 8, 7, 7, 7, 4, 4, 3, 7 ],
          eAdj := [ 4, 7, 8, 9, 10, 18, 19, 26, 27, 33, 34, 35, 38, 44, 47, 
              51, 53, 55, 56, 58, 63, 66, 74, 75, 81, 87 ] ), rec(
          DistVect := [ 0, 4, 5, 4, 4, 3, 7, 4, 5, 4, 4, 7, 7, 8, 7, 5, 8, 
              8, 5, 8, 5, 5, 8, 7, 7, 4, 4, 3, 7 ],
          eAdj := [ 2, 3, 4, 7, 8, 9, 10, 13, 15, 18, 19, 27, 31, 35, 38, 
              44, 47, 53, 56, 58, 63, 66, 75, 81, 82, 87 ] ), rec(
          DistVect := [ 0, 4, 4, 5, 3, 4, 8, 3, 4, 5, 3, 8, 8, 7, 7, 5, 8, 
              8, 5, 8, 5, 5, 8, 7, 7, 4, 4, 3, 7 ],
          eAdj := [ 2, 3, 4, 7, 8, 9, 10, 13, 15, 18, 19, 27, 30, 31, 35, 
              38, 44, 46, 47, 48, 53, 55, 57, 67, 76, 82 ] ), rec(
          DistVect := [ 0, 4, 3, 4, 4, 5, 8, 4, 5, 4, 4, 7, 8, 8, 5, 5, 8, 
              5, 5, 8, 7, 8, 8, 7, 4, 4, 7, 3, 4 ],
          eAdj := [ 1, 2, 3, 6, 7, 8, 9, 10, 13, 16, 19, 21, 29, 30, 32, 34, 
              35, 38, 39, 48, 49, 55, 57, 58, 67, 76 ] ), rec(
          DistVect := [ 0, 4, 4, 4, 5, 4, 9, 5, 4, 4, 3, 8, 7, 7, 4, 5, 8, 
              5, 5, 7, 8, 7, 7, 7, 4, 4, 7, 3, 4 ],
          eAdj := [ 1, 4, 6, 7, 8, 9, 10, 16, 19, 21, 26, 29, 30, 31, 32, 
              33, 34, 35, 38, 48, 55, 57, 58, 66, 76, 82 ] ), rec(
          DistVect := [ 0, 4, 5, 4, 4, 3, 8, 4, 5, 4, 4, 7, 8, 8, 7, 5, 8, 
              5, 5, 8, 5, 8, 8, 7, 4, 4, 7, 3, 4 ],
          eAdj := [ 1, 2, 3, 4, 6, 7, 8, 9, 10, 13, 15, 16, 19, 21, 30, 32, 
              35, 38, 39, 48, 55, 57, 58, 67, 76, 82 ] ), rec(
          DistVect := [ 0, 4, 4, 5, 3, 4, 7, 3, 4, 5, 3, 8, 7, 7, 7, 5, 8, 
              5, 5, 8, 5, 8, 8, 7, 4, 4, 7, 3, 4 ],
          eAdj := [ 1, 2, 3, 4, 6, 7, 8, 9, 10, 13, 15, 16, 19, 21, 29, 32, 
              35, 38, 39, 46, 49, 54, 60, 62, 67, 72 ] ), rec(
          DistVect := [ 0, 5, 4, 4, 4, 3, 7, 4, 7, 7, 3, 8, 8, 5, 4, 8, 5, 
              5, 8, 8, 5, 5, 8, 5, 5, 4, 4, 3, 7 ],
          eAdj := [ 3, 4, 5, 12, 13, 15, 16, 17, 18, 20, 24, 27, 29, 30, 31, 
              32, 36, 43, 47, 48, 49, 54, 61, 62, 72, 77 ] ), rec(
          DistVect := [ 0, 4, 5, 5, 4, 4, 8, 3, 7, 7, 4, 8, 8, 5, 4, 7, 5, 
              5, 8, 7, 5, 5, 8, 4, 4, 5, 4, 3, 7 ],
          eAdj := [ 3, 4, 5, 12, 15, 16, 18, 20, 21, 24, 27, 36, 39, 40, 42, 
              43, 45, 49, 59, 60, 65, 70, 77, 78, 83, 84 ] ), rec(
          DistVect := [ 0, 4, 5, 5, 4, 4, 8, 3, 5, 5, 4, 8, 8, 7, 4, 5, 5, 
              5, 8, 5, 5, 5, 8, 4, 4, 7, 4, 3, 7 ],
          eAdj := [ 2, 3, 4, 5, 12, 15, 16, 18, 20, 21, 22, 27, 36, 39, 40, 
              42, 43, 45, 59, 60, 65, 70, 78, 83, 84, 88 ] ), rec(
          DistVect := [ 0, 4, 4, 4, 3, 3, 7, 4, 4, 4, 3, 7, 7, 8, 4, 5, 5, 
              5, 8, 5, 5, 5, 8, 4, 4, 7, 4, 3, 7 ],
          eAdj := [ 2, 3, 4, 5, 12, 15, 16, 18, 20, 21, 22, 27, 29, 30, 36, 
              39, 40, 42, 43, 45, 49, 61, 62, 72, 77, 84 ] ), rec(
          DistVect := [ 0, 4, 5, 5, 4, 4, 8, 3, 7, 7, 4, 8, 8, 5, 4, 7, 5, 
              7, 8, 7, 5, 7, 8, 4, 4, 5, 4, 3, 5 ],
          eAdj := [ 3, 4, 5, 6, 12, 15, 16, 20, 21, 24, 27, 36, 37, 39, 40, 
              42, 43, 45, 59, 60, 65, 70, 78, 83, 84, 88 ] ), rec(
          DistVect := [ 0, 5, 4, 4, 4, 3, 8, 4, 7, 7, 3, 8, 7, 5, 4, 8, 5, 
              8, 8, 8, 5, 8, 8, 5, 4, 4, 5, 3, 4 ],
          eAdj := [ 3, 4, 5, 6, 12, 13, 15, 16, 17, 20, 21, 24, 27, 36, 37, 
              39, 42, 43, 49, 59, 60, 61, 72, 77, 78, 84 ] ), rec(
          DistVect := [ 0, 4, 5, 5, 4, 4, 7, 3, 7, 7, 4, 8, 5, 5, 4, 7, 5, 
              8, 8, 7, 5, 8, 8, 4, 5, 5, 7, 3, 4 ],
          eAdj := [ 1, 3, 4, 5, 6, 12, 15, 20, 24, 36, 37, 40, 41, 43, 45, 
              50, 52, 65, 68, 69, 70, 73, 80, 83, 86, 88 ] ), rec(
          DistVect := [ 0, 5, 4, 4, 4, 3, 8, 4, 7, 7, 3, 8, 5, 5, 4, 8, 5, 
              8, 8, 8, 5, 8, 8, 5, 4, 4, 7, 3, 4 ],
          eAdj := [ 1, 3, 4, 5, 6, 12, 13, 15, 17, 20, 21, 24, 36, 37, 39, 
              42, 43, 49, 59, 60, 61, 65, 77, 78, 83, 84 ] ), rec(
          DistVect := [ 0, 4, 4, 4, 3, 3, 8, 4, 4, 4, 3, 7, 8, 8, 4, 5, 5, 
              8, 8, 5, 5, 8, 8, 4, 7, 7, 7, 3, 4 ],
          eAdj := [ 1, 2, 3, 4, 5, 6, 12, 15, 20, 22, 36, 37, 40, 41, 43, 
              45, 50, 52, 59, 60, 61, 65, 78, 83, 84, 88 ] ), rec(
          DistVect := [ 0, 4, 5, 5, 4, 4, 7, 3, 5, 5, 4, 8, 7, 7, 4, 5, 5, 
              8, 8, 5, 5, 8, 8, 4, 7, 7, 7, 3, 4 ],
          eAdj := [ 1, 2, 3, 4, 5, 6, 12, 15, 20, 22, 36, 37, 40, 41, 43, 
              45, 50, 52, 68, 69, 70, 73, 80, 86, 88, 90 ] ), rec(
          DistVect := [ 0, 4, 4, 4, 4, 4, 8, 3, 4, 4, 4, 8, 8, 7, 4, 8, 8, 
              8, 7, 8, 8, 8, 7, 4, 4, 3, 4, 3, 5 ],
          eAdj := [ 2, 3, 4, 5, 6, 7, 9, 10, 11, 12, 13, 16, 17, 21, 26, 27, 
              29, 30, 31, 32, 46, 48, 54, 57, 67, 76 ] ), rec(
          DistVect := [ 0, 1, 1, 1, 1, 1, 2, 1, 1, 1, 1, 1, 2, 2, 1, 2, 1, 
              2, 2, 2, 1, 2, 2, 1, 1, 1, 1, 1, 1 ],
          eAdj := [ 2, 3, 5, 6, 7, 9, 11, 13, 15, 16, 17, 20, 21, 25, 27, 
              29, 30, 39, 40, 42, 44, 45, 46, 49, 54, 61, 62, 65, 72, 77 ] ),
      rec(
          DistVect := [ 0, 2, 2, 2, 1, 1, 1, 0, 1, 1, 1, 1, 2, 2, 1, 2, 1, 
              2, 2, 2, 1, 2, 2, 1, 1, 1, 2, 1, 1 ],
          eAdj := [ 1, 2, 3, 5, 6, 7, 9, 11, 15, 16, 20, 23, 25, 40, 41, 45, 
              50, 52, 59, 60, 61, 73, 77, 78, 83, 84, 88 ] ), rec(
          DistVect := [ 0, 1, 1, 1, 1, 2, 2, 1, 1, 1, 1, 2, 2, 2, 1, 2, 1, 
              2, 2, 2, 2, 2, 2, 2, 1, 1, 1, 1, 1 ],
          eAdj := [ 2, 3, 5, 6, 7, 8, 9, 11, 13, 16, 17, 20, 21, 23, 29, 30, 
              31, 34, 39, 42, 44, 45, 46, 49, 54, 59, 61, 62, 65, 72 ] ), 
      rec(
          DistVect := [ 0, 1, 1, 1, 1, 1, 2, 1, 2, 1, 1, 1, 2, 2, 2, 2, 2, 
              2, 1, 2, 1, 2, 2, 1, 1, 1, 1, 1, 1 ],
          eAdj := [ 2, 3, 6, 7, 9, 10, 13, 15, 16, 17, 19, 21, 25, 27, 30, 
              32, 35, 38, 39, 40, 44, 46, 48, 49, 54, 55, 57, 58, 67, 76 ] ),
      rec(
          DistVect := [ 0, 1, 1, 1, 2, 1, 2, 2, 1, 1, 1, 2, 2, 2, 1, 2, 2, 
              2, 2, 2, 2, 2, 2, 2, 2, 1, 1, 1, 2 ],
          eAdj := [ 4, 7, 8, 9, 10, 11, 18, 26, 27, 28, 33, 34, 35, 38, 44, 
              47, 51, 53, 55, 56, 58, 63, 64, 66, 74, 75, 81, 87 ] ), rec(
          DistVect := [ 0, 1, 1, 1, 2, 1, 2, 2, 1, 1, 1, 2, 2, 2, 1, 1, 2, 
              2, 1, 2, 2, 2, 2, 2, 1, 1, 1, 1, 1 ],
          eAdj := [ 4, 7, 8, 9, 10, 16, 19, 26, 27, 28, 31, 33, 34, 35, 38, 
              44, 47, 51, 53, 55, 56, 58, 63, 66, 71, 74, 75, 81, 87 ] ), 
      rec(
          DistVect := [ 0, 1, 1, 1, 1, 1, 2, 1, 1, 1, 1, 2, 2, 2, 1, 2, 2, 
              2, 2, 2, 1, 1, 2, 2, 2, 1, 1, 1, 2 ],
          eAdj := [ 2, 3, 4, 5, 7, 8, 9, 10, 11, 13, 15, 17, 18, 27, 30, 31, 
              32, 35, 38, 44, 46, 47, 48, 53, 55, 56, 57, 67, 76, 82 ] ), 
      rec(
          DistVect := [ 0, 1, 1, 1, 1, 1, 2, 1, 1, 1, 1, 2, 2, 2, 1, 2, 2, 
              2, 2, 2, 1, 2, 2, 2, 1, 1, 2, 1, 1 ],
          eAdj := [ 1, 2, 3, 4, 5, 6, 7, 8, 9, 10, 11, 13, 15, 16, 17, 21, 
              29, 30, 32, 35, 38, 39, 42, 46, 49, 54, 60, 62, 67, 72 ] ), 
      rec(
          DistVect := [ 0, 1, 1, 1, 1, 1, 2, 1, 2, 2, 1, 2, 2, 1, 1, 2, 1, 
              2, 2, 2, 1, 2, 2, 1, 1, 1, 1, 1, 1 ],
          eAdj := [ 3, 4, 5, 6, 12, 13, 15, 16, 17, 20, 21, 24, 27, 36, 37, 
              39, 40, 42, 43, 45, 49, 59, 60, 61, 65, 70, 77, 78, 83, 84 ] ),
      rec(
          DistVect := [ 0, 1, 1, 1, 1, 1, 2, 1, 2, 2, 1, 2, 1, 1, 1, 1, 1, 
              2, 2, 1, 1, 2, 2, 1, 2, 2, 2, 1, 1 ],
          eAdj := [ 1, 3, 4, 5, 6, 12, 15, 20, 22, 24, 36, 37, 40, 41, 43, 
              45, 50, 52, 65, 68, 69, 70, 73, 80, 86, 88, 90 ] ), rec(
          DistVect := [ 0, 0, 1, 1, 1, 1, 0, 0, 1, 1, 1, 1, 0, 0, 0, 0, 0, 
              1, 1, 0, 0, 1, 1, 0, 1, 1, 1, 1, 0 ],
          eAdj := [ 1, 2, 3, 4, 5, 6, 12, 15, 20, 22, 23, 24, 36, 37, 40, 
              41, 43, 45, 50, 52, 68, 69, 70, 73, 80, 86, 90 ] ), rec(
          DistVect := [ 0, 1, 1, 1, 1, 1, 2, 1, 1, 1, 1, 2, 2, 2, 1, 2, 1, 
              2, 2, 2, 2, 2, 2, 1, 1, 1, 1, 1, 1 ],
          eAdj := [ 2, 3, 4, 5, 6, 7, 9, 11, 12, 13, 16, 17, 20, 21, 26, 27, 
              29, 30, 31, 39, 42, 43, 45, 46, 49, 54, 59, 61, 62, 72, 77 ] ),
      rec(
          DistVect := [ 0, 1, 1, 1, 1, 1, 2, 1, 1, 1, 1, 2, 2, 2, 1, 2, 2, 
              2, 2, 1, 1, 1, 2, 1, 1, 2, 1, 1, 2 ],
          eAdj := [ 2, 3, 4, 5, 10, 11, 12, 15, 16, 17, 18, 21, 22, 27, 29, 
              30, 32, 36, 39, 40, 42, 43, 45, 49, 60, 61, 62, 72, 77, 84 ] ),
      rec(
          DistVect := [ 0, 1, 1, 1, 1, 1, 2, 1, 1, 2, 1, 2, 1, 1, 2, 2, 2, 
              1, 1, 1, 1, 2, 2, 1, 2, 2, 2, 1, 1 ],
          eAdj := [ 1, 3, 4, 6, 10, 11, 12, 15, 17, 19, 22, 24, 36, 37, 40, 
              41, 42, 43, 49, 50, 59, 61, 65, 69, 78, 83, 84, 88 ] ), rec(
          DistVect := [ 0, 1, 1, 1, 1, 1, 2, 1, 1, 1, 1, 2, 2, 2, 1, 2, 2, 
              2, 2, 1, 1, 2, 2, 1, 2, 2, 2, 1, 1 ],
          eAdj := [ 1, 2, 3, 4, 5, 6, 10, 11, 12, 15, 17, 22, 36, 37, 40, 
              41, 42, 43, 45, 50, 52, 59, 60, 61, 65, 69, 78, 83, 84, 88 ] ),
      rec(
          DistVect := [ 0, 2, 2, 2, 1, 1, 2, 0, 1, 1, 1, 1, 1, 2, 1, 2, 1, 
              1, 2, 2, 1, 1, 2, 1, 1, 1, 1, 1, 2 ],
          eAdj := [ 2, 3, 5, 6, 7, 9, 11, 15, 18, 20, 21, 23, 25, 27, 29, 
              30, 39, 40, 42, 44, 45, 54, 61, 62, 65, 72, 77, 84 ] ), rec(
          DistVect := [ 0, 1, 1, 1, 1, 1, 2, 1, 1, 1, 1, 1, 1, 2, 1, 2, 1, 
              1, 2, 2, 1, 1, 2, 2, 2, 1, 1, 1, 2 ],
          eAdj := [ 2, 3, 5, 7, 8, 9, 11, 13, 15, 17, 18, 20, 25, 27, 31, 
              32, 34, 38, 44, 46, 47, 48, 49, 55, 56, 57, 67, 76, 82 ] ), 
      rec(
          DistVect := [ 0, 1, 1, 1, 1, 2, 2, 1, 1, 1, 1, 2, 2, 2, 1, 2, 2, 
              2, 2, 2, 2, 2, 2, 2, 1, 1, 2, 1, 1 ],
          eAdj := [ 1, 2, 3, 5, 6, 7, 8, 9, 11, 13, 16, 17, 21, 23, 29, 30, 
              34, 38, 39, 41, 42, 46, 49, 54, 59, 60, 62, 65, 72 ] ), rec(
          DistVect := [ 0, 1, 1, 1, 1, 1, 2, 1, 1, 1, 1, 2, 2, 2, 1, 2, 1, 
              2, 2, 2, 1, 2, 2, 2, 1, 1, 1, 1, 1 ],
          eAdj := [ 2, 3, 4, 5, 6, 7, 8, 9, 11, 13, 15, 16, 17, 20, 21, 27, 
              29, 30, 31, 32, 39, 42, 44, 46, 47, 49, 54, 61, 62, 67, 72 ] ),
      rec(
          DistVect := [ 0, 1, 1, 1, 1, 1, 2, 1, 1, 1, 1, 1, 1, 2, 1, 2, 2, 
              2, 2, 2, 1, 1, 2, 1, 1, 1, 1, 1, 2 ],
          eAdj := [ 2, 3, 5, 7, 9, 10, 11, 13, 15, 17, 18, 21, 25, 27, 30, 
              31, 32, 38, 39, 40, 44, 46, 47, 48, 49, 54, 55, 56, 57, 67, 76 
             ] ), rec(
          DistVect := [ 0, 1, 1, 1, 1, 1, 2, 1, 1, 1, 1, 1, 1, 2, 1, 2, 2, 
              2, 2, 2, 2, 2, 2, 1, 1, 1, 1, 1, 2 ],
          eAdj := [ 2, 3, 5, 7, 9, 10, 11, 13, 17, 18, 21, 25, 26, 27, 31, 
              32, 34, 38, 44, 46, 47, 48, 55, 56, 57, 58, 67, 75, 76, 82 ] ),
      rec(
          DistVect := [ 0, 1, 1, 1, 1, 1, 2, 1, 1, 1, 1, 1, 2, 2, 1, 2, 2, 
              2, 2, 2, 1, 2, 2, 1, 1, 1, 1, 1, 1 ],
          eAdj := [ 2, 3, 5, 6, 7, 9, 10, 11, 13, 15, 16, 17, 21, 25, 27, 
              29, 30, 32, 38, 39, 40, 42, 44, 46, 49, 54, 55, 57, 62, 67, 72 
             ] ), rec(
          DistVect := [ 0, 1, 1, 1, 1, 1, 2, 1, 1, 1, 1, 1, 2, 2, 1, 2, 2, 
              2, 2, 2, 1, 2, 2, 1, 1, 1, 2, 1, 1 ],
          eAdj := [ 1, 2, 3, 5, 6, 7, 9, 10, 11, 13, 15, 16, 17, 21, 25, 29, 
              30, 38, 39, 40, 41, 42, 46, 49, 50, 54, 60, 62, 65, 72, 77 ] ),
      rec(
          DistVect := [ 0, 2, 1, 2, 1, 1, 1, 0, 2, 1, 1, 1, 2, 2, 2, 2, 2, 
              1, 1, 2, 1, 2, 2, 1, 1, 1, 2, 1, 1 ],
          eAdj := [ 1, 2, 3, 5, 6, 7, 9, 10, 15, 16, 17, 19, 23, 25, 29, 38, 
              40, 41, 42, 46, 50, 54, 60, 62, 65, 72, 77, 84 ] ), rec(
          DistVect := [ 0, 1, 1, 1, 1, 1, 2, 1, 1, 1, 1, 1, 2, 2, 1, 2, 2, 
              2, 2, 2, 2, 2, 2, 1, 1, 1, 2, 1, 1 ],
          eAdj := [ 1, 2, 3, 5, 6, 7, 9, 10, 11, 13, 16, 17, 21, 25, 26, 29, 
              30, 34, 38, 39, 41, 42, 46, 49, 54, 57, 58, 62, 67, 72 ] ), 
      rec(
          DistVect := [ 0, 1, 1, 1, 1, 1, 2, 1, 1, 1, 2, 1, 2, 2, 1, 2, 2, 
              2, 2, 2, 2, 2, 2, 1, 1, 0, 1, 1, 1 ],
          eAdj := [ 2, 3, 5, 6, 8, 9, 10, 13, 17, 21, 25, 26, 27, 31, 32, 
              33, 34, 35, 38, 44, 47, 48, 55, 56, 57, 58, 75, 76, 81, 82 ] ),
      rec(
          DistVect := [ 0, 1, 0, 1, 2, 1, 2, 2, 1, 1, 1, 2, 2, 2, 1, 2, 1, 
              2, 2, 2, 2, 2, 2, 2, 1, 1, 1, 1, 1 ],
          eAdj := [ 4, 5, 7, 8, 9, 10, 11, 16, 17, 20, 26, 27, 28, 29, 31, 
              32, 33, 34, 35, 44, 46, 47, 48, 51, 55, 56, 57, 58, 66, 76, 82 
             ] ), rec(
          DistVect := [ 0, 1, 1, 1, 1, 1, 2, 1, 1, 1, 1, 2, 2, 2, 2, 1, 2, 
              2, 1, 2, 1, 2, 2, 2, 1, 1, 1, 1, 1 ],
          eAdj := [ 2, 3, 4, 6, 7, 8, 9, 10, 13, 15, 16, 19, 21, 27, 30, 31, 
              32, 35, 38, 39, 44, 46, 47, 48, 53, 55, 57, 58, 67, 76, 82 ] ),
      rec(
          DistVect := [ 0, 1, 0, 1, 1, 2, 2, 1, 1, 1, 1, 2, 2, 2, 1, 1, 2, 
              2, 1, 2, 2, 2, 2, 2, 1, 1, 1, 1, 1 ],
          eAdj := [ 2, 3, 5, 6, 7, 8, 9, 10, 13, 16, 17, 19, 21, 23, 29, 30, 
              31, 32, 34, 35, 38, 39, 44, 46, 48, 49, 55, 57, 58, 67, 76 ] ),
      rec(
          DistVect := [ 0, 1, 1, 1, 1, 1, 2, 1, 2, 2, 1, 2, 2, 1, 1, 1, 1, 
              1, 2, 1, 1, 1, 2, 1, 1, 2, 1, 1, 2 ],
          eAdj := [ 3, 4, 5, 12, 15, 16, 18, 20, 21, 22, 24, 27, 36, 37, 39, 
              40, 42, 43, 45, 49, 59, 60, 65, 70, 78, 83, 84, 88 ] ), rec(
          DistVect := [ 0, 1, 1, 1, 1, 1, 2, 1, 1, 1, 1, 2, 2, 2, 1, 1, 1, 
              2, 2, 1, 1, 2, 2, 1, 1, 2, 1, 1, 1 ],
          eAdj := [ 2, 3, 4, 5, 6, 12, 15, 16, 20, 21, 22, 27, 36, 37, 39, 
              40, 41, 42, 43, 45, 50, 52, 59, 60, 61, 65, 70, 78, 83, 84, 88 
             ] ), rec(
          DistVect := [ 0, 1, 2, 2, 1, 1, 1, 0, 2, 2, 1, 2, 1, 1, 1, 2, 1, 
              2, 2, 2, 1, 2, 2, 1, 1, 1, 2, 1, 1 ],
          eAdj := [ 1, 2, 3, 4, 5, 6, 12, 15, 20, 23, 24, 36, 37, 40, 41, 
              43, 45, 50, 52, 68, 69, 70, 73, 80, 83, 86, 88, 90 ] ), rec(
          DistVect := [ 0, 1, 1, 1, 1, 2, 2, 1, 1, 1, 1, 2, 2, 2, 1, 2, 2, 
              2, 2, 2, 2, 2, 2, 1, 1, 1, 1, 1, 1 ],
          eAdj := [ 2, 3, 5, 6, 7, 9, 11, 12, 13, 16, 17, 21, 23, 29, 30, 
              39, 40, 41, 42, 45, 46, 49, 54, 59, 60, 61, 62, 65, 72, 77, 84 
             ] ), rec(
          DistVect := [ 0, 1, 1, 1, 1, 1, 2, 1, 1, 2, 1, 2, 2, 1, 2, 2, 2, 
              2, 1, 1, 1, 1, 2, 1, 1, 2, 1, 1, 2 ],
          eAdj := [ 3, 4, 10, 11, 12, 15, 16, 17, 18, 19, 21, 22, 24, 27, 
              29, 32, 36, 37, 39, 40, 43, 48, 49, 60, 61, 62, 72, 77, 84 ] ),
      rec(
          DistVect := [ 0, 1, 1, 1, 1, 1, 2, 1, 1, 2, 1, 2, 2, 1, 1, 2, 2, 
              2, 2, 2, 1, 1, 2, 1, 1, 1, 1, 1, 2 ],
          eAdj := [ 3, 4, 5, 10, 11, 12, 13, 15, 16, 17, 18, 21, 24, 27, 29, 
              30, 31, 32, 36, 39, 40, 43, 47, 48, 49, 54, 60, 61, 62, 72, 77 
             ] ), rec(
          DistVect := [ 0, 1, 1, 1, 1, 1, 2, 1, 1, 2, 1, 2, 2, 1, 1, 2, 2, 
              2, 2, 2, 1, 2, 2, 1, 1, 1, 1, 1, 1 ],
          eAdj := [ 3, 4, 5, 6, 10, 11, 12, 13, 15, 16, 17, 21, 24, 27, 29, 
              32, 36, 37, 39, 40, 42, 43, 49, 59, 60, 61, 62, 72, 77, 78, 84 
             ] ), rec(
          DistVect := [ 0, 1, 1, 1, 1, 1, 2, 1, 1, 2, 1, 2, 1, 1, 1, 2, 2, 
              2, 2, 2, 1, 2, 2, 1, 1, 1, 2, 1, 1 ],
          eAdj := [ 1, 3, 4, 5, 6, 10, 11, 12, 13, 15, 17, 21, 24, 36, 37, 
              39, 40, 41, 42, 43, 49, 50, 59, 60, 61, 65, 69, 77, 78, 83, 84 
             ] ), rec(
          DistVect := [ 0, 1, 1, 1, 1, 1, 2, 1, 1, 1, 1, 2, 2, 2, 1, 2, 2, 
              2, 2, 2, 2, 2, 2, 1, 1, 1, 1, 1, 1 ],
          eAdj := [ 2, 3, 4, 5, 6, 7, 9, 10, 11, 12, 13, 16, 17, 21, 26, 27, 
              29, 30, 31, 32, 39, 42, 46, 48, 49, 54, 57, 62, 67, 72 ] ), 
      rec(
          DistVect := [ 0, 1, 1, 1, 1, 2, 3, 1, 1, 1, 1, 2, 2, 2, 1, 2, 2, 
              2, 2, 2, 2, 2, 2, 2, 2, 1, 1, 1, 2 ],
          eAdj := [ 2, 3, 5, 6, 7, 8, 9, 11, 13, 17, 18, 21, 23, 27, 29, 30, 
              31, 32, 34, 38, 44, 46, 47, 48, 49, 55, 56, 57, 67, 76 ] ), 
      rec(
          DistVect := [ 0, 1, 1, 1, 1, 1, 2, 1, 1, 1, 1, 1, 2, 2, 1, 2, 1, 
              2, 2, 2, 1, 2, 2, 2, 1, 1, 2, 1, 1 ],
          eAdj := [ 1, 2, 3, 5, 6, 7, 8, 9, 11, 13, 15, 16, 17, 20, 21, 25, 
              29, 30, 34, 38, 39, 42, 44, 46, 49, 54, 62, 65, 67, 72 ] ), 
      rec(
          DistVect := [ 0, 1, 2, 1, 1, 0, 1, 1, 2, 1, 1, 1, 1, 2, 2, 2, 2, 
              2, 1, 2, 1, 1, 2, 1, 1, 1, 1, 1, 2 ],
          eAdj := [ 2, 3, 4, 7, 9, 10, 13, 15, 18, 19, 25, 26, 27, 28, 31, 
              35, 38, 44, 47, 53, 56, 58, 63, 66, 75, 76, 81, 82, 87 ] ), 
      rec(
          DistVect := [ 0, 2, 1, 2, 1, 1, 2, 0, 2, 1, 1, 1, 1, 2, 2, 2, 2, 
              2, 1, 2, 1, 1, 2, 1, 1, 1, 1, 1, 2 ],
          eAdj := [ 2, 3, 5, 6, 7, 9, 10, 15, 17, 18, 19, 21, 23, 25, 27, 
              30, 32, 38, 39, 40, 44, 46, 49, 54, 55, 57, 67, 72, 76 ] ), 
      rec(
          DistVect := [ 0, 1, 1, 1, 2, 1, 3, 2, 1, 1, 1, 2, 2, 2, 1, 2, 2, 
              2, 2, 2, 2, 2, 2, 2, 1, 1, 2, 1, 1 ],
          eAdj := [ 1, 4, 6, 7, 8, 9, 10, 11, 16, 21, 26, 27, 28, 29, 30, 
              31, 32, 33, 34, 35, 38, 47, 48, 55, 56, 57, 58, 66, 76, 82 ] ),
      rec(
          DistVect := [ 0, 1, 2, 2, 1, 1, 2, 0, 2, 2, 1, 2, 2, 1, 1, 2, 1, 
              1, 2, 2, 1, 1, 2, 1, 1, 1, 1, 1, 2 ],
          eAdj := [ 2, 3, 4, 5, 6, 12, 15, 16, 18, 20, 21, 23, 24, 27, 36, 
              39, 40, 42, 43, 45, 59, 60, 65, 70, 77, 78, 83, 84, 88 ] ), 
      rec(
          DistVect := [ 0, 2, 1, 1, 1, 0, 1, 1, 2, 2, 1, 2, 2, 1, 1, 2, 1, 
              1, 2, 2, 1, 1, 2, 1, 1, 1, 1, 1, 2 ],
          eAdj := [ 3, 4, 5, 10, 12, 13, 15, 16, 17, 18, 20, 24, 26, 27, 28, 
              29, 30, 31, 32, 36, 43, 47, 48, 54, 61, 62, 67, 72, 77 ] ), 
      rec(
          DistVect := [ 0, 1, 1, 1, 1, 1, 2, 1, 1, 1, 1, 1, 2, 2, 1, 2, 2, 
              2, 2, 2, 2, 2, 2, 0, 1, 1, 1, 1, 1 ],
          eAdj := [ 2, 3, 5, 6, 7, 9, 10, 11, 12, 13, 16, 17, 21, 22, 25, 
              26, 27, 29, 30, 39, 40, 41, 42, 45, 46, 49, 54, 57, 62, 72, 77 
             ] ), rec(
          DistVect := [ 0, 1, 1, 1, 1, 1, 2, 1, 1, 1, 1, 2, 2, 2, 1, 2, 1, 
              1, 2, 2, 1, 1, 2, 2, 2, 1, 1, 1, 2 ],
          eAdj := [ 2, 3, 4, 5, 7, 8, 9, 11, 13, 15, 17, 18, 20, 27, 29, 30, 
              31, 32, 44, 46, 47, 48, 49, 54, 55, 56, 57, 61, 62, 67, 76 ] ),
      rec(
          DistVect := [ 0, 1, 1, 1, 1, 1, 2, 1, 1, 1, 1, 2, 2, 2, 1, 2, 1, 
              2, 2, 2, 1, 2, 2, 2, 1, 1, 2, 1, 1 ],
          eAdj := [ 1, 2, 3, 4, 5, 6, 7, 8, 9, 11, 13, 15, 16, 17, 20, 21, 
              29, 30, 39, 42, 46, 49, 54, 59, 60, 61, 62, 65, 72, 77, 78 ] ),
      rec(
          DistVect := [ 0, 1, 1, 1, 1, 0, 1, 1, 1, 1, 1, 1, 1, 2, 1, 2, 1, 
              1, 2, 2, 1, 1, 2, 1, 1, 1, 1, 1, 2 ],
          eAdj := [ 2, 3, 4, 5, 7, 9, 10, 11, 13, 15, 17, 18, 20, 25, 26, 
              27, 28, 31, 32, 44, 46, 47, 48, 54, 55, 56, 57, 67, 76, 82 ] ),
      rec(
          DistVect := [ 0, 1, 2, 1, 1, 0, 2, 1, 2, 1, 1, 1, 2, 2, 2, 2, 2, 
              1, 1, 2, 1, 2, 2, 1, 1, 1, 2, 1, 1 ],
          eAdj := [ 1, 2, 3, 4, 6, 7, 9, 10, 13, 15, 16, 19, 21, 25, 26, 27, 
              28, 30, 32, 35, 38, 39, 48, 54, 55, 57, 58, 67, 76, 82 ] ), 
      rec(
          DistVect := [ 0, 1, 1, 1, 1, 1, 2, 1, 1, 1, 1, 2, 2, 2, 2, 1, 2, 
              2, 1, 2, 1, 1, 2, 2, 2, 1, 1, 1, 2 ],
          eAdj := [ 2, 3, 4, 7, 8, 9, 10, 13, 15, 18, 19, 27, 30, 31, 35, 
              38, 44, 46, 47, 48, 53, 55, 56, 57, 58, 63, 66, 75, 76, 81, 82 
             ] ), rec(
          DistVect := [ 0, 1, 1, 1, 1, 1, 2, 1, 1, 1, 1, 2, 2, 2, 2, 1, 2, 
              1, 1, 2, 1, 2, 2, 2, 1, 1, 2, 1, 1 ],
          eAdj := [ 1, 2, 3, 4, 6, 7, 8, 9, 10, 13, 15, 16, 19, 21, 29, 30, 
              32, 35, 38, 39, 46, 48, 49, 54, 55, 57, 58, 60, 62, 67, 76 ] ),
      rec(
          DistVect := [ 0, 1, 1, 1, 1, 1, 2, 1, 1, 1, 1, 2, 2, 2, 1, 1, 1, 
              1, 2, 1, 1, 1, 2, 1, 1, 2, 1, 1, 2 ],
          eAdj := [ 2, 3, 4, 5, 12, 15, 16, 18, 20, 21, 22, 27, 29, 30, 36, 
              39, 40, 42, 43, 45, 49, 59, 60, 61, 62, 65, 70, 77, 78, 83, 84 
             ] ), rec(
          DistVect := [ 0, 1, 1, 1, 1, 1, 2, 1, 1, 1, 1, 2, 2, 2, 1, 1, 1, 
              2, 2, 1, 1, 2, 2, 1, 2, 2, 2, 1, 1 ],
          eAdj := [ 1, 2, 3, 4, 5, 6, 12, 15, 20, 22, 36, 37, 40, 41, 43, 
              45, 50, 52, 59, 60, 61, 65, 68, 69, 70, 73, 78, 80, 83, 86, 88 
             ] ), rec(
          DistVect := [ 0, 1, 1, 1, 1, 1, 2, 1, 1, 1, 0, 1, 1, 2, 1, 1, 1, 
              1, 2, 1, 1, 1, 2, 1, 1, 2, 1, 1, 2 ],
          eAdj := [ 2, 3, 5, 7, 9, 11, 12, 15, 16, 18, 20, 21, 22, 25, 27, 
              29, 30, 36, 39, 40, 42, 43, 44, 45, 49, 61, 62, 65, 72, 77, 84 
             ] ), rec(
          DistVect := [ 0, 1, 1, 1, 1, 1, 2, 1, 1, 1, 0, 1, 2, 2, 1, 1, 1, 
              2, 2, 1, 1, 2, 2, 1, 2, 2, 2, 1, 1 ],
          eAdj := [ 1, 2, 3, 5, 6, 7, 9, 11, 12, 15, 16, 20, 22, 25, 36, 37, 
              40, 41, 43, 45, 50, 52, 59, 60, 61, 65, 73, 78, 83, 84, 88 ] ),
      rec(
          DistVect := [ 0, 1, 1, 1, 1, 1, 2, 1, 2, 2, 0, 2, 2, 1, 1, 2, 1, 
              1, 2, 2, 1, 1, 2, 2, 2, 1, 1, 1, 2 ],
          eAdj := [ 3, 4, 5, 7, 8, 9, 11, 12, 13, 15, 16, 17, 18, 20, 24, 
              27, 29, 30, 31, 32, 36, 43, 44, 47, 48, 49, 54, 61, 62, 67, 72 
             ] ), rec(
          DistVect := [ 0, 1, 1, 1, 1, 1, 2, 1, 2, 2, 0, 2, 1, 1, 1, 2, 1, 
              2, 2, 2, 1, 2, 2, 2, 1, 1, 2, 1, 1 ],
          eAdj := [ 1, 3, 4, 5, 6, 7, 8, 9, 11, 12, 13, 15, 16, 17, 20, 21, 
              24, 36, 37, 39, 42, 43, 49, 59, 60, 61, 65, 72, 77, 78, 84 ] ),
      rec(
          DistVect := [ 0, 2, 1, 1, 1, 0, 2, 1, 2, 2, 1, 2, 1, 1, 1, 2, 1, 
              2, 2, 2, 1, 2, 2, 1, 1, 1, 2, 1, 1 ],
          eAdj := [ 1, 3, 4, 5, 6, 10, 12, 13, 15, 17, 20, 21, 24, 26, 27, 
              28, 36, 37, 39, 42, 43, 49, 59, 60, 61, 72, 77, 78, 83, 84 ] ),
      rec(
          DistVect := [ 0, 1, 1, 1, 1, 1, 2, 1, 2, 1, 0, 1, 1, 2, 2, 2, 2, 
              2, 1, 1, 1, 1, 2, 1, 1, 2, 1, 1, 2 ],
          eAdj := [ 2, 3, 7, 9, 10, 11, 12, 15, 16, 17, 18, 19, 21, 22, 25, 
              27, 30, 32, 36, 38, 39, 40, 44, 46, 48, 49, 54, 55, 57, 67, 72 
             ] ), rec(
          DistVect := [ 0, 1, 1, 1, 1, 1, 2, 1, 1, 1, 1, 2, 2, 2, 1, 2, 2, 
              2, 2, 2, 2, 2, 2, 1, 1, 1, 1, 1, 2 ],
          eAdj := [ 2, 3, 4, 5, 7, 9, 10, 11, 12, 13, 16, 17, 18, 21, 26, 
              27, 29, 30, 31, 32, 44, 46, 47, 48, 54, 55, 56, 57, 67, 76 ] ),
      rec(
          DistVect := [ 0, 1, 1, 1, 1, 1, 2, 1, 2, 1, 0, 1, 2, 2, 2, 2, 2, 
              1, 1, 1, 1, 2, 2, 1, 2, 2, 2, 1, 1 ],
          eAdj := [ 1, 2, 3, 6, 7, 9, 10, 11, 12, 15, 16, 17, 19, 22, 25, 
              29, 36, 37, 38, 40, 41, 42, 46, 49, 50, 60, 62, 65, 72, 77, 84 
             ] ), rec(
          DistVect := [ 0, 1, 1, 1, 1, 0, 2, 1, 1, 1, 1, 1, 2, 2, 1, 2, 1, 
              2, 2, 2, 1, 2, 2, 1, 1, 1, 2, 1, 1 ],
          eAdj := [ 1, 2, 3, 4, 5, 6, 7, 9, 10, 11, 13, 15, 16, 17, 20, 21, 
              25, 26, 27, 28, 29, 30, 39, 42, 46, 49, 54, 62, 67, 72, 77 ] ),
      rec(
          DistVect := [ 0, 0, 0, 1, 1, 1, 0, 0, 0, 1, 1, 1, 0, 0, 1, 1, 1, 
              0, 0, 0, 0, 1, 1, 0, 1, 1, 1, 1, 0 ],
          eAdj := [ 1, 2, 3, 4, 5, 6, 10, 11, 12, 15, 17, 19, 22, 23, 24, 
              36, 37, 40, 41, 42, 43, 45, 50, 52, 59, 61, 65, 68, 69, 70, 
              73, 78, 80, 83, 86, 88, 90 ] ), rec(
          DistVect := [ 0, 1, 1, 1, 1, 1, 0, 0, 0, 0, 0, 0, 1, 1, 0, 0, 0, 
              1, 1, 0, 0, 1, 1, 0, 1, 1, 1, 1, 0 ],
          eAdj := [ 1, 2, 3, 5, 6, 7, 9, 11, 12, 15, 16, 20, 22, 23, 25, 36, 
              37, 40, 41, 43, 45, 50, 52, 59, 60, 61, 68, 69, 70, 73, 78, 
              80, 83, 86, 88, 90 ] ), rec(
          DistVect := [ 0, 1, 1, 1, 0, 1, 1, 0, 0, 0, 1, 0, 0, 1, 0, 1, 0, 
              0, 1, 1, 0, 0, 1, 1, 1, 0, 0, 1, 1 ],
          eAdj := [ 2, 3, 5, 6, 7, 8, 9, 11, 13, 15, 17, 18, 20, 21, 23, 25, 
              27, 29, 30, 31, 32, 34, 38, 39, 40, 42, 44, 45, 46, 47, 49, 
              54, 55, 56, 57, 61, 62, 65, 67, 72, 76 ] ), rec(
          DistVect := [ 0, 1, 1, 1, 0, 1, 0, 0, 0, 0, 1, 0, 1, 1, 0, 1, 0, 
              1, 1, 1, 0, 1, 1, 1, 0, 0, 1, 1, 0 ],
          eAdj := [ 1, 2, 3, 5, 6, 7, 8, 9, 11, 13, 15, 16, 17, 20, 21, 23, 
              25, 29, 30, 34, 38, 39, 40, 41, 42, 44, 45, 46, 50, 52, 54, 
              59, 60, 61, 62, 65, 72, 73, 77, 78, 84 ] ), rec(
          DistVect := [ 0, 1, 1, 0, 0, 0, 0, 1, 0, 1, 1, 1, 1, 0, 1, 1, 1, 
              1, 0, 0, 0, 0, 1, 0, 0, 1, 0, 1, 1 ],
          eAdj := [ 3, 4, 10, 11, 12, 13, 15, 16, 17, 18, 19, 21, 22, 24, 
              26, 27, 28, 29, 30, 31, 32, 35, 36, 37, 39, 40, 43, 46, 47, 
              48, 53, 54, 55, 57, 60, 61, 62, 66, 67, 72, 77 ] ), rec(
          DistVect := [ 0, 1, 1, 0, 0, 0, 1, 1, 0, 1, 1, 1, 0, 0, 1, 1, 1, 
              0, 0, 0, 0, 1, 1, 0, 1, 1, 1, 1, 0 ],
          eAdj := [ 1, 3, 4, 6, 10, 11, 12, 13, 15, 17, 19, 21, 22, 24, 26, 
              27, 28, 29, 32, 35, 36, 37, 39, 40, 41, 42, 43, 46, 48, 49, 
              50, 59, 60, 61, 62, 69, 72, 77, 78, 83, 84 ] ), rec(
          DistVect := [ 0, 0, 0, 0, 1, 0, 0, 1, 0, 0, 1, 0, 0, 1, 0, 1, 0, 
              0, 1, 1, 0, 0, 1, 1, 1, 0, 0, 1, 1 ],
          eAdj := [ 2, 3, 4, 5, 7, 8, 9, 10, 11, 13, 15, 17, 18, 20, 25, 26, 
              27, 28, 31, 32, 33, 34, 35, 38, 44, 46, 47, 48, 51, 53, 55, 
              56, 57, 58, 63, 64, 66, 75, 76, 81, 82, 87 ] ), rec(
          DistVect := [ 0, 0, 1, 1, 1, 1, 1, 0, 1, 1, 1, 1, 1, 0, 0, 0, 0, 
              0, 1, 0, 0, 0, 1, 0, 0, 1, 0, 1, 1 ],
          eAdj := [ 2, 3, 4, 5, 6, 12, 15, 16, 18, 20, 21, 22, 23, 24, 27, 
              36, 37, 39, 40, 41, 42, 43, 45, 50, 52, 59, 60, 65, 68, 69, 
              70, 73, 78, 80, 83, 86, 88, 90 ] ), rec(
          DistVect := [ 0, 1, 0, 0, 0, 0, 0, 1, 1, 1, 1, 1, 1, 0, 0, 0, 0, 
              0, 1, 0, 0, 0, 1, 0, 0, 1, 0, 1, 1 ],
          eAdj := [ 3, 4, 5, 10, 12, 13, 15, 16, 17, 18, 20, 21, 22, 24, 26, 
              27, 28, 29, 30, 31, 32, 36, 37, 39, 40, 42, 43, 45, 47, 48, 
              49, 59, 60, 61, 62, 70, 72, 77, 78, 83, 84 ] ), rec(
          DistVect := [ 0, 1, 0, 0, 0, 0, 1, 1, 1, 1, 1, 1, 0, 0, 0, 0, 0, 
              1, 1, 0, 0, 1, 1, 0, 1, 1, 1, 1, 0 ],
          eAdj := [ 1, 3, 4, 5, 6, 10, 12, 13, 15, 17, 20, 21, 22, 24, 26, 
              27, 28, 36, 37, 39, 40, 41, 42, 43, 45, 49, 50, 52, 59, 60, 
              61, 65, 68, 69, 70, 78, 80, 83, 84, 86, 88 ] ), rec(
          DistVect := [ 0, 1, 0, 1, 1, 1, 0, 0, 1, 0, 0, 0, 1, 1, 1, 1, 1, 
              0, 0, 0, 0, 1, 1, 0, 1, 1, 1, 1, 0 ],
          eAdj := [ 1, 2, 3, 5, 6, 7, 9, 10, 11, 12, 15, 16, 17, 19, 22, 23, 
              25, 29, 36, 37, 38, 40, 41, 42, 45, 46, 50, 52, 59, 60, 61, 
              62, 65, 69, 73, 77, 78, 83, 84, 88 ] ), rec(
          DistVect := [ 0, 1, 1, 1, 1, 1, 1, 0, 0, 0, 0, 0, 0, 1, 0, 0, 0, 
              0, 1, 0, 0, 0, 1, 0, 0, 1, 0, 1, 1 ],
          eAdj := [ 2, 3, 5, 6, 7, 9, 11, 12, 15, 16, 18, 20, 21, 22, 23, 
              25, 27, 29, 30, 36, 39, 40, 41, 42, 43, 44, 45, 50, 52, 59, 
              60, 61, 62, 65, 70, 73, 77, 78, 83, 84, 88 ] ), rec(
          DistVect := [ 0, 0, 1, 1, 0, 1, 0, 0, 1, 1, 0, 1, 0, 0, 0, 1, 0, 
              1, 1, 1, 0, 1, 1, 1, 0, 0, 1, 1, 0 ],
          eAdj := [ 1, 2, 3, 4, 5, 6, 7, 8, 9, 11, 12, 13, 15, 16, 17, 20, 
              21, 23, 24, 36, 37, 39, 40, 41, 42, 43, 45, 50, 52, 59, 60, 
              61, 65, 68, 69, 70, 73, 77, 78, 80, 83, 84, 88 ] ), rec(
          DistVect := [ 0, 0, 0, 1, 1, 1, 1, 0, 0, 1, 1, 1, 1, 0, 1, 1, 1, 
              1, 0, 0, 0, 0, 1, 0, 0, 1, 0, 1, 1 ],
          eAdj := [ 2, 3, 4, 5, 6, 10, 11, 12, 15, 16, 17, 18, 19, 21, 22, 
              23, 24, 27, 29, 32, 36, 37, 39, 40, 41, 42, 43, 45, 49, 50, 
              59, 60, 61, 62, 65, 69, 70, 77, 78, 83, 84, 88 ] ), rec(
          DistVect := [ 0, 1, 0, 0, 1, 0, 0, 1, 1, 1, 0, 1, 1, 0, 0, 1, 0, 
              0, 1, 1, 0, 0, 1, 1, 1, 0, 0, 1, 1 ],
          eAdj := [ 3, 4, 5, 7, 8, 9, 10, 11, 12, 13, 15, 16, 17, 18, 20, 
              24, 26, 27, 28, 29, 30, 31, 32, 33, 35, 36, 43, 44, 46, 47, 
              48, 51, 53, 54, 55, 56, 57, 61, 62, 66, 67, 76, 82 ] ), rec(
          DistVect := [ 0, 0, 1, 1, 0, 1, 1, 0, 1, 1, 0, 1, 1, 0, 0, 1, 0, 
              0, 1, 1, 0, 0, 1, 1, 1, 0, 0, 1, 1 ],
          eAdj := [ 2, 3, 4, 5, 6, 7, 8, 9, 11, 12, 13, 15, 16, 17, 18, 20, 
              21, 23, 24, 27, 29, 30, 31, 32, 36, 39, 40, 42, 43, 44, 45, 
              47, 49, 54, 59, 60, 61, 62, 65, 70, 72, 77, 78, 84 ] ), rec(
          DistVect := [ 0, 0, 1, 0, 0, 0, 0, 1, 1, 0, 0, 0, 0, 1, 1, 1, 1, 
              1, 0, 0, 0, 0, 1, 0, 0, 1, 0, 1, 1 ],
          eAdj := [ 2, 3, 4, 7, 9, 10, 11, 12, 13, 15, 16, 17, 18, 19, 21, 
              22, 25, 26, 27, 28, 30, 31, 32, 35, 36, 38, 39, 40, 44, 46, 
              47, 48, 53, 54, 55, 56, 57, 58, 63, 66, 67, 75, 76, 82 ] ), 
      rec(
          DistVect := [ 0, 1, 0, 1, 1, 1, 1, 0, 1, 0, 0, 0, 0, 1, 1, 1, 1, 
              1, 0, 0, 0, 0, 1, 0, 0, 1, 0, 1, 1 ],
          eAdj := [ 2, 3, 5, 6, 7, 9, 10, 11, 12, 15, 16, 17, 18, 19, 21, 
              22, 23, 25, 27, 29, 30, 32, 36, 38, 39, 40, 41, 42, 44, 45, 
              46, 49, 50, 54, 55, 57, 60, 61, 62, 65, 72, 77, 84 ] ), rec(
          DistVect := [ 0, 0, 0, 0, 1, 0, 1, 1, 0, 0, 1, 0, 1, 1, 0, 1, 0, 
              1, 1, 1, 0, 1, 1, 1, 0, 0, 1, 1, 0 ],
          eAdj := [ 1, 2, 3, 4, 5, 6, 7, 8, 9, 10, 11, 13, 15, 16, 17, 20, 
              21, 25, 26, 27, 28, 29, 30, 31, 32, 33, 34, 35, 38, 39, 42, 
              44, 46, 47, 48, 49, 54, 55, 56, 57, 58, 62, 67, 76, 82 ] ), 
      rec(
          DistVect := [ 0, 0, 0, 0, 0, 0, 0, 1, 0, 0, 0, 0, 0, 1, 0, 0, 0, 
              0, 1, 0, 0, 0, 1, 0, 0, 1, 0, 1, 1 ],
          eAdj := [ 2, 3, 4, 5, 7, 9, 10, 11, 12, 13, 15, 16, 17, 18, 20, 
              21, 22, 25, 26, 27, 28, 29, 30, 31, 32, 36, 39, 40, 42, 43, 
              44, 45, 46, 47, 48, 49, 54, 55, 56, 57, 61, 62, 67, 72, 77 ] ),
      rec(
          DistVect := [ 0, 0, 1, 0, 0, 0, 1, 1, 1, 0, 0, 0, 1, 1, 1, 1, 1, 
              0, 0, 0, 0, 1, 1, 0, 1, 1, 1, 1, 0 ],
          eAdj := [ 1, 2, 3, 4, 6, 7, 9, 10, 11, 12, 13, 15, 16, 17, 19, 21, 
              22, 25, 26, 27, 28, 29, 30, 32, 35, 36, 37, 38, 39, 40, 41, 
              42, 46, 48, 49, 50, 54, 55, 57, 58, 60, 62, 67, 72, 77 ] ), 
      rec(
          DistVect := [ 0, 1, 0, 0, 1, 0, 1, 1, 1, 1, 0, 1, 0, 0, 0, 1, 0, 
              1, 1, 1, 0, 1, 1, 1, 0, 0, 1, 1, 0 ],
          eAdj := [ 1, 3, 4, 5, 6, 7, 8, 9, 10, 11, 12, 13, 15, 16, 17, 20, 
              21, 24, 26, 27, 28, 29, 30, 31, 32, 33, 35, 36, 37, 39, 42, 
              43, 46, 47, 48, 49, 54, 59, 60, 61, 62, 67, 72, 77, 78 ] ), 
      rec(
          DistVect := [ 0, 0, 0, 0, 0, 0, 1, 1, 0, 0, 0, 0, 1, 1, 0, 0, 0, 
              1, 1, 0, 0, 1, 1, 0, 1, 1, 1, 1, 0 ],
          eAdj := [ 1, 2, 3, 4, 5, 6, 7, 9, 10, 11, 12, 13, 15, 16, 17, 20, 
              21, 22, 25, 26, 27, 28, 29, 30, 36, 37, 39, 40, 41, 42, 43, 
              45, 46, 49, 50, 52, 59, 60, 61, 62, 65, 72, 77, 78, 83, 84 ] ),
      rec(
          DistVect := [ 0, 0, 0, 0, 1, 1, 1, 1, 0, 0, 1, 1, 1, 1, 0, 1, 1, 
              1, 1, 1, 1, 1, 1, 0, 0, 0, 0, 0, 0 ],
          eAdj := [ 1, 2, 3, 4, 5, 6, 7, 8, 9, 10, 11, 12, 13, 14, 15, 16, 
              17, 18, 19, 20, 21, 22, 23, 24, 25, 26, 27, 28, 29, 30, 31, 
              32, 33, 34, 35, 36, 37, 38, 39, 40, 41, 42, 43, 44, 45, 46, 
              47, 48, 49, 50, 51, 52, 53, 54, 55, 56, 57, 58, 59, 60, 61, 
              62, 63, 64, 65, 66, 68, 69, 70, 71, 73, 74, 75, 76, 77, 78, 
              79, 80, 81, 83, 85, 86 ] ), rec(
          DistVect := [ 0, 0, 0, 0, 0, 1, 1, 1, 0, 0, 0, 1, 1, 1, 0, 0, 1, 
              1, 1, 0, 1, 1, 1, 1, 1, 1, 0, 0, 0 ],
          eAdj := [ 1, 2, 3, 4, 5, 6, 7, 8, 9, 10, 11, 12, 13, 14, 15, 16, 
              17, 18, 19, 20, 21, 22, 23, 24, 25, 26, 27, 28, 29, 30, 31, 
              32, 33, 34, 35, 36, 37, 38, 39, 40, 41, 42, 43, 44, 45, 46, 
              47, 48, 49, 50, 51, 52, 53, 55, 56, 57, 58, 59, 60, 61, 62, 
              63, 64, 65, 66, 67, 68, 69, 70, 71, 72, 73, 74, 75, 78, 79, 
              80, 82, 84, 87, 88, 89, 90 ] ), rec(
          DistVect := [ 0, 1, 1, 1, 0, 0, 0, 0, 0, 0, 1, 1, 1, 1, 0, 1, 1, 
              1, 1, 1, 1, 1, 1, 0, 0, 0, 0, 0, 0 ],
          eAdj := [ 1, 2, 3, 4, 5, 6, 7, 8, 9, 10, 11, 12, 13, 14, 15, 16, 
              17, 18, 19, 20, 21, 22, 23, 24, 25, 26, 27, 28, 29, 30, 31, 
              32, 33, 34, 35, 36, 37, 38, 39, 40, 41, 42, 43, 44, 45, 46, 
              47, 50, 51, 52, 53, 54, 55, 56, 57, 58, 59, 60, 61, 62, 63, 
              64, 67, 68, 69, 70, 71, 72, 75, 76, 77, 78, 79, 80, 81, 82, 
              83, 84, 85, 86, 87, 88, 89, 90 ] ), rec(
          DistVect := [ 0, 1, 0, 0, 1, 0, 1, 0, 1, 1, 0, 1, 0, 1, 0, 1, 0, 
              1, 0, 1, 0, 1, 0, 1, 0, 1, 1, 0, 1 ],
          eAdj := [ 1, 2, 3, 4, 5, 6, 7, 8, 9, 10, 11, 12, 13, 14, 15, 16, 
              17, 18, 19, 20, 21, 22, 23, 24, 25, 26, 27, 28, 29, 30, 31, 
              32, 33, 34, 35, 36, 37, 38, 39, 40, 41, 42, 43, 44, 45, 46, 
              47, 48, 49, 50, 51, 52, 53, 54, 55, 56, 58, 59, 60, 61, 63, 
              64, 65, 66, 67, 68, 69, 70, 71, 72, 73, 74, 76, 77, 81, 82, 
              83, 84, 85, 86, 87, 88, 89, 90 ] ), rec(
          DistVect := [ 0, 0, 0, 1, 0, 0, 0, 0, 0, 1, 0, 0, 0, 0, 1, 0, 0, 
              0, 0, 1, 1, 1, 1, 0, 0, 0, 0, 0, 0 ],
          eAdj := [ 1, 2, 3, 4, 5, 6, 7, 8, 9, 10, 11, 12, 13, 14, 15, 16, 
              17, 18, 19, 20, 21, 22, 23, 24, 25, 26, 27, 28, 29, 31, 32, 
              33, 34, 35, 36, 37, 38, 39, 40, 41, 42, 43, 44, 45, 46, 47, 
              48, 49, 50, 51, 52, 53, 54, 55, 57, 58, 59, 61, 62, 63, 65, 
              66, 67, 68, 70, 71, 72, 73, 74, 75, 76, 77, 78, 79, 80, 81, 
              82, 83, 84, 85, 86, 87, 88, 89, 90 ] ), rec(
          DistVect := [ 0, 4, 4, 4, 7, 4, 8, 7, 4, 4, 5, 8, 8, 9, 4, 7, 8, 
              8, 7, 7, 8, 8, 7, 7, 5, 4, 4, 3, 5 ],
          eAdj := [ 4, 8, 9, 10, 26, 27, 28, 33, 34, 35, 38, 44, 47, 51, 53, 
              55, 56, 58, 63, 64, 66, 71, 74, 75, 81, 87 ] ), rec(
          DistVect := [ 0, 1, 1, 1, 2, 1, 2, 2, 1, 1, 2, 2, 2, 3, 1, 2, 2, 
              2, 2, 2, 2, 2, 2, 2, 1, 1, 1, 1, 1 ],
          eAdj := [ 2, 4, 8, 9, 10, 25, 26, 27, 28, 31, 32, 33, 34, 35, 38, 
              44, 47, 51, 53, 55, 56, 58, 63, 64, 66, 71, 75, 81, 87 ] ), 
      rec(
          DistVect := [ 0, 4, 4, 4, 5, 4, 8, 5, 4, 4, 3, 8, 8, 7, 4, 5, 8, 
              8, 5, 5, 8, 8, 5, 7, 5, 4, 4, 3, 5 ],
          eAdj := [ 4, 8, 9, 10, 14, 16, 19, 26, 27, 33, 34, 35, 38, 44, 47, 
              51, 53, 55, 56, 58, 66, 71, 74, 75, 81, 87 ] ), rec(
          DistVect := [ 0, 4, 4, 4, 4, 5, 8, 4, 4, 4, 4, 7, 8, 8, 4, 8, 5, 
              8, 8, 8, 5, 8, 8, 7, 4, 4, 5, 3, 4 ],
          eAdj := [ 2, 3, 5, 6, 7, 8, 9, 11, 13, 15, 16, 17, 20, 21, 29, 30, 
              39, 42, 44, 46, 49, 54, 61, 62, 65, 72 ] ), rec(
          DistVect := [ 0, 4, 4, 4, 4, 3, 8, 4, 4, 4, 4, 7, 8, 8, 4, 8, 5, 
              8, 8, 8, 5, 8, 8, 5, 4, 4, 5, 3, 4 ],
          eAdj := [ 2, 3, 4, 5, 6, 7, 9, 11, 13, 15, 16, 17, 20, 21, 27, 29, 
              30, 39, 42, 46, 49, 54, 61, 62, 72, 77 ] ), rec(
          DistVect := [ 0, 4, 4, 4, 4, 7, 8, 4, 4, 4, 4, 9, 8, 8, 4, 8, 7, 
              8, 8, 8, 7, 8, 8, 7, 4, 4, 5, 3, 4 ],
          eAdj := [ 2, 3, 5, 6, 7, 8, 9, 11, 13, 16, 17, 21, 23, 29, 30, 39, 
              42, 46, 49, 54, 59, 60, 61, 62, 65, 72 ] ), rec(
          DistVect := [ 0, 1, 1, 1, 1, 2, 2, 1, 1, 1, 1, 3, 2, 2, 1, 2, 2, 
              2, 2, 2, 2, 2, 2, 2, 1, 1, 1, 1, 1 ],
          eAdj := [ 2, 3, 4, 5, 6, 7, 8, 9, 11, 12, 13, 16, 17, 21, 23, 24, 
              29, 30, 31, 32, 39, 42, 46, 49, 54, 59, 60, 61, 62, 72 ] ), 
      rec(
          DistVect := [ 0, 4, 3, 4, 4, 5, 8, 4, 5, 4, 4, 7, 8, 8, 7, 5, 8, 
              7, 5, 8, 5, 8, 8, 7, 4, 4, 5, 3, 4 ],
          eAdj := [ 2, 3, 6, 7, 8, 9, 10, 13, 15, 16, 19, 21, 30, 32, 35, 
              38, 39, 44, 46, 48, 49, 55, 57, 58, 67, 76 ] ), rec(
          DistVect := [ 0, 4, 5, 4, 4, 3, 8, 4, 5, 4, 4, 7, 8, 8, 7, 7, 8, 
              7, 5, 8, 5, 8, 8, 5, 4, 4, 5, 3, 4 ],
          eAdj := [ 2, 3, 4, 6, 7, 9, 10, 13, 15, 16, 19, 21, 27, 30, 32, 
              35, 38, 39, 46, 48, 54, 55, 57, 58, 67, 76 ] ), rec(
          DistVect := [ 0, 4, 3, 3, 4, 4, 8, 5, 5, 5, 4, 8, 8, 7, 4, 5, 5, 
              7, 8, 5, 5, 7, 8, 4, 4, 7, 4, 3, 5 ],
          eAdj := [ 3, 4, 5, 12, 15, 16, 20, 21, 22, 27, 36, 37, 39, 40, 42, 
              43, 45, 49, 59, 60, 61, 65, 70, 78, 83, 84 ] ), rec(
          DistVect := [ 0, 4, 5, 5, 4, 4, 8, 3, 5, 5, 4, 8, 8, 7, 4, 7, 5, 
              7, 8, 7, 5, 7, 8, 4, 4, 5, 4, 3, 5 ],
          eAdj := [ 2, 3, 4, 5, 6, 12, 15, 16, 20, 21, 27, 36, 39, 40, 42, 
              43, 45, 59, 60, 61, 65, 70, 77, 78, 83, 84 ] ), rec(
          DistVect := [ 0, 4, 4, 4, 4, 5, 8, 4, 4, 4, 4, 9, 8, 8, 4, 8, 7, 
              8, 8, 8, 7, 8, 8, 5, 4, 4, 5, 3, 4 ],
          eAdj := [ 2, 3, 4, 5, 6, 7, 9, 11, 12, 13, 16, 17, 21, 29, 30, 39, 
              42, 46, 49, 54, 59, 60, 61, 62, 72, 77 ] ), rec(
          DistVect := [ 0, 5, 3, 3, 4, 4, 9, 7, 4, 4, 5, 9, 8, 8, 4, 7, 7, 
              8, 8, 7, 7, 8, 8, 4, 5, 7, 5, 3, 4 ],
          eAdj := [ 4, 10, 12, 13, 17, 21, 22, 26, 27, 28, 29, 30, 36, 37, 
              39, 42, 43, 46, 48, 49, 59, 60, 61, 62, 72, 77 ] ), rec(
          DistVect := [ 0, 2, 1, 1, 1, 1, 2, 2, 1, 1, 2, 3, 2, 2, 1, 2, 2, 
              2, 2, 2, 2, 2, 2, 1, 1, 2, 1, 1, 1 ],
          eAdj := [ 4, 10, 12, 13, 17, 21, 22, 24, 26, 27, 28, 29, 30, 31, 
              32, 36, 37, 39, 42, 43, 46, 48, 59, 60, 61, 62, 72, 77 ] ), 
      rec(
          DistVect := [ 0, 4, 3, 3, 5, 4, 8, 5, 5, 5, 3, 8, 8, 7, 4, 8, 5, 
              7, 8, 8, 5, 7, 8, 7, 5, 4, 4, 3, 5 ],
          eAdj := [ 3, 4, 5, 7, 8, 9, 11, 13, 15, 16, 17, 20, 27, 29, 30, 
              31, 32, 44, 46, 47, 48, 49, 54, 61, 62, 67 ] ), rec(
          DistVect := [ 0, 4, 3, 4, 5, 4, 8, 5, 5, 4, 3, 8, 8, 7, 7, 8, 5, 
              7, 8, 5, 8, 8, 5, 7, 5, 4, 4, 3, 5 ],
          eAdj := [ 4, 5, 8, 9, 11, 14, 16, 17, 20, 26, 27, 29, 32, 33, 34, 
              44, 46, 47, 48, 51, 56, 57, 58, 66, 76, 82 ] ), rec(
          DistVect := [ 0, 5, 3, 3, 7, 4, 9, 7, 4, 4, 4, 9, 8, 8, 4, 8, 7, 
              8, 8, 8, 7, 8, 8, 7, 4, 4, 5, 3, 4 ],
          eAdj := [ 4, 7, 8, 9, 10, 11, 16, 26, 27, 28, 29, 30, 31, 32, 33, 
              35, 46, 47, 48, 55, 56, 57, 58, 66, 76, 82 ] ), rec(
          DistVect := [ 0, 2, 1, 1, 2, 1, 2, 2, 1, 1, 1, 3, 2, 2, 1, 2, 2, 
              2, 2, 2, 2, 2, 2, 2, 1, 1, 1, 1, 1 ],
          eAdj := [ 4, 7, 8, 9, 10, 11, 12, 16, 24, 26, 27, 28, 29, 30, 31, 
              32, 33, 35, 46, 47, 51, 53, 55, 56, 57, 58, 66, 76, 82 ] ), 
      rec(
          DistVect := [ 0, 4, 4, 4, 4, 5, 8, 4, 4, 4, 4, 7, 8, 8, 4, 8, 7, 
              8, 8, 8, 5, 8, 8, 5, 4, 4, 5, 3, 4 ],
          eAdj := [ 2, 3, 5, 6, 7, 9, 11, 13, 15, 16, 17, 21, 29, 30, 39, 
              40, 42, 46, 49, 54, 60, 61, 62, 65, 72, 77 ] ), rec(
          DistVect := [ 0, 4, 4, 4, 4, 3, 8, 4, 4, 4, 4, 5, 8, 8, 4, 8, 7, 
              8, 8, 8, 5, 8, 8, 3, 4, 4, 5, 3, 4 ],
          eAdj := [ 2, 3, 5, 6, 7, 9, 10, 11, 13, 15, 16, 17, 21, 25, 27, 
              29, 30, 39, 40, 42, 46, 49, 54, 62, 72, 77 ] ), rec(
          DistVect := [ 0, 5, 4, 5, 4, 4, 8, 3, 5, 4, 5, 5, 7, 8, 5, 8, 8, 
              8, 7, 9, 5, 7, 8, 4, 4, 3, 4, 3, 5 ],
          eAdj := [ 2, 3, 5, 6, 7, 9, 10, 13, 15, 17, 21, 25, 27, 30, 32, 
              38, 39, 40, 44, 46, 49, 54, 55, 57, 67, 76 ] ), rec(
          DistVect := [ 0, 5, 4, 4, 4, 3, 8, 4, 5, 7, 5, 8, 7, 5, 4, 8, 7, 
              8, 8, 8, 5, 8, 8, 3, 4, 4, 5, 3, 4 ],
          eAdj := [ 3, 4, 5, 6, 10, 12, 13, 15, 17, 21, 24, 27, 36, 37, 39, 
              40, 42, 43, 49, 59, 60, 61, 77, 78, 83, 84 ] ), rec(
          DistVect := [ 0, 4, 4, 3, 4, 4, 8, 5, 4, 5, 4, 8, 8, 7, 5, 8, 8, 
              8, 7, 7, 5, 7, 8, 4, 4, 5, 4, 3, 5 ],
          eAdj := [ 3, 4, 10, 11, 12, 13, 15, 16, 17, 21, 27, 29, 30, 32, 
              36, 39, 40, 46, 48, 49, 54, 60, 61, 62, 72, 77 ] ), rec(
          DistVect := [ 0, 4, 4, 5, 4, 4, 8, 3, 4, 7, 4, 8, 8, 5, 5, 8, 8, 
              8, 7, 9, 5, 7, 8, 4, 4, 3, 4, 3, 5 ],
          eAdj := [ 3, 4, 5, 6, 10, 11, 12, 13, 15, 16, 17, 21, 24, 27, 29, 
              32, 36, 39, 40, 49, 54, 60, 61, 62, 72, 77 ] ), rec(
          DistVect := [ 0, 4, 4, 4, 4, 5, 8, 4, 4, 4, 4, 7, 8, 8, 4, 8, 9, 
              8, 8, 8, 7, 8, 8, 3, 4, 4, 5, 3, 4 ],
          eAdj := [ 2, 3, 5, 6, 7, 9, 10, 11, 12, 13, 16, 17, 21, 29, 30, 
              39, 40, 41, 42, 46, 49, 54, 60, 62, 72, 77 ] ), rec(
          DistVect := [ 0, 1, 1, 1, 1, 2, 2, 1, 1, 1, 1, 2, 2, 2, 1, 2, 3, 
              2, 2, 2, 2, 2, 2, 1, 1, 1, 1, 1, 1 ],
          eAdj := [ 2, 3, 5, 6, 7, 9, 10, 11, 12, 13, 16, 17, 19, 21, 23, 
              29, 30, 32, 38, 39, 40, 41, 42, 46, 49, 54, 57, 60, 62, 72 ] ),
      rec(
          DistVect := [ 0, 1, 2, 1, 1, 2, 2, 1, 1, 1, 1, 2, 2, 2, 1, 2, 2, 
              2, 3, 2, 2, 2, 2, 1, 1, 1, 1, 1, 1 ],
          eAdj := [ 2, 3, 5, 6, 7, 9, 11, 12, 13, 16, 20, 21, 23, 30, 39, 
              40, 41, 42, 43, 45, 52, 59, 60, 61, 62, 65, 77, 78, 84 ] ), 
      rec(
          DistVect := [ 0, 4, 4, 4, 4, 7, 8, 4, 4, 4, 4, 7, 8, 8, 4, 8, 7, 
              8, 8, 8, 7, 8, 8, 7, 4, 4, 5, 3, 4 ],
          eAdj := [ 2, 3, 5, 6, 7, 8, 9, 11, 13, 16, 17, 21, 23, 29, 30, 34, 
              38, 39, 42, 44, 46, 49, 54, 62, 65, 72 ] ), rec(
          DistVect := [ 0, 1, 1, 1, 1, 2, 2, 1, 1, 1, 1, 1, 2, 2, 1, 2, 2, 
              2, 2, 2, 2, 2, 2, 1, 1, 1, 1, 1, 1 ],
          eAdj := [ 2, 3, 5, 6, 7, 9, 11, 13, 16, 17, 21, 23, 25, 29, 30, 
              34, 38, 39, 40, 41, 42, 44, 45, 46, 49, 54, 57, 62, 65, 72 ] ),
      rec(
          DistVect := [ 0, 1, 1, 1, 1, 2, 2, 1, 1, 1, 1, 2, 2, 2, 1, 2, 2, 
              2, 2, 2, 2, 2, 2, 2, 1, 1, 1, 1, 1 ],
          eAdj := [ 2, 3, 5, 6, 7, 8, 9, 11, 13, 16, 17, 21, 23, 29, 30, 31, 
              32, 34, 38, 39, 42, 44, 46, 49, 54, 57, 62, 67, 72, 76 ] ), 
      rec(
          DistVect := [ 0, 4, 4, 4, 7, 4, 8, 7, 4, 4, 3, 8, 8, 7, 4, 7, 8, 
              8, 7, 7, 8, 8, 7, 7, 5, 4, 4, 3, 5 ],
          eAdj := [ 4, 7, 8, 9, 10, 11, 16, 26, 27, 28, 33, 34, 35, 38, 44, 
              47, 51, 53, 55, 56, 58, 66, 74, 75, 81, 87 ] ), rec(
          DistVect := [ 0, 1, 1, 1, 2, 1, 2, 2, 1, 1, 1, 2, 2, 2, 1, 2, 2, 
              2, 2, 2, 2, 2, 2, 2, 1, 1, 1, 1, 1 ],
          eAdj := [ 4, 7, 8, 9, 10, 11, 16, 26, 27, 28, 31, 32, 33, 34, 35, 
              38, 44, 47, 51, 53, 55, 56, 57, 58, 66, 75, 76, 81, 82, 87 ] ),
      rec(
          DistVect := [ 0, 3, 5, 3, 5, 7, 9, 4, 4, 4, 4, 8, 8, 7, 4, 8, 8, 
              8, 9, 8, 8, 8, 7, 4, 4, 5, 4, 3, 5 ],
          eAdj := [ 2, 3, 5, 6, 7, 11, 12, 13, 16, 21, 23, 30, 39, 40, 41, 
              42, 43, 45, 49, 59, 60, 61, 62, 65, 77, 84 ] ), rec(
          DistVect := [ 0, 0, 1, 1, 1, 2, 2, 1, 1, 1, 1, 2, 2, 1, 1, 2, 2, 
              2, 2, 2, 2, 2, 2, 1, 1, 1, 1, 1, 1 ],
          eAdj := [ 2, 3, 4, 5, 6, 7, 11, 12, 13, 16, 17, 21, 23, 24, 36, 
              37, 39, 40, 41, 42, 43, 45, 49, 59, 60, 61, 62, 65, 77, 78, 84 
             ] ), rec(
          DistVect := [ 0, 4, 4, 4, 4, 5, 8, 4, 4, 4, 4, 5, 8, 8, 4, 8, 7, 
              8, 8, 8, 7, 8, 8, 5, 4, 4, 5, 3, 4 ],
          eAdj := [ 2, 3, 5, 6, 7, 9, 11, 13, 16, 17, 21, 25, 29, 30, 34, 
              38, 39, 42, 44, 46, 49, 54, 57, 62, 67, 72 ] ), rec(
          DistVect := [ 0, 3, 3, 3, 4, 7, 9, 4, 4, 4, 3, 8, 8, 7, 4, 7, 8, 
              8, 7, 7, 8, 8, 7, 7, 5, 4, 4, 3, 5 ],
          eAdj := [ 2, 3, 5, 6, 7, 8, 9, 11, 13, 16, 17, 21, 23, 29, 30, 31, 
              32, 34, 38, 44, 46, 48, 49, 57, 67, 76 ] ), rec(
          DistVect := [ 0, 3, 3, 3, 7, 4, 9, 7, 4, 4, 4, 7, 8, 8, 4, 8, 7, 
              8, 8, 8, 7, 8, 8, 7, 4, 4, 5, 3, 4 ],
          eAdj := [ 4, 7, 8, 9, 10, 11, 16, 26, 27, 28, 31, 32, 33, 34, 35, 
              38, 44, 47, 48, 55, 56, 57, 58, 66, 76, 82 ] ), rec(
          DistVect := [ 0, 4, 4, 4, 4, 5, 8, 4, 4, 4, 4, 5, 8, 8, 4, 8, 7, 
              8, 8, 8, 5, 8, 8, 5, 4, 4, 5, 3, 4 ],
          eAdj := [ 2, 3, 5, 6, 7, 9, 11, 13, 15, 16, 17, 21, 25, 29, 30, 
              38, 39, 40, 42, 44, 46, 49, 54, 62, 65, 72 ] ), rec(
          DistVect := [ 0, 3, 4, 3, 4, 4, 8, 5, 5, 4, 3, 5, 7, 8, 5, 8, 8, 
              8, 7, 7, 5, 7, 8, 4, 4, 5, 4, 3, 5 ],
          eAdj := [ 2, 3, 7, 9, 10, 11, 13, 15, 16, 17, 21, 25, 27, 30, 32, 
              38, 39, 40, 44, 46, 48, 49, 54, 55, 57, 67 ] ), rec(
          DistVect := [ 0, 3, 4, 4, 4, 5, 8, 4, 5, 7, 3, 8, 7, 5, 4, 8, 7, 
              8, 8, 8, 5, 8, 8, 5, 4, 4, 5, 3, 4 ],
          eAdj := [ 3, 4, 5, 6, 11, 12, 13, 15, 16, 17, 21, 24, 36, 37, 39, 
              40, 42, 43, 49, 59, 60, 61, 65, 77, 78, 84 ] ), rec(
          DistVect := [ 0, 4, 4, 3, 4, 4, 8, 5, 4, 7, 4, 8, 8, 5, 5, 8, 8, 
              8, 7, 7, 5, 7, 8, 4, 4, 5, 4, 3, 5 ],
          eAdj := [ 3, 4, 10, 11, 12, 13, 15, 16, 17, 21, 24, 27, 29, 32, 
              36, 37, 39, 40, 43, 48, 49, 60, 61, 62, 72, 77 ] ), rec(
          DistVect := [ 0, 4, 4, 4, 4, 5, 9, 4, 4, 4, 4, 5, 5, 8, 4, 8, 7, 
              7, 8, 8, 7, 7, 8, 5, 5, 4, 4, 3, 7 ],
          eAdj := [ 2, 3, 5, 7, 9, 11, 13, 17, 18, 21, 25, 27, 31, 32, 34, 
              38, 44, 46, 47, 48, 49, 55, 56, 57, 67, 76 ] ), rec(
          DistVect := [ 0, 4, 4, 4, 4, 7, 8, 4, 4, 4, 4, 7, 8, 8, 4, 8, 9, 
              8, 8, 8, 7, 8, 8, 5, 4, 4, 5, 3, 4 ],
          eAdj := [ 2, 3, 5, 6, 7, 9, 11, 13, 16, 17, 21, 23, 29, 30, 38, 
              39, 40, 41, 42, 46, 49, 54, 60, 62, 65, 72 ] ), rec(
          DistVect := [ 0, 4, 4, 4, 4, 5, 8, 4, 4, 4, 4, 5, 8, 8, 4, 8, 7, 
              8, 8, 8, 7, 8, 8, 5, 4, 4, 7, 3, 4 ],
          eAdj := [ 1, 2, 3, 5, 6, 7, 9, 11, 13, 16, 17, 21, 25, 29, 30, 34, 
              38, 39, 41, 42, 46, 49, 54, 62, 65, 72 ] ), rec(
          DistVect := [ 0, 3, 4, 4, 4, 4, 8, 5, 3, 5, 5, 5, 7, 8, 4, 8, 8, 
              8, 9, 8, 8, 8, 7, 4, 4, 3, 4, 3, 5 ],
          eAdj := [ 2, 5, 9, 10, 11, 13, 17, 21, 25, 26, 27, 31, 32, 33, 34, 
              38, 44, 47, 48, 55, 56, 57, 58, 75, 76, 82 ] ), rec(
          DistVect := [ 0, 3, 4, 4, 4, 4, 8, 5, 5, 5, 3, 5, 5, 8, 4, 8, 8, 
              8, 7, 8, 8, 8, 7, 4, 4, 5, 4, 3, 7 ],
          eAdj := [ 2, 7, 9, 10, 11, 13, 17, 18, 21, 25, 26, 27, 31, 32, 34, 
              38, 44, 47, 48, 55, 56, 58, 66, 75, 76, 82 ] ), rec(
          DistVect := [ 0, 3, 4, 4, 4, 4, 8, 5, 5, 5, 3, 5, 7, 8, 4, 8, 8, 
              8, 7, 8, 8, 8, 7, 4, 4, 5, 4, 3, 5 ],
          eAdj := [ 2, 7, 9, 10, 11, 13, 16, 17, 21, 25, 26, 27, 31, 32, 34, 
              38, 44, 48, 55, 56, 57, 58, 67, 75, 76, 82 ] ), rec(
          DistVect := [ 0, 3, 4, 4, 4, 4, 9, 5, 5, 5, 3, 5, 8, 8, 4, 8, 8, 
              7, 7, 8, 8, 7, 7, 4, 5, 5, 7, 3, 4 ],
          eAdj := [ 1, 2, 6, 7, 9, 10, 11, 13, 16, 17, 21, 25, 26, 29, 30, 
              34, 38, 39, 41, 42, 48, 49, 54, 57, 58, 67 ] ), rec(
          DistVect := [ 0, 4, 4, 4, 4, 5, 8, 4, 4, 4, 4, 5, 8, 8, 4, 8, 9, 
              8, 8, 8, 7, 8, 8, 3, 4, 4, 5, 3, 4 ],
          eAdj := [ 2, 3, 5, 6, 7, 9, 10, 11, 13, 16, 17, 21, 25, 29, 30, 
              38, 39, 40, 41, 42, 46, 49, 54, 57, 62, 72 ] ), rec(
          DistVect := [ 0, 3, 5, 5, 3, 7, 7, 4, 4, 4, 4, 8, 8, 7, 4, 8, 8, 
              8, 9, 8, 8, 8, 9, 4, 4, 3, 4, 3, 3 ],
          eAdj := [ 2, 3, 5, 6, 7, 9, 11, 12, 13, 16, 17, 21, 23, 39, 40, 
              41, 42, 45, 59, 60, 61, 62, 65, 77, 78, 84 ] ), rec(
          DistVect := [ 0, 1, 1, 1, 1, 2, 1, 1, 1, 1, 1, 2, 2, 2, 1, 2, 2, 
              2, 2, 2, 2, 2, 2, 1, 1, 1, 1, 1, 0 ],
          eAdj := [ 1, 2, 3, 5, 6, 7, 9, 11, 12, 13, 16, 17, 23, 37, 39, 40, 
              41, 42, 45, 46, 50, 52, 59, 60, 61, 62, 65, 77, 78, 84 ] ), 
      rec(
          DistVect := [ 0, 3, 3, 3, 5, 7, 7, 4, 4, 4, 4, 8, 8, 7, 4, 8, 8, 
              8, 7, 8, 8, 8, 7, 4, 4, 5, 4, 3, 3 ],
          eAdj := [ 2, 3, 5, 6, 7, 11, 12, 13, 16, 17, 23, 37, 39, 40, 41, 
              42, 45, 46, 49, 59, 60, 61, 62, 65, 77, 84 ] ), rec(
          DistVect := [ 0, 4, 4, 4, 4, 7, 8, 4, 4, 4, 4, 7, 8, 8, 4, 8, 7, 
              8, 8, 8, 7, 8, 8, 5, 4, 4, 3, 3, 4 ],
          eAdj := [ 2, 3, 5, 6, 7, 9, 11, 13, 16, 17, 21, 23, 29, 30, 39, 
              40, 42, 44, 45, 46, 49, 54, 61, 62, 65, 72 ] ), rec(
          DistVect := [ 0, 1, 1, 1, 1, 2, 2, 1, 1, 1, 1, 2, 2, 2, 1, 2, 2, 
              2, 2, 2, 2, 2, 2, 1, 1, 1, 0, 1, 1 ],
          eAdj := [ 2, 3, 5, 6, 7, 9, 11, 12, 13, 16, 17, 18, 21, 23, 27, 
              29, 30, 31, 32, 39, 40, 42, 44, 45, 46, 49, 54, 57, 61, 62, 72 
             ] ), rec(
          DistVect := [ 0, 4, 4, 4, 4, 7, 8, 4, 4, 4, 4, 7, 8, 8, 4, 8, 9, 
              8, 8, 8, 9, 8, 8, 3, 4, 4, 3, 3, 4 ],
          eAdj := [ 2, 3, 5, 6, 7, 9, 11, 12, 13, 16, 17, 21, 23, 29, 30, 
              39, 40, 41, 42, 45, 46, 49, 54, 57, 62, 72 ] ), rec(
          DistVect := [ 0, 4, 4, 4, 4, 5, 8, 4, 4, 4, 4, 5, 8, 8, 4, 8, 7, 
              8, 8, 8, 7, 8, 8, 3, 4, 4, 3, 3, 4 ],
          eAdj := [ 2, 3, 5, 6, 7, 9, 11, 13, 16, 17, 21, 25, 27, 29, 30, 
              39, 40, 42, 44, 45, 46, 49, 54, 57, 62, 72 ] ), rec(
          DistVect := [ 0, 4, 4, 4, 4, 5, 8, 4, 4, 4, 4, 7, 8, 8, 4, 8, 7, 
              8, 8, 8, 7, 8, 8, 3, 4, 4, 3, 3, 4 ],
          eAdj := [ 2, 3, 5, 6, 7, 9, 11, 12, 13, 16, 17, 21, 27, 29, 30, 
              39, 40, 42, 45, 46, 49, 54, 61, 62, 72, 77 ] ), rec(
          DistVect := [ 0, 4, 4, 4, 4, 5, 8, 4, 4, 4, 4, 5, 8, 8, 4, 8, 7, 
              8, 8, 8, 7, 8, 8, 3, 4, 4, 5, 3, 4 ],
          eAdj := [ 2, 3, 5, 6, 7, 9, 11, 13, 16, 17, 21, 25, 29, 30, 39, 
              40, 41, 42, 45, 46, 49, 54, 62, 65, 72, 77 ] ), rec(
          DistVect := [ 0, 3, 4, 4, 4, 5, 8, 4, 5, 5, 5, 8, 7, 5, 4, 8, 7, 
              8, 8, 8, 7, 8, 8, 3, 4, 4, 5, 3, 4 ],
          eAdj := [ 3, 4, 5, 6, 12, 13, 17, 21, 24, 36, 37, 39, 40, 41, 42, 
              43, 45, 49, 59, 60, 61, 65, 77, 78, 83, 84 ] ), rec(
          DistVect := [ 0, 3, 4, 4, 4, 5, 8, 4, 5, 5, 5, 8, 9, 5, 4, 8, 7, 
              8, 8, 8, 7, 8, 8, 3, 4, 4, 3, 3, 4 ],
          eAdj := [ 3, 4, 5, 6, 12, 13, 16, 17, 21, 24, 27, 36, 37, 39, 40, 
              42, 43, 45, 49, 59, 60, 61, 62, 77, 78, 84 ] ), rec(
          DistVect := [ 0, 4, 4, 4, 5, 4, 8, 5, 4, 4, 5, 8, 8, 9, 4, 5, 8, 
              8, 5, 7, 8, 8, 7, 7, 5, 4, 4, 3, 5 ],
          eAdj := [ 2, 4, 8, 9, 10, 19, 26, 27, 31, 33, 34, 35, 38, 44, 47, 
              51, 53, 55, 56, 58, 63, 66, 71, 75, 81, 87 ] ), rec(
          DistVect := [ 0, 5, 3, 5, 5, 4, 7, 7, 4, 4, 4, 9, 8, 8, 4, 8, 7, 
              8, 8, 8, 9, 8, 8, 5, 4, 4, 3, 3, 4 ],
          eAdj := [ 4, 7, 9, 10, 11, 12, 16, 17, 26, 27, 28, 29, 31, 32, 33, 
              35, 46, 47, 51, 55, 56, 57, 58, 66, 76, 82 ] ), rec(
          DistVect := [ 0, 4, 4, 4, 5, 4, 8, 5, 4, 4, 3, 8, 8, 7, 4, 5, 8, 
              8, 5, 7, 8, 8, 7, 7, 5, 4, 4, 3, 5 ],
          eAdj := [ 4, 7, 8, 9, 10, 16, 19, 26, 27, 31, 33, 34, 35, 38, 44, 
              47, 51, 53, 55, 56, 58, 66, 75, 81, 82, 87 ] ), rec(
          DistVect := [ 0, 4, 3, 4, 4, 4, 8, 5, 5, 4, 4, 8, 8, 7, 5, 5, 5, 
              7, 8, 8, 8, 8, 7, 4, 4, 7, 4, 3, 5 ],
          eAdj := [ 4, 5, 7, 12, 13, 16, 20, 21, 22, 26, 27, 30, 31, 36, 37, 
              39, 42, 43, 45, 49, 59, 61, 62, 72, 77, 84 ] ), rec(
          DistVect := [ 0, 4, 4, 4, 4, 3, 8, 4, 4, 4, 4, 7, 8, 8, 4, 8, 5, 
              8, 8, 8, 7, 8, 8, 5, 4, 4, 5, 3, 4 ],
          eAdj := [ 2, 3, 4, 5, 6, 7, 9, 11, 13, 16, 17, 20, 21, 26, 27, 29, 
              30, 31, 39, 42, 46, 49, 54, 62, 67, 72 ] ), rec(
          DistVect := [ 0, 4, 4, 4, 4, 5, 8, 4, 4, 4, 4, 7, 8, 8, 4, 8, 7, 
              8, 8, 8, 9, 8, 8, 3, 4, 4, 3, 3, 4 ],
          eAdj := [ 2, 3, 5, 6, 7, 9, 11, 12, 13, 16, 17, 21, 26, 27, 29, 
              30, 31, 39, 42, 45, 46, 49, 54, 57, 62, 72 ] ), rec(
          DistVect := [ 0, 4, 4, 4, 4, 5, 8, 4, 4, 4, 4, 9, 8, 8, 4, 8, 5, 
              8, 8, 8, 7, 8, 8, 7, 4, 4, 5, 3, 4 ],
          eAdj := [ 2, 3, 4, 5, 6, 7, 8, 9, 11, 13, 16, 17, 20, 21, 29, 30, 
              31, 39, 42, 46, 49, 54, 59, 61, 62, 72 ] ), rec(
          DistVect := [ 0, 4, 4, 4, 4, 7, 8, 4, 4, 4, 4, 9, 8, 8, 4, 8, 7, 
              8, 8, 8, 9, 8, 8, 5, 4, 4, 3, 3, 4 ],
          eAdj := [ 2, 3, 5, 6, 7, 9, 11, 12, 13, 16, 17, 21, 23, 29, 30, 
              31, 39, 42, 45, 46, 49, 54, 59, 61, 62, 72 ] ), rec(
          DistVect := [ 0, 3, 3, 5, 5, 7, 7, 4, 4, 4, 4, 8, 8, 7, 4, 8, 8, 
              8, 7, 8, 8, 8, 9, 4, 4, 5, 4, 3, 3 ],
          eAdj := [ 2, 3, 5, 6, 7, 11, 12, 16, 17, 23, 36, 37, 39, 40, 41, 
              42, 45, 50, 59, 60, 61, 62, 65, 77, 78, 84 ] ), rec(
          DistVect := [ 0, 4, 4, 4, 4, 7, 8, 4, 4, 4, 4, 7, 8, 8, 4, 8, 7, 
              8, 8, 8, 9, 8, 8, 5, 4, 4, 3, 3, 4 ],
          eAdj := [ 2, 3, 5, 6, 7, 9, 11, 13, 16, 17, 21, 23, 29, 30, 31, 
              34, 39, 42, 44, 45, 46, 49, 54, 57, 62, 72 ] ), rec(
          DistVect := [ 0, 4, 4, 4, 4, 5, 8, 4, 4, 4, 4, 7, 8, 8, 4, 8, 5, 
              8, 8, 8, 7, 8, 8, 7, 4, 4, 5, 3, 4 ],
          eAdj := [ 2, 3, 5, 6, 7, 8, 9, 11, 13, 16, 17, 20, 21, 29, 30, 31, 
              34, 39, 42, 44, 46, 49, 54, 62, 67, 72 ] ), rec(
          DistVect := [ 0, 4, 4, 4, 4, 5, 8, 4, 4, 4, 4, 7, 8, 8, 4, 8, 5, 
              8, 8, 8, 7, 8, 8, 5, 4, 4, 3, 3, 4 ],
          eAdj := [ 2, 3, 5, 6, 7, 9, 11, 13, 16, 17, 20, 21, 27, 29, 30, 
              31, 39, 42, 44, 45, 46, 49, 54, 61, 62, 72 ] ), rec(
          DistVect := [ 0, 4, 4, 4, 4, 5, 8, 4, 4, 4, 4, 7, 8, 8, 4, 8, 5, 
              8, 8, 8, 9, 8, 8, 5, 4, 4, 5, 3, 4 ],
          eAdj := [ 2, 3, 5, 6, 7, 9, 11, 13, 16, 17, 20, 21, 26, 29, 30, 
              31, 34, 39, 42, 45, 46, 49, 54, 59, 62, 72 ] ), rec(
          DistVect := [ 0, 4, 3, 4, 4, 5, 8, 4, 5, 4, 4, 7, 8, 8, 5, 7, 8, 
              9, 5, 8, 7, 8, 8, 5, 4, 4, 3, 3, 4 ],
          eAdj := [ 2, 3, 6, 7, 9, 10, 13, 16, 17, 19, 21, 27, 30, 31, 32, 
              35, 38, 39, 44, 46, 48, 55, 57, 58, 67, 76 ] ), rec(
          DistVect := [ 0, 4, 3, 4, 5, 4, 8, 5, 3, 4, 5, 8, 8, 9, 5, 8, 5, 
              7, 8, 7, 8, 8, 7, 7, 5, 4, 4, 3, 5 ],
          eAdj := [ 2, 4, 5, 8, 9, 11, 17, 20, 26, 27, 29, 31, 32, 33, 34, 
              44, 46, 47, 48, 51, 55, 56, 57, 58, 76, 82 ] ), rec(
          DistVect := [ 0, 4, 3, 4, 5, 4, 8, 5, 5, 4, 3, 8, 8, 7, 5, 8, 5, 
              7, 8, 7, 8, 8, 7, 7, 5, 4, 4, 3, 5 ],
          eAdj := [ 4, 5, 7, 8, 9, 11, 16, 17, 20, 26, 27, 29, 31, 32, 33, 
              34, 44, 46, 47, 48, 51, 56, 57, 67, 76, 82 ] ), rec(
          DistVect := [ 0, 4, 3, 4, 4, 4, 8, 5, 5, 4, 4, 8, 8, 7, 3, 7, 5, 
              7, 8, 8, 8, 8, 9, 4, 4, 5, 4, 3, 5 ],
          eAdj := [ 3, 4, 5, 7, 12, 13, 16, 17, 20, 21, 26, 27, 29, 30, 31, 
              36, 39, 42, 43, 45, 49, 59, 61, 62, 72, 77 ] ), rec(
          DistVect := [ 0, 4, 5, 4, 4, 4, 8, 3, 5, 4, 4, 8, 8, 7, 5, 7, 5, 
              7, 8, 8, 8, 8, 7, 4, 4, 5, 4, 3, 5 ],
          eAdj := [ 2, 3, 4, 5, 6, 7, 12, 13, 16, 20, 21, 26, 27, 30, 31, 
              39, 42, 43, 45, 49, 59, 61, 62, 72, 77, 84 ] ), rec(
          DistVect := [ 0, 4, 3, 4, 4, 4, 8, 5, 3, 4, 4, 8, 8, 9, 5, 5, 5, 
              7, 8, 8, 8, 8, 7, 4, 4, 7, 4, 3, 5 ],
          eAdj := [ 2, 4, 5, 7, 12, 13, 16, 20, 21, 22, 26, 27, 29, 30, 31, 
              39, 42, 43, 45, 46, 49, 59, 61, 62, 72, 77 ] ), rec(
          DistVect := [ 0, 5, 3, 3, 4, 4, 7, 7, 4, 4, 5, 9, 8, 8, 4, 7, 7, 
              8, 8, 7, 7, 8, 8, 4, 3, 7, 3, 3, 4 ],
          eAdj := [ 4, 10, 12, 13, 16, 17, 21, 22, 26, 27, 28, 29, 30, 31, 
              32, 36, 37, 39, 42, 43, 46, 48, 61, 62, 72, 77 ] ), rec(
          DistVect := [ 0, 4, 4, 4, 7, 4, 8, 7, 4, 4, 5, 8, 8, 9, 4, 7, 8, 
              8, 7, 7, 8, 8, 7, 7, 3, 4, 4, 3, 3 ],
          eAdj := [ 4, 8, 9, 10, 16, 26, 27, 28, 31, 32, 33, 34, 35, 38, 44, 
              47, 51, 53, 55, 56, 58, 66, 71, 75, 81, 87 ] ), rec(
          DistVect := [ 0, 5, 3, 3, 7, 4, 7, 7, 4, 4, 4, 9, 8, 8, 4, 8, 7, 
              8, 8, 8, 7, 8, 8, 7, 4, 4, 3, 3, 4 ],
          eAdj := [ 4, 7, 8, 9, 10, 11, 16, 26, 27, 28, 31, 32, 33, 35, 44, 
              46, 47, 51, 53, 55, 56, 57, 58, 66, 76, 82 ] ), rec(
          DistVect := [ 0, 4, 4, 4, 4, 7, 8, 4, 4, 4, 4, 9, 8, 8, 4, 8, 7, 
              8, 8, 8, 7, 8, 8, 7, 4, 4, 3, 3, 4 ],
          eAdj := [ 2, 3, 5, 6, 7, 8, 9, 11, 13, 16, 17, 21, 23, 29, 30, 31, 
              32, 39, 42, 44, 46, 49, 54, 61, 62, 72 ] ), rec(
          DistVect := [ 0, 4, 4, 4, 4, 5, 8, 4, 4, 4, 4, 7, 8, 8, 4, 8, 7, 
              8, 8, 8, 7, 8, 8, 5, 4, 4, 3, 3, 4 ],
          eAdj := [ 2, 3, 5, 6, 7, 9, 11, 13, 16, 17, 21, 27, 29, 30, 31, 
              32, 39, 42, 44, 46, 49, 54, 57, 62, 67, 72 ] ), rec(
          DistVect := [ 0, 4, 4, 4, 4, 5, 8, 4, 4, 4, 4, 9, 8, 8, 4, 8, 7, 
              8, 8, 8, 7, 8, 8, 5, 4, 4, 3, 3, 4 ],
          eAdj := [ 2, 3, 4, 5, 6, 7, 9, 11, 12, 13, 16, 17, 21, 27, 29, 30, 
              31, 32, 39, 42, 46, 49, 54, 61, 62, 72 ] ) ] );
