return rec(
  DistVect := [ 0, 1, 1, 1, 1, 1, 2, 0, 1, 1, 1, 2, 2, 1, 1, 2, 1, 2, 1, 2, 
      1, 2, 1, 2, 1, 1, 2, 1, 2 ],
  ListIncidentIneq := 
   [ [ 0, 0, 0, 0, 0, 0, 1, 1, 0, 0, 0, 0, 0, 0, 0, 0, 0, 0, 0, 0, 0, 0, 0, 
          0, 0, 0, 0, 0, -1 ], 
      [ 0, 0, 0, 0, 0, 1, 0, 1, 0, 0, 0, 0, 0, 0, 0, 0, 0, 0, 0, 0, 0, 0, 0, 
          0, 0, 0, 0, -1, 0 ], 
      [ 0, 1, 0, 0, 0, 0, 0, 1, 0, 0, 0, 0, 0, -1, 0, 0, 0, 0, 0, 0, 0, 0, 0, 
          0, 0, 0, 0, 0, 0 ], 
      [ 0, 0, 0, 0, 1, 0, 0, 1, 0, 0, 0, 0, 0, 0, 0, 0, 0, 0, 0, 0, 0, 0, 0, 
          0, 0, -1, 0, 0, 0 ], 
      [ 0, 0, 0, 1, 0, 0, 0, 1, 0, 0, 0, 0, 0, 0, 0, 0, 0, 0, 0, 0, 0, 0, -1, 
          0, 0, 0, 0, 0, 0 ], 
      [ 0, 1, 0, 0, 0, 1, 0, 0, 0, 0, 0, -1, 0, 0, 0, 0, 0, 0, 0, 0, 0, 0, 0, 
          0, 0, 0, 0, 0, 0 ], 
      [ 0, 0, 1, 0, 0, 0, 0, 1, 0, 0, 0, 0, 0, 0, 0, 0, 0, 0, -1, 0, 0, 0, 0, 
          0, 0, 0, 0, 0, 0 ], 
      [ 0, 0, 0, 0, 0, 0, -1, 1, 0, 0, 0, 0, 0, 0, 0, 0, 0, 0, 0, 0, 0, 0, 0, 
          0, 0, 0, 0, 0, 1 ], 
      [ 0, 0, 0, 0, 0, 0, 0, 0, 1, 0, 0, -1, 0, 0, 0, 0, 1, 0, 0, 0, 0, 0, 0, 
          0, 0, 0, 0, 0, 0 ], 
      [ 0, 0, 0, 0, 0, 0, 0, 0, 0, 1, 0, -1, 0, 0, 0, 0, 0, 0, 0, 0, 1, 0, 0, 
          0, 0, 0, 0, 0, 0 ], 
      [ 0, 0, 0, 0, 0, 0, 0, 0, 0, 1, 1, 0, 0, 0, 0, 0, 0, 0, 0, -1, 0, 0, 0, 
          0, 0, 0, 0, 0, 0 ], 
      [ 0, 0, 0, 0, 0, 0, 0, 0, 0, 0, 0, 0, 0, 0, 0, 0, 0, 0, 0, 0, 0, 0, 0, 
          -1, 0, 1, 0, 1, 0 ], 
      [ 0, 0, 0, 0, 0, 0, 0, 0, 1, 0, 1, 0, 0, 0, 0, -1, 0, 0, 0, 0, 0, 0, 0, 
          0, 0, 0, 0, 0, 0 ], 
      [ 0, 0, 0, 1, 1, 0, 0, 0, 0, 0, 0, 0, 0, 0, 0, 0, 0, 0, 0, -1, 0, 0, 0, 
          0, 0, 0, 0, 0, 0 ], 
      [ 0, 0, 0, 0, 0, 0, 0, 0, 0, 0, 1, 0, -1, 0, 0, 0, 0, 0, 0, 0, 0, 0, 0, 
          0, 1, 0, 0, 0, 0 ], 
      [ 0, 0, 1, 0, 1, 0, 0, 0, 0, 0, 0, 0, 0, 0, 0, -1, 0, 0, 0, 0, 0, 0, 0, 
          0, 0, 0, 0, 0, 0 ], 
      [ 0, 0, 0, 0, 0, 0, 0, 0, 0, 0, 0, 0, 0, 0, 0, 0, 0, 0, 0, -1, 0, 0, 1, 
          0, 0, 1, 0, 0, 0 ], 
      [ 0, 0, 0, 0, 1, 0, -1, 0, 0, 0, 0, 0, 0, 0, 0, 0, 0, 0, 0, 0, 0, 0, 0, 
          0, 1, 0, 0, 0, 0 ], 
      [ 0, 0, 0, 0, 0, -1, 0, 1, 0, 0, 0, 0, 0, 0, 0, 0, 0, 0, 0, 0, 0, 0, 0, 
          0, 0, 0, 0, 1, 0 ], 
      [ 0, 0, 0, 0, 0, 0, 0, 0, 0, 0, 0, 0, 0, 0, 0, 0, 0, 0, 0, 0, 0, 0, 0, 
          0, 1, 1, 0, 0, -1 ], 
      [ 0, 0, 0, 0, 1, 1, 0, 0, 0, 0, 0, 0, 0, 0, 0, 0, 0, 0, 0, 0, 0, 0, 0, 
          -1, 0, 0, 0, 0, 0 ], 
      [ 0, 0, 0, 0, 0, 0, 0, 0, 0, 0, 0, -1, 0, 1, 0, 0, 0, 0, 0, 0, 0, 0, 0, 
          0, 0, 0, 0, 1, 0 ], 
      [ 0, 0, 0, 0, 0, 0, 0, 0, 0, 0, 0, 0, 0, 0, 0, -1, 0, 0, 1, 0, 0, 0, 0, 
          0, 0, 1, 0, 0, 0 ], 
      [ 0, 0, 0, 0, -1, 0, 0, 1, 0, 0, 0, 0, 0, 0, 0, 0, 0, 0, 0, 0, 0, 0, 0, 
          0, 0, 1, 0, 0, 0 ], 
      [ 0, -1, 0, 0, 0, 0, 0, 1, 0, 0, 0, 0, 0, 1, 0, 0, 0, 0, 0, 0, 0, 0, 0, 
          0, 0, 0, 0, 0, 0 ], 
      [ 0, 0, 0, -1, 0, 0, 0, 1, 0, 0, 0, 0, 0, 0, 0, 0, 0, 0, 0, 0, 0, 0, 1, 
          0, 0, 0, 0, 0, 0 ], 
      [ 0, 0, -1, 0, 0, 0, 0, 1, 0, 0, 0, 0, 0, 0, 0, 0, 0, 0, 1, 0, 0, 0, 0, 
          0, 0, 0, 0, 0, 0 ], 
      [ 0, 1, -1, 0, 0, 1, 0, 1, 1, 0, 0, -1, 0, -1, 0, 0, 1, 0, 1, 0, 0, 0, 
          0, 0, 0, 0, 0, -1, 0 ], 
      [ 0, -1, 1, 0, 1, 0, -1, 0, 1, 0, 1, 0, -1, 0, 0, -1, 0, 1, 0, 0, 0, 0, 
          0, 0, 1, 0, 0, 0, 0 ], 
      [ 0, 1, 0, -1, 0, 1, 0, 1, 0, 1, 0, -1, 0, -1, 0, 0, 0, 0, 0, 0, 1, 0, 
          1, 0, 0, 0, 0, -1, 0 ], 
      [ 0, -1, 0, 1, 1, 0, -1, 0, 0, 1, 1, 0, -1, 0, 0, 0, 0, 0, 0, -1, 0, 1, 
          0, 0, 1, 0, 0, 0, 0 ], 
      [ 0, 0, 0, 0, 0, 0, 0, 0, 1, 1, 1, -1, 0, 0, -1, -1, 1, 0, 0, -1, 1, 0, 
          0, 1, 0, 0, 0, 0, 0 ], 
      [ 0, -1, 1, 0, 0, -1, 0, 1, 1, 0, 0, -1, 0, 1, 0, 0, 1, 0, -1, 0, 0, 0, 
          0, 0, 0, 0, 0, 1, 0 ], 
      [ 0, 1, 0, 0, -1, 0, 1, 1, 0, 0, 1, 0, -1, -1, 0, 0, 0, 0, 0, 0, 0, 0, 
          0, 0, 1, 1, 0, 0, -1 ], 
      [ 0, -1, 0, 1, 1, 0, 0, 1, 0, 1, 1, 0, 0, 1, 0, 0, 0, 0, 0, -1, 0, 0, 
          -1, 0, 0, -1, 0, 0, 0 ], 
      [ 0, -1, 1, 0, 1, 0, 0, 1, 1, 0, 1, 0, 0, 1, 0, -1, 0, 0, -1, 0, 0, 0, 
          0, 0, 0, -1, 0, 0, 0 ], 
      [ 0, -1, 0, 1, 0, -1, 0, 1, 0, 1, 0, -1, 0, 1, 0, 0, 0, 0, 0, 0, 1, 0, 
          -1, 0, 0, 0, 0, 1, 0 ], 
      [ 0, 0, 0, 0, 0, 0, 0, 0, 1, 0, 1, 0, -1, -1, 0, -1, 0, 1, 1, 0, 0, 0, 
          0, 0, 1, 1, 0, 0, -1 ], 
      [ 0, -1, 0, 0, 1, 0, -1, 1, 0, 0, 1, 0, -1, 1, 0, 0, 0, 0, 0, 0, 0, 0, 
          0, 0, 1, -1, 0, 0, 1 ], 
      [ 0, 1, 0, -1, -1, 0, 0, 1, 0, 1, 1, 0, 0, -1, 0, 0, 0, 0, 0, -1, 0, 0, 
          1, 0, 0, 1, 0, 0, 0 ], 
      [ 0, 1, -1, 0, -1, 0, 0, 1, 1, 0, 1, 0, 0, -1, 0, -1, 0, 0, 1, 0, 0, 0, 
          0, 0, 0, 1, 0, 0, 0 ], 
      [ 0, 0, 0, 0, 0, 0, 0, 0, 0, 1, 1, 0, -1, -1, 0, 0, 0, 0, 0, -1, 0, 1, 
          1, 0, 1, 1, 0, 0, -1 ], 
      [ 0, 0, 0, 0, 0, 0, 0, 0, 1, 0, 1, -1, -1, 0, 0, -1, 1, 1, 0, 0, 0, 0, 
          0, 1, 1, 0, -1, 0, 0 ], 
      [ 0, 0, 0, 0, 0, 0, 0, 0, 0, 1, 1, -1, -1, 0, 0, 0, 0, 0, 0, -1, 1, 1, 
          0, 1, 1, 0, -1, 0, 0 ], 
      [ 0, -1, 1, 1, 1, 0, 0, 0, 1, 1, 1, 0, 0, 0, -1, -1, 0, 0, 0, -1, 0, 0, 
          0, 0, 0, 0, 0, 0, 0 ], 
      [ 0, 0, 0, 0, 0, 0, 0, 0, 1, 1, 1, 0, 0, -1, -1, -1, 0, 0, 1, -1, 0, 0, 
          1, 0, 0, 1, 0, 0, 0 ], 
      [ 0, -2, 2, 2, 2, 0, 0, 2, 1, 1, 1, 0, 0, 1, -1, -1, 0, 0, -1, -1, 0, 
          0, -1, 0, 0, -1, 0, 0, 0 ], 
      [ 0, 1, -1, -1, -1, 0, 0, 2, 1, 1, 1, 0, 0, -2, -1, -1, 0, 0, 2, -1, 0, 
          0, 2, 0, 0, 2, 0, 0, 0 ], 
      [ 0, 1, -1, 0, -1, 0, 1, 2, 1, 0, 1, 0, -1, -2, 0, -1, 0, 1, 2, 0, 0, 
          0, 0, 0, 1, 2, 0, 0, -2 ], 
      [ 0, 1, 0, -1, -1, 0, 1, 2, 0, 1, 1, 0, -1, -2, 0, 0, 0, 0, 0, -1, 0, 
          1, 2, 0, 1, 2, 0, 0, -2 ], 
      [ 0, 0, 0, 0, 0, 0, 0, 0, 1, 1, 2, 0, -1, -1, -1, -2, 0, 1, 1, -2, 0, 
          1, 1, 0, 2, 2, 0, 0, -1 ], 
      [ 0, -2, 2, 0, 2, 0, -2, 2, 1, 0, 1, 0, -1, 1, 0, -1, 0, 1, -1, 0, 0, 
          0, 0, 0, 1, -1, 0, 0, 1 ], 
      [ 0, -2, 0, 2, 2, 0, -2, 2, 0, 1, 1, 0, -1, 1, 0, 0, 0, 0, 0, -1, 0, 1, 
          -1, 0, 1, -1, 0, 0, 1 ], 
      [ 0, 0, 0, 0, 0, 0, 0, 0, 2, 2, 2, -2, -2, 0, -1, -1, 1, 1, 0, -1, 1, 
          1, 0, 1, 1, 0, -1, 0, 0 ], 
      [ 0, -1, 1, 1, 2, 0, -1, 0, 1, 1, 2, 0, -1, 0, -1, -2, 0, 1, 0, -2, 0, 
          1, 0, 0, 2, 0, 0, 0, 0 ], 
      [ 0, 1, -1, 0, -1, 1, 1, 1, 1, 0, 1, -1, -1, -1, 0, -1, 1, 1, 1, 0, 0, 
          0, 0, 1, 1, 1, -1, -1, -1 ], 
      [ 0, 1, 0, -1, -1, 1, 1, 1, 0, 1, 1, -1, -1, -1, 0, 0, 0, 0, 0, -1, 1, 
          1, 1, 1, 1, 1, -1, -1, -1 ], 
      [ 0, 0, 0, 0, 0, 0, 0, 0, 1, 1, 1, -1, -1, -1, -1, -1, 1, 1, 1, -1, 1, 
          1, 1, 1, 1, 1, -1, -1, -1 ], 
      [ 0, 1, -1, -1, -1, 1, 0, 1, 1, 1, 1, -1, 0, -1, -1, -1, 1, 0, 1, -1, 
          1, 0, 1, 1, 0, 1, 0, -1, 0 ], 
      [ 0, -1, 1, 0, 1, -1, -1, 1, 1, 0, 1, -1, -1, 1, 0, -1, 1, 1, -1, 0, 0, 
          0, 0, 1, 1, -1, -1, 1, 1 ], 
      [ 0, -1, 1, 1, 1, -1, -1, 0, 1, 1, 1, -1, -1, 0, -1, -1, 1, 1, 0, -1, 
          1, 1, 0, 1, 1, 0, -1, 0, 0 ], 
      [ 0, -1, 0, 1, 1, -1, -1, 1, 0, 1, 1, -1, -1, 1, 0, 0, 0, 0, 0, -1, 1, 
          1, -1, 1, 1, -1, -1, 1, 1 ], 
      [ 0, -1, 1, 1, 1, -1, 0, 1, 1, 1, 1, -1, 0, 1, -1, -1, 1, 0, -1, -1, 1, 
          0, -1, 1, 0, -1, 0, 1, 0 ], 
      [ 0, 2, -2, -2, -2, 2, 0, 4, 1, 1, 1, -1, 0, -2, -1, -1, 1, 0, 2, -1, 
          1, 0, 2, 1, 0, 2, 0, -2, 0 ], 
      [ 0, 0, 0, 0, 0, 0, 0, 0, 2, 2, 4, -2, -2, -2, -1, -2, 1, 1, 1, -2, 1, 
          1, 1, 2, 2, 2, -1, -1, -1 ], 
      [ 0, -2, 1, 1, 2, -1, -1, 0, 2, 2, 4, -2, -2, 0, -1, -2, 1, 1, 0, -2, 
          1, 1, 0, 2, 2, 0, -1, 0, 0 ], 
      [ 0, 2, -2, 0, -2, 2, 2, 4, 1, 0, 1, -1, -1, -2, 0, -1, 1, 1, 2, 0, 0, 
          0, 0, 1, 1, 2, -1, -2, -2 ], 
      [ 0, 2, 0, -2, -2, 2, 2, 4, 0, 1, 1, -1, -1, -2, 0, 0, 0, 0, 0, -1, 1, 
          1, 2, 1, 1, 2, -1, -2, -2 ], 
      [ 0, -2, 2, 2, 2, -2, 0, 4, 1, 1, 1, -1, 0, 2, -1, -1, 1, 0, -2, -1, 1, 
          0, -2, 1, 0, -2, 0, 2, 0 ], 
      [ 0, 1, -1, -1, -2, 0, 1, 2, 1, 1, 2, 0, -1, -2, -1, -2, 0, 1, 2, -2, 
          0, 1, 2, 0, 2, 4, 0, 0, -2 ], 
      [ 0, -2, 0, 2, 2, -2, -2, 4, 0, 1, 1, -1, -1, 2, 0, 0, 0, 0, 0, -1, 1, 
          1, -2, 1, 1, -2, -1, 2, 2 ], 
      [ 0, -2, 2, 0, 2, -2, -2, 4, 1, 0, 1, -1, -1, 2, 0, -1, 1, 1, -2, 0, 0, 
          0, 0, 1, 1, -2, -1, 2, 2 ], 
      [ 0, -2, 2, 2, 4, 0, -2, 2, 1, 1, 2, 0, -1, 1, -1, -2, 0, 1, -1, -2, 0, 
          1, -1, 0, 2, -2, 0, 0, 1 ], 
      [ 0, 2, -2, -2, -4, 0, 2, 6, 1, 1, 2, 0, -1, -3, -1, -2, 0, 1, 3, -2, 
          0, 1, 3, 0, 2, 6, 0, 0, -3 ], 
      [ 0, -3, 3, 3, 6, 0, -3, 6, 1, 1, 2, 0, -1, 2, -1, -2, 0, 1, -2, -2, 0, 
          1, -2, 0, 2, -4, 0, 0, 2 ], 
      [ 0, 2, -1, -1, -1, 1, 1, 1, 2, 2, 2, -2, -2, -2, -1, -1, 1, 1, 1, -1, 
          1, 1, 1, 1, 1, 1, -1, -1, -1 ], 
      [ 0, 1, -1, -1, -1, 1, 1, 2, 1, 1, 1, -1, -1, -2, -1, -1, 1, 1, 2, -1, 
          1, 1, 2, 1, 1, 2, -1, -2, -2 ], 
      [ 0, -2, 1, 1, 1, -1, -1, 1, 2, 2, 2, -2, -2, 2, -1, -1, 1, 1, -1, -1, 
          1, 1, -1, 1, 1, -1, -1, 1, 1 ], 
      [ 0, -2, 2, 2, 2, -2, -2, 2, 1, 1, 1, -1, -1, 1, -1, -1, 1, 1, -1, -1, 
          1, 1, -1, 1, 1, -1, -1, 1, 1 ], 
      [ 0, 2, -2, -2, -2, 2, 2, 6, 1, 1, 1, -1, -1, -3, -1, -1, 1, 1, 3, -1, 
          1, 1, 3, 1, 1, 3, -1, -3, -3 ], 
      [ 0, -3, 3, 3, 3, -3, -3, 6, 1, 1, 1, -1, -1, 2, -1, -1, 1, 1, -2, -1, 
          1, 1, -2, 1, 1, -2, -1, 2, 2 ], 
      [ 0, 4, -2, -2, -2, 2, 2, 4, 2, 2, 2, -2, -2, -4, -1, -1, 1, 1, 2, -1, 
          1, 1, 2, 1, 1, 2, -1, -2, -2 ], 
      [ 0, -4, 2, 2, 2, -2, -2, 4, 2, 2, 2, -2, -2, 4, -1, -1, 1, 1, -2, -1, 
          1, 1, -2, 1, 1, -2, -1, 2, 2 ], 
      [ 0, 2, -1, -1, -2, 1, 1, 2, 2, 2, 4, -2, -2, -4, -1, -2, 1, 1, 2, -2, 
          1, 1, 2, 2, 2, 4, -1, -2, -2 ], 
      [ 0, -4, 2, 2, 4, -2, -2, 2, 2, 2, 4, -2, -2, 2, -1, -2, 1, 1, -1, -2, 
          1, 1, -1, 2, 2, -2, -1, 1, 1 ], 
      [ 0, 6, -3, -3, -3, 3, 3, 9, 2, 2, 2, -2, -2, -6, -1, -1, 1, 1, 3, -1, 
          1, 1, 3, 1, 1, 3, -1, -3, -3 ], 
      [ 0, -6, 3, 3, 3, -3, -3, 9, 2, 2, 2, -2, -2, 6, -1, -1, 1, 1, -3, -1, 
          1, 1, -3, 1, 1, -3, -1, 3, 3 ], 
      [ 0, 4, -2, -2, -4, 2, 2, 6, 2, 2, 4, -2, -2, -6, -1, -2, 1, 1, 3, -2, 
          1, 1, 3, 2, 2, 6, -1, -3, -3 ], 
      [ 0, -6, 3, 3, 6, -3, -3, 6, 2, 2, 4, -2, -2, 4, -1, -2, 1, 1, -2, -2, 
          1, 1, -2, 2, 2, -4, -1, 2, 2 ], 
      [ 0, 6, -3, -3, -6, 3, 3, 12, 2, 2, 4, -2, -2, -8, -1, -2, 1, 1, 4, -2, 
          1, 1, 4, 2, 2, 8, -1, -4, -4 ], 
      [ 0, -8, 4, 4, 8, -4, -4, 12, 2, 2, 4, -2, -2, 6, -1, -2, 1, 1, -3, -2, 
          1, 1, -3, 2, 2, -6, -1, 3, 3 ] ],
  ListIncidentSymbol := 
   [ [ -1, 0, 0, 0, 0, 0, 1, 1 ], [ -1, 0, 0, 0, 0, 1, 0, 1 ], 
      [ -1, 1, 0, 0, 0, 0, 0, 1 ], [ -1, 0, 0, 0, 1, 0, 0, 1 ], 
      [ -1, 0, 0, 1, 0, 0, 0, 1 ], [ -1, 1, 0, 0, 0, 1, 0, 0 ], 
      [ -1, 0, 1, 0, 0, 0, 0, 1 ], [ 1, 0, 0, 0, 0, 0, 1, -1 ], 
      [ 0, 1, -1, 0, 0, 1, 0, 0 ], [ 0, 1, 0, -1, 0, 1, 0, 0 ], 
      [ 0, -1, 0, 1, 1, 0, 0, 0 ], [ 0, 0, 0, 0, 1, 1, 0, -1 ], 
      [ 0, -1, 1, 0, 1, 0, 0, 0 ], [ -1, 0, 0, 1, 1, 0, 0, 0 ], 
      [ 0, 1, 0, 0, -1, 0, 1, 0 ], [ -1, 0, 1, 0, 1, 0, 0, 0 ], 
      [ 0, 0, 0, 1, 1, 0, 0, -1 ], [ 1, 0, 0, 0, -1, 0, 1, 0 ], 
      [ 1, 0, 0, 0, 0, 1, 0, -1 ], [ 0, 0, 0, 0, -1, 0, 1, 1 ], 
      [ -1, 0, 0, 0, 1, 1, 0, 0 ], [ 0, 1, 0, 0, 0, 1, 0, -1 ], 
      [ 0, 0, 1, 0, 1, 0, 0, -1 ], [ 1, 0, 0, 0, 1, 0, 0, -1 ], 
      [ 1, 1, 0, 0, 0, 0, 0, -1 ], [ 1, 0, 0, 1, 0, 0, 0, -1 ], 
      [ 1, 0, 1, 0, 0, 0, 0, -1 ], [ -1, 1, -1, 0, 0, 1, 0, 1 ], 
      [ 1, 1, -1, 0, -1, 0, 1, 0 ], [ -1, 1, 0, -1, 0, 1, 0, 1 ], 
      [ 1, 1, 0, -1, -1, 0, 1, 0 ], [ 0, -1, 1, 1, 1, -1, 0, 0 ], 
      [ 1, 1, -1, 0, 0, 1, 0, -1 ], [ -1, 1, 0, 0, -1, 0, 1, 1 ], 
      [ -1, -1, 0, 1, 1, 0, 0, 1 ], [ -1, -1, 1, 0, 1, 0, 0, 1 ], 
      [ 1, 1, 0, -1, 0, 1, 0, -1 ], [ 0, 1, -1, 0, -1, 0, 1, 1 ], 
      [ 1, 1, 0, 0, -1, 0, 1, -1 ], [ 1, -1, 0, 1, 1, 0, 0, -1 ], 
      [ 1, -1, 1, 0, 1, 0, 0, -1 ], [ 0, 1, 0, -1, -1, 0, 1, 1 ], 
      [ 0, 1, -1, 0, -1, 1, 1, 0 ], [ 0, 1, 0, -1, -1, 1, 1, 0 ], 
      [ -1, -1, 1, 1, 1, 0, 0, 0 ], [ 0, -1, 1, 1, 1, 0, 0, -1 ], 
      [ -2, -1, 1, 1, 1, 0, 0, 1 ], [ 1, -1, 1, 1, 1, 0, 0, -2 ], 
      [ -1, 1, -1, 0, -1, 0, 1, 2 ], [ -1, 1, 0, -1, -1, 0, 1, 2 ], 
      [ 0, -1, 1, 1, 2, 0, -1, -1 ], [ 2, 1, -1, 0, -1, 0, 1, -1 ], 
      [ 2, 1, 0, -1, -1, 0, 1, -1 ], [ 0, 2, -1, -1, -1, 1, 1, 0 ], 
      [ -1, -1, 1, 1, 2, 0, -1, 0 ], [ -1, 1, -1, 0, -1, 1, 1, 1 ], 
      [ -1, 1, 0, -1, -1, 1, 1, 1 ], [ 0, 1, -1, -1, -1, 1, 1, 1 ], 
      [ 1, -1, 1, 1, 1, -1, 0, -1 ], [ 1, 1, -1, 0, -1, 1, 1, -1 ], 
      [ 1, 1, -1, -1, -1, 1, 1, 0 ], [ 1, 1, 0, -1, -1, 1, 1, -1 ], 
      [ -1, -1, 1, 1, 1, -1, 0, 1 ], [ 2, -1, 1, 1, 1, -1, 0, -2 ], 
      [ 0, 2, -1, -1, -2, 1, 1, 1 ], [ 1, 2, -1, -1, -2, 1, 1, 0 ], 
      [ -2, 1, -1, 0, -1, 1, 1, 2 ], [ -2, 1, 0, -1, -1, 1, 1, 2 ], 
      [ -2, -1, 1, 1, 1, -1, 0, 2 ], [ 1, -1, 1, 1, 2, 0, -1, -2 ], 
      [ 2, 1, 0, -1, -1, 1, 1, -2 ], [ 2, 1, -1, 0, -1, 1, 1, -2 ], 
      [ -2, -1, 1, 1, 2, 0, -1, 1 ], [ 2, -1, 1, 1, 2, 0, -1, -3 ], 
      [ -3, -1, 1, 1, 2, 0, -1, 2 ], [ -1, 2, -1, -1, -1, 1, 1, 1 ], 
      [ -1, 1, -1, -1, -1, 1, 1, 2 ], [ 1, 2, -1, -1, -1, 1, 1, -1 ], 
      [ 2, 1, -1, -1, -1, 1, 1, -1 ], [ -2, 1, -1, -1, -1, 1, 1, 3 ], 
      [ 3, 1, -1, -1, -1, 1, 1, -2 ], [ -2, 2, -1, -1, -1, 1, 1, 2 ], 
      [ 2, 2, -1, -1, -1, 1, 1, -2 ], [ -1, 2, -1, -1, -2, 1, 1, 2 ], 
      [ 2, 2, -1, -1, -2, 1, 1, -1 ], [ -3, 2, -1, -1, -1, 1, 1, 3 ], 
      [ 3, 2, -1, -1, -1, 1, 1, -3 ], [ -2, 2, -1, -1, -2, 1, 1, 3 ], 
      [ 3, 2, -1, -1, -2, 1, 1, -2 ], [ -3, 2, -1, -1, -2, 1, 1, 4 ], 
      [ 4, 2, -1, -1, -2, 1, 1, -3 ] ],
  ListAdjacent := [ rec(
          DistVect := [ 0, 0, 0, 0, 0, 1, 0, 0, 0, 0, 0, 1, 0, 0, 0, 0, 1, 0, 
              0, 0, 1, 0, 0, 1, 0, 0, 1, 1, 0 ],
          eAdj := [ 1, 2, 3, 4, 5, 6, 7, 8, 9, 10, 11, 12, 13, 14, 15, 16, 
              17, 18, 19, 20, 21, 22, 23, 24, 25, 26, 27, 28, 29, 30, 31, 33, 
              34, 35, 36, 37, 38, 39, 40, 41, 42, 43, 44, 45, 46, 47, 48, 49, 
              50, 51, 52, 53, 54, 55, 56, 57, 58, 60, 61, 62, 65, 66, 67, 68, 
              70, 71, 72, 73, 74, 75, 76, 77, 78, 79, 80, 81, 82, 83, 84, 85, 
              86, 87, 88, 89, 90, 91 ] ), rec(
          DistVect := [ 0, 0, 0, 1, 0, 1, 0, 0, 0, 1, 0, 1, 0, 0, 1, 0, 1, 0, 
              0, 1, 0, 1, 1, 1, 0, 0, 1, 1, 0 ],
          eAdj := [ 1, 2, 3, 4, 5, 6, 7, 8, 9, 10, 11, 12, 13, 14, 15, 16, 
              17, 18, 19, 20, 21, 22, 23, 24, 25, 26, 27, 28, 29, 30, 32, 33, 
              34, 35, 36, 37, 38, 39, 40, 41, 43, 44, 45, 46, 47, 48, 49, 51, 
              52, 54, 55, 56, 57, 58, 59, 60, 61, 62, 63, 64, 65, 66, 67, 68, 
              69, 70, 71, 72, 73, 74, 75, 76, 77, 78, 79, 80, 81, 82, 83, 84, 
              85, 86, 87, 88, 89, 90, 91 ] ), rec(
          DistVect := [ 0, 1, 1, 0, 0, 0, 0, 0, 0, 1, 1, 1, 1, 1, 1, 1, 1, 1, 
              1, 0, 0, 0, 0, 0, 0, 0, 0, 0, 0 ],
          eAdj := [ 1, 2, 3, 4, 5, 6, 7, 8, 9, 10, 12, 13, 14, 15, 16, 17, 
              18, 19, 20, 21, 22, 23, 24, 25, 26, 27, 28, 29, 30, 31, 32, 33, 
              34, 36, 37, 38, 39, 41, 42, 43, 44, 45, 46, 47, 48, 49, 50, 51, 
              52, 53, 54, 55, 56, 57, 58, 59, 60, 61, 62, 63, 64, 65, 66, 67, 
              68, 69, 70, 71, 72, 73, 74, 75, 76, 77, 78, 79, 80, 81, 82, 83, 
              84, 85, 86, 87, 88, 89, 90, 91 ] ), rec(
          DistVect := [ 0, 1, 1, 1, 0, 0, 1, 0, 0, 0, 1, 1, 0, 1, 0, 1, 1, 0, 
              1, 1, 1, 0, 1, 0, 1, 0, 1, 0, 1 ],
          eAdj := [ 1, 2, 3, 4, 5, 6, 7, 8, 9, 10, 11, 12, 13, 14, 16, 17, 
              18, 19, 20, 21, 22, 23, 24, 25, 26, 27, 28, 29, 30, 31, 32, 33, 
              35, 36, 37, 38, 40, 41, 42, 43, 44, 45, 46, 47, 48, 49, 50, 51, 
              52, 53, 54, 55, 56, 57, 58, 59, 60, 61, 62, 63, 64, 65, 66, 67, 
              68, 69, 70, 71, 72, 73, 74, 75, 76, 77, 78, 79, 80, 81, 82, 83, 
              84, 85, 86, 87, 88, 89, 90, 91 ] ), rec(
          DistVect := [ 0, 0, 0, 1, 0, 0, 1, 0, 0, 1, 0, 0, 1, 0, 1, 0, 0, 1, 
              0, 1, 1, 0, 1, 0, 1, 0, 1, 0, 1 ],
          eAdj := [ 1, 2, 3, 4, 5, 6, 7, 8, 9, 11, 12, 13, 14, 15, 16, 17, 
              18, 19, 20, 21, 22, 23, 24, 25, 26, 27, 28, 29, 31, 32, 33, 34, 
              35, 36, 38, 39, 40, 41, 42, 43, 44, 45, 46, 47, 48, 49, 50, 51, 
              52, 53, 54, 55, 56, 57, 58, 59, 60, 61, 62, 63, 64, 65, 66, 67, 
              68, 69, 70, 71, 72, 73, 74, 75, 76, 77, 78, 79, 80, 81, 82, 83, 
              84, 85, 86, 87, 88, 89, 90, 91 ] ), rec(
          DistVect := [ 0, 0, 1, 1, 0, 1, 1, 0, 1, 1, 0, 1, 1, 0, 0, 1, 0, 0, 
              1, 1, 0, 0, 1, 1, 1, 0, 0, 1, 1 ],
          eAdj := [ 1, 2, 3, 4, 5, 6, 7, 8, 9, 10, 11, 12, 13, 14, 15, 16, 
              17, 18, 19, 20, 21, 22, 23, 24, 25, 26, 27, 28, 29, 30, 31, 32, 
              33, 34, 35, 36, 37, 38, 39, 40, 41, 42, 43, 44, 49, 50, 51, 52, 
              53, 54, 55, 56, 57, 58, 59, 60, 61, 62, 63, 64, 65, 66, 67, 68, 
              69, 70, 71, 72, 73, 74, 75, 76, 77, 78, 79, 80, 81, 82, 83, 84, 
              85, 86, 87, 88, 89, 90, 91 ] ), rec(
          DistVect := [ 0, 1, 1, 0, 1, 0, 1, 0, 0, 1, 0, 1, 0, 1, 1, 0, 1, 0, 
              1, 1, 0, 1, 0, 1, 0, 1, 1, 0, 1 ],
          eAdj := [ 1, 2, 3, 4, 5, 6, 7, 8, 9, 10, 11, 12, 13, 14, 15, 17, 
              18, 19, 20, 21, 22, 24, 25, 26, 27, 28, 29, 30, 31, 32, 33, 34, 
              35, 36, 37, 38, 39, 40, 41, 42, 43, 44, 45, 46, 47, 48, 49, 50, 
              51, 52, 53, 54, 55, 56, 57, 58, 59, 60, 61, 62, 63, 64, 65, 66, 
              67, 68, 69, 70, 71, 72, 73, 74, 75, 76, 77, 78, 79, 80, 81, 82, 
              83, 84, 85, 86, 87, 88, 89, 90, 91 ] ), rec(
          DistVect := [ 0, 1, 1, 1, 0, 1, 0, 0, 0, 0, 1, 0, 1, 1, 0, 1, 0, 1, 
              1, 1, 0, 1, 1, 1, 0, 0, 1, 1, 0 ],
          eAdj := [ 1, 2, 3, 4, 5, 7, 8, 9, 10, 11, 12, 13, 14, 15, 16, 17, 
              18, 19, 20, 21, 23, 24, 25, 26, 27, 28, 29, 30, 31, 32, 33, 34, 
              35, 36, 37, 38, 39, 40, 41, 42, 43, 44, 45, 46, 47, 48, 49, 50, 
              51, 52, 53, 54, 55, 56, 57, 58, 59, 60, 61, 62, 63, 64, 65, 66, 
              67, 68, 69, 70, 71, 72, 73, 74, 75, 76, 77, 78, 79, 80, 81, 82, 
              83, 84, 85, 86, 87, 88, 89, 90, 91 ] ), rec(
          DistVect := [ 0, 1, 0, 0, 1, 0, 0, 0, 1, 1, 0, 1, 1, 1, 0, 1, 0, 0, 
              0, 1, 0, 0, 0, 1, 1, 1, 0, 0, 0 ],
          eAdj := [ 1, 2, 3, 4, 5, 6, 7, 8, 9, 10, 11, 12, 13, 14, 15, 16, 
              17, 19, 21, 22, 23, 24, 25, 26, 27, 28, 29, 30, 31, 32, 33, 34, 
              35, 36, 37, 38, 39, 40, 41, 42, 43, 44, 45, 46, 47, 48, 49, 50, 
              51, 52, 53, 54, 55, 56, 57, 58, 59, 60, 61, 62, 63, 64, 65, 66, 
              67, 68, 69, 70, 71, 72, 73, 74, 75, 76, 77, 78, 79, 80, 81, 82, 
              83, 84, 85, 86, 87, 88, 89, 90, 91 ] ), rec(
          DistVect := [ 0, 0, 0, 0, 1, 1, 1, 0, 0, 0, 1, 1, 1, 0, 0, 1, 1, 1, 
              0, 1, 1, 1, 0, 0, 0, 1, 0, 1, 1 ],
          eAdj := [ 1, 2, 3, 4, 5, 6, 7, 8, 9, 10, 11, 13, 14, 15, 16, 17, 
              18, 19, 20, 22, 23, 24, 25, 26, 27, 28, 29, 30, 31, 32, 33, 34, 
              35, 36, 37, 38, 39, 40, 41, 42, 43, 44, 45, 46, 47, 48, 49, 50, 
              51, 52, 53, 54, 55, 56, 57, 58, 59, 60, 61, 62, 63, 64, 65, 66, 
              67, 68, 69, 70, 71, 72, 73, 74, 75, 76, 77, 78, 79, 80, 81, 82, 
              83, 84, 85, 86, 87, 88, 89, 90, 91 ] ), rec(
          DistVect := [ 0, 0, 1, 0, 0, 1, 1, 0, 1, 0, 0, 1, 1, 0, 1, 1, 0, 0, 
              1, 0, 1, 1, 0, 1, 1, 0, 0, 1, 1 ],
          eAdj := [ 1, 2, 3, 4, 5, 6, 7, 8, 9, 10, 11, 12, 13, 14, 15, 16, 
              17, 18, 19, 20, 21, 22, 23, 24, 25, 26, 27, 28, 29, 30, 31, 32, 
              33, 34, 35, 36, 37, 38, 39, 40, 41, 42, 43, 45, 46, 47, 48, 49, 
              50, 51, 52, 53, 54, 55, 56, 58, 59, 60, 61, 63, 64, 65, 66, 67, 
              69, 70, 72, 73, 74, 75, 76, 77, 78, 79, 80, 81, 82, 83, 84, 85, 
              86, 87, 88, 89, 90, 91 ] ), rec(
          DistVect := [ 0, 4, 7, 7, 4, 4, 5, 3, 5, 5, 4, 8, 7, 5, 4, 7, 7, 8, 
              4, 7, 7, 8, 4, 8, 5, 3, 5, 7, 8 ],
          eAdj := [ 1, 2, 6, 17, 20, 21, 23, 26, 27, 28, 30, 34, 40, 41, 48, 
              49, 50, 64, 67, 68, 70, 74, 80, 82, 86, 88 ] ), rec(
          DistVect := [ 0, 4, 7, 7, 4, 4, 8, 3, 5, 5, 4, 8, 8, 5, 4, 7, 7, 5, 
              4, 7, 7, 5, 4, 8, 4, 3, 8, 7, 5 ],
          eAdj := [ 2, 6, 8, 15, 17, 18, 21, 23, 26, 27, 28, 30, 38, 40, 41, 
              42, 48, 51, 56, 57, 64, 70, 76, 77, 82, 84 ] ), rec(
          DistVect := [ 0, 4, 4, 7, 4, 4, 5, 3, 4, 5, 4, 8, 7, 5, 5, 8, 4, 7, 
              5, 7, 7, 8, 4, 8, 5, 3, 5, 7, 8 ],
          eAdj := [ 1, 2, 6, 9, 13, 16, 17, 20, 21, 23, 26, 28, 30, 34, 38, 
              40, 46, 50, 56, 59, 68, 70, 77, 82, 84, 88 ] ), rec(
          DistVect := [ 0, 4, 4, 7, 4, 4, 5, 3, 4, 5, 4, 8, 7, 5, 7, 8, 4, 5, 
              7, 7, 7, 8, 4, 8, 5, 3, 5, 7, 8 ],
          eAdj := [ 1, 2, 6, 7, 9, 13, 16, 17, 20, 21, 26, 30, 34, 38, 40, 
              46, 50, 51, 56, 59, 68, 70, 76, 77, 82, 84 ] ), rec(
          DistVect := [ 0, 4, 4, 7, 4, 4, 8, 3, 4, 5, 4, 8, 8, 5, 5, 8, 4, 8, 
              5, 7, 7, 5, 4, 8, 4, 3, 8, 7, 5 ],
          eAdj := [ 2, 6, 8, 9, 13, 15, 16, 17, 18, 21, 23, 26, 28, 29, 30, 
              40, 42, 43, 46, 51, 57, 58, 59, 65, 76, 84 ] ), rec(
          DistVect := [ 0, 4, 4, 7, 4, 4, 8, 3, 4, 5, 4, 8, 8, 5, 7, 8, 4, 8, 
              7, 7, 7, 5, 4, 8, 4, 3, 8, 7, 5 ],
          eAdj := [ 2, 6, 7, 8, 9, 13, 15, 16, 17, 18, 21, 26, 29, 30, 40, 
              42, 43, 46, 51, 54, 55, 57, 58, 59, 65, 76 ] ), rec(
          DistVect := [ 0, 5, 7, 4, 3, 4, 5, 3, 4, 5, 4, 9, 8, 4, 7, 8, 7, 8, 
              4, 7, 4, 5, 7, 7, 4, 4, 5, 7, 8 ],
          eAdj := [ 1, 2, 5, 6, 10, 13, 14, 15, 20, 21, 23, 27, 28, 31, 32, 
              35, 38, 44, 45, 51, 54, 55, 56, 58, 65, 76 ] ), rec(
          DistVect := [ 0, 7, 4, 4, 4, 4, 5, 3, 7, 5, 5, 9, 8, 4, 4, 8, 4, 5, 
              7, 8, 4, 7, 5, 8, 3, 5, 7, 5, 8 ],
          eAdj := [ 1, 7, 10, 14, 15, 16, 20, 21, 22, 25, 29, 31, 33, 35, 36, 
              37, 43, 44, 47, 55, 60, 61, 63, 73, 78, 85 ] ), rec(
          DistVect := [ 0, 2, 1, 1, 1, 1, 2, 1, 2, 1, 2, 2, 2, 1, 1, 2, 1, 2, 
              2, 2, 1, 2, 1, 2, 1, 2, 2, 1, 2 ],
          eAdj := [ 4, 7, 10, 14, 16, 18, 21, 22, 25, 31, 33, 35, 36, 37, 39, 
              47, 52, 53, 60, 62, 63, 69, 72, 73, 75, 79, 83, 89 ] ), rec(
          DistVect := [ 0, 5, 7, 4, 3, 4, 8, 3, 4, 5, 4, 9, 7, 4, 7, 8, 7, 5, 
              4, 7, 4, 8, 7, 7, 5, 4, 8, 7, 5 ],
          eAdj := [ 2, 5, 6, 8, 10, 13, 14, 18, 21, 23, 27, 28, 29, 32, 35, 
              39, 43, 45, 53, 54, 55, 61, 62, 66, 73, 78 ] ), rec(
          DistVect := [ 0, 7, 4, 4, 4, 4, 8, 3, 7, 5, 5, 9, 5, 4, 4, 8, 4, 8, 
              7, 8, 4, 8, 5, 8, 4, 5, 8, 5, 5 ],
          eAdj := [ 7, 8, 10, 14, 16, 18, 21, 22, 25, 33, 35, 36, 37, 39, 47, 
              52, 53, 60, 62, 63, 72, 73, 75, 79, 83, 89 ] ), rec(
          DistVect := [ 0, 7, 7, 4, 4, 4, 5, 3, 4, 5, 5, 9, 8, 4, 5, 9, 5, 8, 
              4, 8, 4, 7, 5, 8, 3, 5, 7, 5, 8 ],
          eAdj := [ 1, 9, 10, 13, 14, 15, 20, 21, 22, 23, 25, 27, 31, 32, 35, 
              37, 38, 43, 44, 45, 51, 54, 55, 56, 58, 66 ] ), rec(
          DistVect := [ 0, 5, 5, 4, 3, 4, 5, 3, 4, 5, 4, 9, 8, 4, 5, 8, 5, 8, 
              4, 7, 4, 5, 7, 7, 4, 4, 5, 7, 8 ],
          eAdj := [ 1, 2, 5, 6, 9, 10, 13, 14, 15, 16, 20, 21, 23, 28, 31, 
              32, 35, 38, 44, 45, 54, 55, 56, 58, 65, 66 ] ), rec(
          DistVect := [ 0, 5, 4, 4, 3, 4, 5, 3, 5, 5, 4, 9, 8, 4, 4, 7, 4, 5, 
              7, 7, 4, 5, 7, 7, 4, 4, 5, 7, 8 ],
          eAdj := [ 1, 2, 5, 6, 7, 9, 10, 14, 15, 16, 20, 21, 29, 31, 35, 36, 
              43, 44, 47, 54, 55, 61, 63, 66, 73, 78 ] ), rec(
          DistVect := [ 0, 7, 7, 4, 4, 4, 8, 3, 4, 5, 5, 9, 5, 4, 5, 9, 5, 5, 
              4, 8, 4, 8, 5, 8, 4, 5, 8, 5, 5 ],
          eAdj := [ 8, 9, 10, 13, 14, 18, 21, 22, 23, 25, 27, 29, 32, 35, 37, 
              39, 43, 45, 53, 55, 60, 61, 62, 73, 78, 85 ] ), rec(
          DistVect := [ 0, 5, 5, 4, 3, 4, 8, 3, 4, 5, 4, 9, 7, 4, 5, 8, 5, 7, 
              4, 7, 4, 8, 7, 7, 5, 4, 8, 7, 5 ],
          eAdj := [ 2, 5, 6, 8, 9, 10, 13, 14, 16, 18, 21, 23, 28, 29, 32, 
              35, 39, 43, 45, 53, 61, 62, 66, 73, 78, 85 ] ), rec(
          DistVect := [ 0, 5, 4, 4, 3, 4, 8, 3, 5, 5, 4, 9, 7, 4, 4, 7, 4, 8, 
              7, 7, 4, 8, 7, 7, 5, 4, 8, 7, 5 ],
          eAdj := [ 2, 5, 6, 7, 8, 9, 10, 14, 16, 18, 21, 35, 36, 39, 47, 52, 
              53, 60, 62, 63, 73, 75, 78, 79, 83, 85 ] ), rec(
          DistVect := [ 0, 3, 5, 7, 3, 4, 7, 3, 4, 4, 4, 7, 8, 4, 4, 8, 5, 8, 
              4, 8, 7, 8, 4, 7, 4, 4, 7, 7, 8 ],
          eAdj := [ 2, 6, 11, 13, 15, 16, 17, 18, 20, 21, 23, 26, 28, 30, 38, 
              40, 42, 46, 51, 56, 57, 59, 76, 77, 82, 84 ] ), rec(
          DistVect := [ 0, 3, 5, 5, 3, 4, 7, 3, 4, 4, 4, 7, 8, 4, 4, 8, 5, 8, 
              4, 8, 5, 8, 4, 7, 4, 4, 7, 7, 8 ],
          eAdj := [ 2, 6, 11, 13, 14, 15, 16, 17, 18, 20, 21, 23, 28, 30, 38, 
              42, 46, 51, 56, 57, 58, 59, 65, 76, 77, 84 ] ), rec(
          DistVect := [ 0, 5, 7, 7, 3, 4, 5, 3, 4, 4, 4, 9, 8, 4, 4, 8, 7, 8, 
              4, 8, 7, 8, 4, 7, 4, 4, 5, 7, 8 ],
          eAdj := [ 1, 2, 6, 11, 13, 15, 17, 20, 21, 23, 26, 27, 28, 30, 38, 
              42, 46, 51, 56, 57, 59, 70, 76, 77, 82, 84 ] ), rec(
          DistVect := [ 0, 3, 5, 5, 3, 4, 5, 3, 4, 4, 4, 7, 8, 4, 4, 8, 5, 8, 
              4, 8, 5, 8, 4, 7, 4, 4, 5, 7, 8 ],
          eAdj := [ 1, 2, 6, 11, 13, 14, 15, 16, 17, 20, 21, 23, 28, 30, 34, 
              38, 42, 46, 51, 56, 57, 59, 76, 77, 82, 84 ] ), rec(
          DistVect := [ 0, 5, 7, 7, 3, 4, 8, 3, 4, 4, 4, 9, 7, 4, 4, 8, 7, 5, 
              4, 8, 7, 5, 4, 7, 5, 4, 8, 7, 5 ],
          eAdj := [ 2, 6, 8, 11, 13, 17, 18, 21, 23, 26, 27, 28, 29, 30, 31, 
              39, 43, 44, 46, 51, 54, 55, 58, 59, 65, 76 ] ), rec(
          DistVect := [ 0, 3, 5, 5, 3, 4, 8, 3, 4, 4, 4, 7, 9, 4, 4, 8, 5, 7, 
              4, 8, 5, 7, 4, 7, 5, 4, 8, 7, 5 ],
          eAdj := [ 2, 6, 8, 11, 13, 14, 15, 16, 17, 18, 21, 23, 28, 29, 30, 
              31, 39, 43, 44, 46, 54, 55, 58, 59, 65, 76 ] ), rec(
          DistVect := [ 0, 3, 3, 5, 5, 4, 7, 3, 4, 4, 4, 7, 8, 4, 4, 8, 3, 8, 
              4, 8, 5, 8, 4, 9, 4, 4, 7, 7, 8 ],
          eAdj := [ 2, 6, 9, 11, 13, 15, 16, 17, 20, 21, 23, 28, 30, 34, 38, 
              40, 42, 46, 51, 56, 57, 58, 59, 76, 77, 84 ] ), rec(
          DistVect := [ 0, 4, 4, 7, 4, 4, 8, 3, 4, 3, 4, 8, 8, 3, 5, 8, 4, 8, 
              5, 7, 7, 7, 4, 8, 4, 3, 8, 7, 7 ],
          eAdj := [ 2, 6, 9, 11, 13, 15, 16, 17, 18, 20, 21, 23, 26, 29, 30, 
              40, 42, 43, 46, 51, 54, 57, 58, 59, 65, 76 ] ), rec(
          DistVect := [ 0, 5, 5, 7, 3, 4, 5, 3, 4, 4, 4, 9, 8, 4, 4, 8, 5, 8, 
              4, 8, 7, 8, 4, 7, 4, 4, 5, 7, 8 ],
          eAdj := [ 1, 2, 6, 9, 11, 13, 15, 16, 17, 20, 21, 23, 26, 28, 30, 
              38, 42, 46, 51, 56, 57, 59, 65, 76, 77, 84 ] ), rec(
          DistVect := [ 0, 5, 5, 7, 3, 4, 8, 3, 4, 4, 4, 9, 7, 4, 4, 8, 5, 7, 
              4, 8, 7, 5, 4, 7, 5, 4, 8, 7, 5 ],
          eAdj := [ 2, 6, 8, 9, 11, 13, 16, 17, 18, 21, 23, 26, 28, 29, 30, 
              31, 39, 43, 44, 46, 54, 55, 58, 59, 65, 66 ] ), rec(
          DistVect := [ 0, 4, 7, 4, 4, 4, 5, 3, 7, 4, 4, 8, 5, 7, 5, 9, 5, 8, 
              4, 8, 4, 7, 5, 8, 3, 5, 7, 5, 8 ],
          eAdj := [ 1, 3, 6, 10, 11, 14, 20, 21, 23, 27, 28, 30, 34, 41, 42, 
              46, 49, 51, 56, 57, 59, 67, 70, 77, 82, 84 ] ), rec(
          DistVect := [ 0, 3, 5, 4, 3, 4, 7, 3, 4, 3, 4, 7, 8, 4, 5, 8, 5, 8, 
              4, 7, 4, 7, 7, 7, 4, 4, 7, 7, 8 ],
          eAdj := [ 2, 5, 6, 10, 11, 13, 14, 15, 16, 18, 20, 21, 23, 28, 31, 
              32, 35, 38, 44, 45, 54, 55, 56, 58, 65, 76 ] ), rec(
          DistVect := [ 0, 4, 7, 4, 4, 4, 8, 3, 7, 4, 4, 8, 8, 7, 5, 9, 5, 5, 
              4, 8, 4, 8, 5, 8, 4, 5, 8, 5, 5 ],
          eAdj := [ 3, 6, 8, 10, 11, 14, 15, 18, 21, 23, 27, 28, 30, 31, 38, 
              41, 43, 44, 46, 51, 55, 56, 58, 59, 65, 76 ] ), rec(
          DistVect := [ 0, 4, 4, 4, 4, 4, 8, 3, 4, 4, 4, 8, 8, 3, 4, 8, 4, 8, 
              3, 8, 4, 8, 5, 8, 4, 5, 8, 7, 7 ],
          eAdj := [ 2, 6, 9, 10, 11, 13, 14, 15, 16, 18, 21, 23, 28, 29, 31, 
              32, 35, 39, 43, 44, 45, 54, 55, 58, 61, 66 ] ), rec(
          DistVect := [ 0, 4, 4, 4, 4, 4, 8, 3, 4, 4, 4, 8, 8, 3, 4, 8, 4, 8, 
              5, 8, 4, 8, 5, 8, 4, 3, 8, 7, 7 ],
          eAdj := [ 2, 6, 9, 10, 11, 13, 14, 15, 16, 17, 18, 20, 21, 23, 29, 
              31, 32, 43, 44, 45, 54, 55, 58, 61, 65, 66 ] ), rec(
          DistVect := [ 0, 4, 4, 4, 4, 4, 5, 3, 4, 4, 4, 8, 7, 5, 4, 8, 4, 7, 
              5, 8, 4, 7, 5, 8, 3, 5, 5, 7, 8 ],
          eAdj := [ 1, 2, 6, 9, 10, 11, 13, 14, 15, 16, 20, 21, 28, 30, 32, 
              34, 38, 42, 45, 51, 55, 56, 57, 58, 65, 76 ] ), rec(
          DistVect := [ 0, 5, 5, 5, 5, 4, 5, 3, 4, 4, 4, 9, 8, 4, 4, 8, 5, 8, 
              4, 8, 5, 8, 4, 9, 4, 4, 5, 7, 8 ],
          eAdj := [ 1, 2, 6, 9, 10, 11, 13, 15, 17, 20, 21, 23, 28, 30, 34, 
              38, 42, 46, 51, 56, 57, 59, 70, 76, 77, 84 ] ), rec(
          DistVect := [ 0, 4, 4, 4, 4, 4, 5, 3, 4, 4, 4, 8, 9, 3, 4, 8, 4, 7, 
              5, 8, 4, 7, 5, 8, 5, 3, 5, 7, 8 ],
          eAdj := [ 1, 2, 6, 9, 10, 11, 13, 14, 15, 16, 17, 20, 21, 23, 32, 
              34, 38, 42, 45, 51, 54, 56, 57, 58, 65, 76 ] ), rec(
          DistVect := [ 0, 4, 4, 4, 4, 4, 8, 3, 4, 4, 4, 8, 8, 3, 4, 8, 4, 8, 
              5, 8, 4, 8, 7, 8, 4, 3, 8, 7, 7 ],
          eAdj := [ 2, 5, 6, 9, 10, 11, 13, 14, 15, 16, 18, 20, 21, 23, 29, 
              31, 32, 35, 43, 44, 45, 54, 55, 61, 66, 78 ] ), rec(
          DistVect := [ 0, 4, 4, 4, 4, 4, 5, 3, 4, 4, 4, 8, 7, 5, 4, 8, 4, 7, 
              5, 8, 4, 5, 7, 8, 5, 3, 5, 7, 8 ],
          eAdj := [ 1, 2, 5, 6, 9, 10, 11, 13, 14, 16, 20, 21, 23, 28, 32, 
              34, 38, 42, 45, 51, 56, 57, 58, 65, 76, 84 ] ), rec(
          DistVect := [ 0, 4, 4, 4, 4, 4, 5, 3, 4, 4, 4, 8, 5, 7, 4, 8, 4, 5, 
              7, 8, 4, 7, 5, 8, 3, 5, 7, 5, 8 ],
          eAdj := [ 1, 3, 6, 7, 9, 10, 11, 13, 14, 16, 20, 21, 30, 32, 34, 
              38, 42, 43, 45, 51, 55, 56, 57, 58, 65, 76 ] ), rec(
          DistVect := [ 0, 1, 1, 1, 1, 1, 2, 1, 1, 1, 1, 2, 2, 2, 1, 2, 1, 2, 
              2, 2, 1, 2, 1, 2, 1, 2, 2, 1, 2 ],
          eAdj := [ 3, 4, 6, 7, 9, 10, 11, 13, 14, 15, 16, 18, 21, 29, 30, 
              31, 32, 36, 42, 43, 44, 45, 54, 55, 60, 61, 63, 66, 73 ] ), rec(
          DistVect := [ 0, 4, 4, 4, 4, 4, 5, 3, 4, 4, 4, 8, 7, 5, 4, 8, 4, 5, 
              7, 8, 4, 5, 7, 8, 5, 3, 5, 7, 8 ],
          eAdj := [ 1, 2, 5, 6, 7, 9, 10, 11, 13, 14, 16, 20, 21, 32, 34, 38, 
              42, 45, 51, 54, 55, 56, 57, 58, 65, 76 ] ), rec(
          DistVect := [ 0, 4, 4, 4, 4, 4, 8, 3, 4, 4, 4, 8, 8, 5, 4, 8, 4, 8, 
              5, 8, 4, 8, 5, 8, 4, 5, 8, 7, 5 ],
          eAdj := [ 2, 6, 8, 9, 10, 11, 13, 14, 15, 16, 18, 21, 28, 29, 30, 
              31, 32, 39, 43, 44, 45, 54, 55, 61, 66, 73 ] ), rec(
          DistVect := [ 0, 5, 5, 5, 5, 4, 8, 3, 4, 4, 4, 9, 7, 4, 4, 8, 5, 7, 
              4, 8, 5, 7, 4, 9, 3, 4, 8, 7, 5 ],
          eAdj := [ 2, 6, 8, 9, 10, 11, 13, 15, 17, 18, 21, 23, 28, 29, 30, 
              31, 39, 43, 44, 46, 51, 54, 55, 58, 59, 65 ] ), rec(
          DistVect := [ 0, 4, 4, 4, 4, 4, 8, 3, 4, 4, 4, 8, 8, 3, 4, 8, 4, 8, 
              5, 8, 4, 8, 5, 8, 4, 3, 8, 7, 5 ],
          eAdj := [ 2, 6, 8, 9, 10, 11, 13, 14, 15, 16, 17, 18, 21, 23, 29, 
              31, 32, 39, 43, 44, 45, 54, 55, 61, 66, 78 ] ), rec(
          DistVect := [ 0, 4, 4, 4, 4, 4, 8, 3, 4, 4, 4, 8, 8, 5, 4, 8, 4, 8, 
              5, 8, 4, 8, 7, 8, 4, 3, 8, 7, 5 ],
          eAdj := [ 2, 5, 6, 8, 9, 10, 11, 13, 14, 15, 16, 18, 21, 23, 28, 
              29, 31, 32, 43, 44, 45, 54, 55, 61, 65, 66 ] ), rec(
          DistVect := [ 0, 4, 4, 4, 4, 4, 8, 3, 4, 4, 4, 8, 8, 7, 4, 8, 4, 8, 
              7, 8, 4, 8, 5, 8, 4, 5, 8, 5, 5 ],
          eAdj := [ 3, 6, 7, 8, 9, 10, 11, 13, 14, 15, 16, 18, 21, 29, 30, 
              31, 32, 43, 44, 45, 54, 55, 60, 61, 66, 73 ] ), rec(
          DistVect := [ 0, 4, 4, 4, 4, 4, 8, 3, 4, 4, 4, 8, 8, 5, 4, 8, 4, 8, 
              7, 8, 4, 8, 7, 8, 4, 3, 8, 7, 5 ],
          eAdj := [ 2, 5, 6, 7, 8, 9, 10, 11, 13, 14, 15, 16, 18, 21, 29, 31, 
              32, 43, 44, 45, 54, 55, 61, 66, 73, 78 ] ), rec(
          DistVect := [ 0, 4, 7, 7, 4, 4, 5, 3, 7, 7, 4, 8, 5, 7, 4, 7, 5, 8, 
              4, 7, 5, 8, 4, 8, 5, 3, 7, 5, 8 ],
          eAdj := [ 1, 3, 6, 12, 17, 20, 21, 23, 26, 27, 28, 30, 34, 40, 41, 
              48, 49, 50, 64, 67, 68, 74, 80, 86, 88, 90 ] ), rec(
          DistVect := [ 0, 4, 7, 7, 3, 5, 5, 3, 7, 7, 3, 9, 5, 7, 4, 8, 4, 8, 
              4, 8, 4, 8, 4, 8, 4, 4, 8, 4, 8 ],
          eAdj := [ 1, 3, 6, 12, 17, 20, 21, 23, 26, 27, 28, 30, 34, 40, 41, 
              48, 49, 50, 56, 57, 59, 70, 77, 82, 84, 88 ] ), rec(
          DistVect := [ 0, 7, 4, 4, 3, 5, 5, 3, 7, 7, 4, 8, 8, 4, 4, 7, 5, 5, 
              7, 7, 5, 5, 7, 8, 4, 4, 8, 4, 8 ],
          eAdj := [ 1, 5, 7, 12, 14, 15, 16, 20, 21, 22, 25, 29, 31, 33, 35, 
              36, 37, 47, 60, 62, 69, 73, 79, 83, 85, 89 ] ), rec(
          DistVect := [ 0, 7, 4, 4, 4, 4, 5, 3, 7, 7, 3, 9, 8, 4, 4, 8, 4, 5, 
              7, 8, 4, 5, 7, 8, 5, 3, 7, 5, 8 ],
          eAdj := [ 1, 5, 7, 12, 14, 15, 16, 20, 21, 22, 25, 29, 31, 33, 35, 
              36, 37, 43, 44, 47, 55, 61, 63, 66, 78, 85 ] ), rec(
          DistVect := [ 0, 7, 7, 4, 3, 5, 5, 3, 4, 7, 4, 8, 8, 4, 7, 8, 4, 8, 
              4, 7, 5, 5, 7, 8, 4, 4, 8, 4, 8 ],
          eAdj := [ 1, 5, 9, 12, 13, 14, 15, 20, 21, 22, 23, 25, 27, 31, 35, 
              37, 38, 43, 45, 55, 61, 62, 63, 66, 78, 85 ] ), rec(
          DistVect := [ 0, 7, 7, 4, 4, 4, 5, 3, 4, 7, 3, 9, 8, 4, 7, 7, 5, 8, 
              4, 8, 4, 5, 7, 8, 5, 3, 7, 5, 8 ],
          eAdj := [ 1, 5, 9, 12, 13, 14, 15, 20, 21, 22, 23, 25, 27, 31, 32, 
              35, 37, 38, 44, 45, 51, 54, 56, 58, 65, 66 ] ), rec(
          DistVect := [ 0, 4, 4, 7, 4, 4, 5, 3, 4, 7, 4, 8, 5, 7, 7, 8, 4, 5, 
              7, 7, 5, 8, 4, 8, 5, 3, 7, 5, 8 ],
          eAdj := [ 1, 3, 6, 7, 9, 12, 13, 16, 17, 20, 21, 26, 30, 34, 38, 
              40, 46, 50, 56, 59, 68, 70, 77, 82, 84, 88 ] ), rec(
          DistVect := [ 0, 4, 4, 7, 3, 5, 5, 3, 4, 7, 3, 9, 5, 7, 7, 7, 5, 5, 
              7, 8, 4, 8, 4, 8, 4, 4, 8, 4, 8 ],
          eAdj := [ 1, 3, 6, 7, 9, 12, 13, 16, 17, 20, 21, 26, 30, 32, 34, 
              38, 40, 43, 46, 50, 51, 57, 58, 65, 76, 84 ] ), rec(
          DistVect := [ 0, 4, 7, 4, 4, 4, 5, 3, 5, 4, 4, 8, 7, 5, 5, 7, 5, 8, 
              4, 8, 4, 7, 5, 8, 5, 3, 7, 5, 8 ],
          eAdj := [ 1, 6, 10, 11, 12, 14, 17, 20, 21, 23, 27, 28, 34, 41, 42, 
              46, 49, 56, 57, 59, 67, 70, 76, 77, 82, 84 ] ), rec(
          DistVect := [ 0, 5, 4, 5, 3, 5, 5, 3, 5, 4, 4, 8, 8, 4, 5, 7, 5, 5, 
              7, 8, 4, 8, 4, 8, 4, 4, 8, 4, 8 ],
          eAdj := [ 1, 7, 10, 11, 12, 14, 15, 16, 17, 20, 21, 22, 29, 33, 36, 
              42, 43, 44, 45, 54, 55, 60, 61, 63, 66, 78 ] ), rec(
          DistVect := [ 0, 5, 7, 5, 3, 5, 5, 3, 4, 4, 4, 8, 8, 4, 4, 8, 4, 8, 
              4, 8, 4, 8, 4, 8, 4, 4, 8, 4, 8 ],
          eAdj := [ 1, 9, 10, 11, 12, 13, 14, 15, 17, 20, 21, 22, 23, 27, 32, 
              38, 42, 43, 44, 46, 51, 54, 56, 58, 65, 76 ] ), rec(
          DistVect := [ 0, 7, 7, 7, 4, 4, 5, 3, 4, 4, 3, 9, 8, 4, 4, 7, 5, 8, 
              4, 7, 5, 8, 4, 8, 5, 3, 7, 5, 8 ],
          eAdj := [ 1, 9, 10, 11, 12, 13, 15, 17, 20, 21, 22, 23, 25, 26, 27, 
              38, 42, 46, 56, 57, 59, 65, 70, 76, 77, 84 ] ), rec(
          DistVect := [ 0, 7, 7, 7, 3, 5, 5, 3, 4, 4, 4, 8, 8, 4, 4, 8, 4, 8, 
              4, 8, 4, 8, 4, 8, 4, 4, 8, 4, 8 ],
          eAdj := [ 1, 9, 10, 11, 12, 13, 15, 17, 20, 21, 22, 23, 25, 26, 27, 
              32, 38, 42, 43, 44, 46, 51, 54, 58, 65, 66 ] ), rec(
          DistVect := [ 0, 4, 4, 4, 4, 4, 8, 3, 4, 4, 4, 8, 8, 3, 4, 8, 4, 8, 
              5, 8, 4, 8, 5, 8, 4, 3, 8, 5, 7 ],
          eAdj := [ 6, 9, 10, 11, 12, 13, 14, 15, 16, 17, 18, 20, 21, 22, 23, 
              29, 31, 32, 43, 44, 45, 54, 55, 61, 66, 78 ] ), rec(
          DistVect := [ 0, 4, 4, 4, 4, 4, 5, 3, 4, 4, 4, 8, 7, 5, 4, 8, 4, 5, 
              7, 8, 4, 7, 5, 8, 5, 3, 7, 5, 8 ],
          eAdj := [ 1, 6, 7, 9, 10, 11, 12, 13, 14, 16, 17, 20, 21, 32, 34, 
              38, 42, 43, 45, 51, 54, 56, 57, 58, 65, 76 ] ), rec(
          DistVect := [ 0, 4, 4, 4, 3, 5, 5, 3, 4, 4, 3, 9, 5, 7, 4, 7, 5, 5, 
              7, 7, 5, 5, 7, 8, 4, 4, 8, 4, 8 ],
          eAdj := [ 1, 3, 5, 6, 7, 9, 10, 11, 12, 13, 14, 16, 20, 21, 34, 38, 
              42, 43, 44, 45, 54, 55, 61, 63, 65, 66 ] ), rec(
          DistVect := [ 0, 4, 4, 4, 4, 4, 5, 3, 4, 4, 4, 8, 5, 7, 4, 8, 4, 5, 
              7, 8, 4, 5, 7, 8, 5, 3, 7, 5, 8 ],
          eAdj := [ 1, 3, 5, 6, 7, 9, 10, 11, 12, 13, 14, 16, 20, 21, 32, 34, 
              38, 42, 45, 51, 56, 57, 58, 65, 76, 84 ] ), rec(
          DistVect := [ 0, 1, 2, 2, 1, 1, 1, 1, 2, 2, 1, 2, 1, 2, 1, 2, 2, 2, 
              1, 2, 2, 2, 1, 2, 1, 1, 1, 2, 2 ],
          eAdj := [ 1, 2, 3, 6, 17, 20, 21, 23, 26, 27, 28, 30, 34, 40, 41, 
              48, 49, 50, 64, 67, 68, 70, 74, 80, 86, 88, 90 ] ), rec(
          DistVect := [ 0, 1, 2, 2, 1, 1, 2, 1, 2, 2, 1, 2, 2, 2, 1, 2, 2, 1, 
              1, 2, 2, 1, 1, 2, 1, 1, 2, 2, 1 ],
          eAdj := [ 2, 3, 6, 8, 15, 17, 18, 21, 23, 26, 27, 28, 30, 38, 40, 
              41, 42, 48, 51, 56, 57, 64, 70, 77, 82, 84, 88 ] ), rec(
          DistVect := [ 0, 2, 2, 1, 1, 1, 2, 1, 1, 1, 2, 2, 2, 1, 1, 3, 1, 2, 
              1, 2, 1, 2, 1, 2, 1, 2, 2, 1, 2 ],
          eAdj := [ 4, 9, 10, 13, 14, 16, 18, 21, 22, 23, 25, 27, 29, 31, 32, 
              35, 36, 37, 39, 43, 45, 53, 55, 60, 61, 62, 63, 73, 78, 85 ] ), 
      rec(
          DistVect := [ 0, 2, 1, 1, 1, 1, 2, 1, 1, 1, 2, 2, 1, 1, 1, 2, 1, 2, 
              1, 2, 1, 2, 1, 2, 1, 2, 2, 1, 1 ],
          eAdj := [ 4, 8, 9, 10, 14, 16, 18, 21, 22, 25, 33, 35, 36, 37, 39, 
              45, 47, 52, 53, 60, 62, 63, 71, 72, 73, 75, 79, 83, 89 ] ), rec(
          DistVect := [ 0, 1, 1, 1, 0, 1, 2, 1, 1, 1, 1, 2, 2, 1, 1, 1, 1, 2, 
              2, 1, 1, 2, 2, 1, 2, 1, 2, 2, 1 ],
          eAdj := [ 2, 4, 5, 6, 7, 8, 9, 10, 14, 16, 18, 21, 35, 36, 39, 47, 
              52, 53, 60, 62, 63, 75, 78, 79, 83, 85, 89 ] ), rec(
          DistVect := [ 0, 1, 2, 2, 1, 1, 2, 1, 1, 1, 1, 2, 2, 1, 1, 2, 2, 2, 
              1, 2, 2, 2, 1, 2, 1, 1, 2, 2, 2 ],
          eAdj := [ 2, 6, 11, 13, 15, 17, 18, 20, 21, 23, 26, 27, 28, 30, 38, 
              40, 41, 42, 46, 48, 51, 56, 57, 59, 64, 70, 76, 77, 82, 84 ] ), 
      rec(
          DistVect := [ 0, 1, 1, 2, 1, 1, 2, 1, 1, 1, 1, 2, 2, 1, 2, 2, 1, 2, 
              2, 2, 2, 2, 1, 2, 1, 1, 2, 2, 2 ],
          eAdj := [ 2, 6, 7, 9, 11, 13, 15, 16, 17, 18, 20, 21, 26, 29, 30, 
              32, 36, 40, 42, 43, 45, 46, 51, 54, 55, 57, 58, 59, 65, 76 ] ), 
      rec(
          DistVect := [ 0, 1, 2, 1, 1, 1, 2, 1, 1, 1, 1, 2, 2, 1, 1, 2, 2, 2, 
              1, 2, 1, 2, 1, 2, 1, 1, 2, 2, 2 ],
          eAdj := [ 2, 6, 10, 11, 13, 14, 15, 17, 18, 20, 21, 23, 27, 28, 30, 
              31, 38, 41, 42, 44, 46, 51, 56, 57, 58, 59, 65, 76, 77, 84 ] ), 
      rec(
          DistVect := [ 0, 1, 2, 1, 1, 1, 2, 1, 2, 1, 1, 2, 2, 2, 1, 3, 1, 2, 
              1, 2, 1, 2, 1, 2, 1, 2, 2, 1, 2 ],
          eAdj := [ 3, 4, 6, 10, 11, 13, 14, 15, 16, 18, 21, 23, 27, 28, 30, 
              31, 32, 38, 41, 42, 43, 44, 46, 51, 55, 56, 58, 59, 65, 76 ] ), 
      rec(
          DistVect := [ 0, 1, 1, 1, 1, 1, 2, 1, 1, 1, 1, 2, 2, 1, 1, 2, 1, 2, 
              2, 2, 1, 2, 1, 2, 1, 1, 2, 2, 2 ],
          eAdj := [ 2, 6, 7, 9, 10, 11, 13, 14, 15, 16, 17, 18, 20, 21, 29, 
              30, 31, 32, 36, 42, 43, 44, 45, 54, 55, 57, 58, 61, 65, 66 ] ), 
      rec(
          DistVect := [ 0, 1, 0, 1, 1, 1, 2, 1, 1, 1, 1, 2, 2, 1, 1, 1, 1, 2, 
              1, 2, 1, 2, 1, 2, 1, 2, 2, 1, 2 ],
          eAdj := [ 4, 6, 7, 9, 10, 11, 14, 15, 16, 18, 21, 22, 29, 31, 33, 
              35, 36, 39, 44, 45, 47, 52, 60, 61, 62, 63, 73, 78, 79, 85 ] ), 
      rec(
          DistVect := [ 0, 1, 1, 1, 1, 1, 2, 1, 1, 1, 1, 2, 2, 1, 1, 2, 1, 2, 
              2, 2, 1, 2, 2, 2, 1, 1, 2, 2, 2 ],
          eAdj := [ 2, 5, 6, 7, 9, 10, 11, 13, 14, 15, 16, 18, 20, 21, 29, 
              31, 32, 35, 36, 43, 44, 45, 47, 54, 55, 61, 63, 66, 73, 78 ] ), 
      rec(
          DistVect := [ 0, 1, 2, 2, 1, 1, 2, 1, 2, 2, 1, 2, 2, 2, 1, 2, 1, 2, 
              1, 2, 1, 2, 1, 2, 1, 1, 2, 1, 2 ],
          eAdj := [ 3, 6, 12, 15, 17, 18, 20, 21, 23, 26, 27, 28, 30, 34, 38, 
              40, 41, 42, 48, 49, 50, 56, 57, 59, 64, 70, 77, 82, 84, 88 ] ), 
      rec(
          DistVect := [ 0, 0, 1, 1, 1, 0, 0, 1, 1, 1, 1, 0, 0, 1, 0, 0, 1, 1, 
              0, 0, 1, 1, 0, 1, 1, 0, 0, 1, 1 ],
          eAdj := [ 1, 2, 3, 6, 12, 17, 20, 21, 23, 24, 26, 27, 28, 30, 34, 
              40, 41, 48, 49, 50, 64, 67, 68, 74, 80, 86, 90 ] ), rec(
          DistVect := [ 0, 2, 2, 1, 1, 1, 2, 1, 1, 2, 1, 2, 2, 1, 2, 2, 1, 2, 
              1, 2, 1, 2, 2, 2, 1, 1, 2, 1, 2 ],
          eAdj := [ 5, 9, 12, 13, 14, 15, 18, 20, 21, 22, 23, 25, 27, 29, 31, 
              32, 35, 37, 38, 39, 43, 45, 53, 55, 61, 62, 63, 66, 78, 85 ] ), 
      rec(
          DistVect := [ 0, 2, 1, 1, 1, 1, 1, 1, 1, 2, 1, 2, 2, 1, 1, 2, 1, 2, 
              1, 2, 1, 1, 2, 2, 1, 1, 2, 1, 2 ],
          eAdj := [ 1, 5, 9, 12, 13, 14, 15, 16, 20, 21, 22, 23, 25, 29, 31, 
              33, 35, 36, 37, 38, 43, 44, 45, 47, 55, 61, 62, 63, 66, 78, 85 
             ] ), rec(
          DistVect := [ 0, 1, 1, 2, 1, 1, 1, 1, 1, 2, 1, 2, 1, 2, 1, 2, 1, 2, 
              1, 2, 1, 2, 1, 2, 1, 1, 2, 1, 2 ],
          eAdj := [ 1, 3, 6, 9, 12, 13, 16, 17, 20, 21, 23, 26, 28, 30, 34, 
              38, 40, 41, 46, 48, 49, 50, 56, 57, 59, 68, 70, 77, 82, 84, 88 
             ] ), rec(
          DistVect := [ 0, 2, 2, 2, 1, 1, 2, 1, 1, 1, 1, 2, 2, 1, 1, 2, 1, 2, 
              1, 2, 1, 2, 1, 2, 1, 1, 2, 1, 2 ],
          eAdj := [ 9, 10, 11, 12, 13, 15, 17, 18, 20, 21, 22, 23, 25, 26, 
              27, 29, 31, 32, 38, 39, 42, 43, 44, 46, 51, 54, 58, 59, 65, 66 
             ] ), rec(
          DistVect := [ 0, 2, 1, 2, 1, 1, 1, 1, 1, 1, 1, 2, 2, 1, 1, 2, 1, 2, 
              1, 2, 1, 2, 1, 2, 1, 1, 2, 1, 2 ],
          eAdj := [ 1, 9, 10, 11, 12, 13, 15, 16, 17, 20, 21, 22, 23, 25, 26, 
              29, 32, 33, 36, 38, 42, 43, 44, 45, 46, 51, 54, 57, 58, 65, 66 
             ] ), rec(
          DistVect := [ 0, 1, 1, 1, 1, 1, 1, 1, 1, 1, 1, 2, 1, 2, 1, 2, 1, 2, 
              1, 2, 1, 1, 2, 2, 1, 1, 2, 1, 2 ],
          eAdj := [ 1, 3, 5, 6, 9, 10, 11, 12, 13, 14, 16, 20, 21, 23, 28, 
              32, 34, 38, 41, 42, 44, 45, 46, 49, 51, 56, 57, 58, 65, 76, 84 
             ] ), rec(
          DistVect := [ 0, 1, 1, 2, 1, 1, 1, 1, 1, 2, 1, 2, 1, 2, 2, 2, 1, 1, 
              2, 2, 2, 2, 1, 2, 1, 1, 1, 2, 2 ],
          eAdj := [ 1, 2, 3, 6, 7, 9, 13, 16, 17, 20, 21, 26, 28, 30, 34, 38, 
              40, 46, 50, 51, 56, 59, 68, 70, 77, 82, 84, 88 ] ), rec(
          DistVect := [ 0, 1, 1, 2, 1, 1, 2, 1, 1, 2, 1, 2, 2, 2, 2, 2, 1, 2, 
              2, 2, 2, 1, 1, 2, 1, 1, 2, 2, 1 ],
          eAdj := [ 2, 3, 6, 7, 8, 9, 13, 15, 16, 17, 18, 21, 26, 28, 29, 30, 
              40, 42, 43, 46, 51, 55, 57, 58, 59, 65, 76, 84 ] ), rec(
          DistVect := [ 0, 1, 2, 1, 0, 1, 2, 1, 1, 1, 1, 2, 2, 1, 2, 2, 2, 1, 
              1, 1, 1, 2, 2, 1, 2, 1, 2, 2, 1 ],
          eAdj := [ 2, 4, 5, 6, 8, 10, 13, 14, 16, 18, 21, 23, 27, 28, 29, 
              32, 35, 39, 43, 45, 53, 54, 61, 62, 66, 73, 78, 85 ] ), rec(
          DistVect := [ 0, 1, 1, 1, 0, 1, 1, 1, 1, 1, 1, 2, 2, 1, 1, 1, 1, 1, 
              2, 1, 1, 1, 2, 1, 1, 1, 1, 2, 2 ],
          eAdj := [ 1, 2, 4, 5, 6, 7, 9, 10, 14, 15, 16, 18, 20, 21, 29, 31, 
              35, 36, 43, 44, 47, 54, 61, 63, 66, 73, 78, 85 ] ), rec(
          DistVect := [ 0, 1, 1, 1, 1, 1, 2, 1, 1, 1, 1, 2, 2, 1, 1, 2, 1, 2, 
              0, 2, 1, 2, 1, 2, 1, 2, 2, 1, 2 ],
          eAdj := [ 4, 6, 9, 10, 11, 13, 14, 15, 16, 18, 21, 22, 23, 27, 28, 
              29, 31, 32, 35, 38, 39, 43, 44, 45, 46, 54, 55, 58, 61, 62, 66 
             ] ), rec(
          DistVect := [ 0, 1, 1, 1, 1, 1, 2, 1, 1, 1, 1, 2, 2, 1, 1, 2, 1, 2, 
              1, 2, 1, 2, 1, 2, 1, 2, 2, 2, 2 ],
          eAdj := [ 2, 4, 6, 9, 10, 11, 13, 14, 15, 16, 18, 21, 28, 29, 30, 
              31, 32, 35, 36, 39, 43, 44, 45, 54, 55, 58, 61, 66, 73 ] ), rec(
          DistVect := [ 0, 1, 1, 1, 1, 1, 2, 1, 1, 1, 1, 2, 2, 2, 1, 2, 1, 2, 
              1, 2, 1, 2, 1, 2, 1, 2, 2, 1, 1 ],
          eAdj := [ 3, 4, 6, 8, 9, 10, 11, 13, 14, 15, 16, 18, 21, 28, 29, 
              30, 31, 32, 39, 43, 44, 45, 46, 54, 55, 60, 61, 62, 66, 73 ] ), 
      rec(
          DistVect := [ 0, 1, 2, 2, 1, 1, 1, 1, 1, 1, 1, 2, 2, 1, 1, 1, 2, 2, 
              1, 1, 2, 2, 1, 2, 2, 0, 1, 2, 2 ],
          eAdj := [ 1, 2, 6, 12, 17, 20, 21, 23, 24, 26, 27, 28, 30, 34, 40, 
              41, 48, 49, 50, 64, 67, 68, 74, 80, 82, 86, 88, 90 ] ), rec(
          DistVect := [ 0, 1, 2, 1, 1, 1, 2, 1, 1, 1, 1, 2, 2, 1, 1, 2, 1, 2, 
              1, 2, 1, 2, 1, 2, 1, 1, 2, 1, 2 ],
          eAdj := [ 6, 9, 10, 11, 12, 13, 14, 15, 17, 18, 20, 21, 22, 23, 27, 
              28, 31, 32, 38, 41, 42, 43, 44, 46, 51, 54, 56, 58, 59, 65, 76 
             ] ), rec(
          DistVect := [ 0, 1, 1, 1, 1, 1, 2, 1, 1, 1, 1, 2, 2, 1, 1, 2, 1, 2, 
              1, 2, 1, 2, 1, 2, 1, 1, 2, 1, 2 ],
          eAdj := [ 6, 9, 10, 11, 12, 13, 14, 15, 16, 17, 18, 20, 21, 22, 23, 
              29, 31, 32, 38, 42, 43, 44, 45, 46, 51, 54, 55, 58, 61, 65, 66 
             ] ), rec(
          DistVect := [ 0, 1, 1, 1, 1, 1, 1, 1, 1, 1, 1, 2, 2, 1, 1, 2, 1, 2, 
              1, 2, 1, 2, 1, 2, 1, 1, 2, 1, 2 ],
          eAdj := [ 1, 6, 9, 10, 11, 12, 13, 14, 15, 16, 17, 20, 21, 22, 23, 
              32, 34, 38, 42, 43, 44, 45, 46, 51, 54, 56, 57, 58, 65, 76 ] ), 
      rec(
          DistVect := [ 0, 1, 2, 1, 0, 1, 1, 1, 1, 1, 1, 2, 2, 1, 2, 2, 2, 2, 
              1, 1, 1, 1, 2, 1, 1, 1, 1, 2, 2 ],
          eAdj := [ 1, 2, 4, 5, 6, 10, 13, 14, 15, 16, 18, 20, 21, 23, 27, 
              28, 31, 32, 35, 38, 44, 45, 54, 55, 56, 58, 65, 66, 76 ] ), rec(
          DistVect := [ 0, 2, 1, 1, 1, 1, 1, 1, 1, 1, 2, 2, 2, 1, 1, 2, 1, 2, 
              1, 2, 1, 2, 1, 2, 0, 2, 2, 1, 2 ],
          eAdj := [ 1, 4, 9, 10, 14, 15, 16, 18, 20, 21, 22, 25, 29, 31, 33, 
              35, 36, 37, 39, 43, 44, 45, 47, 55, 60, 61, 62, 63, 73, 78, 85 
             ] ), rec(
          DistVect := [ 0, 0, 1, 1, 1, 1, 2, 1, 1, 1, 1, 1, 2, 1, 1, 2, 1, 2, 
              1, 2, 1, 2, 1, 2, 1, 1, 2, 2, 2 ],
          eAdj := [ 2, 3, 6, 11, 13, 14, 15, 16, 17, 18, 20, 21, 23, 28, 30, 
              34, 38, 40, 41, 42, 46, 51, 56, 57, 58, 59, 76, 77, 82, 84 ] ), 
      rec(
          DistVect := [ 0, 1, 2, 2, 0, 1, 2, 1, 1, 1, 1, 2, 2, 1, 1, 2, 2, 1, 
              1, 2, 2, 1, 1, 1, 2, 1, 2, 2, 1 ],
          eAdj := [ 2, 4, 6, 8, 11, 13, 14, 16, 17, 18, 21, 23, 26, 27, 28, 
              29, 30, 31, 39, 43, 44, 46, 54, 55, 58, 59, 65, 66, 76 ] ), rec(
          DistVect := [ 0, 1, 1, 2, 1, 1, 1, 1, 1, 1, 1, 2, 2, 1, 1, 2, 1, 2, 
              1, 2, 2, 2, 1, 2, 1, 1, 1, 2, 2 ],
          eAdj := [ 1, 2, 6, 9, 11, 13, 15, 16, 17, 20, 21, 23, 26, 28, 30, 
              34, 38, 40, 42, 46, 50, 51, 56, 57, 59, 68, 70, 76, 77, 82, 84 
             ] ), rec(
          DistVect := [ 0, 1, 1, 2, 1, 1, 2, 1, 1, 1, 1, 2, 2, 1, 1, 2, 1, 2, 
              1, 2, 2, 1, 1, 2, 1, 1, 2, 2, 1 ],
          eAdj := [ 2, 6, 8, 9, 11, 13, 15, 16, 17, 18, 21, 23, 26, 28, 29, 
              30, 31, 39, 40, 42, 43, 44, 46, 51, 54, 55, 57, 58, 59, 65, 76 
             ] ), rec(
          DistVect := [ 0, 1, 1, 1, 1, 1, 1, 1, 1, 1, 1, 2, 2, 1, 1, 2, 1, 2, 
              1, 2, 1, 2, 1, 2, 1, 1, 1, 2, 2 ],
          eAdj := [ 1, 2, 6, 9, 10, 11, 13, 14, 15, 16, 17, 20, 21, 23, 28, 
              30, 32, 34, 38, 42, 45, 46, 51, 56, 57, 58, 59, 65, 76, 77, 84 
             ] ), rec(
          DistVect := [ 0, 1, 1, 1, 1, 1, 1, 1, 1, 1, 1, 2, 1, 2, 1, 2, 1, 2, 
              1, 2, 1, 2, 1, 2, 0, 2, 2, 1, 2 ],
          eAdj := [ 1, 3, 4, 6, 9, 10, 11, 13, 14, 15, 16, 18, 20, 21, 28, 
              30, 32, 34, 38, 42, 43, 44, 45, 46, 51, 55, 56, 57, 58, 65, 76 
             ] ), rec(
          DistVect := [ 0, 1, 1, 1, 1, 1, 1, 1, 1, 1, 1, 2, 2, 1, 1, 2, 1, 2, 
              1, 2, 1, 1, 2, 2, 1, 1, 1, 2, 2 ],
          eAdj := [ 1, 2, 5, 6, 9, 10, 11, 13, 14, 15, 16, 20, 21, 23, 28, 
              31, 32, 34, 35, 38, 42, 44, 45, 51, 54, 55, 56, 57, 58, 65, 76 
             ] ), rec(
          DistVect := [ 0, 1, 1, 1, 1, 1, 1, 1, 1, 1, 1, 2, 1, 2, 1, 2, 1, 1, 
              2, 2, 1, 1, 2, 2, 1, 1, 1, 2, 2 ],
          eAdj := [ 1, 2, 3, 5, 6, 7, 9, 10, 11, 13, 14, 16, 20, 21, 28, 30, 
              32, 34, 38, 42, 45, 51, 55, 56, 57, 58, 65, 76, 84 ] ), rec(
          DistVect := [ 0, 1, 1, 1, 1, 1, 2, 1, 1, 1, 1, 2, 2, 1, 1, 2, 1, 2, 
              1, 2, 1, 2, 1, 2, 1, 1, 2, 2, 1 ],
          eAdj := [ 2, 6, 8, 9, 10, 11, 13, 14, 15, 16, 17, 18, 21, 23, 28, 
              29, 30, 31, 32, 39, 43, 44, 45, 46, 54, 55, 58, 59, 61, 65, 66 
             ] ), rec(
          DistVect := [ 0, 1, 1, 1, 1, 1, 2, 1, 1, 1, 1, 2, 2, 1, 1, 2, 1, 2, 
              1, 2, 1, 2, 2, 2, 1, 1, 2, 2, 1 ],
          eAdj := [ 2, 5, 6, 8, 9, 10, 11, 13, 14, 15, 16, 18, 21, 23, 28, 
              29, 31, 32, 35, 39, 43, 44, 45, 53, 54, 55, 61, 62, 66, 73, 78 
             ] ), rec(
          DistVect := [ 0, 1, 1, 1, 1, 1, 2, 1, 1, 1, 1, 2, 2, 2, 1, 2, 1, 2, 
              2, 2, 1, 2, 2, 2, 1, 1, 2, 2, 1 ],
          eAdj := [ 2, 3, 5, 6, 7, 8, 9, 10, 11, 13, 14, 15, 16, 18, 21, 28, 
              29, 30, 31, 32, 43, 44, 45, 54, 55, 61, 65, 66, 73 ] ), rec(
          DistVect := [ 0, 1, 2, 2, 1, 1, 1, 1, 2, 2, 1, 2, 1, 2, 1, 2, 1, 2, 
              1, 2, 1, 2, 1, 2, 1, 1, 2, 1, 2 ],
          eAdj := [ 1, 3, 6, 12, 17, 20, 21, 23, 26, 27, 28, 30, 34, 40, 41, 
              48, 49, 50, 56, 57, 59, 64, 67, 68, 70, 74, 77, 80, 82, 86, 88 
             ] ), rec(
          DistVect := [ 0, 2, 1, 1, 1, 1, 1, 1, 2, 2, 1, 2, 2, 1, 1, 2, 1, 1, 
              2, 2, 1, 1, 2, 2, 1, 1, 2, 1, 2 ],
          eAdj := [ 1, 5, 7, 12, 14, 15, 16, 20, 21, 22, 25, 29, 31, 33, 35, 
              36, 37, 43, 44, 47, 55, 60, 61, 62, 63, 69, 73, 78, 79, 83, 85 
             ] ), rec(
          DistVect := [ 0, 1, 1, 1, 0, 2, 1, 1, 1, 1, 1, 2, 2, 1, 1, 1, 2, 1, 
              2, 1, 2, 1, 2, 2, 1, 1, 2, 1, 2 ],
          eAdj := [ 1, 4, 5, 7, 12, 14, 15, 16, 18, 19, 20, 21, 22, 29, 31, 
              33, 35, 36, 37, 47, 60, 62, 69, 73, 78, 79, 83, 85, 89 ] ), rec(
          DistVect := [ 0, 2, 2, 1, 1, 1, 1, 1, 1, 2, 1, 2, 2, 1, 2, 2, 1, 2, 
              1, 2, 1, 1, 2, 2, 1, 1, 2, 1, 2 ],
          eAdj := [ 1, 5, 9, 12, 13, 14, 15, 20, 21, 22, 23, 25, 27, 31, 32, 
              35, 37, 38, 43, 44, 45, 51, 54, 55, 56, 58, 61, 62, 63, 66, 78 
             ] ), rec(
          DistVect := [ 0, 1, 1, 2, 1, 1, 1, 1, 1, 1, 1, 2, 2, 1, 2, 2, 1, 1, 
              2, 1, 2, 2, 1, 2, 2, 0, 1, 2, 2 ],
          eAdj := [ 1, 2, 6, 7, 9, 12, 13, 16, 17, 20, 21, 23, 24, 26, 30, 
              34, 38, 40, 46, 50, 56, 59, 68, 70, 76, 77, 82, 84, 88 ] ), rec(
          DistVect := [ 0, 1, 1, 2, 1, 1, 1, 1, 1, 2, 1, 2, 1, 2, 2, 2, 1, 1, 
              2, 2, 1, 2, 1, 2, 1, 1, 2, 1, 2 ],
          eAdj := [ 1, 3, 6, 7, 9, 12, 13, 16, 17, 20, 21, 26, 30, 32, 34, 
              38, 40, 43, 46, 50, 51, 56, 57, 58, 59, 68, 70, 76, 77, 82, 84 
             ] ), rec(
          DistVect := [ 0, 2, 2, 2, 1, 1, 1, 1, 1, 1, 1, 2, 2, 1, 1, 2, 1, 2, 
              1, 2, 1, 2, 1, 2, 1, 1, 2, 1, 2 ],
          eAdj := [ 1, 9, 10, 11, 12, 13, 15, 17, 20, 21, 22, 23, 25, 26, 27, 
              32, 38, 42, 43, 44, 46, 51, 54, 56, 57, 58, 59, 65, 70, 76, 77 
             ] ), rec(
          DistVect := [ 0, 1, 1, 1, 1, 2, 2, 1, 1, 1, 1, 2, 2, 1, 1, 2, 1, 2, 
              1, 2, 1, 2, 1, 3, 1, 2, 2, 1, 2 ],
          eAdj := [ 4, 9, 10, 11, 12, 13, 14, 15, 16, 18, 19, 21, 22, 29, 31, 
              33, 35, 36, 37, 39, 45, 55, 60, 61, 62, 63, 73, 78, 79, 85 ] ), 
      rec(
          DistVect := [ 0, 1, 1, 1, 1, 1, 1, 1, 1, 1, 1, 2, 1, 2, 1, 2, 1, 1, 
              2, 2, 1, 1, 2, 2, 1, 1, 2, 1, 2 ],
          eAdj := [ 1, 3, 5, 6, 7, 9, 10, 11, 12, 13, 14, 16, 20, 21, 32, 34, 
              38, 42, 43, 44, 45, 51, 54, 55, 56, 57, 58, 61, 63, 65, 76 ] ), 
      rec(
          DistVect := [ 0, 2, 2, 1, 1, 1, 1, 1, 1, 2, 1, 3, 2, 1, 2, 2, 2, 2, 
              1, 2, 1, 1, 2, 2, 1, 1, 1, 2, 2 ],
          eAdj := [ 1, 2, 5, 6, 9, 10, 13, 14, 15, 20, 21, 22, 23, 25, 27, 
              28, 31, 32, 35, 37, 38, 44, 45, 51, 54, 55, 56, 58, 65, 66 ] ), 
      rec(
          DistVect := [ 0, 2, 1, 1, 1, 1, 1, 1, 2, 2, 1, 3, 2, 1, 1, 2, 1, 1, 
              2, 2, 1, 1, 2, 2, 1, 1, 1, 2, 2 ],
          eAdj := [ 1, 2, 5, 6, 7, 9, 10, 14, 15, 16, 20, 21, 22, 25, 29, 31, 
              33, 35, 36, 37, 43, 44, 47, 55, 61, 63, 66, 73, 78, 85 ] ), rec(
          DistVect := [ 0, 2, 2, 1, 1, 1, 2, 1, 1, 2, 1, 3, 1, 1, 2, 2, 2, 1, 
              1, 2, 1, 2, 2, 2, 1, 1, 2, 2, 1 ],
          eAdj := [ 2, 5, 6, 8, 9, 10, 13, 14, 18, 21, 22, 23, 25, 27, 28, 
              29, 32, 35, 37, 39, 43, 45, 53, 55, 61, 62, 66, 73, 78, 85 ] ), 
      rec(
          DistVect := [ 0, 2, 1, 1, 1, 1, 2, 1, 2, 2, 1, 3, 1, 1, 1, 2, 1, 2, 
              2, 2, 1, 2, 2, 2, 1, 1, 2, 2, 1 ],
          eAdj := [ 2, 5, 6, 7, 8, 9, 10, 14, 16, 18, 21, 22, 25, 33, 35, 36, 
              37, 39, 47, 52, 53, 60, 62, 63, 73, 75, 79, 83, 85, 89 ] ), rec(
          DistVect := [ 0, 1, 2, 2, 0, 1, 1, 1, 1, 1, 1, 2, 2, 1, 1, 2, 2, 2, 
              1, 2, 2, 2, 1, 1, 1, 1, 1, 2, 2 ],
          eAdj := [ 1, 2, 4, 6, 11, 13, 14, 15, 16, 17, 18, 20, 21, 23, 26, 
              27, 28, 30, 38, 42, 46, 51, 56, 57, 59, 65, 76, 77, 82, 84 ] ), 
      rec(
          DistVect := [ 0, 1, 1, 1, 1, 1, 2, 1, 1, 1, 1, 2, 2, 0, 1, 2, 1, 2, 
              1, 2, 1, 2, 1, 2, 1, 1, 2, 2, 2 ],
          eAdj := [ 2, 6, 9, 10, 11, 13, 14, 15, 16, 17, 18, 20, 21, 22, 23, 
              25, 29, 31, 32, 35, 36, 39, 43, 44, 45, 54, 55, 58, 61, 66, 78 
             ] ), rec(
          DistVect := [ 0, 2, 2, 2, 1, 1, 1, 1, 1, 1, 1, 3, 2, 1, 1, 2, 2, 2, 
              1, 2, 2, 2, 1, 2, 1, 1, 1, 2, 2 ],
          eAdj := [ 1, 2, 6, 9, 10, 11, 13, 15, 17, 20, 21, 22, 23, 25, 26, 
              27, 28, 30, 38, 42, 46, 51, 56, 57, 59, 65, 70, 76, 77, 84 ] ), 
      rec(
          DistVect := [ 0, 2, 2, 2, 1, 1, 2, 1, 1, 1, 1, 3, 1, 1, 1, 2, 2, 1, 
              1, 2, 2, 1, 1, 2, 1, 1, 2, 2, 1 ],
          eAdj := [ 2, 6, 8, 9, 10, 11, 13, 17, 18, 21, 22, 23, 25, 26, 27, 
              28, 29, 30, 31, 39, 43, 44, 46, 51, 54, 55, 58, 59, 65, 66 ] ), 
      rec(
          DistVect := [ 0, 1, 2, 1, 0, 2, 1, 1, 1, 1, 1, 2, 2, 1, 2, 2, 1, 2, 
              1, 1, 2, 1, 2, 2, 1, 1, 2, 1, 2 ],
          eAdj := [ 1, 4, 5, 9, 12, 13, 14, 15, 16, 18, 19, 20, 21, 22, 23, 
              27, 31, 35, 37, 38, 43, 45, 54, 55, 61, 62, 63, 66, 78, 85 ] ), 
      rec(
          DistVect := [ 0, 1, 1, 1, 1, 1, 1, 1, 1, 1, 1, 2, 2, 1, 1, 2, 1, 1, 
              2, 2, 1, 1, 2, 2, 2, 0, 1, 2, 2 ],
          eAdj := [ 1, 2, 5, 6, 7, 9, 10, 11, 12, 13, 14, 16, 17, 20, 21, 23, 
              24, 32, 34, 38, 42, 45, 51, 54, 56, 57, 58, 65, 76, 84 ] ), rec(
          DistVect := [ 0, 1, 2, 2, 0, 2, 1, 1, 1, 1, 1, 2, 2, 1, 1, 2, 1, 2, 
              1, 2, 1, 2, 1, 2, 1, 1, 2, 1, 2 ],
          eAdj := [ 1, 4, 9, 10, 11, 12, 13, 14, 15, 16, 17, 18, 19, 20, 21, 
              22, 23, 26, 27, 32, 38, 42, 43, 44, 46, 51, 54, 58, 65, 66, 76 
             ] ), rec(
          DistVect := [ 0, 1, 0, 0, 0, 0, 1, 1, 1, 1, 1, 1, 0, 0, 0, 0, 0, 1, 
              1, 0, 0, 1, 1, 0, 1, 1, 1, 1, 0 ],
          eAdj := [ 2, 4, 5, 6, 7, 8, 9, 10, 14, 16, 18, 21, 22, 25, 33, 35, 
              36, 37, 39, 47, 52, 53, 60, 62, 63, 69, 71, 72, 75, 79, 81, 83, 
              87, 89, 91 ] ), rec(
          DistVect := [ 0, 1, 0, 0, 0, 1, 0, 1, 1, 1, 1, 0, 1, 0, 0, 0, 1, 0, 
              1, 0, 1, 0, 1, 1, 0, 1, 1, 0, 1 ],
          eAdj := [ 1, 4, 5, 7, 12, 14, 15, 16, 18, 19, 20, 21, 22, 25, 29, 
              31, 33, 35, 36, 37, 39, 47, 52, 53, 60, 62, 69, 71, 72, 73, 75, 
              79, 81, 83, 87, 89, 91 ] ), rec(
          DistVect := [ 0, 0, 0, 1, 1, 0, 0, 1, 0, 1, 1, 0, 0, 1, 1, 1, 0, 0, 
              1, 0, 1, 1, 0, 1, 1, 0, 0, 1, 1 ],
          eAdj := [ 1, 2, 3, 6, 7, 9, 12, 13, 16, 17, 20, 21, 23, 24, 26, 28, 
              30, 34, 38, 40, 41, 46, 48, 49, 50, 56, 59, 64, 67, 68, 70, 74, 
              77, 80, 82, 86, 88, 90 ] ), rec(
          DistVect := [ 0, 1, 1, 0, 0, 0, 1, 1, 0, 1, 1, 1, 0, 0, 1, 1, 1, 0, 
              0, 0, 0, 1, 1, 0, 1, 1, 1, 1, 0 ],
          eAdj := [ 2, 4, 5, 6, 8, 9, 10, 13, 14, 16, 18, 21, 22, 23, 25, 27, 
              28, 29, 32, 35, 36, 37, 39, 43, 45, 47, 52, 53, 60, 61, 62, 63, 
              71, 73, 75, 78, 79, 83, 85, 89 ] ), rec(
          DistVect := [ 0, 0, 1, 1, 0, 0, 1, 1, 1, 1, 0, 0, 1, 1, 0, 1, 1, 0, 
              0, 1, 1, 0, 0, 0, 1, 1, 1, 1, 0 ],
          eAdj := [ 2, 3, 4, 6, 8, 11, 13, 14, 15, 16, 17, 18, 21, 23, 26, 
              27, 28, 29, 30, 31, 38, 39, 40, 41, 42, 43, 44, 46, 48, 51, 55, 
              56, 57, 58, 59, 64, 65, 76, 77, 82, 84 ] ), rec(
          DistVect := [ 0, 0, 0, 1, 0, 0, 1, 1, 0, 1, 0, 0, 1, 1, 1, 0, 0, 1, 
              1, 1, 1, 0, 0, 0, 1, 1, 1, 1, 0 ],
          eAdj := [ 2, 3, 4, 6, 7, 8, 9, 11, 13, 14, 15, 16, 17, 18, 21, 26, 
              28, 29, 30, 31, 32, 36, 39, 40, 42, 43, 44, 45, 46, 52, 54, 55, 
              57, 58, 59, 60, 61, 65, 66, 73, 76 ] ), rec(
          DistVect := [ 0, 0, 0, 0, 0, 0, 1, 1, 0, 0, 0, 0, 1, 1, 0, 0, 0, 1, 
              1, 0, 0, 1, 1, 0, 1, 1, 1, 1, 0 ],
          eAdj := [ 2, 3, 4, 5, 6, 7, 8, 9, 10, 11, 13, 14, 15, 16, 18, 21, 
              28, 29, 30, 31, 32, 35, 36, 39, 43, 44, 45, 47, 52, 53, 54, 60, 
              61, 62, 63, 66, 73, 75, 78, 79, 85 ] ), rec(
          DistVect := [ 0, 1, 0, 0, 0, 0, 0, 1, 1, 1, 1, 1, 1, 0, 0, 0, 0, 0, 
              1, 0, 0, 0, 1, 0, 0, 1, 0, 1, 1 ],
          eAdj := [ 1, 2, 4, 5, 6, 7, 9, 10, 14, 15, 16, 18, 20, 21, 22, 25, 
              29, 31, 33, 35, 36, 37, 39, 43, 44, 47, 52, 53, 60, 61, 62, 63, 
              69, 73, 75, 78, 79, 83, 85, 89 ] ), rec(
          DistVect := [ 0, 0, 1, 1, 0, 0, 0, 1, 1, 1, 0, 0, 0, 1, 0, 1, 1, 1, 
              0, 1, 1, 1, 0, 0, 0, 1, 0, 1, 1 ],
          eAdj := [ 1, 2, 3, 4, 6, 11, 13, 14, 15, 16, 17, 18, 20, 21, 23, 
              26, 27, 28, 30, 34, 38, 40, 41, 42, 46, 48, 49, 50, 51, 56, 57, 
              59, 64, 67, 68, 70, 77, 80, 82, 84, 86, 88 ] ), rec(
          DistVect := [ 0, 0, 0, 1, 0, 0, 0, 1, 0, 1, 0, 0, 0, 1, 1, 0, 0, 0, 
              1, 1, 1, 1, 0, 0, 0, 1, 0, 1, 1 ],
          eAdj := [ 1, 2, 3, 4, 6, 7, 9, 11, 13, 14, 15, 16, 17, 18, 20, 21, 
              26, 28, 29, 30, 32, 34, 36, 38, 40, 42, 43, 45, 46, 50, 51, 55, 
              56, 57, 58, 59, 65, 68, 76, 77, 82, 84 ] ), rec(
          DistVect := [ 0, 0, 0, 0, 0, 0, 0, 1, 0, 0, 0, 0, 0, 1, 0, 0, 0, 0, 
              1, 0, 0, 0, 1, 0, 0, 1, 0, 1, 1 ],
          eAdj := [ 1, 2, 3, 4, 5, 6, 7, 9, 10, 11, 13, 14, 15, 16, 18, 20, 
              21, 28, 29, 30, 31, 32, 34, 35, 36, 38, 42, 43, 44, 45, 47, 54, 
              55, 56, 57, 58, 61, 63, 65, 66, 73, 76 ] ), rec(
          DistVect := [ 0, 1, 1, 0, 0, 1, 0, 1, 0, 1, 1, 0, 1, 0, 1, 1, 0, 1, 
              0, 0, 1, 0, 1, 1, 0, 1, 1, 0, 1 ],
          eAdj := [ 1, 4, 5, 9, 12, 13, 14, 15, 16, 18, 19, 20, 21, 22, 23, 
              25, 27, 29, 31, 33, 35, 36, 37, 38, 39, 43, 45, 47, 53, 55, 60, 
              61, 62, 63, 69, 71, 73, 78, 79, 83, 85, 89 ] ), rec(
          DistVect := [ 0, 1, 1, 0, 0, 0, 0, 1, 0, 1, 1, 1, 1, 0, 1, 1, 1, 1, 
              0, 0, 0, 0, 1, 0, 0, 1, 0, 1, 1 ],
          eAdj := [ 1, 2, 4, 5, 6, 9, 10, 13, 14, 15, 16, 18, 20, 21, 22, 23, 
              25, 27, 28, 29, 31, 32, 35, 36, 37, 38, 39, 43, 44, 45, 47, 53, 
              54, 55, 56, 58, 61, 62, 63, 66, 73, 78, 85 ] ), rec(
          DistVect := [ 0, 1, 1, 1, 0, 0, 1, 1, 0, 0, 1, 1, 0, 0, 0, 1, 1, 0, 
              0, 1, 1, 0, 0, 0, 1, 1, 1, 1, 0 ],
          eAdj := [ 2, 4, 6, 8, 9, 10, 11, 13, 14, 16, 17, 18, 21, 22, 23, 
              25, 26, 27, 28, 29, 30, 31, 32, 35, 36, 39, 43, 44, 45, 46, 52, 
              53, 54, 55, 58, 59, 60, 61, 62, 66, 73, 78, 85 ] ), rec(
          DistVect := [ 0, 1, 1, 1, 1, 0, 0, 1, 0, 0, 0, 1, 1, 0, 0, 0, 1, 1, 
              0, 0, 1, 1, 0, 1, 1, 0, 0, 1, 1 ],
          eAdj := [ 1, 2, 6, 9, 10, 11, 12, 13, 15, 17, 20, 21, 22, 23, 24, 
              25, 26, 27, 28, 30, 34, 38, 40, 41, 42, 46, 48, 49, 50, 56, 57, 
              59, 64, 67, 68, 70, 74, 76, 77, 80, 82, 84, 88 ] ), rec(
          DistVect := [ 0, 0, 0, 0, 1, 0, 0, 1, 0, 0, 1, 0, 0, 1, 0, 1, 0, 0, 
              1, 1, 0, 0, 1, 1, 1, 0, 0, 1, 1 ],
          eAdj := [ 1, 2, 3, 5, 6, 7, 9, 10, 11, 12, 13, 14, 16, 17, 20, 21, 
              23, 24, 28, 30, 32, 34, 38, 40, 41, 42, 45, 46, 49, 50, 51, 56, 
              57, 58, 59, 67, 68, 70, 76, 77, 82, 84, 88 ] ), rec(
          DistVect := [ 0, 1, 1, 0, 1, 0, 0, 1, 0, 1, 0, 1, 1, 0, 1, 0, 1, 1, 
              0, 1, 0, 0, 1, 1, 1, 0, 0, 1, 1 ],
          eAdj := [ 1, 2, 5, 6, 9, 10, 11, 12, 13, 14, 15, 17, 20, 21, 22, 
              23, 24, 25, 27, 28, 31, 32, 34, 35, 37, 38, 41, 42, 44, 45, 46, 
              49, 51, 54, 56, 57, 58, 59, 65, 67, 70, 76, 77, 84 ] ), rec(
          DistVect := [ 0, 0, 0, 0, 0, 1, 0, 1, 0, 0, 0, 1, 0, 1, 0, 0, 1, 0, 
              1, 0, 1, 0, 1, 1, 0, 1, 1, 0, 1 ],
          eAdj := [ 1, 3, 4, 5, 6, 7, 9, 10, 11, 12, 13, 14, 15, 16, 18, 19, 
              20, 21, 22, 29, 31, 33, 34, 35, 36, 37, 38, 42, 43, 44, 45, 47, 
              54, 55, 60, 61, 62, 63, 66, 69, 73, 78, 79, 85 ] ), rec(
          DistVect := [ 0, 1, 1, 1, 0, 0, 0, 1, 0, 0, 1, 1, 1, 0, 0, 1, 1, 1, 
              0, 1, 1, 1, 0, 0, 0, 1, 0, 1, 1 ],
          eAdj := [ 1, 2, 4, 6, 9, 10, 11, 13, 14, 15, 16, 17, 18, 20, 21, 
              22, 23, 25, 26, 27, 28, 29, 30, 31, 32, 35, 36, 38, 39, 42, 43, 
              44, 45, 46, 51, 54, 55, 56, 57, 58, 59, 65, 66, 76, 77 ] ), rec(
          DistVect := [ 0, 1, 1, 1, 0, 1, 0, 1, 0, 0, 1, 0, 1, 0, 0, 1, 0, 1, 
              0, 1, 0, 1, 0, 1, 0, 1, 1, 0, 1 ],
          eAdj := [ 1, 4, 9, 10, 11, 12, 13, 14, 15, 16, 17, 18, 19, 20, 21, 
              22, 23, 25, 26, 27, 29, 31, 32, 33, 35, 36, 37, 38, 39, 42, 43, 
              44, 45, 46, 51, 54, 55, 58, 60, 61, 62, 63, 66, 78, 85 ] ), rec(
          DistVect := [ 0, 0, 1, 0, 0, 1, 0, 1, 1, 0, 0, 1, 0, 1, 1, 1, 0, 1, 
              0, 0, 1, 0, 1, 1, 0, 1, 1, 0, 1 ],
          eAdj := [ 1, 3, 4, 5, 6, 9, 10, 11, 12, 13, 14, 15, 16, 18, 19, 20, 
              21, 22, 23, 27, 28, 31, 32, 34, 35, 37, 38, 41, 42, 43, 44, 45, 
              46, 49, 51, 54, 55, 56, 58, 61, 62, 63, 65, 66, 76 ] ), rec(
          DistVect := [ 0, 1, 0, 0, 1, 0, 0, 1, 1, 1, 0, 1, 1, 0, 0, 1, 0, 0, 
              1, 1, 0, 0, 1, 1, 1, 0, 0, 1, 1 ],
          eAdj := [ 1, 2, 5, 6, 7, 9, 10, 11, 12, 13, 14, 15, 16, 17, 20, 21, 
              22, 23, 24, 25, 29, 31, 32, 33, 34, 35, 36, 37, 38, 42, 43, 44, 
              45, 47, 51, 54, 55, 56, 57, 58, 61, 63, 65, 66, 78 ] ), rec(
          DistVect := [ 0, 0, 1, 1, 0, 1, 0, 1, 1, 1, 0, 1, 0, 1, 0, 1, 0, 1, 
              0, 1, 0, 1, 0, 1, 0, 1, 1, 0, 1 ],
          eAdj := [ 1, 3, 4, 6, 9, 10, 11, 12, 13, 14, 15, 16, 17, 18, 19, 
              20, 21, 22, 23, 26, 27, 28, 30, 32, 34, 38, 40, 41, 42, 43, 44, 
              46, 48, 49, 50, 51, 56, 57, 58, 59, 65, 70, 76, 77, 82, 84 ] ), 
      rec(
          DistVect := [ 0, 0, 0, 0, 1, 0, 1, 0, 0, 0, 1, 0, 1, 0, 0, 1, 0, 1, 
              0, 1, 0, 1, 0, 1, 0, 1, 1, 0, 1 ],
          eAdj := [ 1, 2, 3, 4, 5, 6, 7, 8, 9, 10, 11, 12, 13, 14, 15, 16, 
              17, 18, 19, 20, 21, 22, 23, 24, 25, 26, 27, 28, 29, 30, 31, 32, 
              33, 34, 35, 36, 37, 38, 39, 40, 41, 42, 43, 44, 45, 46, 47, 48, 
              49, 50, 51, 52, 53, 54, 55, 56, 57, 58, 59, 60, 61, 62, 63, 64, 
              67, 68, 69, 70, 71, 72, 73, 74, 75, 76, 77, 78, 79, 80, 81, 82, 
              83, 86, 87 ] ), rec(
          DistVect := [ 0, 1, 0, 0, 1, 0, 1, 0, 1, 1, 0, 1, 0, 1, 0, 1, 0, 1, 
              0, 1, 0, 1, 0, 1, 0, 1, 1, 0, 1 ],
          eAdj := [ 1, 2, 3, 4, 5, 6, 7, 8, 9, 10, 11, 12, 13, 14, 15, 16, 
              17, 18, 19, 20, 21, 22, 23, 24, 25, 26, 27, 28, 29, 30, 31, 32, 
              33, 34, 35, 36, 37, 38, 39, 40, 41, 42, 43, 44, 45, 46, 47, 48, 
              49, 50, 51, 52, 53, 55, 56, 57, 58, 59, 60, 61, 62, 63, 64, 65, 
              66, 67, 68, 69, 70, 71, 72, 73, 74, 75, 77, 79, 80, 81, 84, 85, 
              88, 89, 90, 91 ] ), rec(
          DistVect := [ 0, 0, 0, 0, 0, 0, 1, 0, 0, 0, 0, 0, 1, 0, 0, 0, 0, 1, 
              0, 0, 0, 1, 0, 0, 1, 0, 1, 0, 1 ],
          eAdj := [ 1, 2, 3, 4, 5, 6, 7, 8, 9, 10, 11, 12, 13, 14, 15, 16, 
              17, 18, 19, 20, 21, 22, 23, 24, 25, 26, 27, 28, 29, 30, 31, 32, 
              33, 34, 35, 36, 37, 38, 39, 40, 41, 42, 43, 44, 45, 46, 47, 48, 
              49, 50, 52, 53, 54, 56, 57, 58, 59, 60, 61, 62, 63, 64, 65, 66, 
              67, 68, 69, 71, 72, 76, 77, 78, 79, 80, 81, 82, 83, 84, 85, 86, 
              87, 88, 89, 90, 91 ] ), rec(
          DistVect := [ 0, 1, 1, 1, 0, 0, 0, 0, 0, 0, 1, 1, 1, 1, 0, 1, 1, 1, 
              1, 1, 1, 1, 1, 0, 0, 0, 0, 0, 0 ],
          eAdj := [ 1, 2, 3, 4, 5, 6, 7, 8, 9, 10, 11, 12, 13, 14, 15, 16, 
              17, 18, 19, 20, 21, 22, 23, 24, 25, 26, 27, 28, 29, 30, 31, 32, 
              33, 34, 35, 36, 37, 38, 39, 40, 41, 42, 43, 44, 45, 46, 47, 48, 
              49, 50, 51, 52, 53, 54, 55, 56, 57, 59, 60, 62, 63, 64, 65, 66, 
              67, 68, 69, 70, 71, 72, 73, 74, 75, 76, 78, 82, 83, 84, 85, 86, 
              87, 88, 89, 90, 91 ] ), rec(
          DistVect := [ 0, 5, 3, 5, 4, 5, 7, 3, 4, 4, 5, 8, 8, 4, 4, 7, 4, 8, 
              4, 9, 4, 8, 4, 9, 3, 7, 8, 4, 8 ],
          eAdj := [ 4, 9, 10, 11, 14, 15, 16, 18, 21, 22, 29, 31, 33, 35, 36, 
              39, 44, 45, 55, 60, 61, 62, 63, 73, 78, 85 ] ), rec(
          DistVect := [ 0, 1, 1, 1, 1, 1, 2, 1, 1, 1, 1, 2, 2, 1, 1, 2, 1, 2, 
              1, 2, 1, 2, 1, 2, 1, 2, 2, 1, 2 ],
          eAdj := [ 4, 6, 9, 10, 11, 13, 14, 15, 16, 18, 21, 22, 29, 31, 32, 
              35, 36, 39, 43, 44, 45, 54, 55, 60, 61, 62, 63, 66, 73, 78, 85 
             ] ), rec(
          DistVect := [ 0, 5, 3, 5, 7, 5, 7, 3, 4, 4, 4, 8, 8, 4, 4, 8, 4, 8, 
              4, 8, 4, 8, 4, 8, 4, 4, 8, 4, 8 ],
          eAdj := [ 9, 10, 11, 12, 13, 15, 17, 20, 22, 23, 24, 32, 33, 34, 
              38, 40, 42, 43, 44, 46, 51, 54, 57, 58, 65, 70 ] ), rec(
          DistVect := [ 0, 4, 4, 4, 4, 4, 8, 3, 4, 4, 4, 8, 8, 3, 4, 8, 4, 8, 
              3, 8, 4, 8, 5, 8, 4, 5, 8, 5, 7 ],
          eAdj := [ 6, 9, 10, 11, 13, 14, 15, 16, 18, 21, 22, 23, 29, 31, 32, 
              35, 39, 43, 44, 45, 54, 55, 61, 62, 66, 78 ] ), rec(
          DistVect := [ 0, 4, 4, 4, 4, 4, 8, 3, 4, 4, 4, 8, 8, 5, 4, 8, 4, 8, 
              5, 8, 4, 8, 5, 8, 4, 5, 8, 5, 5 ],
          eAdj := [ 6, 8, 9, 10, 11, 13, 14, 15, 16, 18, 21, 29, 31, 32, 39, 
              43, 44, 45, 54, 55, 60, 61, 62, 66, 73, 78 ] ), rec(
          DistVect := [ 0, 4, 4, 4, 4, 4, 5, 3, 4, 4, 4, 8, 7, 5, 4, 8, 4, 7, 
              5, 8, 4, 7, 5, 8, 3, 5, 7, 5, 8 ],
          eAdj := [ 1, 6, 9, 10, 11, 13, 14, 15, 16, 20, 21, 32, 34, 38, 42, 
              43, 44, 45, 51, 54, 55, 56, 57, 58, 65, 76 ] ), rec(
          DistVect := [ 0, 3, 5, 5, 5, 4, 7, 3, 4, 4, 4, 7, 8, 4, 4, 8, 5, 8, 
              4, 8, 5, 8, 4, 9, 4, 4, 7, 7, 8 ],
          eAdj := [ 2, 6, 11, 13, 15, 17, 20, 21, 23, 28, 30, 34, 38, 40, 41, 
              42, 46, 51, 56, 57, 59, 70, 76, 77, 82, 84 ] ), rec(
          DistVect := [ 0, 3, 3, 3, 4, 5, 9, 3, 4, 4, 3, 8, 8, 4, 4, 7, 4, 8, 
              4, 7, 4, 8, 4, 9, 5, 7, 8, 4, 8 ],
          eAdj := [ 4, 6, 9, 10, 11, 13, 14, 15, 16, 18, 21, 22, 29, 31, 35, 
              36, 39, 45, 60, 61, 62, 63, 73, 78, 79, 85 ] ), rec(
          DistVect := [ 0, 1, 1, 1, 1, 1, 3, 1, 1, 1, 1, 2, 2, 1, 1, 2, 1, 2, 
              1, 2, 1, 2, 1, 2, 2, 2, 2, 1, 2 ],
          eAdj := [ 4, 6, 8, 9, 10, 11, 13, 14, 16, 18, 21, 22, 29, 31, 32, 
              35, 36, 39, 45, 52, 53, 60, 61, 62, 63, 73, 78, 79, 85 ] ), rec(
          DistVect := [ 0, 4, 4, 4, 4, 4, 8, 3, 4, 4, 4, 8, 8, 3, 4, 8, 4, 8, 
              5, 8, 4, 8, 5, 8, 4, 5, 8, 7, 7 ],
          eAdj := [ 2, 6, 9, 10, 11, 13, 14, 15, 16, 18, 21, 29, 31, 32, 35, 
              36, 39, 43, 44, 45, 54, 55, 61, 66, 73, 78 ] ), rec(
          DistVect := [ 0, 4, 4, 4, 4, 4, 8, 3, 4, 4, 4, 8, 8, 3, 4, 8, 4, 8, 
              3, 8, 4, 8, 3, 8, 4, 7, 8, 5, 9 ],
          eAdj := [ 4, 6, 9, 10, 11, 13, 14, 15, 16, 18, 21, 22, 29, 31, 32, 
              35, 36, 39, 43, 44, 45, 54, 55, 58, 61, 66 ] ), rec(
          DistVect := [ 0, 1, 1, 1, 1, 1, 2, 1, 1, 1, 1, 2, 2, 1, 1, 2, 1, 2, 
              1, 2, 1, 2, 1, 2, 1, 2, 2, 1, 3 ],
          eAdj := [ 1, 4, 6, 9, 10, 11, 13, 14, 15, 16, 18, 20, 21, 22, 29, 
              31, 32, 35, 36, 38, 42, 43, 44, 45, 54, 55, 58, 61, 63, 66 ] ), 
      rec(
          DistVect := [ 0, 2, 1, 1, 1, 1, 2, 1, 1, 1, 2, 1, 2, 1, 1, 2, 1, 2, 
              1, 2, 1, 2, 1, 2, 1, 2, 2, 0, 2 ],
          eAdj := [ 4, 12, 14, 16, 18, 19, 21, 22, 25, 29, 31, 33, 35, 36, 
              37, 39, 45, 47, 52, 53, 60, 62, 63, 69, 71, 72, 73, 79, 83, 89 
             ] ), rec(
          DistVect := [ 0, 7, 4, 4, 4, 4, 8, 3, 5, 5, 5, 7, 5, 4, 4, 8, 4, 8, 
              5, 8, 4, 8, 5, 8, 4, 5, 8, 3, 5 ],
          eAdj := [ 8, 12, 14, 16, 18, 21, 22, 25, 33, 35, 36, 37, 39, 45, 
              47, 52, 53, 60, 62, 63, 71, 72, 73, 79, 83, 89 ] ), rec(
          DistVect := [ 0, 2, 1, 1, 1, 1, 2, 1, 1, 1, 2, 2, 2, 1, 1, 2, 1, 2, 
              1, 2, 1, 2, 1, 2, 1, 2, 2, 1, 2 ],
          eAdj := [ 4, 9, 10, 14, 16, 18, 21, 22, 25, 29, 31, 33, 35, 36, 37, 
              39, 45, 47, 52, 53, 60, 61, 62, 63, 73, 78, 79, 83, 85, 89 ] ), 
      rec(
          DistVect := [ 0, 7, 4, 4, 4, 4, 8, 3, 5, 5, 5, 9, 5, 4, 4, 8, 4, 8, 
              5, 8, 4, 8, 5, 8, 4, 5, 8, 5, 5 ],
          eAdj := [ 8, 9, 10, 14, 16, 18, 21, 22, 25, 33, 35, 36, 37, 39, 45, 
              47, 52, 53, 60, 62, 63, 73, 79, 83, 85, 89 ] ), rec(
          DistVect := [ 0, 5, 3, 3, 4, 5, 7, 3, 4, 4, 5, 8, 8, 4, 4, 7, 4, 8, 
              4, 7, 4, 8, 4, 9, 3, 7, 8, 4, 8 ],
          eAdj := [ 4, 9, 10, 14, 15, 16, 18, 21, 22, 29, 31, 33, 35, 36, 37, 
              39, 45, 47, 60, 61, 62, 63, 73, 78, 79, 85 ] ), rec(
          DistVect := [ 0, 5, 3, 3, 4, 3, 7, 3, 4, 4, 5, 8, 8, 4, 4, 7, 4, 8, 
              4, 7, 4, 8, 4, 7, 3, 7, 8, 4, 8 ],
          eAdj := [ 4, 6, 9, 10, 14, 15, 16, 18, 21, 22, 29, 31, 35, 36, 39, 
              43, 44, 45, 47, 60, 61, 62, 63, 73, 78, 85 ] ), rec(
          DistVect := [ 0, 2, 1, 1, 1, 0, 2, 1, 1, 1, 2, 2, 2, 1, 1, 2, 1, 2, 
              1, 2, 1, 2, 1, 1, 1, 2, 2, 1, 2 ],
          eAdj := [ 2, 4, 6, 9, 10, 14, 16, 18, 21, 22, 25, 29, 31, 32, 35, 
              36, 39, 43, 44, 45, 47, 52, 53, 60, 61, 62, 63, 73, 78, 85 ] ), 
      rec(
          DistVect := [ 0, 4, 4, 4, 4, 4, 8, 3, 4, 4, 4, 8, 8, 5, 4, 8, 4, 8, 
              3, 8, 4, 8, 3, 8, 4, 7, 8, 5, 7 ],
          eAdj := [ 4, 6, 9, 10, 11, 13, 14, 15, 16, 18, 21, 28, 29, 30, 31, 
              32, 39, 43, 44, 45, 46, 54, 55, 58, 61, 66 ] ), rec(
          DistVect := [ 0, 1, 1, 1, 1, 1, 2, 1, 1, 1, 1, 2, 2, 2, 1, 2, 1, 2, 
              1, 2, 1, 2, 1, 2, 1, 2, 2, 1, 2 ],
          eAdj := [ 3, 4, 6, 9, 10, 11, 13, 14, 15, 16, 18, 21, 28, 29, 30, 
              31, 32, 38, 42, 43, 44, 45, 46, 54, 55, 58, 61, 65, 66, 76 ] ), 
      rec(
          DistVect := [ 0, 4, 4, 4, 4, 4, 8, 3, 4, 4, 4, 8, 8, 7, 4, 8, 4, 8, 
              5, 8, 4, 8, 5, 8, 4, 5, 8, 5, 5 ],
          eAdj := [ 3, 6, 8, 9, 10, 11, 13, 14, 15, 16, 18, 21, 28, 29, 30, 
              31, 32, 43, 44, 45, 46, 54, 55, 61, 65, 66 ] ), rec(
          DistVect := [ 0, 4, 4, 4, 4, 4, 8, 3, 4, 4, 4, 8, 8, 3, 4, 8, 4, 8, 
              3, 8, 4, 8, 3, 8, 4, 5, 8, 5, 7 ],
          eAdj := [ 6, 9, 10, 11, 13, 14, 15, 16, 17, 18, 21, 22, 23, 29, 31, 
              32, 39, 43, 44, 45, 46, 54, 55, 58, 61, 66 ] ), rec(
          DistVect := [ 0, 4, 4, 4, 4, 4, 8, 3, 4, 4, 4, 8, 8, 5, 4, 8, 4, 8, 
              5, 8, 4, 8, 5, 8, 4, 3, 8, 5, 5 ],
          eAdj := [ 6, 8, 9, 10, 11, 12, 13, 14, 15, 16, 17, 18, 21, 23, 29, 
              31, 32, 43, 44, 45, 46, 54, 55, 61, 65, 66 ] ), rec(
          DistVect := [ 0, 4, 4, 4, 4, 4, 5, 3, 4, 4, 4, 8, 5, 7, 4, 8, 4, 7, 
              5, 8, 4, 7, 5, 8, 3, 5, 7, 5, 8 ],
          eAdj := [ 1, 3, 6, 9, 10, 11, 13, 14, 16, 20, 21, 28, 30, 32, 34, 
              38, 42, 45, 46, 51, 56, 57, 58, 65, 76, 84 ] ), rec(
          DistVect := [ 0, 7, 4, 4, 4, 4, 5, 3, 5, 5, 5, 9, 8, 4, 4, 8, 4, 7, 
              5, 8, 4, 7, 5, 8, 3, 5, 7, 5, 8 ],
          eAdj := [ 1, 9, 10, 14, 15, 16, 20, 21, 22, 25, 29, 31, 33, 35, 36, 
              37, 43, 44, 45, 47, 55, 61, 63, 66, 78, 85 ] ), rec(
          DistVect := [ 0, 7, 4, 4, 4, 4, 5, 3, 5, 5, 5, 7, 8, 4, 4, 8, 4, 7, 
              5, 8, 4, 7, 5, 8, 3, 5, 9, 3, 8 ],
          eAdj := [ 1, 12, 14, 15, 16, 20, 21, 22, 25, 29, 31, 33, 35, 36, 
              37, 43, 44, 45, 47, 55, 60, 61, 62, 63, 78, 85 ] ), rec(
          DistVect := [ 0, 5, 3, 5, 5, 5, 5, 3, 4, 4, 4, 8, 8, 4, 4, 8, 4, 8, 
              4, 8, 4, 8, 4, 8, 4, 4, 8, 4, 8 ],
          eAdj := [ 1, 9, 10, 11, 12, 13, 15, 16, 17, 20, 22, 23, 32, 33, 34, 
              38, 42, 43, 44, 45, 46, 51, 54, 57, 58, 65 ] ), rec(
          DistVect := [ 0, 7, 5, 5, 5, 3, 5, 3, 4, 4, 4, 8, 8, 4, 4, 8, 4, 8, 
              4, 8, 4, 8, 4, 8, 4, 4, 8, 4, 8 ],
          eAdj := [ 1, 9, 10, 11, 12, 13, 15, 17, 20, 21, 22, 23, 25, 32, 38, 
              42, 43, 44, 45, 46, 51, 54, 56, 57, 58, 65 ] ), rec(
          DistVect := [ 0, 2, 1, 1, 2, 0, 2, 1, 1, 1, 1, 2, 2, 1, 1, 2, 1, 2, 
              1, 2, 1, 2, 1, 2, 1, 1, 2, 1, 2 ],
          eAdj := [ 2, 6, 9, 10, 11, 12, 13, 15, 17, 20, 21, 22, 23, 24, 25, 
              29, 31, 32, 38, 42, 43, 44, 45, 46, 51, 54, 56, 57, 58, 59, 65 
             ] ), rec(
          DistVect := [ 0, 5, 3, 3, 7, 3, 7, 3, 4, 4, 4, 8, 8, 4, 4, 8, 4, 8, 
              4, 8, 4, 8, 4, 8, 4, 4, 8, 4, 8 ],
          eAdj := [ 6, 9, 10, 11, 12, 13, 15, 17, 20, 22, 23, 24, 32, 34, 38, 
              42, 43, 44, 45, 46, 51, 54, 56, 57, 58, 65 ] ), rec(
          DistVect := [ 0, 4, 4, 4, 4, 4, 5, 3, 4, 4, 4, 8, 7, 5, 4, 8, 4, 9, 
              3, 8, 4, 7, 5, 8, 3, 5, 7, 5, 8 ],
          eAdj := [ 1, 6, 9, 10, 11, 13, 14, 15, 16, 20, 21, 23, 28, 32, 34, 
              38, 42, 44, 45, 46, 51, 56, 57, 58, 65, 76 ] ), rec(
          DistVect := [ 0, 4, 4, 4, 4, 4, 5, 3, 4, 4, 4, 8, 7, 5, 4, 8, 4, 7, 
              5, 8, 4, 7, 5, 8, 5, 3, 7, 5, 8 ],
          eAdj := [ 1, 6, 9, 10, 11, 12, 13, 14, 16, 17, 20, 21, 23, 32, 34, 
              38, 42, 45, 46, 51, 56, 57, 58, 65, 76, 84 ] ), rec(
          DistVect := [ 0, 4, 4, 4, 4, 4, 5, 3, 4, 4, 4, 8, 5, 7, 4, 8, 4, 7, 
              5, 8, 4, 7, 5, 8, 3, 5, 9, 3, 8 ],
          eAdj := [ 1, 3, 6, 9, 10, 11, 12, 13, 14, 16, 20, 21, 32, 34, 38, 
              42, 43, 44, 45, 46, 51, 56, 57, 58, 65, 76 ] ), rec(
          DistVect := [ 0, 1, 1, 1, 1, 0, 2, 1, 1, 1, 1, 1, 2, 2, 1, 2, 1, 2, 
              1, 2, 1, 2, 1, 1, 1, 2, 2, 1, 2 ],
          eAdj := [ 2, 3, 4, 6, 11, 13, 14, 15, 16, 18, 21, 28, 29, 30, 31, 
              32, 38, 42, 43, 44, 45, 46, 55, 56, 57, 58, 59, 65, 76 ] ), rec(
          DistVect := [ 0, 7, 4, 4, 4, 4, 8, 3, 3, 5, 7, 7, 7, 4, 4, 8, 4, 8, 
              3, 8, 4, 8, 5, 8, 4, 7, 8, 3, 7 ],
          eAdj := [ 4, 9, 14, 16, 18, 21, 22, 25, 29, 33, 35, 36, 37, 39, 45, 
              47, 52, 53, 60, 62, 63, 71, 73, 79, 83, 89 ] ), rec(
          DistVect := [ 0, 4, 3, 5, 4, 3, 7, 3, 3, 5, 4, 7, 7, 7, 4, 7, 4, 8, 
              4, 9, 4, 8, 4, 7, 3, 7, 8, 4, 8 ],
          eAdj := [ 3, 4, 6, 9, 11, 13, 14, 15, 16, 18, 21, 28, 29, 30, 32, 
              38, 42, 43, 44, 45, 46, 55, 57, 58, 65, 76 ] ), rec(
          DistVect := [ 0, 4, 4, 4, 4, 4, 8, 3, 4, 4, 4, 8, 8, 7, 4, 8, 4, 8, 
              3, 8, 4, 8, 5, 8, 4, 7, 8, 3, 7 ],
          eAdj := [ 3, 4, 6, 9, 10, 11, 13, 14, 15, 16, 18, 21, 28, 29, 31, 
              32, 38, 43, 44, 45, 46, 54, 55, 61, 62, 66 ] ), rec(
          DistVect := [ 0, 4, 4, 4, 4, 4, 8, 3, 4, 4, 4, 8, 8, 5, 4, 8, 4, 8, 
              3, 8, 4, 8, 7, 8, 4, 5, 8, 5, 7 ],
          eAdj := [ 5, 6, 9, 10, 11, 13, 14, 15, 16, 18, 21, 23, 28, 29, 31, 
              32, 35, 38, 43, 44, 45, 54, 55, 61, 62, 66 ] ), rec(
          DistVect := [ 0, 5, 5, 4, 3, 5, 7, 3, 4, 5, 4, 8, 8, 4, 5, 8, 4, 8, 
              4, 7, 5, 7, 7, 8, 4, 4, 8, 4, 8 ],
          eAdj := [ 5, 9, 12, 13, 14, 15, 16, 18, 20, 21, 22, 23, 29, 31, 35, 
              37, 38, 43, 45, 55, 61, 62, 63, 66, 78, 85 ] ), rec(
          DistVect := [ 0, 5, 5, 7, 3, 5, 7, 3, 4, 4, 4, 8, 8, 4, 4, 8, 4, 8, 
              4, 8, 4, 8, 4, 8, 4, 4, 8, 4, 8 ],
          eAdj := [ 9, 10, 11, 12, 13, 15, 16, 17, 18, 20, 21, 22, 23, 26, 
              29, 32, 38, 42, 43, 44, 46, 51, 54, 58, 65, 66 ] ), rec(
          DistVect := [ 0, 4, 4, 4, 4, 4, 8, 3, 4, 4, 4, 8, 8, 3, 4, 8, 4, 8, 
              3, 8, 4, 8, 5, 8, 4, 5, 8, 5, 9 ],
          eAdj := [ 6, 9, 10, 11, 13, 14, 15, 16, 18, 20, 21, 22, 23, 29, 31, 
              32, 35, 38, 43, 44, 45, 54, 55, 58, 61, 66 ] ), rec(
          DistVect := [ 0, 7, 3, 5, 4, 3, 7, 3, 4, 4, 7, 8, 8, 4, 4, 7, 4, 8, 
              4, 9, 4, 8, 4, 7, 3, 7, 8, 4, 8 ],
          eAdj := [ 4, 9, 10, 14, 16, 18, 21, 22, 25, 29, 31, 33, 35, 36, 39, 
              44, 45, 47, 52, 60, 61, 62, 63, 73, 78, 85 ] ), rec(
          DistVect := [ 0, 4, 4, 7, 4, 4, 8, 3, 4, 5, 4, 8, 8, 5, 3, 8, 4, 8, 
              3, 9, 5, 7, 4, 8, 4, 5, 8, 5, 7 ],
          eAdj := [ 6, 9, 11, 13, 15, 16, 17, 18, 21, 23, 26, 28, 29, 30, 38, 
              40, 42, 43, 44, 46, 51, 57, 58, 59, 65, 76 ] ), rec(
          DistVect := [ 0, 4, 4, 4, 4, 4, 8, 3, 4, 4, 4, 8, 8, 5, 4, 8, 4, 8, 
              3, 8, 4, 8, 5, 8, 4, 5, 8, 5, 7 ],
          eAdj := [ 6, 9, 10, 11, 13, 14, 15, 16, 18, 21, 23, 28, 29, 31, 32, 
              38, 43, 44, 45, 46, 54, 55, 58, 61, 65, 66 ] ), rec(
          DistVect := [ 0, 5, 3, 5, 5, 3, 7, 3, 4, 4, 4, 8, 8, 4, 4, 8, 4, 8, 
              4, 8, 4, 8, 4, 8, 4, 4, 8, 4, 8 ],
          eAdj := [ 6, 9, 10, 11, 12, 13, 15, 16, 17, 20, 21, 22, 23, 29, 32, 
              38, 42, 43, 44, 45, 46, 51, 54, 57, 58, 65 ] ), rec(
          DistVect := [ 0, 5, 3, 3, 4, 3, 9, 3, 4, 4, 5, 8, 8, 4, 4, 7, 4, 8, 
              4, 7, 4, 8, 4, 7, 5, 7, 8, 4, 8 ],
          eAdj := [ 4, 6, 9, 10, 14, 16, 18, 21, 22, 29, 31, 35, 36, 39, 45, 
              47, 52, 53, 60, 61, 62, 63, 73, 78, 79, 85 ] ), rec(
          DistVect := [ 0, 4, 5, 5, 5, 3, 7, 3, 5, 5, 5, 7, 7, 7, 4, 8, 4, 8, 
              4, 8, 4, 8, 4, 8, 4, 4, 8, 4, 8 ],
          eAdj := [ 3, 6, 12, 17, 20, 21, 23, 28, 30, 34, 38, 40, 41, 42, 46, 
              48, 49, 50, 56, 57, 59, 70, 77, 82, 84, 88 ] ), rec(
          DistVect := [ 0, 7, 5, 5, 5, 3, 7, 3, 4, 4, 4, 8, 8, 4, 4, 8, 4, 8, 
              4, 8, 4, 8, 4, 8, 4, 4, 8, 4, 8 ],
          eAdj := [ 9, 10, 11, 12, 13, 15, 17, 20, 21, 22, 23, 25, 29, 31, 
              32, 38, 42, 43, 44, 45, 46, 51, 54, 58, 65, 66 ] ), rec(
          DistVect := [ 0, 4, 4, 4, 4, 4, 8, 3, 4, 4, 4, 8, 8, 5, 4, 8, 4, 8, 
              3, 8, 4, 8, 3, 8, 4, 7, 8, 3, 9 ],
          eAdj := [ 4, 6, 9, 10, 11, 13, 14, 15, 16, 18, 21, 22, 29, 31, 32, 
              38, 42, 43, 44, 45, 46, 54, 55, 58, 61, 66 ] ), rec(
          DistVect := [ 0, 7, 4, 4, 4, 4, 8, 3, 5, 5, 7, 7, 7, 4, 4, 8, 4, 8, 
              5, 8, 4, 8, 5, 8, 4, 7, 8, 3, 7 ],
          eAdj := [ 4, 14, 16, 18, 21, 22, 25, 33, 35, 36, 37, 39, 47, 52, 
              53, 60, 62, 63, 69, 71, 72, 73, 75, 79, 83, 89 ] ), rec(
          DistVect := [ 0, 7, 4, 4, 4, 4, 8, 3, 7, 5, 5, 7, 7, 4, 4, 8, 4, 8, 
              7, 8, 4, 8, 5, 8, 4, 5, 8, 3, 7 ],
          eAdj := [ 7, 12, 14, 16, 18, 21, 22, 25, 31, 33, 35, 36, 37, 39, 
              47, 52, 53, 60, 62, 63, 69, 72, 73, 79, 83, 89 ] ), rec(
          DistVect := [ 0, 4, 4, 4, 4, 4, 8, 3, 4, 4, 4, 8, 8, 5, 4, 8, 4, 8, 
              5, 8, 4, 8, 3, 8, 4, 7, 8, 3, 9 ],
          eAdj := [ 4, 6, 9, 10, 11, 13, 14, 15, 16, 18, 21, 22, 29, 31, 32, 
              36, 42, 43, 44, 45, 54, 55, 60, 61, 63, 66 ] ), rec(
          DistVect := [ 0, 4, 4, 4, 4, 4, 8, 3, 4, 4, 4, 8, 8, 7, 4, 8, 4, 8, 
              5, 8, 4, 8, 5, 8, 4, 7, 8, 3, 7 ],
          eAdj := [ 3, 4, 6, 9, 10, 11, 13, 14, 15, 16, 18, 21, 29, 31, 32, 
              43, 44, 45, 54, 55, 60, 61, 62, 63, 66, 73 ] ), rec(
          DistVect := [ 0, 4, 4, 4, 4, 4, 8, 3, 4, 4, 4, 8, 8, 5, 4, 8, 4, 8, 
              7, 8, 4, 8, 5, 8, 4, 5, 8, 5, 7 ],
          eAdj := [ 6, 7, 9, 10, 11, 13, 14, 15, 16, 18, 21, 29, 31, 32, 36, 
              43, 44, 45, 54, 55, 60, 61, 63, 66, 73, 78 ] ), rec(
          DistVect := [ 0, 4, 4, 4, 4, 4, 8, 3, 4, 4, 4, 8, 8, 7, 4, 8, 4, 8, 
              7, 8, 4, 8, 5, 8, 4, 5, 8, 3, 7 ],
          eAdj := [ 3, 6, 7, 9, 10, 11, 12, 13, 14, 15, 16, 18, 21, 29, 31, 
              32, 42, 43, 44, 45, 54, 55, 60, 61, 63, 66 ] ), rec(
          DistVect := [ 0, 5, 4, 4, 3, 5, 7, 3, 5, 5, 4, 8, 8, 4, 4, 7, 5, 7, 
              7, 7, 5, 7, 7, 8, 4, 4, 8, 4, 8 ],
          eAdj := [ 5, 7, 12, 14, 15, 16, 18, 20, 21, 22, 29, 31, 33, 35, 36, 
              37, 47, 60, 62, 63, 69, 73, 78, 79, 83, 85 ] ), rec(
          DistVect := [ 0, 5, 3, 5, 4, 3, 9, 3, 4, 4, 5, 8, 8, 4, 4, 7, 4, 8, 
              4, 9, 4, 8, 4, 7, 5, 7, 8, 4, 8 ],
          eAdj := [ 4, 6, 9, 10, 11, 14, 16, 18, 21, 22, 29, 31, 32, 35, 36, 
              39, 44, 45, 52, 60, 61, 62, 63, 73, 78, 85 ] ), rec(
          DistVect := [ 0, 4, 5, 5, 4, 3, 7, 3, 5, 5, 4, 7, 7, 7, 4, 9, 4, 8, 
              4, 9, 4, 8, 4, 7, 3, 7, 8, 4, 8 ],
          eAdj := [ 3, 4, 6, 11, 13, 14, 15, 16, 18, 21, 28, 30, 32, 38, 42, 
              43, 44, 46, 51, 55, 56, 57, 58, 59, 65, 76 ] ), rec(
          DistVect := [ 0, 7, 5, 5, 4, 3, 7, 3, 4, 4, 7, 8, 8, 4, 4, 9, 4, 8, 
              4, 9, 4, 8, 4, 7, 3, 7, 8, 4, 8 ],
          eAdj := [ 4, 9, 10, 14, 16, 18, 21, 22, 25, 29, 31, 32, 35, 36, 39, 
              43, 44, 45, 55, 60, 61, 62, 63, 73, 78, 85 ] ), rec(
          DistVect := [ 0, 7, 7, 4, 4, 4, 8, 3, 4, 5, 5, 7, 7, 4, 5, 9, 3, 7, 
              4, 8, 4, 8, 5, 8, 4, 5, 8, 3, 7 ],
          eAdj := [ 9, 12, 13, 14, 18, 21, 22, 23, 25, 27, 29, 31, 32, 35, 
              37, 39, 43, 45, 53, 55, 60, 61, 62, 63, 78, 85 ] ), rec(
          DistVect := [ 0, 4, 4, 7, 4, 4, 8, 3, 4, 5, 4, 8, 8, 5, 5, 8, 4, 8, 
              5, 9, 5, 7, 4, 8, 4, 5, 8, 5, 7 ],
          eAdj := [ 6, 9, 11, 13, 15, 16, 17, 18, 21, 26, 29, 30, 32, 40, 42, 
              43, 44, 46, 51, 54, 55, 57, 58, 59, 65, 76 ] ), rec(
          DistVect := [ 0, 4, 4, 7, 4, 4, 8, 3, 4, 5, 4, 8, 8, 5, 7, 8, 4, 8, 
              7, 7, 5, 7, 4, 8, 4, 3, 8, 5, 7 ],
          eAdj := [ 6, 7, 9, 12, 13, 15, 16, 17, 18, 20, 21, 26, 29, 30, 32, 
              40, 42, 43, 46, 51, 54, 57, 58, 59, 65, 76 ] ), rec(
          DistVect := [ 0, 4, 7, 4, 4, 4, 8, 3, 7, 4, 4, 8, 8, 7, 5, 9, 3, 7, 
              4, 8, 4, 8, 5, 8, 4, 5, 8, 3, 7 ],
          eAdj := [ 3, 6, 10, 11, 12, 14, 15, 18, 21, 23, 27, 28, 31, 32, 38, 
              41, 42, 43, 44, 46, 51, 56, 58, 59, 65, 76 ] ), rec(
          DistVect := [ 0, 4, 4, 4, 4, 4, 8, 3, 4, 4, 4, 8, 8, 3, 4, 8, 4, 8, 
              5, 8, 4, 8, 5, 8, 4, 5, 8, 5, 9 ],
          eAdj := [ 6, 9, 10, 11, 13, 14, 15, 16, 18, 20, 21, 22, 29, 31, 32, 
              35, 36, 43, 44, 45, 54, 55, 61, 63, 66, 78 ] ), rec(
          DistVect := [ 0, 4, 4, 4, 4, 4, 8, 3, 4, 4, 4, 8, 8, 5, 4, 8, 4, 8, 
              7, 8, 4, 8, 7, 8, 4, 3, 8, 5, 7 ],
          eAdj := [ 5, 6, 7, 9, 10, 11, 12, 13, 14, 15, 16, 18, 20, 21, 29, 
              31, 32, 43, 44, 45, 54, 55, 61, 63, 66, 78 ] ), rec(
          DistVect := [ 0, 5, 5, 5, 5, 3, 9, 3, 4, 4, 4, 8, 8, 4, 4, 8, 4, 8, 
              4, 8, 4, 8, 4, 8, 4, 4, 8, 4, 8 ],
          eAdj := [ 6, 9, 10, 11, 12, 13, 15, 17, 18, 20, 21, 22, 23, 29, 31, 
              32, 38, 42, 43, 44, 46, 51, 54, 58, 59, 65 ] ), rec(
          DistVect := [ 0, 5, 5, 5, 5, 3, 7, 3, 4, 4, 4, 8, 8, 4, 4, 8, 4, 8, 
              4, 8, 4, 8, 4, 8, 4, 4, 8, 4, 8 ],
          eAdj := [ 6, 9, 10, 11, 12, 13, 15, 17, 20, 21, 22, 23, 32, 38, 42, 
              43, 44, 46, 51, 54, 56, 57, 58, 59, 65, 76 ] ) ] );
