return [ [ 2, 5, 7, 8, 10, 14, 16, 36, 37, 44, 46, 48, 53 ], [ 5, 7, 9, 10, 12, 20, 41, 43, 44, 45, 50, 51, 56 ], 
  [ 2, 4, 7, 10, 13, 14, 16, 22, 35, 36, 37, 48, 53 ], [ 2, 5, 26, 37, 39, 40, 42, 43, 44, 46, 48, 53, 60 ], 
  [ 8, 10, 11, 13, 15, 16, 17, 19, 23, 24, 25, 36, 47, 49, 53 ], [ 2, 4, 7, 10, 13, 26, 37, 41, 43, 44, 45, 47, 49, 50, 51 ], 
  [ 2, 5, 7, 8, 16, 19, 26, 33, 36, 37, 40, 41, 44, 46, 48 ], [ 2, 4, 10, 13, 23, 26, 37, 43, 45, 47, 49, 50, 51, 52, 54 ], 
  [ 8, 10, 13, 15, 16, 17, 19, 23, 24, 25, 29, 36, 47, 49, 52, 53 ], 
  [ 2, 5, 7, 8, 9, 10, 11, 15, 16, 19, 36, 40, 44, 46, 47, 53, 57 ], 
  [ 5, 7, 8, 9, 10, 12, 15, 16, 20, 24, 33, 41, 44, 45, 50, 51, 56 ], 
  [ 6, 8, 11, 12, 15, 17, 18, 19, 23, 24, 25, 38, 39, 42, 45, 49, 58 ], 
  [ 2, 5, 8, 16, 19, 26, 33, 36, 37, 39, 40, 42, 44, 46, 48, 53, 60 ], 
  [ 2, 5, 7, 8, 10, 16, 19, 26, 36, 37, 40, 41, 44, 46, 47, 48, 53 ], 
  [ 2, 4, 7, 8, 10, 13, 16, 24, 26, 37, 41, 44, 45, 47, 49, 50, 51 ], 
  [ 2, 4, 8, 10, 13, 16, 23, 24, 26, 37, 45, 47, 49, 50, 51, 52, 54 ], 
  [ 2, 5, 7, 8, 14, 16, 22, 33, 36, 37, 39, 40, 44, 46, 48, 53, 55, 60 ], 
  [ 2, 4, 7, 10, 13, 14, 16, 22, 23, 32, 35, 36, 37, 46, 47, 52, 53, 57 ], 
  [ 2, 4, 7, 8, 10, 11, 13, 15, 16, 19, 23, 24, 36, 44, 47, 49, 53, 57 ], 
  [ 3, 5, 6, 8, 12, 17, 18, 20, 24, 25, 33, 34, 38, 39, 45, 54, 55, 56 ], 
  [ 2, 5, 6, 14, 26, 34, 37, 38, 39, 40, 43, 45, 46, 50, 52, 54, 55, 59 ], 
  [ 2, 5, 6, 8, 14, 26, 34, 37, 38, 39, 40, 45, 46, 50, 52, 54, 55, 59 ], 
  [ 2, 4, 5, 7, 9, 10, 14, 16, 22, 32, 33, 35, 36, 37, 43, 44, 46, 48, 53, 56, 57, 60 ], 
  [ 2, 5, 7, 10, 13, 14, 22, 26, 27, 34, 35, 37, 40, 41, 43, 46, 47, 48, 52, 53, 55, 59 ], 
  [ 2, 3, 4, 5, 7, 8, 10, 13, 14, 16, 22, 24, 33, 36, 37, 39, 43, 44, 48, 49, 53, 55, 56, 60 ], 
  [ 2, 5, 7, 8, 14, 16, 22, 26, 33, 34, 37, 39, 40, 41, 44, 45, 46, 48, 50, 51, 54, 55, 59, 60 ], 
  [ 2, 3, 4, 5, 6, 8, 12, 14, 18, 20, 24, 26, 28, 33, 34, 37, 38, 39, 45, 50, 54, 55, 56, 59 ], 
  [ 2, 4, 7, 8, 10, 11, 12, 13, 15, 16, 18, 19, 23, 24, 26, 28, 31, 41, 44, 45, 47, 49, 50, 51, 57, 58 ], 
  [ 2, 5, 7, 8, 10, 13, 14, 16, 22, 26, 34, 37, 39, 40, 41, 43, 44, 45, 46, 47, 48, 49, 50, 51, 52, 53, 54, 55, 59, 60 ], 
  [ 2, 4, 5, 7, 9, 10, 12, 14, 16, 20, 22, 26, 28, 31, 32, 33, 35, 37, 41, 43, 44, 46, 48, 50, 51, 54, 56, 57, 59, 60 ], 
  [ 2, 4, 7, 10, 13, 14, 16, 22, 23, 26, 28, 31, 32, 35, 37, 41, 43, 44, 46, 47, 48, 49, 50, 51, 52, 53, 54, 57, 59, 60 ], 
  [ 2, 3, 4, 5, 6, 8, 10, 12, 13, 14, 17, 18, 20, 23, 24, 26, 28, 34, 37, 38, 39, 43, 45, 49, 50, 52, 54, 55, 56, 59 ], 
  [ 1, 2, 5, 6, 7, 8, 9, 10, 11, 13, 14, 15, 16, 17, 19, 22, 23, 25, 27, 29, 32, 35, 36, 40, 46, 47, 52, 53, 55, 57 ], 
  [ 2, 4, 5, 7, 8, 9, 10, 12, 14, 15, 16, 19, 20, 24, 26, 28, 29, 31, 33, 35, 36, 37, 41, 44, 46, 48, 50, 56, 57, 59 ], 
  [ 2, 3, 4, 5, 7, 8, 10, 12, 13, 14, 16, 18, 20, 22, 24, 26, 28, 33, 34, 37, 39, 41, 43, 44, 45, 48, 49, 50, 51, 54, 55, 56, 59, 
      60 ], [ 1, 2, 3, 4, 5, 6, 7, 8, 9, 10, 11, 12, 13, 14, 15, 16, 17, 18, 20, 22, 23, 24, 25, 28, 32, 33, 39, 43, 44, 45, 49, 
      50, 51, 54, 55, 56, 57, 60 ], [ 2, 4, 5, 6, 8, 9, 10, 12, 14, 15, 16, 17, 19, 20, 23, 24, 25, 26, 28, 29, 31, 32, 33, 35, 
      36, 37, 38, 39, 42, 43, 44, 46, 48, 49, 50, 52, 53, 54, 56, 57, 59, 60 ], 
  [ 1, 2, 3, 4, 5, 6, 7, 8, 9, 10, 11, 12, 13, 14, 15, 16, 17, 18, 19, 20, 22, 23, 24, 25, 27, 28, 29, 32, 33, 35, 36, 39, 42, 
      43, 44, 48, 49, 53, 55, 56, 57, 60 ], [ 2, 3, 4, 5, 6, 8, 10, 12, 13, 14, 16, 17, 18, 19, 20, 22, 23, 24, 25, 26, 27, 28, 
      29, 32, 33, 34, 35, 36, 37, 38, 39, 42, 43, 48, 49, 52, 53, 54, 55, 56, 59, 60 ], 
  [ 1, 2, 5, 6, 7, 8, 9, 11, 12, 14, 15, 16, 18, 19, 20, 21, 22, 25, 26, 27, 28, 29, 31, 32, 33, 34, 35, 38, 39, 40, 41, 42, 44, 
      45, 46, 48, 50, 51, 54, 55, 57, 58, 59, 60 ], [ 1, 2, 3, 4, 5, 6, 7, 9, 11, 12, 14, 18, 20, 21, 22, 26, 27, 28, 30, 31, 32, 
      33, 34, 35, 37, 38, 39, 40, 41, 42, 43, 44, 45, 46, 48, 50, 51, 54, 55, 56, 57, 58, 59, 60 ], 
  [ 1, 2, 3, 4, 5, 6, 7, 9, 10, 11, 12, 13, 14, 17, 18, 20, 21, 22, 23, 26, 27, 28, 30, 31, 32, 34, 35, 37, 38, 40, 41, 43, 45, 
      46, 47, 50, 51, 52, 54, 55, 56, 57, 58, 59 ], [ 1, 2, 5, 6, 7, 8, 9, 10, 11, 12, 13, 14, 15, 16, 17, 18, 19, 20, 21, 22, 
      23, 25, 26, 27, 28, 29, 31, 32, 34, 35, 38, 39, 40, 41, 42, 43, 44, 45, 46, 47, 48, 49, 50, 51, 52, 53, 54, 55, 57, 58, 59, 
      60 ], [ 1, 2, 3, 4, 5, 6, 7, 8, 9, 10, 11, 12, 13, 14, 15, 17, 18, 19, 20, 21, 23, 24, 26, 27, 28, 29, 30, 31, 34, 35, 36, 
      37, 38, 39, 40, 41, 42, 43, 44, 45, 46, 47, 48, 49, 50, 52, 53, 55, 56, 57, 58, 59 ] ];
