return rec(
  EXT := [ [ 0, -1, 0, 1, 0, 1, 0, 1, 0, 0, 0, 0, 0, 0, 0, 0, 0 ], [ 0, -1, 0, 1, 0, 0, 0, 0, 0, 1, 0, 1, 0, 0, 0, 0, 0 ], 
      [ 0, 0, -1, 1, 0, 0, 1, 1, 0, 0, 0, 0, 0, 0, 0, 0, 0 ], [ 2, -1, -1, 0, 0, -1, 1, 0, 0, 0, 0, 0, 0, 0, 0, 0, 0 ], 
      [ 2, -1, -1, 0, 0, 1, -1, 0, 0, 0, 0, 0, 0, 0, 0, 0, 0 ], [ 0, -1, 0, 1, 0, 0, 0, 0, 0, 0, 0, 0, 0, 1, 0, 1, 0 ], 
      [ 0, 0, -1, 1, 0, 0, 0, 0, 0, 0, 1, 1, 0, 0, 0, 0, 0 ], [ 2, -1, -1, 0, 0, 0, 0, 0, 0, -1, 1, 0, 0, 0, 0, 0, 0 ], 
      [ 2, -1, -1, 0, 0, 0, 0, 0, 0, 1, -1, 0, 0, 0, 0, 0, 0 ], [ 0, 0, -1, 1, 0, 0, 0, 0, 0, 0, 0, 0, 0, 0, 1, 1, 0 ], 
      [ 2, -1, 0, 1, 0, -1, 0, -1, 0, 0, 0, 0, 0, 0, 0, 0, 0 ], [ 0, 1, 0, 1, 0, 0, 0, 0, 0, 0, 0, 0, 0, -1, 0, 1, 0 ], 
      [ 2, -1, -1, 0, 0, 0, 0, 0, 0, 0, 0, 0, 0, -1, 1, 0, 0 ], [ 2, -1, 0, 0, -1, 1, 0, 0, -1, 0, 0, 0, 0, 0, 0, 0, 0 ], 
      [ 2, -1, -1, 0, 0, 0, 0, 0, 0, 0, 0, 0, 0, 1, -1, 0, 0 ], [ 0, 0, 0, 0, 0, 1, 0, 1, 0, 0, 0, 0, 0, -1, 0, 1, 0 ], 
      [ 2, -1, 0, 0, 1, -1, 0, 0, -1, 0, 0, 0, 0, 0, 0, 0, 0 ], [ 2, 0, -1, 1, 0, 0, -1, -1, 0, 0, 0, 0, 0, 0, 0, 0, 0 ], 
      [ 0, 0, 1, 1, 0, 0, 0, 0, 0, 0, 0, 0, 0, 0, -1, 1, 0 ], [ 2, -1, 0, -1, 0, 0, 0, 0, 0, 0, 0, 0, 0, -1, 0, 1, 0 ], 
      [ 2, -1, 0, 1, 0, 0, 0, 0, 0, -1, 0, -1, 0, 0, 0, 0, 0 ], [ 2, -1, 1, 0, 0, 0, 0, 0, 0, 0, 0, 0, 0, -1, -1, 0, 0 ], 
      [ 0, 0, 0, 1, 1, 0, 0, 1, -1, 0, 0, 0, 0, 0, 0, 0, 0 ], [ 2, 0, -1, 0, -1, 0, 1, 0, -1, 0, 0, 0, 0, 0, 0, 0, 0 ], 
      [ 2, -1, 0, 0, -1, 0, 0, 0, 0, 1, 0, 0, -1, 0, 0, 0, 0 ], [ 2, 1, -1, 0, 0, 0, 0, 0, 0, 0, 0, 0, 0, -1, -1, 0, 0 ], 
      [ 0, 0, 0, 0, 0, 0, 0, 0, 0, 1, 0, 1, 0, -1, 0, 1, 0 ], [ 0, 0, 0, 0, 0, 0, 1, 1, 0, 0, 0, 0, 0, 0, -1, 1, 0 ], 
      [ 2, 0, -1, 0, 1, 0, -1, 0, -1, 0, 0, 0, 0, 0, 0, 0, 0 ], [ 2, -1, 0, 0, -1, 0, 0, 0, 0, 0, 0, 0, 0, -1, 0, 0, 1 ], 
      [ 2, -1, 0, 0, 1, 0, 0, 0, 0, -1, 0, 0, -1, 0, 0, 0, 0 ], [ 2, 0, -1, -1, 0, 0, 0, 0, 0, 0, 0, 0, 0, 0, -1, 1, 0 ], 
      [ 2, 0, -1, 1, 0, 0, 0, 0, 0, 0, -1, -1, 0, 0, 0, 0, 0 ], [ 2, 0, 0, 0, 0, -1, 0, -1, 0, 0, 0, 0, 0, -1, 0, 1, 0 ], 
      [ 2, -1, 0, 1, 0, 0, 0, 0, 0, 0, 0, 0, 0, -1, 0, -1, 0 ], [ 2, 0, 0, 0, 0, -1, 1, 0, 0, 0, 0, 0, 0, -1, -1, 0, 0 ], 
      [ 0, 0, 0, 1, -1, 0, 0, 0, 0, 0, 0, 0, 0, 0, 0, 1, 1 ], [ 0, 0, 0, 1, 1, 0, 0, 0, 0, 0, 0, 1, -1, 0, 0, 0, 0 ], 
      [ 2, 0, -1, 0, -1, 0, 0, 0, 0, 0, 1, 0, -1, 0, 0, 0, 0 ], [ 2, 0, 0, 0, 0, -1, 0, 0, -1, 1, 0, 0, -1, 0, 0, 0, 0 ], 
      [ 2, 0, 0, 0, 0, 1, -1, 0, 0, 0, 0, 0, 0, -1, -1, 0, 0 ], [ 0, 0, 0, 0, 0, 0, 0, 0, 0, 0, 1, 1, 0, 0, -1, 1, 0 ], 
      [ 2, 0, -1, 0, -1, 0, 0, 0, 0, 0, 0, 0, 0, 0, -1, 0, 1 ], [ 2, 0, -1, 0, 1, 0, 0, 0, 0, 0, -1, 0, -1, 0, 0, 0, 0 ], 
      [ 2, 0, 0, 0, 0, -1, 0, 0, -1, 0, 0, 0, 0, -1, 0, 0, 1 ], [ 2, -1, 0, 0, 1, 0, 0, 0, 0, 0, 0, 0, 0, -1, 0, 0, -1 ], 
      [ 2, 0, 0, 0, 0, 0, -1, -1, 0, 0, 0, 0, 0, 0, -1, 1, 0 ], [ 2, 0, -1, 1, 0, 0, 0, 0, 0, 0, 0, 0, 0, 0, -1, -1, 0 ], 
      [ 2, 0, 0, 0, 0, 0, 0, 0, 0, -1, 0, -1, 0, -1, 0, 1, 0 ], [ 2, 0, 0, 0, 0, 0, 0, 0, 0, -1, 1, 0, 0, -1, -1, 0, 0 ], 
      [ 0, 0, 0, 0, 0, 0, 0, 1, -1, 0, 0, 0, 0, 0, 0, 1, 1 ], [ 2, 0, 0, 1, -1, 0, 0, -1, -1, 0, 0, 0, 0, 0, 0, 0, 0 ], 
      [ 0, 0, 0, 1, 1, 0, 0, 0, 0, 0, 0, 0, 0, 0, 0, 1, -1 ], [ 2, 0, 0, 0, 0, 0, -1, 0, -1, 0, 1, 0, -1, 0, 0, 0, 0 ], 
      [ 2, 0, 0, 0, 0, 1, 0, 0, -1, -1, 0, 0, -1, 0, 0, 0, 0 ], [ 2, 0, 0, 0, 0, 0, 0, 0, 0, 1, -1, 0, 0, -1, -1, 0, 0 ], 
      [ 2, 0, 0, 0, 0, 0, -1, 0, -1, 0, 0, 0, 0, 0, -1, 0, 1 ], [ 2, 0, -1, 0, 1, 0, 0, 0, 0, 0, 0, 0, 0, 0, -1, 0, -1 ], 
      [ 2, 0, 0, 0, 0, 0, 0, 0, 0, -1, 0, 0, -1, -1, 0, 0, 1 ], [ 2, 0, 0, 0, 0, 0, 0, 0, 0, 0, -1, -1, 0, 0, -1, 1, 0 ], 
      [ 0, 0, 0, 0, 0, 0, 0, 0, 0, 0, 0, 1, -1, 0, 0, 1, 1 ], [ 2, 0, 0, 0, 0, 0, 0, -1, -1, 0, 0, 1, -1, 0, 0, 0, 0 ], 
      [ 2, 0, 0, 1, -1, 0, 0, 0, 0, 0, 0, -1, -1, 0, 0, 0, 0 ], [ 2, 0, 0, 0, 0, 0, 1, 0, -1, 0, -1, 0, -1, 0, 0, 0, 0 ], 
      [ 2, 0, 0, 0, 0, 1, 0, 0, -1, 0, 0, 0, 0, -1, 0, 0, -1 ], [ 2, 0, 0, 0, 0, 0, 0, 0, 0, 0, -1, 0, -1, 0, -1, 0, 1 ], 
      [ 2, 0, 0, 0, 0, 0, 0, -1, -1, 0, 0, 0, 0, 0, 0, 1, -1 ], [ 2, 0, 0, 0, 0, 0, 0, 1, -1, 0, 0, -1, -1, 0, 0, 0, 0 ], 
      [ 2, 0, 0, 0, 0, 0, 1, 0, -1, 0, 0, 0, 0, 0, -1, 0, -1 ], [ 2, 0, 0, 0, 0, 0, 0, 0, 0, 1, 0, 0, -1, -1, 0, 0, -1 ], 
      [ 2, 0, 0, 0, 0, 0, 0, 0, 0, 0, 0, -1, -1, 0, 0, 1, -1 ], [ 2, 0, 0, 0, 0, 0, 0, 0, 0, 0, 1, 0, -1, 0, -1, 0, -1 ], 
      [ 1, -1, 0, 0, 0, 0, 0, 0, 0, 0, 0, 0, 0, 0, 0, 0, 0 ], [ 1, 0, -1, 0, 0, 0, 0, 0, 0, 0, 0, 0, 0, 0, 0, 0, 0 ], 
      [ 0, 0, 0, 1, 0, 0, 0, 0, 0, 0, 0, 0, 0, 0, 0, 0, 0 ], [ 1, 0, 0, 0, 0, 0, 0, 0, 0, 0, 0, 0, 0, -1, 0, 0, 0 ], 
      [ 1, 0, 0, 0, 0, 0, 0, 0, -1, 0, 0, 0, 0, 0, 0, 0, 0 ], [ 1, 0, 0, 0, 0, 0, 0, 0, 0, 0, 0, 0, 0, 0, -1, 0, 0 ], 
      [ 0, 0, 0, 0, 0, 0, 0, 0, 0, 0, 0, 0, 0, 0, 0, 1, 0 ], [ 1, 0, 0, 0, 0, 0, 0, 0, 0, 0, 0, 0, -1, 0, 0, 0, 0 ] ],
  Group := Group( [ ( 1, 2)( 3, 7)( 4, 8)( 5, 9)(11,21)(14,25)(16,27)(17,31)(18,33)(23,38)(24,39)(28,42)(29,44)(34,49)(36,50)
        (40,55)(41,56)(45,59)(47,60)(51,61)(52,63)(54,64)(57,66)(62,68)(65,70)(67,71)(69,72)(77,80), 
      ( 1, 4,18)( 2, 8,33)( 3,11, 5)( 6,13,48)( 7,21, 9)(10,35,15)(12,22,32)(14,24,52)(16,36,47)(17,29,23)(19,20,26)(25,39,63)
        (27,50,60)(28,34,41)(30,43,37)(31,44,38)(40,54,68)(42,49,56)(45,57,51)(46,58,53)(55,64,62)(59,66,61)(65,69,67)(70,72,71)
        (73,74,75)(76,78,79), ( 1, 5)( 2, 9)( 3,18)( 4,11)( 6,15)( 7,33)( 8,21)(10,48)(12,26)(13,35)(16,41)(19,32)(20,22)(23,29)
        (24,52)(27,56)(28,47)(34,36)(37,43)(38,44)(39,63)(42,60)(49,50)(51,57)(53,58)(54,68)(61,66)(62,64)(67,69)(71,72)(74,75)
        (78,79), ( 1,16)( 2,27)( 3,28)( 4,36)( 5,41)( 6,12)( 7,42)( 8,50)( 9,56)(10,19)(11,34)(13,22)(14,65)(15,26)(17,45)(18,47)
        (20,35)(21,49)(23,51)(24,69)(25,70)(29,57)(30,46)(31,59)(32,48)(33,60)(37,53)(38,61)(39,72)(43,58)(44,66)(52,67)(63,71)
        (73,76)(74,78)(75,79), ( 1,34)( 2,49)( 3,47)( 4,41)( 5,36)( 6,12)( 7,60)( 8,56)( 9,50)(10,19)(11,16)(13,22)(14,45)(15,26)
        (17,65)(18,28)(20,35)(21,27)(23,67)(24,57)(25,59)(29,69)(31,70)(32,48)(33,42)(38,71)(39,66)(40,55)(44,72)(51,52)(54,64)
        (61,63)(62,68)(73,76)(74,78)(75,79) ] ) );
