return [ [ 1, 2, 3, 4, 5, 6, 7, 8, 9, 11, 12, 13, 14, 15, 18, 20, 21, 22, 23, 24, 25, 26, 28, 29, 30, 32, 33, 34, 35, 36, 37, 38, 
      39, 40, 41, 42, 43, 44, 45, 46, 47, 48, 49, 51, 52, 53, 54, 55, 56, 57, 58, 59, 60, 61, 62, 63, 64, 65, 66, 67, 69, 70, 71, 
      72, 73, 74, 75, 76, 77, 79, 80, 81, 82, 83, 84, 85, 86, 87, 88, 89, 90, 91, 93, 94, 95, 96, 97, 98, 99, 100 ], 
  [ 2, 4, 5, 6, 8, 9, 10, 11, 13, 14, 15, 17, 18, 19, 20, 22, 25, 26, 28, 29, 30, 33, 36, 38, 39, 41, 42, 43, 44, 47, 48, 50, 51, 
      52, 54, 55, 56, 57, 58, 61, 62, 63, 64, 66, 67, 68, 69, 70, 71, 72, 74, 75, 76, 77, 78, 79, 80, 82, 83, 84, 85, 87, 89, 91, 
      92, 94, 96, 97, 99, 100 ], [ 1, 2, 4, 8, 10, 12, 14, 15, 16, 17, 18, 19, 22, 23, 24, 26, 27, 29, 30, 31, 32, 36, 37, 38, 
      40, 42, 44, 45, 46, 48, 49, 53, 54, 57, 60, 61, 64, 65, 70, 71, 72, 75, 78, 79, 80, 81, 82, 84, 85, 86, 87, 88, 89, 90, 91, 
      92, 93, 96, 98, 99 ], [ 2, 10, 14, 15, 17, 23, 26, 33, 52, 61, 64, 79, 81, 83, 84, 89 ], 
  [ 10, 14, 16, 17, 19, 31, 68, 72, 78, 79, 80, 86, 87, 92 ], [ 2, 8, 14, 17, 22, 23, 26, 36, 52, 60, 61, 64, 84, 89 ], 
  [ 2, 10, 39, 42, 55, 62, 64, 68, 70, 71, 75, 77, 78, 79, 81, 83, 84, 89, 99 ], 
  [ 15, 17, 18, 22, 24, 26, 27, 28, 30, 37, 38, 40, 51, 61, 67, 82, 85, 89 ], 
  [ 2, 10, 13, 14, 15, 26, 30, 42, 54, 61, 64, 71, 72, 77, 79, 81, 83, 84 ], 
  [ 3, 5, 7, 9, 15, 17, 20, 22, 24, 26, 27, 28, 30, 33, 34, 35, 37, 38, 40, 46, 51, 52, 56, 58, 61, 63, 66, 67, 69, 73, 74, 82, 
      83, 85, 88, 89, 94, 95, 97, 100 ], [ 6, 10, 13, 14, 15, 16, 17, 19, 20, 24, 26, 31, 38, 43, 54, 56, 68, 72, 77, 79, 80, 86, 
      87, 92, 94, 97 ], [ 12, 15, 18, 19, 24, 27, 28, 29, 30, 35, 37, 38, 40, 51, 63, 65, 66, 67, 69, 70, 75, 80, 85, 95, 96, 97 ]
    , [ 2, 5, 8, 14, 15, 17, 20, 22, 26, 38, 39, 42, 56, 64, 72, 79, 80, 82, 85, 86, 87, 94, 97 ], 
  [ 4, 9, 10, 11, 12, 15, 19, 27, 29, 31, 38, 40, 54, 57, 59, 65, 69, 70, 80, 90, 91, 92, 95 ], 
  [ 2, 5, 9, 10, 13, 14, 15, 17, 20, 22, 23, 25, 26, 33, 34, 36, 39, 41, 42, 52, 55, 56, 57, 62, 64, 68, 69, 70, 71, 72, 74, 77, 
      78, 79, 80, 81, 82, 83, 84, 85, 86, 87, 88, 89, 90, 91, 94, 97, 98, 99 ], 
  [ 2, 5, 6, 7, 8, 10, 11, 13, 14, 16, 17, 19, 21, 23, 26, 31, 34, 36, 39, 41, 42, 43, 45, 49, 50, 52, 53, 54, 55, 56, 59, 60, 
      62, 64, 68, 72, 76, 77, 78, 79, 81, 84, 86, 87, 90, 92, 93, 94, 98, 99 ] ];
