return [ [ 1, 2, 6, 7, 8, 9, 10, 11, 12, 13, 21, 22, 23, 24, 25, 26, 27, 28, 37, 38, 39, 40, 41, 42, 43, 44, 52, 53, 
      54, 55, 56, 57, 58, 59, 67, 68, 69, 70, 71, 72, 73, 74, 75, 76, 77, 78, 79, 80, 81, 82, 83, 84, 85, 86, 87, 
      88, 89, 90, 91, 92, 93, 94, 95, 96, 97, 98, 99, 100, 101, 102, 103, 104, 105, 106, 107, 108, 109, 110, 111, 
      112, 113, 114, 115, 116, 117, 118, 119, 120, 121, 122, 123, 124, 125, 126, 127, 128, 129, 133, 134, 135, 136, 
      137, 138, 139, 140, 148, 149, 150, 151, 152, 153, 154, 155, 164, 165, 166, 167, 168, 169, 170, 171, 179, 180, 
      181, 182, 183, 184, 185, 186, 194, 195, 196, 197, 198, 199, 200, 201, 202, 203, 204, 205, 206, 207, 208, 209, 
      210, 211, 212, 213, 214, 215, 216, 217, 218, 219, 220, 221, 222, 223, 224, 225, 226, 227, 228, 229, 230, 231, 
      232, 233, 234, 235, 236, 237, 238, 239, 240, 241, 242, 243, 244, 245, 246, 247, 248, 249, 250, 251, 252, 253, 
      254, 255, 256 ], [ 10, 11, 12, 13, 18, 27, 58, 73, 77, 78, 80, 81, 104, 108, 109, 111, 112, 118, 119, 121, 
      124, 125, 126, 127, 128, 137, 138, 139, 140, 145, 154, 185, 200, 204, 205, 207, 208, 231, 235, 236, 238, 239, 
      245, 246, 248, 251, 252, 253, 254, 255 ], [ 10, 11, 12, 13, 18, 27, 58, 73, 104, 118, 119, 121, 127, 128, 145, 
      200, 204, 205, 207, 208, 226, 231, 235, 238, 239, 241, 254, 255 ], 
  [ 10, 11, 12, 13, 18, 27, 44, 58, 73, 77, 78, 80, 81, 99, 104, 108, 111, 112, 114, 127, 128, 154, 185, 200, 214, 
      231, 245, 246, 248, 254, 255 ], [ 10, 11, 12, 13, 18, 27, 44, 58, 73, 77, 78, 80, 81, 99, 104, 108, 111, 112, 
      114, 127, 128, 138, 153, 154, 184, 185, 197, 198, 200, 213, 214, 228, 231, 244, 245, 246, 247, 248, 254 ], 
  [ 10, 11, 12, 13, 18, 27, 58, 73, 77, 78, 80, 81, 104, 108, 109, 111, 112, 124, 127, 138, 153, 154, 184, 185, 200, 
      231, 244, 245, 246, 247, 248, 251, 254 ], [ 10, 11, 12, 13, 17, 18, 27, 58, 80, 111, 121, 124, 125, 126, 127, 
      128, 138, 200, 201, 204, 205, 207, 208, 231, 232, 235, 236, 238, 239, 247, 248, 251, 254 ], 
  [ 10, 11, 12, 13, 18, 73, 77, 78, 80, 81, 99, 104, 108, 111, 112, 114, 127, 128, 137, 138, 139, 140, 154, 185, 
      200, 231, 245, 246, 248, 254, 255 ], [ 11, 14, 15, 17, 18, 26, 27, 30, 31, 32, 33, 34, 42, 45, 46, 48, 49, 57, 
      58, 61, 62, 63, 64, 65, 74, 77, 78, 80, 81, 89, 90, 93, 94, 95, 96, 97, 105, 108, 109, 111, 112, 120, 121, 
      124, 125, 126, 127, 128, 137, 138, 139, 140, 144, 154, 168, 169, 170, 171, 175, 185, 200, 201, 202, 203, 207, 
      217, 231, 232, 233, 234, 238, 248 ], [ 10, 11, 12, 13, 14, 15, 17, 18, 26, 27, 30, 33, 41, 42, 43, 44, 45, 46, 
      48, 49, 57, 58, 61, 64, 73, 74, 75, 76, 77, 78, 80, 81, 89, 90, 93, 96, 104, 105, 106, 107, 108, 109, 111, 
      112, 120, 121, 124, 127, 144, 154, 157, 158, 159, 160, 161, 175, 185, 188, 189, 190, 191, 192, 207, 217, 220, 
      221, 222, 223, 224, 238, 248, 251, 252, 253, 254, 255 ], 
  [ 10, 11, 12, 13, 18, 73, 77, 78, 80, 81, 104, 108, 109, 111, 112, 124, 127, 137, 138, 139, 140, 153, 154, 184, 
      185, 200, 231, 244, 245, 246, 247, 248, 251, 254 ], 
  [ 10, 11, 12, 13, 18, 27, 58, 73, 77, 78, 80, 81, 104, 108, 109, 111, 112, 121, 124, 127, 144, 145, 154, 160, 161, 
      185, 191, 192, 207, 238, 251, 252, 253, 254, 255 ], 
  [ 10, 11, 12, 13, 18, 27, 58, 73, 77, 78, 80, 81, 104, 108, 109, 111, 112, 118, 119, 121, 124, 125, 126, 127, 128, 
      138, 145, 153, 154, 160, 184, 185, 191, 251, 254 ], 
  [ 10, 11, 12, 13, 18, 27, 44, 58, 73, 77, 78, 80, 81, 99, 104, 108, 111, 112, 114, 128, 138, 154, 185, 197, 198, 
      200, 204, 205, 208, 214, 226, 228, 231, 235, 239, 245, 246, 248, 254, 255 ], 
  [ 10, 11, 12, 13, 18, 73, 77, 78, 80, 81, 104, 108, 109, 111, 112, 121, 124, 127, 137, 139, 140, 144, 145, 154, 
      185, 207, 238, 248, 251, 252, 253, 254, 255 ], 
  [ 1, 3, 4, 5, 6, 7, 8, 9, 10, 11, 12, 13, 14, 15, 16, 17, 18, 19, 20, 21, 22, 23, 24, 25, 26, 27, 28, 29, 30, 31, 
      32, 33, 34, 35, 36, 37, 38, 39, 40, 41, 42, 43, 44, 45, 46, 47, 48, 49, 50, 51, 52, 53, 54, 55, 56, 57, 58, 
      59, 60, 61, 62, 63, 64, 65, 66, 130, 131, 132, 133, 134, 135, 136, 137, 138, 139, 140, 141, 142, 143, 144, 
      145, 146, 147, 148, 149, 150, 151, 152, 153, 154, 155, 156, 157, 158, 159, 160, 161, 162, 163, 164, 165, 166, 
      167, 168, 169, 170, 171, 172, 173, 174, 175, 176, 177, 178, 179, 180, 181, 182, 183, 184, 185, 186, 187, 188, 
      189, 190, 191, 192, 193, 194, 195, 196, 197, 198, 199, 200, 201, 202, 203, 204, 205, 206, 207, 208, 209, 210, 
      211, 212, 213, 214, 215, 216, 217, 218, 219, 220, 221, 222, 223, 224, 225, 226, 227, 228, 229, 230, 231, 232, 
      233, 234, 235, 236, 237, 238, 239, 240, 241, 242, 243, 244, 245, 246, 247, 248, 249, 250, 251, 252, 253, 254, 
      255, 256 ], [ 10, 11, 12, 13, 18, 26, 27, 33, 41, 42, 43, 44, 49, 57, 58, 64, 73, 77, 78, 80, 81, 93, 96, 104, 
      108, 109, 111, 112, 124, 127, 154, 185, 200, 207, 214, 215, 217, 220, 221, 222, 223, 224, 231, 238, 245, 246, 
      248, 251, 252, 253, 254, 255 ], [ 10, 11, 12, 13, 18, 27, 41, 42, 43, 44, 49, 58, 73, 77, 78, 80, 81, 104, 
      108, 109, 111, 112, 138, 153, 154, 169, 184, 185, 197, 198, 200, 201, 204, 205, 208, 213, 214, 215, 216, 217, 
      220, 223, 228, 229, 231, 232, 235, 236, 239, 244, 245, 246, 247, 248, 251, 254 ], 
  [ 10, 11, 12, 13, 18, 27, 58, 73, 77, 78, 80, 81, 104, 108, 109, 111, 112, 118, 119, 121, 124, 125, 126, 127, 128, 
      138, 153, 154, 184, 185, 244, 245, 246, 247, 248, 251, 254 ], 
  [ 10, 11, 12, 13, 18, 27, 58, 73, 77, 78, 80, 81, 104, 108, 109, 111, 112, 118, 119, 121, 124, 125, 126, 127, 128, 
      145, 154, 160, 161, 185, 191, 192, 251, 252, 253, 254, 255 ], 
  [ 10, 11, 12, 13, 17, 18, 19, 20, 27, 34, 41, 42, 43, 44, 48, 49, 50, 51, 58, 65, 73, 80, 104, 111, 138, 145, 153, 
      154, 160, 161, 169, 176, 184, 185, 191, 192, 197, 198, 200, 201, 204, 205, 207, 208, 213, 214, 215, 216, 217, 
      220, 221, 222, 223, 224, 228, 229, 231, 232, 235, 236, 238, 239, 244, 245, 246, 247, 248, 251, 252, 253, 254, 
      255 ], [ 10, 11, 12, 13, 17, 18, 19, 20, 26, 27, 33, 34, 57, 58, 64, 65, 73, 80, 104, 111, 117, 118, 119, 120, 
      121, 124, 125, 126, 127, 128, 138, 145, 197, 198, 200, 201, 204, 205, 207, 208, 228, 229, 231, 232, 235, 236, 
      238, 239, 244, 247, 251, 254 ], [ 10, 11, 12, 13, 18, 27, 58, 73, 77, 78, 81, 99, 104, 108, 112, 118, 119, 
      121, 127, 128, 137, 139, 140, 145, 200, 204, 205, 207, 208, 226, 231, 235, 238, 239, 241, 255 ], 
  [ 1, 2, 3, 4, 5, 6, 7, 8, 9, 10, 11, 12, 13, 14, 15, 16, 17, 18, 19, 20, 21, 22, 23, 26, 29, 30, 33, 36, 37, 38, 
      39, 40, 41, 42, 43, 44, 45, 46, 47, 48, 49, 50, 51, 52, 53, 54, 57, 60, 61, 64, 67, 68, 69, 70, 71, 72, 73, 
      74, 75, 76, 77, 78, 79, 80, 81, 82, 83, 84, 85, 86, 89, 92, 93, 96, 99, 100, 101, 102, 103, 104, 105, 106, 
      107, 108, 109, 110, 111, 112, 113, 114, 115, 116, 117, 120, 123, 124, 127, 130, 131, 136, 137, 139, 140, 143, 
      144, 146, 147, 148, 149, 150, 151, 152, 153, 154, 155, 156, 157, 158, 159, 160, 161, 162, 167, 168, 170, 171, 
      174, 175, 177, 178, 179, 180, 181, 182, 183, 184, 185, 186, 187, 188, 189, 190, 191, 192, 193, 194, 199, 200, 
      202, 203, 206, 207, 209, 210, 211, 212, 213, 214, 215, 216, 217, 218, 219, 220, 221, 222, 223, 224, 225, 230, 
      231, 233, 234, 237, 238, 240, 241, 242, 243, 244, 245, 246, 247, 248, 249, 250, 251, 252, 253, 254, 255, 256 ],
  [ 10, 11, 12, 13, 14, 15, 17, 18, 27, 58, 77, 78, 80, 81, 108, 109, 111, 112, 121, 124, 125, 126, 127, 128, 137, 
      138, 139, 140, 200, 201, 202, 203, 204, 205, 207, 208, 231, 232, 233, 234, 235, 236, 238, 239, 248 ], 
  [ 10, 11, 12, 13, 18, 27, 58, 73, 77, 78, 80, 81, 104, 108, 109, 111, 112, 118, 119, 121, 124, 125, 126, 127, 128, 
      137, 139, 140, 144, 145, 146, 147, 154, 161, 185, 192, 207, 238, 252, 253, 255 ], 
  [ 10, 11, 12, 13, 17, 18, 19, 20, 27, 34, 58, 65, 73, 80, 104, 111, 118, 119, 121, 125, 126, 128, 138, 145, 197, 
      198, 200, 201, 204, 205, 207, 208, 228, 229, 231, 232, 235, 236, 238, 239, 244, 245, 246, 247, 248, 251, 252, 
      253, 254, 255 ], [ 10, 11, 12, 13, 18, 27, 58, 73, 77, 78, 81, 99, 104, 108, 112, 118, 119, 121, 127, 128, 
      137, 138, 139, 140, 145, 154, 185, 200, 204, 205, 208, 226, 231, 235, 239, 245, 246, 248, 254, 255 ], 
  [ 1, 2, 3, 4, 5, 6, 7, 8, 9, 10, 11, 12, 13, 14, 15, 16, 17, 18, 19, 20, 21, 22, 23, 24, 25, 26, 27, 28, 29, 30, 
      31, 32, 33, 34, 35, 52, 53, 54, 55, 56, 57, 58, 59, 60, 61, 62, 63, 64, 65, 66, 115, 116, 117, 118, 119, 120, 
      121, 122, 123, 124, 125, 126, 127, 128, 129, 132, 133, 134, 135, 136, 137, 138, 139, 140, 141, 142, 143, 144, 
      145, 146, 147, 195, 196, 197, 198, 199, 200, 201, 202, 203, 204, 205, 206, 207, 208, 209, 210, 226, 227, 228, 
      229, 230, 231, 232, 233, 234, 235, 236, 237, 238, 239, 240, 241, 242, 243, 244, 245, 246, 247, 248, 249, 250, 
      251, 252, 253, 254, 255, 256 ], [ 10, 11, 12, 13, 18, 27, 58, 73, 77, 78, 80, 81, 104, 108, 109, 111, 112, 
      118, 119, 121, 124, 125, 126, 127, 128, 138, 197, 198, 200, 201, 204, 205, 208, 228, 229, 231, 232, 235, 236, 
      239, 244, 245, 246, 247, 248, 251, 254 ], [ 10, 11, 12, 13, 14, 15, 17, 18, 27, 58, 77, 78, 80, 81, 108, 109, 
      111, 112, 121, 124, 125, 126, 127, 128, 137, 138, 139, 140, 141, 142, 144, 145, 154, 185, 204, 205, 207, 208, 
      235, 236, 238, 239, 248, 251, 252, 253, 254, 255 ], 
  [ 1, 2, 5, 6, 7, 8, 9, 10, 11, 12, 13, 14, 15, 18, 24, 25, 27, 28, 55, 56, 58, 59, 68, 77, 78, 81, 99, 108, 109, 
      112, 118, 119, 121, 122, 123, 124, 125, 126, 127, 128, 129, 132, 133, 134, 135, 136, 137, 138, 139, 140, 141, 
      142, 145, 151, 152, 154, 155, 182, 183, 185, 186, 195, 204, 205, 208, 226, 235, 236, 239, 245, 246, 248, 249, 
      250, 251, 252, 253, 254, 255, 256 ], [ 8, 9, 10, 11, 12, 13, 18, 24, 27, 44, 58, 59, 71, 72, 73, 78, 81, 87, 
      99, 104, 107, 112, 114, 118, 119, 121, 122, 127, 128, 129, 135, 136, 137, 138, 139, 140, 145, 151, 154, 171, 
      185, 186, 198, 199, 200, 205, 208, 214, 226, 231, 234, 239, 241, 245, 246, 248, 249, 254, 255, 256 ], 
  [ 10, 11, 12, 13, 18, 19, 20, 26, 27, 33, 34, 57, 58, 64, 65, 73, 104, 117, 118, 119, 120, 121, 127, 128, 145, 
      197, 198, 200, 204, 205, 207, 208, 226, 228, 231, 235, 238, 239, 241, 254 ], 
  [ 10, 11, 12, 13, 18, 19, 20, 27, 34, 58, 65, 73, 104, 118, 119, 121, 128, 145, 197, 198, 200, 204, 205, 207, 208, 
      226, 228, 231, 235, 238, 239, 241, 254, 255 ], 
  [ 7, 8, 9, 10, 11, 12, 18, 19, 23, 24, 26, 27, 33, 34, 57, 58, 64, 65, 70, 71, 72, 73, 86, 87, 101, 104, 116, 117, 
      118, 119, 120, 121, 127, 128, 145, 146, 197, 198, 199, 200, 204, 205, 206, 207, 208, 209, 226, 228, 231, 235, 
      238, 239, 240, 241, 254, 255 ], [ 10, 11, 12, 13, 18, 27, 58, 73, 77, 78, 80, 81, 112, 127, 128, 154, 185, 
      200, 214, 215, 245, 246, 248, 254, 255 ], [ 10, 11, 12, 13, 18, 27, 44, 58, 59, 73, 77, 78, 80, 81, 99, 112, 
      114, 127, 128, 129, 154, 185, 186, 200, 214, 215, 246, 248, 249, 254, 255, 256 ], 
  [ 10, 11, 12, 13, 18, 26, 27, 33, 44, 73, 77, 78, 80, 81, 93, 96, 99, 104, 107, 108, 111, 112, 114, 127, 154, 200, 
      207, 214, 215, 217, 220, 221, 222, 223, 224, 231, 234, 238, 241, 246, 248, 249, 253, 254, 255, 256 ], 
  [ 11, 18, 70, 71, 73, 77, 78, 80, 81, 99, 101, 104, 108, 111, 112, 114, 127, 128, 137, 138, 139, 140, 154, 185, 
      200, 231, 245, 246, 248, 255 ], [ 11, 18, 19, 20, 70, 71, 73, 74, 80, 81, 82, 83, 101, 102, 104, 105, 111, 
      112, 113, 114, 117, 120, 127, 128, 137, 138, 139, 140, 146, 147, 153, 154, 161, 184, 185, 192, 200, 231, 244, 
      245, 246, 247, 248, 255 ], [ 1, 2, 10, 11, 12, 13, 18, 26, 27, 33, 44, 59, 73, 77, 78, 80, 81, 93, 96, 99, 
      114, 127, 129, 153, 154, 186, 200, 213, 214, 215, 220, 223, 246, 249, 254, 256 ], 
  [ 10, 11, 12, 13, 18, 27, 44, 58, 59, 73, 77, 78, 80, 81, 112, 127, 154, 185, 186, 200, 207, 215, 222, 246, 248, 
      249, 253, 254, 255, 256 ], [ 10, 11, 12, 13, 18, 26, 27, 33, 44, 57, 58, 59, 64, 73, 77, 78, 80, 81, 93, 96, 
      127, 154, 185, 186, 200, 207, 214, 215, 217, 220, 221, 222, 223, 224, 246, 248, 249, 253, 254, 255, 256 ], 
  [ 1, 2, 3, 5, 6, 7, 10, 11, 12, 13, 18, 19, 20, 26, 27, 33, 34, 36, 37, 44, 51, 52, 57, 58, 59, 64, 65, 66, 68, 
      70, 73, 77, 80, 81, 82, 83, 96, 97, 99, 114, 127, 128, 129, 153, 154, 179, 184, 185, 186, 197, 200, 212, 213, 
      214, 215, 216, 217, 223, 224, 242, 243, 246, 247, 248, 249, 254, 255, 256 ], 
  [ 10, 11, 12, 13, 18, 27, 44, 58, 59, 73, 77, 78, 80, 81, 99, 112, 114, 127, 128, 129, 138, 153, 154, 184, 185, 
      186, 197, 198, 200, 213, 214, 215, 246, 247, 248, 249, 254 ], 
  [ 10, 11, 12, 13, 18, 27, 44, 58, 59, 73, 77, 78, 80, 81, 107, 112, 121, 122, 127, 154, 185, 186, 207, 222, 248, 
      249, 253, 254, 255, 256 ], [ 10, 11, 12, 13, 18, 42, 43, 44, 49, 57, 58, 59, 64, 73, 77, 78, 80, 81, 112, 127, 
      185, 186, 200, 207, 215, 222, 246, 248, 249, 253, 254, 255, 256 ], 
  [ 10, 11, 12, 13, 18, 73, 77, 78, 80, 81, 107, 112, 121, 122, 127, 144, 154, 159, 185, 186, 207, 222, 248, 249, 
      253, 254, 255, 256 ], [ 10, 11, 12, 13, 18, 27, 44, 58, 59, 73, 77, 78, 80, 81, 107, 112, 121, 122, 127, 144, 
      145, 154, 159, 160, 161, 185, 186, 191, 192, 193, 207, 222, 253, 254, 255, 256 ], 
  [ 10, 11, 12, 13, 14, 15, 17, 18, 26, 27, 30, 33, 44, 57, 58, 59, 64, 73, 74, 75, 76, 77, 78, 80, 81, 89, 90, 93, 
      96, 107, 120, 121, 122, 127, 144, 154, 157, 158, 159, 160, 161, 185, 186, 190, 191, 192, 193, 207, 217, 220, 
      221, 222, 223, 224, 248, 249, 253, 254, 255, 256 ], 
  [ 10, 11, 12, 13, 14, 15, 17, 18, 27, 44, 58, 59, 77, 78, 80, 81, 107, 112, 121, 122, 127, 144, 154, 159, 185, 
      186, 207, 222, 248, 249, 253, 254, 255, 256 ], 
  [ 10, 11, 12, 13, 18, 73, 77, 78, 80, 81, 107, 112, 122, 127, 137, 139, 140, 144, 145, 152, 154, 155, 159, 160, 
      186, 207, 222, 249, 253, 254, 256 ], [ 10, 11, 12, 13, 18, 73, 77, 78, 80, 81, 107, 112, 121, 122, 127, 137, 
      139, 140, 144, 145, 154, 185, 186, 207, 248, 249, 253, 254, 255, 256 ], 
  [ 10, 11, 12, 13, 18, 73, 77, 78, 80, 81, 107, 112, 121, 122, 144, 145, 154, 159, 185, 186, 207, 222, 248, 249, 
      253, 254, 255, 256 ], [ 10, 11, 12, 13, 73, 74, 75, 76, 77, 78, 80, 81, 105, 106, 107, 112, 120, 121, 122, 
      127, 137, 139, 140, 144, 152, 154, 155, 159, 185, 186, 207, 222, 248, 249, 253, 254, 255, 256 ], 
  [ 10, 11, 12, 13, 18, 73, 77, 78, 80, 81, 104, 107, 108, 111, 112, 121, 127, 137, 139, 140, 144, 145, 154, 185, 
      207, 238, 248, 253, 254, 255 ], [ 10, 11, 12, 13, 18, 44, 73, 77, 78, 80, 81, 99, 104, 107, 108, 111, 112, 
      114, 127, 137, 139, 140, 144, 145, 146, 147, 154, 160, 161, 171, 178, 185, 186, 191, 192, 193, 207, 238, 241, 
      253, 254, 255, 256 ], [ 10, 11, 12, 13, 18, 27, 44, 58, 59, 73, 77, 78, 80, 81, 99, 104, 107, 108, 111, 112, 
      114, 119, 121, 122, 126, 127, 128, 129, 137, 139, 140, 144, 145, 146, 147, 154, 161, 171, 178, 185, 186, 192, 
      193, 207, 238, 241, 253, 255, 256 ], [ 10, 11, 12, 13, 18, 27, 44, 58, 73, 77, 78, 80, 81, 104, 107, 108, 111, 
      112, 121, 127, 144, 145, 154, 160, 161, 185, 191, 192, 207, 238, 253, 254, 255 ], 
  [ 10, 11, 12, 13, 15, 18, 78, 81, 104, 107, 108, 109, 111, 112, 121, 124, 127, 137, 139, 140, 142, 144, 145, 154, 
      185, 238, 248, 251, 252, 253, 254, 255 ], [ 2, 11, 12, 18, 73, 77, 78, 80, 81, 92, 107, 112, 122, 123, 127, 
      139, 152, 154, 155, 159, 160, 186, 222, 249, 253, 256 ], 
  [ 1, 2, 11, 12, 73, 74, 75, 77, 78, 80, 81, 92, 105, 106, 107, 112, 115, 120, 122, 123, 127, 139, 152, 153, 154, 
      155, 156, 159, 160, 186, 219, 222, 249, 250, 253, 254, 256 ], 
  [ 1, 11, 12, 73, 74, 75, 77, 78, 80, 81, 105, 106, 107, 112, 122, 138, 139, 145, 152, 153, 154, 155, 156, 159, 
      160, 186, 219, 222, 249, 250, 253, 254, 256 ], 
  [ 10, 11, 12, 13, 18, 25, 27, 28, 58, 59, 73, 77, 78, 80, 81, 88, 95, 112, 119, 121, 122, 126, 127, 128, 129, 145, 
      152, 154, 155, 159, 160, 161, 162, 185, 186, 191, 192, 193, 222, 253, 254, 255, 256 ], 
  [ 2, 10, 11, 12, 13, 18, 26, 33, 73, 77, 78, 80, 81, 92, 93, 96, 107, 122, 123, 127, 137, 139, 140, 144, 152, 154, 
      155, 159, 160, 186, 207, 222, 249, 253, 256 ], 
  [ 10, 11, 12, 13, 18, 73, 77, 78, 80, 81, 112, 127, 137, 139, 140, 144, 145, 146, 147, 152, 154, 155, 159, 160, 
      161, 162, 185, 186, 191, 192, 193, 207, 222, 253, 254, 255, 256 ], 
  [ 1, 2, 10, 11, 12, 13, 26, 73, 74, 75, 76, 77, 78, 80, 81, 89, 92, 93, 96, 107, 115, 120, 122, 123, 127, 137, 
      139, 140, 144, 152, 153, 154, 155, 156, 157, 159, 160, 186, 207, 219, 220, 222, 223, 249, 250, 253, 254, 256 ],
  [ 10, 11, 12, 13, 15, 18, 27, 41, 44, 58, 78, 81, 104, 107, 108, 109, 111, 112, 121, 124, 127, 142, 144, 145, 154, 
      157, 158, 160, 161, 175, 185, 188, 189, 190, 191, 192, 238, 251, 252, 253, 254, 255 ], 
  [ 10, 11, 12, 13, 15, 18, 41, 81, 104, 107, 108, 109, 111, 112, 121, 124, 127, 137, 139, 140, 142, 144, 145, 154, 
      168, 175, 182, 183, 185, 188, 189, 190, 238, 248, 251, 252, 253, 254, 255 ], 
  [ 10, 11, 12, 13, 17, 18, 25, 27, 28, 32, 58, 80, 95, 121, 124, 125, 126, 127, 128, 138, 200, 201, 204, 205, 207, 
      208, 232, 236, 239, 247, 248, 251, 254 ], [ 10, 11, 12, 13, 18, 73, 77, 78, 80, 81, 104, 108, 109, 111, 112, 
      124, 127, 137, 139, 140, 144, 145, 146, 147, 154, 160, 161, 185, 191, 192, 207, 238, 251, 252, 253, 254, 255 ],
  [ 1, 2, 3, 10, 11, 12, 13, 18, 42, 43, 44, 49, 52, 57, 59, 64, 73, 77, 78, 80, 81, 92, 112, 123, 127, 186, 200, 
      207, 215, 219, 222, 246, 249, 250, 253, 254, 256 ], 
  [ 10, 11, 12, 13, 18, 27, 44, 77, 78, 80, 81, 99, 107, 108, 111, 112, 114, 127, 144, 145, 154, 160, 161, 207, 238, 
      241, 253, 254, 255, 256 ], [ 10, 11, 12, 13, 18, 27, 44, 73, 77, 78, 80, 81, 99, 104, 107, 108, 111, 112, 114, 
      127, 145, 154, 160, 161, 207, 238, 241, 253, 254, 255, 256 ], 
  [ 10, 11, 12, 13, 18, 27, 44, 58, 59, 73, 77, 78, 80, 81, 99, 104, 107, 108, 111, 112, 114, 119, 121, 122, 126, 
      127, 128, 129, 145, 154, 160, 161, 185, 186, 191, 192, 193, 253, 254, 255, 256 ], 
  [ 10, 11, 12, 13, 15, 18, 27, 44, 78, 81, 99, 107, 108, 111, 112, 114, 127, 142, 144, 145, 154, 157, 158, 160, 
      161, 238, 241, 253, 254, 255, 256 ], [ 10, 11, 12, 13, 14, 15, 17, 18, 26, 27, 30, 33, 44, 77, 78, 80, 81, 93, 
      96, 99, 107, 108, 111, 112, 114, 127, 144, 154, 157, 158, 159, 160, 161, 207, 220, 221, 222, 223, 224, 238, 
      241, 253, 254, 255, 256 ], [ 10, 11, 12, 13, 14, 15, 17, 18, 27, 44, 77, 78, 80, 81, 99, 107, 108, 111, 112, 
      114, 141, 142, 144, 145, 154, 157, 158, 159, 160, 161, 204, 205, 207, 208, 220, 221, 222, 223, 224, 226, 235, 
      238, 239, 241, 253, 254, 255, 256 ], [ 8, 9, 10, 11, 12, 13, 15, 18, 24, 27, 41, 44, 78, 81, 99, 104, 107, 
      108, 109, 111, 112, 114, 124, 127, 142, 145, 151, 154, 157, 158, 160, 161, 238, 241, 251, 252, 253, 254, 255, 
      256 ], [ 10, 11, 12, 13, 18, 26, 27, 33, 44, 73, 77, 78, 80, 81, 93, 96, 99, 104, 107, 108, 111, 112, 114, 
      127, 154, 160, 161, 207, 220, 221, 222, 223, 224, 238, 241, 253, 254, 255, 256 ], 
  [ 10, 11, 12, 13, 18, 27, 44, 73, 77, 78, 80, 81, 99, 104, 107, 108, 111, 112, 114, 145, 154, 160, 161, 204, 205, 
      207, 208, 220, 221, 222, 223, 224, 226, 235, 238, 239, 241, 253, 254, 255, 256 ], 
  [ 10, 11, 12, 13, 15, 18, 27, 41, 44, 81, 99, 107, 108, 111, 112, 114, 127, 142, 144, 145, 154, 157, 158, 160, 
      161, 175, 190, 238, 241, 253, 254, 255, 256 ], 
  [ 1, 2, 10, 11, 12, 13, 73, 74, 75, 76, 77, 78, 80, 81, 92, 105, 106, 107, 112, 115, 120, 122, 123, 127, 137, 138, 
      139, 140, 148, 149, 152, 153, 155, 156, 179, 184, 186, 219, 242, 247, 249, 250, 254 ], 
  [ 1, 12, 73, 75, 77, 78, 80, 81, 106, 107, 112, 122, 138, 139, 145, 152, 154, 155, 186, 204, 205, 208, 219, 222, 
      239, 249, 250, 253, 254, 256 ], [ 1, 12, 73, 75, 77, 78, 80, 106, 107, 122, 138, 139, 141, 142, 145, 152, 154, 
      155, 156, 159, 186, 204, 205, 219, 222, 249, 250, 253, 254, 256 ], 
  [ 1, 12, 75, 77, 78, 80, 81, 106, 107, 112, 122, 138, 139, 141, 142, 145, 152, 154, 155, 156, 159, 186, 204, 205, 
      208, 219, 222, 239, 249, 250, 253, 254, 256 ], 
  [ 1, 12, 72, 73, 75, 78, 79, 80, 106, 107, 122, 138, 139, 142, 145, 152, 153, 154, 155, 156, 157, 159, 160, 186, 
      205, 219, 220, 222, 249, 250, 253, 254, 256 ], 
  [ 1, 11, 12, 73, 74, 75, 77, 78, 81, 105, 106, 107, 112, 122, 138, 139, 145, 152, 154, 155, 186, 204, 205, 208, 
      219, 222, 239, 249, 250, 253, 254, 256 ], [ 1, 11, 12, 73, 74, 75, 77, 78, 105, 106, 107, 122, 138, 139, 141, 
      142, 145, 152, 154, 155, 156, 159, 186, 204, 205, 219, 222, 249, 250, 253, 254, 256 ], 
  [ 1, 12, 75, 78, 79, 80, 81, 82, 95, 106, 107, 111, 112, 113, 114, 122, 126, 129, 138, 139, 142, 145, 152, 153, 
      154, 155, 156, 157, 159, 160, 186, 205, 208, 219, 220, 222, 223, 239, 249, 250, 253, 254, 256 ], 
  [ 1, 11, 12, 74, 75, 77, 78, 81, 105, 106, 107, 112, 122, 138, 139, 141, 142, 145, 152, 154, 155, 156, 159, 186, 
      204, 205, 208, 219, 222, 239, 249, 250, 253, 254, 256 ], 
  [ 1, 12, 72, 73, 75, 77, 78, 79, 80, 81, 82, 88, 95, 99, 104, 106, 107, 108, 111, 112, 113, 114, 119, 122, 126, 
      129, 138, 139, 145, 152, 154, 155, 186, 204, 205, 208, 215, 219, 222, 226, 235, 239, 246, 249, 250, 253, 256 ],
  [ 1, 12, 72, 73, 75, 77, 78, 79, 80, 106, 107, 122, 138, 139, 141, 142, 145, 152, 154, 155, 156, 159, 186, 204, 
      205, 219, 222, 249, 250, 253, 256 ], [ 1, 12, 72, 73, 75, 77, 78, 79, 80, 106, 121, 122, 138, 139, 141, 142, 
      145, 152, 154, 155, 156, 159, 185, 186, 204, 205, 219, 222, 248, 249, 250, 253, 254, 255, 256 ], 
  [ 1, 11, 12, 70, 71, 72, 73, 74, 75, 77, 78, 100, 105, 106, 107, 122, 138, 139, 141, 142, 145, 152, 154, 155, 156, 
      159, 186, 204, 205, 219, 222, 249, 250, 253, 256 ], 
  [ 1, 12, 72, 75, 77, 78, 79, 99, 100, 106, 107, 108, 122, 138, 139, 141, 142, 145, 152, 154, 155, 156, 159, 186, 
      204, 205, 219, 222, 226, 235, 249, 250, 253, 256 ], 
  [ 1, 12, 75, 77, 78, 79, 80, 81, 82, 95, 99, 106, 107, 108, 111, 112, 113, 114, 122, 126, 129, 138, 139, 141, 142, 
      145, 152, 154, 155, 156, 159, 186, 204, 205, 208, 219, 222, 226, 235, 239, 249, 250, 253, 256 ], 
  [ 12, 72, 73, 75, 77, 78, 79, 80, 88, 95, 104, 106, 107, 108, 111, 119, 122, 126, 138, 139, 141, 142, 145, 152, 
      154, 155, 156, 159, 186, 204, 205, 215, 219, 222, 235, 246, 249, 250, 253 ], 
  [ 1, 11, 12, 70, 71, 72, 73, 74, 75, 77, 78, 81, 88, 105, 106, 112, 119, 121, 122, 138, 139, 145, 152, 154, 155, 
      185, 186, 204, 205, 208, 215, 219, 222, 239, 246, 248, 249, 250, 253, 254, 255, 256 ], 
  [ 1, 11, 12, 70, 71, 72, 73, 74, 75, 77, 78, 81, 88, 99, 100, 101, 104, 105, 106, 107, 108, 112, 119, 122, 138, 
      139, 145, 152, 154, 155, 186, 204, 205, 208, 215, 219, 222, 226, 235, 239, 246, 249, 250, 253, 256 ], 
  [ 1, 11, 12, 70, 71, 72, 73, 74, 75, 77, 78, 105, 106, 121, 122, 138, 139, 141, 142, 145, 152, 154, 155, 156, 159, 
      185, 186, 204, 205, 219, 222, 248, 249, 250, 253, 254, 255, 256 ], 
  [ 10, 11, 12, 13, 14, 15, 17, 18, 25, 27, 28, 32, 58, 77, 78, 80, 81, 95, 109, 112, 121, 124, 125, 126, 127, 128, 
      138, 201, 204, 205, 208, 232, 236, 239, 247, 248, 251, 254 ], 
  [ 10, 12, 13, 17, 25, 27, 28, 32, 58, 80, 95, 121, 124, 125, 126, 127, 128, 137, 138, 139, 140, 200, 201, 202, 
      203, 204, 205, 207, 208, 232, 233, 236, 239, 247, 248, 251, 254 ], 
  [ 10, 11, 12, 13, 14, 15, 17, 18, 27, 41, 44, 45, 48, 58, 81, 99, 107, 108, 111, 112, 114, 121, 127, 128, 141, 
      142, 144, 145, 154, 157, 158, 160, 161, 172, 175, 185, 188, 189, 190, 191, 192, 254, 255 ], 
  [ 11, 12, 13, 15, 18, 27, 41, 44, 81, 99, 107, 108, 109, 111, 112, 114, 124, 127, 142, 145, 154, 157, 158, 160, 
      161, 175, 188, 189, 190, 238, 241, 251, 252, 253, 254, 255, 256 ], 
  [ 10, 11, 12, 13, 14, 15, 17, 18, 27, 44, 58, 59, 81, 107, 112, 121, 122, 127, 144, 154, 159, 185, 186, 190, 248, 
      249, 253, 254, 255, 256 ], [ 1, 9, 12, 72, 75, 77, 78, 79, 99, 100, 106, 107, 108, 122, 136, 139, 141, 142, 
      143, 151, 152, 154, 155, 156, 158, 159, 186, 204, 205, 206, 219, 221, 222, 226, 235, 249, 250, 253, 256 ], 
  [ 10, 11, 12, 13, 18, 27, 58, 73, 77, 78, 81, 99, 104, 108, 112, 118, 119, 121, 127, 128, 138, 145, 153, 154, 160, 
      184, 185, 191, 254 ], [ 10, 11, 12, 13, 18, 27, 44, 58, 59, 73, 77, 78, 80, 81, 99, 104, 107, 108, 111, 112, 
      114, 119, 121, 122, 126, 127, 128, 129, 138, 145, 153, 154, 160, 184, 185, 186, 191, 254 ], 
  [ 10, 11, 12, 13, 18, 27, 58, 73, 77, 78, 80, 81, 104, 108, 109, 111, 118, 119, 121, 124, 125, 126, 138, 145, 153, 
      154, 160, 184, 185, 188, 191, 251 ], [ 10, 11, 12, 13, 18, 25, 27, 28, 58, 73, 77, 78, 80, 81, 88, 95, 109, 
      112, 118, 119, 121, 124, 125, 126, 127, 128, 138, 145, 152, 153, 154, 155, 160, 184, 185, 191, 251, 254 ], 
  [ 10, 11, 12, 13, 18, 27, 58, 73, 77, 78, 81, 99, 104, 108, 112, 118, 119, 121, 127, 128, 138, 153, 154, 184, 185, 
      244, 245, 246, 247, 248, 254 ], [ 10, 11, 12, 13, 18, 27, 58, 73, 77, 78, 81, 99, 104, 108, 112, 118, 119, 
      121, 127, 128, 138, 197, 198, 228, 244, 245, 246, 247, 248, 254 ], 
  [ 10, 11, 12, 13, 18, 27, 44, 58, 59, 73, 77, 78, 80, 81, 99, 104, 107, 108, 111, 112, 114, 119, 121, 122, 126, 
      127, 128, 129, 138, 153, 154, 184, 185, 186, 246, 247, 248, 249, 254 ], 
  [ 12, 72, 73, 75, 77, 78, 79, 80, 106, 121, 138, 139, 141, 142, 145, 152, 154, 155, 156, 159, 185, 204, 205, 219, 
      222, 248, 250, 251, 252, 253, 254, 255 ], [ 12, 72, 73, 75, 77, 78, 79, 80, 88, 95, 106, 119, 121, 122, 126, 
      138, 139, 141, 142, 145, 152, 154, 155, 156, 159, 185, 186, 204, 205, 215, 219, 222, 246, 248, 249, 250, 253 ],
  [ 1, 10, 11, 13, 18, 26, 27, 33, 44, 59, 73, 77, 80, 99, 114, 129, 153, 197, 200, 204, 213, 215, 220, 223, 226, 
      246, 249, 254, 256 ], [ 10, 11, 12, 13, 14, 15, 17, 18, 27, 58, 77, 78, 80, 81, 108, 109, 111, 112, 121, 124, 
      125, 126, 127, 128, 138, 153, 154, 184, 185, 247, 248, 251, 254 ], 
  [ 1, 2, 10, 11, 12, 13, 73, 74, 75, 76, 77, 78, 80, 81, 92, 105, 106, 107, 112, 115, 120, 122, 123, 127, 137, 139, 
      140, 144, 152, 155, 156, 159, 186, 207, 219, 222, 249, 250, 253, 254, 256 ], 
  [ 10, 11, 12, 13, 18, 26, 27, 33, 44, 73, 99, 104, 107, 112, 114, 154, 160, 161, 214, 215, 220, 221, 222, 223, 
      224, 241, 254, 255, 256 ], [ 8, 9, 10, 11, 12, 13, 15, 18, 23, 24, 26, 27, 30, 33, 41, 44, 78, 81, 93, 96, 99, 
      104, 107, 108, 109, 111, 112, 114, 124, 127, 151, 154, 157, 158, 160, 161, 220, 221, 223, 224, 238, 241, 251, 
      252, 253, 254, 255, 256 ], [ 1, 2, 10, 12, 13, 26, 27, 33, 44, 73, 77, 80, 92, 93, 96, 99, 104, 107, 108, 111, 
      114, 123, 127, 154, 160, 161, 207, 219, 220, 221, 222, 223, 224, 238, 241, 250, 253, 254, 255, 256 ], 
  [ 10, 11, 12, 13, 15, 17, 18, 27, 41, 44, 48, 58, 111, 138, 142, 145, 154, 185, 205, 208, 235, 236, 238, 239, 248, 
      251, 252, 253, 254, 255 ], [ 2, 6, 7, 10, 12, 13, 19, 20, 21, 22, 26, 27, 34, 52, 70, 73, 80, 82, 83, 85, 97, 
      114, 115, 116, 128, 129, 154, 200, 212, 214, 215, 217, 224, 242, 243, 246, 248, 249, 255, 256 ] ];
