return [ [ 1, 2, 3, 4, 5, 10, 11, 12, 17, 18, 19, 20, 25, 26, 27, 32, 33, 34, 35, 36, 41, 42, 43, 48, 49, 50, 51, 
      56, 57, 58, 63, 64, 65, 66, 67, 68, 69, 70, 71, 72, 73, 74, 75, 76, 77, 78, 79, 80, 81, 82, 83, 84, 85, 86, 
      87, 88, 89, 90, 91, 92, 93, 94, 95, 96, 97, 98, 99, 100, 101, 102, 103, 104, 105, 106, 107, 108, 109, 110, 
      111, 112, 113, 114, 115, 116, 117, 118, 119, 120, 121, 122, 123, 124, 125, 126, 127, 128 ], 
  [ 6, 7, 9, 10, 11, 12, 13, 14, 16, 17, 18, 19, 21, 22, 24, 25, 26, 27, 28, 29, 31, 32, 33, 34, 38, 39, 40, 42, 45, 
      46, 47, 49, 53, 54, 55, 57, 60, 61, 62, 64, 69, 70, 72, 73, 74, 75, 76, 77, 79, 80, 81, 82, 84, 85, 87, 88, 
      89, 90, 91, 92, 94, 95, 96, 97, 101, 102, 103, 105, 108, 109, 110, 112, 116, 117, 118, 120, 123, 124, 125, 127 
     ], [ 7, 8, 9, 10, 11, 12, 14, 15, 16, 17, 18, 19, 22, 23, 24, 25, 26, 27, 29, 30, 31, 32, 33, 34, 38, 39, 40, 
      41, 42, 43, 45, 46, 47, 48, 49, 50, 53, 54, 55, 56, 57, 58, 60, 61, 62, 63, 64, 65, 70, 71, 72, 73, 74, 75, 
      77, 78, 79, 80, 81, 82, 85, 86, 87, 88, 89, 90, 92, 93, 94, 95, 96, 97, 101, 102, 103, 104, 105, 106, 108, 
      109, 110, 111, 112, 113, 116, 117, 118, 119, 120, 121, 123, 124, 125, 126, 127, 128 ], 
  [ 3, 4, 5, 6, 7, 9, 10, 12, 13, 14, 16, 17, 19, 20, 21, 22, 24, 25, 27, 28, 29, 31, 32, 34, 38, 39, 40, 45, 46, 
      47, 53, 54, 55, 60, 61, 62, 73, 74, 75, 80, 81, 82, 88, 89, 90, 95, 96, 97, 102, 105, 109, 112, 117, 120, 124, 
      127 ] ];
