return [ [ 1, 2, 3, 4, 21, 22, 23, 24, 25, 26, 27, 28, 29, 30, 31, 32, 33, 34, 35, 52, 53, 54, 55, 56, 57, 58, 59, 
      60, 61, 62, 63, 64, 65, 66, 67, 84, 85, 86, 87, 88, 89, 90, 91, 92, 93, 94, 95, 96, 97, 98, 115, 116, 117, 
      118, 119, 120, 121, 122, 123, 124, 125, 126, 127, 128, 129, 130, 131, 132, 133, 134, 135, 136, 137, 138, 139, 
      140, 141, 142, 143, 144, 145, 146, 147, 148, 149, 150, 151, 152, 153, 154, 155, 156, 157, 158, 159, 160, 161, 
      162, 163, 164, 165, 166, 167, 168, 169, 170, 171, 172, 173, 174, 175, 176, 177, 178, 179, 180, 181, 182, 183, 
      184, 185, 186, 187, 188, 189, 190, 191, 192, 193, 194, 195, 196, 197, 198, 199, 200, 201, 202, 203, 204, 205, 
      206, 207, 208, 209, 210, 211, 212, 213, 214, 215, 216, 217, 218, 219, 220, 221, 222, 223, 224, 225, 226, 227, 
      228, 229, 230, 231, 232, 233, 234, 235, 236, 237, 238, 239, 240, 241, 242, 243, 244, 245, 246, 247, 248, 249, 
      250, 251, 252, 253, 254, 255, 256 ], [ 1, 2, 21, 22, 23, 24, 25, 26, 27, 28, 52, 53, 54, 55, 56, 57, 58, 59, 
      67, 68, 77, 78, 79, 80, 81, 82, 83, 84, 85, 86, 87, 88, 89, 90, 91, 92, 93, 94, 95, 96, 97, 98, 99, 108, 109, 
      110, 111, 112, 113, 114, 115, 116, 117, 118, 119, 120, 121, 122, 123, 124, 125, 126, 127, 128, 129, 148, 149, 
      150, 151, 152, 153, 154, 155, 179, 180, 181, 182, 183, 184, 185, 186, 194, 195, 204, 205, 206, 207, 208, 209, 
      210, 211, 212, 213, 214, 215, 216, 217, 218, 219, 220, 221, 222, 223, 224, 225, 226, 235, 236, 237, 238, 239, 
      240, 241, 242, 243, 244, 245, 246, 247, 248, 249, 250, 251, 252, 253, 254, 255, 256 ], 
  [ 39, 40, 46, 47, 53, 54, 55, 56, 67, 68, 77, 80, 83, 84, 91, 98, 108, 109, 110, 111, 115, 116, 119, 122, 166, 
      167, 173, 174, 181, 182, 184, 185, 194, 195, 208, 209, 210, 211, 218, 225, 236, 237, 239, 240, 242, 247, 248, 
      249 ], [ 21, 22, 53, 54, 55, 56, 67, 68, 81, 82, 83, 84, 91, 98, 106, 113, 118, 119, 121, 122, 149, 156, 180, 
      181, 182, 183, 194, 195, 208, 209, 210, 219, 222, 225, 237, 240, 245, 246, 252, 253 ], 
  [ 4, 21, 22, 23, 26, 29, 30, 33, 53, 54, 55, 56, 67, 82, 83, 84, 89, 90, 91, 96, 97, 98, 118, 119, 121, 122, 180, 
      181, 194, 195, 208, 209, 210, 211, 216, 223, 230, 231, 233, 234, 237, 238, 240, 241, 242, 243, 244, 245, 246, 
      247, 248, 249 ], [ 53, 56, 60, 63, 91, 98, 105, 106, 112, 113, 118, 119, 121, 122, 125, 126, 128, 129, 149, 
      152, 156, 159, 166, 173, 180, 181, 187, 188, 201, 202, 208, 209, 214, 215, 217, 218, 221, 222, 224, 225, 229, 
      232, 236, 239, 244, 245, 251, 252 ], [ 2, 3, 4, 10, 13, 17, 20, 21, 28, 35, 38, 39, 40, 41, 45, 46, 47, 48, 
      52, 53, 60, 67, 75, 76, 82, 83, 84, 91, 98, 102, 103, 105, 106, 109, 110, 112, 113, 115, 120, 127, 131, 136, 
      137, 143, 144, 148, 149, 152, 155, 156, 159, 162, 166, 167, 173, 174, 180, 181, 187, 188, 194, 199, 202, 206, 
      209, 211, 216, 217, 218, 223, 224, 225, 229, 230, 236, 237, 244, 247, 251, 254 ] ];
