return 
[ [ 1, 2, 3, 4, 5, 7, 8, 9, 10, 11, 13, 14, 15, 16, 18, 19, 20, 21, 22, 23, 24, 25, 26, 27, 29, 30, 
      32, 33, 35, 36, 37, 39, 40, 41, 42, 43, 44, 45, 46, 48, 50, 51, 52, 53, 54, 57, 58, 59, 61, 
      62, 63, 64, 65, 66, 67, 68, 69, 70, 71, 73, 74, 75, 76, 77, 78, 79, 80, 81, 82, 83, 84, 85, 
      88, 90, 91, 92, 96, 97, 98, 99, 100 ], 
  [ 3, 5, 6, 7, 8, 9, 12, 14, 22, 23, 24, 25, 26, 27, 28, 30, 31, 32, 34, 35, 37, 38, 39, 40, 43, 
      44, 46, 47, 53, 54, 56, 57, 58, 60, 61, 62, 64, 65, 67, 69, 70, 72, 73, 76, 77, 79, 82, 83, 
      85, 86, 89, 90, 91, 92, 93, 94, 95, 96, 97, 98 ], 
  [ 2, 3, 7, 8, 14, 15, 19, 22, 23, 24, 25, 26, 28, 30, 32, 39, 41, 43, 44, 45, 53, 54, 58, 59, 60, 
      61, 64, 65, 67, 69, 72, 73, 77, 80, 82, 85, 89, 90, 91, 98 ], 
  [ 3, 12, 14, 25, 26, 27, 34, 42, 43, 44, 46, 62, 64, 65, 70, 79, 85, 94, 95 ] ];
