return [ [ 4, 5, 6, 16, 20, 21, 26, 31, 33, 35, 43 ], [ 5, 8, 16, 18, 25, 26, 32, 33, 38, 42, 45 ], 
  [ 4, 5, 8, 18, 19, 23, 28, 34, 37, 42, 44 ], [ 4, 6, 16, 18, 19, 21, 24, 27, 36, 39, 43, 45 ], 
  [ 7, 13, 17, 20, 21, 24, 27, 28, 30, 34, 38, 45 ], [ 4, 5, 8, 18, 20, 23, 28, 34, 37, 38, 42, 44 ],
  [ 4, 6, 16, 17, 18, 21, 24, 26, 27, 36, 38, 43, 45 ], 
  [ 7, 13, 16, 17, 20, 21, 24, 27, 30, 31, 38, 43, 45 ], 
  [ 4, 6, 11, 16, 18, 19, 24, 27, 29, 36, 39, 43, 44 ], 
  [ 2, 5, 8, 13, 18, 19, 23, 28, 32, 34, 37, 39, 40, 42, 44 ], 
  [ 2, 5, 7, 9, 10, 13, 17, 20, 21, 28, 30, 32, 34, 38, 42, 45 ], 
  [ 1, 4, 5, 7, 8, 11, 14, 18, 20, 21, 22, 26, 28, 34, 37, 38, 42 ], 
  [ 1, 3, 4, 6, 7, 16, 17, 20, 21, 24, 26, 27, 30, 31, 33, 35, 36, 38, 41, 43, 45 ], 
  [ 1, 4, 7, 9, 11, 13, 16, 17, 18, 19, 21, 24, 26, 27, 28, 30, 31, 32, 34, 36, 38, 39, 43, 44, 45 ],
  [ 1, 3, 4, 6, 7, 8, 11, 12, 17, 18, 20, 21, 22, 24, 26, 27, 28, 29, 30, 33, 34, 35, 36, 38, 41, 45 
     ], [ 4, 5, 6, 7, 8, 13, 16, 17, 18, 19, 20, 21, 23, 24, 26, 27, 28, 31, 32, 33, 34, 38, 39, 42, 
      43, 44, 45 ], [ 1, 2, 3, 4, 5, 6, 7, 9, 10, 13, 14, 15, 17, 19, 20, 21, 23, 24, 26, 27, 30, 
      31, 32, 33, 35, 42, 43 ], [ 4, 5, 6, 8, 11, 12, 16, 18, 19, 20, 21, 22, 23, 24, 25, 27, 28, 
      29, 34, 36, 37, 38, 39, 40, 41, 44, 45 ], 
  [ 1, 2, 3, 4, 5, 6, 9, 10, 11, 12, 14, 15, 19, 20, 21, 22, 23, 24, 25, 27, 29, 30, 35, 36, 37, 40, 
      41 ], [ 1, 2, 4, 5, 7, 9, 10, 11, 13, 14, 17, 18, 19, 20, 21, 23, 24, 26, 27, 28, 30, 31, 32, 
      34, 37, 38, 42, 44 ], [ 1, 4, 5, 6, 7, 8, 11, 14, 16, 18, 20, 21, 22, 23, 25, 26, 27, 29, 31, 
      33, 34, 35, 36, 37, 38, 41, 42, 44, 45 ], 
  [ 1, 2, 4, 5, 7, 8, 9, 11, 13, 14, 16, 18, 19, 21, 22, 25, 26, 28, 31, 32, 34, 36, 37, 38, 39, 40, 
      42, 44, 45 ], [ 1, 3, 4, 6, 7, 8, 11, 12, 16, 17, 18, 22, 24, 26, 27, 28, 29, 30, 31, 33, 34, 
      35, 36, 38, 39, 41, 43, 44, 45 ], 
  [ 1, 3, 4, 6, 7, 8, 9, 11, 12, 15, 17, 18, 19, 21, 22, 24, 26, 27, 28, 29, 30, 32, 33, 34, 35, 36, 
      39, 40, 43, 45 ], [ 1, 2, 3, 4, 5, 9, 10, 11, 12, 14, 15, 17, 18, 19, 20, 21, 22, 24, 25, 26, 
      28, 29, 30, 32, 35, 36, 37, 38, 40, 41 ], 
  [ 1, 2, 3, 4, 6, 9, 10, 11, 12, 13, 14, 15, 16, 19, 22, 23, 24, 25, 27, 29, 30, 31, 35, 36, 37, 
      39, 40, 41, 43, 44 ], [ 1, 2, 3, 4, 9, 10, 11, 12, 13, 14, 15, 16, 17, 18, 19, 22, 24, 25, 26, 
      28, 29, 30, 31, 32, 35, 36, 37, 38, 39, 40, 41, 43, 44 ], 
  [ 1, 2, 3, 5, 7, 8, 9, 10, 11, 12, 14, 15, 17, 18, 20, 21, 22, 25, 26, 28, 29, 30, 32, 33, 34, 35, 
      36, 37, 38, 40, 41, 42, 45 ], 
  [ 1, 2, 3, 4, 5, 6, 9, 10, 11, 13, 14, 15, 16, 17, 18, 19, 20, 21, 23, 24, 25, 26, 27, 29, 30, 31, 
      32, 35, 36, 37, 38, 41, 43, 44 ], 
  [ 2, 3, 5, 6, 9, 10, 11, 12, 13, 15, 16, 17, 18, 19, 20, 21, 23, 24, 25, 27, 28, 29, 30, 32, 34, 
      36, 37, 38, 39, 40, 41, 43, 44, 45 ], 
  [ 1, 2, 3, 4, 5, 6, 7, 8, 9, 10, 11, 12, 14, 15, 17, 18, 19, 20, 21, 22, 23, 24, 26, 27, 28, 29, 
      30, 32, 33, 34, 35, 37, 40, 42 ], 
  [ 1, 2, 4, 5, 6, 7, 8, 9, 11, 13, 14, 15, 16, 18, 19, 21, 22, 23, 25, 26, 27, 29, 31, 32, 33, 34, 
      35, 36, 37, 39, 40, 42, 43, 44, 45 ], 
  [ 1, 2, 3, 5, 6, 7, 9, 10, 11, 13, 14, 15, 16, 17, 18, 20, 21, 23, 25, 26, 27, 29, 30, 31, 32, 33, 
      34, 35, 36, 37, 38, 41, 42, 43, 44, 45 ], 
  [ 1, 2, 3, 7, 8, 9, 10, 11, 12, 13, 14, 15, 16, 17, 18, 22, 25, 26, 28, 29, 30, 31, 32, 33, 34, 
      35, 36, 37, 38, 39, 40, 41, 42, 43, 44, 45 ], 
  [ 1, 2, 3, 4, 6, 7, 8, 9, 10, 11, 12, 13, 14, 15, 17, 18, 19, 22, 23, 24, 26, 27, 28, 29, 30, 31, 
      32, 33, 34, 35, 37, 39, 40, 42, 43, 44 ] ];
