return [ [ 8, 25, 27, 30, 33, 43, 44, 47, 54, 55, 57, 63 ], 
  [ 7, 17, 20, 25, 27, 28, 33, 35, 44, 51, 55, 57, 58, 61 ], 
  [ 6, 7, 8, 17, 20, 23, 25, 27, 28, 30, 31, 33, 35, 44, 46, 47, 53, 54, 55, 57, 58, 61, 62, 63 ], 
  [ 2, 5, 6, 8, 9, 14, 16, 18, 19, 23, 24, 26, 29, 30, 32, 34, 36, 37, 40, 41, 43, 44, 46, 48, 50, 
      52, 53, 54, 59, 62, 63, 64 ], [ 1, 2, 4, 8, 9, 10, 12, 13, 15, 16, 22, 25, 26, 29, 32, 34, 35, 
      37, 39, 40, 41, 42, 44, 45, 48, 49, 50, 51, 52, 53, 56, 61 ], 
  [ 1, 3, 4, 7, 9, 11, 12, 13, 15, 18, 19, 22, 23, 24, 27, 29, 32, 34, 36, 38, 39, 40, 41, 43, 45, 
      47, 50, 52, 57, 59, 60, 63 ], [ 2, 4, 5, 7, 8, 9, 14, 15, 16, 18, 20, 22, 23, 24, 25, 26, 27, 
      29, 30, 33, 34, 36, 37, 40, 41, 43, 44, 45, 47, 49, 50, 52, 53, 54, 56, 57, 59, 61, 62, 63 ], 
  [ 1, 4, 5, 7, 8, 9, 12, 13, 15, 16, 18, 20, 22, 23, 24, 25, 26, 27, 29, 30, 32, 34, 35, 36, 39, 
      40, 41, 42, 44, 45, 47, 50, 52, 53, 56, 57, 59, 61, 62, 63 ], 
  [ 1, 2, 4, 6, 7, 9, 10, 12, 13, 15, 16, 17, 20, 22, 23, 25, 27, 28, 31, 32, 33, 34, 35, 39, 40, 
      42, 44, 45, 47, 48, 49, 51, 52, 53, 54, 56, 57, 58, 61, 62 ], 
  [ 3, 4, 5, 6, 7, 8, 11, 14, 15, 17, 18, 19, 20, 21, 22, 23, 24, 25, 26, 27, 28, 29, 30, 31, 33, 
      36, 37, 38, 41, 43, 45, 46, 47, 49, 50, 52, 53, 54, 55, 56, 57, 58, 59, 60, 61, 62, 63, 64 ], 
  [ 2, 3, 4, 5, 6, 7, 8, 14, 16, 17, 18, 19, 20, 21, 22, 23, 24, 25, 26, 27, 28, 29, 30, 33, 34, 37, 
      38, 40, 43, 44, 45, 46, 48, 49, 50, 51, 52, 53, 54, 55, 56, 57, 58, 59, 60, 61, 62, 63, 64 ], 
  [ 1, 2, 4, 5, 6, 7, 8, 9, 10, 12, 14, 15, 16, 20, 22, 23, 24, 25, 26, 27, 28, 29, 30, 31, 32, 33, 
      34, 35, 36, 37, 39, 40, 41, 42, 44, 46, 47, 48, 49, 52, 53, 54, 56, 58, 59, 61, 62, 63, 64 ], 
  [ 1, 3, 4, 5, 6, 7, 8, 11, 12, 13, 15, 17, 18, 19, 20, 21, 22, 23, 24, 25, 26, 27, 28, 29, 30, 31, 
      32, 35, 36, 38, 39, 41, 42, 45, 46, 47, 50, 52, 53, 55, 56, 57, 58, 59, 60, 61, 62, 63, 64 ], 
  [ 1, 2, 3, 4, 5, 7, 8, 9, 10, 11, 12, 13, 14, 15, 16, 18, 20, 21, 22, 24, 25, 26, 27, 29, 30, 33, 
      34, 35, 36, 37, 38, 39, 40, 41, 42, 43, 44, 45, 47, 49, 50, 51, 55, 56, 57, 59, 60, 61, 63 ], 
  [ 1, 2, 3, 4, 6, 7, 8, 9, 10, 11, 12, 13, 15, 17, 19, 22, 23, 25, 27, 28, 29, 31, 32, 33, 34, 35, 
      37, 38, 39, 40, 41, 43, 44, 45, 46, 47, 48, 49, 50, 51, 52, 53, 54, 55, 57, 58, 60, 61, 63 ] ];
