return 
[ [ 1, 3, 4, 5, 6, 8, 10, 11, 14, 15, 16, 17, 18, 19, 22, 24, 25, 27, 28, 30, 31, 32, 34, 36, 39, 
      40, 41, 46, 47, 48, 52, 53, 56, 60, 62, 63, 64, 65, 66, 67, 69, 70, 73, 74, 78, 79, 82, 84, 
      85, 87, 88, 89, 90, 92, 94, 98, 99, 100, 104, 106, 107, 109, 111, 112, 116, 120, 121, 122, 
      123, 124, 125, 128 ], [ 1, 2, 3, 5, 7, 8, 9, 10, 12, 13, 15, 17, 18, 20, 21, 22, 23, 24, 25, 
      26, 29, 30, 32, 33, 34, 38, 42, 45, 46, 48, 50, 51, 53, 55, 56, 57, 58, 61, 62, 68, 69, 72, 
      73, 76, 77, 78, 80, 81, 83, 84, 85, 86, 88, 92, 93, 95, 96, 97, 100, 101, 102, 105, 106, 107, 
      108, 110, 113, 114, 116, 117, 124, 125 ], 
  [ 2, 5, 6, 7, 13, 15, 16, 20, 26, 29, 34, 35, 36, 38, 42, 43, 51, 54, 67, 70, 71, 76, 77, 86, 88, 
      96, 98, 99, 103, 108, 109, 110, 112, 114, 117, 118, 119, 122, 126, 127 ], 
  [ 3, 4, 5, 6, 7, 8, 13, 23, 25, 27, 28, 30, 31, 33, 34, 36, 37, 39, 40, 41, 44, 46, 47, 48, 56, 
      60, 62, 63, 78, 79, 80, 85, 88, 89, 90, 94, 96, 97, 98, 99, 100, 101, 104, 107, 109, 111, 112, 
      114, 116, 117, 119, 120, 121, 122, 123, 124, 125, 126, 127, 128 ], 
  [ 1, 2, 3, 4, 5, 6, 7, 8, 14, 17, 18, 19, 20, 21, 22, 23, 24, 26, 27, 28, 29, 30, 31, 32, 33, 34, 
      35, 36, 37, 38, 39, 40, 41, 42, 43, 44, 45, 46, 47, 48, 55, 61, 62, 63, 66, 72, 74, 75, 77, 
      78, 79, 80, 81, 82, 83, 84, 85, 89, 90, 91, 92, 93, 94, 95, 96, 97, 98, 99, 100, 101, 102, 
      103, 104, 105, 106, 107, 108, 109, 110, 111, 113, 114, 115, 116, 117, 118, 119, 120, 121, 122, 
      123, 124, 125, 126, 127, 128 ], 
  [ 2, 3, 6, 7, 9, 10, 11, 12, 13, 16, 20, 21, 23, 27, 29, 30, 32, 33, 34, 35, 36, 38, 39, 42, 43, 
      44, 45, 47, 49, 50, 51, 52, 54, 55, 56, 57, 58, 59, 62, 63, 65, 67, 68, 70, 71, 72, 76, 77, 
      80, 82, 86, 87, 89, 90, 91, 92, 93, 95, 97, 99, 102, 103, 105, 107, 108, 110, 112, 113, 114, 
      115, 116, 117, 118, 119, 120, 121, 122, 124, 126, 127 ], 
  [ 11, 13, 16, 34, 36, 51, 54, 70, 98, 99, 103, 108, 112, 114, 127 ], 
  [ 3, 5, 7, 8, 10, 13, 15, 22, 23, 24, 25, 26, 29, 30, 33, 34, 37, 39, 40, 41, 42, 45, 46, 48, 50, 
      51, 53, 54, 56, 57, 60, 62, 64, 65, 69, 73, 77, 78, 80, 81, 83, 85, 88, 93, 96, 98, 99, 100, 
      101, 104, 106, 107, 108, 109, 110, 113, 114, 117, 118, 123, 124, 125, 126, 128 ], 
  [ 9, 10, 11, 12, 13, 15, 16, 18, 21, 25, 30, 31, 34, 36, 42, 45, 49, 50, 51, 52, 53, 54, 56, 57, 
      58, 59, 60, 64, 65, 67, 68, 69, 70, 71, 72, 73, 74, 76, 77, 86, 87, 88, 89, 90, 92, 93, 94, 
      97, 98, 99, 100, 103, 108, 110, 112, 115, 116, 117, 118, 121, 124, 125, 127, 128 ], 
  [ 11, 13, 34, 36, 51, 56, 98, 99, 103, 108, 112, 114, 121, 124, 127 ], 
  [ 4, 11, 13, 31, 34, 36, 40, 44, 56, 60, 63, 90, 98, 99, 112, 114, 121, 124, 127 ], 
  [ 18, 25, 30, 31, 78, 79, 85, 94, 100, 101, 104, 111, 116 ], 
  [ 7, 13, 23, 29, 37, 39, 40, 56, 60, 98, 99, 100, 104, 109, 114, 121, 125, 126 ], 
  [ 29, 39, 40, 56, 60, 64, 65, 73, 98, 99, 100, 104, 109, 121, 125 ] ];
