return 
[ [ 1, 2, 4, 5, 7, 8, 9, 10, 13, 14, 15, 16, 17, 19, 22, 25, 26, 27, 30, 32, 35, 36, 37, 38, 41, 44, 
      45, 47, 48, 50, 55, 56, 57, 58, 60, 61, 63, 64, 65, 67, 69, 71, 72, 75, 78, 79, 80, 82, 84, 
      87, 88, 91, 93, 94 ], [ 2, 3, 5, 6, 7, 8, 9, 11, 12, 13, 16, 17, 20, 21, 25, 27, 28, 29, 32, 
      33, 34, 35, 37, 38, 39, 40, 41, 42, 43, 44, 46, 48, 49, 50, 52, 53, 54, 56, 59, 61, 62, 63, 
      64, 67, 68, 69, 70, 72, 73, 76, 80, 81, 85, 88, 89, 90, 92, 94, 95, 96 ], 
  [ 1, 2, 3, 5, 7, 8, 9, 10, 13, 15, 16, 17, 18, 19, 21, 24, 25, 27, 29, 32, 33, 35, 37, 38, 39, 41, 
      44, 47, 48, 50, 52, 54, 55, 56, 57, 58, 61, 63, 64, 65, 67, 68, 69, 72, 75, 76, 78, 80, 85, 
      87, 88, 89, 94, 95 ], [ 4, 10, 14, 17, 22, 26, 41, 43, 45, 48, 56, 64, 65, 71, 79 ], 
  [ 1, 3, 4, 8, 10, 12, 14, 15, 17, 18, 21, 22, 23, 24, 26, 30, 32, 33, 36, 39, 44, 45, 51, 52, 53, 
      54, 55, 57, 58, 65, 66, 67, 68, 70, 71, 72, 74, 75, 76, 77, 78, 79, 82, 84, 86, 88, 89, 92 ], 
  [ 2, 4, 6, 8, 9, 10, 11, 12, 14, 17, 20, 22, 23, 25, 26, 28, 31, 32, 33, 34, 36, 38, 41, 42, 43, 
      44, 45, 46, 48, 49, 51, 52, 53, 56, 58, 62, 63, 65, 66, 67, 69, 70, 71, 72, 73, 74, 76, 77, 
      79, 81, 82, 84, 88, 91, 92, 96 ], 
  [ 1, 2, 4, 7, 9, 10, 13, 14, 18, 19, 20, 22, 25, 26, 27, 29, 30, 31, 35, 38, 41, 42, 43, 45, 46, 
      47, 48, 49, 50, 55, 56, 58, 60, 63, 64, 65, 69, 71, 77, 78, 81, 82, 83, 85, 87, 91, 93, 94 ], 
  [ 1, 3, 4, 8, 9, 10, 11, 12, 13, 14, 16, 17, 18, 19, 22, 24, 26, 29, 30, 31, 33, 36, 38, 39, 41, 
      42, 43, 44, 45, 46, 47, 48, 49, 50, 51, 52, 53, 54, 55, 56, 57, 59, 60, 61, 62, 63, 64, 65, 
      66, 67, 68, 73, 75, 77, 79, 83, 85, 86, 87, 91, 93, 94, 95, 96 ], 
  [ 1, 2, 5, 8, 9, 10, 15, 16, 17, 18, 19, 20, 26, 27, 30, 32, 35, 38, 39, 40, 41, 42, 44, 45, 47, 
      49, 50, 53, 55, 56, 57, 58, 61, 64, 65, 68, 69, 72, 75, 78, 80, 82, 83, 85, 89, 92, 93, 94 ], 
  [ 1, 2, 3, 4, 5, 6, 7, 8, 9, 10, 13, 14, 15, 18, 19, 20, 21, 22, 23, 24, 25, 26, 27, 28, 29, 30, 
      31, 32, 33, 34, 35, 36, 37, 38, 39, 40, 41, 42, 44, 45, 46, 47, 48, 50, 52, 54, 55, 58, 59, 
      60, 61, 63, 65, 67, 69, 70, 71, 72, 74, 75, 76, 77, 78, 80, 81, 82, 83, 84, 85, 86, 87, 88, 
      89, 90, 91, 92, 93, 94, 95, 96 ], 
  [ 1, 2, 4, 5, 7, 8, 9, 10, 15, 16, 17, 19, 22, 25, 26, 27, 30, 32, 35, 36, 37, 38, 41, 43, 44, 45, 
      47, 48, 49, 51, 53, 56, 57, 58, 60, 61, 62, 64, 65, 66, 69, 71, 72, 75, 78, 79, 80, 82, 84, 
      87, 88, 91, 93, 94 ], [ 10, 12, 14, 41, 45, 52, 70, 71, 72, 77, 84, 89 ], 
  [ 6, 15, 23, 28, 32, 40, 44, 54, 55, 57, 67, 74, 75, 80, 92 ], 
  [ 18, 26, 27, 41, 42, 43, 45, 49, 50, 53, 64, 93, 94 ], 
  [ 3, 12, 18, 26, 27, 29, 39, 41, 42, 43, 45, 50, 53, 77, 89, 93, 94 ] ];
