return 
[ [ 2, 4, 5, 6, 7, 9, 13, 16, 17, 18, 19, 24, 26, 27, 29, 30, 31, 32, 33, 35, 36, 37, 39, 41, 43, 
      44, 46, 49, 52, 54, 56, 57, 61, 64, 65, 69, 70, 72, 75, 78 ], 
  [ 1, 2, 4, 5, 6, 8, 9, 11, 12, 13, 15, 16, 17, 18, 19, 22, 24, 27, 30, 31, 34, 35, 36, 37, 39, 43, 
      46, 47, 48, 49, 51, 56, 57, 58, 59, 61, 63, 64, 65, 66, 68, 69, 71, 72, 78 ], 
  [ 1, 2, 3, 4, 6, 7, 9, 10, 11, 12, 13, 14, 15, 16, 18, 19, 20, 21, 22, 23, 25, 26, 31, 33, 35, 39, 
      40, 41, 42, 44, 45, 47, 51, 53, 54, 55, 58, 59, 60, 62, 66, 67, 68, 69, 71, 72, 74, 75, 76, 
      77, 79, 80 ], [ 1, 4, 5, 6, 7, 8, 9, 11, 12, 15, 18, 19, 21, 22, 24, 25, 26, 27, 29, 30, 31, 
      33, 34, 36, 37, 38, 39, 40, 42, 43, 44, 45, 46, 47, 48, 49, 51, 53, 54, 55, 57, 59, 61, 62, 
      63, 65, 66, 68, 69, 70, 72, 73, 75, 77, 79, 80 ], 
  [ 5, 6, 7, 27, 29, 30, 37, 39, 40, 49, 64, 75 ], [ 6, 7, 9, 27, 35, 46, 52, 53, 54, 57, 70, 75 ], 
  [ 6, 7, 9, 27, 37, 42, 44, 46, 52, 53, 54, 57, 70, 75 ], 
  [ 13, 20, 29, 31, 32, 35, 36, 41, 43, 52, 64, 65, 69, 78 ], 
  [ 2, 6, 13, 14, 17, 26, 28, 29, 31, 37, 42, 43, 52, 64, 70, 74, 75 ], 
  [ 2, 5, 6, 9, 16, 17, 18, 19, 30, 35, 37, 39, 43, 44, 47, 56, 61, 72 ], 
  [ 2, 6, 7, 16, 17, 27, 32, 35, 41, 46, 52, 53, 54, 56, 57, 64, 70, 75, 78 ], 
  [ 1, 2, 3, 5, 6, 8, 10, 12, 14, 16, 17, 19, 20, 22, 23, 25, 28, 30, 32, 34, 35, 37, 38, 39, 41, 
      42, 43, 44, 45, 47, 50, 51, 52, 56, 58, 60, 63, 64, 66, 67, 68, 71, 76, 77, 78 ], 
  [ 1, 2, 5, 6, 8, 11, 12, 14, 16, 17, 18, 19, 22, 25, 30, 34, 37, 38, 39, 42, 43, 44, 45, 46, 47, 
      51, 53, 54, 56, 57, 58, 59, 61, 63, 66, 68, 71, 72, 75, 77 ], 
  [ 2, 3, 6, 7, 10, 13, 14, 16, 17, 19, 20, 21, 22, 23, 26, 28, 29, 31, 32, 35, 39, 40, 41, 42, 43, 
      44, 50, 51, 52, 53, 54, 55, 56, 58, 60, 62, 64, 65, 67, 69, 70, 71, 74, 75, 76, 77, 78, 80 ], 
  [ 1, 2, 3, 4, 7, 9, 10, 11, 12, 13, 14, 15, 16, 17, 18, 19, 20, 22, 23, 25, 26, 28, 32, 33, 34, 
      35, 39, 40, 41, 44, 45, 47, 49, 50, 52, 54, 55, 56, 58, 59, 60, 61, 63, 64, 66, 67, 68, 69, 
      71, 72, 74, 75, 76, 77, 78, 79 ], 
  [ 1, 2, 4, 5, 8, 9, 11, 13, 15, 16, 17, 18, 19, 22, 30, 32, 33, 34, 35, 36, 37, 39, 41, 43, 44, 
      45, 47, 49, 52, 56, 58, 61, 63, 64, 66, 68, 69, 72, 78 ], 
  [ 5, 6, 7, 9, 12, 17, 19, 21, 22, 26, 27, 28, 29, 31, 32, 34, 35, 37, 39, 40, 42, 43, 44, 46, 47, 
      49, 50, 51, 52, 53, 54, 55, 56, 59, 61, 62, 63, 64, 65, 67, 69, 70, 71, 75, 76, 77, 78, 80 ], 
  [ 1, 2, 3, 4, 5, 7, 8, 10, 11, 13, 14, 15, 16, 17, 18, 19, 20, 22, 23, 24, 25, 26, 27, 28, 29, 30, 
      32, 33, 34, 36, 37, 38, 39, 40, 41, 43, 44, 45, 46, 48, 49, 50, 52, 54, 55, 56, 57, 58, 60, 
      61, 63, 64, 65, 66, 68, 69, 70, 72, 73, 74, 75, 77, 78, 79 ], 
  [ 1, 8, 13, 15, 20, 22, 32, 35, 36, 41, 43, 52, 58, 64, 69, 78 ], 
  [ 17, 26, 28, 29, 31, 37, 42, 43, 51, 52, 67, 70, 74, 80 ], 
  [ 5, 17, 26, 28, 29, 31, 37, 42, 50, 51, 61, 67, 74, 80 ], 
  [ 1, 2, 3, 4, 6, 9, 11, 12, 13, 14, 15, 17, 18, 20, 21, 22, 23, 25, 26, 28, 31, 34, 35, 39, 40, 
      42, 47, 49, 50, 51, 53, 55, 58, 59, 61, 62, 63, 64, 67, 68, 69, 71, 74, 75, 76, 77, 79, 80 ], 
  [ 1, 3, 4, 5, 8, 9, 11, 15, 20, 21, 25, 26, 28, 29, 31, 34, 36, 37, 38, 40, 42, 47, 49, 50, 51, 
      55, 61, 62, 63, 67, 74, 79, 80 ], [ 5, 6, 9, 21, 31, 34, 40, 42, 49, 50, 61, 79 ], 
  [ 5, 9, 21, 27, 28, 29, 31, 36, 37, 49, 50, 62, 67, 80 ], 
  [ 5, 9, 21, 27, 29, 31, 32, 35, 36, 50, 62, 67, 76, 80 ] ];
