return [ [ 3, 4, 5, 6, 8, 11, 12, 13, 14, 15, 16, 17, 18, 19, 20, 21, 22, 23, 24, 25, 26, 28, 29, 31, 32, 33, 
      34, 35, 36, 37, 39, 42, 43, 44, 45, 46, 47, 48, 49, 50, 51, 52, 53, 54, 55, 56, 57, 59, 60, 62, 63, 64 ]
    , [ 4, 5, 6, 8, 9, 10, 11, 12, 13, 14, 15, 16, 17, 18, 19, 20, 21, 23, 24, 25, 26, 27, 28, 29, 30, 31, 
      32, 33, 35, 36, 37, 39, 40, 41, 42, 43, 44, 45, 46, 47, 48, 49, 50, 51, 52, 54, 55, 56, 57, 58, 59, 60, 
      61, 62, 63, 64 ], [ 2, 3, 4, 5, 6, 8, 9, 10, 11, 12, 13, 14, 15, 17, 18, 19, 20, 21, 23, 24, 25, 26, 
      27, 28, 29, 30, 32, 33, 35, 36, 37, 38, 40, 41, 42, 43, 44, 45, 46, 47, 48, 49, 50, 51, 52, 53, 55, 56, 
      57, 58, 59, 60, 61, 62, 63, 64 ], [ 1, 2, 9, 13, 17, 21, 22, 23, 24, 25, 26, 28, 29, 30, 31, 32, 33, 
      34, 37, 38, 39, 40, 41, 42, 44, 45, 46, 47, 48, 49, 50, 51, 52, 53, 54, 56, 57, 58, 60, 61, 62, 64 ], 
  [ 1, 6, 9, 13, 21, 22, 23, 28, 29, 30, 37, 38, 39, 40, 42, 50, 51, 53, 54, 56, 57, 58, 60, 61, 62 ], 
  [ 1, 2, 6, 9, 13, 21, 28, 29, 30, 31, 37, 38, 39, 40, 42, 50, 51, 52, 53, 54, 57, 58, 60, 62, 64 ], 
  [ 2, 9, 13, 21, 22, 23, 24, 26, 27, 28, 29, 30, 31, 37, 38, 39, 40, 42, 50, 51, 52, 53, 54, 57, 58 ], 
  [ 1, 2, 6, 9, 11, 13, 15, 17, 26, 30, 31, 32, 37, 38, 39, 40, 42, 50, 51, 53, 54, 56, 57, 58, 60, 62, 64 ], 
  [ 1, 2, 6, 9, 13, 21, 22, 23, 24, 28, 29, 34, 37, 38, 39, 40, 42, 50, 51, 53, 54, 56, 58, 60, 64 ], 
  [ 1, 2, 7, 9, 11, 17, 21, 22, 24, 25, 26, 28, 29, 30, 32, 33, 37, 38, 40, 41, 42, 51, 52, 54, 56, 60 ], 
  [ 1, 2, 8, 9, 21, 23, 24, 25, 26, 34, 37, 39, 40, 41, 42, 50, 51, 52, 53, 56, 57, 58, 60, 61, 64 ], 
  [ 1, 2, 8, 9, 13, 21, 23, 28, 29, 34, 37, 39, 40, 41, 42, 50, 51, 52, 53, 56, 57, 58, 60, 61, 64 ], 
  [ 1, 2, 3, 6, 8, 9, 13, 21, 28, 29, 30, 34, 37, 39, 40, 41, 42, 50, 51, 52, 53, 56, 57, 58, 60, 61, 64 ], 
  [ 1, 6, 9, 13, 21, 22, 28, 29, 30, 34, 37, 39, 40, 41, 42, 50, 51, 52, 53, 56, 57, 58, 60, 61, 64 ], 
  [ 1, 2, 9, 21, 22, 24, 25, 26, 27, 29, 30, 33, 34, 37, 39, 40, 41, 42, 50, 51, 52, 54, 56, 57, 58 ], 
  [ 1, 6, 7, 8, 9, 13, 20, 21, 22, 23, 28, 29, 30, 38, 39, 40, 41, 42, 50, 51, 53, 54, 56, 57, 58, 60, 61, 62 
     ], [ 1, 2, 9, 11, 17, 26, 28, 30, 31, 32, 35, 38, 39, 40, 41, 42, 50, 51, 52, 53, 54, 57, 58, 59, 60, 
      61, 62 ], [ 2, 9, 10, 17, 19, 22, 23, 24, 25, 26, 28, 30, 31, 32, 35, 38, 39, 40, 41, 42, 50, 51, 52, 
      53, 54, 57, 61 ], [ 2, 9, 10, 17, 22, 23, 24, 25, 26, 28, 29, 30, 31, 32, 38, 39, 40, 41, 42, 51, 52, 
      53, 54, 57, 61 ], [ 2, 9, 10, 11, 17, 22, 23, 24, 25, 26, 28, 29, 30, 31, 32, 38, 39, 40, 41, 42, 51, 
      52, 53, 54, 59, 60, 61 ], [ 1, 2, 9, 21, 22, 24, 26, 28, 30, 32, 34, 35, 36, 37, 38, 39, 40, 41, 42, 
      50, 51, 52, 53, 57, 58, 61 ], [ 1, 9, 21, 22, 23, 24, 26, 28, 37, 38, 39, 40, 42, 44, 50, 51, 52, 53, 
      54, 57, 58, 59, 60, 61, 62 ], [ 1, 2, 9, 11, 13, 17, 21, 26, 28, 30, 31, 37, 38, 39, 40, 42, 44, 50, 
      51, 52, 53, 54, 58, 60, 62 ], [ 2, 9, 19, 22, 23, 25, 26, 28, 29, 30, 31, 37, 38, 39, 40, 42, 44, 50, 
      51, 52, 53, 54, 58, 60, 61 ], [ 1, 2, 9, 19, 21, 22, 23, 26, 28, 29, 31, 33, 37, 38, 39, 40, 42, 44, 
      50, 51, 52, 58, 60, 61, 62 ], [ 1, 2, 9, 19, 22, 23, 24, 25, 28, 29, 33, 34, 35, 37, 38, 39, 40, 42, 
      44, 50, 51, 52, 53, 54, 58, 59, 60 ], [ 2, 9, 19, 21, 22, 25, 26, 28, 29, 30, 33, 34, 37, 39, 40, 41, 
      42, 44, 50, 51, 52, 53, 58, 60, 61 ], 
  [ 1, 2, 9, 19, 21, 22, 25, 26, 28, 29, 30, 33, 34, 37, 39, 40, 41, 42, 44, 50, 51, 52, 54, 58, 60 ], 
  [ 1, 2, 9, 19, 21, 22, 25, 26, 28, 29, 30, 33, 34, 37, 39, 40, 41, 42, 44, 50, 51, 52, 58, 60, 61 ], 
  [ 2, 9, 19, 22, 23, 25, 26, 28, 29, 30, 31, 38, 39, 40, 41, 42, 44, 50, 51, 52, 53, 54, 58, 60, 61 ], 
  [ 1, 2, 6, 9, 13, 17, 21, 26, 30, 31, 32, 37, 38, 39, 40, 45, 51, 52, 53, 54, 57, 58, 60, 62, 64 ], 
  [ 1, 2, 6, 9, 13, 14, 17, 21, 29, 30, 31, 32, 37, 38, 39, 40, 45, 51, 52, 53, 54, 57, 58, 60, 62, 64 ], 
  [ 1, 2, 7, 9, 13, 14, 17, 21, 22, 24, 25, 26, 29, 30, 32, 33, 37, 38, 40, 41, 45, 51, 52, 54, 56, 57 ], 
  [ 1, 2, 9, 13, 14, 17, 28, 29, 30, 31, 32, 38, 39, 40, 41, 45, 51, 52, 53, 54, 57, 58, 60, 61, 62 ], 
  [ 2, 9, 13, 14, 17, 21, 22, 23, 24, 26, 28, 29, 30, 31, 32, 38, 39, 40, 41, 45, 51, 52, 53, 54, 57 ], 
  [ 1, 2, 9, 13, 14, 21, 22, 24, 28, 29, 30, 32, 34, 36, 37, 38, 39, 40, 41, 45, 51, 52, 53, 57, 58, 61 ], 
  [ 1, 8, 9, 13, 22, 23, 24, 25, 26, 33, 34, 37, 39, 44, 45, 50, 51, 52, 53, 54, 57, 58, 60, 62, 64 ], 
  [ 1, 8, 9, 13, 14, 22, 23, 24, 25, 29, 33, 34, 37, 39, 44, 45, 50, 51, 52, 53, 54, 57, 58, 60, 62, 64 ], 
  [ 1, 2, 9, 13, 19, 21, 22, 23, 24, 25, 26, 28, 29, 33, 34, 37, 39, 44, 45, 50, 51, 52, 54, 58, 60 ], 
  [ 1, 7, 8, 9, 10, 13, 17, 22, 23, 25, 26, 32, 33, 37, 38, 39, 44, 45, 50, 51, 52, 53, 54, 57, 60, 62, 64 ], 
  [ 1, 2, 9, 13, 17, 24, 26, 32, 33, 37, 38, 40, 44, 45, 50, 51, 52, 53, 54, 55, 56, 57, 58, 60, 64 ], 
  [ 1, 2, 13, 21, 23, 24, 28, 29, 34, 37, 39, 40, 44, 45, 50, 51, 52, 53, 54, 55, 56, 57, 58, 60, 64 ], 
  [ 1, 2, 13, 21, 24, 26, 28, 30, 31, 32, 34, 37, 39, 40, 44, 45, 52, 53, 54, 55, 57, 58, 60, 62, 64 ], 
  [ 1, 2, 13, 21, 24, 28, 29, 30, 31, 32, 34, 37, 39, 40, 44, 45, 52, 53, 54, 55, 57, 58, 60, 62, 64 ], 
  [ 2, 3, 9, 13, 17, 23, 24, 26, 33, 34, 37, 39, 40, 44, 45, 50, 51, 52, 53, 54, 56, 57, 58, 60, 64 ], 
  [ 1, 2, 13, 21, 22, 24, 25, 26, 27, 29, 30, 33, 34, 37, 39, 40, 44, 45, 50, 51, 52, 54, 56, 57, 58 ], 
  [ 1, 2, 6, 9, 13, 17, 21, 26, 30, 31, 32, 37, 38, 39, 40, 44, 45, 51, 52, 53, 54, 58, 60, 62, 64 ], 
  [ 1, 2, 9, 13, 14, 22, 23, 24, 25, 29, 33, 34, 37, 38, 39, 40, 44, 45, 50, 51, 52, 53, 54, 57, 58 ], 
  [ 1, 2, 8, 9, 13, 17, 23, 25, 26, 32, 34, 37, 39, 41, 44, 45, 50, 51, 52, 53, 56, 57, 60, 61, 64 ], 
  [ 1, 2, 3, 8, 9, 10, 13, 17, 25, 26, 32, 33, 34, 37, 39, 41, 44, 45, 50, 51, 52, 53, 56, 57, 60, 61, 64 ], 
  [ 1, 9, 10, 13, 17, 22, 25, 26, 32, 33, 34, 37, 39, 41, 44, 45, 50, 51, 52, 53, 56, 57, 60, 61, 64 ], 
  [ 2, 9, 10, 13, 17, 22, 23, 24, 25, 26, 28, 31, 32, 38, 39, 41, 44, 45, 50, 51, 52, 53, 54, 57, 61 ], 
  [ 2, 9, 10, 13, 17, 22, 23, 25, 26, 28, 29, 30, 31, 32, 38, 39, 41, 44, 45, 51, 52, 53, 54, 60, 61 ], 
  [ 1, 9, 10, 13, 17, 22, 23, 25, 26, 32, 33, 38, 39, 41, 44, 45, 50, 51, 52, 53, 54, 57, 60, 62, 64 ], 
  [ 1, 2, 9, 13, 15, 17, 21, 22, 24, 26, 30, 34, 37, 38, 40, 42, 46, 50, 51, 52, 53, 54, 56, 57, 58 ], 
  [ 1, 2, 9, 13, 15, 17, 21, 22, 24, 28, 29, 30, 34, 37, 38, 40, 42, 46, 51, 52, 53, 54, 56, 58, 60 ], 
  [ 1, 9, 11, 13, 17, 21, 22, 23, 26, 28, 30, 37, 38, 39, 42, 44, 46, 50, 51, 53, 54, 56, 60, 61, 62 ], 
  [ 2, 9, 11, 13, 17, 22, 23, 25, 26, 28, 30, 31, 37, 38, 39, 42, 44, 46, 50, 51, 52, 53, 54, 60, 61 ], 
  [ 2, 9, 11, 13, 17, 22, 23, 25, 26, 28, 29, 30, 31, 37, 38, 39, 42, 44, 46, 51, 52, 53, 54, 60, 61 ], 
  [ 1, 2, 8, 9, 11, 13, 17, 23, 25, 26, 32, 37, 38, 39, 42, 44, 46, 50, 51, 53, 54, 56, 57, 60, 61, 62 ], 
  [ 1, 2, 9, 11, 13, 17, 25, 26, 31, 32, 37, 38, 39, 42, 44, 46, 50, 51, 53, 54, 56, 57, 60, 61, 62 ], 
  [ 1, 2, 9, 11, 13, 17, 23, 25, 26, 28, 30, 32, 37, 38, 39, 41, 42, 44, 46, 50, 51, 54, 56, 60, 61 ], 
  [ 1, 6, 9, 13, 21, 22, 23, 24, 29, 30, 37, 38, 39, 40, 45, 46, 51, 53, 54, 56, 57, 58, 60, 61, 62 ], 
  [ 2, 13, 14, 17, 22, 23, 24, 25, 26, 28, 29, 30, 31, 32, 38, 39, 44, 45, 46, 51, 52, 53, 54, 57, 61 ], 
  [ 1, 6, 13, 20, 21, 22, 23, 28, 29, 30, 36, 37, 38, 39, 44, 45, 46, 50, 51, 53, 54, 56, 57, 58, 60, 61, 62 ]
    , [ 2, 13, 19, 22, 23, 25, 26, 28, 29, 30, 31, 37, 38, 39, 44, 45, 46, 50, 51, 52, 53, 54, 58, 60, 61 ], 
  [ 1, 2, 8, 9, 13, 17, 23, 25, 26, 32, 37, 38, 39, 44, 45, 46, 50, 51, 53, 54, 56, 57, 60, 61, 62 ], 
  [ 1, 13, 21, 22, 23, 24, 26, 28, 30, 32, 36, 37, 38, 39, 44, 45, 46, 50, 51, 53, 54, 56, 57, 61, 62 ], 
  [ 1, 6, 13, 21, 22, 23, 24, 26, 28, 30, 32, 36, 37, 38, 39, 44, 45, 46, 51, 53, 54, 56, 57, 60, 61, 62, 63 ]
    , [ 2, 13, 22, 23, 24, 25, 26, 28, 30, 31, 32, 36, 37, 38, 39, 44, 45, 46, 50, 51, 52, 53, 54, 57, 61 ], 
  [ 2, 13, 14, 22, 23, 24, 25, 26, 28, 29, 30, 31, 32, 36, 37, 38, 39, 44, 45, 46, 51, 52, 53, 54, 57, 61 ], 
  [ 1, 2, 13, 21, 22, 24, 25, 26, 27, 29, 30, 33, 34, 37, 40, 44, 45, 46, 50, 51, 52, 54, 56, 57, 58 ], 
  [ 1, 2, 13, 21, 22, 24, 25, 26, 27, 29, 30, 33, 37, 38, 40, 44, 45, 46, 50, 51, 52, 54, 56, 57, 58 ], 
  [ 2, 9, 22, 23, 24, 25, 26, 27, 29, 30, 31, 37, 38, 39, 40, 44, 45, 46, 51, 52, 53, 54, 58, 60, 61 ], 
  [ 2, 13, 22, 23, 24, 25, 26, 27, 29, 30, 31, 37, 38, 39, 40, 44, 45, 46, 50, 51, 52, 53, 54, 57, 58 ], 
  [ 2, 13, 22, 23, 24, 25, 26, 27, 29, 30, 31, 37, 38, 39, 40, 44, 45, 46, 50, 51, 53, 54, 56, 57, 58 ], 
  [ 2, 3, 13, 17, 23, 24, 25, 26, 28, 30, 32, 34, 39, 41, 44, 45, 46, 50, 51, 52, 53, 54, 56, 57, 61 ], 
  [ 2, 8, 9, 13, 17, 23, 25, 26, 28, 32, 34, 37, 38, 39, 41, 42, 44, 45, 46, 50, 51, 53, 60, 61, 62 ], 
  [ 1, 9, 13, 21, 22, 23, 24, 26, 28, 32, 34, 36, 37, 38, 39, 44, 45, 47, 50, 51, 52, 57, 58, 61, 62 ], 
  [ 1, 2, 13, 21, 24, 26, 28, 30, 31, 32, 34, 37, 40, 44, 45, 47, 52, 53, 54, 55, 57, 58, 60, 62, 64 ], 
  [ 1, 2, 9, 13, 15, 17, 21, 24, 26, 30, 31, 34, 37, 40, 42, 46, 47, 50, 52, 53, 54, 57, 58, 62, 64 ], 
  [ 1, 2, 9, 13, 15, 17, 21, 24, 26, 30, 31, 34, 37, 40, 42, 46, 47, 52, 53, 54, 57, 58, 60, 62, 64 ], 
  [ 1, 2, 9, 13, 15, 17, 21, 24, 29, 30, 31, 34, 37, 40, 42, 46, 47, 52, 53, 54, 57, 58, 60, 62, 64 ], 
  [ 1, 2, 9, 13, 15, 17, 21, 24, 28, 29, 30, 31, 34, 37, 40, 42, 46, 47, 52, 53, 54, 58, 60, 62, 64 ], 
  [ 1, 2, 9, 13, 16, 17, 22, 24, 26, 31, 33, 34, 37, 38, 40, 42, 44, 46, 47, 50, 52, 53, 54, 57, 58 ], 
  [ 1, 2, 9, 13, 15, 17, 21, 24, 29, 30, 31, 34, 37, 40, 45, 46, 47, 52, 53, 54, 57, 58, 60, 62, 64 ], 
  [ 2, 13, 14, 17, 24, 28, 29, 30, 31, 32, 34, 38, 39, 40, 41, 43, 45, 46, 47, 51, 52, 53, 54, 57, 58, 61 ], 
  [ 2, 13, 15, 17, 24, 26, 30, 31, 32, 34, 37, 38, 39, 40, 42, 43, 45, 46, 47, 50, 51, 53, 54, 56, 57, 58 ], 
  [ 2, 13, 21, 22, 23, 24, 26, 27, 29, 31, 33, 34, 37, 40, 44, 45, 46, 47, 50, 51, 52, 53, 54, 57, 58 ], 
  [ 13, 21, 22, 23, 24, 26, 28, 30, 32, 34, 36, 38, 39, 41, 44, 45, 46, 47, 50, 51, 52, 53, 54, 57, 61 ], 
  [ 2, 13, 17, 18, 25, 28, 29, 31, 33, 34, 38, 39, 41, 44, 45, 46, 47, 50, 51, 52, 53, 54, 58, 60, 61 ], 
  [ 2, 17, 24, 26, 31, 32, 33, 34, 37, 38, 39, 40, 42, 43, 44, 45, 46, 47, 50, 51, 52, 53, 54, 57, 58 ], 
  [ 2, 17, 23, 24, 25, 26, 28, 32, 34, 35, 38, 39, 41, 42, 44, 45, 46, 47, 50, 51, 52, 53, 54, 57, 61 ], 
  [ 2, 17, 23, 24, 25, 26, 28, 32, 34, 35, 38, 39, 41, 42, 44, 45, 46, 47, 50, 51, 52, 53, 54, 60, 61 ], 
  [ 2, 9, 13, 17, 18, 25, 26, 28, 31, 33, 34, 38, 39, 41, 42, 44, 45, 46, 47, 50, 52, 53, 54, 60, 61 ], 
  [ 2, 17, 18, 25, 28, 29, 31, 33, 34, 35, 38, 39, 41, 42, 44, 45, 46, 47, 50, 51, 52, 53, 54, 58, 60, 61 ], 
  [ 2, 9, 17, 18, 24, 25, 26, 31, 33, 34, 38, 39, 40, 41, 42, 44, 45, 46, 47, 52, 53, 54, 58, 60, 61 ], 
  [ 1, 2, 9, 21, 23, 24, 25, 28, 29, 32, 37, 38, 40, 41, 42, 48, 51, 52, 53, 56, 57, 60, 61, 63, 64 ], 
  [ 1, 9, 21, 22, 24, 25, 28, 29, 32, 34, 37, 39, 40, 41, 42, 48, 51, 52, 53, 56, 57, 60, 61, 63, 64 ], 
  [ 1, 9, 21, 22, 23, 24, 26, 28, 30, 32, 38, 39, 40, 41, 42, 48, 50, 51, 53, 54, 56, 57, 61, 62, 63 ], 
  [ 1, 9, 21, 22, 23, 24, 26, 28, 30, 32, 38, 39, 40, 41, 42, 48, 51, 53, 54, 56, 57, 60, 61, 62, 63 ], 
  [ 1, 9, 21, 22, 23, 24, 28, 29, 30, 32, 38, 39, 40, 41, 42, 48, 51, 53, 54, 56, 57, 60, 61, 62, 63 ], 
  [ 1, 2, 9, 13, 21, 23, 24, 25, 28, 32, 37, 38, 40, 41, 44, 48, 50, 51, 52, 53, 56, 57, 61, 63, 64 ], 
  [ 1, 9, 22, 23, 24, 25, 28, 29, 32, 37, 38, 39, 40, 42, 44, 48, 51, 52, 53, 54, 57, 59, 60, 61, 62, 63 ], 
  [ 1, 9, 17, 22, 24, 25, 26, 28, 32, 38, 40, 41, 42, 44, 48, 50, 51, 52, 53, 54, 56, 57, 59, 60, 61 ], 
  [ 17, 22, 24, 25, 26, 28, 31, 32, 34, 39, 40, 41, 42, 44, 48, 50, 51, 52, 53, 54, 56, 57, 59, 60, 61 ], 
  [ 1, 2, 9, 10, 17, 19, 22, 25, 26, 32, 33, 34, 37, 38, 39, 40, 41, 42, 44, 48, 50, 51, 52, 53, 57, 61 ], 
  [ 1, 2, 8, 9, 13, 17, 21, 23, 25, 29, 32, 34, 37, 39, 41, 45, 48, 51, 52, 53, 56, 57, 60, 61, 64 ], 
  [ 1, 9, 13, 21, 22, 24, 28, 29, 31, 32, 34, 37, 39, 40, 44, 45, 48, 52, 57, 58, 60, 61, 62, 63, 64 ], 
  [ 1, 9, 10, 13, 17, 22, 23, 25, 28, 29, 32, 38, 39, 41, 44, 45, 48, 51, 52, 53, 54, 57, 60, 61, 62 ], 
  [ 1, 2, 9, 10, 13, 14, 17, 22, 25, 29, 32, 33, 34, 37, 38, 39, 40, 41, 44, 45, 48, 51, 52, 53, 57, 61 ], 
  [ 1, 2, 8, 9, 13, 17, 23, 25, 28, 30, 32, 34, 39, 41, 44, 46, 48, 50, 51, 56, 58, 60, 61, 62, 64 ], 
  [ 13, 17, 22, 24, 25, 28, 30, 31, 32, 34, 39, 40, 41, 44, 46, 48, 50, 51, 52, 53, 54, 55, 56, 57, 61 ], 
  [ 2, 17, 19, 22, 23, 25, 26, 30, 31, 32, 37, 38, 39, 40, 42, 44, 46, 48, 50, 51, 52, 53, 54, 57, 61 ], 
  [ 2, 17, 20, 22, 23, 25, 26, 29, 30, 31, 32, 37, 38, 39, 40, 42, 44, 46, 48, 51, 52, 53, 54, 57, 61 ], 
  [ 2, 11, 17, 20, 22, 23, 25, 26, 29, 30, 31, 32, 37, 38, 39, 40, 42, 44, 46, 48, 51, 52, 53, 54, 59, 60, 61 
     ], [ 1, 2, 13, 20, 23, 25, 28, 29, 30, 32, 36, 37, 38, 39, 40, 41, 42, 44, 46, 48, 50, 51, 54, 56, 57, 
      61, 63 ], [ 2, 13, 14, 17, 22, 23, 25, 29, 30, 31, 32, 37, 38, 39, 40, 44, 45, 46, 48, 51, 52, 53, 54, 
      57, 61 ], [ 2, 14, 17, 20, 22, 23, 25, 26, 29, 30, 31, 32, 37, 38, 39, 40, 44, 45, 46, 48, 51, 52, 53, 
      54, 57, 61 ], [ 2, 17, 20, 22, 23, 25, 26, 29, 30, 31, 32, 37, 38, 39, 40, 44, 45, 46, 48, 51, 52, 53, 
      54, 60, 61 ], [ 2, 13, 17, 18, 25, 28, 29, 31, 33, 34, 38, 39, 40, 41, 42, 44, 46, 47, 48, 50, 52, 53, 
      54, 57, 61 ], [ 2, 13, 14, 17, 25, 29, 31, 32, 33, 34, 38, 39, 40, 41, 44, 45, 46, 47, 48, 51, 52, 53, 
      54, 57, 61 ], [ 2, 17, 18, 19, 25, 26, 31, 32, 33, 34, 38, 39, 40, 41, 42, 44, 45, 46, 47, 48, 51, 52, 
      53, 54, 57, 61 ], [ 2, 17, 18, 19, 25, 26, 31, 32, 33, 34, 38, 39, 40, 41, 42, 44, 45, 46, 47, 48, 51, 
      52, 53, 54, 59, 60, 61 ], [ 1, 2, 6, 9, 13, 17, 21, 28, 29, 30, 31, 32, 37, 38, 39, 40, 42, 51, 52, 53, 
      54, 57, 58, 60, 62, 64 ], [ 2, 3, 9, 13, 17, 21, 22, 23, 24, 25, 26, 28, 29, 30, 34, 39, 40, 41, 42, 
      50, 51, 52, 53, 54, 56, 57 ], [ 1, 2, 8, 9, 21, 23, 24, 25, 28, 29, 34, 37, 39, 40, 41, 42, 50, 51, 52, 
      53, 56, 57, 58, 60, 61, 64 ], [ 1, 2, 9, 11, 19, 21, 22, 24, 25, 26, 27, 28, 29, 30, 33, 34, 35, 37, 
      39, 40, 41, 42, 50, 51, 52, 54, 56, 58, 60 ], 
  [ 1, 2, 9, 11, 17, 21, 22, 24, 25, 26, 28, 29, 30, 32, 33, 34, 37, 39, 40, 41, 42, 51, 52, 54, 56, 60 ], 
  [ 1, 2, 6, 8, 9, 13, 23, 28, 29, 30, 32, 36, 37, 38, 39, 40, 41, 42, 50, 51, 54, 56, 57, 58, 60, 61, 62, 
      63, 64 ], [ 1, 2, 6, 9, 11, 13, 17, 21, 26, 28, 30, 31, 32, 37, 38, 39, 40, 44, 50, 51, 52, 53, 54, 58, 
      59, 60, 62, 64 ], [ 1, 2, 9, 11, 13, 17, 21, 22, 26, 28, 30, 31, 34, 37, 38, 39, 40, 42, 44, 50, 51, 
      52, 53, 54, 58, 60 ], [ 1, 2, 9, 11, 13, 17, 21, 22, 26, 28, 30, 34, 37, 38, 39, 40, 41, 42, 44, 50, 
      51, 52, 53, 54, 56, 60 ], [ 1, 2, 9, 13, 14, 21, 22, 24, 25, 26, 27, 29, 30, 33, 34, 37, 39, 40, 41, 
      45, 50, 51, 52, 54, 56, 57, 58 ], [ 1, 2, 9, 13, 14, 17, 21, 22, 24, 25, 26, 29, 30, 32, 33, 34, 37, 
      39, 40, 41, 45, 51, 52, 54, 56, 57 ], 
  [ 2, 8, 9, 21, 23, 24, 26, 28, 29, 30, 32, 36, 37, 38, 39, 40, 41, 42, 45, 51, 52, 53, 57, 58, 60, 61, 62 ],
  [ 1, 8, 9, 13, 17, 22, 23, 24, 25, 26, 32, 33, 34, 37, 39, 44, 45, 50, 51, 52, 53, 54, 57, 60, 62, 64 ], 
  [ 1, 2, 8, 9, 13, 21, 22, 23, 24, 26, 28, 32, 34, 36, 37, 38, 39, 44, 45, 50, 51, 52, 53, 57, 58, 61, 62 ], 
  [ 1, 7, 9, 13, 16, 17, 22, 24, 26, 31, 32, 33, 37, 38, 40, 44, 45, 50, 51, 52, 53, 54, 55, 56, 57, 58, 60, 
      64 ], [ 1, 2, 3, 9, 13, 17, 24, 26, 32, 33, 34, 37, 39, 40, 44, 45, 50, 51, 52, 53, 54, 55, 56, 57, 58, 
      60, 64 ], [ 1, 2, 13, 21, 22, 24, 26, 27, 28, 30, 31, 32, 34, 36, 37, 38, 39, 40, 43, 44, 45, 50, 51, 
      52, 53, 54, 55, 57, 58 ], [ 1, 2, 9, 10, 13, 17, 22, 23, 24, 25, 26, 28, 32, 34, 38, 39, 41, 44, 45, 
      50, 51, 52, 53, 54, 57, 61 ], [ 1, 2, 8, 9, 10, 13, 21, 22, 23, 24, 25, 26, 28, 32, 34, 36, 37, 38, 39, 
      41, 44, 45, 50, 51, 52, 53, 57, 61 ], [ 1, 2, 13, 21, 22, 24, 26, 28, 30, 32, 34, 36, 37, 38, 39, 40, 
      41, 44, 45, 50, 51, 52, 53, 54, 55, 56, 57 ], 
  [ 2, 9, 11, 13, 19, 22, 23, 25, 26, 28, 29, 30, 31, 37, 38, 39, 42, 44, 46, 50, 51, 52, 53, 54, 58, 60, 61 ]
    , [ 1, 6, 13, 20, 21, 22, 23, 28, 29, 30, 37, 38, 39, 40, 42, 44, 46, 50, 51, 53, 54, 56, 57, 58, 60, 61, 
      62 ], [ 2, 9, 11, 19, 22, 23, 24, 25, 26, 27, 28, 29, 30, 31, 37, 38, 39, 40, 42, 44, 46, 51, 52, 53, 
      54, 58, 59, 60, 61 ], [ 2, 3, 9, 13, 15, 17, 21, 23, 24, 26, 29, 30, 34, 37, 39, 40, 42, 45, 46, 51, 
      52, 53, 54, 56, 57, 58, 60 ], [ 9, 13, 15, 17, 21, 22, 24, 26, 29, 30, 31, 34, 37, 39, 40, 42, 45, 46, 
      51, 52, 53, 54, 56, 57, 58, 60 ], [ 2, 13, 14, 19, 22, 23, 24, 25, 26, 27, 28, 29, 30, 31, 36, 37, 38, 
      39, 43, 44, 45, 46, 50, 51, 52, 53, 54, 57, 58, 61 ], 
  [ 2, 3, 4, 7, 8, 9, 10, 11, 12, 13, 14, 15, 16, 19, 22, 23, 24, 25, 26, 27, 28, 29, 30, 31, 36, 37, 38, 39, 
      43, 44, 45, 46, 51, 52, 53, 54, 58, 59, 60, 61 ], 
  [ 1, 2, 8, 9, 13, 23, 24, 25, 26, 32, 36, 37, 38, 39, 44, 45, 46, 50, 51, 53, 54, 56, 57, 58, 60, 61, 62 ], 
  [ 2, 3, 13, 17, 23, 24, 25, 26, 27, 29, 30, 31, 33, 34, 39, 40, 44, 45, 46, 50, 51, 52, 53, 54, 56, 57, 58 ]
    , [ 1, 6, 13, 20, 21, 22, 23, 24, 28, 29, 30, 36, 37, 38, 39, 40, 44, 45, 46, 51, 53, 54, 55, 56, 57, 58, 
      60, 61, 62, 63 ], [ 2, 9, 13, 14, 22, 23, 24, 25, 26, 27, 29, 30, 31, 37, 38, 39, 40, 44, 45, 46, 51, 
      52, 53, 54, 57, 58, 61 ], [ 1, 2, 13, 23, 24, 28, 29, 30, 32, 36, 37, 38, 39, 40, 44, 45, 46, 51, 53, 
      54, 55, 56, 57, 58, 60, 61, 62, 63 ], [ 2, 3, 5, 7, 8, 9, 10, 11, 12, 14, 15, 16, 17, 20, 22, 23, 24, 
      25, 26, 27, 29, 30, 31, 32, 36, 37, 38, 39, 40, 44, 45, 46, 51, 52, 53, 54, 55, 59, 60, 61 ], 
  [ 1, 2, 9, 11, 13, 15, 17, 21, 24, 26, 28, 30, 31, 34, 37, 40, 42, 44, 46, 47, 50, 52, 53, 54, 58, 62, 64 ],
  [ 2, 13, 17, 24, 28, 30, 31, 32, 34, 38, 39, 40, 41, 43, 44, 45, 46, 47, 50, 51, 52, 53, 54, 57, 58, 61 ], 
  [ 2, 9, 17, 18, 24, 25, 26, 28, 31, 33, 34, 35, 38, 39, 41, 42, 44, 45, 46, 47, 50, 52, 53, 54, 58, 60, 61 ]
    , [ 2, 9, 13, 17, 18, 24, 25, 26, 28, 31, 33, 34, 38, 39, 41, 42, 44, 45, 46, 47, 50, 52, 53, 54, 57, 61 ]
    , [ 2, 17, 24, 26, 28, 30, 31, 32, 34, 35, 38, 39, 40, 41, 42, 43, 44, 45, 46, 47, 51, 52, 53, 54, 58, 
      59, 60, 61 ], [ 2, 9, 17, 18, 24, 25, 26, 31, 33, 34, 38, 39, 40, 41, 42, 44, 45, 46, 47, 50, 52, 53, 
      54, 57, 58, 61 ], [ 2, 17, 18, 19, 24, 25, 26, 31, 32, 33, 34, 35, 38, 39, 40, 41, 42, 43, 44, 45, 46, 
      47, 51, 52, 53, 54, 58, 59, 60, 61 ], [ 1, 2, 8, 9, 13, 17, 21, 23, 25, 28, 29, 32, 34, 37, 39, 41, 42, 
      48, 51, 52, 53, 56, 57, 60, 61, 64 ], [ 1, 2, 8, 9, 21, 23, 24, 25, 28, 29, 32, 34, 37, 39, 40, 41, 42, 
      48, 51, 52, 53, 56, 57, 60, 61, 63, 64 ], 
  [ 1, 2, 8, 9, 13, 21, 23, 24, 25, 28, 32, 34, 37, 39, 40, 41, 44, 48, 50, 51, 52, 53, 56, 57, 61, 63, 64 ], 
  [ 1, 9, 13, 21, 22, 23, 24, 26, 28, 30, 32, 38, 39, 40, 41, 44, 48, 50, 51, 53, 54, 56, 57, 61, 62, 63 ], 
  [ 1, 9, 13, 21, 22, 23, 24, 28, 29, 30, 32, 38, 39, 40, 41, 45, 48, 51, 53, 54, 56, 57, 60, 61, 62, 63 ], 
  [ 2, 8, 9, 10, 17, 23, 25, 26, 29, 32, 33, 37, 38, 39, 40, 41, 42, 44, 45, 48, 51, 52, 53, 57, 60, 61, 62 ],
  [ 8, 9, 13, 17, 21, 22, 23, 24, 25, 26, 28, 30, 32, 34, 39, 41, 42, 46, 48, 50, 51, 53, 56, 57, 61, 62 ], 
  [ 2, 13, 17, 20, 22, 23, 25, 28, 29, 30, 31, 32, 37, 38, 39, 40, 42, 44, 46, 48, 51, 52, 53, 54, 57, 61 ], 
  [ 17, 19, 22, 24, 25, 26, 28, 30, 31, 32, 34, 35, 39, 40, 41, 42, 44, 46, 48, 50, 51, 52, 53, 54, 55, 56, 
      57, 59, 61 ], [ 1, 6, 9, 13, 21, 22, 23, 24, 29, 30, 32, 37, 38, 39, 40, 45, 46, 48, 51, 53, 54, 56, 
      57, 60, 61, 62, 63 ], [ 13, 14, 17, 22, 24, 25, 28, 29, 30, 31, 32, 34, 39, 40, 41, 44, 45, 46, 48, 51, 
      52, 53, 54, 55, 56, 57, 61 ], [ 2, 13, 14, 17, 18, 25, 28, 29, 31, 32, 33, 34, 38, 39, 40, 41, 44, 46, 
      47, 48, 50, 51, 52, 53, 54, 57, 61 ], [ 1, 2, 7, 9, 13, 17, 21, 22, 24, 25, 26, 28, 29, 30, 32, 33, 37, 
      38, 40, 41, 42, 50, 51, 52, 54, 56, 57 ], 
  [ 1, 2, 3, 9, 13, 17, 28, 29, 30, 32, 33, 34, 37, 39, 40, 41, 42, 50, 51, 52, 53, 56, 57, 58, 60, 61, 64 ], 
  [ 1, 2, 9, 11, 13, 17, 26, 28, 30, 31, 32, 37, 38, 39, 40, 42, 44, 50, 51, 52, 53, 54, 57, 58, 59, 60, 61, 
      62 ], [ 1, 2, 9, 11, 13, 17, 19, 21, 22, 25, 26, 28, 29, 30, 33, 34, 37, 39, 40, 41, 42, 44, 50, 51, 
      52, 54, 56, 60 ], [ 1, 2, 6, 9, 13, 21, 22, 23, 24, 26, 29, 34, 37, 38, 39, 40, 42, 45, 50, 51, 53, 54, 
      56, 57, 58, 60, 64 ], [ 1, 2, 9, 21, 22, 24, 26, 28, 29, 30, 32, 34, 36, 37, 38, 39, 40, 41, 42, 45, 
      51, 52, 53, 57, 58, 60, 61 ], [ 1, 9, 13, 17, 22, 24, 26, 31, 32, 33, 34, 37, 39, 40, 44, 45, 50, 51, 
      52, 53, 54, 55, 56, 57, 58, 60, 64 ], [ 1, 2, 13, 14, 19, 20, 21, 22, 24, 25, 26, 27, 28, 29, 30, 32, 
      33, 34, 36, 37, 39, 40, 41, 44, 45, 50, 51, 52, 54, 55, 56, 57 ], 
  [ 2, 9, 10, 13, 14, 17, 22, 23, 24, 25, 26, 28, 29, 30, 31, 32, 38, 39, 40, 41, 44, 45, 51, 52, 53, 54, 57, 
      61 ], [ 1, 2, 9, 10, 13, 14, 17, 18, 28, 29, 31, 32, 33, 38, 39, 40, 41, 44, 45, 50, 51, 52, 53, 54, 
      57, 58, 59, 60, 61, 62 ], [ 1, 2, 8, 9, 13, 21, 22, 23, 26, 28, 29, 34, 37, 38, 39, 42, 44, 45, 50, 51, 
      52, 53, 57, 58, 60, 61, 62 ], [ 1, 2, 13, 21, 22, 26, 27, 28, 29, 30, 31, 34, 37, 38, 39, 40, 42, 44, 
      45, 50, 51, 52, 53, 54, 57, 58, 60 ], 
  [ 1, 2, 9, 10, 13, 17, 22, 23, 25, 26, 28, 29, 34, 38, 39, 41, 42, 44, 45, 50, 51, 52, 53, 54, 57, 60, 61 ],
  [ 1, 2, 9, 10, 13, 17, 23, 25, 26, 28, 29, 32, 33, 37, 38, 39, 41, 42, 44, 45, 50, 51, 52, 54, 57, 60, 61 ],
  [ 1, 2, 9, 11, 13, 15, 17, 21, 22, 24, 26, 28, 30, 34, 37, 38, 40, 42, 44, 46, 50, 51, 52, 53, 54, 56, 58, 
      60 ], [ 2, 9, 11, 17, 22, 23, 24, 25, 26, 28, 29, 30, 31, 32, 37, 38, 39, 40, 42, 44, 46, 51, 52, 53, 
      54, 59, 60, 61 ], [ 1, 2, 9, 13, 15, 17, 21, 22, 24, 26, 29, 30, 34, 37, 38, 40, 42, 45, 46, 51, 52, 
      53, 54, 56, 57, 58, 60 ], [ 2, 3, 7, 8, 9, 10, 11, 13, 14, 15, 16, 17, 22, 23, 24, 25, 26, 28, 29, 30, 
      31, 32, 36, 37, 38, 39, 44, 45, 46, 51, 52, 53, 54, 59, 60, 61 ], 
  [ 2, 9, 13, 14, 17, 22, 23, 24, 25, 26, 29, 30, 31, 32, 37, 38, 39, 40, 44, 45, 46, 51, 52, 53, 54, 57, 61 ]
    , [ 13, 15, 21, 22, 24, 26, 27, 28, 29, 30, 31, 34, 37, 39, 40, 42, 43, 44, 45, 46, 50, 51, 52, 53, 54, 
      55, 56, 57, 58, 60 ], [ 1, 2, 9, 13, 16, 17, 22, 24, 26, 29, 31, 33, 34, 37, 38, 40, 42, 44, 45, 46, 
      47, 52, 53, 54, 57, 58, 60 ], [ 2, 13, 15, 17, 24, 26, 28, 30, 31, 32, 34, 37, 38, 39, 40, 42, 43, 44, 
      45, 46, 47, 50, 51, 53, 54, 56, 58, 60 ], 
  [ 2, 17, 24, 25, 26, 28, 31, 32, 33, 34, 35, 38, 39, 41, 42, 44, 45, 46, 47, 50, 51, 52, 53, 54, 58, 60, 61 
     ], [ 2, 17, 18, 19, 24, 25, 26, 31, 32, 33, 34, 35, 38, 39, 40, 41, 42, 43, 44, 45, 46, 47, 50, 51, 52, 
      53, 54, 57, 58, 61 ], [ 1, 2, 9, 21, 23, 24, 25, 26, 28, 32, 37, 38, 40, 41, 42, 44, 48, 50, 51, 52, 
      53, 56, 57, 59, 60, 61, 63, 64 ], [ 1, 2, 8, 9, 13, 21, 23, 24, 28, 29, 32, 34, 37, 39, 40, 44, 45, 48, 
      51, 52, 53, 57, 58, 60, 61, 62, 63, 64 ], 
  [ 1, 2, 9, 10, 17, 22, 25, 26, 29, 32, 33, 34, 37, 38, 39, 40, 41, 42, 44, 45, 48, 51, 52, 53, 57, 60, 61 ],
  [ 1, 6, 9, 13, 21, 22, 23, 24, 28, 29, 30, 32, 37, 38, 39, 40, 42, 46, 48, 51, 53, 54, 56, 57, 60, 61, 62, 
      63 ], [ 1, 13, 21, 22, 23, 24, 28, 29, 30, 32, 37, 38, 39, 40, 44, 45, 46, 48, 51, 53, 54, 56, 57, 60, 
      61, 62, 63 ], [ 1, 2, 3, 4, 5, 6, 7, 9, 10, 11, 12, 13, 14, 15, 17, 18, 19, 20, 21, 22, 24, 25, 26, 27, 
      28, 29, 30, 32, 33, 34, 35, 36, 37, 39, 40, 41, 42, 50, 51, 52, 54, 55, 56, 57 ], 
  [ 1, 2, 6, 8, 9, 13, 21, 23, 28, 29, 30, 37, 38, 39, 40, 41, 42, 50, 51, 52, 53, 54, 56, 57, 58, 60, 61, 
      62, 64 ], [ 1, 2, 9, 11, 17, 26, 30, 31, 32, 33, 37, 38, 39, 40, 41, 42, 50, 51, 52, 53, 54, 56, 57, 
      58, 60, 61, 62, 64 ], [ 1, 2, 9, 13, 14, 17, 29, 30, 31, 32, 33, 37, 38, 39, 40, 41, 45, 51, 52, 53, 
      54, 56, 57, 58, 60, 61, 62, 64 ], [ 1, 2, 6, 9, 13, 21, 23, 24, 26, 28, 29, 30, 32, 36, 37, 38, 39, 40, 
      41, 42, 45, 50, 51, 54, 56, 57, 58, 60, 64 ], 
  [ 1, 2, 8, 9, 10, 13, 17, 23, 25, 26, 32, 33, 37, 38, 39, 41, 44, 45, 50, 51, 52, 53, 54, 56, 57, 60, 61, 
      62, 64 ], [ 1, 2, 9, 10, 19, 23, 24, 25, 26, 28, 29, 32, 33, 35, 36, 37, 38, 39, 40, 41, 42, 44, 45, 
      50, 51, 52, 54, 57, 58, 59, 60, 61 ], 
  [ 1, 2, 9, 11, 13, 17, 22, 23, 25, 26, 28, 30, 31, 32, 37, 38, 39, 42, 44, 46, 50, 51, 53, 54, 56, 60, 61, 
      62 ], [ 2, 3, 4, 5, 7, 8, 9, 10, 11, 12, 13, 14, 15, 16, 17, 19, 20, 22, 23, 24, 25, 26, 27, 28, 29, 
      30, 31, 32, 36, 37, 38, 39, 40, 42, 44, 46, 51, 52, 53, 54, 55, 57, 59, 61 ], 
  [ 2, 13, 14, 17, 18, 24, 25, 28, 29, 31, 32, 33, 34, 38, 39, 40, 41, 43, 44, 45, 46, 47, 50, 51, 52, 53, 
      54, 57, 58, 61 ], [ 2, 9, 13, 17, 18, 24, 25, 28, 29, 31, 33, 34, 38, 39, 40, 41, 42, 44, 45, 46, 47, 
      50, 52, 53, 54, 57, 58, 61 ], [ 1, 9, 13, 21, 22, 23, 24, 25, 28, 32, 37, 38, 39, 40, 41, 44, 48, 50, 
      51, 52, 53, 54, 56, 57, 61, 62, 63, 64 ], 
  [ 1, 2, 8, 9, 13, 17, 21, 23, 25, 26, 28, 32, 34, 37, 39, 41, 42, 44, 48, 50, 51, 52, 53, 56, 57, 60, 61, 
      64 ], [ 1, 2, 8, 9, 13, 21, 23, 24, 25, 28, 29, 32, 34, 37, 39, 40, 41, 44, 45, 48, 51, 52, 53, 56, 57, 
      60, 61, 63, 64 ], [ 1, 6, 9, 13, 21, 22, 23, 24, 26, 28, 30, 32, 37, 38, 39, 40, 42, 44, 46, 48, 50, 
      51, 53, 54, 56, 57, 61, 62, 63 ], [ 1, 6, 9, 13, 21, 22, 23, 24, 26, 28, 30, 32, 37, 38, 39, 40, 42, 
      44, 46, 48, 51, 53, 54, 56, 57, 60, 61, 62, 63 ], 
  [ 1, 2, 6, 7, 8, 9, 11, 13, 15, 17, 19, 20, 22, 23, 25, 28, 30, 31, 32, 37, 38, 39, 40, 42, 44, 46, 48, 50, 
      51, 53, 54, 56, 59, 61, 62, 63 ], [ 1, 2, 13, 20, 22, 23, 25, 28, 29, 30, 31, 32, 37, 38, 39, 40, 42, 
      44, 46, 48, 50, 51, 53, 54, 56, 57, 61, 62, 63 ], 
  [ 1, 2, 8, 9, 13, 17, 23, 25, 26, 29, 30, 32, 34, 39, 41, 42, 45, 46, 48, 50, 51, 56, 57, 58, 60, 61, 62, 
      64 ], [ 1, 2, 6, 7, 8, 9, 11, 13, 19, 20, 21, 22, 23, 26, 27, 28, 29, 30, 31, 37, 38, 39, 40, 42, 44, 
      50, 51, 52, 53, 54, 57, 58, 59, 60, 61, 62 ], 
  [ 1, 2, 3, 6, 8, 9, 13, 14, 19, 20, 21, 22, 23, 24, 25, 26, 27, 29, 33, 34, 37, 39, 40, 44, 45, 50, 51, 52, 
      53, 54, 55, 56, 57, 58, 60, 64 ], [ 1, 2, 9, 10, 13, 17, 22, 23, 25, 26, 28, 29, 31, 32, 33, 38, 39, 
      41, 44, 45, 50, 51, 52, 53, 54, 57, 60, 61, 62 ], 
  [ 1, 2, 9, 11, 13, 17, 21, 22, 23, 25, 26, 28, 30, 34, 37, 38, 39, 41, 42, 44, 46, 50, 51, 52, 53, 54, 56, 
      60, 61 ], [ 2, 13, 21, 22, 23, 24, 26, 27, 28, 29, 30, 31, 34, 37, 38, 39, 40, 42, 43, 44, 45, 46, 47, 
      50, 51, 52, 53, 54, 57, 58 ], [ 1, 2, 8, 9, 13, 17, 21, 22, 23, 25, 26, 28, 29, 30, 32, 34, 39, 41, 42, 
      48, 50, 51, 53, 56, 57, 60, 61, 62, 64 ], 
  [ 1, 2, 17, 19, 22, 25, 26, 28, 29, 30, 31, 32, 33, 34, 39, 40, 41, 42, 44, 48, 50, 51, 52, 53, 54, 56, 57, 
      59, 60, 61 ], [ 1, 2, 6, 8, 9, 13, 17, 21, 22, 23, 25, 26, 30, 32, 34, 37, 38, 39, 41, 42, 46, 48, 50, 
      51, 53, 56, 57, 61, 62, 64 ], [ 1, 2, 6, 7, 8, 9, 11, 13, 15, 17, 19, 20, 22, 23, 25, 26, 30, 31, 32, 
      37, 38, 39, 40, 42, 44, 46, 48, 50, 51, 53, 54, 56, 57, 61, 62, 63 ], 
  [ 1, 2, 13, 14, 17, 22, 25, 29, 30, 31, 32, 33, 34, 37, 38, 39, 40, 41, 44, 45, 46, 48, 51, 52, 53, 54, 56, 
      57, 61 ], [ 2, 13, 14, 17, 22, 23, 24, 25, 28, 29, 30, 31, 32, 34, 38, 39, 40, 41, 44, 45, 46, 47, 48, 
      51, 52, 53, 54, 57, 61 ], [ 1, 2, 8, 9, 10, 13, 21, 22, 23, 25, 28, 29, 33, 34, 37, 38, 39, 41, 44, 45, 
      49, 50, 51, 52, 53, 58, 60, 61, 62, 64 ], 
  [ 1, 2, 6, 9, 13, 21, 22, 23, 24, 26, 28, 29, 30, 31, 32, 37, 38, 39, 40, 42, 50, 51, 53, 54, 56, 57, 58, 
      60, 62, 64 ], [ 1, 2, 3, 4, 5, 6, 7, 8, 9, 10, 11, 12, 13, 14, 15, 16, 17, 18, 27, 28, 29, 30, 31, 32, 
      33, 35, 36, 37, 38, 39, 40, 41, 42, 50, 51, 52, 53, 54, 55, 56, 57, 58, 59, 60, 61, 62, 63, 64 ], 
  [ 1, 2, 9, 19, 22, 23, 24, 25, 26, 28, 29, 31, 32, 33, 37, 38, 39, 40, 42, 44, 50, 51, 52, 53, 54, 57, 58, 
      59, 60, 61, 62 ], [ 1, 2, 8, 9, 13, 21, 22, 23, 24, 25, 26, 28, 29, 32, 33, 34, 37, 39, 44, 45, 50, 51, 
      52, 53, 57, 58, 60, 61, 62, 64 ], [ 1, 2, 13, 21, 22, 24, 26, 27, 28, 29, 30, 31, 32, 33, 34, 37, 39, 
      40, 44, 45, 50, 51, 52, 53, 54, 55, 56, 57, 58, 60, 64 ], 
  [ 1, 2, 3, 8, 9, 13, 17, 23, 24, 25, 26, 32, 33, 34, 37, 39, 44, 45, 46, 50, 51, 52, 53, 54, 56, 57, 58, 
      60, 61, 62, 64 ], [ 1, 3, 4, 5, 6, 7, 8, 9, 10, 11, 12, 13, 14, 15, 16, 17, 18, 19, 22, 24, 25, 26, 31, 
      32, 33, 34, 36, 37, 39, 43, 44, 45, 46, 50, 51, 52, 53, 54, 55, 56, 57, 58, 59, 60, 61, 62, 63, 64 ], 
  [ 1, 2, 9, 11, 13, 17, 21, 22, 23, 26, 28, 30, 31, 34, 37, 38, 39, 42, 44, 46, 47, 50, 51, 52, 53, 54, 58, 
      60, 61, 62 ], [ 1, 2, 13, 21, 22, 23, 24, 26, 28, 30, 31, 32, 34, 36, 37, 38, 39, 43, 44, 45, 46, 47, 
      50, 51, 52, 53, 54, 57, 58, 61, 62 ], 
  [ 2, 3, 9, 10, 11, 13, 16, 17, 18, 19, 22, 23, 25, 26, 28, 29, 30, 31, 34, 35, 38, 39, 41, 42, 44, 45, 46, 
      47, 50, 51, 52, 53, 54, 58, 60, 61 ], [ 1, 9, 21, 22, 23, 24, 25, 26, 28, 32, 37, 38, 39, 40, 41, 42, 
      44, 48, 50, 51, 52, 53, 54, 56, 57, 59, 60, 61, 62, 63, 64 ], 
  [ 1, 2, 3, 6, 8, 9, 10, 13, 14, 17, 20, 21, 22, 25, 26, 29, 30, 32, 33, 34, 37, 39, 40, 41, 44, 45, 48, 51, 
      52, 53, 56, 57, 60, 61, 63, 64 ], [ 1, 2, 13, 21, 23, 24, 28, 29, 30, 32, 34, 37, 39, 40, 44, 45, 46, 
      48, 51, 52, 53, 54, 55, 56, 57, 58, 60, 61, 62, 63, 64 ], 
  [ 1, 13, 21, 22, 24, 28, 29, 30, 31, 32, 34, 37, 39, 40, 44, 45, 46, 48, 51, 52, 53, 54, 55, 56, 57, 58, 
      60, 61, 62, 63, 64 ], [ 1, 2, 6, 7, 8, 9, 13, 14, 15, 17, 20, 22, 23, 25, 26, 29, 30, 31, 32, 37, 38, 
      39, 40, 44, 45, 46, 48, 51, 53, 54, 56, 57, 60, 61, 62, 63 ], 
  [ 1, 2, 9, 10, 13, 17, 18, 22, 23, 25, 28, 29, 31, 33, 34, 38, 39, 41, 44, 45, 47, 49, 50, 51, 52, 53, 54, 
      58, 60, 61, 62 ], [ 1, 2, 3, 4, 5, 6, 7, 8, 11, 12, 13, 14, 15, 16, 19, 20, 21, 22, 23, 26, 27, 28, 29, 
      30, 31, 34, 35, 36, 37, 38, 39, 42, 43, 44, 45, 46, 47, 50, 51, 52, 53, 54, 57, 58, 59, 60, 61, 62 ], 
  [ 1, 2, 6, 8, 9, 11, 13, 17, 21, 22, 23, 25, 26, 28, 30, 32, 34, 37, 38, 39, 41, 42, 44, 46, 48, 50, 51, 
      53, 56, 60, 61, 62, 64 ], [ 1, 2, 3, 4, 5, 7, 10, 12, 13, 14, 15, 16, 17, 18, 19, 20, 22, 25, 27, 28, 
      29, 30, 31, 32, 33, 34, 35, 36, 37, 38, 39, 40, 41, 42, 44, 46, 48, 50, 51, 52, 53, 54, 55, 56, 57, 59, 
      61, 63 ], [ 1, 2, 6, 8, 9, 13, 17, 21, 22, 23, 25, 26, 29, 30, 32, 34, 37, 38, 39, 41, 42, 45, 46, 48, 
      51, 53, 56, 57, 60, 61, 62, 64 ], [ 1, 2, 9, 10, 13, 17, 18, 22, 23, 25, 26, 28, 29, 31, 33, 34, 38, 
      39, 41, 42, 44, 45, 47, 49, 50, 52, 53, 54, 57, 60, 61, 62 ], 
  [ 1, 2, 6, 9, 13, 15, 17, 21, 22, 23, 24, 26, 30, 31, 32, 34, 37, 38, 39, 40, 42, 46, 47, 48, 50, 51, 53, 
      54, 56, 57, 58, 62, 64 ], [ 1, 2, 9, 13, 14, 17, 22, 23, 24, 25, 29, 31, 32, 33, 34, 37, 38, 39, 40, 
      44, 45, 46, 47, 48, 51, 52, 53, 54, 57, 58, 61, 62 ], 
  [ 1, 2, 8, 9, 10, 13, 14, 20, 21, 22, 23, 24, 25, 28, 29, 32, 33, 34, 36, 37, 38, 39, 40, 41, 44, 45, 48, 
      49, 50, 51, 52, 53, 57, 58, 61, 62, 63, 64 ], 
  [ 1, 2, 6, 9, 11, 13, 15, 17, 21, 22, 23, 24, 26, 28, 30, 31, 32, 34, 37, 38, 39, 40, 42, 44, 46, 47, 48, 
      50, 51, 53, 54, 56, 58, 60, 62, 64 ], [ 1, 2, 6, 9, 13, 15, 17, 21, 22, 23, 24, 26, 29, 30, 31, 32, 34, 
      37, 38, 39, 40, 42, 45, 46, 47, 48, 51, 53, 54, 56, 57, 58, 60, 62, 64 ], 
  [ 1, 2, 9, 11, 13, 17, 21, 22, 23, 25, 26, 28, 30, 31, 33, 34, 37, 38, 39, 41, 42, 44, 46, 47, 49, 50, 52, 
      53, 54, 56, 60, 61, 62, 64 ], [ 1, 2, 9, 13, 16, 17, 18, 22, 24, 25, 26, 28, 29, 30, 31, 33, 34, 38, 
      40, 41, 42, 44, 45, 46, 47, 49, 50, 52, 53, 54, 56, 57, 58, 60, 61 ], 
  [ 1, 2, 9, 10, 13, 14, 17, 18, 22, 23, 24, 25, 28, 29, 31, 32, 33, 34, 38, 39, 40, 41, 44, 45, 47, 48, 49, 
      50, 51, 52, 53, 54, 57, 58, 61, 62 ], [ 1, 2, 6, 8, 9, 13, 20, 21, 22, 23, 24, 25, 26, 28, 29, 30, 32, 
      34, 36, 37, 38, 39, 40, 41, 42, 44, 45, 46, 48, 50, 51, 53, 56, 57, 58, 60, 61, 62, 63, 64 ], 
  [ 1, 2, 9, 10, 17, 18, 19, 22, 23, 24, 25, 26, 28, 29, 31, 32, 33, 34, 35, 38, 39, 40, 41, 42, 44, 45, 47, 
      48, 49, 50, 51, 52, 53, 54, 57, 58, 59, 60, 61, 62 ], 
  [ 1, 2, 3, 4, 5, 7, 8, 9, 10, 11, 12, 13, 14, 15, 16, 17, 19, 20, 22, 23, 24, 25, 26, 27, 28, 29, 30, 31, 
      32, 34, 35, 36, 38, 39, 40, 41, 42, 43, 44, 45, 46, 47, 48, 50, 51, 53, 54, 55, 56, 57, 58, 59, 60, 61, 
      62, 63 ], [ 1, 2, 9, 13, 14, 17, 21, 22, 23, 24, 25, 29, 30, 31, 32, 33, 34, 37, 38, 39, 40, 41, 45, 
      46, 47, 48, 49, 51, 52, 53, 54, 56, 57, 58, 61, 62, 64 ], 
  [ 1, 2, 13, 14, 20, 21, 22, 23, 24, 25, 27, 28, 29, 30, 31, 32, 33, 34, 36, 37, 38, 39, 40, 41, 43, 44, 45, 
      46, 47, 48, 49, 50, 51, 52, 53, 54, 55, 56, 57, 58, 61, 62, 63, 64 ], 
  [ 1, 2, 19, 20, 21, 22, 23, 24, 25, 26, 27, 28, 29, 30, 31, 32, 33, 34, 35, 36, 37, 38, 39, 40, 41, 42, 43, 
      44, 45, 46, 47, 48, 49, 50, 51, 52, 53, 54, 55, 56, 57, 58, 59, 60, 61, 62, 63, 64 ], 
  [ 1, 2, 6, 9, 21, 22, 23, 24, 28, 29, 34, 35, 37, 38, 39, 40, 42, 50, 51, 53, 54, 56, 58, 60, 64 ], 
  [ 1, 6, 9, 21, 22, 23, 24, 26, 28, 37, 38, 39, 40, 42, 44, 50, 51, 53, 54, 57, 58, 59, 60, 61, 62 ], 
  [ 1, 2, 9, 13, 14, 17, 28, 30, 31, 32, 38, 39, 40, 41, 45, 51, 52, 53, 54, 57, 58, 59, 60, 61, 62 ], 
  [ 1, 2, 8, 13, 21, 23, 24, 28, 29, 34, 37, 39, 40, 44, 45, 50, 51, 52, 53, 55, 56, 57, 58, 60, 64 ], 
  [ 1, 2, 6, 9, 13, 17, 21, 26, 30, 31, 32, 38, 39, 40, 44, 45, 51, 52, 53, 54, 58, 59, 60, 62, 64 ], 
  [ 1, 2, 9, 14, 19, 22, 23, 24, 25, 29, 33, 34, 37, 38, 39, 40, 44, 45, 50, 51, 52, 53, 54, 57, 58 ], 
  [ 1, 6, 9, 11, 13, 21, 22, 23, 26, 28, 30, 37, 38, 39, 42, 44, 46, 50, 51, 53, 54, 56, 60, 61, 62 ], 
  [ 1, 2, 9, 11, 13, 23, 25, 26, 28, 30, 32, 36, 37, 38, 39, 41, 42, 44, 46, 50, 51, 54, 56, 60, 61 ], 
  [ 1, 6, 9, 13, 14, 21, 22, 23, 24, 29, 30, 37, 38, 39, 40, 45, 46, 51, 53, 54, 56, 57, 58, 61, 62 ], 
  [ 2, 13, 19, 22, 23, 25, 26, 28, 29, 30, 31, 36, 37, 38, 39, 44, 45, 46, 50, 51, 53, 54, 58, 60, 61 ], 
  [ 2, 13, 19, 22, 23, 24, 25, 26, 28, 30, 31, 32, 36, 37, 38, 39, 44, 46, 50, 51, 52, 53, 54, 57, 61 ], 
  [ 1, 7, 13, 16, 21, 22, 24, 25, 26, 27, 29, 30, 33, 37, 38, 40, 44, 45, 46, 50, 51, 52, 54, 56, 57, 58 ], 
  [ 2, 3, 13, 23, 24, 25, 26, 28, 30, 32, 34, 36, 39, 41, 44, 45, 46, 50, 51, 52, 53, 54, 56, 57, 61 ], 
  [ 2, 8, 9, 17, 23, 25, 26, 28, 32, 34, 35, 37, 38, 39, 41, 42, 44, 45, 46, 50, 51, 53, 60, 61, 62 ], 
  [ 1, 2, 9, 16, 17, 19, 22, 24, 26, 31, 33, 34, 37, 38, 40, 42, 44, 46, 47, 50, 52, 53, 54, 57, 58 ], 
  [ 1, 2, 9, 13, 14, 15, 17, 21, 24, 29, 30, 31, 34, 37, 40, 45, 46, 47, 52, 53, 54, 57, 58, 62, 64 ], 
  [ 2, 13, 21, 22, 23, 24, 26, 27, 29, 31, 33, 34, 37, 43, 44, 45, 46, 47, 50, 51, 52, 53, 54, 57, 58 ], 
  [ 13, 21, 22, 23, 24, 26, 28, 30, 34, 35, 36, 38, 39, 41, 43, 44, 45, 46, 47, 50, 51, 52, 53, 54, 57, 61 ], 
  [ 2, 17, 19, 24, 26, 31, 32, 33, 34, 37, 38, 39, 40, 42, 43, 44, 46, 47, 50, 51, 52, 53, 54, 57, 58 ], 
  [ 2, 9, 11, 13, 17, 18, 25, 26, 28, 31, 33, 34, 38, 39, 41, 42, 44, 46, 47, 50, 52, 53, 54, 60, 61 ], 
  [ 1, 9, 21, 22, 23, 24, 26, 28, 30, 32, 35, 38, 39, 40, 41, 42, 48, 50, 51, 53, 54, 57, 61, 62, 63 ], 
  [ 1, 7, 9, 17, 22, 24, 25, 26, 28, 32, 38, 40, 41, 42, 44, 48, 50, 51, 52, 54, 56, 57, 59, 60, 61 ], 
  [ 1, 2, 8, 9, 13, 14, 17, 21, 23, 25, 29, 32, 34, 37, 39, 41, 45, 48, 51, 52, 53, 56, 57, 61, 64 ], 
  [ 1, 9, 10, 13, 22, 23, 25, 28, 29, 32, 38, 39, 41, 44, 45, 48, 51, 52, 53, 54, 57, 60, 61, 62, 63 ], 
  [ 2, 17, 19, 20, 22, 23, 25, 26, 30, 31, 32, 37, 38, 39, 40, 42, 44, 46, 48, 51, 52, 53, 54, 57, 61 ], 
  [ 2, 13, 14, 17, 20, 22, 23, 25, 29, 30, 31, 32, 37, 38, 39, 40, 44, 46, 48, 51, 52, 53, 54, 57, 61 ], 
  [ 2, 17, 20, 22, 23, 25, 26, 29, 30, 31, 32, 38, 39, 40, 44, 45, 46, 48, 51, 52, 53, 54, 59, 60, 61 ], 
  [ 1, 6, 9, 21, 22, 23, 24, 26, 28, 37, 38, 39, 40, 42, 44, 50, 51, 53, 54, 56, 57, 59, 60, 61, 62, 63 ], 
  [ 1, 2, 8, 13, 14, 20, 21, 23, 24, 25, 28, 29, 34, 36, 37, 39, 40, 41, 44, 45, 50, 51, 52, 53, 55, 56, 57, 
      58, 61, 63, 64 ], [ 1, 2, 8, 13, 21, 23, 24, 28, 29, 34, 37, 39, 40, 44, 45, 51, 52, 53, 55, 56, 57, 
      58, 60, 61, 63, 64 ], [ 2, 3, 8, 13, 21, 23, 24, 28, 29, 34, 37, 39, 40, 44, 45, 50, 51, 52, 53, 55, 
      56, 57, 58, 60, 64 ], [ 1, 2, 6, 7, 8, 9, 13, 17, 21, 26, 30, 31, 32, 38, 39, 40, 41, 44, 45, 51, 52, 
      53, 54, 59, 60, 62, 63, 64 ], [ 1, 2, 6, 7, 9, 13, 16, 17, 21, 26, 27, 30, 31, 32, 38, 40, 44, 45, 51, 
      52, 53, 54, 55, 58, 59, 60, 62, 63, 64 ], 
  [ 1, 6, 9, 11, 13, 21, 22, 23, 26, 28, 30, 37, 38, 39, 42, 44, 46, 50, 51, 53, 54, 58, 60, 61, 62 ], 
  [ 1, 2, 6, 8, 9, 11, 13, 23, 25, 26, 28, 30, 32, 36, 37, 38, 39, 41, 42, 44, 46, 50, 51, 56, 60, 61 ], 
  [ 1, 2, 6, 9, 13, 14, 15, 17, 21, 22, 23, 24, 29, 30, 31, 32, 34, 37, 38, 39, 40, 45, 46, 47, 48, 51, 53, 
      54, 56, 57, 58, 62, 64 ], [ 1, 6, 9, 13, 14, 21, 22, 23, 24, 29, 30, 32, 37, 38, 39, 40, 45, 46, 48, 
      51, 53, 54, 56, 57, 61, 62, 63 ], [ 1, 2, 6, 8, 9, 13, 14, 20, 21, 22, 23, 24, 25, 29, 30, 32, 34, 36, 
      37, 38, 39, 40, 41, 45, 46, 48, 51, 53, 56, 57, 58, 61, 62, 63, 64 ], 
  [ 1, 6, 13, 14, 20, 21, 22, 23, 24, 29, 30, 36, 37, 38, 39, 40, 45, 46, 51, 53, 54, 55, 56, 57, 58, 61, 62, 
      63 ], [ 2, 8, 13, 19, 22, 23, 25, 26, 28, 29, 30, 31, 36, 37, 38, 39, 44, 45, 46, 50, 51, 53, 58, 60, 
      61, 62 ], [ 2, 13, 19, 20, 22, 23, 24, 25, 27, 28, 30, 31, 32, 36, 37, 38, 39, 40, 44, 46, 50, 51, 52, 
      53, 54, 55, 57, 61 ], [ 2, 3, 8, 13, 21, 23, 24, 25, 26, 28, 30, 32, 34, 36, 37, 39, 41, 44, 45, 46, 
      50, 51, 52, 53, 56, 57, 61 ], [ 2, 8, 9, 17, 23, 25, 26, 28, 32, 34, 35, 37, 38, 41, 42, 44, 45, 46, 
      49, 50, 51, 53, 60, 61, 62 ], [ 1, 2, 9, 13, 14, 15, 16, 17, 21, 22, 24, 29, 30, 31, 33, 34, 37, 38, 
      40, 45, 46, 47, 49, 52, 53, 54, 56, 57, 58, 64 ], 
  [ 1, 2, 9, 10, 11, 13, 17, 18, 22, 23, 25, 26, 28, 31, 33, 34, 38, 39, 41, 42, 44, 47, 49, 50, 52, 53, 54, 
      60, 61, 62 ], [ 1, 2, 9, 11, 13, 16, 17, 18, 22, 25, 26, 28, 30, 31, 33, 34, 38, 41, 42, 44, 46, 47, 
      49, 50, 52, 53, 54, 56, 60, 61 ], [ 1, 2, 8, 9, 10, 13, 14, 17, 21, 22, 23, 25, 29, 32, 33, 34, 37, 38, 
      39, 41, 45, 48, 49, 51, 52, 53, 57, 61, 62, 64 ], 
  [ 1, 2, 8, 9, 13, 14, 21, 23, 24, 25, 29, 32, 34, 37, 39, 40, 41, 45, 48, 51, 52, 53, 56, 57, 61, 63, 64 ], 
  [ 2, 3, 8, 9, 13, 14, 17, 21, 23, 24, 25, 29, 30, 32, 33, 34, 37, 39, 40, 41, 45, 46, 48, 49, 51, 52, 53, 
      56, 57, 58, 61, 62, 64 ], [ 2, 13, 14, 17, 20, 22, 23, 25, 28, 29, 30, 31, 32, 38, 39, 40, 44, 46, 48, 
      51, 52, 53, 54, 57, 61 ], [ 2, 10, 17, 20, 22, 23, 25, 26, 29, 30, 31, 32, 38, 39, 40, 41, 44, 45, 48, 
      51, 52, 53, 54, 59, 60, 61 ], [ 2, 3, 8, 13, 14, 20, 21, 23, 24, 25, 27, 28, 29, 30, 32, 33, 34, 36, 
      37, 39, 40, 41, 43, 44, 45, 46, 48, 49, 50, 51, 52, 53, 55, 56, 57, 58, 61, 62, 63, 64 ], 
  [ 2, 3, 8, 13, 21, 23, 24, 26, 27, 28, 29, 30, 32, 33, 37, 39, 40, 44, 45, 50, 51, 52, 53, 55, 56, 57, 58, 
      60, 62, 64 ], [ 1, 2, 6, 8, 9, 11, 13, 21, 22, 23, 26, 28, 30, 34, 37, 38, 39, 42, 44, 46, 50, 51, 53, 
      58, 60, 61, 62 ], [ 2, 10, 13, 14, 17, 20, 22, 23, 25, 28, 29, 30, 31, 32, 38, 39, 40, 41, 44, 48, 51, 
      52, 53, 54, 57, 61 ], [ 7, 9, 11, 16, 17, 21, 22, 24, 25, 26, 28, 29, 30, 31, 32, 33, 37, 38, 40, 41, 
      42, 51, 52, 54, 56, 60 ], [ 1, 2, 6, 9, 13, 14, 15, 17, 29, 30, 31, 32, 37, 38, 39, 40, 45, 51, 53, 54, 
      56, 57, 58, 60, 62, 64 ], [ 1, 2, 6, 9, 13, 14, 17, 21, 28, 29, 30, 31, 32, 38, 39, 40, 51, 52, 53, 54, 
      57, 58, 60, 62, 64 ], [ 7, 9, 13, 14, 16, 17, 21, 22, 24, 25, 26, 29, 30, 31, 32, 33, 37, 38, 40, 41, 
      45, 51, 52, 54, 56, 57 ], [ 1, 2, 6, 8, 9, 13, 14, 21, 22, 24, 28, 29, 30, 32, 34, 36, 37, 38, 39, 40, 
      41, 45, 53, 57, 58, 61, 62, 63, 64 ], [ 1, 2, 8, 9, 13, 14, 20, 21, 22, 23, 24, 28, 29, 30, 32, 34, 36, 
      38, 39, 40, 41, 45, 48, 51, 53, 57, 58, 61, 62, 63 ], 
  [ 1, 8, 9, 13, 14, 22, 24, 25, 29, 33, 34, 37, 39, 44, 50, 51, 52, 53, 54, 55, 57, 58, 59, 60, 62, 63, 64 ],
  [ 1, 2, 6, 8, 9, 11, 13, 17, 23, 25, 26, 32, 37, 38, 42, 44, 46, 48, 50, 51, 53, 56, 57, 60, 61, 62, 63, 64 
     ], [ 1, 2, 8, 9, 11, 13, 17, 23, 25, 32, 37, 38, 42, 44, 46, 50, 51, 53, 54, 56, 57, 59, 60, 61, 62, 63 ]
    , [ 2, 13, 14, 17, 24, 28, 29, 30, 31, 32, 34, 38, 39, 40, 41, 43, 45, 47, 49, 51, 52, 53, 54, 57, 58 ], 
  [ 2, 13, 14, 17, 24, 28, 30, 31, 32, 34, 38, 39, 40, 41, 43, 44, 45, 46, 47, 51, 52, 53, 54, 57, 61 ], 
  [ 2, 13, 14, 17, 21, 24, 28, 29, 30, 31, 32, 34, 38, 39, 40, 43, 45, 47, 49, 51, 52, 53, 54, 57, 58 ], 
  [ 2, 13, 14, 17, 21, 24, 29, 30, 31, 32, 34, 37, 38, 39, 40, 43, 45, 47, 49, 51, 52, 53, 54, 57, 58 ], 
  [ 1, 2, 8, 9, 10, 13, 14, 17, 22, 23, 25, 29, 32, 33, 34, 37, 38, 39, 44, 45, 48, 51, 52, 53, 57, 61, 62 ], 
  [ 2, 14, 20, 22, 23, 25, 26, 29, 30, 31, 32, 37, 38, 39, 40, 44, 45, 46, 48, 52, 53, 54, 55, 57, 61, 63 ], 
  [ 2, 3, 9, 13, 17, 20, 21, 22, 23, 24, 25, 26, 28, 29, 30, 34, 39, 40, 41, 42, 50, 51, 54, 56, 57 ], 
  [ 1, 2, 11, 13, 15, 16, 17, 21, 22, 26, 27, 28, 30, 31, 34, 37, 38, 40, 42, 44, 50, 51, 52, 53, 54, 58, 60 ]
    , [ 1, 2, 11, 13, 21, 22, 26, 27, 28, 30, 31, 34, 37, 38, 39, 40, 42, 44, 50, 51, 52, 53, 54, 58, 60 ], 
  [ 1, 7, 8, 9, 13, 17, 22, 23, 24, 25, 26, 32, 33, 37, 44, 45, 50, 51, 52, 53, 54, 57, 60, 62, 64 ], 
  [ 2, 9, 17, 18, 19, 24, 25, 26, 31, 33, 34, 38, 39, 40, 42, 44, 46, 47, 50, 52, 53, 54, 57, 58, 61 ], 
  [ 8, 17, 21, 22, 23, 24, 25, 26, 28, 30, 32, 34, 35, 39, 41, 42, 46, 48, 50, 51, 53, 56, 57, 61, 62 ], 
  [ 7, 13, 16, 21, 22, 24, 25, 26, 27, 29, 30, 31, 33, 37, 38, 40, 44, 45, 50, 51, 52, 54, 56, 57, 58 ], 
  [ 13, 16, 21, 22, 24, 25, 26, 27, 29, 30, 31, 33, 37, 38, 40, 44, 45, 46, 47, 50, 51, 52, 54, 56, 57, 58 ], 
  [ 7, 13, 14, 16, 19, 20, 21, 22, 24, 25, 26, 27, 28, 29, 30, 31, 32, 33, 36, 37, 38, 40, 41, 44, 45, 50, 
      51, 52, 54, 55, 56, 57 ], [ 7, 9, 13, 14, 16, 21, 22, 24, 25, 26, 27, 29, 30, 31, 33, 37, 38, 40, 41, 
      45, 50, 51, 52, 54, 56, 57, 58 ], [ 1, 2, 6, 8, 9, 11, 13, 20, 22, 23, 25, 26, 28, 30, 32, 34, 36, 38, 
      39, 41, 42, 44, 46, 48, 50, 51, 56, 60 ], 
  [ 1, 2, 6, 8, 9, 11, 13, 23, 25, 26, 28, 32, 34, 36, 37, 38, 39, 41, 42, 44, 46, 50, 51, 56, 60 ], 
  [ 1, 2, 6, 8, 9, 11, 13, 20, 23, 25, 26, 28, 30, 32, 36, 38, 41, 42, 44, 46, 48, 50, 51, 56, 60, 61, 63 ], 
  [ 1, 6, 7, 8, 9, 11, 13, 20, 22, 23, 25, 26, 28, 30, 32, 36, 38, 39, 41, 42, 44, 46, 48, 50, 51, 56, 60, 
      61, 62, 63 ], [ 6, 8, 9, 11, 13, 23, 25, 26, 28, 30, 32, 36, 37, 38, 39, 41, 42, 44, 46, 50, 51, 56, 
      60, 61, 62 ], [ 1, 2, 6, 8, 9, 11, 13, 22, 25, 26, 28, 30, 32, 34, 36, 37, 38, 39, 41, 42, 44, 46, 50, 
      51, 53, 56, 60, 61 ], [ 2, 8, 9, 11, 13, 17, 23, 25, 32, 37, 38, 42, 44, 46, 50, 51, 53, 54, 55, 56, 
      57, 59, 60, 62, 63 ], [ 2, 14, 20, 22, 23, 25, 26, 29, 30, 31, 32, 38, 39, 44, 45, 46, 48, 52, 53, 54, 
      55, 57, 59, 61, 63 ], [ 2, 14, 16, 20, 22, 23, 25, 26, 29, 30, 31, 32, 38, 44, 45, 46, 47, 48, 52, 53, 
      54, 55, 57, 59, 61, 63 ], [ 13, 16, 22, 24, 25, 26, 27, 29, 31, 33, 37, 38, 40, 44, 45, 46, 47, 50, 51, 
      52, 53, 54, 56, 57, 58 ], [ 2, 16, 20, 22, 23, 25, 26, 29, 30, 31, 32, 38, 44, 45, 46, 47, 48, 52, 53, 
      54, 55, 59, 60, 61, 63 ], [ 2, 14, 16, 20, 22, 23, 25, 28, 29, 30, 31, 32, 38, 44, 46, 47, 48, 52, 53, 
      54, 55, 57, 59, 61, 63 ], [ 2, 13, 14, 16, 20, 22, 23, 25, 28, 29, 30, 31, 32, 38, 44, 46, 47, 48, 52, 
      53, 54, 55, 57, 61, 63 ], [ 1, 2, 3, 6, 8, 9, 13, 20, 21, 28, 29, 30, 34, 40, 41, 42, 48, 50, 51, 53, 
      56, 57, 58, 60, 61, 63, 64 ], [ 1, 2, 3, 6, 8, 9, 13, 28, 29, 30, 32, 34, 36, 37, 39, 40, 41, 42, 50, 
      51, 53, 56, 57, 58, 60, 61, 63, 64 ], 
  [ 1, 2, 9, 10, 11, 17, 26, 28, 31, 32, 35, 38, 39, 41, 42, 50, 51, 52, 53, 54, 57, 59, 60, 61, 62 ], 
  [ 1, 2, 9, 10, 11, 17, 18, 26, 28, 31, 32, 33, 35, 38, 39, 41, 42, 50, 52, 53, 54, 57, 59, 60, 61, 62 ], 
  [ 1, 2, 8, 9, 10, 11, 17, 23, 26, 28, 32, 35, 38, 39, 41, 42, 50, 51, 52, 53, 54, 57, 59, 60, 61, 62 ], 
  [ 1, 2, 9, 10, 11, 18, 24, 26, 28, 31, 32, 33, 35, 38, 39, 41, 42, 52, 53, 54, 57, 59, 60, 61, 62 ], 
  [ 1, 2, 9, 10, 11, 13, 17, 18, 26, 28, 31, 32, 33, 38, 39, 41, 50, 52, 53, 54, 57, 59, 60, 61, 62 ], 
  [ 1, 2, 9, 10, 11, 13, 17, 18, 26, 28, 31, 33, 38, 39, 41, 42, 44, 50, 52, 53, 54, 57, 59, 60, 61, 62 ], 
  [ 1, 2, 9, 10, 11, 18, 24, 28, 31, 32, 33, 35, 38, 39, 41, 42, 52, 53, 54, 55, 57, 59, 60, 61, 62 ], 
  [ 1, 7, 8, 9, 10, 13, 17, 22, 23, 25, 26, 29, 32, 33, 37, 38, 39, 42, 44, 45, 48, 50, 51, 57, 60, 62, 64 ], 
  [ 1, 2, 3, 8, 9, 10, 13, 17, 25, 26, 32, 33, 37, 39, 44, 45, 50, 51, 52, 53, 54, 56, 57, 60, 61 ], 
  [ 1, 2, 3, 8, 9, 10, 13, 14, 17, 25, 26, 32, 33, 37, 39, 44, 45, 51, 52, 53, 54, 56, 57, 60, 61 ], 
  [ 1, 6, 13, 14, 20, 21, 22, 23, 29, 30, 36, 37, 38, 39, 45, 46, 50, 51, 53, 54, 56, 57, 58, 61, 62 ], 
  [ 1, 2, 9, 13, 14, 19, 21, 22, 24, 25, 26, 27, 29, 33, 34, 37, 39, 40, 41, 45, 50, 51, 52, 54, 56 ], 
  [ 1, 2, 14, 21, 22, 24, 25, 26, 27, 29, 30, 33, 34, 36, 37, 39, 41, 43, 45, 50, 51, 52, 54, 56, 57, 58 ], 
  [ 1, 2, 7, 9, 13, 14, 18, 19, 21, 22, 24, 25, 26, 27, 29, 33, 34, 37, 40, 41, 45, 50, 51, 52, 54, 56 ], 
  [ 2, 3, 9, 13, 14, 18, 19, 21, 22, 24, 25, 26, 27, 29, 33, 34, 37, 39, 40, 41, 45, 50, 51, 52, 54, 56 ], 
  [ 2, 3, 14, 21, 22, 24, 25, 26, 27, 29, 30, 33, 34, 36, 37, 39, 41, 43, 45, 50, 51, 52, 53, 56, 57, 58 ], 
  [ 1, 2, 7, 14, 21, 22, 24, 25, 26, 27, 29, 30, 33, 36, 37, 38, 41, 43, 45, 50, 51, 52, 54, 56, 57, 58 ], 
  [ 2, 7, 9, 13, 14, 18, 19, 21, 22, 24, 25, 26, 27, 29, 33, 37, 38, 40, 41, 45, 50, 51, 52, 54, 56 ], 
  [ 7, 9, 13, 14, 16, 18, 19, 21, 22, 24, 25, 26, 27, 29, 33, 37, 38, 40, 41, 45, 50, 51, 52, 54, 56 ], 
  [ 7, 9, 13, 14, 16, 19, 21, 22, 24, 25, 26, 27, 29, 31, 33, 37, 38, 40, 41, 45, 50, 51, 52, 54, 56 ], 
  [ 2, 3, 9, 13, 14, 18, 19, 21, 22, 23, 24, 25, 26, 27, 29, 33, 34, 37, 39, 40, 45, 50, 51, 52, 54 ], 
  [ 2, 3, 9, 13, 14, 18, 19, 21, 22, 23, 24, 25, 26, 27, 29, 33, 34, 37, 39, 43, 45, 50, 51, 52, 54, 58 ], 
  [ 2, 3, 13, 14, 21, 22, 24, 25, 27, 28, 29, 30, 33, 34, 36, 37, 39, 41, 43, 45, 50, 51, 52, 53, 56, 58 ], 
  [ 1, 2, 8, 13, 21, 22, 23, 24, 26, 28, 34, 36, 37, 38, 39, 43, 44, 45, 50, 52, 53, 57, 58, 61, 62 ], 
  [ 1, 2, 8, 13, 14, 21, 22, 23, 24, 28, 34, 36, 37, 38, 39, 43, 44, 45, 50, 52, 53, 57, 58, 61, 62 ], 
  [ 1, 2, 3, 13, 15, 17, 24, 26, 32, 33, 34, 37, 43, 44, 45, 46, 50, 51, 52, 53, 54, 55, 56, 57, 58, 60, 64 ],
  [ 1, 2, 3, 8, 9, 13, 24, 26, 32, 33, 37, 39, 44, 45, 50, 51, 52, 53, 54, 55, 56, 57, 58, 60, 64 ], 
  [ 3, 8, 9, 13, 15, 17, 21, 23, 24, 26, 29, 30, 37, 39, 40, 42, 45, 46, 51, 52, 53, 56, 57, 58, 60, 62 ], 
  [ 2, 3, 6, 9, 13, 15, 17, 21, 23, 24, 26, 29, 34, 37, 39, 40, 42, 45, 51, 53, 54, 56, 57, 58, 60, 64 ], 
  [ 2, 3, 6, 8, 9, 13, 15, 17, 21, 23, 24, 26, 29, 30, 32, 34, 37, 39, 40, 42, 45, 46, 48, 51, 53, 56, 57, 
      58, 60, 62, 64 ], [ 3, 8, 9, 13, 15, 17, 21, 23, 24, 26, 29, 30, 33, 37, 39, 40, 42, 45, 46, 49, 52, 
      56, 57, 58, 60, 62, 64 ], [ 2, 3, 6, 9, 13, 15, 17, 21, 23, 24, 26, 29, 31, 34, 37, 39, 40, 42, 45, 47, 
      53, 54, 57, 58, 60, 62, 64 ], [ 2, 3, 6, 9, 13, 21, 23, 24, 26, 29, 34, 37, 39, 40, 42, 45, 50, 51, 53, 
      54, 56, 57, 58, 60, 64 ], [ 2, 3, 6, 8, 9, 13, 21, 23, 24, 26, 29, 34, 37, 39, 40, 42, 45, 50, 51, 53, 
      56, 57, 58, 60, 64 ], [ 1, 2, 11, 13, 15, 17, 21, 24, 26, 28, 31, 34, 37, 40, 42, 44, 47, 50, 52, 53, 
      54, 55, 58, 62, 64 ], [ 1, 2, 11, 13, 15, 16, 17, 21, 24, 26, 28, 31, 34, 37, 40, 42, 44, 47, 50, 52, 
      53, 54, 55, 58, 64 ], [ 2, 3, 8, 9, 21, 24, 25, 28, 29, 32, 34, 37, 40, 41, 42, 48, 51, 52, 53, 56, 57, 
      60, 61, 63, 64 ], [ 2, 3, 8, 9, 13, 21, 24, 25, 28, 32, 34, 37, 40, 41, 44, 48, 50, 51, 52, 53, 56, 57, 
      61, 63, 64 ], [ 8, 9, 13, 21, 23, 24, 25, 28, 32, 37, 39, 40, 41, 44, 48, 50, 51, 52, 53, 56, 57, 61, 
      62, 63, 64 ], [ 1, 2, 6, 9, 13, 14, 21, 22, 23, 24, 29, 34, 37, 38, 39, 40, 45, 50, 51, 53, 54, 56, 57, 
      58, 64 ], [ 1, 2, 8, 9, 11, 13, 21, 22, 23, 26, 28, 34, 37, 38, 39, 42, 44, 50, 51, 52, 53, 58, 60, 61, 
      62 ], [ 1, 2, 8, 9, 11, 13, 17, 21, 22, 23, 26, 28, 34, 37, 38, 39, 42, 44, 50, 51, 52, 53, 60, 61, 62 ]
    , [ 1, 2, 9, 10, 11, 13, 17, 22, 23, 25, 26, 28, 34, 38, 39, 41, 42, 44, 50, 51, 52, 53, 54, 60, 61 ], 
  [ 2, 3, 9, 10, 13, 17, 23, 25, 26, 28, 29, 34, 39, 41, 42, 44, 45, 50, 51, 52, 53, 54, 57, 60, 61 ], 
  [ 2, 3, 8, 9, 10, 13, 17, 23, 25, 26, 28, 29, 34, 39, 41, 42, 44, 45, 50, 51, 52, 53, 57, 60, 61 ], 
  [ 2, 3, 9, 10, 13, 17, 18, 23, 25, 26, 28, 29, 34, 39, 41, 42, 44, 45, 50, 52, 53, 54, 57, 60, 61 ], 
  [ 2, 3, 8, 9, 10, 13, 17, 18, 23, 25, 26, 28, 29, 33, 34, 39, 41, 42, 44, 45, 49, 50, 52, 53, 57, 60, 61, 
      62 ], [ 2, 3, 9, 10, 13, 17, 18, 23, 25, 26, 28, 29, 31, 34, 39, 41, 42, 44, 45, 47, 50, 53, 54, 57, 
      60, 61, 62 ], [ 1, 2, 9, 13, 14, 15, 17, 21, 22, 24, 29, 30, 34, 37, 38, 40, 45, 46, 51, 52, 53, 54, 
      56, 57, 58 ], [ 1, 2, 9, 13, 14, 16, 17, 22, 24, 29, 31, 33, 34, 37, 38, 40, 44, 45, 46, 47, 52, 53, 
      54, 57, 58 ], [ 2, 3, 9, 13, 16, 17, 24, 26, 29, 31, 33, 34, 37, 40, 42, 44, 45, 46, 47, 52, 53, 54, 
      57, 58, 60 ], [ 2, 3, 9, 13, 15, 16, 17, 24, 26, 29, 31, 33, 34, 37, 40, 42, 45, 46, 47, 52, 53, 54, 
      57, 58, 60 ], [ 2, 3, 9, 13, 16, 17, 18, 24, 26, 29, 31, 33, 34, 40, 42, 44, 45, 46, 47, 52, 53, 54, 
      57, 58, 60 ], [ 2, 3, 9, 13, 15, 16, 17, 21, 24, 26, 29, 31, 33, 34, 37, 40, 42, 45, 47, 49, 52, 53, 
      54, 57, 58, 60, 64 ], [ 2, 3, 9, 13, 15, 16, 17, 18, 24, 26, 29, 30, 31, 33, 34, 40, 42, 45, 46, 47, 
      49, 52, 53, 54, 56, 57, 58, 60 ], [ 2, 3, 8, 13, 20, 21, 23, 24, 25, 26, 28, 30, 32, 34, 36, 41, 44, 
      45, 46, 48, 50, 51, 53, 56, 57, 61, 63 ], 
  [ 8, 13, 21, 23, 24, 25, 26, 28, 30, 32, 36, 37, 39, 41, 44, 45, 46, 50, 51, 52, 53, 56, 57, 61, 62 ], 
  [ 1, 2, 8, 9, 13, 14, 21, 23, 24, 25, 29, 34, 37, 39, 40, 41, 45, 51, 52, 53, 56, 57, 58, 61, 64 ], 
  [ 2, 3, 8, 9, 13, 14, 21, 24, 25, 29, 32, 34, 37, 40, 41, 45, 48, 51, 52, 53, 56, 57, 61, 63, 64 ], 
  [ 1, 2, 8, 9, 13, 14, 21, 23, 24, 25, 29, 34, 37, 39, 40, 41, 45, 50, 51, 52, 53, 56, 57, 58, 64 ], 
  [ 2, 3, 6, 8, 9, 13, 14, 20, 21, 24, 25, 29, 30, 32, 34, 36, 37, 40, 41, 45, 46, 48, 51, 53, 56, 57, 58, 
      61, 63, 64 ], [ 2, 3, 8, 9, 13, 14, 21, 23, 24, 25, 29, 33, 34, 37, 39, 40, 41, 45, 49, 50, 51, 52, 53, 
      56, 57, 58, 64 ], [ 1, 9, 10, 13, 14, 17, 22, 23, 25, 29, 32, 33, 34, 37, 38, 39, 44, 45, 47, 48, 51, 
      52, 57, 61, 62 ], [ 1, 9, 10, 13, 14, 17, 22, 23, 25, 29, 32, 33, 34, 37, 38, 39, 45, 47, 48, 49, 51, 
      52, 57, 61, 62 ], [ 7, 9, 16, 21, 22, 24, 25, 26, 27, 29, 30, 31, 33, 37, 38, 40, 41, 42, 50, 51, 52, 
      54, 56, 57, 58 ], [ 1, 2, 6, 8, 9, 10, 11, 13, 20, 23, 25, 26, 28, 32, 36, 38, 41, 42, 44, 48, 50, 51, 
      60, 61, 63 ], [ 1, 2, 6, 8, 9, 11, 13, 20, 22, 25, 26, 28, 30, 32, 34, 36, 38, 41, 42, 44, 46, 48, 50, 
      51, 53, 56, 60, 61, 63 ], [ 1, 6, 7, 8, 9, 10, 11, 13, 20, 23, 25, 26, 28, 32, 36, 38, 41, 42, 44, 48, 
      50, 51, 60, 61, 63 ], [ 1, 6, 7, 8, 9, 10, 11, 13, 20, 22, 25, 26, 28, 32, 36, 38, 41, 42, 44, 48, 50, 
      51, 60, 61, 63 ], [ 1, 2, 3, 6, 8, 9, 13, 20, 21, 28, 30, 34, 40, 41, 44, 48, 50, 51, 53, 56, 58, 59, 
      60, 61, 63, 64 ], [ 1, 2, 3, 6, 8, 9, 13, 14, 20, 21, 29, 30, 34, 40, 41, 45, 48, 51, 53, 56, 57, 58, 
      60, 61, 63, 64 ], [ 1, 7, 8, 9, 10, 13, 20, 22, 23, 25, 26, 29, 32, 33, 37, 38, 39, 44, 45, 48, 50, 51, 
      57, 62, 64 ], [ 1, 7, 8, 9, 10, 13, 14, 20, 22, 23, 25, 29, 32, 33, 36, 37, 38, 39, 44, 45, 48, 50, 51, 
      57, 62, 63, 64 ], [ 1, 7, 8, 9, 10, 13, 20, 21, 22, 23, 26, 29, 32, 33, 37, 38, 39, 44, 45, 48, 50, 51, 
      57, 62, 64 ], [ 1, 7, 8, 9, 10, 13, 14, 20, 21, 22, 23, 28, 29, 32, 33, 36, 37, 38, 39, 44, 45, 48, 49, 
      50, 51, 52, 57, 62, 63, 64 ], [ 1, 2, 3, 13, 15, 17, 24, 28, 32, 33, 34, 37, 43, 44, 46, 50, 51, 52, 
      53, 54, 55, 56, 58, 59, 60, 64 ], [ 3, 8, 9, 13, 15, 17, 18, 23, 24, 26, 29, 30, 33, 39, 40, 42, 45, 
      46, 49, 52, 56, 57, 58, 60, 62 ], [ 3, 8, 9, 13, 15, 17, 21, 23, 24, 26, 30, 33, 37, 39, 40, 42, 46, 
      49, 50, 52, 56, 57, 58, 62, 64 ], [ 3, 8, 9, 13, 14, 15, 17, 21, 23, 24, 29, 30, 33, 37, 39, 40, 45, 
      46, 49, 52, 56, 57, 58, 62, 64 ], [ 3, 8, 9, 11, 13, 15, 17, 21, 23, 24, 26, 28, 30, 33, 37, 39, 40, 
      42, 44, 46, 49, 50, 52, 56, 58, 60, 62, 64 ], 
  [ 3, 9, 13, 15, 17, 18, 23, 24, 26, 29, 30, 31, 33, 39, 40, 42, 45, 46, 47, 49, 52, 54, 56, 57, 58, 60, 62 ]
    , [ 2, 3, 6, 9, 13, 15, 16, 17, 21, 24, 26, 29, 31, 34, 37, 40, 42, 45, 47, 53, 54, 57, 58, 60, 64 ], 
  [ 2, 3, 6, 9, 13, 15, 17, 21, 23, 24, 26, 31, 34, 37, 39, 40, 42, 47, 50, 53, 54, 57, 58, 62, 64 ], 
  [ 2, 3, 6, 9, 13, 14, 15, 17, 21, 23, 24, 29, 31, 34, 37, 39, 40, 45, 47, 53, 54, 57, 58, 62, 64 ], 
  [ 2, 3, 6, 9, 11, 13, 15, 17, 21, 23, 24, 26, 31, 34, 37, 39, 40, 42, 47, 53, 54, 58, 60, 62, 64 ], 
  [ 2, 3, 6, 9, 11, 13, 15, 17, 21, 23, 24, 26, 31, 34, 37, 39, 40, 42, 47, 50, 53, 54, 58, 62, 64 ], 
  [ 2, 3, 9, 10, 13, 16, 17, 18, 25, 26, 28, 29, 31, 34, 41, 42, 44, 45, 47, 50, 53, 54, 57, 60, 61 ], 
  [ 2, 3, 9, 13, 14, 15, 16, 17, 21, 24, 29, 31, 33, 34, 37, 40, 45, 47, 49, 52, 53, 54, 57, 58, 64 ], 
  [ 2, 3, 13, 14, 15, 16, 17, 21, 24, 27, 29, 31, 33, 34, 37, 40, 43, 45, 47, 49, 52, 53, 54, 55, 57, 58, 64 ]
    , [ 2, 3, 8, 10, 13, 20, 21, 23, 24, 25, 26, 28, 32, 34, 36, 41, 44, 45, 48, 50, 51, 53, 57, 61, 63 ], 
  [ 2, 3, 8, 9, 10, 13, 20, 21, 24, 25, 26, 28, 32, 34, 36, 41, 44, 45, 48, 50, 51, 53, 57, 61, 63 ], 
  [ 8, 9, 13, 14, 21, 23, 24, 25, 29, 33, 37, 39, 40, 41, 45, 49, 50, 51, 52, 53, 56, 57, 58, 62, 64 ], 
  [ 1, 7, 8, 9, 10, 13, 14, 20, 22, 23, 25, 29, 32, 36, 37, 38, 39, 44, 45, 48, 51, 57, 61, 62, 63 ], 
  [ 1, 7, 8, 9, 10, 14, 19, 20, 22, 23, 25, 29, 32, 33, 36, 38, 39, 44, 45, 48, 50, 51, 57, 62, 63 ], 
  [ 1, 7, 8, 9, 10, 13, 20, 22, 23, 25, 28, 29, 32, 33, 36, 37, 38, 39, 44, 48, 50, 51, 62, 63, 64 ], 
  [ 1, 7, 8, 9, 13, 14, 20, 22, 23, 25, 29, 32, 36, 37, 38, 39, 44, 45, 46, 48, 51, 57, 61, 62, 63 ], 
  [ 1, 6, 7, 8, 9, 13, 14, 20, 22, 23, 25, 29, 32, 36, 37, 38, 39, 45, 46, 48, 51, 57, 61, 62, 63 ], 
  [ 3, 9, 13, 15, 17, 18, 24, 26, 29, 30, 31, 33, 34, 39, 40, 42, 45, 46, 49, 52, 54, 56, 57, 58, 60 ], 
  [ 1, 2, 6, 9, 11, 13, 26, 28, 30, 31, 32, 37, 38, 39, 40, 50, 51, 52, 53, 54, 57, 58, 59, 60, 62 ], 
  [ 1, 2, 6, 9, 11, 13, 26, 28, 30, 31, 32, 37, 38, 39, 40, 50, 52, 53, 54, 55, 57, 58, 59, 60, 62, 64 ], 
  [ 1, 2, 3, 6, 9, 11, 13, 26, 28, 30, 31, 32, 35, 37, 38, 39, 40, 50, 52, 53, 55, 57, 58, 59, 62, 64 ], 
  [ 1, 3, 6, 9, 11, 13, 26, 28, 30, 31, 32, 34, 35, 37, 39, 40, 50, 52, 53, 55, 57, 58, 59, 62, 64 ], 
  [ 1, 7, 13, 16, 22, 26, 27, 31, 33, 37, 38, 40, 44, 45, 50, 51, 52, 53, 54, 55, 56, 57, 58, 60, 64 ], 
  [ 1, 7, 13, 14, 16, 22, 27, 29, 31, 33, 37, 38, 40, 44, 45, 50, 51, 52, 53, 54, 55, 56, 57, 58, 60, 64 ], 
  [ 1, 7, 16, 19, 22, 26, 27, 31, 33, 37, 38, 40, 44, 45, 50, 51, 52, 53, 54, 55, 56, 57, 58, 60, 64 ], 
  [ 1, 7, 13, 14, 16, 27, 29, 31, 33, 37, 38, 40, 44, 50, 51, 52, 53, 54, 55, 56, 57, 58, 59, 60, 61, 62, 63, 
      64 ], [ 1, 2, 11, 13, 15, 17, 21, 22, 24, 26, 28, 34, 37, 38, 40, 42, 44, 50, 51, 52, 53, 54, 55, 56, 
      60 ], [ 2, 9, 19, 22, 23, 24, 26, 27, 28, 29, 31, 37, 38, 39, 40, 42, 44, 51, 52, 53, 54, 57, 58, 59, 
      61 ], [ 13, 14, 15, 21, 22, 24, 27, 29, 30, 31, 34, 37, 39, 40, 43, 45, 46, 51, 52, 53, 54, 55, 56, 57, 
      58 ], [ 2, 3, 8, 9, 10, 13, 21, 25, 28, 29, 33, 34, 37, 41, 44, 45, 49, 50, 51, 52, 53, 58, 60, 61, 64 ]
    , [ 1, 7, 9, 11, 13, 16, 17, 18, 22, 25, 26, 28, 30, 33, 38, 41, 42, 44, 46, 49, 50, 52, 56, 60, 61 ], 
  [ 2, 3, 9, 11, 13, 16, 17, 18, 25, 26, 28, 30, 31, 34, 41, 42, 44, 46, 47, 50, 53, 54, 56, 60, 61 ], 
  [ 2, 3, 8, 9, 10, 13, 14, 17, 21, 25, 29, 32, 33, 34, 37, 41, 45, 48, 49, 51, 52, 53, 57, 61, 64 ], 
  [ 2, 3, 8, 9, 13, 14, 20, 21, 24, 28, 29, 30, 32, 34, 36, 40, 41, 45, 48, 51, 53, 57, 58, 61, 63 ] ];
