return 
[ [ 2, 3, 4, 5, 6, 7, 10, 11, 12, 13, 14, 15, 16, 19, 20, 21, 22, 23, 26, 27, 
      28, 29, 30, 31, 32, 33, 34, 35, 37, 38, 40, 41, 42, 43, 44, 45, 46, 47, 
      48, 49 ], 
  [ 1, 2, 3, 4, 7, 8, 12, 13, 14, 16, 17, 18, 19, 21, 23, 24, 26, 28, 30, 32, 
      33, 34, 37, 38, 39, 40, 41, 42, 43, 44, 45, 46, 47, 49, 50 ], 
  [ 34, 35, 36, 37, 38, 39, 42, 43, 44, 45, 46, 47, 48, 49, 50 ], 
  [ 8, 9, 30, 31, 32, 33, 36, 39, 42, 43, 44, 45, 46, 47, 48, 49, 50 ], 
  [ 12, 30, 32, 37, 38, 39, 40, 42, 43, 44, 45, 46, 47, 48, 49, 50 ], 
  [ 1, 2, 4, 13, 16, 17, 23, 24, 34, 35, 37, 38, 39, 41, 42, 43, 44, 46, 47, 
      49, 50 ] ];
