return 
[ [ 3, 4, 5, 6, 8, 9, 10, 12, 13, 14, 15, 16, 18, 19, 20, 22, 25, 26, 27, 28, 
      29, 30, 31, 33, 34, 35, 36, 37, 38, 39, 40, 41 ], 
  [ 1, 2, 3, 4, 5, 6, 7, 8, 9, 10, 11, 12, 13, 14, 15, 16, 17, 18, 19, 20, 
      21, 22, 23, 24, 25, 26, 27, 31, 32, 34, 36, 38, 39, 40, 41 ], 
  [ 1, 2, 3, 4, 8, 9, 10, 11, 13, 14, 15, 16, 17, 18, 20, 21, 22, 23, 24, 25, 
      26, 28, 29, 30, 32, 33, 34, 35, 36, 37, 38, 39, 40, 41 ], 
  [ 1, 3, 4, 6, 9, 10, 11, 12, 14, 16, 19, 20, 21, 22, 24, 25, 26, 27, 28, 
      29, 30, 31, 33, 34, 35, 37, 38, 39, 40, 41 ], 
  [ 4, 6, 7, 9, 11, 21, 26, 27, 29, 30, 34, 35, 41 ], 
  [ 6, 7, 21, 22, 23, 24, 25, 26, 27, 29, 30, 34, 35, 36, 37, 41 ], 
  [ 4, 7, 8, 9, 11, 18, 21, 23, 26, 27, 29, 30, 32, 34, 35, 36, 38, 40, 41 ], 
  [ 6, 7, 9, 11, 21, 22, 23, 24, 25, 26, 27, 29, 30, 34, 35, 41 ], 
  [ 6, 7, 9, 11, 21, 22, 23, 24, 25, 26, 27, 31, 34, 35, 40, 41 ], 
  [ 1, 3, 4, 5, 6, 7, 8, 9, 10, 11, 12, 28, 29, 30, 32, 33, 34, 35 ], 
  [ 1, 3, 4, 5, 6, 7, 8, 9, 10, 11, 12, 31, 32, 33, 34, 35, 39, 40 ], 
  [ 6, 7, 9, 14, 15, 18, 21, 22, 23, 25, 26, 27, 29, 30, 34, 35, 36, 37, 41 ],
  [ 3, 4, 7, 8, 9, 11, 13, 14, 15, 17, 18, 21, 23, 25, 26, 27, 30, 32, 34, 
      36, 38, 40, 41 ], 
  [ 6, 7, 11, 21, 24, 25, 26, 27, 30, 31, 33, 34, 35, 37, 40, 41 ], 
  [ 1, 2, 3, 5, 6, 7, 8, 9, 10, 11, 12, 15, 16, 17, 22, 23, 24, 25, 28, 29, 
      30, 32, 33, 34, 35 ], 
  [ 1, 2, 3, 5, 6, 7, 8, 9, 10, 11, 12, 15, 16, 17, 22, 23, 24, 25, 31, 32, 
      33, 34, 35, 39, 40 ], 
  [ 4, 5, 6, 7, 8, 9, 10, 11, 12, 18, 19, 26, 27, 29, 30, 31, 32, 33, 34, 35, 
      36, 38, 39, 40, 41 ], 
  [ 1, 3, 4, 5, 6, 7, 8, 9, 10, 11, 12, 20, 21, 22, 23, 24, 25, 26, 27, 28, 
      29, 30, 34, 35 ], 
  [ 1, 3, 4, 5, 6, 7, 10, 11, 12, 20, 21, 24, 25, 26, 27, 28, 30, 31, 33, 34, 
      35, 37, 40 ], 
  [ 1, 2, 3, 4, 5, 6, 7, 8, 9, 10, 11, 13, 14, 15, 16, 17, 18, 20, 21, 22, 
      23, 24, 25, 26, 28, 29, 30, 32, 33, 34, 35, 36, 37 ], 
  [ 1, 4, 5, 6, 7, 10, 11, 12, 19, 20, 21, 24, 26, 27, 28, 29, 30, 31, 32, 
      33, 34, 35, 36, 37, 38, 39, 40, 41 ], 
  [ 5, 6, 7, 24, 25, 26, 27, 30, 31, 33, 34, 35, 36, 37, 40, 41 ], 
  [ 7, 21, 23, 24, 25, 26, 27, 30, 34, 35, 36, 37, 40, 41 ], 
  [ 2, 6, 7, 14, 15, 16, 17, 18, 19, 21, 22, 23, 24, 25, 26, 27, 29, 30, 36, 
      37, 41 ], [ 7, 11, 21, 23, 24, 25, 26, 27, 30, 34, 35, 40, 41 ], 
  [ 7, 11, 17, 21, 23, 24, 25, 26, 27, 30, 32, 34, 36, 38, 40, 41 ], 
  [ 7, 11, 17, 21, 23, 24, 25, 26, 30, 32, 33, 34, 35, 36, 37, 40, 41 ], 
  [ 7, 9, 11, 21, 23, 25, 26, 27, 30, 34, 35, 40, 41 ], 
  [ 3, 4, 7, 8, 9, 11, 21, 23, 25, 26, 27, 30, 34, 35, 40 ] ];
