return [ rec(
      EXT := [ [ 0, 0, -1, 1, 0, 0, 0, 1, 1, 0, -1, 0, -1, 0, 1 ], 
          [ 0, 0, -1, 1, 1, 1, -1, 0, 0, 0, 0, 0, -1, 1, 0 ], 
          [ 0, 0, 0, 0, -1, 0, 1, 1, 0, 1, -1, 0, 0, -1, 1 ], 
          [ 0, 0, 0, 0, 0, -1, 1, 0, 1, 1, -1, 0, 0, -1, 1 ], 
          [ 0, 0, 0, 0, 0, 0, 0, 0, 0, 0, 0, 0, 0, 0, 1 ], 
          [ 0, 0, 0, 0, 0, 0, 0, 0, 0, 0, 0, 0, 0, 1, 0 ], 
          [ 0, 0, 0, 0, 0, 0, 0, 0, 0, 0, 0, 0, 1, 0, 0 ], 
          [ 0, 0, 0, 0, 0, 0, 0, 0, 0, 1, 0, 0, 0, -1, 1 ], 
          [ 0, 0, 0, 0, 0, 0, 0, 0, 0, 1, 0, 0, 0, 0, 0 ], 
          [ 0, 0, 0, 0, 0, 0, 0, 0, 1, 0, 0, 0, -1, 0, 1 ], 
          [ 0, 0, 0, 0, 0, 0, 0, 0, 1, 0, 0, 0, 0, 0, 0 ], 
          [ 0, 0, 0, 0, 0, 0, 0, 1, 0, 0, 0, -1, 0, 0, 1 ], 
          [ 0, 0, 0, 0, 0, 0, 1, 0, 0, 1, -1, 0, 0, -1, 1 ], 
          [ 0, 0, 0, 0, 0, 0, 1, 0, 0, 1, -1, 0, 0, 0, 0 ], 
          [ 0, 0, 0, 0, 0, 1, 0, 0, -1, 1, 0, 0, 0, 0, 0 ], 
          [ 0, 0, 0, 0, 0, 1, 0, 0, 0, 0, 0, 0, -1, 1, 0 ], 
          [ 0, 0, 0, 0, 0, 1, 0, 0, 0, 0, 0, 0, 0, 0, 0 ], 
          [ 0, 0, 0, 0, 1, 0, 0, -1, 0, 1, 0, 0, 0, 0, 0 ], 
          [ 0, 0, 0, 0, 1, 0, 0, 0, 0, 0, 0, -1, 0, 1, 0 ], 
          [ 0, 0, 0, 1, 0, 0, 0, 0, 1, 0, -1, 0, -1, 0, 1 ], 
          [ 0, 0, 0, 1, 0, 0, 0, 0, 1, 0, -1, 0, 0, 0, 0 ], 
          [ 0, 0, 0, 1, 0, 1, -1, 0, 0, 0, 0, 0, -1, 1, 0 ], 
          [ 0, 0, 0, 1, 0, 1, -1, 0, 0, 0, 0, 0, 0, 0, 0 ], 
          [ 0, 0, 0, 1, 0, 1, -1, 0, 1, -1, 0, 0, -1, 1, 0 ], 
          [ 0, 0, 1, 0, -1, 1, 0, 0, 0, 0, 0, 0, 0, 0, 0 ], 
          [ 0, 0, 1, 0, 0, 0, 0, -1, 1, 0, 0, 0, 0, 0, 0 ], 
          [ 0, 0, 1, 0, 0, 0, 0, 0, 0, 0, 0, -1, 1, 0, 0 ], 
          [ 0, 1, 0, 0, 0, 0, 0, 1, 0, 0, -1, -1, 0, 0, 1 ], 
          [ 0, 1, 0, 0, 1, 0, -1, 0, 0, 0, 0, -1, 0, 1, 0 ], 
          [ 0, 1, 1, -1, 0, 0, 0, 0, 0, 0, 0, -1, 1, 0, 0 ], 
          [ 1, -1, 0, 0, 0, 0, 0, 0, 0, 0, 0, 0, 0, 0, 0 ], 
          [ 1, 0, -1, 0, 0, 0, 0, 0, 0, 0, 0, 0, 0, 0, 0 ], 
          [ 1, 0, 0, -1, 0, 0, 0, 0, 0, 0, 0, 0, 0, 0, 0 ], 
          [ 1, 0, 0, 0, -1, 0, 0, 0, 0, 0, 0, 0, 0, 0, 0 ], 
          [ 1, 0, 0, 0, 0, 0, -1, 0, 0, 0, 0, 0, 0, 0, 0 ], 
          [ 1, 0, 0, 0, 0, 0, 0, -1, 0, 0, 0, 0, 0, 0, 0 ], 
          [ 1, 0, 0, 0, 0, 0, 0, 0, 0, 0, -1, 0, 0, 0, 0 ], 
          [ 1, 0, 0, 0, 0, 0, 0, 0, 0, 0, 0, -1, 0, 0, 0 ], 
          [ 2, -1, -1, 0, 0, 0, 0, 0, 0, 0, 0, 0, -1, 0, 0 ], 
          [ 2, -1, 0, 0, -1, 0, 0, 0, 0, 0, 0, 0, 0, -1, 0 ], 
          [ 2, -1, 0, 0, 0, 0, 0, -1, 0, 0, 0, 0, 0, 0, -1 ] ],
      Group := 
       Group( [ ( 2, 3)( 4,24)( 5,33)( 6,35)( 7,37)( 8,16)( 9,22)(11,20)
            (12,39)(13,17)(14,23)(18,25)(19,40)(27,41)(28,32)(29,34)(30,36), 
          ( 1,16,18,21,25, 8)( 2,14,26,23, 3,10)( 4,24,15)( 5,32, 6,36, 7,34)
            ( 9,20,17)(11,22,13)(12,39,19,41,27,40)(28,33,29,37,30,35)(31,38),
          ( 1,23)( 2,21)( 3, 8)( 4,15)( 5,34)( 6,36)( 7,32)( 9,13)(10,25)
            (11,17)(12,40)(14,18)(16,26)(19,41)(20,22)(27,39)(28,35)(29,37)
            (30,33)(31,38) ] ) ), rec(
      EXT := [ [ 0, 0, -1, 1, 0, 0, 0, 0, 0, 0, 0, 1, 0, 0, 0 ], 
          [ 0, 0, -1, 1, 0, 0, 0, 1, 1, 0, -1, 0, -1, 0, 1 ], 
          [ 0, 0, -1, 1, 1, 1, -1, 0, 0, 0, 0, 0, -1, 1, 0 ], 
          [ 0, 0, 0, 0, -1, 0, 1, 0, 0, 0, 0, 1, 0, 0, 0 ], 
          [ 0, 0, 0, 0, -1, 0, 1, 1, 0, 1, -1, 0, 0, -1, 1 ], 
          [ 0, 0, 0, 0, 0, 0, 0, 0, -1, 0, 1, 0, 1, 0, 0 ], 
          [ 0, 0, 0, 0, 0, 0, 0, 0, 0, -1, 1, 0, 0, 1, 0 ], 
          [ 0, 0, 0, 0, 0, 0, 0, 0, 0, 0, 1, 0, 0, 0, 0 ], 
          [ 0, 0, 0, 0, 0, 0, 0, 1, 0, 0, 0, -1, 0, 0, 1 ], 
          [ 0, 0, 0, 0, 0, 0, 0, 1, 0, 0, 0, 0, 0, 0, 0 ], 
          [ 0, 0, 0, 0, 0, 0, 1, 0, 0, 0, 0, 0, 0, 0, 0 ], 
          [ 0, 0, 0, 0, 0, 1, 0, 0, -1, 1, 0, 0, 0, 0, 0 ], 
          [ 0, 0, 0, 0, 0, 1, 0, 0, 0, 0, 0, 0, -1, 1, 0 ], 
          [ 0, 0, 0, 0, 0, 1, 0, 0, 0, 0, 0, 0, 0, 0, 0 ], 
          [ 0, 0, 0, 1, 0, 0, 0, 0, 0, 0, 0, 0, 0, 0, 0 ], 
          [ 0, 0, 0, 1, 0, 1, -1, 0, 0, 0, 0, 0, -1, 1, 0 ], 
          [ 0, 0, 0, 1, 0, 1, -1, 0, 0, 0, 0, 0, 0, 0, 0 ], 
          [ 0, 0, 0, 1, 0, 1, -1, 0, 1, -1, 0, 0, -1, 1, 0 ], 
          [ 0, 0, 1, 0, -1, 1, 0, 0, 0, 0, 0, 0, 0, 0, 0 ], 
          [ 0, 1, 0, 0, 0, 0, 0, 0, 0, 0, 0, 0, 0, 0, 0 ], 
          [ 0, 1, 0, 0, 0, 0, 0, 1, 0, 0, -1, -1, 0, 0, 1 ], 
          [ 0, 1, 0, 0, 0, 0, 0, 1, 0, 0, -1, 0, 0, 0, 0 ], 
          [ 0, 1, 0, 0, 1, 0, -1, 1, 0, -1, 0, -1, 0, 1, 0 ], 
          [ 0, 1, 1, -1, 0, 0, 0, 1, -1, 0, 0, -1, 1, 0, 0 ], 
          [ 1, -1, -1, 1, 0, 0, 0, 0, 0, 0, 0, 1, -1, 0, 0 ], 
          [ 1, -1, 0, 0, -1, 0, 1, 0, 0, 0, 0, 1, 0, -1, 0 ], 
          [ 1, 0, -1, 0, 0, 0, 0, 0, 0, 0, 0, 0, 0, 0, 0 ], 
          [ 1, 0, 0, -1, 0, 0, 0, 0, -1, 0, 1, 0, 1, 0, -1 ], 
          [ 1, 0, 0, 0, -1, 0, 0, 0, 0, 0, 0, 0, 0, 0, 0 ], 
          [ 1, 0, 0, 0, 0, 0, -1, 0, 0, -1, 1, 0, 0, 1, -1 ], 
          [ 1, 0, 0, 0, 0, 0, 0, 0, -1, 0, 0, 0, 0, 0, 0 ], 
          [ 1, 0, 0, 0, 0, 0, 0, 0, 0, -1, 0, 0, 0, 0, 0 ], 
          [ 1, 0, 0, 0, 0, 0, 0, 0, 0, 0, 0, -1, 0, 0, 0 ], 
          [ 1, 0, 0, 0, 0, 0, 0, 0, 0, 0, 0, 0, -1, 0, 0 ], 
          [ 1, 0, 0, 0, 0, 0, 0, 0, 0, 0, 0, 0, 0, -1, 0 ], 
          [ 1, 0, 0, 0, 0, 0, 0, 0, 0, 0, 0, 0, 0, 0, -1 ], 
          [ 2, -1, -1, 0, -1, -1, 1, 0, 0, 0, 0, 1, 0, -1, 0 ], 
          [ 2, -1, -1, 0, 0, 0, 0, -1, -1, 0, 1, 1, 0, 0, -1 ], 
          [ 2, -1, -1, 0, 0, 0, 0, 0, 0, 0, 0, 0, -1, 0, 0 ], 
          [ 2, -1, 0, 0, -1, 0, 0, -1, 0, -1, 1, 1, 0, 0, -1 ], 
          [ 2, -1, 0, 0, -1, 0, 0, 0, 0, 0, 0, 0, 0, -1, 0 ], 
          [ 2, 0, 0, -1, 0, -1, 0, 0, -1, -1, 1, 0, 1, 0, -1 ], 
          [ 2, 0, 0, -1, 0, 0, 0, 0, -1, 0, 0, 0, 0, 0, -1 ], 
          [ 2, 0, 0, 0, 0, 0, -1, 0, 0, -1, 0, 0, 0, 0, -1 ] ],
      Group := 
       Group( [ ( 1, 4,13,39,41,17)( 2,40,12)( 3,37,19)( 5,18,38)( 6,22, 7,43,
             9,44)( 8,36)(10,30,28)(11,34,33,35,15,20)(14,25,29)(16,27,26)
            (21,32,31)(23,42,24), ( 1,43)( 2,24)( 3,12)( 4,44)( 5,23)( 6,39)
            ( 7,41)( 8,33)(10,21)(11,35)(13,17)(15,34)(18,19)(20,36)(25,31)
            (26,32)(27,28)(29,30)(37,42) ] ) ), rec(
      EXT := [ [ 0, 0, -1, 1, 0, 0, 0, 0, 0, 0, 0, 1, 0, 0, 0 ], 
          [ 0, 0, 0, 0, -1, 0, 1, 0, 0, 0, 0, 1, 0, 0, 0 ], 
          [ 0, 0, 0, 0, -1, 0, 1, 1, 0, 1, -1, 0, 0, -1, 1 ], 
          [ 0, 0, 0, 0, 0, -1, 1, 0, 0, 0, 0, 0, 1, 0, 0 ], 
          [ 0, 0, 0, 0, 0, -1, 1, 0, 1, 1, -1, 0, 0, -1, 1 ], 
          [ 0, 0, 0, 0, 0, 0, 0, -1, 0, 0, 1, 1, 0, 0, 0 ], 
          [ 0, 0, 0, 0, 0, 0, 0, 0, -1, 0, 1, 0, 1, 0, 0 ], 
          [ 0, 0, 0, 0, 0, 0, 0, 0, 0, 0, 0, 0, 1, 0, 0 ], 
          [ 0, 0, 0, 0, 0, 0, 0, 0, 0, 0, 0, 1, 0, 0, 0 ], 
          [ 0, 0, 0, 0, 0, 0, 0, 0, 0, 1, 0, 0, 0, -1, 1 ], 
          [ 0, 0, 0, 0, 0, 0, 0, 0, 0, 1, 0, 0, 0, 0, 0 ], 
          [ 0, 0, 0, 0, 0, 0, 1, 0, 0, 1, -1, 0, 0, -1, 1 ], 
          [ 0, 0, 0, 0, 0, 0, 1, 0, 0, 1, -1, 0, 0, 0, 0 ], 
          [ 0, 0, 0, 0, 0, 1, 0, 0, -1, 1, 0, 0, 0, 0, 0 ], 
          [ 0, 0, 0, 0, 1, 0, 0, -1, 0, 1, 0, 0, 0, 0, 0 ], 
          [ 0, 0, 0, 1, 0, 0, 0, 0, 0, 0, 0, 0, 0, 0, 0 ], 
          [ 0, 0, 0, 1, 0, 0, 0, 0, 1, 0, -1, 0, 0, 0, 0 ], 
          [ 0, 0, 0, 1, 0, 1, -1, 0, 0, 0, 0, 0, 0, 0, 0 ], 
          [ 0, 0, 1, 0, -1, 1, 0, 0, 0, 0, 0, 0, 0, 0, 0 ], 
          [ 0, 0, 1, 0, 0, 0, 0, -1, 1, 0, 0, 0, 0, 0, 0 ], 
          [ 0, 0, 1, 0, 0, 0, 0, 0, 0, 0, 0, -1, 1, 0, 0 ], 
          [ 0, 0, 1, 0, 0, 0, 0, 0, 0, 0, 0, 0, 0, 0, 0 ], 
          [ 0, 1, 0, 0, 0, 0, 0, 0, 0, 0, 0, 0, 0, 0, 0 ], 
          [ 0, 1, 0, 0, 0, 0, 0, 1, 0, 0, -1, 0, 0, 0, 0 ], 
          [ 0, 1, 0, 0, 1, 0, -1, 0, 0, 0, 0, 0, 0, 0, 0 ], 
          [ 0, 1, 1, -1, 0, 0, 0, 0, 0, 0, 0, -1, 1, 0, 0 ], 
          [ 0, 1, 1, -1, 0, 0, 0, 0, 0, 0, 0, 0, 0, 0, 0 ], 
          [ 0, 1, 1, -1, 0, 0, 0, 1, -1, 0, 0, -1, 1, 0, 0 ], 
          [ 0, 1, 1, -1, 1, -1, 0, 0, 0, 0, 0, -1, 1, 0, 0 ], 
          [ 1, -1, 0, 0, -1, 0, 1, 0, 0, 0, 0, 1, 0, -1, 0 ], 
          [ 1, -1, 0, 0, 0, 0, 0, -1, 0, 0, 1, 1, 0, 0, -1 ], 
          [ 1, 0, 0, -1, 0, -1, 1, 0, 0, 0, 0, 0, 1, -1, 0 ], 
          [ 1, 0, 0, -1, 0, 0, 0, 0, -1, 0, 1, 0, 1, 0, -1 ], 
          [ 1, 0, 0, 0, -1, 0, 0, 0, 0, 0, 0, 0, 0, 0, 0 ], 
          [ 1, 0, 0, 0, 0, -1, 0, 0, 0, 0, 0, 0, 0, 0, 0 ], 
          [ 1, 0, 0, 0, 0, 0, -1, 0, 0, 0, 0, 0, 0, 0, 0 ], 
          [ 1, 0, 0, 0, 0, 0, 0, -1, 0, 0, 0, 0, 0, 0, 0 ], 
          [ 1, 0, 0, 0, 0, 0, 0, 0, -1, 0, 0, 0, 0, 0, 0 ], 
          [ 1, 0, 0, 0, 0, 0, 0, 0, 0, 0, -1, 0, 0, 0, 0 ], 
          [ 1, 0, 0, 0, 0, 0, 0, 0, 0, 0, 0, 0, 0, -1, 0 ], 
          [ 1, 0, 0, 0, 0, 0, 0, 0, 0, 0, 0, 0, 0, 0, -1 ], 
          [ 2, -1, -1, 0, -1, -1, 1, 0, 0, 0, 0, 1, 0, -1, 0 ], 
          [ 2, -1, -1, 0, 0, 0, 0, -1, -1, 0, 1, 1, 0, 0, -1 ], 
          [ 2, -1, 0, 0, -1, 0, 0, -1, 0, -1, 1, 1, 0, 0, -1 ], 
          [ 2, -1, 0, 0, -1, 0, 0, 0, 0, 0, 0, 0, 0, -1, 0 ], 
          [ 2, -1, 0, 0, 0, 0, 0, -1, 0, 0, 0, 0, 0, 0, -1 ], 
          [ 2, 0, 0, -1, 0, -1, 0, 0, -1, -1, 1, 0, 1, 0, -1 ], 
          [ 2, 0, 0, -1, 0, -1, 0, 0, 0, 0, 0, 0, 0, -1, 0 ], 
          [ 2, 0, 0, -1, 0, 0, 0, 0, -1, 0, 0, 0, 0, 0, -1 ], 
          [ 2, 0, 0, 0, 0, 0, -1, 0, 0, -1, 0, 0, 0, 0, -1 ] ],
      Group := 
       Group( [ ( 1,21)( 2,20)( 3,15)( 4,17)( 5,13)( 6,19)( 7,18)( 9,26)
            (10,14)(22,23)(24,29)(25,28)(30,37)(31,34)(32,39)(33,36)(35,41)
            (38,40)(42,46)(43,45)(47,50)(48,49), 
          ( 1,43,42)( 2, 7,44, 4, 6,47)( 3,18,46, 5,25,49)( 8,37,32,23,33,34)
            ( 9,38,30,16,31,35)(10,50,13)(11,36,39,12,40,41)(14,45,17,15,48,24
             )(19,21,20,29,27,28) ] ) ), rec(
      EXT := [ [ 0, 0, -1, 1, 0, 0, 0, 0, 0, 0, 0, 1, 0, 0, 0 ], 
          [ 0, 0, -1, 1, 0, 0, 0, 1, 1, 0, -1, 0, -1, 0, 1 ], 
          [ 0, 0, -1, 1, 1, 1, -1, 0, 0, 0, 0, 0, -1, 1, 0 ], 
          [ 0, 0, 0, 0, -1, 0, 1, 0, 0, 0, 0, 1, 0, 0, 0 ], 
          [ 0, 0, 0, 0, -1, 0, 1, 1, 0, 1, -1, 0, 0, -1, 1 ], 
          [ 0, 0, 0, 0, 0, -1, 1, 0, 0, 0, 0, 0, 1, 0, 0 ], 
          [ 0, 0, 0, 0, 0, -1, 1, 0, 1, 1, -1, 0, 0, -1, 1 ], 
          [ 0, 0, 0, 0, 0, 0, 0, -1, 0, 0, 1, 1, 0, 0, 0 ], 
          [ 0, 0, 0, 0, 0, 0, 0, 0, -1, 0, 1, 0, 1, 0, 0 ], 
          [ 0, 0, 0, 0, 0, 0, 0, 0, 0, -1, 1, 0, 0, 1, 0 ], 
          [ 0, 0, 0, 0, 0, 0, 0, 0, 0, 0, 0, 0, 0, 0, 1 ], 
          [ 0, 0, 0, 0, 0, 0, 0, 0, 0, 0, 0, 0, 0, 1, 0 ], 
          [ 0, 0, 0, 0, 0, 0, 0, 0, 0, 0, 0, 0, 1, 0, 0 ], 
          [ 0, 0, 0, 0, 0, 0, 0, 0, 0, 0, 0, 1, 0, 0, 0 ], 
          [ 0, 0, 0, 0, 0, 0, 0, 0, 0, 0, 1, 0, 0, 0, 0 ], 
          [ 0, 0, 0, 0, 0, 0, 0, 0, 0, 1, 0, 0, 0, -1, 1 ], 
          [ 0, 0, 0, 0, 0, 0, 0, 0, 0, 1, 0, 0, 0, 0, 0 ], 
          [ 0, 0, 0, 0, 0, 0, 0, 0, 1, 0, 0, 0, -1, 0, 1 ], 
          [ 0, 0, 0, 0, 0, 0, 0, 0, 1, 0, 0, 0, 0, 0, 0 ], 
          [ 0, 0, 0, 0, 0, 0, 0, 1, 0, 0, 0, -1, 0, 0, 1 ], 
          [ 0, 0, 0, 0, 0, 0, 0, 1, 0, 0, 0, 0, 0, 0, 0 ], 
          [ 0, 0, 0, 0, 0, 0, 1, 0, 0, 0, 0, 0, 0, 0, 0 ], 
          [ 0, 0, 0, 0, 0, 0, 1, 0, 0, 1, -1, 0, 0, -1, 1 ], 
          [ 0, 0, 0, 0, 0, 0, 1, 0, 0, 1, -1, 0, 0, 0, 0 ], 
          [ 0, 0, 0, 0, 0, 1, 0, 0, -1, 1, 0, 0, 0, 0, 0 ], 
          [ 0, 0, 0, 0, 0, 1, 0, 0, 0, 0, 0, 0, -1, 1, 0 ], 
          [ 0, 0, 0, 0, 0, 1, 0, 0, 0, 0, 0, 0, 0, 0, 0 ], 
          [ 0, 0, 0, 0, 1, 0, 0, -1, 0, 1, 0, 0, 0, 0, 0 ], 
          [ 0, 0, 0, 0, 1, 0, 0, 0, 0, 0, 0, -1, 0, 1, 0 ], 
          [ 0, 0, 0, 0, 1, 0, 0, 0, 0, 0, 0, 0, 0, 0, 0 ], 
          [ 0, 0, 0, 1, 0, 0, 0, 0, 0, 0, 0, 0, 0, 0, 0 ], 
          [ 0, 0, 0, 1, 0, 0, 0, 0, 1, 0, -1, 0, -1, 0, 1 ], 
          [ 0, 0, 0, 1, 0, 0, 0, 0, 1, 0, -1, 0, 0, 0, 0 ], 
          [ 0, 0, 0, 1, 0, 1, -1, 0, 0, 0, 0, 0, -1, 1, 0 ], 
          [ 0, 0, 0, 1, 0, 1, -1, 0, 0, 0, 0, 0, 0, 0, 0 ], 
          [ 0, 0, 0, 1, 0, 1, -1, 0, 1, -1, 0, 0, -1, 1, 0 ], 
          [ 0, 0, 1, 0, -1, 1, 0, 0, 0, 0, 0, 0, 0, 0, 0 ], 
          [ 0, 0, 1, 0, 0, 0, 0, -1, 1, 0, 0, 0, 0, 0, 0 ], 
          [ 0, 0, 1, 0, 0, 0, 0, 0, 0, 0, 0, -1, 1, 0, 0 ], 
          [ 0, 0, 1, 0, 0, 0, 0, 0, 0, 0, 0, 0, 0, 0, 0 ], 
          [ 0, 1, 0, 0, 0, 0, 0, 0, 0, 0, 0, 0, 0, 0, 0 ], 
          [ 0, 1, 0, 0, 0, 0, 0, 1, 0, 0, -1, -1, 0, 0, 1 ], 
          [ 0, 1, 0, 0, 0, 0, 0, 1, 0, 0, -1, 0, 0, 0, 0 ], 
          [ 0, 1, 0, 0, 1, 0, -1, 0, 0, 0, 0, -1, 0, 1, 0 ], 
          [ 0, 1, 0, 0, 1, 0, -1, 0, 0, 0, 0, 0, 0, 0, 0 ], 
          [ 0, 1, 0, 0, 1, 0, -1, 1, 0, -1, 0, -1, 0, 1, 0 ], 
          [ 0, 1, 1, -1, 0, 0, 0, 0, 0, 0, 0, -1, 1, 0, 0 ], 
          [ 0, 1, 1, -1, 0, 0, 0, 0, 0, 0, 0, 0, 0, 0, 0 ], 
          [ 0, 1, 1, -1, 0, 0, 0, 1, -1, 0, 0, -1, 1, 0, 0 ], 
          [ 0, 1, 1, -1, 1, -1, 0, 0, 0, 0, 0, -1, 1, 0, 0 ], 
          [ 1, -1, -1, 1, 0, 0, 0, 0, 0, 0, 0, 1, -1, 0, 0 ], 
          [ 1, -1, 0, 0, -1, 0, 1, 0, 0, 0, 0, 1, 0, -1, 0 ], 
          [ 1, -1, 0, 0, 0, 0, 0, -1, 0, 0, 1, 1, 0, 0, -1 ], 
          [ 1, -1, 0, 0, 0, 0, 0, 0, 0, 0, 0, 0, 0, 0, 0 ], 
          [ 1, 0, -1, 0, 0, 0, 0, 0, 0, 0, 0, 0, 0, 0, 0 ], 
          [ 1, 0, 0, -1, 0, -1, 1, 0, 0, 0, 0, 0, 1, -1, 0 ], 
          [ 1, 0, 0, -1, 0, 0, 0, 0, -1, 0, 1, 0, 1, 0, -1 ], 
          [ 1, 0, 0, -1, 0, 0, 0, 0, 0, 0, 0, 0, 0, 0, 0 ], 
          [ 1, 0, 0, 0, -1, 0, 0, 0, 0, 0, 0, 0, 0, 0, 0 ], 
          [ 1, 0, 0, 0, 0, -1, 0, 0, 0, 0, 0, 0, 0, 0, 0 ], 
          [ 1, 0, 0, 0, 0, 0, -1, 0, 0, -1, 1, 0, 0, 1, -1 ], 
          [ 1, 0, 0, 0, 0, 0, -1, 0, 0, 0, 0, 0, 0, 0, 0 ], 
          [ 1, 0, 0, 0, 0, 0, 0, -1, 0, 0, 0, 0, 0, 0, 0 ], 
          [ 1, 0, 0, 0, 0, 0, 0, 0, -1, 0, 0, 0, 0, 0, 0 ], 
          [ 1, 0, 0, 0, 0, 0, 0, 0, 0, -1, 0, 0, 0, 0, 0 ], 
          [ 1, 0, 0, 0, 0, 0, 0, 0, 0, 0, -1, 0, 0, 0, 0 ], 
          [ 1, 0, 0, 0, 0, 0, 0, 0, 0, 0, 0, -1, 0, 0, 0 ], 
          [ 1, 0, 0, 0, 0, 0, 0, 0, 0, 0, 0, 0, -1, 0, 0 ], 
          [ 1, 0, 0, 0, 0, 0, 0, 0, 0, 0, 0, 0, 0, -1, 0 ], 
          [ 1, 0, 0, 0, 0, 0, 0, 0, 0, 0, 0, 0, 0, 0, -1 ], 
          [ 2, -1, -1, 0, -1, -1, 1, 0, 0, 0, 0, 1, 0, -1, 0 ], 
          [ 2, -1, -1, 0, 0, 0, 0, -1, -1, 0, 1, 1, 0, 0, -1 ], 
          [ 2, -1, -1, 0, 0, 0, 0, 0, 0, 0, 0, 0, -1, 0, 0 ], 
          [ 2, -1, 0, 0, -1, 0, 0, -1, 0, -1, 1, 1, 0, 0, -1 ], 
          [ 2, -1, 0, 0, -1, 0, 0, 0, 0, 0, 0, 0, 0, -1, 0 ], 
          [ 2, -1, 0, 0, 0, 0, 0, -1, 0, 0, 0, 0, 0, 0, -1 ], 
          [ 2, 0, 0, -1, 0, -1, 0, 0, -1, -1, 1, 0, 1, 0, -1 ], 
          [ 2, 0, 0, -1, 0, -1, 0, 0, 0, 0, 0, 0, 0, -1, 0 ], 
          [ 2, 0, 0, -1, 0, 0, 0, 0, -1, 0, 0, 0, 0, 0, -1 ], 
          [ 2, 0, 0, 0, 0, 0, -1, 0, 0, -1, 0, 0, 0, 0, -1 ] ],
      Group := 
       Group( [ ( 1,33, 7,28,45)( 2,24,50, 8,35)( 3,43, 6,38,16)( 4,39,18,25,
             46)( 5,29,48, 9,36)(10,37,20,26,49)(11,27,21,12,47,15,34,42,22,40
             )(13,19,17,44,41,31,32,23,30,14)(51,66,56,53,62,55,70,60,63,69)
            (52,54,58,57,61,59,67,68,64,65)(71,76,78,72,80)(73,79,77,74,75), 
          ( 1,75, 6,37)( 2,20,10,36)( 3,73,29,26)( 4,35,71,39)( 5, 9,74,33)
            ( 7,49, 8,80)(11,61,32,21)(12,34,51,54)(13,59,31,52)(14,62,60,40)
            (15,65,19,42)(16,77,38,43)(17,64,53,66)(18,46)(22,27,55,67)
            (23,57,63,70)(24,25,72,76)(28,79)(30,58,44,68)(41,69,56,47)
            (45,78,50,48) ] ) ) ];
