return rec(
  EXT := [ [ 0, 0, 0, 0, 0, 0, 0, 0, 1, 0, 0, 0, 0, -1, 1, 1, 0, 0, 0, 0 ], 
      [ 0, 1, 0, 0, 0, 0, 0, -1, 1, 0, 0, 0, 0, 0, 0, 1, 0, 0, 0, 0 ], 
      [ 0, 0, 0, 0, 0, 0, 0, 0, 0, 1, 0, 0, 0, -1, 1, 0, 1, 0, 0, 0 ], 
      [ 0, 1, -1, 0, 0, 0, 0, 0, 1, 0, 0, 0, 0, 0, 1, 0, 0, 0, 0, 0 ], 
      [ 0, 1, 0, 0, 0, 0, 0, -1, 0, 1, 0, 0, 0, 0, 0, 0, 1, 0, 0, 0 ], 
      [ 0, 0, 1, 0, 0, 0, 0, 1, -1, 0, 0, 0, 0, 1, 0, 0, 0, 0, 0, 0 ], 
      [ 0, 0, 0, 0, 0, 0, 0, 0, 0, 0, 1, 0, 0, -1, 1, 0, 0, 1, 0, 0 ], 
      [ 0, 1, -1, 0, 0, 0, 0, -1, 1, 1, 0, 0, 0, -1, 1, 0, 1, 0, 0, 0 ], 
      [ 0, 1, 0, -1, 0, 0, 0, 0, 0, 1, 0, 0, 0, 0, 1, 0, 0, 0, 0, 0 ], 
      [ 0, 1, 0, 0, 0, 0, 0, -1, 0, 0, 1, 0, 0, 0, 0, 0, 0, 1, 0, 0 ], 
      [ 0, 0, 1, 0, 0, 0, 0, 0, -1, 1, 0, 0, 0, 0, 0, 0, 1, 0, 0, 0 ], 
      [ 0, 0, 0, 1, 0, 0, 0, 1, 0, -1, 0, 0, 0, 1, 0, 0, 0, 0, 0, 0 ], 
      [ 0, 1, -1, 0, 0, 0, 0, -1, 1, 0, 1, 0, 0, -1, 1, 0, 0, 1, 0, 0 ], 
      [ 0, 1, 0, 0, -1, 0, 0, 0, 0, 0, 1, 0, 0, 0, 1, 0, 0, 0, 0, 0 ], 
      [ 0, 1, 0, -1, 0, 0, 0, -1, 1, 1, 0, 0, 0, -1, 1, 1, 0, 0, 0, 0 ], 
      [ 0, 0, 1, 0, 0, 0, 0, 0, -1, 0, 1, 0, 0, 0, 0, 0, 0, 1, 0, 0 ], 
      [ 0, 0, 0, 1, 0, 0, 0, 0, 1, -1, 0, 0, 0, 0, 0, 1, 0, 0, 0, 0 ], 
      [ 0, 0, 0, 0, 1, 0, 0, 1, 0, 0, -1, 0, 0, 1, 0, 0, 0, 0, 0, 0 ], 
      [ 0, 0, 0, 0, 0, 0, 0, 0, 0, 0, 0, 0, 1, -1, 1, 0, 0, 0, 0, 1 ], 
      [ 0, 1, 0, 0, 0, -1, 0, 0, 0, 0, 0, 1, 0, 0, 1, 0, 0, 0, 0, 0 ], 
      [ 0, 1, 0, -1, 0, 0, 0, -1, 0, 1, 1, 0, 0, -1, 1, 0, 0, 1, 0, 0 ], 
      [ 0, 1, 0, 0, -1, 0, 0, -1, 1, 0, 1, 0, 0, -1, 1, 1, 0, 0, 0, 0 ], 
      [ 0, 1, 0, 0, 0, 0, 0, -1, 0, 0, 0, 0, 1, 0, 0, 0, 0, 0, 0, 1 ], 
      [ 0, 0, 0, 1, 0, 0, 0, 0, 0, -1, 1, 0, 0, 0, 0, 0, 0, 1, 0, 0 ], 
      [ 0, 0, 0, 0, 1, 0, 0, 0, 1, 0, -1, 0, 0, 0, 0, 1, 0, 0, 0, 0 ], 
      [ 0, 0, 0, 0, 0, 1, 0, 1, 0, 0, 0, -1, 0, 1, 0, 0, 0, 0, 0, 0 ], 
      [ 0, 1, -1, 0, 0, 0, 0, -1, 1, 0, 0, 0, 1, -1, 1, 0, 0, 0, 0, 1 ], 
      [ 0, 1, 0, 0, 0, 0, -1, 0, 0, 0, 0, 0, 1, 0, 1, 0, 0, 0, 0, 0 ], 
      [ 0, 1, 0, 0, 0, -1, 0, -1, 1, 0, 0, 1, 0, -1, 1, 1, 0, 0, 0, 0 ], 
      [ 0, 1, 0, 0, -1, 0, 0, -1, 0, 1, 1, 0, 0, -1, 1, 0, 1, 0, 0, 0 ], 
      [ 0, 0, 1, 0, 0, 0, 0, 0, -1, 0, 0, 0, 1, 0, 0, 0, 0, 0, 0, 1 ], 
      [ 0, 0, 0, 0, 1, 0, 0, 0, 0, 1, -1, 0, 0, 0, 0, 0, 1, 0, 0, 0 ], 
      [ 0, 0, 0, 0, 0, 1, 0, 0, 1, 0, 0, -1, 0, 0, 0, 1, 0, 0, 0, 0 ], 
      [ 0, 0, 0, 0, 0, 0, 1, 1, 0, 0, 0, 0, -1, 1, 0, 0, 0, 0, 0, 0 ], 
      [ 2, -1, 0, 0, 0, 0, 0, 1, 0, 0, 0, -1, 0, 0, 0, 0, 0, 0, -1, 0 ], 
      [ 0, 1, 0, -1, 0, 0, 0, -1, 0, 1, 0, 0, 1, -1, 1, 0, 0, 0, 0, 1 ], 
      [ 0, 1, 0, 0, 0, 0, -1, -1, 1, 0, 0, 0, 1, -1, 1, 1, 0, 0, 0, 0 ], 
      [ 0, 1, 0, 0, 0, -1, 0, -1, 0, 1, 0, 1, 0, -1, 1, 0, 1, 0, 0, 0 ], 
      [ 0, 0, 0, 1, 0, 0, 0, 0, 0, -1, 0, 0, 1, 0, 0, 0, 0, 0, 0, 1 ], 
      [ 2, 0, 0, 0, 0, 0, 0, 0, 0, 0, 0, -1, 0, 1, -1, 0, 0, 0, -1, 0 ], 
      [ 0, 0, 0, 0, 0, 1, 0, 0, 0, 1, 0, -1, 0, 0, 0, 0, 1, 0, 0, 0 ], 
      [ 0, 0, 0, 0, 0, 0, 1, 0, 1, 0, 0, 0, -1, 0, 0, 1, 0, 0, 0, 0 ], 
      [ 2, 0, -1, 0, 0, 0, 0, 0, 1, 0, 0, -1, 0, 0, 0, 0, 0, 0, -1, 0 ], 
      [ 0, 1, 0, 0, -1, 0, 0, -1, 0, 0, 1, 0, 1, -1, 1, 0, 0, 0, 0, 1 ], 
      [ 0, 1, 0, 0, 0, 0, -1, -1, 0, 1, 0, 0, 1, -1, 1, 0, 1, 0, 0, 0 ], 
      [ 0, 1, 0, 0, 0, -1, 0, -1, 0, 0, 1, 1, 0, -1, 1, 0, 0, 1, 0, 0 ], 
      [ 0, 0, 0, 0, 1, 0, 0, 0, 0, 0, -1, 0, 1, 0, 0, 0, 0, 0, 0, 1 ], 
      [ 0, 0, 0, 0, 0, 1, 0, 0, 0, 0, 1, -1, 0, 0, 0, 0, 0, 1, 0, 0 ], 
      [ 2, -1, 1, 0, 0, 0, 0, 1, -1, 0, 0, -1, 0, 1, -1, 0, 0, 0, -1, 0 ], 
      [ 0, 0, 0, 0, 0, 0, 1, 0, 0, 1, 0, 0, -1, 0, 0, 0, 1, 0, 0, 0 ], 
      [ 2, 0, 0, -1, 0, 0, 0, 0, 0, 1, 0, -1, 0, 0, 0, 0, 0, 0, -1, 0 ], 
      [ 0, 1, 0, 0, 0, -1, 0, -1, 0, 0, 0, 1, 1, -1, 1, 0, 0, 0, 0, 1 ], 
      [ 0, 1, 0, 0, 0, 0, -1, -1, 0, 0, 1, 0, 1, -1, 1, 0, 0, 1, 0, 0 ], 
      [ 0, 0, 0, 0, 0, 1, 0, 0, 0, 0, 0, -1, 1, 0, 0, 0, 0, 0, 0, 1 ], 
      [ 0, 0, 0, 0, 0, 0, 1, 0, 0, 0, 1, 0, -1, 0, 0, 0, 0, 1, 0, 0 ], 
      [ 2, 0, 0, 0, -1, 0, 0, 0, 0, 0, 1, -1, 0, 0, 0, 0, 0, 0, -1, 0 ], 
      [ 2, -1, 0, 1, 0, 0, 0, 1, 0, -1, 0, -1, 0, 1, -1, 0, 0, 0, -1, 0 ], 
      [ 2, 0, 0, 0, 0, 0, -1, 0, 0, 0, 0, -1, 1, 0, 0, 0, 0, 0, -1, 0 ], 
      [ 2, -1, 0, 0, 1, 0, 0, 1, 0, 0, -1, -1, 0, 1, -1, 0, 0, 0, -1, 0 ], 
      [ 2, -1, 0, 0, 0, 0, 1, 1, 0, 0, 0, -1, -1, 1, -1, 0, 0, 0, -1, 0 ], 
      [ 0, 0, 0, 0, 0, 0, 0, 0, 0, 0, 0, 0, 0, 0, 0, 1, 0, 0, 0, 0 ], 
      [ 0, 1, -1, 0, 0, 0, 0, -1, 1, 0, 0, 0, 0, -1, 1, 1, 0, 0, 0, 0 ], 
      [ 0, 0, 0, 0, 0, 0, 0, 0, 0, 0, 0, 0, 0, 0, 0, 0, 1, 0, 0, 0 ], 
      [ 0, 1, 0, -1, 0, 0, 0, -1, 0, 1, 0, 0, 0, -1, 1, 0, 1, 0, 0, 0 ], 
      [ 0, 0, 0, 0, 0, 0, 0, 0, 0, 0, 0, 0, 0, 0, 0, 0, 0, 1, 0, 0 ], 
      [ 0, 1, 0, 0, -1, 0, 0, -1, 0, 0, 1, 0, 0, -1, 1, 0, 0, 1, 0, 0 ], 
      [ 0, 0, 0, 0, 0, 0, 0, 0, 0, 0, 0, 0, 0, 0, 0, 0, 0, 0, 0, 1 ], [ 1, 0, 0, 0, 0, 
          -1, 0, 0, 0, 0, 0, 0, 0, 0, 0, 0, 0, 0, 0, 0 ], [ 0, 1, 0, 0, 0, 0, -1, -1, 0, 0, 0, 0, 1, -1, 1, 0, 0, 0, 0, 1 ], 
      [ 1, 0, 0, 0, 0, 0, 0, 0, 0, 0, 0, -1, 0, 0, 0, 0, 0, 0, 0, 0 ] ],
  Group := Group( [ (19,35)(20,34)(23,40)(26,28)(27,43)(29,42)(31,49)(33,37)(36,51)(38,50)(39,57)(41,45)(44,56)(46,55)(47,59)
        (48,53)(52,60)(54,58)(67,68)(69,70), ( 7,35)(10,40)(13,43)(14,26)(16,49)(18,20)(21,51)(22,33)(24,57)(25,29)(30,41)(32,38)
        (44,54)(46,59)(47,52)(48,56)(53,58)(55,60)(65,68)(66,70), ( 3, 7,35)( 5,10,40)( 8,13,43)( 9,14,26)(11,16,49)(12,18,20)
        (15,22,33)(17,25,29)(21,56,41)(24,59,38)(30,48,51)(32,46,57)(36,44,54)(39,47,52)(45,53,58)(50,55,60)(63,65,68)(64,66,70), 
      ( 1,19,35, 7)( 2,23,40,10)( 4,28,26,14)( 6,34,20,18)( 8,45,41,30)(11,50,38,32)(13,37,54,56)(15,36,51,21)(16,42,52,59)
        (17,39,57,24)(22,27,58,48)(25,31,60,46)(29,47,49,55)(33,44,43,53)(61,67,68,65)(62,69,70,66), 
      ( 1,40)( 2,35)( 3, 5)( 4,20)( 6,26)( 7,10)( 8,38)( 9,12)(11,41)(13,46)(14,18)(15,57)(16,48)(17,51)(19,23)(21,24)(22,59)
        (25,56)(27,52)(28,34)(29,43)(30,32)(31,54)(33,49)(36,39)(37,60)(42,58)(44,47)(45,50)(53,55)(61,70)(62,68)(63,64)(65,66)
        (67,69) ] ) );
