return rec(
  isGraph := true,
  order := 20,
  group := 
   Group( [ ( 1, 4, 5, 8, 9)( 2, 3, 6, 7,10)(11,19,18,15,14)(12,20,17,16,13), 
      ( 1, 3)( 2, 4)( 5, 6)( 7, 8)( 9,10)(11,12)(13,14)(15,16)(17,19)(18,20), 
      ( 1, 2)( 3, 4)( 5, 6)( 7, 8)( 9,10)(11,12)(13,14)(15,16)(17,18)(19,20) 
     ] ),
  schreierVector := [ -1, 3, 2, 1, 1, 1, 1, 1, 1, 1, -2, 2, 1, 1, 1, 1, 2, 1, 
      1, 3 ],
  adjacencies := [ [ 2, 4, 5, 8, 9, 11, 12, 13, 14, 15, 16, 17, 18, 20 ], 
      [ 1, 2, 3, 4, 5, 6, 7, 8, 10, 12, 13, 14, 15, 16, 17, 18, 19, 20 ] ],
  representatives := [ 1, 11 ] );
