return rec(
  isGraph := true,
  order := 126,
  group := 
   Group( [ (  1, 73, 63, 53, 43, 33, 23)(  2, 74, 64, 54, 44, 34, 24)(  3,
          75, 65, 55, 45, 35, 13)(  4, 76, 66, 56, 46, 36, 14)
        (  5, 77, 67, 57, 47, 25, 15)(  6, 78, 68, 58, 48, 26, 16)
        (  7, 79, 69, 59, 37, 27, 17)(  8, 80, 70, 60, 38, 28, 18)
        (  9, 81, 71, 49, 39, 29, 19)( 10, 82, 72, 50, 40, 30, 20)
        ( 11, 83, 61, 51, 41, 31, 21)( 12, 84, 62, 52, 42, 32, 22)
        ( 85,115,125,113,103, 95, 89)( 86,116,126,114,104, 96, 90)
        ( 87,117,105,123,111,101, 93)( 88,118,106,124,112,102, 94)
        ( 91,119,107, 97,121,109, 99)( 92,120,108, 98,122,110,100), 
      (  1,  3)(  2,  4)(  5,  6)(  7,  8)(  9, 10)( 11, 12)( 13, 15)( 14, 16)
        ( 17, 18)( 19, 20)( 21, 22)( 23, 24)( 25, 27)( 26, 28)( 29, 30)
        ( 31, 32)( 33, 34)( 35, 36)( 37, 39)( 38, 40)( 41, 42)( 43, 44)
        ( 45, 46)( 47, 48)( 49, 51)( 50, 52)( 53, 54)( 55, 56)( 57, 58)
        ( 59, 60)( 61, 73)( 62, 74)( 63, 75)( 64, 76)( 65, 77)( 66, 78)
        ( 67, 79)( 68, 80)( 69, 81)( 70, 82)( 71, 83)( 72, 84)( 85, 86)
        ( 87, 88)( 89, 90)( 91, 92)( 93, 94)( 95, 96)( 97, 98)( 99,100)
        (101,102)(103,104)(105,115)(106,116)(107,117)(108,118)(109,119)
        (110,120)(111,121)(112,122)(113,123)(114,124), 
      (  1,  2)(  3,  4)(  5,  6)(  7,  8)(  9, 10)( 11, 12)( 13, 14)( 15, 16)
        ( 17, 18)( 19, 20)( 21, 22)( 23, 24)( 25, 26)( 27, 28)( 29, 30)
        ( 31, 32)( 33, 34)( 35, 36)( 37, 38)( 39, 40)( 41, 42)( 43, 44)
        ( 45, 46)( 47, 48)( 49, 50)( 51, 52)( 53, 54)( 55, 56)( 57, 58)
        ( 59, 60)( 61, 62)( 63, 64)( 65, 66)( 67, 68)( 69, 70)( 71, 72)
        ( 73, 74)( 75, 76)( 77, 78)( 79, 80)( 81, 82)( 83, 84)( 85, 86)
        ( 87, 88)( 89, 90)( 91, 92)( 93, 94)( 95, 96)( 97, 98)( 99,100)
        (101,102)(103,104)(105,106)(107,108)(109,110)(111,112)(113,114)
        (115,116)(117,118)(119,120)(121,122)(123,124)(125,126) ] ),
  schreierVector := [ -1, 3, 2, 3, 1, 2, 1, 2, 1, 2, 1, 2, 1, 3, 2, 3, 1, 2, 
      1, 2, 1, 2, 1, 2, 2, 3, 1, 3, 1, 2, 1, 2, 1, 2, 1, 2, 2, 3, 1, 3, 1, 2, 
      1, 2, 1, 2, 1, 2, 2, 3, 1, 3, 1, 2, 1, 2, 1, 2, 1, 2, 2, 3, 1, 3, 1, 3, 
      1, 3, 1, 3, 2, 3, 1, 3, 1, 3, 2, 3, 2, 3, 2, 3, 1, 3, -2, 2, 1, 2, 1, 
      2, 1, 2, 1, 2, 1, 2, 1, 2, 1, 2, 1, 2, 1, 2, 2, 3, 1, 3, 1, 3, 1, 3, 1, 
      3, 1, 3, 1, 3, 2, 3, 2, 3, 1, 3, 1, 3 ],
  adjacencies := 
   [ [ 2, 4, 5, 8, 9, 12, 13, 14, 15, 16, 17, 18, 19, 20, 21, 22, 23, 24, 25, 
          26, 27, 28, 29, 30, 31, 32, 33, 34, 35, 36, 37, 38, 39, 40, 41, 42, 
          43, 44, 45, 46, 47, 48, 49, 50, 51, 52, 53, 54, 55, 56, 57, 58, 59, 
          60, 61, 62, 63, 64, 65, 66, 67, 68, 69, 70, 71, 72, 73, 74, 75, 76, 
          77, 78, 79, 80, 81, 82, 83, 84, 85, 86, 87, 88, 89, 90, 91, 92, 93, 
          94, 95, 96, 97, 98, 99, 100, 101, 102, 103, 104, 105, 106, 107, 
          108, 109, 110, 111, 112, 113, 114, 116, 117, 118, 119, 120, 121, 
          122, 123, 124, 125, 126 ], 
      [ 1, 2, 3, 4, 5, 6, 7, 8, 9, 10, 12, 13, 14, 15, 16, 17, 18, 19, 20, 
          21, 22, 24, 25, 26, 27, 28, 29, 30, 31, 32, 33, 34, 35, 36, 37, 38, 
          39, 40, 41, 42, 43, 44, 45, 46, 47, 48, 49, 50, 51, 52, 53, 54, 55, 
          56, 57, 58, 59, 60, 61, 62, 63, 64, 65, 66, 67, 68, 69, 70, 71, 72, 
          73, 74, 75, 76, 77, 78, 79, 80, 81, 82, 83, 84, 86, 87, 88, 89, 90, 
          91, 92, 93, 94, 95, 96, 97, 98, 99, 100, 101, 102, 103, 104, 105, 
          106, 107, 108, 109, 110, 111, 112, 113, 114, 115, 116, 117, 118, 
          119, 120, 121, 122, 123, 124, 125, 126 ] ],
  representatives := [ 1, 85 ] );
