return rec(
  isGraph := true,
  order := 160,
  group := 
   Group( [ (  1, 81,113, 75, 45, 23)(  2, 82,114, 76, 46, 24)(  3, 83,115,
          77, 47, 17)(  4, 84,116, 78, 48, 18)(  5, 85,117, 79, 41, 19)
        (  6, 86,118, 80, 42, 20)(  7, 87,119, 73, 43, 21)(  8, 88,120, 74,
          44, 22)(  9, 89, 51,107, 69, 39)( 10, 90, 52,108, 70, 40)
        ( 11, 91, 53,109, 71, 33)( 12, 92, 54,110, 72, 34)( 13, 93, 55,111,
          65, 35)( 14, 94, 56,112, 66, 36)( 15, 95, 49,105, 67, 37)
        ( 16, 96, 50,106, 68, 38)( 25, 97, 59, 29,101, 63)( 26, 98, 60, 30,
         102, 64)( 27, 99, 61, 31,103, 57)( 28,100, 62, 32,104, 58)
        (121,141,153,159,139,127)(122,142,154,160,140,128)(123,143,155,135,
         151,133)(124,144,156,136,152,134)(125,145,129,147,157,137)
        (126,146,130,148,158,138)(131,149)(132,150), 
      (  1,  3)(  2,  4)(  5,  6)(  7,  8)(  9, 11)( 10, 12)( 13, 14)( 15, 16)
        ( 17, 19)( 18, 20)( 21, 22)( 23, 24)( 25, 27)( 26, 28)( 29, 30)
        ( 31, 32)( 33, 35)( 34, 36)( 37, 38)( 39, 40)( 41, 43)( 42, 44)
        ( 45, 46)( 47, 48)( 49, 81)( 50, 82)( 51, 83)( 52, 84)( 53, 85)
        ( 54, 86)( 55, 87)( 56, 88)( 57, 89)( 58, 90)( 59, 91)( 60, 92)
        ( 61, 93)( 62, 94)( 63, 95)( 64, 96)( 65, 97)( 66, 98)( 67, 99)
        ( 68,100)( 69,101)( 70,102)( 71,103)( 72,104)( 73,105)( 74,106)
        ( 75,107)( 76,108)( 77,109)( 78,110)( 79,111)( 80,112)(121,122)
        (123,124)(125,126)(127,128)(129,141)(130,142)(131,143)(132,144)
        (133,145)(134,146)(135,147)(136,148)(137,149)(138,150)(139,151)
        (140,152), (  1,  2)(  3,  4)(  5,  6)(  7,  8)(  9, 10)( 11, 12)
        ( 13, 14)( 15, 16)( 17, 18)( 19, 20)( 21, 22)( 23, 24)( 25, 26)
        ( 27, 28)( 29, 30)( 31, 32)( 33, 34)( 35, 36)( 37, 38)( 39, 40)
        ( 41, 42)( 43, 44)( 45, 46)( 47, 48)( 49, 50)( 51, 52)( 53, 54)
        ( 55, 56)( 57, 58)( 59, 60)( 61, 62)( 63, 64)( 65, 66)( 67, 68)
        ( 69, 70)( 71, 72)( 73, 74)( 75, 76)( 77, 78)( 79, 80)( 81, 82)
        ( 83, 84)( 85, 86)( 87, 88)( 89, 90)( 91, 92)( 93, 94)( 95, 96)
        ( 97, 98)( 99,100)(101,102)(103,104)(105,106)(107,108)(109,110)
        (111,112)(113,114)(115,116)(117,118)(119,120)(121,122)(123,124)
        (125,126)(127,128)(129,130)(131,132)(133,134)(135,136)(137,138)
        (139,140)(141,142)(143,144)(145,146)(147,148)(149,150)(151,152)
        (153,154)(155,156)(157,158)(159,160) ] ),
  schreierVector := [ -1, 3, 2, 3, 1, 2, 1, 2, 1, 3, 2, 3, 1, 2, 1, 2, 1, 3, 
      1, 3, 1, 2, 1, 2, 1, 3, 2, 3, 1, 2, 1, 2, 1, 3, 2, 3, 1, 2, 1, 2, 2, 3, 
      1, 3, 1, 2, 1, 2, 2, 3, 2, 3, 1, 3, 1, 3, 1, 3, 2, 3, 1, 3, 1, 3, 2, 3, 
      1, 3, 1, 3, 1, 3, 2, 3, 1, 3, 1, 3, 2, 3, 1, 3, 1, 3, 1, 3, 1, 3, 1, 3, 
      1, 3, 2, 3, 1, 3, 1, 3, 2, 3, 2, 3, 2, 3, 1, 3, 2, 3, 2, 3, 1, 3, 1, 3, 
      1, 3, 1, 3, 1, 3, -2, 2, 1, 2, 1, 2, 1, 2, 2, 3, 1, 3, 1, 3, 2, 3, 1, 
      3, 1, 3, 1, 3, 1, 3, 2, 3, 1, 3, 2, 3, 2, 3, 1, 3, 1, 3, 1, 3, 1, 3 ],
  adjacencies := 
   [ [ 2, 4, 5, 8, 9, 10, 11, 12, 13, 14, 15, 16, 17, 18, 19, 20, 21, 22, 23, 
          24, 25, 26, 27, 28, 29, 30, 31, 32, 33, 34, 35, 36, 37, 38, 39, 40, 
          41, 42, 43, 44, 45, 46, 47, 48, 49, 50, 51, 52, 53, 54, 55, 56, 57, 
          58, 59, 60, 61, 62, 63, 64, 65, 66, 67, 68, 69, 70, 71, 72, 73, 74, 
          75, 76, 77, 78, 79, 80, 81, 82, 83, 84, 85, 86, 87, 88, 89, 90, 91, 
          92, 93, 94, 95, 96, 97, 98, 99, 100, 101, 102, 103, 104, 105, 106, 
          107, 108, 109, 110, 111, 112, 113, 114, 115, 116, 117, 118, 119, 
          120, 121, 122, 123, 124, 125, 126, 127, 128, 129, 130, 131, 132, 
          133, 134, 135, 136, 137, 138, 139, 140, 142, 143, 144, 145, 146, 
          147, 148, 149, 150, 151, 152, 153, 154, 155, 156, 157, 158, 159, 
          160 ], 
      [ 1, 2, 3, 4, 5, 6, 8, 9, 10, 11, 12, 13, 14, 16, 17, 18, 19, 20, 21, 
          22, 24, 25, 26, 27, 28, 29, 30, 31, 32, 33, 34, 35, 36, 37, 38, 39, 
          40, 41, 42, 43, 44, 45, 46, 47, 48, 49, 50, 51, 52, 53, 54, 55, 56, 
          57, 58, 59, 60, 61, 62, 63, 64, 65, 66, 67, 68, 69, 70, 71, 72, 73, 
          74, 75, 76, 77, 78, 79, 80, 81, 82, 83, 84, 85, 86, 87, 88, 89, 90, 
          91, 92, 93, 94, 95, 96, 97, 98, 99, 100, 101, 102, 103, 104, 105, 
          106, 107, 108, 109, 110, 111, 112, 113, 114, 115, 116, 117, 118, 
          119, 120, 122, 123, 124, 125, 126, 127, 128, 129, 130, 131, 132, 
          133, 134, 135, 136, 137, 138, 139, 140, 141, 142, 143, 144, 145, 
          146, 147, 148, 149, 150, 151, 152, 153, 154, 155, 156, 157, 158, 
          159, 160 ] ],
  representatives := [ 1, 121 ] );
