return rec(
  isGraph := true,
  order := 280,
  group := 
   Group( [ (  1,151,201,144, 95, 58, 29)(  2,152,202,143, 96, 57, 30)(  3,
         153,203,146, 97, 60, 22)(  4,154,204,145, 98, 59, 21)
        (  5,155,205,148, 99, 51, 24)(  6,156,206,147,100, 52, 23)
        (  7,157,207,150, 92, 53, 26)(  8,158,208,149, 91, 54, 25)
        (  9,159,209,141, 94, 55, 28)( 10,160,210,142, 93, 56, 27)
        ( 11,161,104,194,135, 88, 49)( 12,162,103,193,136, 87, 50)
        ( 13,163,106,196,137, 90, 42)( 14,164,105,195,138, 89, 41)
        ( 15,165,108,198,139, 81, 44)( 16,166,107,197,140, 82, 43)
        ( 17,167,110,200,132, 83, 46)( 18,168,109,199,131, 84, 45)
        ( 19,169,101,191,134, 85, 48)( 20,170,102,192,133, 86, 47)
        ( 31,171,114, 65,185,128, 79)( 32,172,113, 66,186,127, 80)
        ( 33,173,116, 67,187,130, 72)( 34,174,115, 68,188,129, 71)
        ( 35,175,118, 69,189,121, 74)( 36,176,117, 70,190,122, 73)
        ( 37,177,120, 62,182,123, 76)( 38,178,119, 61,181,124, 75)
        ( 39,179,111, 64,184,125, 78)( 40,180,112, 63,183,126, 77)
        (211,251,271,279,250,229,218)(212,252,272,280,249,230,217)
        (213,253,273,244,270,241,224)(214,254,274,243,269,242,223)
        (215,255,232,264,278,247,228)(216,256,231,263,277,248,227)
        (219,257,275,246,225,261,236)(220,258,276,245,226,262,235)
        (221,259,234,266,237,267,240)(222,260,233,265,238,268,239), 
      (  1,  3)(  2,  4)(  5,  6)(  7,  8)(  9, 10)( 11, 13)( 12, 14)( 15, 16)
        ( 17, 18)( 19, 20)( 21, 23)( 22, 24)( 25, 26)( 27, 28)( 29, 30)
        ( 31, 33)( 32, 34)( 35, 36)( 37, 38)( 39, 40)( 41, 43)( 42, 44)
        ( 45, 46)( 47, 48)( 49, 50)( 51, 53)( 52, 54)( 55, 56)( 57, 58)
        ( 59, 60)( 61, 63)( 62, 64)( 65, 66)( 67, 68)( 69, 70)( 71, 73)
        ( 72, 74)( 75, 76)( 77, 78)( 79, 80)( 81, 83)( 82, 84)( 85, 86)
        ( 87, 88)( 89, 90)( 91, 93)( 92, 94)( 95, 96)( 97, 98)( 99,100)
        (101,151)(102,152)(103,153)(104,154)(105,155)(106,156)(107,157)
        (108,158)(109,159)(110,160)(111,161)(112,162)(113,163)(114,164)
        (115,165)(116,166)(117,167)(118,168)(119,169)(120,170)(121,171)
        (122,172)(123,173)(124,174)(125,175)(126,176)(127,177)(128,178)
        (129,179)(130,180)(131,181)(132,182)(133,183)(134,184)(135,185)
        (136,186)(137,187)(138,188)(139,189)(140,190)(141,191)(142,192)
        (143,193)(144,194)(145,195)(146,196)(147,197)(148,198)(149,199)
        (150,200)(211,212)(213,214)(215,216)(217,218)(219,220)(221,222)
        (223,224)(225,226)(227,228)(229,230)(231,251)(232,252)(233,253)
        (234,254)(235,255)(236,256)(237,257)(238,258)(239,259)(240,260)
        (241,261)(242,262)(243,263)(244,264)(245,265)(246,266)(247,267)
        (248,268)(249,269)(250,270), (  1,  2)(  3,  4)(  5,  6)(  7,  8)
        (  9, 10)( 11, 12)( 13, 14)( 15, 16)( 17, 18)( 19, 20)( 21, 22)
        ( 23, 24)( 25, 26)( 27, 28)( 29, 30)( 31, 32)( 33, 34)( 35, 36)
        ( 37, 38)( 39, 40)( 41, 42)( 43, 44)( 45, 46)( 47, 48)( 49, 50)
        ( 51, 52)( 53, 54)( 55, 56)( 57, 58)( 59, 60)( 61, 62)( 63, 64)
        ( 65, 66)( 67, 68)( 69, 70)( 71, 72)( 73, 74)( 75, 76)( 77, 78)
        ( 79, 80)( 81, 82)( 83, 84)( 85, 86)( 87, 88)( 89, 90)( 91, 92)
        ( 93, 94)( 95, 96)( 97, 98)( 99,100)(101,102)(103,104)(105,106)
        (107,108)(109,110)(111,112)(113,114)(115,116)(117,118)(119,120)
        (121,122)(123,124)(125,126)(127,128)(129,130)(131,132)(133,134)
        (135,136)(137,138)(139,140)(141,142)(143,144)(145,146)(147,148)
        (149,150)(151,152)(153,154)(155,156)(157,158)(159,160)(161,162)
        (163,164)(165,166)(167,168)(169,170)(171,172)(173,174)(175,176)
        (177,178)(179,180)(181,182)(183,184)(185,186)(187,188)(189,190)
        (191,192)(193,194)(195,196)(197,198)(199,200)(201,202)(203,204)
        (205,206)(207,208)(209,210)(211,212)(213,214)(215,216)(217,218)
        (219,220)(221,222)(223,224)(225,226)(227,228)(229,230)(231,232)
        (233,234)(235,236)(237,238)(239,240)(241,242)(243,244)(245,246)
        (247,248)(249,250)(251,252)(253,254)(255,256)(257,258)(259,260)
        (261,262)(263,264)(265,266)(267,268)(269,270)(271,272)(273,274)
        (275,276)(277,278)(279,280) ] ),
  schreierVector := [ -1, 3, 2, 3, 1, 2, 1, 2, 1, 2, 1, 1, 2, 2, 1, 2, 1, 1, 
      1, 2, 3, 1, 3, 2, 2, 1, 2, 1, 1, 2, 1, 1, 2, 2, 1, 2, 1, 1, 1, 2, 3, 1, 
      3, 2, 1, 1, 2, 1, 1, 1, 2, 3, 1, 3, 1, 2, 2, 1, 2, 1, 1, 1, 2, 1, 1, 1, 
      1, 1, 1, 2, 3, 1, 3, 2, 1, 1, 2, 1, 1, 1, 1, 3, 2, 1, 1, 2, 1, 1, 2, 1, 
      3, 2, 3, 1, 1, 2, 1, 2, 1, 1, 2, 3, 2, 3, 2, 1, 2, 3, 1, 3, 2, 1, 2, 1, 
      2, 1, 3, 1, 1, 1, 2, 2, 2, 1, 1, 3, 1, 1, 3, 1, 2, 2, 3, 1, 1, 1, 1, 3, 
      2, 3, 2, 3, 3, 1, 3, 1, 2, 1, 2, 1, 1, 3, 1, 3, 1, 3, 1, 3, 1, 3, 1, 1, 
      1, 1, 1, 3, 3, 2, 1, 3, 1, 1, 1, 1, 2, 3, 2, 2, 1, 2, 1, 1, 3, 2, 2, 2, 
      2, 3, 1, 3, 1, 3, 1, 2, 3, 2, 1, 3, 1, 3, 1, 3, 1, 3, 1, 3, 1, 3, 1, 3, 
      -2, 2, 1, 1, 2, 1, 2, 1, 1, 1, 2, 1, 1, 1, 1, 1, 1, 2, 1, 2, 2, 3, 2, 
      1, 1, 1, 2, 2, 1, 3, 1, 1, 2, 3, 2, 2, 3, 1, 3, 1, 1, 3, 1, 1, 3, 1, 1, 
      1, 2, 1, 2, 2, 1, 3, 1, 1, 3, 2, 1, 2, 1, 3, 1, 1, 1, 1, 1, 3, 1, 3 ],
  adjacencies := 
   [ [ 2, 4, 5, 8, 9, 11, 12, 13, 14, 15, 16, 17, 18, 19, 20, 21, 22, 23, 24, 
          25, 26, 27, 28, 29, 30, 31, 32, 33, 34, 35, 36, 37, 38, 39, 40, 41, 
          42, 43, 44, 45, 46, 47, 48, 49, 50, 51, 52, 53, 54, 55, 56, 57, 58, 
          59, 60, 61, 62, 63, 64, 65, 66, 67, 68, 69, 70, 71, 72, 73, 74, 75, 
          76, 77, 78, 79, 80, 81, 82, 83, 84, 85, 86, 87, 88, 89, 90, 91, 92, 
          93, 94, 95, 96, 97, 98, 99, 100, 101, 102, 103, 104, 105, 106, 107, 
          108, 109, 110, 111, 112, 113, 114, 115, 116, 117, 118, 119, 120, 
          121, 122, 123, 124, 125, 126, 127, 128, 129, 130, 131, 132, 133, 
          134, 135, 136, 137, 138, 139, 140, 141, 142, 143, 144, 145, 146, 
          147, 148, 149, 150, 151, 152, 153, 154, 155, 156, 157, 158, 159, 
          160, 161, 162, 163, 164, 165, 166, 167, 168, 169, 170, 171, 172, 
          173, 174, 175, 176, 177, 178, 179, 180, 181, 182, 183, 184, 185, 
          186, 187, 188, 189, 190, 191, 192, 193, 194, 195, 196, 197, 198, 
          199, 200, 201, 202, 203, 204, 205, 206, 207, 208, 209, 210, 211, 
          212, 213, 214, 215, 216, 217, 218, 219, 220, 221, 222, 223, 224, 
          225, 226, 227, 228, 229, 230, 231, 232, 233, 234, 235, 236, 237, 
          238, 239, 240, 241, 242, 243, 244, 245, 246, 247, 248, 249, 250, 
          252, 253, 254, 255, 256, 257, 258, 259, 260, 261, 262, 263, 264, 
          265, 266, 267, 268, 269, 270, 271, 272, 273, 274, 275, 276, 277, 
          278, 279, 280 ], 
      [ 1, 2, 3, 4, 5, 6, 7, 8, 10, 11, 12, 13, 14, 15, 16, 17, 18, 20, 21, 
          22, 23, 24, 25, 26, 27, 28, 30, 31, 32, 33, 34, 35, 36, 37, 38, 39, 
          40, 41, 42, 43, 44, 45, 46, 47, 48, 49, 50, 51, 52, 53, 54, 55, 56, 
          57, 58, 59, 60, 61, 62, 63, 64, 65, 66, 67, 68, 69, 70, 71, 72, 73, 
          74, 75, 76, 77, 78, 79, 80, 81, 82, 83, 84, 85, 86, 87, 88, 89, 90, 
          91, 92, 93, 94, 95, 96, 97, 98, 99, 100, 101, 102, 103, 104, 105, 
          106, 107, 108, 109, 110, 111, 112, 113, 114, 115, 116, 117, 118, 
          119, 120, 121, 122, 123, 124, 125, 126, 127, 128, 129, 130, 131, 
          132, 133, 134, 135, 136, 137, 138, 139, 140, 141, 142, 143, 144, 
          145, 146, 147, 148, 149, 150, 151, 152, 153, 154, 155, 156, 157, 
          158, 159, 160, 161, 162, 163, 164, 165, 166, 167, 168, 169, 170, 
          171, 172, 173, 174, 175, 176, 177, 178, 179, 180, 181, 182, 183, 
          184, 185, 186, 187, 188, 189, 190, 191, 192, 193, 194, 195, 196, 
          197, 198, 199, 200, 201, 202, 203, 204, 205, 206, 207, 208, 209, 
          210, 212, 213, 214, 215, 216, 217, 218, 219, 220, 221, 222, 223, 
          224, 225, 226, 227, 228, 229, 230, 231, 232, 233, 234, 235, 236, 
          237, 238, 239, 240, 241, 242, 243, 244, 245, 246, 247, 248, 249, 
          250, 251, 252, 253, 254, 255, 256, 257, 258, 259, 260, 261, 262, 
          263, 264, 265, 266, 267, 268, 269, 270, 271, 272, 273, 274, 275, 
          276, 277, 278, 279, 280 ] ],
  representatives := [ 1, 211 ] );
