return rec(
  isGraph := true,
  order := 24,
  group := 
   Group( [ ( 1, 3, 5, 7, 9,11)( 2, 4, 6, 8,10,12)(13,23,21,19,17,15)(14,24,
         22,20,18,16), ( 1, 3)( 2, 4)( 5, 6)( 7, 8)( 9,10)(11,12)(13,14)
        (15,16)(17,18)(19,20)(21,23)(22,24), 
      ( 1, 2)( 3, 4)( 5, 6)( 7, 8)( 9,10)(11,12)(13,14)(15,16)(17,18)(19,20)
        (21,22)(23,24) ] ),
  schreierVector := [ -1, 3, 1, 3, 1, 2, 1, 2, 1, 2, 1, 2, -2, 2, 1, 2, 1, 2, 
      1, 2, 1, 3, 1, 3 ],
  adjacencies := 
   [ [ 2, 4, 5, 8, 9, 12, 13, 14, 15, 16, 17, 18, 19, 20, 21, 22, 24 ], 
      [ 1, 2, 3, 4, 5, 6, 7, 8, 9, 10, 12, 14, 15, 16, 17, 18, 19, 20, 21, 
          22, 23, 24 ] ],
  representatives := [ 1, 13 ] );
