return rec(
  GRP := Group( [ ( 7,10)( 8, 9)(15,18)(16,17), ( 5, 8)( 6, 7)(17,20)(18,19), 
      ( 3, 6)( 4, 5)(19,22)(20,21), ( 1, 2)( 3, 4)( 5, 6)( 7, 8)( 9,10)(11,12)
        (13,14)(15,16)(17,18)(19,20)(21,22)(23,24), 
      ( 1, 2)( 3, 4)( 5, 6)( 7, 8)( 9,11)(10,12)(13,15)(14,16)(17,18)(19,20)
        (21,22)(23,24), ( 1, 3)( 2, 4)( 5, 6)( 7, 8)( 9,10)(11,12)(13,14)
        (15,16)(17,18)(19,20)(21,23)(22,24), 
      ( 1, 3, 5, 7, 9,11)( 2, 4, 6, 8,10,12)(13,23,21,19,17,15)
        (14,24,22,20,18,16), ( 1, 4)( 2, 3)(21,24)(22,23) ] ),
  ListOrbitFacet := 
   [ [ 9, 10, 11, 12, 14, 16, 17, 18, 19, 20, 21, 22, 23, 24 ], 
      [ 7, 10, 11, 14, 15, 17, 19, 20, 21, 22, 23, 24 ], 
      [ 6, 7, 10, 11, 14, 15, 18, 20, 21, 22, 23, 24 ], 
      [ 3, 6, 7, 10, 11, 14, 15, 18, 19, 21, 23, 24 ], 
      [ 2, 3, 6, 7, 10, 11, 14, 15, 18, 19, 22, 24 ] ] );
