return rec(
  GRP := Group( [ (11,14)(12,13)(19,22)(20,21), ( 9,12)(10,11)(21,24)(22,23), 
      ( 7,10)( 8, 9)(23,26)(24,25), ( 5, 8)( 6, 7)(25,28)(26,27), 
      ( 3, 6)( 4, 5)(27,30)(28,29), ( 1, 2)( 3, 4)( 5, 6)( 7, 8)( 9,10)(11,12)
        (13,14)(15,16)(17,18)(19,20)(21,22)(23,24)(25,26)(27,28)(29,30)(31,32)
        , ( 1, 2)( 3, 4)( 5, 6)( 7, 8)( 9,10)(11,12)(13,15)(14,16)(17,19)
        (18,20)(21,22)(23,24)(25,26)(27,28)(29,30)(31,32), 
      ( 1, 3)( 2, 4)( 5, 6)( 7, 8)( 9,10)(11,12)(13,14)(15,16)(17,18)(19,20)
        (21,22)(23,24)(25,26)(27,28)(29,31)(30,32), 
      ( 1, 3, 5, 7, 9,11,13,15)( 2, 4, 6, 8,10,12,14,16)(17,31,29,27,25,23,21,
         19)(18,32,30,28,26,24,22,20), ( 1, 4)( 2, 3)(29,32)(30,31) ] ),
  ListOrbitFacet := 
   [ [ 13, 14, 15, 16, 18, 20, 21, 22, 23, 24, 25, 26, 27, 28, 29, 30, 31, 32 
         ], [ 11, 14, 15, 18, 19, 21, 23, 24, 25, 26, 27, 28, 29, 30, 31, 32 ]
        , [ 10, 11, 14, 15, 18, 19, 22, 24, 25, 26, 27, 28, 29, 30, 31, 32 ], 
      [ 7, 10, 11, 14, 15, 18, 19, 22, 23, 25, 27, 28, 29, 30, 31, 32 ], 
      [ 6, 7, 10, 11, 14, 15, 18, 19, 22, 23, 26, 28, 29, 30, 31, 32 ], 
      [ 3, 6, 7, 10, 11, 14, 15, 18, 19, 22, 23, 26, 27, 29, 31, 32 ], 
      [ 2, 3, 6, 7, 10, 11, 14, 15, 18, 19, 22, 23, 26, 27, 30, 32 ] ] );
