return rec(
  GRP := 
   Group( [ ( 5, 8)( 6, 7)( 9,18)(10,17)(11,20)(12,19)(13,22)(14,21)(15,24)
        (16,23)(27,30)(28,29)(35,38)(36,37)(41,44)(42,43)(45,46)(49,52)(50,51)
        (55,58)(56,57), ( 3, 6)( 4, 5)(11,14)(12,13)(17,26)(18,25)(19,28)
        (20,27)(21,30)(22,29)(23,32)(24,31)(33,36)(34,35)(43,48)(44,47)(45,50)
        (46,49)(51,52)(57,60)(58,59), ( 1, 2)( 3, 4)( 5, 6)( 7, 8)( 9,10)
        (11,12)(13,14)(15,16)(17,18)(19,20)(21,22)(23,24)(25,26)(27,28)(29,30)
        (31,32)(33,34)(35,36)(37,38)(39,40)(41,42)(43,44)(45,46)(47,48)(49,50)
        (51,52)(53,54)(55,56)(57,58)(59,60), 
      ( 1, 3)( 2, 4)( 5, 6)( 7, 8)( 9,11)(10,12)(13,14)(15,16)(17,19)(18,20)
        (21,22)(23,24)(25,33)(26,34)(27,35)(28,36)(29,37)(30,38)(31,39)(32,40)
        (41,42)(43,44)(45,46)(47,53)(48,54)(49,55)(50,56)(51,57)(52,58), 
      ( 1, 9)( 2,10)( 3,11)( 4,12)( 5,13)( 6,14)( 7,15)( 8,16)(17,18)(19,20)
        (21,23)(22,24)(25,26)(27,28)(29,31)(30,32)(33,34)(35,36)(37,39)(38,40)
        (43,45)(44,46)(47,49)(48,50)(51,52)(53,55)(54,56)(57,58)(59,60), 
      ( 1,33,27,21,15)( 2,34,28,22,16)( 3,35,29,23, 9)( 4,36,30,24,10)
        ( 5,37,31,17,11)( 6,38,32,18,12)( 7,39,25,19,13)( 8,40,26,20,14)
        (41,53,59,51,45)(42,54,60,52,46)(43,55,47,57,49)(44,56,48,58,50) ] ),
  ListOrbitFacet := 
   [ [ 5, 6, 7, 8, 13, 14, 15, 16, 21, 22, 23, 24, 25, 26, 27, 28, 29, 30, 
          31, 32, 33, 34, 35, 36, 37, 38, 39, 40, 42, 44, 46, 47, 48, 49, 50, 
          51, 52, 53, 54, 55, 56, 57, 58, 59, 60 ], 
      [ 3, 6, 7, 11, 14, 15, 21, 22, 23, 24, 29, 30, 31, 32, 33, 34, 35, 36, 
          37, 38, 39, 40, 42, 44, 46, 48, 50, 51, 52, 53, 54, 55, 56, 57, 58, 
          59, 60 ], 
      [ 3, 4, 5, 6, 11, 12, 13, 14, 21, 22, 23, 24, 29, 30, 31, 32, 33, 34, 
          35, 36, 37, 38, 39, 40, 41, 42, 44, 46, 48, 50, 51, 52, 53, 54, 55, 
          56, 57, 58, 59, 60 ], 
      [ 3, 4, 11, 14, 15, 19, 22, 23, 31, 32, 33, 34, 35, 36, 37, 38, 39, 40, 
          41, 44, 45, 48, 50, 51, 53, 54, 55, 56, 57, 58, 59, 60 ], 
      [ 3, 6, 7, 11, 14, 15, 21, 22, 23, 24, 29, 30, 31, 32, 33, 34, 35, 36, 
          37, 38, 39, 40, 41, 43, 45, 48, 50, 51, 52, 53, 54, 55, 56, 57, 58, 
          59, 60 ], 
      [ 3, 6, 7, 11, 14, 15, 19, 22, 23, 27, 30, 31, 33, 34, 35, 36, 37, 38, 
          39, 40, 42, 44, 45, 48, 49, 51, 53, 54, 55, 56, 57, 58, 59, 60 ], 
      [ 7, 8, 15, 16, 19, 22, 23, 27, 30, 31, 33, 34, 35, 36, 37, 38, 39, 40, 
          44, 45, 48, 49, 51, 53, 54, 55, 56, 57, 58, 59, 60 ], 
      [ 5, 6, 12, 13, 16, 23, 24, 27, 30, 31, 33, 34, 35, 36, 37, 38, 39, 40, 
          41, 45, 48, 49, 51, 53, 54, 55, 56, 57, 58, 59, 60 ], 
      [ 3, 6, 11, 12, 23, 24, 30, 31, 33, 34, 35, 36, 37, 38, 39, 40, 41, 45, 
          48, 51, 53, 54, 55, 56, 57, 58, 59, 60 ], 
      [ 3, 4, 13, 14, 21, 22, 31, 32, 33, 34, 35, 36, 37, 38, 39, 40, 41, 43, 
          50, 52, 53, 54, 55, 56, 57, 58, 59, 60 ], 
      [ 3, 6, 11, 12, 23, 24, 30, 31, 37, 38, 39, 40, 41, 42, 45, 48, 51, 54, 
          56, 57, 58, 59, 60 ], 
      [ 2, 3, 6, 11, 12, 13, 14, 21, 22, 23, 24, 26, 30, 31, 33, 34, 39, 40, 
          41, 42, 43, 45, 48, 49, 51, 52, 54, 55, 56, 57, 58, 60 ], 
      [ 3, 6, 11, 12, 24, 30, 31, 35, 36, 39, 40, 41, 43, 45, 48, 51, 54, 55, 
          56, 57, 59, 60 ], 
      [ 5, 6, 9, 10, 11, 12, 23, 24, 27, 30, 31, 35, 38, 39, 41, 42, 45, 46, 
          48, 49, 51, 54, 55, 57, 59, 60 ], 
      [ 3, 6, 11, 12, 23, 24, 30, 31, 34, 38, 39, 41, 42, 45, 48, 49, 51, 54, 
          55, 57, 58, 60 ], 
      [ 2, 3, 6, 9, 10, 11, 12, 17, 20, 24, 27, 30, 31, 35, 38, 39, 41, 42, 
          43, 45, 46, 48, 49, 51, 54, 55, 57, 59, 60 ], 
      [ 5, 6, 11, 12, 23, 24, 30, 31, 34, 35, 38, 39, 41, 42, 45, 48, 49, 51, 
          54, 55, 58, 60 ], 
      [ 3, 6, 11, 12, 24, 30, 31, 34, 35, 38, 39, 41, 42, 45, 48, 49, 51, 54, 
          55, 58, 60 ], 
      [ 5, 6, 9, 10, 11, 12, 23, 24, 26, 27, 30, 31, 34, 35, 38, 39, 41, 42, 
          45, 46, 48, 49, 51, 54, 55, 57, 59 ], 
      [ 2, 3, 6, 9, 10, 11, 12, 17, 20, 24, 26, 27, 30, 31, 34, 35, 38, 39, 
          41, 42, 43, 45, 46, 48, 49, 51, 54, 55, 57, 59 ], 
      [ 5, 6, 11, 12, 23, 24, 30, 31, 35, 38, 39, 41, 42, 45, 48, 51, 54, 56, 
          58, 59, 60 ], 
      [ 5, 6, 11, 12, 13, 14, 23, 24, 26, 30, 31, 34, 35, 39, 41, 42, 45, 48, 
          49, 51, 52, 54, 55, 56, 58, 60 ], 
      [ 3, 6, 11, 12, 24, 30, 31, 35, 38, 39, 41, 42, 45, 48, 51, 54, 56, 58, 
          59, 60 ], 
      [ 2, 3, 6, 11, 12, 13, 14, 17, 21, 24, 26, 30, 31, 34, 35, 39, 41, 42, 
          43, 45, 48, 49, 51, 52, 54, 55, 56, 58, 60 ], 
      [ 5, 6, 11, 12, 23, 24, 30, 31, 34, 35, 38, 39, 41, 42, 45, 48, 51, 54, 
          56, 58, 59 ], 
      [ 3, 6, 11, 12, 24, 30, 31, 34, 35, 38, 39, 41, 42, 45, 48, 51, 54, 56, 
          58, 59 ], 
      [ 3, 6, 11, 12, 23, 24, 30, 31, 34, 38, 39, 41, 42, 45, 48, 51, 54, 56, 
          57, 58, 59 ], 
      [ 6, 11, 12, 23, 24, 26, 30, 31, 34, 35, 39, 41, 45, 48, 51, 54, 55, 
          56, 57, 59 ], 
      [ 3, 6, 11, 12, 24, 30, 31, 34, 35, 39, 41, 43, 45, 48, 51, 54, 55, 56, 
          57, 59 ], 
      [ 2, 3, 6, 11, 12, 23, 24, 26, 30, 31, 33, 34, 39, 40, 41, 45, 48, 51, 
          53, 55, 56, 57, 58, 59 ], 
      [ 2, 3, 6, 11, 12, 17, 24, 30, 31, 35, 36, 39, 40, 41, 45, 48, 51, 53, 
          55, 56, 58, 59, 60 ], 
      [ 2, 3, 6, 7, 11, 12, 17, 18, 23, 24, 29, 30, 33, 36, 37, 40, 41, 43, 
          45, 46, 48, 50, 51, 52, 53, 56, 57, 59 ], 
      [ 2, 3, 6, 7, 9, 12, 16, 17, 18, 23, 24, 26, 30, 31, 33, 36, 37, 40, 
          41, 43, 45, 46, 48, 50, 51, 52, 53, 56, 57, 59 ], 
      [ 2, 3, 6, 11, 12, 23, 24, 30, 33, 37, 40, 41, 45, 48, 51, 53, 56, 57, 
          58, 59 ], 
      [ 2, 3, 6, 9, 12, 23, 24, 26, 30, 31, 33, 37, 40, 41, 45, 48, 51, 53, 
          56, 57, 58, 59 ], 
      [ 2, 3, 6, 7, 11, 12, 15, 16, 17, 18, 23, 24, 26, 30, 31, 33, 36, 40, 
          41, 43, 45, 46, 48, 50, 51, 52, 53, 55, 56, 57, 59 ], 
      [ 3, 6, 11, 12, 23, 24, 30, 31, 36, 37, 40, 41, 45, 46, 48, 51, 53, 55, 
          57, 59, 60 ], 
      [ 3, 4, 5, 6, 9, 10, 11, 12, 17, 18, 23, 24, 29, 30, 31, 32, 35, 36, 
          37, 38, 41, 42, 44, 45, 46, 48, 50, 51, 52, 53, 54, 56, 58, 59, 60 ]
        , [ 2, 3, 6, 9, 10, 11, 12, 17, 18, 23, 24, 29, 30, 31, 32, 36, 37, 
          40, 41, 42, 43, 45, 46, 48, 50, 51, 52, 54, 56, 57, 59, 60 ], 
      [ 3, 6, 7, 11, 12, 17, 18, 23, 24, 29, 30, 33, 36, 37, 41, 43, 45, 46, 
          48, 50, 51, 52, 53, 54, 56, 57, 59 ], 
      [ 3, 6, 7, 9, 12, 16, 17, 18, 23, 24, 26, 30, 31, 33, 36, 37, 41, 43, 
          45, 46, 48, 50, 51, 52, 53, 54, 56, 57, 59 ], 
      [ 3, 6, 11, 12, 23, 24, 30, 31, 35, 36, 37, 38, 41, 45, 46, 48, 51, 53, 
          54, 55, 57, 59, 60 ], 
      [ 2, 3, 6, 11, 12, 17, 20, 21, 24, 29, 30, 35, 38, 39, 41, 42, 43, 45, 
          48, 51, 54, 56, 58, 59, 60 ], 
      [ 2, 3, 6, 9, 10, 11, 12, 17, 20, 24, 27, 30, 31, 35, 38, 39, 41, 42, 
          43, 45, 46, 48, 50, 52, 54, 56, 58, 59, 60 ], 
      [ 2, 3, 6, 9, 12, 13, 17, 20, 21, 24, 27, 30, 31, 35, 38, 39, 41, 42, 
          43, 45, 48, 49, 51, 54, 56, 58, 59, 60 ], 
      [ 2, 3, 6, 11, 12, 17, 24, 30, 31, 35, 39, 41, 42, 45, 48, 51, 56, 58, 
          59, 60 ], 
      [ 3, 11, 12, 17, 24, 30, 31, 35, 38, 39, 41, 42, 45, 48, 51, 54, 56, 
          58, 59, 60 ], 
      [ 2, 3, 6, 11, 12, 17, 24, 30, 31, 35, 39, 41, 42, 43, 45, 48, 51, 54, 
          56, 59, 60 ], 
      [ 3, 11, 12, 17, 24, 30, 31, 34, 35, 38, 39, 41, 42, 45, 48, 51, 54, 
          56, 58, 59 ], 
      [ 2, 3, 6, 10, 11, 14, 17, 21, 24, 26, 30, 31, 34, 35, 38, 39, 41, 42, 
          43, 45, 48, 50, 51, 52, 54, 56, 58, 59 ], 
      [ 2, 3, 6, 11, 12, 17, 20, 21, 24, 30, 34, 35, 38, 39, 41, 42, 43, 45, 
          48, 51, 54, 56, 58, 59 ], 
      [ 2, 3, 6, 9, 12, 13, 17, 20, 21, 24, 26, 27, 30, 31, 34, 35, 38, 39, 
          41, 42, 43, 45, 48, 49, 51, 54, 56, 58, 59 ], 
      [ 2, 3, 6, 9, 10, 11, 12, 17, 20, 24, 26, 27, 30, 31, 34, 35, 38, 39, 
          41, 42, 43, 45, 46, 48, 50, 52, 54, 56, 58, 59 ], 
      [ 2, 3, 6, 11, 12, 17, 24, 26, 30, 31, 34, 35, 39, 41, 42, 45, 48, 51, 
          56, 58, 59 ], 
      [ 11, 12, 15, 16, 17, 18, 23, 24, 26, 30, 31, 34, 35, 39, 41, 43, 45, 
          46, 48, 50, 51, 52, 54, 55, 56, 57, 59 ], 
      [ 6, 11, 12, 15, 16, 23, 24, 26, 27, 30, 31, 34, 35, 39, 42, 45, 46, 
          48, 49, 51, 54, 55, 56, 57, 59 ], 
      [ 6, 11, 12, 24, 26, 30, 31, 34, 35, 39, 41, 43, 45, 48, 51, 54, 55, 
          56, 57, 59 ], 
      [ 5, 6, 11, 12, 13, 14, 23, 26, 27, 30, 31, 34, 35, 39, 41, 42, 45, 48, 
          49, 51, 54, 55, 56, 57, 59 ], 
      [ 5, 6, 11, 12, 13, 14, 23, 24, 26, 30, 31, 34, 35, 39, 41, 42, 46, 48, 
          50, 51, 52, 54, 55, 56, 57, 59 ], 
      [ 6, 11, 14, 15, 23, 24, 26, 30, 31, 34, 35, 39, 41, 43, 45, 48, 50, 
          51, 52, 54, 55, 56, 57, 59 ], 
      [ 5, 6, 11, 12, 23, 24, 26, 30, 34, 35, 39, 41, 45, 48, 51, 54, 55, 56, 
          57, 59 ], 
      [ 5, 6, 11, 12, 13, 14, 23, 24, 26, 30, 31, 34, 35, 39, 41, 42, 43, 45, 
          47, 49, 51, 52, 54, 55, 56, 57, 59 ], 
      [ 6, 11, 12, 15, 16, 23, 24, 26, 27, 30, 31, 34, 35, 39, 41, 43, 45, 
          46, 48, 50, 52, 54, 55, 56, 57, 59 ], 
      [ 5, 6, 12, 13, 16, 23, 24, 26, 27, 30, 31, 34, 35, 39, 41, 45, 48, 49, 
          51, 54, 55, 56, 57, 59 ], 
      [ 6, 11, 12, 23, 24, 26, 30, 31, 34, 39, 41, 42, 45, 48, 51, 54, 56, 
          57, 59 ], 
      [ 5, 6, 11, 12, 23, 24, 26, 30, 31, 34, 35, 39, 41, 42, 45, 48, 51, 54, 
          56, 59 ], 
      [ 2, 3, 6, 11, 12, 24, 26, 30, 31, 34, 39, 41, 42, 43, 45, 48, 51, 54, 
          56, 57, 59 ], 
      [ 5, 6, 11, 12, 23, 24, 26, 30, 34, 39, 41, 42, 45, 48, 51, 54, 56, 57, 
          59 ], 
      [ 3, 6, 11, 12, 23, 24, 26, 30, 31, 34, 41, 42, 45, 48, 51, 54, 56, 57, 
          59 ], 
      [ 2, 3, 6, 11, 12, 23, 24, 26, 30, 31, 34, 39, 41, 42, 45, 48, 51, 56, 
          57, 58, 59 ], 
      [ 1, 5, 11, 12, 23, 24, 26, 30, 34, 39, 41, 42, 45, 48, 51, 54, 56, 57, 
          59 ], 
      [ 5, 6, 11, 12, 15, 16, 23, 24, 26, 27, 30, 34, 35, 39, 42, 45, 46, 47, 
          48, 49, 51, 54, 55, 56, 57, 59 ], 
      [ 1, 2, 5, 6, 11, 12, 24, 26, 30, 34, 39, 41, 42, 43, 45, 47, 48, 51, 
          54, 56, 57, 59 ], 
      [ 5, 6, 11, 12, 23, 24, 30, 34, 38, 39, 41, 42, 45, 48, 51, 54, 56, 57, 
          58, 59 ], 
      [ 1, 2, 5, 6, 11, 12, 23, 24, 26, 30, 34, 39, 41, 42, 45, 47, 48, 51, 
          56, 57, 58, 59 ], 
      [ 3, 6, 11, 12, 23, 24, 26, 30, 31, 34, 42, 45, 46, 48, 51, 54, 56, 57, 
          59 ], 
      [ 3, 4, 5, 6, 11, 12, 13, 14, 18, 19, 22, 23, 26, 27, 30, 31, 33, 34, 
          35, 36, 41, 42, 44, 45, 48, 49, 51, 53, 54, 55, 56, 57, 59 ], 
      [ 3, 6, 11, 12, 23, 24, 26, 30, 31, 34, 41, 42, 46, 48, 50, 51, 52, 54, 
          56, 57, 59 ], 
      [ 3, 6, 11, 12, 23, 24, 26, 30, 31, 34, 41, 42, 43, 45, 51, 52, 54, 56, 
          57, 59 ], 
      [ 3, 6, 9, 12, 23, 24, 26, 30, 31, 34, 38, 41, 42, 45, 48, 51, 54, 56, 
          57, 58, 59 ], 
      [ 2, 3, 6, 9, 10, 11, 12, 17, 18, 23, 24, 26, 30, 31, 41, 42, 43, 45, 
          46, 48, 50, 51, 52, 54, 56, 57, 59 ], 
      [ 3, 6, 9, 10, 11, 12, 23, 24, 26, 30, 31, 34, 38, 41, 42, 45, 46, 48, 
          51, 54, 57, 59 ], 
      [ 1, 5, 11, 12, 23, 24, 26, 30, 34, 39, 42, 45, 46, 47, 48, 51, 54, 56, 
          57, 59 ], 
      [ 1, 4, 5, 11, 12, 13, 14, 18, 19, 22, 23, 26, 27, 30, 31, 34, 35, 39, 
          41, 42, 44, 45, 48, 49, 51, 54, 55, 56, 57, 59 ], 
      [ 1, 5, 11, 12, 23, 24, 26, 30, 34, 39, 41, 42, 46, 48, 50, 51, 52, 54, 
          56, 57, 59 ], 
      [ 1, 5, 11, 12, 23, 24, 30, 34, 38, 39, 41, 42, 45, 48, 51, 54, 56, 57, 
          58, 59 ], 
      [ 3, 6, 7, 11, 15, 23, 24, 26, 30, 31, 34, 42, 45, 46, 48, 51, 54, 56, 
          57, 59 ], 
      [ 3, 6, 7, 11, 12, 15, 16, 18, 19, 23, 26, 27, 30, 31, 33, 34, 35, 36, 
          42, 44, 45, 46, 48, 49, 51, 53, 54, 55, 56, 57, 59 ], 
      [ 2, 3, 6, 7, 11, 12, 15, 16, 19, 20, 23, 24, 26, 27, 30, 31, 33, 34, 
          39, 40, 42, 44, 45, 46, 48, 49, 51, 53, 55, 56, 57, 58, 59 ], 
      [ 2, 3, 6, 11, 12, 13, 14, 26, 27, 30, 31, 34, 35, 39, 41, 42, 43, 45, 
          48, 49, 51, 54, 55, 56, 57, 59 ], 
      [ 2, 3, 6, 7, 11, 12, 19, 20, 23, 24, 30, 33, 37, 40, 42, 44, 45, 46, 
          48, 51, 53, 56, 57, 58, 59 ], 
      [ 2, 3, 6, 7, 11, 12, 20, 21, 24, 29, 30, 33, 37, 40, 41, 43, 45, 48, 
          51, 53, 56, 57, 58, 59 ], 
      [ 2, 3, 6, 11, 12, 21, 22, 23, 24, 29, 30, 33, 37, 40, 41, 42, 44, 46, 
          48, 50, 51, 52, 53, 56, 57, 58, 59 ], 
      [ 2, 3, 6, 11, 12, 19, 22, 23, 30, 33, 37, 40, 41, 42, 44, 45, 48, 51, 
          53, 56, 57, 58, 59 ], 
      [ 2, 6, 11, 12, 23, 24, 29, 30, 33, 37, 40, 41, 45, 48, 51, 53, 56, 57, 
          58, 59 ], 
      [ 2, 3, 6, 7, 11, 12, 19, 20, 23, 24, 30, 33, 37, 40, 41, 43, 45, 46, 
          48, 50, 52, 53, 56, 57, 58, 59 ], 
      [ 2, 3, 6, 7, 11, 21, 22, 23, 24, 29, 30, 33, 37, 40, 41, 43, 45, 48, 
          50, 51, 52, 53, 56, 57, 58, 59 ], 
      [ 2, 3, 6, 11, 12, 23, 24, 30, 37, 40, 41, 42, 45, 48, 51, 56, 57, 58, 
          59 ], 
      [ 2, 3, 6, 11, 12, 23, 24, 29, 30, 33, 37, 40, 41, 45, 48, 51, 52, 53, 
          56, 58 ], 
      [ 2, 3, 6, 10, 11, 14, 21, 22, 23, 24, 29, 30, 31, 32, 37, 38, 39, 40, 
          41, 42, 43, 45, 48, 50, 51, 52, 54, 56, 57, 58, 59, 60 ], 
      [ 2, 6, 11, 12, 23, 24, 29, 30, 37, 40, 41, 42, 45, 48, 51, 56, 57, 58, 
          59 ], 
      [ 2, 3, 6, 9, 12, 23, 24, 30, 31, 37, 40, 41, 42, 45, 48, 51, 56, 57, 
          58, 59 ], 
      [ 2, 3, 6, 9, 10, 11, 12, 19, 20, 23, 24, 27, 30, 31, 37, 38, 39, 40, 
          41, 42, 43, 45, 46, 48, 50, 52, 54, 56, 57, 58, 59, 60 ], 
      [ 2, 3, 6, 11, 12, 23, 24, 30, 31, 39, 40, 41, 42, 45, 48, 51, 56, 57, 
          58, 59 ], 
      [ 5, 6, 11, 12, 23, 24, 29, 30, 37, 38, 39, 40, 41, 42, 45, 48, 51, 54, 
          56, 57, 58, 59, 60 ], 
      [ 1, 2, 5, 6, 11, 12, 23, 24, 29, 30, 39, 40, 41, 42, 45, 47, 48, 51, 
          56, 57, 58, 59 ], 
      [ 2, 3, 6, 11, 12, 13, 14, 27, 30, 31, 35, 36, 39, 40, 41, 42, 44, 45, 
          48, 49, 51, 53, 55, 56, 58, 59, 60 ], 
      [ 2, 3, 11, 12, 17, 30, 31, 35, 39, 41, 42, 44, 45, 48, 51, 56, 58, 59, 
          60 ], 
      [ 2, 3, 6, 11, 12, 17, 30, 31, 35, 36, 41, 42, 44, 45, 48, 51, 53, 56, 
          58, 59, 60 ], 
      [ 2, 3, 6, 11, 12, 24, 30, 31, 39, 40, 41, 42, 45, 48, 51, 56, 58, 59, 
          60 ], 
      [ 3, 4, 11, 12, 17, 30, 31, 35, 38, 39, 41, 42, 44, 45, 48, 51, 54, 56, 
          58, 59, 60 ], 
      [ 1, 2, 3, 4, 11, 12, 17, 18, 30, 31, 35, 39, 41, 42, 43, 44, 45, 48, 
          51, 54, 56, 59, 60 ], 
      [ 3, 11, 12, 17, 20, 24, 30, 31, 35, 38, 39, 42, 44, 45, 46, 48, 51, 
          54, 56, 58, 59, 60 ], 
      [ 3, 4, 11, 12, 17, 21, 24, 29, 30, 31, 32, 35, 38, 39, 41, 42, 44, 46, 
          48, 50, 51, 52, 54, 56, 58, 59, 60 ], 
      [ 3, 4, 11, 12, 17, 21, 24, 29, 30, 31, 32, 35, 38, 39, 41, 42, 43, 45, 
          51, 52, 54, 56, 58, 59, 60 ], 
      [ 3, 11, 12, 17, 24, 30, 31, 34, 35, 38, 39, 41, 42, 45, 48, 49, 51, 
          54, 55, 58, 60 ], 
      [ 3, 11, 12, 17, 20, 24, 30, 31, 34, 35, 38, 39, 42, 44, 45, 46, 48, 
          51, 54, 56, 58, 59 ], 
      [ 3, 4, 11, 12, 17, 30, 31, 34, 35, 38, 39, 41, 42, 44, 45, 48, 51, 54, 
          56, 58, 59 ], 
      [ 3, 4, 11, 12, 17, 21, 24, 30, 31, 34, 35, 38, 39, 41, 42, 44, 46, 48, 
          50, 51, 52, 54, 56, 58, 59 ], 
      [ 3, 4, 11, 12, 17, 21, 24, 30, 31, 34, 35, 38, 39, 41, 42, 43, 45, 51, 
          52, 54, 56, 58, 59 ], 
      [ 6, 12, 13, 16, 24, 26, 27, 30, 31, 34, 35, 39, 41, 43, 45, 48, 49, 
          51, 54, 55, 56, 57, 59 ], 
      [ 5, 6, 11, 12, 23, 24, 26, 30, 34, 39, 41, 45, 47, 48, 51, 55, 56, 57, 
          59 ], 
      [ 5, 6, 11, 12, 23, 24, 26, 30, 34, 39, 41, 45, 47, 48, 51, 53, 55, 56, 
          58, 59 ], 
      [ 5, 6, 10, 11, 14, 23, 24, 26, 30, 31, 34, 35, 38, 39, 41, 42, 45, 48, 
          50, 51, 52, 54, 56, 58, 59 ], 
      [ 5, 6, 9, 10, 11, 12, 23, 24, 26, 27, 30, 31, 34, 35, 38, 39, 41, 42, 
          45, 46, 48, 50, 52, 54, 56, 58, 59 ], 
      [ 5, 6, 12, 23, 24, 26, 27, 30, 31, 34, 35, 39, 42, 45, 48, 49, 51, 54, 
          56, 59 ], 
      [ 5, 6, 9, 12, 13, 24, 26, 27, 30, 31, 34, 35, 38, 39, 41, 42, 45, 48, 
          49, 51, 54, 56, 58, 59 ], 
      [ 5, 6, 11, 12, 23, 24, 30, 34, 38, 39, 41, 42, 45, 48, 49, 51, 54, 55, 
          57, 58, 60 ], 
      [ 1, 5, 10, 11, 23, 24, 26, 30, 34, 38, 39, 42, 45, 46, 47, 48, 51, 54, 
          57, 59 ], 
      [ 1, 5, 11, 12, 23, 24, 26, 30, 34, 39, 42, 45, 46, 47, 48, 49, 51, 54, 
          55, 57 ], 
      [ 1, 4, 5, 11, 12, 19, 22, 23, 30, 34, 38, 39, 41, 42, 44, 45, 48, 51, 
          54, 56, 57, 58, 59 ], 
      [ 2, 3, 6, 7, 11, 12, 24, 29, 30, 33, 37, 40, 41, 43, 45, 48, 52, 53, 
          56, 58 ], 
      [ 2, 3, 6, 9, 12, 23, 24, 26, 30, 31, 41, 42, 45, 48, 51, 56, 57, 58, 
          59 ], 
      [ 2, 3, 6, 9, 12, 13, 20, 21, 24, 26, 27, 30, 31, 34, 38, 39, 41, 42, 
          43, 45, 48, 49, 51, 54, 56, 57, 58, 59 ], 
      [ 5, 6, 23, 24, 26, 27, 30, 31, 34, 35, 38, 39, 42, 45, 48, 49, 51, 54, 
          56, 58, 59 ], 
      [ 5, 9, 12, 16, 23, 24, 26, 27, 30, 31, 34, 35, 38, 39, 42, 44, 45, 46, 
          48, 49, 51, 54, 56, 58, 59 ], 
      [ 5, 6, 12, 23, 24, 27, 30, 31, 34, 35, 38, 39, 42, 45, 48, 49, 51, 54, 
          56, 58, 59 ], 
      [ 5, 6, 9, 12, 16, 23, 24, 26, 27, 30, 31, 34, 35, 38, 42, 44, 45, 46, 
          48, 49, 51, 53, 54, 56, 58, 59 ], 
      [ 5, 6, 12, 23, 24, 26, 27, 30, 31, 34, 35, 39, 42, 45, 48, 49, 54, 56, 
          58 ], 
      [ 5, 6, 12, 13, 16, 23, 24, 26, 27, 30, 31, 34, 35, 39, 41, 45, 48, 49, 
          52, 54, 55, 56, 58, 60 ], 
      [ 5, 6, 11, 12, 13, 14, 23, 26, 27, 30, 31, 34, 35, 39, 41, 42, 45, 48, 
          49, 52, 54, 55, 56, 58, 60 ], 
      [ 5, 6, 9, 10, 11, 12, 23, 24, 26, 27, 30, 31, 34, 35, 38, 39, 41, 42, 
          45, 46, 48, 49, 52, 54, 55, 58, 60 ], 
      [ 5, 6, 12, 23, 24, 26, 27, 30, 31, 35, 39, 42, 45, 48, 49, 52, 54, 56, 
          58, 60 ], 
      [ 1, 5, 10, 11, 23, 24, 29, 30, 38, 39, 42, 45, 46, 47, 48, 51, 54, 57, 
          59 ], 
      [ 2, 3, 6, 7, 11, 12, 20, 21, 24, 29, 30, 33, 37, 40, 41, 43, 46, 48, 
          50, 52, 53, 56, 57, 58, 59 ], 
      [ 5, 6, 9, 12, 13, 24, 26, 27, 30, 31, 35, 39, 41, 42, 45, 48, 49, 52, 
          54, 56, 58, 60 ], 
      [ 5, 6, 12, 23, 24, 27, 30, 31, 35, 38, 39, 42, 45, 47, 49, 52, 54, 56, 
          58, 59, 60 ], 
      [ 5, 6, 9, 10, 11, 12, 23, 24, 27, 30, 31, 35, 38, 39, 41, 42, 45, 46, 
          48, 50, 52, 54, 56, 58, 59, 60 ], 
      [ 5, 6, 9, 12, 16, 23, 24, 26, 27, 30, 31, 35, 42, 45, 46, 48, 49, 52, 
          54, 56, 58, 60 ], 
      [ 3, 6, 12, 13, 21, 24, 30, 31, 34, 35, 38, 39, 41, 42, 48, 49, 51, 54, 
          55, 58, 60 ], 
      [ 2, 3, 6, 11, 12, 17, 20, 21, 24, 30, 34, 35, 38, 39, 41, 42, 43, 45, 
          48, 49, 51, 54, 55, 58, 60 ], 
      [ 5, 6, 9, 12, 13, 24, 27, 30, 31, 35, 38, 39, 41, 42, 45, 48, 49, 51, 
          54, 56, 58, 59, 60 ], 
      [ 5, 6, 11, 12, 24, 29, 30, 35, 38, 39, 41, 42, 45, 48, 51, 54, 56, 58, 
          59, 60 ], 
      [ 2, 3, 6, 11, 12, 20, 21, 24, 30, 34, 38, 39, 41, 42, 43, 45, 48, 51, 
          54, 56, 57, 58, 59 ], 
      [ 6, 9, 12, 16, 23, 24, 27, 30, 31, 36, 37, 40, 41, 45, 46, 48, 49, 51, 
          53, 55, 57, 59, 60 ], 
      [ 2, 3, 6, 9, 12, 13, 17, 27, 30, 31, 35, 36, 41, 42, 44, 45, 48, 49, 
          51, 53, 56, 58, 59, 60 ], 
      [ 3, 4, 11, 12, 17, 30, 31, 34, 35, 38, 39, 41, 42, 44, 45, 48, 49, 51, 
          54, 55, 58, 60 ], 
      [ 3, 11, 12, 17, 20, 24, 30, 31, 34, 35, 38, 39, 42, 44, 45, 46, 48, 
          49, 51, 54, 55, 58, 60 ], 
      [ 3, 12, 17, 20, 21, 24, 30, 31, 34, 35, 38, 39, 41, 43, 45, 48, 49, 
          51, 54, 55, 58, 60 ], 
      [ 3, 12, 17, 21, 24, 30, 31, 34, 35, 38, 39, 41, 42, 48, 49, 51, 54, 
          55, 58, 60 ], 
      [ 3, 4, 11, 12, 17, 21, 24, 30, 31, 34, 35, 38, 39, 41, 42, 43, 45, 49, 
          51, 52, 54, 55, 58, 60 ], 
      [ 2, 3, 6, 9, 12, 13, 17, 20, 21, 24, 26, 27, 30, 31, 34, 35, 38, 39, 
          41, 42, 43, 46, 48, 49, 52, 54, 55, 58, 60 ], 
      [ 5, 6, 12, 13, 23, 24, 30, 31, 34, 38, 39, 41, 42, 48, 49, 51, 54, 55, 
          57, 58, 60 ], 
      [ 6, 15, 23, 24, 26, 27, 30, 31, 34, 35, 38, 39, 42, 45, 48, 49, 51, 
          54, 56, 58, 59 ], 
      [ 5, 6, 14, 23, 26, 27, 30, 31, 34, 35, 38, 39, 42, 45, 48, 49, 51, 54, 
          56, 58, 59 ], 
      [ 5, 6, 9, 12, 13, 24, 27, 30, 31, 35, 38, 39, 41, 42, 43, 45, 47, 49, 
          52, 54, 56, 58, 59, 60 ], 
      [ 5, 6, 12, 13, 24, 30, 31, 34, 35, 38, 39, 41, 42, 48, 49, 51, 54, 55, 
          58, 60 ], 
      [ 5, 6, 13, 14, 21, 24, 26, 30, 31, 34, 35, 38, 39, 41, 42, 48, 49, 51, 
          52, 54, 55, 58, 60 ], 
      [ 5, 6, 12, 13, 21, 24, 30, 34, 35, 38, 39, 41, 42, 48, 49, 51, 54, 55, 
          58, 60 ], 
      [ 3, 6, 12, 13, 21, 24, 30, 31, 34, 38, 39, 41, 42, 48, 49, 51, 54, 55, 
          57, 58, 60 ], 
      [ 3, 6, 12, 13, 20, 21, 24, 34, 35, 38, 39, 41, 42, 48, 49, 51, 54, 55, 
          58, 60 ], 
      [ 5, 6, 9, 12, 13, 24, 26, 27, 30, 31, 34, 35, 38, 39, 41, 42, 46, 48, 
          49, 52, 54, 55, 58, 60 ], 
      [ 5, 6, 9, 12, 13, 24, 27, 30, 31, 35, 38, 39, 41, 42, 44, 46, 48, 49, 
          51, 53, 55, 58, 59, 60 ], 
      [ 5, 6, 9, 12, 13, 24, 26, 27, 30, 31, 34, 35, 38, 39, 41, 42, 44, 46, 
          48, 49, 51, 53, 55, 58, 59 ], 
      [ 5, 6, 9, 12, 13, 24, 26, 27, 30, 31, 34, 35, 38, 39, 41, 42, 46, 48, 
          49, 51, 54, 55, 57, 59 ], 
      [ 5, 6, 12, 13, 20, 21, 24, 34, 35, 38, 39, 41, 42, 48, 49, 51, 54, 55, 
          58, 60 ], 
      [ 5, 6, 12, 13, 21, 24, 30, 34, 38, 39, 41, 42, 48, 49, 51, 54, 55, 57, 
          58, 60 ], 
      [ 3, 4, 5, 6, 9, 12, 13, 17, 20, 21, 24, 34, 35, 38, 41, 42, 44, 46, 
          48, 49, 51, 53, 54, 55, 58, 60 ], 
      [ 3, 6, 12, 13, 20, 21, 24, 34, 38, 39, 41, 42, 48, 49, 51, 54, 55, 57, 
          58, 60 ], 
      [ 5, 6, 13, 14, 20, 21, 24, 28, 34, 35, 38, 39, 41, 42, 48, 49, 51, 54, 
          55, 58, 60 ], 
      [ 5, 6, 12, 13, 20, 21, 24, 34, 38, 39, 41, 42, 48, 49, 51, 54, 55, 57, 
          58, 60 ], 
      [ 1, 4, 5, 9, 12, 13, 17, 20, 21, 24, 34, 35, 38, 39, 41, 42, 44, 46, 
          48, 49, 51, 54, 55, 58, 60 ], 
      [ 5, 6, 13, 14, 21, 22, 23, 24, 26, 30, 31, 34, 38, 39, 41, 42, 48, 49, 
          51, 52, 54, 55, 57, 58, 60 ], 
      [ 5, 6, 13, 14, 20, 21, 24, 28, 34, 38, 39, 41, 42, 48, 49, 51, 54, 55, 
          57, 58, 60 ], 
      [ 1, 4, 5, 9, 12, 13, 20, 21, 24, 34, 38, 39, 41, 42, 44, 46, 48, 49, 
          51, 54, 55, 57, 58, 60 ], 
      [ 5, 6, 12, 13, 23, 24, 26, 30, 31, 34, 39, 41, 42, 48, 49, 51, 54, 55, 
          57 ], 
      [ 6, 7, 15, 24, 26, 27, 30, 31, 34, 35, 38, 39, 42, 45, 48, 49, 51, 54, 
          56, 58, 59 ], 
      [ 6, 14, 15, 23, 26, 27, 30, 31, 34, 35, 38, 39, 42, 45, 48, 49, 51, 
          54, 56, 58, 59 ], 
      [ 15, 16, 23, 24, 26, 27, 30, 31, 34, 35, 38, 39, 42, 44, 45, 46, 48, 
          49, 51, 54, 56, 58, 59 ], 
      [ 6, 11, 14, 15, 23, 24, 26, 30, 31, 34, 35, 39, 42, 45, 48, 49, 51, 
          52, 54, 55, 56, 58, 60 ], 
      [ 6, 10, 11, 15, 23, 24, 26, 27, 30, 31, 34, 35, 38, 39, 42, 45, 46, 
          48, 50, 52, 54, 56, 58, 59 ], 
      [ 5, 6, 13, 14, 26, 27, 30, 31, 34, 35, 38, 39, 41, 42, 45, 48, 49, 51, 
          54, 56, 58, 59 ], 
      [ 2, 3, 6, 7, 17, 20, 21, 24, 26, 27, 30, 31, 34, 35, 38, 39, 42, 43, 
          45, 48, 49, 51, 54, 56, 58, 59 ], 
      [ 6, 7, 14, 15, 26, 27, 30, 31, 34, 35, 38, 39, 42, 45, 48, 49, 51, 54, 
          56, 58, 59 ], 
      [ 6, 7, 15, 24, 26, 27, 30, 34, 35, 38, 39, 42, 45, 47, 48, 49, 51, 54, 
          56, 58, 59 ], 
      [ 6, 7, 14, 15, 21, 24, 26, 30, 31, 34, 35, 38, 39, 42, 43, 45, 47, 49, 
          51, 52, 54, 56, 58, 59 ], 
      [ 14, 15, 22, 23, 26, 27, 30, 31, 34, 35, 38, 39, 42, 44, 45, 48, 49, 
          51, 54, 56, 58, 59 ], 
      [ 6, 11, 14, 15, 23, 26, 27, 30, 31, 34, 35, 39, 42, 44, 45, 48, 49, 
          51, 53, 55, 56, 58, 59 ], 
      [ 6, 7, 14, 15, 22, 23, 26, 27, 30, 31, 34, 38, 39, 42, 45, 48, 49, 51, 
          54, 56, 57, 58, 59 ], 
      [ 6, 11, 14, 15, 23, 26, 27, 30, 31, 34, 35, 39, 42, 45, 48, 49, 51, 
          54, 55, 56, 57, 59 ], 
      [ 6, 10, 11, 14, 15, 23, 26, 27, 30, 31, 34, 35, 38, 39, 42, 45, 48, 
          50, 52, 54, 56, 58, 59 ], 
      [ 6, 11, 14, 15, 23, 26, 27, 30, 31, 34, 35, 39, 42, 45, 48, 49, 52, 
          54, 55, 56, 58, 60 ], 
      [ 6, 10, 11, 14, 15, 23, 26, 27, 30, 31, 34, 35, 38, 39, 42, 44, 45, 
          48, 49, 51, 53, 55, 58, 59 ], 
      [ 6, 10, 11, 14, 15, 23, 26, 27, 30, 31, 34, 35, 38, 39, 42, 45, 48, 
          49, 51, 54, 55, 57, 59 ], 
      [ 6, 7, 14, 15, 26, 27, 30, 34, 35, 38, 39, 42, 45, 47, 48, 49, 51, 54, 
          56, 58, 59 ], 
      [ 2, 3, 6, 7, 11, 14, 15, 26, 27, 30, 31, 34, 35, 39, 42, 44, 45, 48, 
          49, 51, 53, 55, 56, 58, 59 ], 
      [ 2, 3, 6, 7, 10, 11, 14, 15, 26, 27, 30, 31, 34, 35, 38, 39, 42, 43, 
          45, 48, 50, 52, 54, 56, 58, 59 ], 
      [ 2, 3, 6, 7, 11, 14, 15, 26, 27, 30, 31, 34, 35, 39, 42, 43, 45, 48, 
          49, 52, 54, 55, 56, 58, 60 ], 
      [ 5, 6, 7, 8, 14, 15, 22, 23, 26, 27, 30, 34, 35, 38, 42, 44, 45, 47, 
          48, 49, 51, 53, 54, 56, 58, 59 ], 
      [ 2, 6, 7, 11, 14, 15, 26, 27, 30, 34, 35, 39, 42, 44, 45, 47, 48, 49, 
          51, 53, 55, 56, 58, 59 ], 
      [ 6, 7, 14, 15, 22, 23, 26, 27, 30, 34, 38, 39, 42, 45, 47, 48, 49, 51, 
          54, 56, 57, 58, 59 ], 
      [ 2, 6, 7, 10, 11, 14, 15, 26, 27, 30, 34, 35, 38, 39, 42, 43, 45, 47, 
          48, 50, 52, 54, 56, 58, 59 ], 
      [ 2, 6, 7, 11, 14, 15, 26, 27, 30, 34, 35, 39, 42, 43, 45, 47, 48, 49, 
          52, 54, 55, 56, 58, 60 ], 
      [ 2, 6, 7, 10, 11, 14, 15, 26, 27, 30, 34, 35, 38, 39, 42, 44, 45, 47, 
          48, 49, 51, 53, 55, 58, 59 ], 
      [ 5, 6, 12, 23, 24, 26, 27, 30, 34, 39, 42, 45, 47, 48, 49, 51, 56, 57, 
          58, 59 ], 
      [ 5, 6, 12, 13, 23, 24, 26, 30, 34, 39, 41, 42, 45, 47, 49, 51, 56, 57, 
          58, 59 ], 
      [ 5, 6, 23, 24, 26, 27, 30, 34, 38, 39, 42, 45, 47, 48, 49, 51, 54, 56, 
          57, 58, 59 ], 
      [ 5, 6, 12, 23, 24, 26, 27, 30, 34, 39, 42, 45, 47, 48, 49, 54, 56, 57, 
          58 ], 
      [ 5, 6, 14, 22, 23, 26, 27, 30, 34, 38, 39, 42, 45, 47, 48, 49, 51, 54, 
          56, 57, 58, 59 ], 
      [ 3, 12, 13, 16, 17, 20, 21, 24, 31, 34, 35, 39, 41, 43, 45, 48, 49, 
          51, 54, 55, 56, 58, 60 ], 
      [ 5, 6, 13, 14, 26, 27, 30, 31, 34, 35, 38, 39, 41, 42, 48, 50, 52, 54, 
          56, 58, 59 ], 
      [ 5, 6, 13, 14, 26, 27, 30, 31, 34, 35, 38, 39, 41, 42, 48, 49, 51, 54, 
          55, 57, 59 ], 
      [ 5, 6, 13, 14, 26, 27, 30, 31, 34, 35, 38, 39, 41, 42, 48, 49, 52, 54, 
          55, 58, 60 ], 
      [ 10, 14, 15, 19, 22, 23, 26, 27, 31, 34, 38, 39, 42, 44, 45, 48, 49, 
          50, 51, 54, 56, 57, 58, 59 ], 
      [ 6, 11, 14, 15, 23, 26, 27, 30, 31, 34, 35, 39, 41, 43, 45, 48, 50, 
          52, 54, 55, 56, 57, 59 ], 
      [ 6, 11, 14, 15, 23, 26, 27, 30, 31, 34, 35, 39, 42, 46, 48, 50, 52, 
          54, 55, 56, 57, 59 ], 
      [ 1, 5, 8, 19, 22, 23, 26, 27, 30, 34, 38, 39, 42, 44, 45, 47, 48, 49, 
          51, 54, 56, 57, 58, 59 ], 
      [ 5, 6, 7, 8, 19, 22, 23, 26, 27, 30, 33, 34, 37, 38, 42, 44, 45, 47, 
          48, 49, 51, 53, 54, 56, 57, 58, 59 ], 
      [ 5, 12, 13, 16, 23, 24, 26, 30, 31, 34, 35, 39, 41, 43, 45, 47, 49, 
          51, 52, 54, 55, 56, 57, 59 ], 
      [ 1, 4, 5, 11, 12, 19, 22, 23, 30, 34, 38, 39, 41, 42, 44, 45, 47, 49, 
          51, 53, 55, 57, 58, 59 ], 
      [ 2, 3, 6, 11, 12, 13, 14, 17, 20, 21, 24, 34, 35, 39, 41, 42, 43, 46, 
          48, 50, 51, 54, 55, 56, 57, 59 ], 
      [ 3, 12, 13, 16, 17, 20, 21, 24, 31, 34, 35, 39, 42, 44, 46, 48, 49, 
          51, 54, 55, 56, 58, 60 ], 
      [ 2, 3, 6, 9, 12, 13, 27, 30, 31, 36, 37, 40, 41, 42, 44, 45, 48, 49, 
          51, 53, 56, 58, 59, 60 ] ] );
