return [ [ 1, 2, 3, 6, 8, 31, 34, 50, 51, 59, 60 ], [ 1, 2, 3, 6, 8, 13, 38, 41, 49, 50, 60 ], 
  [ 2, 3, 6, 8, 31, 32, 34, 50, 51, 58, 59, 60 ], [ 9, 10, 14, 15, 16, 31, 46, 47, 55, 56, 61, 63 ], 
  [ 1, 2, 3, 6, 8, 13, 31, 32, 34, 46, 50, 58, 59, 60 ], [ 1, 2, 3, 6, 8, 9, 13, 31, 34, 38, 41, 46, 50, 60 ], 
  [ 4, 10, 12, 17, 18, 21, 33, 39, 49, 52, 54, 55, 57, 61 ], [ 1, 2, 5, 6, 8, 11, 13, 32, 44, 45, 46, 50, 53, 58, 59 ], 
  [ 2, 5, 8, 11, 13, 16, 32, 42, 43, 44, 45, 46, 51, 53, 58, 59 ], [ 2, 3, 5, 8, 11, 14, 17, 19, 20, 36, 42, 47, 50, 51, 54, 58 ]
    , [ 1, 2, 3, 5, 6, 8, 11, 13, 16, 32, 34, 35, 40, 42, 43, 44, 45, 46, 58, 59 ], 
  [ 4, 5, 7, 10, 11, 12, 14, 15, 16, 21, 22, 36, 39, 43, 44, 45, 48, 52, 54, 57 ], 
  [ 2, 3, 4, 6, 8, 11, 13, 17, 19, 22, 23, 26, 36, 37, 38, 41, 47, 48, 49, 50, 51, 52, 53, 55, 60, 62 ], 
  [ 1, 2, 3, 5, 6, 8, 11, 13, 18, 19, 21, 22, 23, 24, 25, 26, 27, 28, 29, 31, 36, 38, 43, 46, 49, 50, 51, 53, 58, 59, 60, 62 ], 
  [ 1, 2, 3, 4, 5, 6, 7, 8, 9, 10, 11, 12, 13, 14, 15, 16, 17, 20, 30, 32, 33, 34, 35, 36, 37, 38, 39, 40, 41, 42, 43, 44, 45, 
      46, 47, 48, 50, 54, 56, 58 ], [ 2, 4, 5, 8, 10, 11, 13, 14, 15, 16, 17, 18, 19, 20, 21, 22, 23, 26, 30, 32, 36, 38, 39, 
      42, 43, 44, 45, 46, 47, 48, 49, 50, 51, 52, 53, 54, 55, 56, 57, 58 ], 
  [ 1, 2, 3, 4, 5, 6, 7, 8, 9, 10, 11, 12, 14, 15, 17, 18, 19, 20, 21, 22, 23, 26, 33, 34, 35, 36, 37, 38, 39, 40, 41, 42, 44, 
      45, 47, 48, 49, 50, 51, 52, 53, 54, 55, 57 ], [ 1, 2, 3, 5, 6, 7, 8, 9, 10, 11, 12, 14, 15, 16, 18, 19, 20, 21, 22, 23, 
      24, 25, 26, 27, 28, 29, 31, 32, 34, 35, 36, 38, 40, 42, 43, 44, 45, 46, 50, 51, 53, 54, 56, 57, 58, 59, 63, 64 ], 
  [ 1, 2, 3, 4, 5, 8, 9, 10, 12, 13, 14, 16, 17, 18, 19, 20, 21, 24, 25, 26, 27, 30, 31, 32, 33, 34, 36, 38, 39, 40, 41, 42, 43, 
      44, 46, 47, 49, 50, 51, 54, 55, 56, 57, 58, 59, 60, 61, 63 ], 
  [ 2, 3, 4, 6, 7, 8, 9, 11, 13, 14, 15, 16, 17, 19, 20, 22, 23, 25, 26, 28, 29, 30, 31, 32, 34, 35, 36, 37, 38, 41, 42, 43, 45, 
      46, 47, 48, 50, 51, 52, 53, 54, 55, 56, 58, 60, 62, 63, 64 ], 
  [ 1, 2, 3, 4, 5, 6, 7, 8, 9, 10, 11, 12, 13, 14, 15, 16, 18, 19, 21, 22, 23, 24, 25, 26, 27, 28, 29, 31, 33, 34, 35, 36, 37, 
      38, 39, 40, 41, 42, 43, 44, 45, 46, 47, 48, 49, 51, 52, 53, 55, 57, 59, 60, 61, 62, 63, 64 ] ];
