return [ [ 2, 6, 8, 31, 33, 35, 49, 51, 52, 53, 56, 58 ], [ 2, 6, 8, 31, 33, 34, 35, 41, 49, 52, 53, 56, 58 ], 
  [ 2, 3, 6, 8, 31, 33, 34, 35, 41, 49, 52, 58, 64 ], [ 2, 3, 6, 8, 31, 33, 34, 41, 49, 52, 53, 56, 58, 64 ], 
  [ 2, 3, 6, 8, 13, 31, 33, 34, 35, 38, 41, 42, 46, 58 ], [ 8, 11, 13, 14, 16, 31, 41, 43, 46, 55, 56, 58, 60, 63 ], 
  [ 1, 4, 7, 9, 12, 17, 19, 40, 41, 44, 45, 46, 52, 59 ], [ 1, 4, 7, 9, 12, 17, 19, 41, 44, 46, 52, 56, 59, 63 ], 
  [ 2, 3, 8, 31, 33, 34, 41, 49, 50, 52, 53, 56, 58, 63, 64 ], [ 2, 3, 6, 8, 31, 33, 34, 35, 38, 41, 42, 46, 49, 58, 64 ], 
  [ 2, 3, 6, 8, 13, 31, 33, 34, 38, 41, 46, 50, 53, 56, 58, 63 ], 
  [ 8, 11, 13, 14, 16, 31, 35, 40, 41, 42, 43, 45, 46, 55, 58, 60 ], 
  [ 2, 3, 6, 8, 31, 33, 34, 38, 41, 46, 49, 50, 53, 56, 58, 63, 64 ], 
  [ 1, 2, 4, 7, 8, 9, 11, 17, 18, 40, 43, 44, 49, 50, 55, 59, 63 ], 
  [ 1, 2, 4, 7, 8, 11, 12, 17, 18, 34, 41, 43, 44, 49, 50, 53, 56, 59, 63 ], 
  [ 1, 2, 4, 7, 8, 9, 11, 12, 17, 18, 34, 40, 41, 43, 44, 49, 50, 59, 63 ], 
  [ 1, 2, 4, 7, 8, 9, 11, 17, 18, 19, 20, 40, 43, 44, 49, 52, 55, 59, 63 ], 
  [ 1, 2, 4, 7, 8, 9, 11, 12, 17, 18, 19, 20, 40, 41, 43, 44, 49, 52, 59, 63 ], 
  [ 1, 3, 17, 22, 23, 24, 34, 35, 36, 38, 39, 40, 42, 45, 49, 50, 51, 52, 53, 54, 55, 57, 58, 59, 61, 64 ], 
  [ 1, 3, 4, 9, 17, 22, 23, 24, 34, 36, 38, 39, 40, 44, 45, 48, 49, 50, 52, 53, 54, 55, 57, 59, 61, 64 ], 
  [ 1, 5, 7, 12, 17, 19, 21, 25, 34, 36, 37, 38, 41, 44, 46, 47, 50, 51, 52, 53, 56, 57, 59, 61, 62, 63 ], 
  [ 33, 34, 35, 36, 37, 38, 39, 40, 41, 42, 43, 44, 45, 46, 47, 48, 49, 50, 51, 52, 53, 54, 55, 56, 57, 58, 59, 60, 61, 
      62, 63, 64 ], [ 1, 2, 5, 7, 11, 12, 17, 18, 19, 20, 21, 25, 33, 34, 36, 37, 41, 43, 44, 47, 49, 50, 51, 52, 53, 56, 57, 
      59, 60, 61, 62, 63 ], [ 1, 2, 3, 4, 6, 8, 9, 12, 33, 34, 35, 36, 37, 38, 39, 40, 41, 42, 43, 44, 45, 46, 47, 48, 49, 50, 
      51, 52, 53, 55, 56, 57, 58, 59, 63, 64 ], [ 1, 2, 3, 5, 6, 10, 13, 15, 17, 18, 21, 22, 23, 24, 26, 27, 33, 34, 35, 36, 37, 
      38, 39, 40, 42, 45, 49, 50, 51, 53, 54, 55, 57, 58, 59, 61 ], 
  [ 1, 4, 5, 6, 7, 12, 15, 16, 17, 19, 21, 23, 25, 26, 28, 32, 34, 35, 36, 37, 38, 40, 41, 42, 44, 45, 46, 47, 51, 52, 53, 56, 
      57, 59, 61, 62 ], [ 1, 2, 4, 7, 8, 11, 13, 15, 17, 18, 19, 20, 23, 27, 28, 31, 33, 34, 35, 36, 40, 41, 43, 44, 49, 50, 51, 
      52, 53, 55, 56, 58, 59, 60, 61, 63 ], [ 1, 2, 3, 4, 5, 6, 7, 8, 9, 10, 11, 12, 13, 14, 15, 16, 33, 34, 35, 36, 37, 38, 39, 
      40, 41, 42, 43, 44, 45, 46, 47, 48, 50, 51, 53, 55, 56, 58, 59, 63 ], 
  [ 2, 5, 6, 8, 11, 12, 13, 16, 18, 20, 21, 25, 26, 27, 31, 32, 33, 34, 35, 37, 38, 40, 41, 42, 43, 45, 46, 47, 49, 50, 51, 53, 
      55, 56, 57, 58, 59, 60, 62, 63 ], [ 17, 18, 19, 20, 21, 22, 23, 24, 25, 26, 27, 28, 29, 30, 31, 32, 34, 35, 38, 40, 41, 
      42, 45, 46, 49, 50, 51, 52, 53, 54, 55, 56, 57, 58, 59, 60, 61, 62, 63, 64 ], 
  [ 1, 2, 3, 4, 5, 6, 7, 8, 9, 10, 11, 12, 13, 14, 15, 16, 17, 18, 21, 22, 23, 24, 26, 27, 33, 34, 36, 37, 38, 39, 40, 43, 44, 
      45, 47, 48, 49, 50, 53, 54, 55, 57, 59, 61 ], [ 1, 2, 4, 5, 6, 7, 8, 11, 12, 13, 15, 16, 17, 18, 19, 20, 21, 23, 25, 26, 
      27, 28, 31, 32, 33, 34, 35, 36, 37, 40, 41, 43, 44, 47, 49, 51, 52, 53, 56, 57, 59, 60, 61, 62 ], 
  [ 3, 4, 6, 8, 13, 14, 15, 16, 22, 23, 26, 27, 28, 29, 31, 32, 33, 34, 35, 36, 37, 38, 39, 40, 41, 42, 43, 44, 45, 46, 47, 48, 
      49, 52, 53, 54, 55, 56, 57, 58, 60, 61, 62, 64 ], [ 1, 2, 3, 4, 6, 8, 9, 12, 17, 18, 19, 20, 21, 22, 23, 24, 25, 26, 27, 
      28, 29, 30, 31, 32, 34, 35, 38, 40, 41, 42, 45, 46, 49, 50, 51, 52, 53, 55, 56, 57, 58, 59, 63, 64 ], 
  [ 1, 2, 3, 5, 6, 10, 13, 15, 17, 18, 19, 20, 21, 22, 23, 24, 25, 26, 27, 28, 29, 30, 31, 32, 33, 34, 35, 36, 37, 38, 39, 42, 
      49, 50, 51, 52, 53, 54, 57, 58, 60, 61, 62, 64 ], [ 1, 2, 3, 4, 5, 6, 7, 8, 9, 10, 11, 12, 13, 14, 15, 16, 17, 18, 19, 20, 
      21, 22, 23, 24, 25, 26, 27, 28, 29, 30, 31, 32, 34, 35, 38, 40, 41, 42, 45, 46, 50, 51, 53, 55, 56, 58, 59, 63 ], 
  [ 1, 2, 3, 4, 5, 6, 7, 8, 9, 10, 11, 12, 13, 14, 15, 16, 17, 18, 19, 20, 21, 22, 23, 24, 25, 26, 27, 28, 29, 30, 31, 32, 33, 
      34, 35, 36, 37, 38, 39, 40, 41, 42, 43, 44, 45, 46, 47, 48, 49, 52, 54, 57, 60, 61, 62, 64 ], 
  [ 1, 2, 3, 4, 5, 6, 7, 8, 9, 10, 11, 12, 13, 14, 15, 16, 17, 18, 19, 20, 21, 22, 23, 24, 25, 26, 27, 28, 29, 30, 31, 32, 33, 
      34, 36, 37, 38, 39, 41, 43, 44, 46, 47, 48, 49, 50, 52, 53, 54, 56, 57, 60, 61, 62, 63, 64 ], 
  [ 1, 2, 3, 4, 5, 6, 7, 8, 9, 10, 11, 12, 13, 14, 15, 16, 17, 18, 19, 20, 21, 22, 23, 24, 25, 26, 27, 28, 29, 30, 31, 32, 33, 
      36, 37, 39, 43, 44, 47, 48, 49, 50, 51, 52, 53, 54, 55, 56, 57, 58, 59, 60, 61, 62, 63, 64 ] ];
