return [ [ 1, 2, 3, 4, 6, 7, 8, 9, 12, 13, 14, 15, 16, 17, 18, 19, 22, 23, 24, 25, 27, 28, 29, 30, 32, 33, 35, 36, 37, 38, 39, 
      40, 41, 42, 44, 45, 47, 48, 49, 50, 51, 52, 53, 54, 55, 56, 57, 58, 59, 60, 61, 62, 63, 64, 65, 67, 68, 70, 71, 72 ], 
  [ 1, 3, 5, 7, 8, 9, 10, 14, 16, 17, 21, 22, 25, 26, 29, 30, 31, 32, 34, 36, 37, 38, 39, 40, 41, 42, 44, 45, 47, 48, 51, 54, 
      55, 56, 57, 58, 59, 62, 66, 68, 70, 71 ], [ 5, 7, 8, 10, 11, 12, 13, 16, 17, 18, 19, 20, 23, 24, 25, 27, 28, 29, 33, 35, 
      41, 42, 43, 44, 46, 47, 48, 49, 51, 52, 54, 55, 57, 59, 60, 61, 63, 65, 67, 70, 71, 72 ], 
  [ 1, 2, 5, 6, 8, 10, 11, 12, 13, 16, 17, 19, 20, 22, 23, 25, 27, 29, 30, 32, 33, 35, 36, 37, 38, 41, 43, 45, 46, 47, 48, 49, 
      50, 52, 54, 57, 58, 61, 62, 63, 64, 65, 67, 70 ], [ 5, 7, 8, 10, 17, 25, 28, 43, 51, 59, 66, 71 ], 
  [ 3, 7, 8, 14, 28, 32, 51, 58, 66, 70, 71 ], [ 8, 9, 28, 34, 51, 56, 58, 59, 66, 70, 71 ], 
  [ 8, 17, 28, 34, 51, 56, 58, 59, 66, 70, 71 ], [ 5, 8, 10, 17, 20, 25, 34, 43, 51, 54, 59, 70 ], 
  [ 3, 7, 8, 9, 14, 18, 28, 51, 55, 58, 66, 68, 71 ], [ 3, 7, 8, 17, 28, 51, 56, 58, 59, 66, 70, 71 ], 
  [ 3, 7, 8, 16, 17, 18, 28, 49, 51, 52, 55, 58, 66, 68, 71 ], [ 3, 5, 7, 8, 16, 17, 52, 55, 58, 66, 68, 71 ], 
  [ 1, 5, 7, 8, 9, 21, 24, 55, 57, 58, 59, 71 ], [ 3, 5, 7, 15, 16, 21, 24, 56, 57, 58, 59, 66, 71 ], 
  [ 3, 5, 7, 15, 16, 17, 21, 24, 52, 56, 58, 59, 66, 71 ], [ 3, 7, 8, 10, 16, 17, 28, 29, 49, 51, 66, 70, 71 ], 
  [ 3, 7, 14, 28, 32, 51, 56, 58, 59, 66, 70, 71 ], [ 3, 7, 17, 28, 32, 51, 56, 58, 59, 66, 70, 71 ], 
  [ 3, 7, 8, 16, 17, 28, 32, 49, 51, 58, 66, 70, 71 ], [ 3, 5, 7, 15, 16, 24, 25, 29, 44, 56, 57, 59, 60, 61, 65, 71 ], 
  [ 3, 7, 8, 9, 14, 28, 51, 56, 58, 59, 66, 70, 71 ], [ 1, 3, 5, 7, 9, 15, 21, 24, 56, 57, 58, 59, 66, 71 ], 
  [ 5, 8, 10, 17, 25, 28, 34, 43, 51, 56, 59, 66, 70, 71 ], [ 17, 28, 31, 32, 34, 36, 51, 56, 58, 59, 66, 70, 71, 72 ], 
  [ 3, 5, 7, 15, 16, 21, 24, 26, 44, 56, 57, 59, 60, 66, 71 ], [ 3, 7, 8, 10, 17, 25, 28, 29, 51, 56, 59, 66, 70, 71 ], 
  [ 3, 7, 8, 14, 16, 18, 28, 30, 32, 49, 51, 55, 58, 64, 66, 68, 71 ], 
  [ 9, 14, 28, 31, 32, 34, 36, 51, 56, 58, 59, 66, 70, 71, 72 ], [ 3, 7, 14, 28, 31, 32, 39, 42, 51, 56, 59, 66, 70, 71, 72 ], 
  [ 3, 5, 7, 10, 11, 15, 16, 24, 26, 29, 44, 46, 56, 57, 59, 60, 65, 66, 71 ], 
  [ 3, 5, 7, 8, 10, 16, 17, 18, 25, 28, 29, 43, 46, 49, 51, 52, 55, 61, 65, 66, 68, 71 ], 
  [ 1, 3, 5, 7, 8, 10, 16, 17, 25, 29, 43, 46, 49, 52, 58, 61, 62, 65, 66, 68 ], 
  [ 3, 7, 10, 16, 17, 19, 28, 29, 31, 32, 39, 42, 49, 51, 56, 59, 66, 70, 71, 72 ], 
  [ 3, 7, 9, 14, 15, 16, 21, 22, 24, 26, 30, 44, 56, 57, 58, 59, 60, 66, 71 ], 
  [ 1, 3, 5, 6, 9, 14, 15, 16, 21, 22, 26, 30, 45, 56, 57, 58, 66, 71 ], 
  [ 1, 3, 5, 6, 7, 8, 10, 15, 16, 17, 23, 24, 25, 27, 28, 29, 43, 45, 46, 49, 52, 56, 57, 58, 59, 61, 65, 66, 70, 71 ], 
  [ 6, 9, 14, 15, 21, 22, 23, 24, 26, 27, 28, 30, 31, 32, 34, 36, 45, 50, 53, 56, 57, 58, 59, 60, 63, 64, 66, 67, 69, 70, 71, 72 
     ], [ 1, 3, 4, 5, 7, 8, 9, 15, 17, 18, 21, 24, 25, 28, 34, 40, 43, 51, 52, 55, 56, 58, 59, 61, 66, 68, 69, 71 ], 
  [ 1, 3, 4, 5, 7, 9, 12, 15, 16, 17, 21, 22, 24, 25, 40, 44, 52, 55, 56, 57, 58, 59, 60, 61, 68, 71 ], 
  [ 1, 2, 3, 4, 5, 6, 7, 8, 9, 11, 12, 13, 14, 15, 16, 18, 21, 22, 23, 24, 26, 27, 28, 30, 41, 43, 44, 46, 48, 49, 
      52, 55, 57, 58, 60, 61, 62, 64, 65, 66, 67, 68, 69, 71 ], 
  [ 7, 8, 9, 13, 14, 18, 21, 22, 26, 30, 31, 32, 34, 36, 41, 42, 44, 47, 48, 51, 54, 55, 58, 62, 64, 66, 68, 69 ], 
  [ 3, 4, 7, 9, 12, 14, 15, 16, 17, 18, 19, 21, 22, 24, 26, 28, 30, 31, 32, 34, 36, 39, 40, 42, 44, 49, 51, 52, 53, 55, 56, 58, 
      59, 60, 64, 66, 68, 69, 71, 72 ], [ 1, 2, 3, 4, 5, 6, 9, 11, 12, 14, 15, 16, 21, 22, 25, 26, 29, 30, 33, 35, 37, 38, 39, 
      40, 41, 44, 45, 48, 50, 53, 55, 56, 57, 60, 61, 62, 65, 67, 68, 71 ], 
  [ 7, 8, 9, 13, 14, 18, 21, 22, 23, 24, 26, 27, 28, 30, 31, 32, 34, 36, 41, 42, 44, 47, 48, 51, 54, 55, 57, 58, 59, 60, 63, 64, 
      66, 67, 69, 70, 71, 72 ], [ 5, 7, 8, 10, 11, 12, 13, 16, 17, 18, 19, 20, 21, 22, 23, 24, 26, 27, 28, 30, 31, 32, 34, 36, 
      41, 42, 43, 44, 46, 47, 48, 49, 51, 52, 54, 55, 57, 58, 59, 60, 63, 64, 66, 67, 69, 70, 71, 72 ], 
  [ 5, 10, 11, 12, 16, 17, 19, 20, 21, 22, 25, 26, 29, 30, 31, 32, 33, 34, 35, 36, 37, 38, 39, 40, 41, 42, 44, 47, 48, 51, 54, 
      55, 62, 68 ], [ 1, 2, 3, 4, 6, 7, 8, 9, 10, 13, 14, 15, 17, 18, 19, 20, 23, 24, 25, 27, 28, 29, 31, 32, 33, 34, 35, 36, 
      37, 38, 39, 40, 42, 43, 45, 46, 47, 49, 50, 51, 52, 53, 54, 56, 58, 59, 61, 62, 63, 64, 65, 66, 68, 69, 70, 72 ], 
  [ 5, 10, 11, 12, 16, 17, 19, 20, 21, 22, 25, 26, 29, 30, 31, 32, 33, 34, 35, 36, 37, 38, 39, 40, 41, 42, 44, 45, 47, 48, 50, 
      51, 53, 54, 55, 56, 57, 59, 60, 63, 67, 70, 71, 72 ], [ 5, 10, 17, 20, 25, 28, 34, 43, 51, 56, 59, 70, 71, 72 ], 
  [ 10, 17, 25, 28, 29, 51, 56, 59, 70, 71, 72 ], [ 5, 6, 10, 11, 12, 15, 16, 17, 19, 20, 23, 24, 25, 27, 28, 29, 33, 35, 43, 
      45, 46, 49, 50, 52, 53, 56, 57, 59, 60, 61, 63, 65, 67, 70, 71, 72 ] ];
