return rec(
  EXT := [ [ 1, 0, 1, 0, 0, 1, 0, 1, 1, 0, 0, 0, 0, 0, 1 ], [ 1, 0, 0, 0, 0, 0, 0, 0, 1, 0, 0, 1, 0, 1, 1 ], 
      [ 1, 1, 0, 1, 1, 1, 0, 0, 1, 1, 0, 0, 0, 0, 1 ], [ 1, 1, 1, 1, 1, 0, 0, 1, 1, 1, 0, 1, 0, 1, 1 ], 
      [ 1, 0, 1, 1, 0, 1, 0, 1, 1, 1, 1, 1, 0, 0, 1 ], [ 1, 1, 0, 0, 1, 1, 0, 0, 1, 0, 1, 1, 0, 0, 1 ], 
      [ 1, 1, 1, 1, 0, 1, 0, 0, 1, 0, 0, 0, 0, 0, 1 ], [ 1, 0, 1, 0, 1, 1, 1, 1, 1, 0, 0, 0, 0, 0, 1 ], 
      [ 1, 0, 1, 0, 0, 1, 0, 1, 1, 1, 1, 1, 0, 0, 1 ], [ 1, 0, 0, 0, 0, 0, 0, 0, 1, 0, 0, 1, 1, 1, 1 ], 
      [ 1, 0, 0, 1, 1, 1, 1, 0, 1, 1, 0, 0, 0, 0, 1 ], [ 1, 1, 1, 1, 0, 0, 0, 0, 1, 0, 0, 1, 0, 1, 1 ], 
      [ 1, 1, 0, 0, 1, 1, 0, 0, 1, 1, 1, 1, 0, 0, 1 ], [ 1, 0, 0, 0, 1, 1, 1, 0, 1, 0, 0, 1, 0, 1, 1 ], 
      [ 1, 1, 1, 1, 1, 0, 0, 1, 1, 1, 0, 1, 1, 1, 1 ], [ 1, 1, 0, 0, 1, 1, 0, 0, 1, 0, 0, 1, 1, 1, 1 ], 
      [ 1, 1, 1, 1, 0, 1, 0, 0, 1, 0, 1, 1, 0, 0, 1 ], [ 1, 0, 1, 1, 1, 1, 1, 1, 1, 1, 0, 1, 0, 1, 1 ], 
      [ 1, 0, 1, 1, 1, 1, 1, 1, 1, 1, 1, 1, 0, 0, 1 ], [ 1, 0, 1, 1, 0, 1, 0, 1, 1, 1, 0, 1, 1, 1, 1 ], 
      [ 1, 0, 0, 0, 1, 1, 1, 0, 1, 0, 1, 1, 0, 0, 1 ], [ 1, 0, 1, 1, 0, 1, 1, 0, 1, 0, 0, 0, 0, 0, 1 ], 
      [ 1, 0, 1, 0, 0, 1, 0, 1, 1, 1, 0, 1, 1, 1, 1 ], [ 1, 0, 0, 0, 0, 0, 0, 0, 1, 1, 0, 1, 1, 1, 1 ], 
      [ 1, 1, 1, 1, 1, 1, 1, 0, 1, 0, 0, 0, 0, 0, 1 ], [ 1, 0, 1, 1, 0, 1, 1, 0, 1, 0, 0, 1, 0, 1, 1 ], 
      [ 1, 1, 0, 0, 1, 1, 0, 0, 1, 1, 0, 1, 1, 1, 1 ], [ 1, 1, 1, 0, 1, 0, 0, 1, 1, 1, 0, 1, 1, 1, 1 ], 
      [ 1, 1, 1, 1, 1, 1, 1, 0, 1, 0, 0, 1, 0, 1, 1 ], [ 1, 0, 1, 1, 0, 1, 1, 0, 1, 0, 1, 1, 0, 0, 1 ], 
      [ 1, 1, 1, 1, 1, 1, 1, 0, 1, 0, 1, 1, 0, 0, 1 ], [ 1, 0, 0, 0, 1, 1, 0, 0, 0, 1, 0, 0, 0, 0, 1 ], 
      [ 1, 0, 1, 0, 1, 1, 0, 1, 0, 1, 0, 0, 0, 0, 1 ], [ 1, 0, 0, 0, 1, 1, 0, 0, 0, 1, 1, 1, 0, 0, 1 ], 
      [ 1, 0, 0, 1, 0, 0, 0, 0, 1, 0, 0, 1, 0, 1, 0 ], [ 1, 0, 1, 0, 1, 1, 0, 1, 0, 1, 1, 1, 0, 0, 1 ], 
      [ 1, 1, 1, 1, 1, 0, 0, 1, 1, 0, 0, 1, 0, 1, 0 ], [ 1, 0, 0, 0, 1, 1, 0, 0, 0, 1, 0, 1, 0, 1, 1 ], 
      [ 1, 1, 0, 1, 1, 1, 0, 0, 1, 0, 0, 1, 0, 1, 0 ], [ 1, 0, 1, 0, 1, 1, 0, 1, 0, 1, 0, 1, 0, 1, 1 ], 
      [ 1, 0, 1, 1, 0, 1, 0, 1, 1, 0, 0, 1, 0, 1, 0 ], [ 1, 0, 0, 0, 0, 0, 0, 0, 1, 0, 0, 1, 0, 1, 0 ], 
      [ 1, 0, 1, 0, 0, 1, 0, 0, 0, 0, 0, 0, 0, 0, 1 ], [ 1, 1, 1, 1, 1, 0, 0, 1, 1, 1, 0, 1, 0, 1, 0 ], 
      [ 1, 1, 1, 1, 1, 1, 0, 0, 0, 1, 0, 0, 0, 0, 1 ], [ 1, 0, 1, 1, 0, 1, 0, 0, 0, 1, 1, 1, 0, 0, 1 ], 
      [ 1, 1, 1, 0, 1, 1, 0, 0, 0, 0, 1, 1, 0, 0, 1 ], [ 1, 0, 1, 1, 0, 1, 0, 1, 1, 0, 0, 0, 0, 0, 1 ], 
      [ 1, 0, 1, 0, 0, 1, 0, 1, 1, 0, 0, 1, 0, 1, 0 ], [ 1, 0, 0, 0, 1, 1, 0, 1, 1, 1, 0, 0, 0, 0, 1 ], 
      [ 1, 0, 0, 0, 1, 0, 0, 1, 1, 1, 0, 1, 0, 1, 1 ], [ 1, 1, 0, 1, 1, 1, 0, 0, 1, 0, 0, 0, 0, 0, 1 ], 
      [ 1, 0, 1, 0, 0, 1, 0, 0, 0, 0, 0, 1, 0, 1, 1 ], [ 1, 1, 0, 1, 1, 1, 0, 0, 1, 1, 0, 1, 0, 1, 0 ], 
      [ 1, 1, 1, 1, 1, 1, 0, 0, 0, 1, 0, 1, 0, 1, 1 ], [ 1, 0, 0, 0, 1, 1, 0, 1, 1, 1, 1, 1, 0, 0, 1 ] ],
  Group := Group( [ ( 1, 3)( 2, 4)( 5, 6)( 8,11)( 9,13)(10,15)(14,18)(16,20)(19,21)(22,25)(23,27)(24,28)(26,29)(30,31)(32,33)
        (34,36)(35,37)(38,40)(39,41)(42,44)(43,45)(46,47)(48,52)(49,54)(53,55), ( 1, 6)( 3, 5)( 7,56)( 8,47)( 9,52)(10,42)(11,46)
        (12,51)(13,48)(14,53)(15,44)(16,49)(17,50)(18,55)(19,45)(20,54)(21,43)(22,34)(23,39)(24,35)(25,36)(26,38)(27,41)(28,37)
        (29,40)(30,32)(31,33) ] ) );
