return rec(
  EXT := [ [ 1, 1, 1, 1, 0, 1, 1, 0, 0, 0, 0, 0, 1, 0, 0 ], [ 1, 1, 1, 1, 0, 1, 0, 0, 1, 0, 0, 0, 0, 0, 1 ], 
      [ 1, 1, 1, 1, 0, 1, 0, 0, 0, 0, 1, 0, 0, 1, 0 ], [ 1, 1, 1, 1, 0, 1, 1, 0, 0, 0, 1, 1, 1, 0, 0 ], 
      [ 1, 1, 1, 1, 0, 1, 0, 0, 0, 0, 0, 1, 0, 1, 0 ], [ 1, 1, 1, 1, 0, 1, 0, 0, 1, 0, 1, 1, 0, 0, 1 ], 
      [ 1, 1, 1, 1, 0, 1, 1, 0, 1, 0, 0, 1, 1, 1, 1 ], [ 1, 1, 1, 1, 0, 1, 1, 0, 1, 0, 1, 0, 1, 1, 1 ], 
      [ 1, 0, 1, 1, 0, 1, 1, 0, 0, 0, 0, 0, 0, 0, 0 ], [ 1, 1, 0, 1, 0, 0, 0, 0, 1, 0, 0, 0, 0, 0, 0 ], 
      [ 1, 0, 1, 1, 0, 1, 1, 0, 0, 0, 1, 1, 0, 0, 0 ], [ 1, 1, 0, 1, 0, 0, 1, 0, 1, 0, 0, 0, 1, 0, 0 ], 
      [ 1, 1, 0, 1, 0, 0, 0, 0, 1, 0, 1, 1, 0, 0, 0 ], [ 1, 0, 1, 1, 0, 1, 1, 0, 0, 0, 1, 0, 0, 1, 0 ], 
      [ 1, 0, 1, 1, 0, 1, 1, 0, 1, 0, 0, 0, 0, 0, 1 ], [ 1, 1, 0, 1, 0, 0, 0, 0, 1, 0, 0, 1, 0, 1, 0 ], 
      [ 1, 0, 1, 1, 0, 1, 1, 0, 0, 0, 0, 1, 0, 1, 0 ], [ 1, 1, 0, 1, 0, 0, 1, 0, 1, 0, 1, 0, 1, 1, 0 ], 
      [ 1, 1, 0, 1, 0, 0, 0, 0, 1, 0, 1, 0, 0, 1, 0 ], [ 1, 0, 1, 1, 0, 1, 1, 0, 1, 0, 0, 1, 0, 1, 1 ], 
      [ 1, 1, 0, 1, 0, 0, 1, 0, 1, 0, 0, 1, 1, 1, 0 ], [ 1, 1, 0, 1, 0, 0, 1, 0, 1, 0, 1, 1, 1, 0, 0 ], 
      [ 1, 0, 1, 1, 0, 1, 1, 0, 1, 0, 1, 0, 0, 1, 1 ], [ 1, 0, 1, 1, 0, 1, 1, 0, 1, 0, 1, 1, 0, 0, 1 ], 
      [ 1, 0, 0, 1, 0, 0, 1, 0, 1, 0, 0, 0, 0, 0, 0 ], [ 1, 1, 0, 1, 1, 1, 1, 0, 1, 0, 0, 0, 0, 0, 0 ], 
      [ 1, 0, 0, 1, 0, 0, 1, 0, 1, 0, 1, 1, 0, 0, 0 ], [ 1, 0, 1, 1, 0, 1, 1, 1, 1, 0, 0, 0, 0, 0, 0 ], 
      [ 1, 0, 0, 1, 0, 0, 1, 0, 1, 0, 1, 0, 0, 1, 0 ], [ 1, 0, 0, 1, 0, 0, 1, 0, 1, 0, 0, 1, 0, 1, 0 ], 
      [ 1, 1, 0, 1, 1, 1, 1, 0, 1, 0, 1, 0, 0, 1, 0 ], [ 1, 1, 0, 1, 1, 1, 1, 0, 1, 0, 1, 1, 0, 0, 0 ], 
      [ 1, 0, 1, 1, 0, 1, 1, 1, 1, 0, 0, 1, 0, 1, 0 ], [ 1, 0, 1, 1, 0, 1, 1, 1, 1, 0, 1, 0, 0, 1, 0 ], 
      [ 1, 0, 1, 1, 0, 1, 1, 1, 1, 0, 1, 1, 0, 0, 0 ], [ 1, 1, 0, 1, 1, 1, 1, 0, 1, 0, 0, 1, 0, 1, 0 ], 
      [ 1, 0, 0, 1, 0, 0, 0, 0, 1, 0, 0, 0, 0, 1, 0 ], [ 1, 0, 0, 1, 0, 0, 1, 0, 0, 0, 0, 0, 0, 0, 0 ], 
      [ 1, 1, 0, 1, 1, 1, 1, 0, 1, 0, 0, 0, 1, 1, 0 ], [ 1, 0, 1, 1, 0, 1, 1, 1, 1, 0, 0, 0, 0, 0, 1 ], 
      [ 1, 0, 1, 1, 0, 1, 1, 1, 1, 0, 0, 0, 1, 1, 0 ], [ 1, 1, 0, 1, 1, 1, 1, 0, 0, 0, 0, 0, 0, 0, 0 ], 
      [ 1, 0, 0, 1, 0, 0, 0, 0, 1, 0, 0, 1, 0, 1, 0 ], [ 1, 0, 0, 1, 0, 0, 1, 0, 1, 0, 0, 0, 1, 1, 0 ], 
      [ 1, 1, 0, 1, 1, 1, 1, 0, 1, 0, 0, 0, 0, 0, 1 ], [ 1, 0, 0, 1, 0, 0, 1, 0, 0, 0, 1, 0, 0, 0, 0 ], 
      [ 1, 0, 1, 1, 0, 1, 0, 1, 1, 0, 0, 0, 0, 1, 0 ], [ 1, 0, 1, 1, 0, 1, 1, 1, 0, 0, 0, 0, 0, 0, 0 ], 
      [ 1, 0, 0, 1, 0, 0, 1, 0, 1, 0, 0, 0, 0, 0, 1 ], [ 1, 0, 0, 1, 0, 0, 1, 0, 1, 0, 0, 1, 1, 1, 0 ], 
      [ 1, 1, 0, 1, 1, 1, 0, 0, 1, 0, 0, 0, 0, 1, 0 ], [ 1, 1, 0, 1, 1, 1, 1, 0, 1, 0, 0, 1, 1, 1, 0 ], 
      [ 1, 0, 0, 1, 0, 0, 1, 0, 1, 0, 1, 0, 0, 0, 1 ], [ 1, 0, 1, 1, 0, 1, 1, 1, 1, 0, 1, 0, 0, 0, 1 ], 
      [ 1, 0, 1, 1, 0, 1, 1, 1, 1, 0, 0, 1, 1, 1, 0 ], [ 1, 1, 0, 1, 1, 1, 0, 0, 1, 0, 0, 1, 0, 1, 0 ], 
      [ 1, 1, 0, 1, 1, 1, 1, 0, 0, 0, 1, 0, 0, 0, 0 ], [ 1, 1, 0, 1, 1, 1, 1, 0, 1, 0, 1, 0, 0, 0, 1 ], 
      [ 1, 0, 1, 1, 0, 1, 1, 1, 0, 0, 1, 0, 0, 0, 0 ], [ 1, 0, 1, 1, 0, 1, 0, 1, 1, 0, 0, 1, 0, 1, 0 ], 
      [ 1, 0, 0, 1, 0, 0, 0, 0, 0, 0, 0, 0, 0, 0, 0 ], [ 1, 1, 0, 1, 1, 1, 1, 0, 0, 0, 0, 0, 1, 0, 0 ], 
      [ 1, 0, 1, 1, 0, 1, 0, 1, 1, 0, 0, 0, 0, 0, 1 ], [ 1, 0, 1, 1, 0, 1, 1, 1, 0, 0, 0, 0, 1, 0, 0 ], 
      [ 1, 0, 0, 1, 0, 0, 1, 0, 0, 0, 0, 0, 1, 1, 0 ], [ 1, 1, 0, 1, 1, 1, 0, 0, 1, 0, 0, 0, 0, 0, 1 ], 
      [ 1, 0, 0, 1, 0, 0, 0, 0, 1, 0, 0, 0, 0, 1, 1 ], [ 1, 1, 0, 1, 1, 1, 0, 0, 0, 0, 0, 0, 0, 1, 0 ], 
      [ 1, 0, 0, 1, 0, 0, 1, 0, 1, 0, 0, 0, 1, 0, 1 ], [ 1, 0, 1, 1, 0, 1, 0, 1, 0, 0, 0, 0, 0, 1, 0 ], 
      [ 1, 1, 0, 1, 1, 1, 1, 0, 1, 0, 0, 0, 1, 1, 1 ], [ 1, 0, 1, 1, 0, 1, 1, 1, 1, 0, 0, 0, 1, 1, 1 ] ],
  Group := Group( [ (26,28)(31,34)(32,35)(33,36)(39,41)(40,45)(42,48)(47,51)(52,55)(54,58)(56,60)(57,59)(62,64)(63,66)(68,70)
        (71,72), ( 1, 6)( 2, 4)( 9,13)(10,11)(12,24)(14,19)(15,22)(16,17)(18,23)(20,21)(25,27)(26,35)(28,32)(31,34)(33,36)(37,46)
        (38,43)(39,54)(40,52)(41,58)(42,60)(44,53)(45,55)(47,57)(48,56)(49,50)(51,59)(62,63)(64,66)(65,67)(68,70)(71,72), 
      ( 1, 7)( 2, 5)( 3, 6)( 4, 8)( 9,20)(10,16)(11,23)(12,21)(13,19)(14,24)(15,17)(18,22)(25,30)(26,33)(27,29)(28,36)(31,35)
        (32,34)(37,43)(38,49)(39,55)(40,42)(41,52)(44,50)(45,48)(46,53)(47,56)(51,60)(54,57)(58,59)(61,67)(62,72)(63,68)(64,71)
        (65,69)(66,70), ( 1, 8)( 2, 3)( 4, 7)( 5, 6)( 9,23)(10,19)(11,20)(12,18)(13,16)(14,15)(17,24)(21,22)(25,29)(26,34)(27,30)
        (28,31)(32,33)(35,36)(38,53)(39,41)(40,57)(42,54)(45,59)(46,49)(47,51)(48,58)(52,55)(56,60)(61,67)(62,72)(63,68)(64,71)
        (65,69)(66,70) ] ) );
