return [ [ 1, 2, 3, 4, 5, 6, 7, 8, 9, 10, 13, 14, 15, 16, 18, 19, 21, 24, 25, 28, 29, 30, 31, 32, 50, 53, 54, 56, 59, 60, 62, 
      64, 68, 70, 71, 73, 76, 77, 78, 79, 81, 82, 83, 84, 85, 86, 87, 88, 89, 90, 91, 92, 93, 94, 95, 96 ], 
  [ 2, 4, 7, 8, 13, 14, 15, 17, 18, 20, 23, 27, 29, 30, 31, 32, 36, 38, 39, 41, 42, 43, 46, 47, 49, 51, 52, 55, 57, 58, 60, 61, 
      63, 65, 66, 67, 69, 70, 71, 72, 73, 74, 75, 76, 77, 78, 79, 80, 81, 82, 83, 84, 85, 86, 87, 88, 89, 90, 91, 92, 93, 94, 
      95, 96 ], [ 11, 12, 17, 20, 22, 23, 26, 27, 33, 34, 35, 36, 37, 38, 39, 40, 41, 42, 43, 44, 45, 46, 47, 48, 49, 50, 51, 
      52, 53, 54, 55, 56, 57, 58, 59, 60, 61, 62, 63, 64, 65, 66, 67, 68, 69, 70, 71, 72, 73, 74, 75, 76, 77, 78, 79, 80, 81, 
      82, 83, 84, 85, 86, 87, 88, 89, 90, 91, 92, 93, 94, 95, 96 ], 
  [ 3, 6, 7, 8, 11, 12, 16, 17, 20, 21, 22, 23, 25, 26, 27, 28, 29, 30, 31, 32, 33, 34, 35, 36, 37, 38, 39, 40, 41, 42, 43, 44, 
      45, 46, 47, 48, 49, 51, 52, 54, 55, 57, 58, 59, 61, 63, 64, 65, 66, 67, 68, 69, 71, 72, 73, 74, 75, 77, 78, 80, 84, 87, 
      88, 89, 92, 93, 95, 96 ], [ 9, 10, 13, 14, 15, 16, 18, 19, 21, 24, 25, 28, 29, 30, 31, 32, 33, 34, 35, 36, 37, 38, 39, 40, 
      41, 42, 43, 44, 45, 46, 47, 48, 49, 50, 51, 52, 53, 54, 55, 56, 57, 58, 59, 60, 61, 62, 63, 64, 65, 66, 67, 68, 69, 70, 
      71, 72, 73, 74, 75, 76, 77, 78, 79, 80, 81, 82, 83, 84, 85, 86, 87, 88, 89, 90, 91, 92, 93, 94, 95, 96 ], 
  [ 1, 3, 4, 7, 9, 10, 11, 12, 13, 15, 16, 20, 21, 27, 30, 32, 33, 34, 35, 36, 37, 39, 43, 47, 50, 53, 54, 56, 59, 60, 62, 64, 
      68, 70, 71, 73, 76, 77, 78, 79, 81, 82, 83, 84, 85, 87, 88, 92 ], [ 1, 3, 7, 11, 16, 21, 33, 49, 64, 71, 81, 87, 89, 92 ], 
  [ 1, 3, 7, 11, 12, 16, 33, 49, 64, 71, 81, 84, 87, 89, 92 ], [ 7, 11, 12, 20, 27, 33, 36, 49, 57, 64, 71, 81, 84, 87, 89, 92 ],
  [ 1, 3, 7, 11, 21, 64, 68, 71, 77, 81, 82, 87, 88, 89, 92, 93 ], 
  [ 3, 4, 5, 6, 7, 8, 20, 22, 25, 30, 54, 64, 68, 71, 73, 77, 84, 88, 89, 92, 93, 96 ], 
  [ 1, 2, 3, 4, 5, 8, 9, 10, 11, 12, 14, 17, 18, 23, 34, 37, 41, 46, 51, 53, 55, 61, 62, 65, 70, 79, 82, 85, 90, 94 ], 
  [ 3, 7, 11, 16, 20, 21, 30, 32, 33, 34, 36, 39, 49, 51, 57, 63, 64, 68, 71, 77, 81, 82, 84, 87, 88, 89, 92, 93 ], 
  [ 3, 4, 5, 8, 11, 12, 17, 20, 22, 23, 26, 27, 34, 37, 39, 41, 44, 45, 46, 47, 51, 53, 54, 55, 61, 62, 63, 65, 68, 70, 
      72, 73, 74, 77, 79, 80, 82, 84, 85, 88, 90, 93, 94, 96 ], [ 3, 4, 5, 8, 9, 10, 13, 14, 15, 16, 18, 19, 21, 24, 25, 28, 29, 
      30, 31, 32, 34, 37, 39, 41, 44, 45, 46, 47, 51, 53, 54, 55, 61, 62, 63, 65, 68, 70, 72, 73, 74, 77, 79, 80, 82, 84, 85, 
      88, 90, 93, 94, 96 ], [ 1, 2, 3, 4, 5, 6, 7, 8, 10, 11, 12, 15, 17, 18, 20, 21, 22, 23, 24, 26, 27, 28, 31, 32, 34, 35, 
      39, 41, 42, 43, 44, 48, 51, 52, 53, 56, 59, 63, 65, 67, 68, 69, 70, 72, 75, 76, 77, 78, 82, 83, 87, 88, 90, 91, 93, 95 ], 
  [ 1, 2, 3, 4, 5, 6, 7, 8, 9, 10, 12, 13, 14, 15, 16, 18, 19, 21, 23, 24, 25, 26, 27, 28, 29, 30, 31, 32, 35, 37, 42, 43, 45, 
      46, 47, 48, 52, 54, 55, 56, 59, 61, 62, 67, 69, 73, 74, 75, 76, 78, 79, 80, 83, 84, 85, 87, 91, 94, 95, 96 ], 
  [ 3, 4, 5, 8, 10, 12, 15, 18, 21, 23, 24, 26, 27, 28, 31, 32, 34, 35, 37, 39, 41, 42, 43, 44, 45, 46, 47, 48, 51, 52, 53, 54, 
      55, 56, 59, 61, 62, 63, 65, 67, 68, 69, 70, 72, 73, 74, 75, 76, 77, 78, 79, 80, 82, 83, 84, 85, 87, 88, 90, 91, 93, 94, 
      95, 96 ], [ 1, 2, 3, 4, 5, 6, 7, 8, 11, 12, 17, 20, 22, 23, 26, 27, 50, 53, 54, 56, 59, 60, 62, 64, 68, 70, 71, 73, 76, 
      77, 78, 79, 81, 82, 83, 84, 85, 86, 87, 88, 89, 90, 91, 92, 93, 94, 95, 96 ], 
  [ 1, 2, 3, 8, 9, 10, 11, 12, 14, 16, 17, 18, 21, 23, 29, 31, 33, 34, 35, 37, 38, 41, 42, 46, 49, 50, 51, 52, 53, 54, 55, 56, 
      58, 59, 60, 61, 62, 64, 65, 67, 68, 70, 71, 73, 76, 77, 78, 79, 81, 82, 83, 84, 85, 86, 87, 88, 89, 90, 91, 92, 93, 94, 
      95, 96 ], [ 1, 3, 4, 5, 6, 7, 9, 10, 11, 12, 13, 15, 16, 19, 20, 21, 22, 24, 25, 26, 27, 28, 30, 32, 33, 34, 35, 36, 37, 
      39, 40, 43, 44, 45, 47, 48, 50, 53, 54, 56, 57, 59, 62, 63, 64, 66, 68, 69, 72, 74, 75, 80, 81, 82, 83, 84, 85, 87, 88, 92 
     ], [ 1, 2, 3, 4, 5, 6, 7, 8, 9, 10, 11, 12, 13, 14, 15, 16, 17, 18, 19, 20, 21, 22, 23, 24, 25, 26, 27, 28, 29, 30, 31, 32, 
      33, 34, 35, 36, 37, 38, 39, 40, 41, 42, 43, 44, 45, 46, 47, 48, 49, 50, 51, 53, 54, 56, 57, 59, 60, 61, 62, 63, 64, 67, 
      68, 70, 71, 73, 75, 76, 77, 78, 79, 80, 81, 82, 84, 87, 89, 91, 93, 94 ], 
  [ 1, 2, 3, 7, 8, 11, 17, 21, 31, 49, 51, 71, 77, 81, 82, 87, 88, 89, 92, 93 ], 
  [ 1, 2, 3, 7, 8, 16, 21, 29, 31, 49, 71, 81, 87, 89, 92 ], [ 1, 3, 6, 7, 11, 16, 21, 33, 49, 57, 64, 81, 87, 89, 92 ], 
  [ 1, 2, 3, 7, 8, 12, 16, 23, 29, 49, 71, 84, 87, 89, 92 ], [ 1, 2, 3, 7, 8, 16, 29, 49, 71, 81, 84, 87, 89, 92 ], 
  [ 1, 2, 3, 7, 8, 11, 12, 17, 23, 49, 71, 81, 84, 87, 89, 92 ], [ 1, 3, 6, 7, 11, 12, 16, 33, 49, 57, 64, 81, 84, 87, 89, 92 ], 
  [ 3, 7, 8, 16, 21, 29, 30, 31, 32, 49, 51, 71, 77, 81, 82, 84, 87, 88, 89, 92, 93 ], 
  [ 1, 2, 3, 4, 5, 6, 7, 8, 9, 10, 13, 14, 15, 16, 18, 19, 21, 24, 25, 28, 29, 30, 31, 32, 49, 51, 52, 55, 57, 58, 61, 63, 65, 
      66, 67, 69, 72, 74, 75, 80, 81, 82, 83, 84, 85, 86, 87, 88, 89, 90, 91, 92, 93, 94, 95, 96 ], 
  [ 1, 3, 6, 7, 11, 21, 64, 68, 81, 82, 87, 88, 89, 92, 93 ], [ 3, 6, 7, 11, 21, 57, 63, 64, 68, 81, 82, 87, 88, 89, 92, 93 ], 
  [ 1, 3, 6, 7, 11, 12, 16, 21, 33, 35, 49, 52, 57, 58, 66, 67, 69, 75, 87, 92 ], 
  [ 1, 3, 4, 7, 9, 10, 11, 12, 13, 15, 16, 20, 21, 27, 30, 32, 33, 34, 35, 36, 37, 39, 43, 47, 49, 51, 52, 55, 57, 58, 61, 63, 
      65, 66, 67, 69, 72, 74, 75, 80, 81, 82, 83, 84, 85, 87, 88, 92 ], 
  [ 1, 3, 6, 7, 11, 21, 49, 51, 57, 63, 81, 82, 87, 88, 89, 92, 93 ], 
  [ 1, 2, 3, 6, 7, 8, 12, 16, 23, 29, 49, 52, 55, 58, 61, 67, 84, 87, 89, 92, 95, 96 ], 
  [ 1, 2, 3, 4, 5, 6, 7, 8, 11, 12, 17, 20, 22, 23, 26, 27, 49, 51, 52, 55, 57, 58, 61, 63, 65, 66, 67, 69, 72, 74, 
      75, 80, 81, 82, 83, 84, 85, 86, 87, 88, 89, 90, 91, 92, 93, 94, 95, 96 ], 
  [ 6, 7, 11, 12, 20, 22, 26, 27, 57, 64, 81, 84, 87, 89, 92 ], [ 7, 11, 12, 17, 20, 23, 27, 49, 71, 81, 84, 87, 89, 92 ], 
  [ 3, 7, 8, 11, 17, 20, 49, 51, 71, 77, 81, 82, 84, 87, 88, 89, 92, 93 ], 
  [ 1, 3, 6, 7, 12, 16, 49, 52, 55, 57, 58, 61, 66, 67, 69, 74, 75, 80, 84, 87, 92 ], 
  [ 1, 2, 3, 4, 5, 6, 7, 8, 9, 10, 11, 12, 13, 14, 15, 16, 17, 18, 19, 20, 21, 22, 23, 24, 25, 26, 27, 28, 29, 30, 31, 
      32, 33, 34, 35, 36, 37, 38, 39, 40, 41, 42, 43, 44, 45, 46, 47, 48, 49, 51, 52, 55, 57, 58, 61, 63, 65, 66, 67, 69, 72, 
      74, 75, 80 ] ];
