return [ [ 1, 3, 6, 8, 13, 35, 37, 44, 49, 51, 54 ], [ 3, 7, 9, 13, 37, 44, 48, 49, 50, 51, 54 ], 
  [ 1, 2, 3, 11, 12, 19, 20, 35, 36, 46, 47 ], [ 3, 5, 9, 11, 12, 19, 20, 38, 42, 45, 53 ], 
  [ 3, 7, 8, 9, 12, 21, 37, 48, 49, 51, 54 ], [ 3, 7, 9, 11, 12, 21, 37, 48, 49, 51, 54 ], 
  [ 3, 7, 8, 9, 15, 21, 37, 48, 49, 51, 54 ], [ 7, 8, 9, 12, 20, 21, 37, 48, 49, 51, 54 ], 
  [ 9, 12, 13, 19, 22, 37, 41, 48, 49, 51, 54 ], [ 7, 9, 12, 13, 19, 22, 37, 48, 49, 51, 54 ], 
  [ 7, 8, 14, 15, 26, 36, 37, 44, 45, 50, 53 ], [ 4, 7, 9, 14, 18, 26, 38, 44, 50, 52, 54 ], 
  [ 1, 6, 13, 16, 22, 26, 35, 37, 44, 51, 54 ], [ 3, 7, 8, 9, 15, 37, 44, 48, 49, 50, 51, 54 ], 
  [ 3, 5, 6, 9, 11, 12, 16, 19, 38, 42, 45, 53 ], [ 6, 7, 9, 11, 12, 16, 19, 38, 43, 49, 52, 54 ], 
  [ 1, 2, 3, 11, 12, 19, 20, 36, 42, 45, 46, 47 ], [ 1, 2, 3, 11, 12, 19, 20, 34, 35, 46, 47, 49 ], 
  [ 1, 2, 3, 9, 11, 12, 19, 20, 35, 37, 49, 51 ], [ 1, 2, 3, 9, 11, 12, 19, 20, 36, 37, 45, 53 ], 
  [ 3, 5, 9, 11, 12, 19, 20, 38, 41, 45, 49, 53 ], [ 1, 2, 3, 7, 9, 11, 12, 19, 20, 37, 45, 49 ], 
  [ 3, 7, 8, 9, 14, 15, 21, 37, 48, 49, 50, 51 ], [ 3, 7, 8, 9, 14, 15, 18, 21, 37, 49, 50, 51 ], 
  [ 1, 7, 12, 13, 19, 22, 35, 37, 48, 49, 51, 54 ], [ 5, 9, 12, 13, 19, 22, 39, 41, 48, 49, 51, 54 ], 
  [ 3, 5, 13, 16, 18, 23, 38, 40, 43, 49, 50, 54 ], [ 5, 7, 8, 9, 14, 15, 18, 21, 24, 37, 51, 53 ], 
  [ 7, 8, 9, 12, 20, 21, 24, 25, 37, 48, 51, 54 ], [ 3, 9, 13, 15, 26, 37, 44, 48, 49, 50, 51, 54 ], 
  [ 4, 6, 7, 16, 18, 26, 38, 42, 44, 45, 50, 53 ], [ 1, 7, 13, 16, 22, 26, 35, 37, 44, 48, 51, 54 ], 
  [ 1, 6, 7, 13, 16, 22, 26, 36, 37, 44, 45, 53 ], [ 1, 6, 7, 13, 16, 22, 26, 33, 37, 45, 53, 54 ], 
  [ 1, 6, 7, 8, 15, 24, 26, 33, 37, 45, 53, 54 ], [ 7, 8, 14, 15, 18, 24, 26, 33, 37, 43, 51, 54 ], 
  [ 1, 2, 3, 6, 7, 8, 9, 12, 36, 37, 44, 45, 53 ], [ 1, 3, 7, 8, 13, 35, 37, 44, 48, 49, 50, 51, 54 ], 
  [ 1, 2, 3, 7, 8, 9, 13, 36, 37, 44, 45, 50, 53 ], [ 1, 2, 3, 6, 7, 9, 12, 13, 36, 37, 44, 45, 53 ], 
  [ 5, 6, 9, 11, 12, 16, 19, 38, 40, 43, 49, 52, 54 ], [ 1, 2, 3, 6, 12, 13, 16, 19, 35, 36, 44, 46, 47 ], 
  [ 1, 2, 3, 6, 8, 12, 17, 20, 35, 36, 44, 46, 47 ], [ 1, 5, 9, 11, 12, 19, 20, 38, 41, 43, 45, 49, 51 ], 
  [ 2, 3, 5, 9, 11, 12, 19, 20, 36, 42, 45, 46, 53 ], [ 1, 2, 7, 9, 11, 12, 19, 20, 35, 37, 48, 49, 51 ], 
  [ 1, 3, 7, 8, 11, 12, 21, 35, 37, 48, 49, 51, 54 ], [ 3, 5, 7, 8, 9, 14, 15, 18, 21, 37, 50, 51, 53 ], 
  [ 5, 9, 15, 17, 18, 20, 21, 39, 41, 48, 49, 51, 54 ], [ 3, 8, 13, 15, 26, 35, 37, 44, 48, 49, 50, 51, 54 ], 
  [ 4, 5, 6, 7, 9, 16, 18, 26, 38, 44, 50, 53, 54 ], [ 1, 5, 7, 13, 16, 22, 26, 33, 37, 43, 51, 53, 54 ], 
  [ 1, 2, 3, 7, 8, 9, 13, 35, 37, 44, 48, 49, 50, 51 ], [ 1, 2, 3, 6, 7, 9, 12, 13, 16, 19, 37, 44, 45, 49 ], 
  [ 1, 2, 3, 6, 7, 8, 9, 12, 17, 20, 37, 44, 45, 49 ], [ 1, 2, 5, 9, 11, 12, 19, 20, 34, 35, 43, 46, 49, 51 ], 
  [ 1, 3, 5, 9, 11, 12, 19, 20, 37, 41, 45, 49, 51, 53 ], [ 1, 2, 3, 7, 8, 9, 11, 12, 20, 21, 36, 37, 45, 53 ], 
  [ 1, 2, 3, 7, 9, 11, 12, 13, 19, 22, 36, 37, 45, 53 ], [ 11, 16, 19, 22, 31, 32, 33, 34, 38, 40, 43, 49, 52, 54 ], 
  [ 3, 7, 8, 14, 15, 18, 21, 23, 33, 37, 43, 49, 50, 51 ], [ 1, 3, 6, 7, 8, 11, 12, 15, 21, 24, 36, 37, 45, 53 ], 
  [ 6, 11, 12, 16, 19, 25, 32, 34, 38, 40, 43, 49, 52, 54 ], [ 1, 3, 6, 7, 8, 13, 15, 26, 36, 37, 44, 45, 50, 53 ], 
  [ 4, 5, 7, 9, 16, 18, 26, 38, 40, 43, 44, 50, 52, 54 ], [ 1, 5, 6, 13, 16, 22, 26, 35, 36, 37, 44, 46, 51, 53 ], 
  [ 4, 5, 7, 9, 13, 16, 22, 26, 38, 40, 43, 50, 52, 54 ], [ 1, 5, 7, 8, 15, 18, 24, 26, 33, 37, 43, 51, 53, 54 ], 
  [ 1, 2, 3, 6, 7, 8, 9, 12, 35, 37, 44, 48, 49, 51, 54 ], [ 1, 2, 3, 6, 7, 9, 12, 13, 35, 37, 44, 48, 49, 51, 54 ], 
  [ 1, 7, 11, 12, 19, 20, 33, 34, 35, 37, 43, 48, 49, 51, 52 ], [ 5, 9, 11, 12, 19, 20, 38, 39, 40, 41, 43, 48, 49, 51, 52 ], 
  [ 1, 2, 3, 5, 9, 11, 12, 19, 20, 35, 36, 37, 46, 51, 53 ], [ 7, 9, 11, 12, 19, 20, 33, 37, 38, 41, 43, 48, 49, 51, 52 ], 
  [ 1, 7, 9, 11, 12, 19, 20, 33, 37, 38, 41, 43, 45, 49, 51 ], [ 1, 2, 7, 9, 11, 12, 19, 20, 34, 35, 43, 48, 49, 51, 52 ], 
  [ 1, 2, 3, 7, 8, 9, 11, 12, 20, 21, 35, 37, 48, 49, 51 ], [ 1, 2, 3, 7, 9, 11, 12, 13, 19, 22, 35, 37, 48, 49, 51 ], 
  [ 3, 4, 5, 7, 9, 11, 13, 16, 19, 22, 38, 42, 45, 50, 53 ], [ 1, 7, 11, 12, 19, 20, 25, 32, 33, 34, 38, 43, 45, 49, 52 ], 
  [ 1, 7, 13, 16, 22, 26, 33, 34, 35, 37, 43, 48, 51, 52, 54 ], [ 5, 9, 13, 16, 22, 26, 38, 39, 40, 41, 43, 48, 51, 52, 54 ], 
  [ 7, 9, 13, 16, 22, 26, 33, 37, 38, 41, 43, 48, 51, 52, 54 ], [ 5, 7, 9, 13, 16, 22, 26, 33, 37, 38, 41, 43, 51, 53, 54 ], 
  [ 4, 7, 13, 16, 22, 23, 26, 31, 33, 38, 40, 43, 50, 52, 54 ], [ 1, 3, 6, 7, 11, 13, 15, 22, 24, 26, 33, 37, 45, 53, 54 ], 
  [ 1, 2, 6, 7, 9, 12, 13, 16, 19, 35, 37, 44, 48, 49, 51, 54 ], [ 1, 2, 3, 5, 8, 9, 11, 12, 20, 21, 35, 36, 37, 46, 51, 53 ], 
  [ 2, 3, 6, 7, 8, 9, 12, 15, 17, 20, 21, 36, 37, 44, 45, 53 ], [ 2, 3, 6, 7, 8, 9, 12, 15, 17, 20, 21, 37, 44, 48, 49, 54 ], 
  [ 2, 3, 7, 8, 9, 10, 14, 15, 17, 20, 21, 37, 44, 48, 49, 50 ], [ 1, 7, 11, 12, 19, 22, 33, 34, 35, 37, 43, 48, 49, 51, 52, 54 ]
    , [ 7, 9, 11, 12, 19, 22, 33, 37, 38, 41, 43, 48, 49, 51, 52, 54 ], 
  [ 1, 2, 3, 5, 9, 11, 12, 13, 19, 22, 35, 36, 37, 46, 51, 53 ], [ 1, 7, 13, 16, 19, 22, 33, 34, 35, 37, 43, 48, 49, 51, 52, 54 ]
    , [ 7, 9, 13, 16, 19, 22, 33, 37, 38, 41, 43, 48, 49, 51, 52, 54 ], 
  [ 3, 4, 5, 7, 9, 11, 13, 16, 19, 22, 38, 40, 43, 49, 50, 52 ], [ 1, 3, 5, 7, 11, 13, 15, 22, 24, 26, 33, 37, 43, 51, 53, 54 ], 
  [ 2, 5, 9, 11, 12, 19, 20, 34, 35, 39, 40, 43, 46, 48, 49, 51, 52 ], 
  [ 2, 3, 6, 8, 9, 12, 15, 17, 20, 21, 35, 37, 44, 48, 49, 51, 54 ], 
  [ 2, 3, 7, 8, 9, 10, 14, 15, 17, 20, 21, 36, 37, 44, 45, 50, 53 ], 
  [ 1, 3, 4, 5, 7, 11, 13, 16, 19, 22, 38, 40, 42, 43, 45, 47, 50 ], 
  [ 3, 4, 7, 11, 13, 16, 22, 23, 31, 33, 38, 40, 43, 49, 50, 52, 54 ], 
  [ 3, 4, 7, 11, 14, 15, 18, 21, 23, 24, 31, 33, 38, 42, 45, 50, 53 ], 
  [ 1, 6, 7, 11, 12, 16, 19, 25, 32, 33, 34, 38, 43, 45, 49, 52, 54 ], 
  [ 2, 3, 5, 6, 8, 9, 12, 15, 17, 20, 21, 35, 36, 37, 44, 46, 51, 53 ], 
  [ 7, 9, 11, 12, 20, 21, 24, 25, 33, 37, 38, 41, 43, 48, 49, 51, 52, 54 ], 
  [ 2, 6, 7, 8, 9, 10, 12, 14, 15, 17, 20, 21, 24, 25, 37, 44, 48, 54 ], 
  [ 7, 8, 9, 10, 14, 15, 17, 18, 20, 21, 24, 25, 33, 37, 38, 41, 45, 53 ], 
  [ 1, 3, 4, 7, 11, 13, 16, 22, 23, 31, 33, 34, 40, 43, 47, 49, 50, 52, 54 ], 
  [ 1, 7, 8, 11, 12, 20, 21, 24, 25, 33, 34, 35, 37, 43, 48, 49, 51, 52, 54 ], 
  [ 2, 6, 7, 8, 9, 10, 12, 14, 15, 17, 20, 21, 24, 25, 36, 37, 44, 45, 53 ], 
  [ 7, 9, 13, 16, 23, 26, 27, 28, 33, 37, 38, 41, 43, 44, 48, 49, 50, 51, 52, 54 ], 
  [ 3, 7, 8, 9, 10, 14, 15, 17, 18, 20, 21, 23, 27, 33, 37, 38, 41, 45, 49, 50, 53 ], 
  [ 1, 3, 5, 6, 7, 9, 11, 12, 13, 16, 19, 22, 33, 37, 38, 41, 43, 45, 49, 51, 53, 54 ], 
  [ 1, 2, 3, 4, 5, 6, 7, 9, 11, 12, 13, 16, 19, 22, 36, 42, 44, 45, 46, 47, 50, 53 ], 
  [ 7, 8, 9, 10, 14, 15, 17, 18, 20, 21, 24, 25, 33, 37, 38, 41, 43, 48, 49, 51, 52, 54 ], 
  [ 1, 4, 6, 7, 11, 12, 16, 19, 22, 24, 25, 31, 32, 33, 34, 38, 40, 42, 43, 45, 47, 52, 54 ], 
  [ 1, 3, 4, 7, 11, 13, 16, 19, 22, 23, 27, 31, 32, 33, 34, 38, 40, 42, 43, 45, 47, 49, 50, 52 ], 
  [ 7, 8, 9, 10, 14, 15, 17, 18, 23, 26, 27, 28, 33, 37, 38, 41, 43, 44, 48, 49, 50, 51, 52, 54 ], 
  [ 1, 3, 5, 6, 7, 8, 9, 11, 12, 15, 17, 18, 20, 21, 24, 25, 33, 37, 38, 41, 43, 45, 49, 51, 53, 54 ], 
  [ 1, 3, 4, 5, 6, 7, 11, 13, 15, 16, 18, 22, 23, 24, 26, 31, 33, 38, 40, 42, 43, 45, 47, 50, 53, 54 ], 
  [ 11, 12, 19, 20, 21, 22, 24, 25, 29, 30, 31, 32, 33, 34, 35, 37, 38, 39, 40, 41, 43, 48, 49, 51, 52, 54 ], 
  [ 13, 16, 19, 22, 23, 26, 27, 28, 29, 30, 31, 32, 33, 34, 35, 37, 38, 39, 40, 41, 43, 48, 49, 51, 52, 54 ], 
  [ 1, 3, 4, 6, 7, 11, 15, 16, 17, 23, 24, 25, 27, 31, 32, 33, 34, 38, 40, 42, 43, 45, 47, 49, 50, 52, 54 ], 
  [ 1, 2, 3, 4, 5, 6, 7, 9, 11, 12, 13, 16, 19, 22, 34, 35, 39, 40, 43, 44, 46, 47, 48, 49, 50, 51, 52, 54 ], 
  [ 1, 3, 5, 6, 7, 8, 9, 13, 15, 16, 17, 18, 23, 26, 27, 28, 33, 37, 38, 41, 43, 44, 45, 49, 50, 51, 53, 54 ], 
  [ 1, 3, 4, 7, 8, 10, 11, 14, 15, 17, 18, 20, 21, 23, 24, 25, 27, 31, 32, 33, 34, 38, 40, 42, 43, 45, 47, 49, 50, 52 ], 
  [ 1, 2, 3, 4, 5, 6, 7, 9, 10, 11, 12, 16, 17, 18, 19, 20, 25, 27, 32, 34, 38, 40, 42, 43, 44, 45, 46, 47, 49, 50, 52 ], 
  [ 1, 4, 6, 7, 8, 10, 14, 15, 16, 17, 18, 23, 24, 25, 26, 27, 28, 31, 32, 33, 34, 38, 40, 42, 43, 44, 45, 47, 50, 52, 54 ], 
  [ 8, 10, 14, 15, 17, 18, 20, 21, 23, 24, 25, 26, 27, 28, 29, 30, 31, 32, 33, 34, 35, 37, 38, 39, 40, 41, 43, 48, 49, 51, 52, 
      54 ], [ 1, 2, 3, 4, 5, 6, 7, 8, 9, 10, 11, 12, 14, 15, 17, 18, 20, 21, 24, 25, 34, 35, 39, 40, 43, 44, 46, 47, 48, 49, 50, 
      51, 52, 54 ], [ 1, 2, 4, 5, 7, 8, 9, 10, 11, 12, 14, 18, 19, 20, 21, 22, 24, 25, 29, 30, 31, 32, 33, 34, 35, 36, 37, 38, 
      39, 40, 41, 42, 43, 45, 46, 47, 48, 51, 52, 53 ], [ 1, 2, 4, 5, 7, 8, 9, 10, 13, 14, 16, 18, 19, 22, 23, 26, 27, 28, 29, 
      30, 31, 32, 33, 34, 35, 36, 37, 38, 39, 40, 41, 42, 43, 44, 45, 46, 47, 48, 50, 51, 52, 53 ], 
  [ 1, 2, 3, 4, 5, 7, 8, 9, 10, 11, 13, 14, 18, 19, 20, 21, 22, 23, 27, 29, 30, 31, 32, 33, 34, 35, 36, 37, 38, 39, 40, 41, 42, 
      43, 45, 46, 47, 48, 49, 50, 51, 52, 53 ], [ 1, 3, 5, 6, 8, 11, 12, 13, 15, 16, 17, 18, 19, 20, 21, 22, 23, 24, 25, 26, 27, 
      28, 29, 30, 31, 32, 33, 34, 35, 36, 37, 38, 39, 40, 41, 42, 43, 45, 46, 47, 49, 51, 53, 54 ] ];
