return [ [ 5, 7, 8, 9, 14, 17, 41, 46, 50, 52, 53 ], [ 5, 7, 8, 14, 19, 36, 40, 49, 50, 52, 56 ], 
  [ 5, 7, 8, 14, 19, 40, 47, 49, 50, 52, 56 ], [ 5, 8, 14, 17, 19, 34, 41, 46, 50, 52, 53 ], 
  [ 5, 7, 8, 14, 17, 19, 38, 41, 46, 50, 52 ], [ 5, 7, 8, 14, 17, 19, 38, 41, 50, 52, 53 ], 
  [ 5, 7, 8, 14, 17, 19, 41, 46, 50, 52, 53 ], [ 5, 7, 8, 14, 17, 19, 36, 40, 50, 52, 56 ], 
  [ 5, 7, 14, 19, 21, 36, 40, 49, 50, 52, 56 ], [ 5, 8, 14, 19, 21, 36, 40, 49, 50, 52, 56 ], 
  [ 2, 5, 7, 8, 9, 10, 17, 38, 46, 49, 50, 52 ], [ 7, 10, 14, 16, 19, 35, 36, 47, 49, 50, 53, 56 ], 
  [ 1, 5, 7, 14, 17, 19, 34, 41, 46, 50, 52, 53 ], [ 1, 5, 7, 8, 14, 17, 19, 33, 39, 46, 47, 56 ], 
  [ 2, 5, 7, 8, 14, 17, 19, 36, 40, 49, 50, 52 ], [ 5, 7, 8, 9, 16, 18, 19, 41, 47, 49, 50, 53 ], 
  [ 3, 5, 8, 9, 13, 20, 34, 46, 47, 49, 52, 53 ], [ 3, 5, 8, 9, 13, 20, 38, 41, 49, 52, 53, 54 ], 
  [ 1, 5, 6, 7, 16, 19, 21, 39, 46, 47, 50, 56 ], [ 1, 5, 7, 14, 19, 25, 33, 34, 46, 47, 52, 56 ], 
  [ 1, 6, 7, 12, 33, 34, 35, 42, 46, 47, 52, 55, 56 ], [ 1, 5, 7, 8, 10, 13, 17, 33, 34, 46, 47, 52, 56 ], 
  [ 1, 5, 7, 8, 14, 17, 19, 34, 46, 47, 50, 52, 53 ], [ 1, 5, 7, 8, 14, 17, 19, 33, 34, 46, 47, 52, 56 ], 
  [ 2, 5, 7, 8, 14, 17, 19, 36, 38, 49, 50, 52, 53 ], [ 1, 5, 7, 8, 14, 16, 17, 19, 39, 46, 47, 50, 56 ], 
  [ 3, 5, 8, 9, 13, 20, 34, 41, 46, 49, 50, 52, 53 ], [ 2, 8, 11, 19, 20, 34, 35, 40, 47, 49, 50, 52, 53 ], 
  [ 1, 5, 7, 8, 14, 16, 17, 18, 19, 23, 45, 47, 51 ], [ 3, 7, 8, 9, 10, 13, 17, 18, 24, 33, 38, 52, 54 ], 
  [ 1, 5, 7, 14, 16, 19, 25, 34, 41, 46, 50, 52, 53 ], [ 5, 7, 8, 14, 17, 19, 33, 36, 38, 39, 46, 50, 52, 56 ], 
  [ 1, 5, 7, 8, 14, 17, 19, 34, 40, 46, 47, 50, 52, 56 ], [ 1, 5, 7, 9, 16, 18, 19, 35, 41, 46, 47, 49, 50, 53 ], 
  [ 2, 7, 8, 9, 10, 11, 20, 35, 38, 46, 47, 49, 50, 52 ], [ 2, 7, 8, 9, 10, 11, 20, 35, 38, 47, 49, 50, 52, 53 ], 
  [ 3, 5, 7, 8, 9, 13, 18, 20, 38, 47, 49, 52, 53, 54 ], [ 3, 7, 8, 9, 10, 13, 18, 20, 38, 47, 49, 52, 53, 54 ], 
  [ 1, 5, 7, 9, 10, 13, 18, 22, 33, 35, 46, 47, 49, 55 ], [ 1, 5, 7, 8, 13, 14, 17, 24, 33, 34, 46, 47, 52, 56 ], 
  [ 5, 8, 13, 14, 19, 20, 25, 26, 34, 41, 46, 50, 52, 53 ], [ 5, 7, 13, 14, 24, 25, 27, 31, 33, 37, 38, 41, 45, 52 ], 
  [ 12, 13, 25, 26, 27, 28, 31, 33, 34, 37, 46, 52, 55, 56 ], [ 2, 7, 8, 10, 14, 19, 35, 36, 40, 47, 49, 50, 52, 53, 56 ], 
  [ 1, 5, 7, 8, 9, 14, 16, 17, 18, 19, 37, 41, 45, 46, 47 ], [ 1, 5, 7, 8, 9, 14, 16, 17, 18, 19, 41, 46, 47, 50, 53 ], 
  [ 2, 8, 10, 11, 19, 20, 35, 36, 40, 47, 49, 50, 52, 53, 56 ], [ 2, 7, 8, 10, 11, 19, 20, 35, 36, 38, 47, 49, 50, 52, 53 ], 
  [ 1, 5, 7, 9, 14, 16, 18, 19, 25, 37, 41, 45, 46, 47, 53 ], [ 1, 3, 7, 9, 10, 13, 18, 33, 34, 35, 42, 46, 47, 52, 55, 56 ], 
  [ 1, 2, 5, 7, 8, 14, 17, 19, 34, 35, 40, 47, 49, 50, 52, 53 ], [ 1, 5, 7, 8, 14, 16, 17, 19, 33, 37, 39, 44, 45, 46, 47, 51 ], 
  [ 2, 3, 7, 8, 9, 10, 11, 18, 20, 35, 38, 47, 49, 52, 53, 54 ], [ 1, 2, 5, 7, 8, 14, 16, 17, 18, 19, 23, 35, 47, 49, 50, 53 ], 
  [ 1, 3, 7, 8, 9, 10, 13, 17, 18, 24, 33, 34, 46, 47, 52, 56 ], [ 4, 12, 14, 15, 16, 25, 27, 32, 36, 40, 42, 43, 50, 52, 53, 56 
     ], [ 1, 5, 6, 7, 12, 19, 21, 25, 27, 33, 34, 46, 47, 52, 55, 56 ], 
  [ 3, 5, 7, 13, 14, 18, 24, 25, 27, 31, 38, 41, 45, 52, 53, 54 ], 
  [ 5, 7, 8, 14, 16, 17, 19, 33, 36, 37, 38, 39, 41, 43, 44, 46, 50 ], 
  [ 5, 7, 8, 14, 16, 17, 19, 33, 36, 37, 38, 39, 41, 43, 44, 45, 51 ], 
  [ 5, 7, 8, 14, 16, 17, 18, 19, 23, 36, 38, 41, 43, 45, 48, 51, 54 ], 
  [ 6, 11, 12, 15, 19, 21, 25, 27, 34, 35, 41, 42, 46, 49, 50, 52, 53 ], 
  [ 6, 12, 19, 20, 21, 22, 25, 26, 27, 28, 40, 44, 46, 47, 50, 55, 56 ], 
  [ 5, 13, 19, 20, 21, 22, 25, 26, 27, 28, 34, 41, 46, 49, 50, 52, 53 ], 
  [ 2, 5, 7, 8, 14, 16, 17, 18, 19, 23, 36, 38, 41, 43, 48, 49, 50, 53, 54 ], 
  [ 1, 5, 6, 7, 12, 16, 19, 21, 25, 27, 34, 35, 41, 42, 46, 49, 50, 52, 53 ], 
  [ 1, 4, 5, 7, 12, 13, 14, 24, 25, 27, 31, 33, 34, 37, 45, 46, 52, 55, 56 ], 
  [ 1, 4, 6, 7, 9, 10, 12, 16, 18, 23, 33, 35, 37, 39, 42, 44, 45, 46, 47, 51, 55, 56 ], 
  [ 2, 7, 8, 9, 10, 11, 16, 18, 19, 20, 23, 35, 36, 38, 41, 43, 47, 48, 49, 50, 53, 54 ], 
  [ 5, 7, 8, 9, 10, 13, 14, 16, 17, 24, 33, 36, 37, 38, 39, 41, 43, 44, 46, 50, 52, 56 ], 
  [ 1, 4, 5, 6, 7, 12, 14, 16, 19, 21, 25, 27, 33, 37, 39, 44, 45, 46, 47, 51, 55, 56 ], 
  [ 1, 5, 6, 7, 9, 12, 16, 18, 19, 21, 25, 27, 35, 37, 41, 42, 45, 46, 47, 49, 53, 55 ], 
  [ 1, 4, 5, 6, 7, 12, 14, 16, 18, 19, 21, 23, 25, 27, 35, 42, 45, 47, 49, 51, 53, 55 ], 
  [ 5, 8, 13, 14, 19, 20, 21, 22, 25, 26, 27, 28, 34, 40, 46, 47, 49, 50, 52, 53, 55, 56 ], 
  [ 5, 7, 8, 9, 10, 13, 14, 16, 17, 18, 23, 24, 33, 36, 37, 38, 39, 41, 43, 44, 45, 48, 51, 54 ], 
  [ 2, 3, 5, 7, 8, 9, 10, 13, 14, 16, 17, 18, 23, 24, 36, 38, 41, 43, 48, 49, 50, 52, 53, 54 ], 
  [ 1, 3, 4, 7, 9, 12, 13, 14, 18, 24, 25, 26, 31, 33, 34, 37, 42, 45, 46, 47, 52, 53, 55, 56 ], 
  [ 1, 4, 5, 6, 7, 12, 14, 16, 19, 21, 25, 27, 34, 35, 40, 42, 46, 47, 49, 50, 52, 53, 55, 56 ], 
  [ 1, 3, 4, 5, 7, 9, 12, 13, 14, 16, 18, 24, 25, 27, 31, 34, 37, 41, 42, 45, 46, 52, 53, 55 ], 
  [ 6, 11, 12, 15, 19, 20, 21, 22, 25, 26, 27, 28, 34, 35, 40, 42, 46, 47, 49, 50, 52, 53, 55, 56 ], 
  [ 1, 2, 3, 4, 5, 7, 8, 9, 10, 13, 14, 16, 17, 18, 23, 24, 34, 35, 40, 42, 46, 47, 49, 50, 52, 53, 55, 56 ], 
  [ 3, 4, 9, 12, 13, 14, 15, 16, 24, 25, 26, 27, 28, 31, 32, 34, 37, 40, 41, 42, 43, 44, 46, 50, 52, 53, 55, 56 ], 
  [ 1, 3, 5, 7, 8, 9, 13, 14, 17, 18, 19, 20, 24, 25, 26, 29, 31, 33, 34, 37, 38, 41, 45, 46, 47, 52, 53, 54 ], 
  [ 6, 11, 12, 15, 19, 20, 21, 22, 25, 26, 27, 28, 29, 30, 31, 32, 33, 36, 37, 38, 39, 41, 43, 44, 45, 48, 51, 54 ], 
  [ 6, 11, 12, 15, 19, 20, 21, 22, 25, 26, 27, 28, 29, 30, 31, 32, 33, 34, 36, 37, 38, 39, 40, 41, 43, 44, 46, 50, 52, 56 ], 
  [ 5, 8, 13, 14, 17, 19, 20, 21, 22, 24, 25, 26, 27, 28, 29, 30, 31, 32, 33, 36, 37, 38, 39, 41, 43, 44, 45, 48, 51, 54 ], 
  [ 5, 7, 8, 9, 10, 13, 14, 16, 19, 20, 21, 22, 25, 26, 27, 28, 33, 36, 37, 38, 39, 41, 43, 44, 46, 47, 49, 50, 52, 53, 55, 56 ],
  [ 5, 8, 13, 14, 17, 19, 20, 21, 22, 24, 25, 26, 27, 28, 29, 30, 31, 32, 33, 34, 36, 37, 38, 39, 40, 41, 43, 44, 46, 50, 52, 56 
     ], [ 6, 7, 9, 10, 11, 12, 15, 16, 19, 20, 21, 22, 25, 26, 27, 28, 33, 35, 36, 37, 38, 39, 41, 42, 43, 44, 46, 47, 49, 50, 
      52, 53, 55, 56 ], [ 5, 7, 8, 9, 10, 13, 14, 16, 18, 19, 20, 21, 22, 23, 25, 26, 27, 28, 33, 36, 37, 38, 39, 41, 43, 44, 
      45, 47, 48, 49, 51, 53, 54, 55 ], [ 1, 4, 5, 6, 7, 12, 14, 16, 17, 19, 21, 24, 25, 27, 29, 30, 31, 32, 33, 34, 36, 37, 38, 
      39, 40, 41, 43, 44, 45, 46, 50, 51, 52, 56 ], [ 1, 4, 5, 6, 8, 12, 13, 14, 17, 19, 20, 21, 22, 24, 25, 26, 27, 28, 29, 30, 
      31, 32, 33, 34, 37, 39, 40, 44, 45, 46, 47, 51, 55, 56 ], 
  [ 6, 7, 9, 10, 11, 12, 15, 16, 18, 19, 20, 21, 22, 23, 25, 26, 27, 28, 33, 35, 36, 37, 38, 39, 41, 42, 43, 44, 45, 47, 48, 49, 
      51, 53, 54, 55 ], [ 3, 4, 7, 9, 10, 12, 13, 14, 15, 16, 18, 23, 24, 25, 26, 27, 28, 31, 32, 33, 36, 37, 38, 39, 41, 42, 
      43, 44, 45, 48, 51, 52, 53, 54, 55, 56 ], [ 1, 3, 5, 6, 7, 9, 11, 12, 13, 15, 18, 19, 20, 21, 22, 25, 26, 27, 28, 29, 31, 
      33, 34, 35, 37, 38, 41, 42, 45, 46, 47, 49, 52, 53, 54, 55 ], 
  [ 1, 2, 3, 4, 5, 6, 7, 11, 12, 14, 15, 16, 17, 18, 19, 21, 23, 24, 25, 27, 29, 30, 31, 32, 34, 35, 36, 38, 40, 41, 42, 43, 45, 
      48, 49, 50, 51, 52, 53, 54 ], [ 1, 2, 3, 4, 6, 7, 8, 9, 10, 11, 12, 14, 15, 16, 17, 18, 19, 20, 23, 24, 25, 26, 29, 30, 
      31, 32, 33, 34, 35, 36, 37, 38, 39, 40, 41, 42, 43, 44, 45, 46, 47, 48, 50, 51, 52, 53, 54, 56 ], 
  [ 1, 2, 3, 4, 5, 6, 7, 8, 10, 11, 12, 13, 14, 15, 17, 18, 19, 20, 21, 22, 23, 24, 25, 26, 27, 28, 29, 30, 31, 32, 33, 34, 35, 
      36, 38, 39, 40, 42, 45, 47, 48, 49, 51, 52, 53, 54, 55, 56 ] ];
