return [ [ 2, 4, 6, 9, 10, 32, 42, 44, 50, 56, 58, 61, 64 ], [ 1, 3, 5, 8, 13, 17, 21, 35, 38, 51, 54, 62, 63 ], 
  [ 1, 3, 4, 5, 8, 9, 15, 17, 20, 46, 52, 54, 59, 60, 63 ], [ 2, 3, 5, 6, 11, 13, 16, 18, 24, 25, 31, 47, 51, 57, 62, 64 ], 
  [ 2, 4, 6, 9, 10, 32, 36, 39, 41, 43, 50, 52, 55, 56, 57, 60, 64 ], 
  [ 1, 3, 5, 8, 13, 17, 21, 35, 38, 41, 43, 45, 46, 47, 48, 62, 63 ], 
  [ 1, 3, 4, 5, 8, 9, 15, 17, 20, 33, 45, 49, 50, 52, 54, 60, 62, 64 ], 
  [ 2, 3, 5, 6, 9, 11, 13, 16, 18, 24, 25, 31, 38, 43, 47, 48, 51, 57, 59, 64 ], 
  [ 3, 6, 12, 16, 19, 24, 26, 31, 33, 34, 45, 47, 49, 50, 51, 55, 57, 61, 62, 64 ], 
  [ 2, 4, 6, 9, 10, 32, 33, 34, 36, 37, 39, 40, 41, 42, 43, 44, 45, 47, 50, 56, 64 ], 
  [ 1, 3, 4, 5, 8, 9, 13, 15, 17, 20, 33, 35, 36, 41, 45, 46, 49, 52, 54, 60, 62, 63 ], 
  [ 2, 3, 6, 11, 12, 16, 18, 19, 24, 25, 26, 31, 34, 47, 49, 50, 51, 55, 57, 61, 62, 64 ], 
  [ 1, 2, 4, 6, 7, 10, 12, 14, 17, 18, 19, 20, 22, 23, 24, 28, 33, 34, 35, 36, 37, 38, 39, 40, 42, 44, 46, 48, 
      49, 50, 51, 52, 53, 54, 55, 56, 58, 59, 61, 63 ], [ 1, 2, 3, 4, 5, 6, 7, 8, 9, 10, 11, 12, 13, 14, 15, 16, 17, 18, 19, 20, 
      22, 23, 24, 28, 33, 34, 35, 36, 38, 39, 46, 48, 49, 50, 51, 52, 54, 55, 59, 63 ], 
  [ 2, 3, 6, 9, 10, 11, 12, 16, 18, 19, 24, 25, 26, 28, 31, 32, 33, 34, 35, 36, 37, 38, 39, 40, 41, 42, 43, 44, 45, 46, 47, 48, 
      50, 51, 55, 56, 57, 59, 61, 64 ], [ 1, 3, 4, 8, 9, 10, 12, 15, 17, 19, 20, 21, 26, 27, 28, 32, 33, 35, 36, 37, 41, 42, 45, 
      46, 49, 50, 51, 52, 53, 54, 55, 56, 57, 58, 59, 60, 61, 62, 63, 64 ], 
  [ 2, 4, 5, 9, 10, 11, 14, 15, 18, 20, 22, 25, 27, 28, 29, 32, 33, 34, 35, 36, 37, 38, 39, 40, 41, 42, 43, 44, 45, 46, 47, 48, 
      50, 52, 54, 56, 58, 59, 60, 64 ], [ 1, 2, 3, 4, 5, 8, 9, 10, 11, 12, 14, 15, 17, 18, 19, 20, 21, 22, 25, 26, 27, 28, 29, 
      32, 33, 35, 36, 37, 41, 42, 45, 46, 50, 52, 54, 56, 58, 59, 60, 64 ], 
  [ 1, 2, 4, 6, 7, 10, 12, 14, 17, 18, 19, 20, 21, 22, 23, 24, 25, 26, 27, 28, 29, 30, 31, 32, 33, 34, 36, 37, 39, 40, 42, 44, 
      49, 50, 52, 53, 55, 56, 58, 61 ], [ 1, 2, 3, 4, 5, 6, 7, 8, 9, 10, 11, 12, 13, 14, 15, 16, 33, 34, 35, 36, 37, 38, 39, 40, 
      41, 42, 43, 44, 45, 46, 47, 48, 49, 50, 51, 52, 53, 54, 55, 56, 57, 58, 59, 60, 61, 62, 63, 64 ], 
  [ 1, 2, 3, 5, 8, 11, 12, 14, 17, 18, 19, 21, 22, 25, 26, 29, 33, 34, 35, 36, 37, 38, 39, 40, 41, 42, 43, 44, 45, 46, 47, 48, 
      49, 50, 51, 52, 53, 54, 55, 56, 57, 58, 59, 60, 61, 62, 63, 64 ], 
  [ 1, 2, 3, 4, 5, 6, 7, 8, 9, 10, 11, 12, 13, 14, 15, 16, 17, 18, 19, 20, 21, 22, 23, 24, 25, 26, 27, 28, 29, 30, 31, 32, 33, 
      34, 35, 36, 37, 38, 39, 40, 41, 42, 43, 44, 45, 46, 47, 48 ], 
  [ 1, 2, 3, 4, 5, 6, 7, 8, 9, 10, 11, 12, 13, 14, 15, 16, 17, 18, 19, 20, 21, 22, 23, 24, 25, 26, 27, 28, 29, 30, 31, 32, 33, 
      34, 35, 38, 42, 44, 45, 47, 49, 50, 51, 54, 58, 61, 62, 64 ], 
  [ 1, 2, 3, 4, 5, 6, 7, 8, 9, 10, 11, 12, 13, 14, 15, 16, 17, 18, 19, 20, 21, 22, 23, 24, 25, 26, 27, 28, 29, 30, 31, 32, 35, 
      37, 38, 40, 42, 44, 46, 48, 51, 53, 54, 56, 58, 59, 61, 63 ], 
  [ 1, 2, 3, 4, 5, 6, 7, 8, 9, 10, 11, 12, 13, 14, 15, 16, 17, 18, 19, 20, 21, 22, 23, 24, 25, 26, 27, 28, 29, 30, 31, 32, 49, 
      50, 51, 52, 53, 54, 55, 56, 57, 58, 59, 60, 61, 62, 63, 64 ], 
  [ 1, 2, 3, 4, 5, 6, 9, 13, 17, 18, 19, 20, 21, 22, 23, 24, 25, 26, 27, 28, 29, 30, 31, 32, 33, 34, 35, 36, 37, 38, 39, 40, 41, 
      42, 43, 44, 45, 46, 47, 48, 49, 50, 51, 52, 53, 54, 55, 56, 57, 58, 59, 60, 61, 62, 63, 64 ] ];
