return rec(
  EXT := [ [ 1, 1, 1, 1, 0, 0, 0, 0, 0, 0, 0, 0, 0, 0, 0 ], [ 1, 1, 1, 1, 0, 1, 1, 0, 0, 0, 0, 0, 1, 0, 0 ], 
      [ 1, 1, 1, 1, 0, 1, 0, 0, 1, 0, 0, 0, 0, 0, 1 ], [ 1, 1, 1, 1, 0, 0, 0, 0, 1, 0, 0, 1, 0, 1, 1 ], 
      [ 1, 1, 1, 1, 0, 0, 1, 0, 0, 0, 0, 1, 1, 1, 0 ], [ 1, 1, 1, 1, 0, 0, 1, 0, 1, 0, 0, 0, 1, 0, 1 ], 
      [ 1, 1, 1, 1, 0, 1, 0, 0, 0, 0, 0, 1, 0, 1, 0 ], [ 1, 1, 1, 1, 0, 1, 1, 0, 1, 0, 0, 1, 1, 1, 1 ], 
      [ 1, 1, 0, 1, 0, 0, 0, 0, 1, 0, 0, 0, 0, 0, 0 ], [ 1, 1, 1, 1, 0, 0, 0, 1, 1, 0, 0, 0, 0, 0, 0 ], 
      [ 1, 0, 0, 0, 0, 0, 0, 0, 0, 0, 0, 0, 1, 0, 1 ], [ 1, 1, 1, 1, 1, 0, 0, 1, 0, 1, 0, 0, 1, 0, 1 ], 
      [ 1, 1, 0, 1, 0, 0, 1, 0, 1, 0, 0, 0, 1, 0, 0 ], [ 1, 0, 0, 1, 0, 0, 0, 0, 0, 1, 0, 0, 1, 0, 1 ], 
      [ 1, 1, 0, 0, 1, 1, 0, 0, 0, 0, 0, 0, 1, 0, 1 ], [ 1, 0, 0, 0, 0, 0, 0, 0, 0, 0, 0, 0, 1, 1, 1 ], 
      [ 1, 1, 1, 1, 0, 0, 1, 1, 1, 0, 0, 0, 1, 0, 0 ], [ 1, 1, 1, 0, 1, 0, 0, 1, 0, 0, 0, 0, 1, 0, 1 ], 
      [ 1, 0, 1, 0, 0, 1, 0, 1, 0, 0, 0, 0, 1, 0, 1 ], [ 1, 0, 1, 1, 0, 1, 0, 1, 0, 1, 0, 0, 1, 0, 1 ], 
      [ 1, 1, 1, 1, 1, 0, 0, 1, 0, 1, 0, 0, 1, 1, 1 ], [ 1, 0, 0, 1, 0, 0, 0, 0, 0, 1, 0, 0, 1, 1, 1 ], 
      [ 1, 1, 0, 0, 1, 1, 0, 0, 0, 0, 0, 0, 1, 1, 1 ], [ 1, 1, 0, 1, 0, 0, 0, 0, 1, 0, 0, 1, 0, 1, 0 ], 
      [ 1, 1, 0, 1, 1, 1, 0, 0, 0, 1, 0, 0, 1, 0, 1 ], [ 1, 1, 1, 0, 1, 0, 0, 1, 0, 0, 0, 0, 1, 1, 1 ], 
      [ 1, 0, 1, 0, 0, 1, 0, 1, 0, 0, 0, 0, 1, 1, 1 ], [ 1, 0, 1, 1, 0, 1, 0, 1, 0, 1, 0, 0, 1, 1, 1 ], 
      [ 1, 1, 1, 1, 0, 0, 0, 1, 1, 0, 0, 1, 0, 1, 0 ], [ 1, 1, 0, 1, 0, 0, 1, 0, 1, 0, 0, 1, 1, 1, 0 ], 
      [ 1, 1, 0, 1, 1, 1, 0, 0, 0, 1, 0, 0, 1, 1, 1 ], [ 1, 1, 1, 1, 0, 0, 1, 1, 1, 0, 0, 1, 1, 1, 0 ], 
      [ 1, 1, 1, 0, 0, 0, 0, 0, 0, 0, 0, 0, 1, 0, 1 ], [ 1, 1, 1, 1, 0, 0, 0, 0, 0, 1, 0, 0, 1, 0, 1 ], 
      [ 1, 1, 1, 0, 0, 1, 0, 0, 0, 0, 0, 0, 1, 0, 1 ], [ 1, 1, 1, 1, 0, 1, 0, 0, 0, 1, 0, 0, 1, 0, 1 ], 
      [ 1, 1, 1, 0, 0, 0, 0, 0, 0, 0, 0, 1, 1, 1, 1 ], [ 1, 1, 1, 1, 0, 0, 0, 0, 0, 1, 0, 1, 1, 1, 1 ], 
      [ 1, 1, 1, 0, 0, 1, 0, 0, 0, 0, 0, 1, 1, 1, 1 ], [ 1, 1, 1, 1, 0, 1, 0, 0, 0, 1, 0, 1, 1, 1, 1 ], 
      [ 1, 0, 0, 1, 0, 0, 0, 0, 0, 0, 0, 0, 0, 0, 0 ], [ 1, 1, 0, 0, 0, 0, 0, 0, 0, 0, 0, 0, 1, 0, 0 ], 
      [ 1, 1, 1, 1, 1, 0, 0, 1, 0, 0, 0, 0, 0, 0, 0 ], [ 1, 1, 1, 1, 0, 0, 0, 1, 0, 1, 0, 0, 1, 0, 0 ], 
      [ 1, 1, 0, 1, 1, 1, 1, 0, 0, 0, 0, 0, 1, 0, 0 ], [ 1, 0, 1, 1, 0, 1, 0, 1, 1, 0, 0, 0, 0, 0, 1 ], 
      [ 1, 0, 1, 1, 0, 1, 1, 1, 0, 0, 0, 0, 1, 0, 0 ], [ 1, 1, 1, 0, 0, 0, 0, 1, 1, 0, 0, 0, 1, 0, 1 ], 
      [ 1, 1, 0, 0, 0, 0, 0, 0, 1, 0, 0, 1, 1, 1, 1 ], [ 1, 0, 0, 1, 0, 0, 1, 0, 0, 0, 0, 0, 1, 1, 0 ], 
      [ 1, 1, 0, 1, 1, 1, 0, 0, 1, 0, 0, 0, 0, 0, 1 ], [ 1, 1, 0, 1, 0, 0, 0, 0, 1, 1, 0, 0, 1, 0, 1 ], 
      [ 1, 1, 1, 1, 0, 0, 0, 1, 1, 1, 0, 1, 1, 1, 1 ], [ 1, 1, 1, 1, 1, 0, 1, 1, 1, 0, 0, 0, 1, 0, 1 ], 
      [ 1, 1, 1, 0, 0, 0, 0, 1, 0, 0, 0, 1, 1, 1, 0 ], [ 1, 1, 0, 1, 0, 0, 0, 0, 0, 1, 0, 1, 1, 1, 0 ], 
      [ 1, 0, 0, 1, 0, 0, 0, 0, 1, 0, 0, 0, 0, 1, 1 ], [ 1, 1, 1, 1, 1, 0, 1, 1, 0, 0, 0, 0, 1, 1, 0 ], 
      [ 1, 1, 0, 1, 1, 1, 0, 0, 0, 0, 0, 0, 0, 1, 0 ], [ 1, 0, 0, 1, 0, 0, 1, 0, 1, 0, 0, 0, 1, 0, 1 ], 
      [ 1, 1, 1, 1, 1, 0, 0, 1, 1, 0, 0, 0, 0, 1, 1 ], [ 1, 0, 1, 1, 0, 1, 0, 1, 0, 0, 0, 0, 0, 1, 0 ], 
      [ 1, 1, 0, 1, 1, 1, 1, 0, 1, 0, 0, 0, 1, 1, 1 ], [ 1, 0, 1, 1, 0, 1, 1, 1, 1, 0, 0, 0, 1, 1, 1 ] ],
  Group := Group( [ ( 9,10)(11,12)(13,17)(14,18)(15,20)(16,21)(19,25)(22,26)(23,28)(24,29)(27,31)(30,32)(33,34)(35,36)(37,38)
        (39,40)(41,43)(42,44)(45,47)(46,51)(48,52)(49,53)(50,58)(54,60)(55,56)(57,61)(59,62)(63,64), 
      ( 1, 2)( 3, 6)( 4, 8)( 5, 7)( 9,13)(10,17)(11,15)(12,20)(14,25)(16,23)(18,19)(21,28)(22,31)(24,30)(26,27)(29,32)(33,35)
        (34,36)(37,39)(38,40)(41,45)(43,47)(46,54)(50,59)(51,60)(57,63)(58,62)(61,64), ( 1, 5)( 2, 7)( 3, 8)( 4, 6)( 9,30)(10,32)
        (11,22)(12,26)(13,24)(14,16)(15,31)(17,29)(18,21)(19,28)(20,27)(23,25)(33,38)(34,37)(35,40)(36,39)(41,50)(42,56)(43,58)
        (44,55)(45,59)(46,64)(47,62)(48,53)(49,52)(51,63)(54,61)(57,60), ( 1, 3)( 2, 6)( 4, 7)( 5, 8)( 9,10)(11,19)(12,25)(13,17)
        (14,20)(15,18)(16,27)(21,31)(22,28)(23,26)(24,29)(30,32)(33,35)(34,36)(37,39)(38,40)(41,46)(42,48)(43,51)(44,52)(45,54)
        (47,60)(49,55)(50,64)(53,56)(57,62)(58,63)(59,61) ] ) );
