return [ [ 1, 3, 6, 9, 12, 34, 43, 45, 46, 50, 55 ], [ 1, 9, 11, 15, 42, 43, 45, 46, 48, 50, 54 ], 
  [ 3, 11, 12, 15, 16, 43, 45, 50, 51, 53, 55 ], [ 3, 11, 12, 14, 15, 16, 43, 45, 50, 51, 53 ], 
  [ 6, 9, 11, 12, 18, 19, 31, 46, 50, 55, 56 ], [ 8, 10, 12, 17, 18, 19, 32, 44, 51, 55, 56 ], 
  [ 6, 11, 12, 17, 18, 19, 31, 46, 50, 55, 56 ], [ 8, 10, 11, 12, 17, 18, 19, 32, 51, 55, 56 ], 
  [ 9, 12, 14, 20, 34, 43, 45, 46, 50, 55, 56 ], [ 3, 9, 14, 16, 20, 36, 43, 45, 46, 48, 50 ], 
  [ 5, 6, 12, 13, 40, 42, 43, 44, 46, 48, 53, 55 ], [ 1, 9, 11, 16, 33, 42, 43, 45, 50, 51, 53, 55 ], 
  [ 1, 5, 6, 9, 13, 16, 32, 35, 43, 49, 52, 55 ], [ 3, 13, 15, 16, 37, 42, 45, 48, 50, 51, 53, 55 ], 
  [ 3, 9, 13, 15, 16, 36, 42, 45, 46, 48, 50, 54 ], [ 3, 9, 14, 15, 16, 36, 43, 45, 46, 48, 50, 54 ], 
  [ 2, 8, 10, 12, 17, 18, 32, 35, 44, 51, 55, 56 ], [ 3, 11, 13, 15, 16, 19, 42, 45, 50, 51, 53, 55 ], 
  [ 9, 14, 16, 20, 34, 35, 36, 43, 45, 46, 48, 49 ], [ 9, 13, 16, 19, 23, 32, 35, 42, 43, 44, 46, 55 ], 
  [ 1, 6, 9, 11, 12, 34, 43, 45, 46, 50, 53, 55, 56 ], [ 1, 3, 4, 5, 11, 13, 37, 41, 42, 45, 48, 50, 53 ], 
  [ 1, 3, 6, 8, 9, 16, 18, 32, 34, 41, 45, 49, 52 ], [ 9, 14, 20, 34, 35, 36, 38, 39, 40, 43, 46, 48, 49 ], 
  [ 6, 9, 13, 20, 21, 31, 37, 38, 40, 42, 46, 53, 55 ], [ 6, 9, 12, 13, 20, 21, 31, 40, 42, 44, 46, 53, 55 ], 
  [ 1, 9, 11, 33, 34, 42, 43, 45, 46, 50, 51, 53, 55, 56 ], [ 2, 3, 4, 11, 12, 14, 15, 36, 43, 45, 50, 51, 53, 54 ], 
  [ 1, 6, 8, 10, 17, 18, 32, 33, 34, 35, 41, 49, 52, 55 ], [ 1, 5, 8, 10, 18, 19, 32, 33, 34, 35, 42, 46, 52, 55 ], 
  [ 1, 5, 8, 10, 17, 18, 19, 32, 33, 34, 42, 46, 52, 55 ], [ 2, 3, 4, 8, 11, 12, 14, 15, 18, 36, 45, 50, 51, 54, 56 ], 
  [ 1, 3, 6, 8, 16, 18, 32, 33, 34, 35, 41, 45, 49, 52, 55 ], [ 1, 8, 10, 11, 17, 18, 19, 32, 33, 34, 42, 46, 51, 55, 56 ], 
  [ 1, 6, 9, 13, 16, 23, 32, 33, 35, 41, 43, 49, 52, 53, 55 ], [ 2, 3, 12, 14, 15, 16, 35, 36, 43, 44, 45, 46, 48, 50, 54, 55 ], 
  [ 1, 3, 5, 8, 16, 18, 19, 32, 33, 34, 35, 42, 45, 46, 52, 55 ], [ 2, 3, 6, 12, 14, 16, 20, 35, 36, 43, 45, 46, 48, 49, 50, 55 ]
    , [ 1, 6, 8, 9, 16, 23, 32, 33, 34, 35, 41, 43, 45, 49, 52, 53, 55 ], 
  [ 1, 5, 8, 9, 13, 16, 19, 23, 32, 33, 34, 35, 42, 43, 45, 46, 52, 55 ], 
  [ 1, 3, 5, 6, 9, 11, 12, 13, 15, 16, 19, 20, 42, 43, 45, 46, 48, 50, 53, 55 ], 
  [ 6, 9, 13, 16, 20, 21, 23, 31, 32, 33, 34, 35, 37, 38, 40, 41, 49, 52, 53, 55 ], 
  [ 2, 6, 12, 14, 20, 34, 35, 36, 38, 39, 40, 43, 44, 45, 46, 48, 49, 50, 53, 54, 55, 56 ], 
  [ 1, 2, 3, 5, 6, 8, 9, 10, 12, 16, 18, 19, 26, 32, 34, 35, 43, 45, 46, 49, 52, 55 ], 
  [ 2, 6, 10, 12, 17, 18, 22, 26, 31, 34, 35, 36, 38, 39, 40, 44, 46, 49, 50, 54, 55, 56 ], 
  [ 1, 4, 5, 8, 9, 11, 13, 19, 21, 23, 33, 34, 37, 38, 41, 42, 43, 45, 46, 48, 51, 52, 53, 56 ], 
  [ 9, 13, 14, 16, 20, 21, 23, 24, 33, 34, 35, 36, 37, 38, 39, 40, 41, 43, 45, 47, 48, 49, 52, 53 ], 
  [ 9, 11, 12, 13, 14, 15, 16, 19, 20, 21, 23, 24, 42, 43, 44, 45, 46, 48, 50, 51, 53, 54, 55, 56 ], 
  [ 1, 2, 3, 8, 9, 10, 14, 16, 18, 23, 25, 26, 28, 32, 33, 34, 35, 36, 41, 43, 45, 47, 49, 52 ], 
  [ 1, 3, 5, 6, 9, 13, 16, 20, 33, 34, 35, 36, 37, 38, 39, 40, 41, 42, 43, 45, 46, 47, 48, 49, 50, 52, 53, 55 ], 
  [ 9, 13, 14, 16, 20, 21, 23, 24, 33, 34, 35, 36, 37, 38, 39, 40, 42, 43, 44, 45, 46, 48, 50, 51, 53, 54, 55, 56 ], 
  [ 10, 17, 18, 22, 25, 26, 27, 28, 29, 30, 31, 32, 33, 34, 35, 36, 37, 38, 39, 40, 42, 44, 46, 50, 51, 54, 55, 56 ], 
  [ 1, 2, 3, 8, 9, 10, 11, 12, 14, 15, 16, 18, 19, 23, 25, 26, 28, 32, 33, 34, 35, 36, 42, 43, 44, 45, 46, 50, 51, 54, 55, 56 ], 
  [ 3, 4, 6, 8, 16, 17, 18, 20, 21, 23, 28, 29, 31, 32, 33, 34, 35, 36, 37, 38, 39, 40, 41, 45, 47, 49, 50, 51, 52, 53, 55, 56 ],
  [ 9, 13, 14, 16, 20, 21, 23, 24, 25, 26, 27, 28, 29, 30, 31, 32, 33, 34, 35, 36, 37, 38, 39, 40, 42, 44, 46, 50, 51, 54, 55, 
      56 ], [ 1, 3, 4, 5, 6, 8, 9, 11, 13, 16, 17, 18, 19, 20, 21, 23, 28, 29, 31, 32, 33, 34, 37, 38, 41, 42, 45, 46, 50, 51, 
      52, 53, 55, 56 ], [ 1, 2, 4, 6, 9, 10, 11, 12, 14, 17, 20, 21, 25, 26, 29, 31, 33, 34, 35, 36, 37, 38, 39, 40, 41, 42, 43, 
      44, 46, 49, 50, 51, 53, 54, 55, 56 ], [ 1, 2, 3, 4, 6, 8, 9, 10, 11, 12, 14, 16, 17, 18, 20, 21, 23, 25, 26, 28, 29, 31, 
      32, 33, 34, 35, 36, 41, 43, 45, 49, 50, 51, 53, 55, 56 ], [ 1, 3, 5, 6, 9, 10, 13, 16, 17, 18, 20, 22, 25, 26, 27, 28, 29, 
      30, 31, 32, 33, 34, 35, 36, 37, 38, 39, 40, 41, 42, 46, 47, 49, 50, 52, 55 ], 
  [ 1, 2, 3, 4, 5, 6, 7, 8, 10, 11, 12, 15, 17, 18, 19, 22, 33, 34, 35, 36, 37, 38, 39, 40, 41, 42, 43, 44, 45, 46, 47, 48, 49, 
      50, 51, 52, 53, 54, 55, 56 ], [ 1, 2, 3, 4, 5, 6, 7, 8, 9, 10, 11, 12, 14, 15, 17, 18, 19, 20, 21, 22, 25, 26, 29, 31, 34, 
      36, 38, 39, 41, 43, 45, 46, 47, 48, 49, 50, 52, 53, 54, 56 ] ];
