return [ [ 1, 2, 4, 6, 7, 8, 10, 11, 12, 13, 17, 19, 20, 21, 22, 24, 25, 26, 27, 29, 31, 32, 33, 34, 35, 39, 40, 42, 43, 45, 46, 
      48, 49, 50, 51, 53, 54, 55, 56, 57, 58, 60, 61, 63, 64, 65, 66, 67, 68, 69, 71, 72, 73, 74, 75, 77, 78, 79, 80, 81, 82, 
      83, 86, 87, 89, 90, 91, 92, 93, 94, 95, 96 ], [ 2, 3, 5, 6, 8, 9, 10, 11, 14, 15, 16, 18, 19, 20, 22, 23, 25, 26, 27, 28, 
      29, 30, 31, 32, 33, 34, 35, 36, 37, 38, 39, 40, 41, 42, 43, 44, 45, 46, 47, 48, 49, 51, 53, 54, 56, 57, 58, 60, 63, 64, 
      65, 66, 68, 69, 71, 72, 73, 74, 75, 76, 77, 78, 79, 80, 81, 82, 83, 84, 85, 86, 87, 88, 89, 90, 91, 92, 93, 94, 95, 96 ], 
  [ 3, 4, 6, 7, 8, 9, 10, 14, 15, 16, 19, 20, 21, 22, 23, 24, 26, 28, 31, 33, 34, 35, 36, 37, 39, 41, 42, 43, 44, 45, 47, 48, 
      51, 53, 54, 55, 58, 59, 60, 63, 65, 66, 67, 68, 69, 70, 71, 72, 75, 76, 77, 78, 79, 80, 83, 85, 86, 87, 90, 91, 93, 94, 
      95, 96 ], [ 1, 4, 7, 12, 13, 17, 21, 24, 25, 26, 27, 28, 29, 30, 31, 32, 33, 34, 35, 36, 37, 38, 39, 40, 41, 42, 43, 44, 
      45, 46, 47, 48, 50, 52, 55, 59, 61, 62, 67, 70, 73, 74, 75, 76, 77, 78, 79, 80, 81, 82, 83, 84, 85, 86, 87, 88, 89, 90, 
      91, 92, 93, 94, 95, 96 ], [ 3, 4, 6, 9, 14, 47, 53, 76, 77, 88, 90, 91 ], [ 1, 3, 4, 6, 9, 14, 21, 59, 65, 75, 76, 91 ], 
  [ 4, 6, 9, 14, 47, 48, 53, 76, 77, 87, 88, 90, 91 ], [ 12, 15, 16, 22, 23, 24, 47, 70, 71, 83, 85, 93, 95 ], 
  [ 3, 4, 6, 9, 14, 21, 47, 48, 53, 70, 76, 87, 88, 90, 91 ], [ 3, 4, 6, 9, 14, 15, 21, 47, 53, 59, 65, 70, 76, 88, 91 ], 
  [ 1, 7, 11, 12, 16, 17, 18, 20, 25, 26, 27, 28, 30, 34, 49, 50, 51, 52, 56, 60, 73, 75, 78, 80, 83, 84, 86, 89, 92, 93 ], 
  [ 3, 4, 8, 9, 13, 14, 19, 21, 48, 68, 69, 70, 76, 79, 87, 90 ], 
  [ 4, 8, 13, 14, 19, 21, 24, 48, 66, 67, 68, 69, 70, 77, 79, 87, 90 ], 
  [ 4, 6, 8, 14, 19, 22, 26, 31, 33, 55, 66, 71, 74, 76, 77, 80, 87 ], 
  [ 3, 4, 6, 8, 9, 13, 14, 19, 21, 24, 48, 53, 54, 63, 66, 67, 68, 69, 70, 87, 90 ], 
  [ 7, 8, 10, 11, 12, 16, 17, 19, 20, 22, 23, 24, 34, 35, 50, 55, 60, 61, 67, 68, 69, 72, 78, 80, 86 ], 
  [ 1, 2, 3, 4, 5, 6, 8, 9, 13, 14, 19, 21, 27, 28, 30, 31, 32, 34, 35, 36, 37, 38, 39, 41, 42, 43, 44, 47, 50, 52, 55, 59, 
      61, 62, 67, 70, 73, 74, 75, 76, 77, 79, 82, 87, 88, 90, 91, 94 ], 
  [ 1, 4, 5, 7, 8, 11, 12, 13, 14, 16, 17, 19, 21, 22, 23, 24, 25, 26, 27, 28, 29, 30, 31, 33, 34, 35, 36, 40, 41, 45, 46, 48, 
      50, 52, 55, 56, 59, 60, 61, 62, 64, 66, 67, 68, 69, 70, 71, 72, 73, 74, 75, 76, 77, 78, 79, 80, 81, 83, 84, 85, 86, 87, 
      88, 92 ], [ 1, 2, 3, 4, 5, 6, 7, 8, 9, 10, 11, 14, 15, 16, 17, 18, 19, 20, 22, 23, 25, 26, 27, 28, 29, 30, 31, 33, 34, 35, 
      36, 41, 49, 50, 51, 52, 53, 54, 55, 56, 57, 58, 59, 60, 63, 64, 65, 66, 68, 69, 71, 72, 73, 74, 75, 76, 77, 78, 79, 80, 
      83, 84, 86, 92 ], [ 1, 3, 4, 6, 7, 8, 12, 13, 14, 15, 16, 17, 20, 21, 22, 24, 25, 26, 28, 29, 31, 33, 34, 37, 39, 40, 41, 
      42, 45, 46, 47, 48, 50, 51, 52, 53, 55, 59, 60, 61, 62, 63, 65, 66, 67, 68, 70, 71, 74, 75, 76, 77, 80, 81, 83, 84, 85, 
      86, 87, 88, 90, 91, 93, 95 ], [ 4, 6, 7, 9, 10, 14, 15, 19, 21, 22, 23, 24, 25, 26, 29, 31, 33, 35, 36, 39, 40, 41, 43, 
      44, 45, 46, 47, 48, 53, 54, 55, 58, 59, 65, 66, 67, 69, 70, 71, 72, 74, 76, 77, 78, 79, 80, 81, 83, 84, 85, 87, 88, 91, 
      94, 95, 96 ], [ 3, 4, 6, 9, 14, 47, 53, 77, 82, 88, 90, 91 ], [ 3, 4, 6, 9, 47, 53, 76, 77, 82, 88, 90, 91 ], 
  [ 1, 3, 4, 6, 9, 14, 21, 59, 65, 76, 88, 91 ], [ 3, 4, 6, 29, 47, 53, 74, 76, 77, 82, 88, 90, 91 ], 
  [ 1, 4, 6, 9, 14, 21, 25, 59, 65, 74, 76, 88, 91 ], [ 12, 15, 16, 22, 23, 47, 71, 83, 85, 89, 93, 95 ], 
  [ 1, 3, 4, 29, 47, 52, 74, 76, 77, 82, 88, 90, 91 ], [ 1, 4, 9, 14, 21, 25, 59, 73, 74, 76, 88, 91 ], 
  [ 1, 4, 5, 9, 14, 21, 25, 59, 73, 74, 76, 88 ] ];
