return rec(
  EXT := [ [ 1, 0, 0, 1, 0, 0, 0, 0, 0, 1, 1, 0, 0, 0, 1 ], [ 1, 0, 0, 1, 1, 1, 1, 0, 0, 1, 1, 1, 0, 0, 0 ], 
      [ 1, 0, 0, 0, 1, 1, 1, 0, 0, 0, 1, 0, 0, 1, 0 ], [ 1, 0, 0, 0, 0, 0, 1, 0, 0, 0, 1, 0, 1, 0, 1 ], 
      [ 1, 1, 1, 0, 1, 0, 0, 1, 0, 0, 1, 0, 0, 0, 1 ], [ 1, 0, 1, 0, 1, 1, 1, 1, 0, 0, 1, 1, 0, 0, 0 ], 
      [ 1, 0, 1, 1, 1, 1, 1, 1, 0, 1, 1, 0, 0, 1, 0 ], [ 1, 0, 0, 1, 1, 1, 1, 0, 0, 1, 0, 1, 0, 1, 0 ], 
      [ 1, 1, 1, 1, 1, 0, 1, 1, 0, 1, 1, 0, 1, 0, 1 ], [ 1, 1, 0, 0, 1, 1, 0, 0, 0, 0, 1, 0, 0, 0, 1 ], 
      [ 1, 0, 1, 0, 1, 1, 1, 1, 0, 0, 0, 1, 0, 1, 0 ], [ 1, 0, 0, 0, 1, 1, 1, 0, 1, 0, 0, 1, 0, 1, 1 ], 
      [ 1, 1, 0, 1, 1, 1, 1, 0, 0, 1, 1, 0, 1, 0, 1 ], [ 1, 0, 1, 1, 0, 1, 0, 1, 0, 1, 1, 0, 0, 0, 1 ], 
      [ 1, 0, 1, 1, 1, 1, 1, 1, 1, 1, 0, 1, 0, 1, 1 ], [ 1, 0, 0, 1, 1, 1, 1, 0, 1, 1, 1, 0, 0, 1, 1 ], 
      [ 1, 0, 1, 1, 1, 1, 1, 1, 1, 1, 1, 1, 0, 0, 1 ], [ 1, 0, 1, 0, 0, 1, 1, 1, 0, 0, 1, 0, 1, 0, 1 ], 
      [ 1, 0, 0, 0, 1, 1, 1, 0, 1, 0, 1, 1, 0, 0, 1 ], [ 1, 0, 1, 0, 1, 1, 1, 1, 1, 0, 1, 0, 0, 1, 1 ], 
      [ 1, 0, 0, 0, 0, 0, 0, 0, 0, 1, 1, 1, 0, 0, 1 ], [ 1, 1, 1, 0, 1, 0, 0, 1, 0, 1, 1, 1, 0, 0, 1 ], 
      [ 1, 0, 1, 0, 0, 1, 0, 1, 0, 1, 1, 1, 0, 0, 1 ], [ 1, 0, 0, 0, 0, 0, 1, 0, 0, 1, 1, 1, 1, 0, 1 ], 
      [ 1, 1, 0, 0, 1, 1, 1, 0, 0, 1, 1, 1, 1, 0, 1 ], [ 1, 1, 0, 0, 1, 1, 0, 0, 0, 1, 1, 1, 0, 0, 1 ], 
      [ 1, 1, 1, 0, 1, 0, 1, 1, 0, 1, 1, 1, 1, 0, 1 ], [ 1, 0, 1, 0, 0, 1, 1, 1, 0, 1, 1, 1, 1, 0, 1 ], 
      [ 1, 0, 0, 0, 1, 1, 0, 0, 0, 1, 1, 1, 0, 0, 1 ], [ 1, 0, 0, 0, 1, 1, 1, 0, 0, 1, 1, 0, 1, 1, 1 ], 
      [ 1, 0, 1, 0, 1, 1, 0, 1, 0, 1, 1, 1, 0, 0, 1 ], [ 1, 0, 1, 0, 1, 1, 1, 1, 0, 1, 1, 0, 1, 1, 1 ], 
      [ 1, 0, 0, 0, 1, 1, 1, 0, 0, 1, 0, 1, 1, 1, 1 ], [ 1, 0, 0, 0, 1, 1, 0, 0, 0, 1, 1, 0, 0, 1, 1 ], 
      [ 1, 0, 0, 1, 0, 0, 1, 0, 0, 0, 1, 0, 0, 0, 0 ], [ 1, 0, 1, 0, 1, 1, 1, 1, 0, 1, 0, 1, 1, 1, 1 ], 
      [ 1, 0, 1, 0, 1, 1, 0, 1, 0, 1, 1, 0, 0, 1, 1 ], [ 1, 1, 1, 1, 1, 0, 1, 1, 0, 0, 1, 0, 0, 0, 0 ], 
      [ 1, 0, 0, 0, 1, 1, 0, 0, 0, 1, 0, 1, 0, 1, 1 ], [ 1, 0, 0, 0, 1, 1, 1, 0, 0, 1, 1, 1, 1, 0, 1 ], 
      [ 1, 0, 0, 1, 0, 0, 1, 0, 1, 0, 1, 0, 0, 0, 1 ], [ 1, 0, 1, 1, 0, 1, 1, 1, 1, 0, 1, 0, 0, 0, 1 ], 
      [ 1, 1, 0, 1, 1, 1, 1, 0, 0, 0, 1, 0, 0, 0, 0 ], [ 1, 0, 1, 0, 1, 1, 0, 1, 0, 1, 0, 1, 0, 1, 1 ], 
      [ 1, 0, 1, 0, 1, 1, 1, 1, 0, 1, 1, 1, 1, 0, 1 ], [ 1, 1, 1, 1, 1, 0, 1, 1, 1, 0, 1, 0, 0, 0, 1 ], 
      [ 1, 1, 0, 1, 1, 1, 1, 0, 1, 0, 1, 0, 0, 0, 1 ], [ 1, 0, 1, 1, 0, 1, 1, 1, 0, 0, 1, 0, 0, 0, 0 ], 
      [ 1, 0, 0, 1, 0, 0, 1, 0, 0, 1, 1, 1, 0, 0, 0 ], [ 1, 1, 1, 0, 1, 0, 1, 1, 0, 0, 1, 1, 0, 0, 0 ], 
      [ 1, 0, 0, 0, 0, 0, 1, 0, 1, 0, 1, 1, 0, 0, 1 ], [ 1, 1, 1, 1, 1, 0, 1, 1, 1, 1, 1, 1, 0, 0, 1 ], 
      [ 1, 0, 1, 0, 0, 1, 1, 1, 0, 0, 1, 1, 0, 0, 0 ], [ 1, 0, 1, 1, 0, 1, 1, 1, 1, 1, 1, 1, 0, 0, 1 ], 
      [ 1, 1, 0, 1, 1, 1, 1, 0, 0, 1, 1, 1, 0, 0, 0 ], [ 1, 1, 0, 0, 1, 1, 1, 0, 1, 0, 1, 1, 0, 0, 1 ] ],
  Group := Group( [ ( 1, 4)( 2,19)( 3,16)( 5, 9)( 6,17)( 7,20)( 8,12)(10,13)(11,15)(14,18)(21,24)(22,27)(23,28)(25,26)(29,40)
        (30,34)(31,45)(32,37)(33,39)(35,41)(36,44)(38,46)(42,48)(43,47)(49,51)(50,52)(53,54)(55,56), 
      ( 1,10)( 2,19)( 3,16)( 4,13)( 5,14)( 6,17)( 7,20)( 8,12)( 9,18)(11,15)(21,26)(22,23)(24,25)(27,28)(35,47)(38,42)(41,43)
        (46,48)(49,56)(50,54)(51,55)(52,53), ( 1,18)( 2, 6)( 3, 7)( 4,14)( 5,13)( 8,11)( 9,10)(12,15)(16,20)(17,19)(21,28)(22,25)
        (23,24)(26,27)(29,45)(30,37)(31,40)(32,34)(33,44)(35,48)(36,39)(38,43)(41,42)(46,47)(49,53)(50,55)(51,54)(52,56) ] ) );
