return [ [ 7, 10, 19, 25, 32, 33, 42, 43, 44, 48, 51 ], [ 3, 6, 8, 9, 21, 22, 32, 36, 39, 48, 50, 51 ], 
  [ 1, 2, 5, 7, 10, 16, 27, 29, 34, 45, 47, 49 ], [ 3, 4, 6, 8, 9, 17, 21, 22, 36, 39, 46, 48, 50 ], 
  [ 1, 2, 5, 7, 8, 10, 16, 20, 27, 29, 34, 45, 47 ], [ 3, 6, 8, 9, 10, 21, 22, 24, 32, 36, 48, 50, 51, 52 ], 
  [ 1, 2, 5, 7, 8, 10, 16, 20, 27, 29, 30, 32, 47, 51 ], [ 4, 6, 8, 9, 13, 17, 21, 27, 29, 35, 37, 39, 41, 46, 47 ], 
  [ 1, 2, 5, 7, 8, 10, 16, 19, 20, 23, 34, 36, 43, 45, 47, 51 ], [ 2, 4, 5, 6, 13, 17, 21, 27, 29, 35, 37, 39, 41, 46, 47, 49 ], 
  [ 2, 4, 5, 6, 8, 13, 17, 21, 27, 29, 35, 37, 39, 41, 46, 47 ], [ 2, 4, 5, 6, 8, 17, 21, 27, 28, 29, 34, 35, 37, 41, 46, 47 ], 
  [ 4, 6, 9, 13, 17, 21, 25, 27, 29, 35, 37, 39, 41, 46, 47, 49, 52 ], 
  [ 3, 4, 6, 8, 9, 17, 21, 27, 28, 29, 34, 35, 37, 41, 46, 47, 52 ], 
  [ 1, 2, 5, 7, 8, 11, 12, 13, 14, 16, 20, 27, 29, 30, 32, 47, 51 ], 
  [ 1, 3, 7, 9, 10, 15, 18, 19, 25, 26, 31, 32, 33, 42, 44, 48, 51, 52 ], 
  [ 2, 4, 5, 6, 8, 17, 21, 28, 31, 33, 34, 35, 36, 37, 38, 39, 41, 46, 50 ], 
  [ 3, 4, 6, 8, 9, 17, 21, 28, 31, 33, 34, 35, 36, 37, 38, 39, 41, 46, 50 ], 
  [ 2, 4, 5, 6, 8, 12, 17, 20, 21, 27, 28, 29, 34, 37, 38, 40, 41, 45, 46, 47, 50 ], 
  [ 2, 4, 5, 6, 17, 19, 21, 23, 27, 28, 29, 34, 35, 37, 40, 41, 45, 46, 47, 49, 52 ], 
  [ 1, 2, 5, 7, 8, 11, 12, 13, 14, 16, 20, 27, 28, 29, 34, 35, 37, 40, 41, 45, 46, 47, 49 ], 
  [ 1, 2, 5, 10, 11, 15, 16, 19, 22, 23, 27, 28, 29, 34, 37, 40, 42, 43, 45, 46, 47, 49, 52 ], 
  [ 3, 6, 9, 10, 15, 18, 19, 21, 22, 24, 25, 26, 31, 32, 33, 36, 38, 39, 42, 43, 44, 48, 50, 51, 52 ], 
  [ 2, 4, 5, 6, 8, 11, 12, 13, 14, 16, 17, 20, 21, 27, 29, 30, 32, 37, 38, 39, 41, 46, 47, 50, 51 ], 
  [ 2, 4, 5, 6, 17, 19, 21, 23, 28, 31, 33, 34, 35, 36, 37, 38, 39, 40, 41, 42, 43, 44, 45, 46, 49, 50 ], 
  [ 1, 3, 7, 8, 9, 10, 11, 12, 13, 14, 15, 16, 18, 20, 22, 24, 25, 26, 27, 29, 30, 32, 47, 48, 51, 52 ], 
  [ 1, 2, 3, 4, 5, 6, 7, 8, 9, 11, 12, 13, 14, 17, 21, 27, 28, 29, 30, 31, 32, 33, 35, 37, 38, 39, 41, 47, 51 ], 
  [ 1, 3, 7, 8, 9, 10, 11, 12, 13, 14, 15, 16, 18, 20, 22, 24, 25, 26, 27, 28, 29, 34, 35, 37, 40, 41, 45, 46, 47, 49, 52 ], 
  [ 3, 4, 6, 8, 9, 11, 12, 13, 14, 15, 16, 17, 18, 20, 21, 22, 24, 25, 26, 27, 29, 30, 32, 37, 38, 39, 41, 46, 47, 48, 50, 51, 
      52 ], [ 1, 2, 5, 7, 8, 11, 12, 13, 14, 16, 17, 19, 20, 21, 23, 28, 31, 33, 34, 35, 36, 37, 38, 39, 40, 41, 42, 43, 44, 45, 
      46, 47, 49, 50, 51 ], [ 2, 4, 5, 6, 7, 8, 9, 10, 13, 14, 16, 17, 19, 20, 21, 22, 23, 24, 25, 26, 27, 29, 30, 32, 33, 34, 
      35, 36, 39, 41, 43, 44, 45, 46, 47, 48, 49, 50, 51, 52 ], 
  [ 2, 4, 5, 6, 11, 12, 13, 14, 15, 16, 17, 18, 19, 20, 21, 22, 23, 24, 25, 26, 27, 29, 30, 32, 37, 38, 39, 40, 41, 42, 43, 44, 
      45, 46, 47, 48, 49, 50, 51, 52 ], [ 1, 2, 3, 4, 5, 6, 8, 10, 11, 12, 15, 16, 17, 18, 19, 20, 21, 22, 23, 24, 27, 28, 29, 
      30, 31, 32, 34, 36, 37, 38, 40, 42, 43, 45, 46, 47, 48, 50, 51, 52 ], 
  [ 1, 2, 3, 4, 5, 6, 7, 8, 9, 10, 11, 13, 15, 16, 17, 19, 21, 22, 23, 25, 27, 28, 29, 30, 31, 32, 33, 34, 35, 36, 37, 39, 42, 
      43, 46, 47, 48, 49, 51, 52 ], [ 1, 2, 3, 4, 5, 6, 7, 9, 11, 12, 13, 14, 15, 17, 18, 19, 21, 23, 25, 26, 27, 28, 29, 30, 
      31, 32, 33, 35, 37, 38, 39, 40, 41, 42, 44, 47, 48, 49, 51, 52 ], 
  [ 1, 3, 7, 8, 9, 10, 11, 12, 13, 14, 15, 16, 17, 18, 19, 20, 21, 22, 23, 24, 25, 26, 28, 31, 33, 34, 35, 36, 37, 38, 39, 40, 
      41, 42, 43, 44, 45, 46, 47, 48, 49, 50, 51, 52 ], [ 1, 2, 3, 6, 7, 8, 9, 10, 11, 12, 13, 14, 15, 16, 18, 19, 20, 21, 22, 
      24, 25, 26, 27, 28, 31, 32, 33, 34, 35, 36, 37, 38, 39, 40, 41, 42, 43, 44, 45, 46, 49, 50, 51, 52 ], 
  [ 1, 2, 3, 4, 5, 6, 7, 8, 9, 10, 11, 12, 13, 14, 15, 16, 18, 20, 22, 24, 25, 26, 27, 28, 29, 30, 31, 32, 33, 34, 35, 36, 37, 
      38, 39, 40, 41, 42, 43, 44, 45, 46, 49, 50 ] ];
