return [ [ 2, 7, 8, 15, 17, 18, 32, 40, 54, 56, 60 ], [ 2, 7, 8, 15, 17, 18, 40, 51, 54, 56, 60 ], 
  [ 2, 7, 8, 15, 16, 17, 18, 25, 40, 49, 51, 56, 60 ], [ 2, 7, 8, 10, 15, 18, 32, 33, 36, 39, 40, 44, 45, 54, 56, 60 ], 
  [ 1, 2, 7, 8, 11, 15, 16, 17, 18, 25, 32, 40, 43, 49, 56, 60 ], 
  [ 2, 4, 5, 6, 8, 9, 12, 15, 17, 19, 22, 24, 32, 34, 43, 46, 52, 54, 56, 59 ], 
  [ 2, 4, 5, 7, 8, 10, 17, 18, 19, 20, 32, 34, 36, 39, 40, 44, 52, 54, 56, 57, 60 ], 
  [ 1, 2, 7, 8, 10, 11, 14, 15, 16, 18, 25, 32, 33, 36, 39, 40, 43, 44, 45, 56, 60 ], 
  [ 2, 6, 7, 8, 15, 16, 18, 21, 25, 27, 31, 33, 36, 39, 40, 42, 44, 45, 51, 54, 56, 60 ], 
  [ 2, 4, 5, 6, 7, 8, 12, 17, 18, 19, 20, 22, 31, 34, 36, 39, 40, 42, 44, 51, 52, 54, 56, 57, 60 ], 
  [ 7, 10, 14, 16, 18, 20, 21, 23, 25, 26, 27, 28, 31, 33, 36, 39, 40, 42, 44, 45, 51, 53, 54, 56, 57, 60 ], 
  [ 1, 2, 7, 10, 11, 14, 15, 16, 17, 18, 21, 24, 25, 27, 32, 33, 36, 40, 43, 45, 49, 51, 53, 54, 55, 56, 57, 60 ], 
  [ 1, 2, 6, 7, 8, 11, 15, 16, 17, 18, 19, 21, 22, 24, 25, 27, 32, 34, 43, 46, 49, 51, 52, 54, 55, 56, 59, 60 ], 
  [ 1, 2, 5, 6, 7, 8, 11, 12, 15, 16, 17, 18, 21, 22, 25, 27, 32, 34, 35, 40, 42, 43, 46, 47, 49, 51, 52, 54, 56, 59 ], 
  [ 1, 2, 6, 7, 8, 11, 15, 16, 18, 21, 25, 27, 29, 30, 31, 33, 35, 36, 37, 38, 39, 40, 41, 42, 44, 45, 47, 48, 49, 51, 55, 60 ], 
  [ 2, 4, 5, 6, 7, 8, 9, 10, 12, 14, 15, 16, 17, 19, 22, 24, 31, 32, 33, 34, 36, 39, 40, 42, 43, 44, 45, 46, 51, 53, 54, 56, 57, 
      60 ], [ 1, 3, 6, 7, 9, 10, 11, 12, 13, 14, 15, 16, 21, 22, 23, 24, 27, 28, 31, 32, 33, 34, 37, 41, 42, 43, 45, 46, 47, 48, 
      51, 53, 54, 55, 58, 59 ], [ 1, 2, 5, 9, 10, 11, 14, 15, 17, 18, 20, 21, 23, 24, 25, 26, 27, 28, 29, 32, 33, 35, 36, 37, 
      40, 43, 45, 48, 49, 52, 53, 54, 55, 56, 57, 59 ], [ 1, 2, 5, 6, 9, 10, 11, 12, 14, 15, 17, 21, 22, 23, 24, 27, 28, 29, 31, 
      32, 33, 35, 36, 37, 40, 41, 42, 43, 45, 47, 48, 49, 51, 53, 54, 55, 57, 58, 59 ], 
  [ 1, 3, 7, 10, 11, 13, 14, 16, 18, 20, 21, 23, 25, 26, 27, 28, 29, 30, 31, 33, 35, 36, 37, 38, 39, 40, 41, 42, 44, 45, 47, 48, 
      49, 50, 51, 53, 55, 57, 58, 60 ], [ 1, 2, 3, 5, 6, 7, 10, 11, 12, 13, 14, 16, 17, 18, 20, 21, 22, 23, 25, 26, 27, 28, 29, 
      31, 32, 34, 35, 36, 40, 41, 42, 43, 46, 47, 49, 51, 52, 54, 56, 57, 58, 59 ], 
  [ 1, 3, 5, 7, 8, 10, 11, 12, 13, 14, 15, 16, 17, 18, 19, 20, 21, 22, 23, 24, 25, 26, 27, 28, 32, 34, 35, 38, 40, 42, 43, 44, 
      45, 46, 47, 48, 49, 50, 51, 52, 53, 54, 55, 56, 57, 58, 59, 60 ], 
  [ 1, 2, 3, 4, 5, 6, 7, 8, 9, 10, 11, 12, 13, 14, 15, 16, 17, 19, 22, 24, 29, 30, 31, 32, 33, 34, 35, 36, 37, 38, 39, 40, 41, 
      42, 43, 44, 45, 46, 47, 48, 49, 50, 51, 53, 55, 57, 58, 60 ], 
  [ 1, 2, 3, 4, 5, 6, 7, 8, 9, 10, 12, 15, 17, 18, 19, 20, 21, 22, 23, 24, 29, 30, 31, 32, 33, 34, 35, 36, 37, 38, 39, 40, 41, 
      42, 44, 45, 47, 48, 49, 50, 51, 52, 53, 54, 55, 57, 58, 60 ], 
  [ 1, 2, 3, 4, 5, 6, 7, 8, 9, 10, 11, 12, 13, 14, 15, 16, 18, 20, 21, 23, 25, 26, 27, 28, 29, 30, 31, 32, 33, 34, 35, 36, 37, 
      38, 39, 40, 41, 42, 43, 44, 45, 46, 47, 48, 52, 54, 56, 59 ], 
  [ 2, 4, 5, 6, 8, 9, 12, 15, 17, 18, 19, 20, 21, 22, 23, 24, 25, 26, 27, 28, 29, 30, 31, 33, 35, 36, 37, 38, 39, 40, 41, 42, 
      44, 45, 47, 48, 49, 50, 51, 52, 53, 54, 55, 56, 57, 58, 59, 60 ] ];
