return rec(
  EXT := [ [ 1, 0, 0, 0, 1, 1, 1, 0, 0, 0, 0, 0, 0, 0, 0 ], [ 1, 0, 1, 1, 1, 1, 1, 1, 0, 1, 0, 0, 0, 0, 0 ], 
      [ 1, 1, 0, 0, 1, 1, 0, 0, 0, 0, 0, 0, 1, 1, 0 ], [ 1, 0, 1, 1, 0, 1, 0, 1, 0, 1, 0, 0, 1, 1, 0 ], 
      [ 1, 0, 1, 0, 1, 1, 1, 1, 1, 0, 0, 0, 0, 0, 1 ], [ 1, 0, 0, 1, 1, 1, 1, 0, 0, 1, 0, 1, 0, 1, 0 ], 
      [ 1, 0, 1, 0, 0, 1, 0, 1, 1, 0, 0, 0, 1, 1, 1 ], [ 1, 0, 0, 1, 1, 1, 1, 0, 1, 1, 0, 0, 0, 0, 1 ], 
      [ 1, 1, 0, 1, 1, 1, 0, 0, 0, 1, 0, 1, 1, 1, 0 ], [ 1, 0, 1, 0, 1, 1, 1, 1, 0, 0, 0, 1, 0, 1, 0 ], 
      [ 1, 0, 0, 0, 1, 1, 1, 0, 1, 0, 0, 1, 0, 1, 1 ], [ 1, 1, 0, 1, 1, 1, 0, 0, 1, 1, 0, 0, 1, 1, 1 ], 
      [ 1, 0, 1, 0, 0, 1, 0, 1, 0, 0, 0, 1, 1, 1, 0 ], [ 1, 1, 0, 0, 1, 1, 0, 0, 1, 0, 0, 1, 1, 1, 1 ], 
      [ 1, 0, 1, 1, 1, 1, 1, 1, 1, 1, 0, 1, 0, 1, 1 ], [ 1, 0, 1, 1, 0, 1, 0, 1, 1, 1, 0, 1, 1, 1, 1 ], 
      [ 1, 0, 1, 1, 0, 1, 1, 0, 0, 0, 0, 0, 0, 0, 0 ], [ 1, 1, 1, 1, 1, 1, 1, 0, 0, 0, 0, 0, 0, 0, 0 ], 
      [ 1, 1, 0, 0, 1, 1, 0, 0, 0, 0, 0, 0, 1, 0, 1 ], [ 1, 0, 1, 1, 0, 1, 1, 0, 1, 0, 0, 0, 0, 0, 1 ], 
      [ 1, 0, 1, 0, 0, 1, 0, 1, 0, 0, 0, 0, 1, 0, 1 ], [ 1, 0, 1, 1, 0, 1, 0, 1, 0, 1, 0, 0, 1, 0, 1 ], 
      [ 1, 1, 0, 0, 1, 1, 0, 0, 0, 0, 0, 0, 1, 1, 1 ], [ 1, 0, 1, 1, 0, 1, 1, 0, 0, 0, 0, 1, 0, 1, 0 ], 
      [ 1, 1, 1, 1, 1, 1, 1, 0, 1, 0, 0, 0, 0, 0, 1 ], [ 1, 1, 0, 1, 1, 1, 0, 0, 0, 1, 0, 0, 1, 0, 1 ], 
      [ 1, 0, 1, 0, 0, 1, 0, 1, 0, 0, 0, 0, 1, 1, 1 ], [ 1, 0, 1, 1, 0, 1, 0, 1, 0, 1, 0, 0, 1, 1, 1 ], 
      [ 1, 1, 1, 1, 1, 1, 1, 0, 0, 0, 0, 1, 0, 1, 0 ], [ 1, 0, 1, 1, 0, 1, 1, 0, 1, 0, 0, 1, 0, 1, 1 ], 
      [ 1, 1, 0, 1, 1, 1, 0, 0, 0, 1, 0, 0, 1, 1, 1 ], [ 1, 1, 1, 1, 1, 1, 1, 0, 1, 0, 0, 1, 0, 1, 1 ], 
      [ 1, 0, 0, 0, 1, 1, 0, 0, 0, 1, 0, 0, 0, 0, 1 ], [ 1, 1, 0, 1, 1, 1, 1, 0, 1, 0, 0, 0, 1, 1, 0 ], 
      [ 1, 0, 1, 0, 1, 1, 0, 1, 0, 1, 0, 0, 0, 0, 1 ], [ 1, 0, 0, 0, 1, 1, 1, 0, 0, 1, 0, 0, 1, 0, 1 ], 
      [ 1, 0, 1, 1, 0, 1, 1, 1, 1, 0, 0, 0, 1, 1, 0 ], [ 1, 0, 1, 0, 1, 1, 1, 1, 0, 1, 0, 0, 1, 0, 1 ], 
      [ 1, 0, 0, 0, 1, 1, 1, 0, 0, 1, 0, 1, 1, 1, 1 ], [ 1, 0, 1, 1, 0, 1, 0, 1, 1, 0, 0, 0, 0, 1, 0 ], 
      [ 1, 1, 0, 1, 1, 1, 0, 0, 1, 0, 0, 0, 0, 1, 0 ], [ 1, 1, 0, 1, 1, 1, 1, 0, 1, 0, 0, 1, 1, 1, 0 ], 
      [ 1, 0, 1, 0, 1, 1, 1, 1, 0, 1, 0, 1, 1, 1, 1 ], [ 1, 0, 0, 0, 1, 1, 0, 0, 0, 1, 0, 1, 0, 1, 1 ], 
      [ 1, 0, 1, 1, 0, 1, 1, 1, 1, 0, 0, 1, 1, 1, 0 ], [ 1, 1, 0, 1, 1, 1, 0, 0, 1, 0, 0, 1, 0, 1, 0 ], 
      [ 1, 0, 1, 0, 1, 1, 0, 1, 0, 1, 0, 1, 0, 1, 1 ], [ 1, 0, 1, 1, 0, 1, 0, 1, 1, 0, 0, 1, 0, 1, 0 ], 
      [ 1, 0, 1, 0, 0, 1, 0, 0, 0, 0, 0, 0, 0, 0, 1 ], [ 1, 1, 1, 1, 1, 1, 0, 0, 0, 1, 0, 0, 0, 0, 1 ], 
      [ 1, 1, 0, 1, 1, 1, 1, 0, 0, 0, 0, 0, 1, 0, 0 ], [ 1, 1, 1, 0, 1, 1, 1, 0, 0, 0, 0, 0, 1, 0, 1 ], 
      [ 1, 0, 1, 1, 0, 1, 0, 1, 1, 0, 0, 0, 0, 0, 1 ], [ 1, 0, 1, 1, 0, 1, 1, 1, 0, 0, 0, 0, 1, 0, 0 ], 
      [ 1, 0, 1, 1, 0, 1, 1, 0, 0, 1, 0, 0, 1, 0, 1 ], [ 1, 0, 1, 1, 0, 1, 1, 0, 0, 1, 0, 1, 1, 1, 1 ], 
      [ 1, 1, 0, 1, 1, 1, 0, 0, 1, 0, 0, 0, 0, 0, 1 ], [ 1, 1, 1, 0, 1, 1, 1, 0, 0, 0, 0, 1, 1, 1, 1 ], 
      [ 1, 0, 1, 0, 0, 1, 0, 0, 0, 0, 0, 1, 0, 1, 1 ], [ 1, 1, 0, 1, 1, 1, 0, 0, 0, 0, 0, 0, 0, 1, 0 ], 
      [ 1, 1, 1, 1, 1, 1, 0, 0, 0, 1, 0, 1, 0, 1, 1 ], [ 1, 0, 1, 1, 0, 1, 0, 1, 0, 0, 0, 0, 0, 1, 0 ], 
      [ 1, 1, 0, 1, 1, 1, 1, 0, 1, 0, 0, 0, 1, 1, 1 ], [ 1, 0, 1, 1, 0, 1, 1, 1, 1, 0, 0, 0, 1, 1, 1 ] ],
  Group := Group( [ ( 1, 2)( 3, 4)( 5, 8)( 6,10)( 7,12)( 9,13)(11,15)(14,16)(17,18)(19,22)(20,25)(21,26)(23,28)(24,29)(27,31)
        (30,32)(33,35)(34,37)(36,38)(39,43)(40,41)(42,45)(44,47)(46,48)(49,50)(51,54)(52,55)(53,57)(56,58)(59,61)(60,62)(63,64), 
      ( 1, 5)( 2, 8)( 3, 7)( 4,12)( 6,15)( 9,16)(10,11)(13,14)(17,25)(18,20)(19,21)(22,26)(23,27)(24,32)(28,31)(29,30)(33,38)
        (34,40)(35,36)(37,41)(39,47)(42,48)(43,44)(45,46)(49,52)(50,55)(51,53)(54,57)(56,61)(58,59)(60,64)(62,63), 
      ( 1, 6)( 2,10)( 3, 9)( 4,13)( 5,15)( 7,16)( 8,11)(12,14)(17,24)(18,29)(19,31)(20,30)(21,28)(22,27)(23,26)(25,32)(33,39)
        (34,46)(35,43)(36,44)(37,48)(38,47)(40,45)(41,42)(49,56)(50,58)(51,60)(52,61)(53,64)(54,62)(55,59)(57,63) ] ) );
