return rec(
  EXT := [ [ 1, 1, 1, 1, 0, 0, 0, 0, 0, 0, 0, 0, 0, 0, 0 ], [ 1, 0, 0, 0, 0, 0, 0, 0, 0, 0, 0, 0, 0, 0, 1 ], 
      [ 1, 1, 1, 1, 1, 0, 0, 1, 0, 1, 0, 0, 0, 0, 1 ], [ 1, 0, 0, 1, 0, 0, 0, 0, 0, 1, 1, 0, 0, 0, 1 ], 
      [ 1, 1, 1, 1, 0, 1, 0, 0, 1, 0, 0, 0, 0, 0, 1 ], [ 1, 0, 1, 0, 0, 1, 0, 1, 0, 0, 0, 0, 0, 0, 1 ], 
      [ 1, 1, 1, 0, 1, 0, 0, 1, 0, 0, 1, 0, 0, 0, 1 ], [ 1, 1, 0, 1, 1, 1, 0, 0, 0, 1, 0, 0, 0, 0, 1 ], 
      [ 1, 1, 0, 0, 1, 1, 0, 0, 0, 0, 1, 0, 0, 0, 1 ], [ 1, 1, 1, 1, 0, 1, 0, 0, 0, 0, 1, 0, 0, 1, 0 ], 
      [ 1, 0, 1, 1, 0, 1, 0, 1, 0, 1, 1, 0, 0, 0, 1 ], [ 1, 1, 1, 1, 0, 0, 0, 0, 1, 0, 1, 0, 0, 1, 1 ], 
      [ 1, 0, 1, 1, 0, 1, 1, 0, 0, 0, 0, 0, 0, 0, 0 ], [ 1, 1, 1, 1, 1, 1, 1, 0, 0, 0, 0, 0, 0, 0, 0 ], 
      [ 1, 0, 0, 0, 0, 0, 0, 0, 0, 1, 1, 0, 0, 0, 1 ], [ 1, 1, 1, 0, 1, 0, 0, 1, 0, 1, 1, 0, 0, 0, 1 ], 
      [ 1, 0, 1, 0, 0, 1, 0, 1, 0, 1, 1, 0, 0, 0, 1 ], [ 1, 0, 1, 1, 0, 1, 1, 0, 0, 0, 1, 0, 0, 1, 0 ], 
      [ 1, 0, 1, 1, 0, 1, 1, 0, 1, 0, 0, 0, 0, 0, 1 ], [ 1, 1, 0, 0, 1, 1, 0, 0, 0, 1, 1, 0, 0, 0, 1 ], 
      [ 1, 1, 1, 1, 1, 1, 1, 0, 0, 0, 1, 0, 0, 1, 0 ], [ 1, 1, 1, 1, 1, 1, 1, 0, 1, 0, 0, 0, 0, 0, 1 ], 
      [ 1, 0, 1, 1, 0, 1, 1, 0, 1, 0, 1, 0, 0, 1, 1 ], [ 1, 1, 1, 1, 1, 1, 1, 0, 1, 0, 1, 0, 0, 1, 1 ], 
      [ 1, 0, 0, 1, 0, 0, 1, 0, 0, 0, 0, 0, 0, 0, 0 ], [ 1, 1, 1, 1, 1, 0, 1, 1, 0, 0, 0, 0, 0, 0, 0 ], 
      [ 1, 0, 1, 1, 0, 1, 1, 1, 1, 0, 0, 0, 0, 0, 1 ], [ 1, 1, 0, 1, 1, 1, 1, 0, 0, 0, 0, 0, 0, 0, 0 ], 
      [ 1, 1, 0, 1, 1, 1, 1, 0, 1, 0, 0, 0, 0, 0, 1 ], [ 1, 0, 0, 1, 0, 0, 1, 0, 0, 0, 1, 0, 0, 0, 0 ], 
      [ 1, 0, 1, 1, 0, 1, 1, 1, 0, 0, 0, 0, 0, 0, 0 ], [ 1, 0, 0, 1, 0, 0, 1, 0, 1, 0, 0, 0, 0, 0, 1 ], 
      [ 1, 1, 1, 1, 1, 0, 1, 1, 1, 0, 0, 0, 0, 0, 1 ], [ 1, 1, 1, 1, 1, 0, 1, 1, 0, 0, 1, 0, 0, 0, 0 ], 
      [ 1, 0, 0, 1, 0, 0, 1, 0, 1, 0, 1, 0, 0, 0, 1 ], [ 1, 0, 1, 1, 0, 1, 1, 1, 1, 0, 1, 0, 0, 0, 1 ], 
      [ 1, 1, 0, 1, 1, 1, 1, 0, 0, 0, 1, 0, 0, 0, 0 ], [ 1, 1, 1, 1, 1, 0, 1, 1, 1, 0, 1, 0, 0, 0, 1 ], 
      [ 1, 1, 0, 1, 1, 1, 1, 0, 1, 0, 1, 0, 0, 0, 1 ], [ 1, 0, 1, 1, 0, 1, 1, 1, 0, 0, 1, 0, 0, 0, 0 ], 
      [ 1, 0, 0, 0, 0, 0, 1, 0, 0, 0, 1, 0, 0, 0, 0 ], [ 1, 0, 1, 0, 0, 1, 0, 0, 0, 0, 0, 0, 0, 0, 1 ], 
      [ 1, 1, 1, 1, 1, 0, 1, 1, 0, 1, 1, 0, 0, 0, 0 ], [ 1, 1, 1, 1, 1, 1, 0, 0, 0, 1, 0, 0, 0, 0, 1 ], 
      [ 1, 0, 1, 0, 0, 1, 1, 1, 1, 0, 1, 0, 0, 0, 1 ], [ 1, 1, 0, 0, 1, 1, 1, 0, 0, 0, 1, 0, 0, 0, 0 ], 
      [ 1, 1, 0, 1, 1, 1, 1, 0, 1, 1, 1, 0, 0, 0, 1 ], [ 1, 1, 1, 0, 1, 1, 0, 0, 0, 0, 1, 0, 0, 1, 1 ], 
      [ 1, 0, 1, 1, 0, 1, 1, 1, 0, 1, 1, 0, 0, 0, 0 ], [ 1, 0, 1, 1, 0, 1, 0, 0, 0, 1, 1, 0, 0, 1, 1 ], 
      [ 1, 1, 1, 0, 1, 0, 1, 1, 1, 0, 1, 0, 0, 0, 1 ], [ 1, 0, 0, 1, 0, 0, 1, 0, 1, 1, 1, 0, 0, 0, 1 ] ],
  Group := Group( [ ( 2, 3)( 4, 7)( 6, 8)( 9,11)(13,14)(15,16)(17,20)(18,21)(19,22)(23,24)(25,26)(27,29)(28,31)(30,34)(32,33)
        (35,38)(36,39)(37,40)(41,43)(42,44)(45,47)(46,49)(48,50)(51,52), ( 1, 5)( 2, 8)( 3, 6)( 4, 9)( 7,11)(10,12)(13,22)(14,19)
        (15,20)(16,17)(18,24)(21,23)(25,29)(26,27)(28,32)(30,39)(31,33)(34,36)(35,37)(38,40)(41,47)(42,44)(43,45)(46,52)(48,50)
        (49,51), ( 1,10)( 2, 9)( 3,11)( 4, 8)( 5,12)( 6, 7)(13,21)(14,18)(15,20)(16,17)(19,24)(22,23)(25,37)(26,40)(27,38)(28,30)
        (29,35)(31,34)(32,39)(33,36)(41,46)(42,48)(43,49)(44,50)(45,51)(47,52) ] ) );
