return rec(
  EXT := [ [ 1, 0, 0, 0, 1, 1, 1, 0, 0, 0, 0, 0, 0, 0, 0 ], [ 1, 0, 0, 0, 0, 0, 0, 0, 0, 0, 0, 0, 1, 1, 0 ], 
      [ 1, 0, 1, 1, 1, 1, 1, 1, 0, 1, 0, 0, 0, 0, 0 ], [ 1, 1, 1, 1, 1, 0, 0, 1, 0, 1, 0, 0, 1, 1, 0 ], 
      [ 1, 0, 0, 1, 0, 0, 0, 0, 0, 1, 0, 1, 1, 1, 0 ], [ 1, 1, 1, 0, 1, 0, 0, 1, 0, 0, 0, 1, 1, 1, 0 ], 
      [ 1, 0, 1, 0, 1, 1, 1, 1, 1, 0, 0, 0, 0, 0, 1 ], [ 1, 0, 0, 1, 1, 1, 1, 0, 0, 1, 0, 1, 0, 1, 0 ], 
      [ 1, 0, 0, 0, 0, 0, 0, 0, 1, 0, 0, 1, 1, 1, 1 ], [ 1, 0, 0, 1, 1, 1, 1, 0, 1, 1, 0, 0, 0, 0, 1 ], 
      [ 1, 0, 1, 0, 1, 1, 1, 1, 0, 0, 0, 1, 0, 1, 0 ], [ 1, 0, 0, 0, 1, 1, 1, 0, 1, 0, 0, 1, 0, 1, 1 ], 
      [ 1, 1, 1, 1, 1, 0, 0, 1, 1, 1, 0, 1, 1, 1, 1 ], [ 1, 0, 0, 1, 0, 0, 0, 0, 1, 1, 0, 0, 1, 1, 1 ], 
      [ 1, 1, 1, 0, 1, 0, 0, 1, 1, 0, 0, 0, 1, 1, 1 ], [ 1, 0, 1, 1, 1, 1, 1, 1, 1, 1, 0, 1, 0, 1, 1 ], 
      [ 1, 0, 0, 0, 1, 0, 1, 1, 1, 0, 0, 0, 0, 0, 0 ], [ 1, 0, 0, 0, 0, 0, 0, 0, 0, 0, 0, 0, 1, 0, 1 ], 
      [ 1, 0, 0, 1, 1, 0, 1, 1, 1, 1, 0, 0, 0, 0, 0 ], [ 1, 1, 1, 1, 1, 0, 0, 1, 0, 1, 0, 0, 1, 0, 1 ], 
      [ 1, 0, 0, 1, 0, 0, 0, 0, 0, 1, 0, 0, 1, 0, 1 ], [ 1, 0, 0, 0, 0, 0, 0, 0, 0, 0, 0, 0, 1, 1, 1 ], 
      [ 1, 1, 1, 0, 1, 0, 0, 1, 0, 0, 0, 0, 1, 0, 1 ], [ 1, 1, 1, 1, 1, 0, 0, 1, 0, 1, 0, 0, 1, 1, 1 ], 
      [ 1, 0, 0, 1, 0, 0, 0, 0, 0, 1, 0, 0, 1, 1, 1 ], [ 1, 0, 0, 0, 1, 0, 1, 1, 1, 0, 0, 1, 0, 1, 0 ], 
      [ 1, 0, 0, 1, 1, 0, 1, 1, 1, 1, 0, 1, 0, 1, 0 ], [ 1, 1, 1, 0, 1, 0, 0, 1, 0, 0, 0, 0, 1, 1, 1 ], 
      [ 1, 0, 0, 1, 0, 0, 0, 0, 1, 0, 0, 0, 0, 1, 0 ], [ 1, 0, 0, 0, 1, 1, 0, 0, 0, 1, 0, 0, 0, 0, 1 ], 
      [ 1, 1, 1, 1, 1, 0, 0, 1, 1, 0, 0, 0, 0, 1, 0 ], [ 1, 0, 1, 0, 1, 1, 0, 1, 0, 1, 0, 0, 0, 0, 1 ], 
      [ 1, 0, 0, 0, 1, 1, 1, 0, 0, 1, 0, 0, 1, 0, 1 ], [ 1, 0, 0, 1, 0, 0, 0, 0, 1, 0, 0, 1, 0, 1, 0 ], 
      [ 1, 0, 0, 1, 0, 0, 1, 0, 1, 0, 0, 0, 1, 1, 0 ], [ 1, 0, 1, 0, 1, 1, 1, 1, 0, 1, 0, 0, 1, 0, 1 ], 
      [ 1, 0, 0, 0, 1, 1, 1, 0, 0, 1, 0, 1, 1, 1, 1 ], [ 1, 1, 1, 1, 1, 0, 0, 1, 1, 0, 0, 1, 0, 1, 0 ], 
      [ 1, 1, 1, 1, 1, 0, 1, 1, 1, 0, 0, 0, 1, 1, 0 ], [ 1, 0, 0, 1, 0, 0, 1, 0, 1, 0, 0, 1, 1, 1, 0 ], 
      [ 1, 0, 1, 0, 1, 1, 1, 1, 0, 1, 0, 1, 1, 1, 1 ], [ 1, 0, 0, 0, 1, 1, 0, 0, 0, 1, 0, 1, 0, 1, 1 ], 
      [ 1, 1, 1, 1, 1, 0, 1, 1, 1, 0, 0, 1, 1, 1, 0 ], [ 1, 0, 1, 0, 1, 1, 0, 1, 0, 1, 0, 1, 0, 1, 1 ], 
      [ 1, 0, 0, 1, 0, 0, 0, 0, 0, 0, 0, 0, 0, 0, 0 ], [ 1, 0, 0, 0, 1, 0, 0, 1, 0, 1, 0, 0, 0, 0, 0 ], 
      [ 1, 1, 1, 1, 1, 0, 0, 1, 0, 0, 0, 0, 0, 0, 0 ], [ 1, 0, 0, 1, 0, 0, 1, 0, 0, 0, 0, 0, 1, 1, 0 ], 
      [ 1, 0, 0, 0, 1, 0, 0, 1, 1, 1, 0, 1, 0, 1, 1 ], [ 1, 0, 0, 0, 1, 0, 1, 1, 0, 1, 0, 1, 1, 1, 0 ], 
      [ 1, 1, 1, 1, 1, 0, 1, 1, 1, 0, 0, 0, 1, 0, 1 ], [ 1, 0, 0, 1, 0, 0, 0, 0, 1, 0, 0, 0, 0, 1, 1 ], 
      [ 1, 1, 1, 1, 1, 0, 1, 1, 0, 0, 0, 0, 1, 1, 0 ], [ 1, 0, 0, 0, 1, 0, 1, 1, 1, 1, 0, 0, 1, 0, 1 ], 
      [ 1, 0, 0, 1, 0, 0, 1, 0, 1, 0, 0, 0, 1, 0, 1 ], [ 1, 1, 1, 1, 1, 0, 0, 1, 1, 0, 0, 0, 0, 1, 1 ] ],
  Group := Group( [ ( 1, 3)( 2, 4)( 5, 6)( 7,10)( 8,11)( 9,13)(12,16)(14,15)(17,19)(18,20)(21,23)(22,24)(25,28)(26,27)(29,31)
        (30,32)(33,36)(34,38)(35,39)(37,41)(40,43)(42,44)(45,47)(48,53)(51,55)(52,56), ( 1, 7)( 2,15)( 3,10)( 4,14)( 5,13)( 6, 9)
        ( 8,16)(11,12)(18,23)(20,21)(22,28)(24,25)(29,39)(30,36)(31,35)(32,33)(34,43)(37,44)(38,40)(41,42)(45,51)(46,54)(47,55)
        (48,56)(49,50)(52,53), ( 1, 8)( 2, 5)( 3,11)( 4, 6)( 7,16)( 9,14)(10,12)(13,15)(17,27)(18,25)(19,26)(20,28)(21,22)(23,24)
        (29,40)(30,37)(31,43)(32,41)(33,42)(34,35)(36,44)(38,39)(45,48)(46,50)(47,53)(49,54)(51,56)(52,55) ] ) );
