return [ [ 5, 8, 10, 13, 19, 21, 22, 37, 41, 46, 52, 62, 64 ], [ 6, 9, 10, 13, 20, 21, 22, 39, 40, 47, 54, 58, 63 ], 
  [ 7, 9, 22, 25, 26, 27, 35, 49, 50, 52, 54, 57, 58 ], [ 6, 9, 10, 18, 22, 39, 40, 47, 49, 50, 52, 53, 56, 58 ], 
  [ 1, 3, 6, 9, 20, 22, 38, 39, 47, 49, 52, 53, 56, 58 ], [ 7, 10, 14, 18, 22, 26, 42, 44, 45, 46, 48, 55, 63, 64 ], 
  [ 5, 8, 12, 15, 21, 23, 30, 31, 37, 38, 52, 54, 56, 62 ], [ 8, 10, 11, 14, 15, 16, 18, 23, 24, 31, 32, 38, 45, 56, 64 ], 
  [ 3, 7, 14, 18, 22, 26, 32, 35, 38, 49, 50, 53, 55, 56, 58, 61 ], 
  [ 5, 10, 11, 12, 16, 18, 22, 24, 32, 38, 39, 47, 49, 52, 53, 56, 64 ], 
  [ 1, 5, 6, 10, 11, 21, 22, 24, 33, 38, 39, 43, 47, 52, 53, 56, 64 ], 
  [ 5, 8, 11, 12, 15, 16, 23, 25, 31, 41, 42, 44, 45, 52, 57, 62, 64 ], 
  [ 4, 8, 11, 15, 16, 17, 23, 25, 31, 41, 42, 44, 45, 57, 59, 62, 64 ], 
  [ 1, 6, 7, 10, 14, 21, 22, 26, 34, 38, 39, 40, 53, 54, 56, 58, 63 ], 
  [ 7, 10, 14, 18, 22, 26, 34, 35, 39, 40, 42, 44, 46, 48, 49, 50, 53, 55, 58, 63 ], 
  [ 3, 4, 6, 9, 11, 14, 17, 20, 23, 25, 27, 34, 39, 40, 43, 54, 56, 58, 60, 63 ], 
  [ 7, 14, 22, 25, 26, 27, 34, 35, 39, 40, 42, 44, 46, 48, 49, 50, 54, 57, 58, 63 ], 
  [ 7, 14, 22, 25, 26, 27, 34, 35, 39, 40, 42, 44, 46, 48, 49, 50, 53, 55, 59, 61 ], 
  [ 3, 8, 9, 11, 14, 15, 16, 23, 25, 27, 31, 38, 39, 40, 49, 50, 52, 54, 56, 58, 61 ], 
  [ 3, 9, 10, 11, 14, 16, 18, 22, 24, 25, 32, 38, 39, 40, 47, 49, 50, 52, 53, 56, 58, 61, 64 ], 
  [ 3, 8, 9, 10, 11, 14, 15, 16, 18, 23, 24, 25, 31, 32, 38, 40, 47, 50, 52, 56, 58, 61, 64 ], 
  [ 3, 6, 8, 9, 11, 15, 16, 17, 20, 23, 27, 31, 37, 39, 40, 43, 49, 50, 54, 56, 58, 60, 61 ], 
  [ 1, 3, 6, 7, 9, 14, 20, 22, 25, 26, 27, 34, 35, 38, 39, 40, 49, 50, 52, 53, 54, 56, 58, 61 ], 
  [ 6, 9, 13, 17, 20, 22, 25, 26, 27, 29, 34, 35, 39, 40, 42, 44, 46, 48, 49, 50, 54, 57, 58, 63 ], 
  [ 3, 4, 10, 11, 14, 16, 18, 21, 23, 24, 30, 31, 32, 33, 36, 38, 43, 45, 47, 56, 58, 60, 63, 64 ], 
  [ 5, 8, 10, 11, 12, 15, 16, 18, 19, 21, 23, 24, 28, 30, 31, 32, 33, 36, 37, 38, 41, 43, 45, 47, 52, 56, 62, 64 ], 
  [ 1, 3, 4, 6, 9, 10, 11, 14, 20, 21, 22, 23, 24, 25, 33, 34, 38, 39, 40, 43, 47, 52, 53, 54, 56, 58, 60, 63, 64 ], 
  [ 1, 3, 4, 6, 8, 9, 11, 14, 17, 19, 20, 23, 24, 25, 27, 33, 34, 37, 38, 39, 40, 43, 52, 53, 54, 56, 59, 60, 61 ], 
  [ 3, 4, 8, 9, 10, 11, 14, 15, 16, 17, 18, 23, 24, 25, 27, 31, 32, 40, 43, 46, 47, 48, 50, 56, 58, 59, 60, 61, 63, 64 ], 
  [ 3, 4, 8, 9, 11, 14, 15, 16, 17, 19, 23, 24, 25, 27, 28, 31, 32, 33, 36, 37, 38, 41, 43, 45, 47, 52, 56, 59, 60, 61, 62, 64 ],
  [ 3, 4, 8, 9, 11, 14, 15, 16, 17, 20, 23, 25, 27, 29, 31, 34, 35, 39, 40, 42, 44, 46, 48, 49, 50, 54, 57, 58, 59, 60, 61, 63 ],
  [ 1, 4, 5, 6, 7, 8, 10, 11, 14, 17, 19, 21, 22, 23, 24, 25, 26, 27, 33, 34, 37, 38, 39, 40, 42, 43, 45, 46, 52, 53, 54, 56, 
      59, 62, 63, 64 ], [ 5, 7, 8, 10, 11, 12, 14, 15, 16, 18, 19, 22, 24, 25, 26, 27, 28, 32, 38, 39, 40, 42, 44, 45, 46, 48, 
      49, 50, 52, 53, 55, 56, 59, 61, 62, 64 ], [ 1, 4, 5, 6, 8, 9, 10, 11, 13, 17, 19, 20, 21, 22, 23, 24, 25, 29, 33, 34, 37, 
      39, 40, 41, 42, 43, 46, 47, 51, 52, 53, 54, 59, 60, 63, 64 ], 
  [ 5, 6, 8, 9, 10, 11, 12, 13, 15, 16, 17, 18, 19, 20, 24, 28, 29, 32, 37, 39, 40, 41, 42, 43, 44, 46, 47, 48, 49, 50, 51, 53, 
      55, 59, 60, 61 ], [ 5, 7, 8, 10, 11, 12, 14, 15, 16, 18, 21, 22, 23, 25, 26, 27, 30, 31, 38, 39, 40, 42, 44, 45, 46, 48, 
      49, 50, 52, 54, 56, 57, 58, 62, 63, 64 ], [ 5, 6, 8, 9, 10, 11, 12, 13, 15, 16, 17, 18, 20, 21, 23, 29, 30, 31, 37, 39, 
      40, 41, 42, 43, 44, 46, 47, 48, 49, 50, 51, 54, 57, 58, 60, 63 ], 
  [ 5, 6, 8, 9, 10, 11, 12, 13, 15, 16, 17, 18, 19, 22, 24, 25, 26, 27, 28, 32, 37, 39, 40, 41, 42, 43, 44, 46, 47, 48, 49, 50, 
      52, 53, 55, 56, 59, 61, 62, 64 ], [ 3, 4, 6, 9, 10, 11, 13, 14, 16, 17, 18, 20, 22, 24, 25, 26, 27, 29, 32, 34, 35, 39, 
      40, 42, 43, 44, 46, 47, 48, 49, 50, 53, 55, 56, 58, 59, 60, 61, 63, 64 ], 
  [ 5, 6, 8, 9, 10, 11, 12, 13, 15, 16, 17, 18, 21, 22, 23, 25, 26, 27, 30, 31, 37, 39, 40, 41, 42, 43, 44, 46, 47, 48, 49, 50, 
      52, 54, 56, 57, 58, 62, 63, 64 ], [ 1, 3, 5, 6, 8, 9, 10, 11, 12, 15, 16, 18, 19, 20, 21, 23, 24, 28, 30, 31, 32, 33, 36, 
      37, 38, 39, 40, 41, 43, 47, 49, 50, 51, 52, 53, 54, 56, 58, 60, 61 ], 
  [ 1, 2, 3, 4, 5, 7, 8, 9, 11, 12, 14, 15, 16, 17, 19, 20, 23, 25, 27, 28, 29, 31, 33, 34, 35, 36, 37, 38, 39, 41, 42, 44, 45, 
      49, 51, 52, 54, 57, 59, 60, 61, 62 ], [ 1, 2, 3, 4, 5, 6, 7, 9, 11, 12, 13, 14, 16, 17, 19, 20, 22, 24, 25, 26, 27, 28, 
      29, 32, 33, 34, 35, 36, 37, 38, 39, 41, 42, 43, 44, 45, 47, 49, 51, 52, 53, 55, 56, 59, 60, 61, 62, 64 ], 
  [ 1, 2, 3, 4, 5, 6, 7, 9, 11, 12, 13, 14, 16, 17, 20, 21, 22, 23, 25, 26, 27, 29, 30, 31, 33, 34, 35, 36, 37, 38, 39, 41, 42, 
      43, 44, 45, 47, 49, 51, 52, 54, 56, 57, 58, 60, 62, 63, 64 ], 
  [ 1, 2, 3, 4, 5, 7, 8, 9, 10, 11, 12, 13, 14, 15, 16, 18, 19, 20, 21, 22, 23, 24, 25, 28, 29, 30, 31, 32, 33, 34, 35, 36, 38, 
      39, 40, 41, 42, 44, 45, 46, 47, 48, 49, 50, 51, 52, 53, 54, 55, 57, 58, 59, 60, 61, 63, 64 ], 
  [ 1, 2, 3, 4, 6, 7, 8, 9, 10, 13, 14, 15, 17, 18, 19, 20, 21, 22, 23, 24, 25, 26, 27, 28, 29, 30, 31, 32, 33, 34, 35, 36, 37, 
      38, 40, 41, 43, 45, 46, 47, 48, 50, 51, 52, 53, 54, 55, 56, 57, 58, 59, 60, 61, 62, 63, 64 ] ];
