return rec(
  EXT := [ [ 1, 0, 0, 0, 0, 0, 0, 0, 0, 0, 0, 0, 1, 1, 0 ], [ 1, 1, 1, 1, 1, 0, 0, 1, 0, 1, 0, 0, 1, 1, 0 ], 
      [ 1, 0, 0, 1, 0, 0, 0, 0, 0, 1, 0, 1, 1, 1, 0 ], [ 1, 1, 0, 0, 1, 1, 0, 0, 0, 0, 0, 0, 1, 1, 0 ], 
      [ 1, 1, 1, 0, 1, 0, 0, 1, 0, 0, 0, 1, 1, 1, 0 ], [ 1, 0, 1, 1, 0, 1, 0, 1, 0, 1, 0, 0, 1, 1, 0 ], 
      [ 1, 0, 0, 1, 1, 1, 1, 0, 0, 1, 0, 1, 0, 1, 0 ], [ 1, 0, 1, 0, 0, 1, 0, 1, 1, 0, 0, 0, 1, 1, 1 ], 
      [ 1, 0, 0, 0, 0, 0, 0, 0, 1, 0, 0, 1, 1, 1, 1 ], [ 1, 1, 0, 1, 1, 1, 0, 0, 0, 1, 0, 1, 1, 1, 0 ], 
      [ 1, 0, 1, 0, 1, 1, 1, 1, 0, 0, 0, 1, 0, 1, 0 ], [ 1, 0, 0, 0, 1, 1, 1, 0, 1, 0, 0, 1, 0, 1, 1 ], 
      [ 1, 1, 0, 1, 1, 1, 0, 0, 1, 1, 0, 0, 1, 1, 1 ], [ 1, 1, 1, 1, 1, 0, 0, 1, 1, 1, 0, 1, 1, 1, 1 ], 
      [ 1, 0, 0, 1, 0, 0, 0, 0, 1, 1, 0, 0, 1, 1, 1 ], [ 1, 0, 1, 0, 0, 1, 0, 1, 0, 0, 0, 1, 1, 1, 0 ], 
      [ 1, 1, 1, 0, 1, 0, 0, 1, 1, 0, 0, 0, 1, 1, 1 ], [ 1, 1, 0, 0, 1, 1, 0, 0, 1, 0, 0, 1, 1, 1, 1 ], 
      [ 1, 0, 1, 1, 1, 1, 1, 1, 1, 1, 0, 1, 0, 1, 1 ], [ 1, 0, 1, 1, 0, 1, 0, 1, 1, 1, 0, 1, 1, 1, 1 ], 
      [ 1, 0, 0, 0, 0, 0, 0, 0, 0, 1, 0, 1, 1, 1, 0 ], [ 1, 1, 1, 0, 1, 0, 0, 1, 0, 1, 0, 1, 1, 1, 0 ], 
      [ 1, 1, 0, 0, 1, 1, 0, 0, 0, 1, 0, 1, 1, 1, 0 ], [ 1, 0, 1, 0, 0, 1, 0, 1, 0, 1, 0, 1, 1, 1, 0 ], 
      [ 1, 0, 1, 0, 0, 1, 0, 1, 1, 1, 0, 1, 1, 1, 1 ], [ 1, 0, 0, 0, 0, 0, 0, 0, 1, 1, 0, 1, 1, 1, 1 ], 
      [ 1, 0, 0, 0, 1, 0, 1, 1, 1, 0, 0, 1, 0, 1, 0 ], [ 1, 0, 0, 1, 1, 0, 1, 1, 1, 1, 0, 1, 0, 1, 0 ], 
      [ 1, 1, 0, 0, 1, 1, 0, 0, 1, 1, 0, 1, 1, 1, 1 ], [ 1, 1, 1, 0, 1, 0, 0, 1, 1, 1, 0, 1, 1, 1, 1 ], 
      [ 1, 0, 0, 0, 1, 1, 1, 1, 1, 0, 0, 1, 0, 1, 0 ], [ 1, 0, 0, 1, 1, 1, 1, 1, 1, 1, 0, 1, 0, 1, 0 ], 
      [ 1, 0, 0, 1, 0, 0, 0, 0, 1, 0, 0, 0, 0, 1, 0 ], [ 1, 1, 1, 1, 1, 0, 0, 1, 1, 0, 0, 0, 0, 1, 0 ], 
      [ 1, 1, 0, 1, 1, 1, 1, 0, 1, 0, 0, 0, 1, 1, 0 ], [ 1, 0, 1, 1, 0, 1, 1, 1, 1, 0, 0, 0, 1, 1, 0 ], 
      [ 1, 0, 0, 1, 0, 0, 0, 0, 1, 0, 0, 1, 0, 1, 0 ], [ 1, 0, 0, 1, 0, 0, 1, 0, 1, 0, 0, 0, 1, 1, 0 ], 
      [ 1, 0, 0, 0, 1, 1, 1, 0, 0, 1, 0, 1, 1, 1, 1 ], [ 1, 0, 1, 1, 0, 1, 0, 1, 1, 0, 0, 0, 0, 1, 0 ], 
      [ 1, 1, 1, 1, 1, 0, 0, 1, 1, 0, 0, 1, 0, 1, 0 ], [ 1, 1, 1, 1, 1, 0, 1, 1, 1, 0, 0, 0, 1, 1, 0 ], 
      [ 1, 0, 0, 1, 0, 0, 1, 0, 1, 0, 0, 1, 1, 1, 0 ], [ 1, 1, 0, 1, 1, 1, 0, 0, 1, 0, 0, 0, 0, 1, 0 ], 
      [ 1, 1, 0, 1, 1, 1, 1, 0, 1, 0, 0, 1, 1, 1, 0 ], [ 1, 0, 1, 0, 1, 1, 1, 1, 0, 1, 0, 1, 1, 1, 1 ], 
      [ 1, 0, 0, 0, 1, 1, 0, 0, 0, 1, 0, 1, 0, 1, 1 ], [ 1, 1, 1, 1, 1, 0, 1, 1, 1, 0, 0, 1, 1, 1, 0 ], 
      [ 1, 0, 1, 1, 0, 1, 1, 1, 1, 0, 0, 1, 1, 1, 0 ], [ 1, 1, 0, 1, 1, 1, 0, 0, 1, 0, 0, 1, 0, 1, 0 ], 
      [ 1, 0, 1, 0, 1, 1, 0, 1, 0, 1, 0, 1, 0, 1, 1 ], [ 1, 0, 1, 1, 0, 1, 0, 1, 1, 0, 0, 1, 0, 1, 0 ], 
      [ 1, 0, 0, 0, 0, 0, 0, 0, 1, 0, 0, 1, 0, 1, 0 ], [ 1, 1, 1, 1, 1, 0, 0, 1, 1, 1, 0, 1, 0, 1, 0 ], 
      [ 1, 1, 0, 0, 1, 1, 1, 0, 1, 0, 0, 1, 1, 1, 0 ], [ 1, 0, 1, 1, 0, 1, 1, 1, 1, 1, 0, 1, 1, 1, 0 ], 
      [ 1, 0, 1, 0, 0, 1, 0, 1, 1, 0, 0, 1, 0, 1, 0 ], [ 1, 0, 0, 0, 1, 0, 0, 1, 1, 1, 0, 1, 0, 1, 1 ], 
      [ 1, 0, 0, 0, 1, 0, 1, 1, 0, 1, 0, 1, 1, 1, 0 ], [ 1, 0, 0, 1, 0, 0, 1, 0, 1, 1, 0, 1, 1, 1, 0 ], 
      [ 1, 1, 0, 1, 1, 1, 0, 0, 1, 1, 0, 1, 0, 1, 0 ], [ 1, 0, 0, 0, 1, 1, 0, 1, 0, 1, 0, 1, 0, 1, 0 ], 
      [ 1, 1, 1, 0, 1, 0, 1, 1, 1, 0, 0, 1, 1, 1, 0 ], [ 1, 0, 0, 0, 1, 1, 1, 1, 1, 1, 0, 1, 1, 1, 1 ] ],
  Group := Group( [ ( 1, 2)( 3, 5)( 4, 6)( 7,11)( 8,13)( 9,14)(10,16)(12,19)(15,17)(18,20)(21,22)(23,24)(25,29)(26,30)(27,28)
        (31,32)(33,34)(35,36)(37,41)(38,42)(39,46)(40,44)(43,48)(45,49)(47,51)(50,52)(53,54)(55,56)(57,61)(60,63), 
      ( 1, 4)( 2, 6)( 3,10)( 5,16)( 8,17)( 9,18)(13,15)(14,20)(21,23)(22,24)(25,30)(26,29)(27,31)(28,32)(33,35)(34,36)(37,45)
        (38,44)(39,47)(40,42)(41,49)(43,50)(46,51)(48,52)(53,55)(54,56)(57,63)(58,64)(59,62)(60,61), 
      ( 1, 8)( 2,13)( 3,20)( 4,17)( 5,18)( 6,15)( 7,19)( 9,16)(10,14)(11,12)(21,25)(22,29)(23,30)(24,26)(27,31)(28,32)(33,40)
        (34,44)(35,42)(36,38)(37,52)(39,46)(41,50)(43,49)(45,48)(47,51)(53,57)(54,61)(55,63)(56,60)(58,62)(59,64) ] ) );
