return [ [ 2, 3, 4, 32, 46, 49, 51, 52, 53, 54, 56 ], [ 2, 4, 6, 7, 37, 46, 47, 48, 50, 51, 54 ], 
  [ 1, 2, 3, 4, 6, 7, 37, 46, 47, 48, 54 ], [ 1, 2, 3, 4, 6, 7, 8, 37, 46, 48, 54 ], [ 1, 2, 3, 4, 6, 7, 8, 37, 46, 53, 54 ], 
  [ 3, 4, 6, 7, 10, 37, 47, 48, 49, 50, 54 ], [ 2, 3, 4, 6, 7, 10, 37, 47, 48, 49, 50 ], 
  [ 4, 5, 6, 7, 8, 10, 40, 48, 51, 52, 55 ], [ 1, 2, 11, 14, 35, 45, 46, 47, 49, 50, 56 ], 
  [ 4, 11, 12, 14, 43, 46, 47, 48, 50, 53, 55 ], [ 2, 3, 4, 6, 7, 37, 46, 47, 48, 49, 50, 54 ], 
  [ 1, 2, 5, 6, 8, 11, 33, 38, 45, 46, 50, 53 ], [ 3, 4, 6, 11, 12, 14, 43, 46, 47, 48, 50, 53 ], 
  [ 1, 3, 4, 7, 8, 15, 31, 46, 48, 52, 54, 55 ], [ 5, 9, 10, 11, 12, 16, 33, 43, 44, 45, 55, 56 ], 
  [ 5, 9, 10, 11, 12, 16, 33, 45, 51, 52, 55, 56 ], [ 1, 2, 6, 11, 14, 17, 33, 38, 45, 46, 50, 53 ], 
  [ 1, 2, 3, 4, 5, 6, 7, 10, 37, 46, 47, 48, 50 ], [ 2, 4, 5, 9, 10, 11, 12, 16, 33, 43, 45, 51, 55 ], 
  [ 1, 2, 3, 4, 7, 8, 15, 31, 34, 37, 46, 48, 52, 54 ], [ 1, 2, 3, 4, 5, 6, 8, 10, 11, 12, 33, 38, 40, 43, 45, 46, 48 ], 
  [ 11, 12, 13, 14, 16, 18, 19, 21, 43, 44, 45, 46, 47, 48, 49, 50, 53, 55, 56 ], 
  [ 1, 2, 3, 4, 5, 6, 7, 8, 9, 10, 11, 12, 45, 46, 47, 48, 49, 50, 51, 52, 53, 54, 55, 56 ], 
  [ 1, 3, 4, 5, 9, 10, 11, 12, 13, 14, 16, 18, 35, 39, 43, 44, 45, 46, 47, 48, 49, 50, 55, 56 ], 
  [ 2, 4, 5, 6, 8, 10, 11, 12, 16, 19, 24, 25, 33, 38, 40, 43, 45, 46, 48, 50, 51, 52, 53, 55 ], 
  [ 5, 6, 8, 10, 11, 12, 16, 18, 19, 21, 24, 25, 27, 28, 33, 36, 38, 40, 41, 42, 43, 44, 45, 47, 48, 49, 50, 52, 53, 54, 55, 56 ]
    , [ 2, 3, 4, 6, 7, 8, 10, 11, 15, 17, 20, 23, 24, 25, 27, 28, 31, 32, 34, 37, 38, 40, 41, 42, 46, 48, 49, 50, 51, 52, 53, 54 
     ], [ 1, 3, 5, 6, 8, 10, 11, 12, 13, 14, 15, 16, 17, 18, 19, 21, 24, 25, 27, 28, 33, 36, 38, 40, 41, 42, 43, 44, 45, 46, 47, 
      48, 49, 50, 53 ], [ 1, 3, 5, 7, 8, 9, 10, 12, 13, 14, 15, 16, 17, 18, 19, 20, 21, 22, 23, 24, 25, 26, 27, 28, 45, 46, 47, 
      48, 49, 50, 51, 52, 53, 54, 55, 56 ], [ 3, 4, 9, 10, 11, 12, 13, 14, 15, 16, 17, 18, 19, 20, 21, 22, 23, 24, 25, 26, 27, 
      28, 31, 32, 35, 39, 40, 42, 43, 44, 46, 48, 49, 50, 51, 53, 55, 56 ], 
  [ 1, 2, 3, 5, 7, 8, 9, 10, 11, 12, 13, 14, 15, 16, 17, 18, 19, 20, 21, 22, 23, 24, 25, 26, 27, 28, 29, 32, 33, 34, 35, 38, 42, 
      44, 45, 46, 49, 50, 51, 52, 53, 56 ], [ 2, 4, 6, 11, 13, 14, 15, 16, 17, 18, 19, 20, 21, 22, 23, 24, 25, 26, 27, 28, 29, 
      30, 31, 32, 33, 34, 35, 36, 37, 38, 39, 40, 41, 42, 43, 44, 45, 46, 47, 48, 49, 50, 51, 52, 53, 54, 55, 56 ], 
  [ 1, 3, 5, 7, 8, 9, 10, 12, 13, 14, 15, 16, 17, 18, 19, 20, 21, 22, 23, 24, 25, 26, 27, 28, 29, 30, 31, 32, 33, 34, 35, 36, 
      37, 38, 39, 40, 41, 42, 43, 44, 45, 47, 48, 49, 52, 54, 55, 56 ] ];
