return [ [ 1, 7, 8, 10, 15, 19, 35, 45, 46, 53, 56 ], [ 1, 7, 8, 10, 15, 19, 35, 45, 47, 53, 56 ], 
  [ 1, 5, 7, 8, 10, 15, 19, 45, 46, 53, 56 ], [ 1, 6, 7, 8, 10, 15, 19, 45, 47, 53, 56 ], 
  [ 6, 7, 9, 10, 13, 14, 20, 37, 47, 52, 56 ], [ 5, 7, 10, 11, 13, 14, 20, 43, 46, 50, 56 ], 
  [ 7, 10, 13, 14, 17, 20, 35, 43, 46, 50, 56 ], [ 5, 7, 10, 13, 14, 17, 20, 39, 43, 46, 50 ], 
  [ 5, 7, 10, 13, 14, 17, 20, 39, 43, 50, 56 ], [ 5, 7, 10, 13, 14, 17, 20, 43, 46, 50, 56 ], 
  [ 7, 10, 14, 17, 18, 20, 37, 43, 49, 51, 55 ], [ 7, 10, 14, 17, 18, 20, 37, 43, 51, 55, 56 ], 
  [ 7, 10, 13, 14, 17, 18, 20, 37, 49, 51, 55 ], [ 1, 6, 7, 10, 15, 19, 35, 45, 47, 52, 53, 56 ], 
  [ 1, 5, 7, 8, 10, 15, 19, 36, 38, 45, 46, 49 ], [ 1, 5, 7, 8, 10, 15, 19, 35, 36, 45, 46, 50 ], 
  [ 1, 5, 7, 8, 10, 15, 19, 38, 45, 46, 49, 53 ], [ 1, 5, 7, 8, 10, 15, 19, 35, 45, 46, 50, 56 ], 
  [ 1, 5, 7, 8, 10, 15, 18, 19, 45, 49, 53, 56 ], [ 1, 6, 7, 8, 10, 15, 18, 19, 45, 49, 53, 56 ], 
  [ 1, 5, 7, 10, 14, 17, 20, 35, 43, 46, 50, 56 ], [ 2, 5, 7, 10, 14, 17, 20, 39, 43, 50, 51, 56 ], 
  [ 5, 7, 10, 13, 14, 17, 20, 36, 38, 39, 43, 46 ], [ 5, 7, 10, 13, 14, 17, 20, 36, 38, 39, 43, 49 ], 
  [ 2, 5, 7, 10, 13, 14, 17, 20, 39, 48, 50, 56 ], [ 2, 5, 7, 10, 13, 14, 17, 20, 39, 48, 51, 56 ], 
  [ 7, 9, 10, 13, 17, 18, 20, 37, 40, 49, 51, 55 ], [ 1, 5, 7, 10, 14, 17, 18, 20, 37, 43, 49, 51 ], 
  [ 1, 5, 7, 10, 14, 17, 18, 20, 37, 43, 51, 56 ], [ 7, 9, 10, 13, 14, 17, 18, 20, 37, 51, 55, 56 ], 
  [ 13, 15, 16, 18, 20, 23, 25, 36, 44, 49, 54, 55 ], [ 1, 5, 7, 10, 13, 14, 17, 20, 36, 38, 45, 46, 49 ], 
  [ 1, 5, 7, 10, 13, 14, 17, 20, 35, 45, 46, 50, 56 ], [ 5, 7, 10, 13, 14, 17, 18, 20, 39, 43, 49, 51, 55 ], 
  [ 5, 7, 10, 13, 14, 17, 18, 20, 39, 43, 51, 55, 56 ], [ 2, 5, 7, 9, 10, 13, 14, 17, 18, 20, 48, 51, 56 ], 
  [ 1, 5, 7, 8, 10, 17, 19, 22, 35, 36, 45, 46, 50 ], [ 7, 8, 13, 15, 16, 18, 20, 23, 36, 44, 49, 54, 55 ], 
  [ 1, 5, 7, 10, 14, 17, 19, 24, 35, 43, 46, 50, 56 ], [ 7, 10, 14, 17, 18, 19, 24, 37, 43, 49, 51, 55, 56 ], 
  [ 4, 11, 13, 15, 16, 18, 20, 23, 25, 36, 44, 54, 55 ], [ 1, 6, 7, 8, 9, 10, 15, 18, 19, 40, 45, 47, 49, 56 ], 
  [ 1, 5, 7, 10, 11, 15, 18, 19, 38, 45, 46, 49, 53, 56 ], [ 1, 6, 7, 10, 13, 14, 17, 20, 35, 37, 45, 47, 52, 56 ], 
  [ 2, 5, 7, 9, 10, 13, 17, 18, 20, 39, 48, 51, 55, 56 ], [ 1, 2, 5, 7, 9, 10, 14, 17, 18, 20, 37, 47, 51, 56 ], 
  [ 1, 6, 7, 9, 10, 13, 14, 17, 18, 20, 37, 45, 47, 56 ], [ 1, 5, 7, 10, 11, 13, 14, 17, 18, 20, 43, 45, 46, 56 ], 
  [ 7, 10, 12, 14, 15, 18, 19, 24, 37, 43, 49, 51, 55, 56 ], [ 1, 5, 7, 10, 14, 17, 18, 19, 24, 37, 43, 49, 51, 56 ], 
  [ 5, 7, 8, 10, 15, 19, 25, 32, 36, 38, 39, 43, 49, 50 ], [ 1, 6, 13, 15, 16, 18, 20, 23, 25, 36, 44, 45, 49, 54 ], 
  [ 4, 5, 11, 13, 15, 16, 18, 20, 23, 25, 36, 39, 50, 55 ], [ 1, 2, 5, 7, 10, 14, 17, 20, 35, 37, 43, 47, 50, 51, 56 ], 
  [ 1, 2, 5, 7, 10, 13, 14, 17, 20, 35, 45, 47, 48, 50, 56 ], [ 1, 2, 5, 7, 9, 10, 13, 14, 17, 18, 20, 45, 47, 48, 56 ], 
  [ 1, 5, 7, 10, 11, 13, 14, 17, 18, 20, 38, 43, 45, 46, 49 ], [ 1, 6, 7, 8, 13, 15, 16, 18, 20, 23, 36, 44, 45, 49, 54 ], 
  [ 5, 7, 8, 10, 13, 14, 16, 17, 20, 22, 23, 36, 39, 46, 50 ], [ 5, 7, 8, 10, 13, 14, 16, 17, 20, 22, 23, 36, 39, 49, 51 ], 
  [ 1, 5, 7, 8, 10, 13, 14, 16, 17, 20, 22, 23, 36, 45, 46 ], [ 1, 5, 7, 8, 10, 13, 14, 16, 17, 20, 22, 23, 36, 45, 49 ], 
  [ 1, 6, 7, 10, 14, 17, 19, 24, 35, 37, 45, 47, 52, 53, 56 ], [ 1, 5, 7, 8, 10, 15, 19, 25, 32, 35, 36, 38, 46, 49, 50 ], 
  [ 2, 5, 7, 8, 9, 10, 18, 20, 23, 25, 39, 40, 49, 51, 55 ], [ 1, 5, 7, 8, 10, 13, 16, 17, 20, 22, 23, 35, 36, 45, 46, 50 ], 
  [ 1, 2, 5, 7, 10, 14, 17, 19, 24, 35, 37, 43, 47, 50, 51, 56 ], [ 1, 5, 7, 8, 10, 14, 17, 19, 22, 24, 36, 38, 45, 46, 49, 53 ],
  [ 4, 7, 9, 10, 15, 18, 19, 25, 32, 37, 40, 43, 49, 51, 55, 56 ], [ 1, 5, 7, 8, 10, 13, 15, 16, 20, 23, 25, 35, 36, 45, 46, 50 ]
    , [ 1, 4, 6, 9, 13, 15, 16, 18, 20, 23, 25, 35, 44, 45, 47, 52 ], 
  [ 1, 4, 5, 11, 13, 15, 16, 18, 20, 23, 25, 35, 36, 45, 46, 50 ], 
  [ 2, 5, 7, 8, 9, 10, 17, 18, 19, 22, 39, 40, 48, 49, 51, 55, 56 ], 
  [ 1, 5, 7, 10, 11, 14, 17, 18, 19, 24, 38, 43, 45, 46, 49, 53, 56 ], 
  [ 7, 8, 12, 13, 14, 16, 17, 22, 24, 27, 28, 29, 39, 41, 46, 48, 50 ], 
  [ 1, 6, 7, 8, 9, 10, 13, 15, 16, 18, 20, 23, 25, 40, 44, 45, 47, 49 ], 
  [ 2, 5, 7, 8, 9, 10, 13, 16, 17, 18, 20, 22, 23, 39, 40, 48, 49, 51, 55 ], 
  [ 1, 3, 4, 6, 11, 13, 15, 16, 18, 20, 23, 25, 35, 36, 44, 45, 46, 52, 54 ], 
  [ 1, 2, 5, 7, 8, 10, 13, 14, 16, 17, 20, 22, 23, 35, 41, 45, 46, 47, 48, 50 ], 
  [ 1, 2, 5, 7, 8, 10, 14, 17, 19, 22, 24, 35, 41, 45, 46, 47, 48, 50, 53, 56 ], 
  [ 2, 4, 5, 7, 8, 9, 10, 15, 18, 19, 25, 32, 39, 40, 43, 49, 50, 51, 55, 56 ], 
  [ 6, 7, 8, 9, 10, 12, 13, 14, 15, 16, 20, 23, 25, 26, 37, 40, 42, 44, 47, 52 ], 
  [ 5, 7, 8, 10, 11, 12, 13, 14, 15, 16, 20, 23, 25, 26, 36, 38, 39, 43, 46, 50 ], 
  [ 1, 2, 5, 6, 7, 8, 9, 10, 14, 18, 20, 21, 23, 25, 26, 37, 40, 47, 49, 51 ], 
  [ 1, 2, 5, 6, 7, 8, 9, 10, 13, 14, 16, 17, 18, 20, 21, 22, 23, 37, 40, 45, 47, 48, 49, 51 ], 
  [ 1, 2, 5, 6, 7, 8, 9, 10, 14, 17, 18, 19, 21, 22, 24, 37, 40, 45, 47, 48, 49, 51, 53, 56 ], 
  [ 6, 7, 8, 9, 10, 12, 13, 14, 15, 16, 18, 20, 21, 23, 25, 26, 37, 40, 42, 44, 49, 51, 54, 55 ], 
  [ 5, 7, 8, 10, 11, 12, 13, 14, 15, 16, 18, 20, 21, 23, 25, 26, 36, 38, 39, 43, 49, 51, 54, 55 ], 
  [ 1, 2, 5, 7, 8, 13, 16, 17, 20, 22, 23, 28, 29, 31, 33, 35, 36, 39, 41, 45, 46, 47, 48, 50 ], 
  [ 7, 8, 10, 12, 13, 14, 15, 16, 17, 19, 22, 24, 27, 28, 29, 30, 35, 41, 45, 46, 48, 50, 53, 56 ], 
  [ 7, 8, 10, 12, 13, 14, 15, 16, 17, 19, 22, 24, 27, 28, 29, 30, 35, 41, 45, 47, 48, 52, 53, 56 ], 
  [ 1, 2, 4, 5, 7, 9, 10, 17, 18, 19, 20, 25, 31, 32, 35, 37, 39, 40, 43, 47, 49, 50, 51, 55, 56 ], 
  [ 1, 3, 5, 6, 7, 8, 10, 11, 12, 13, 14, 15, 16, 18, 20, 21, 23, 25, 26, 36, 38, 45, 46, 49, 53, 54 ], 
  [ 2, 3, 6, 8, 9, 12, 14, 16, 21, 22, 23, 24, 26, 27, 29, 33, 34, 37, 40, 41, 42, 44, 47, 48, 51, 52, 53, 54 ], 
  [ 2, 3, 5, 8, 11, 12, 14, 16, 21, 22, 23, 24, 26, 27, 29, 33, 34, 36, 38, 39, 41, 43, 46, 48, 50, 51, 53, 54 ], 
  [ 6, 7, 8, 9, 10, 12, 13, 14, 15, 16, 17, 19, 22, 24, 27, 28, 29, 30, 37, 40, 42, 44, 45, 47, 48, 52, 53, 56 ], 
  [ 5, 7, 8, 10, 11, 12, 13, 14, 15, 16, 17, 19, 22, 24, 27, 28, 29, 30, 36, 38, 39, 43, 45, 46, 48, 50, 53, 56 ], 
  [ 1, 2, 3, 4, 5, 6, 7, 8, 9, 10, 11, 12, 13, 14, 15, 16, 18, 20, 21, 23, 25, 26, 35, 41, 45, 46, 47, 48, 50, 52, 53, 56 ], 
  [ 1, 2, 5, 7, 8, 10, 14, 17, 19, 20, 22, 23, 24, 25, 26, 31, 32, 33, 34, 35, 36, 37, 38, 39, 40, 41, 43, 46, 47, 49, 50, 51 ], 
  [ 1, 3, 5, 6, 7, 11, 12, 13, 14, 17, 18, 20, 21, 24, 26, 27, 28, 31, 34, 36, 37, 38, 39, 42, 43, 45, 46, 49, 51, 53, 54, 55 ], 
  [ 1, 2, 5, 6, 7, 8, 9, 13, 16, 17, 18, 20, 21, 22, 23, 28, 29, 31, 33, 36, 37, 39, 40, 42, 44, 45, 47, 48, 49, 51, 54, 55 ], 
  [ 6, 7, 8, 9, 10, 12, 13, 14, 15, 16, 17, 18, 19, 21, 22, 24, 27, 28, 29, 30, 37, 40, 42, 44, 45, 48, 49, 51, 53, 54, 55, 56 ],
  [ 5, 7, 8, 10, 11, 12, 13, 14, 15, 16, 17, 18, 19, 21, 22, 24, 27, 28, 29, 30, 36, 38, 39, 43, 45, 48, 49, 51, 53, 54, 55, 56 ]
    , [ 7, 8, 10, 12, 13, 14, 15, 16, 17, 19, 20, 22, 23, 24, 25, 26, 27, 28, 29, 30, 31, 32, 33, 34, 35, 36, 38, 39, 41, 43, 
      46, 50 ], [ 1, 2, 3, 4, 5, 6, 7, 8, 9, 10, 11, 12, 14, 15, 18, 19, 21, 24, 25, 26, 32, 34, 35, 37, 38, 40, 41, 43, 46, 47, 
      49, 50, 51, 52, 53, 56 ], [ 1, 2, 3, 5, 6, 7, 8, 12, 13, 14, 16, 17, 20, 21, 22, 23, 24, 26, 27, 28, 29, 31, 33, 34, 36, 
      37, 39, 41, 42, 45, 46, 47, 48, 51, 53, 54 ], [ 7, 8, 10, 12, 13, 14, 15, 16, 17, 19, 20, 22, 23, 24, 25, 26, 27, 28, 29, 
      30, 31, 32, 33, 34, 36, 37, 38, 39, 40, 42, 43, 44, 49, 51, 54, 55 ], 
  [ 1, 2, 3, 4, 5, 6, 7, 9, 11, 12, 13, 14, 17, 18, 20, 21, 24, 26, 27, 28, 31, 34, 35, 37, 39, 41, 42, 43, 45, 46, 47, 48, 50, 
      51, 52, 53, 55, 56 ], [ 1, 2, 3, 4, 5, 6, 7, 8, 9, 11, 12, 15, 18, 20, 21, 23, 25, 26, 31, 32, 33, 34, 35, 36, 37, 38, 39, 
      40, 41, 42, 43, 44, 46, 47, 49, 50, 51, 52, 54, 55 ], [ 1, 3, 6, 7, 8, 10, 12, 13, 14, 15, 16, 17, 19, 20, 22, 23, 24, 25, 
      26, 27, 28, 29, 30, 31, 32, 33, 34, 35, 36, 37, 38, 40, 41, 42, 44, 45, 46, 47, 49, 52, 53, 54 ], 
  [ 1, 2, 3, 4, 5, 6, 7, 8, 9, 11, 12, 15, 17, 18, 19, 21, 22, 24, 27, 28, 29, 30, 31, 32, 33, 34, 35, 36, 37, 38, 39, 40, 41, 
      42, 43, 44, 45, 46, 47, 48, 49, 50, 51, 52, 53, 54, 55, 56 ], 
  [ 1, 2, 3, 4, 5, 6, 9, 10, 11, 13, 14, 16, 17, 18, 19, 20, 21, 22, 23, 24, 25, 26, 27, 28, 29, 30, 31, 32, 33, 34, 35, 36, 37, 
      38, 39, 40, 41, 42, 43, 44, 45, 46, 47, 48, 49, 50, 51, 52, 53, 54, 55, 56 ] ];
