return [ [ 1, 2, 6, 7, 39, 50, 52, 53, 55, 62, 63, 64 ], [ 1, 2, 3, 8, 36, 50, 51, 52, 53, 55, 63, 64 ], 
  [ 1, 2, 6, 7, 10, 39, 50, 53, 55, 62, 63, 64 ], [ 1, 2, 3, 4, 5, 11, 45, 49, 54, 57, 60, 61 ], 
  [ 1, 2, 3, 4, 5, 10, 11, 45, 49, 57, 60, 61 ], [ 1, 2, 6, 7, 8, 12, 39, 50, 52, 53, 63, 64 ], 
  [ 1, 2, 4, 6, 9, 10, 12, 39, 50, 52, 62, 63 ], [ 3, 8, 14, 15, 32, 36, 50, 51, 52, 53, 55, 63 ], 
  [ 4, 9, 13, 14, 15, 31, 46, 48, 55, 60, 62, 63 ], [ 1, 3, 4, 6, 7, 10, 34, 50, 52, 54, 56, 57, 58 ], 
  [ 1, 6, 8, 15, 32, 36, 50, 51, 52, 53, 55, 59, 64 ], [ 3, 8, 13, 14, 15, 32, 36, 37, 46, 51, 52, 55, 64 ], 
  [ 3, 8, 13, 14, 15, 32, 37, 46, 52, 53, 55, 63, 64 ], [ 3, 6, 8, 13, 14, 15, 32, 33, 50, 52, 54, 57, 59 ], 
  [ 6, 7, 13, 15, 16, 31, 48, 52, 54, 56, 62, 63, 64 ], [ 6, 7, 13, 15, 16, 31, 48, 52, 55, 56, 62, 63, 64 ], 
  [ 3, 6, 8, 13, 15, 16, 32, 36, 37, 51, 52, 55, 64 ], [ 6, 13, 14, 15, 16, 31, 48, 52, 54, 60, 62, 63, 64 ], 
  [ 3, 6, 7, 8, 13, 14, 15, 16, 32, 38, 48, 54, 59 ], [ 2, 4, 6, 7, 8, 12, 13, 39, 50, 52, 53, 62, 63, 64 ], 
  [ 1, 3, 8, 15, 32, 36, 50, 51, 52, 53, 55, 59, 63, 64 ], [ 3, 8, 14, 15, 32, 36, 37, 46, 51, 52, 53, 55, 63, 64 ], 
  [ 4, 9, 13, 14, 15, 31, 37, 46, 53, 54, 55, 57, 60, 63 ], [ 2, 4, 7, 9, 12, 17, 19, 35, 38, 49, 50, 54, 61, 63 ], 
  [ 2, 4, 7, 9, 10, 12, 17, 19, 35, 38, 45, 47, 49, 61 ], [ 3, 8, 13, 14, 15, 16, 32, 37, 40, 46, 48, 52, 53, 63, 64 ], 
  [ 1, 3, 5, 6, 8, 15, 16, 32, 36, 37, 51, 52, 53, 55, 59, 64 ], [ 3, 8, 13, 14, 15, 16, 32, 37, 40, 46, 48, 52, 53, 54, 57, 63 ]
    , [ 1, 2, 3, 4, 9, 14, 17, 20, 33, 45, 49, 50, 52, 54, 60, 61 ], [ 1, 2, 3, 4, 9, 12, 14, 17, 20, 33, 35, 45, 49, 50, 54, 61 
     ], [ 1, 2, 3, 4, 5, 10, 11, 17, 18, 20, 41, 45, 49, 51, 60, 62 ], 
  [ 2, 4, 6, 8, 9, 10, 12, 13, 39, 43, 50, 52, 53, 60, 61, 62, 63 ], 
  [ 3, 6, 8, 13, 14, 15, 16, 32, 36, 37, 39, 40, 46, 48, 51, 52, 64 ], 
  [ 3, 6, 8, 13, 14, 15, 16, 32, 33, 34, 35, 38, 42, 44, 54, 57, 59 ], 
  [ 2, 4, 7, 9, 10, 12, 17, 19, 35, 38, 41, 43, 45, 46, 47, 48, 61, 63 ], 
  [ 1, 2, 3, 4, 9, 12, 14, 17, 20, 33, 35, 36, 41, 45, 46, 50, 52, 54, 60, 61, 63 ], 
  [ 3, 6, 8, 13, 14, 15, 16, 32, 33, 34, 35, 36, 37, 38, 39, 40, 42, 44, 46, 48, 52, 54, 57 ], 
  [ 1, 3, 5, 6, 7, 13, 15, 16, 21, 23, 31, 32, 36, 37, 39, 40, 46, 48, 51, 52, 55, 56, 59, 62, 64 ], 
  [ 1, 2, 3, 4, 5, 7, 9, 10, 11, 12, 14, 15, 17, 19, 20, 23, 35, 41, 45, 46, 49, 51, 54, 55, 59, 60, 61, 63 ], 
  [ 1, 2, 3, 4, 5, 6, 7, 8, 9, 10, 11, 12, 13, 14, 15, 16, 33, 34, 35, 38, 42, 44, 45, 47, 49, 50, 54, 56, 57, 58, 59, 61 ], 
  [ 1, 2, 3, 4, 5, 6, 7, 8, 9, 10, 11, 12, 13, 14, 15, 16, 49, 50, 51, 52, 53, 54, 55, 56, 57, 58, 59, 60, 61, 62, 63, 64 ], 
  [ 1, 2, 3, 4, 5, 7, 10, 12, 17, 18, 19, 20, 21, 22, 23, 24, 33, 34, 35, 38, 42, 44, 45, 47, 49, 50, 54, 56, 57, 58, 59, 61 ], 
  [ 1, 2, 3, 4, 6, 8, 9, 10, 11, 12, 13, 14, 17, 18, 20, 22, 25, 26, 27, 28, 33, 34, 36, 39, 41, 43, 45, 47, 49, 50, 51, 52, 58, 
      60, 61, 62 ], [ 1, 2, 3, 4, 5, 6, 7, 8, 9, 10, 11, 12, 13, 14, 15, 16, 33, 34, 35, 36, 37, 38, 39, 40, 41, 42, 43, 44, 45, 
      46, 47, 48, 50, 52, 53, 54, 57, 60, 61, 63 ], [ 1, 2, 3, 4, 5, 7, 10, 12, 17, 18, 19, 20, 21, 22, 23, 24, 33, 34, 35, 36, 
      37, 38, 39, 40, 41, 42, 43, 44, 45, 46, 47, 48, 50, 52, 53, 54, 57, 60, 61, 63 ], 
  [ 1, 4, 6, 7, 9, 10, 11, 12, 14, 15, 17, 18, 20, 22, 25, 26, 27, 28, 33, 34, 35, 36, 38, 39, 41, 43, 45, 46, 47, 48, 49, 50, 
      51, 52, 54, 58, 60, 61, 62, 63 ], [ 1, 3, 4, 5, 6, 7, 10, 11, 13, 14, 15, 16, 18, 20, 21, 23, 27, 28, 31, 32, 33, 34, 35, 
      36, 37, 38, 39, 40, 41, 42, 43, 44, 45, 46, 47, 48, 51, 52, 54, 56, 57, 59, 60, 62 ], 
  [ 1, 2, 4, 5, 6, 7, 9, 10, 11, 13, 15, 16, 17, 18, 19, 21, 26, 28, 29, 31, 33, 34, 35, 36, 37, 38, 39, 40, 41, 42, 43, 44, 45, 
      46, 47, 48, 49, 50, 52, 53, 54, 55, 56, 57, 60, 61, 62, 63 ], 
  [ 2, 3, 4, 8, 9, 12, 13, 14, 17, 18, 19, 20, 21, 22, 23, 24, 25, 26, 27, 28, 29, 30, 31, 32, 33, 34, 35, 36, 37, 38, 39, 40, 
      41, 42, 43, 44, 45, 46, 47, 48, 50, 52, 53, 54, 57, 60, 61, 63 ], 
  [ 1, 5, 6, 7, 10, 11, 15, 16, 17, 18, 19, 20, 21, 22, 23, 24, 25, 26, 27, 28, 29, 30, 31, 32, 33, 34, 35, 36, 37, 38, 39, 40, 
      41, 42, 43, 44, 45, 46, 47, 48, 49, 50, 51, 52, 53, 54, 55, 56, 57, 58, 59, 60, 61, 62, 63, 64 ] ];
