return [ [ 9, 11, 14, 38, 42, 45, 48, 49, 51, 53, 56 ], [ 9, 11, 13, 15, 39, 41, 45, 49, 51, 52, 56 ], 
  [ 3, 11, 13, 16, 17, 36, 42, 44, 46, 48, 53 ], [ 3, 11, 13, 16, 17, 36, 44, 46, 47, 48, 53 ], 
  [ 3, 10, 11, 13, 16, 17, 44, 46, 47, 48, 53 ], [ 3, 11, 13, 14, 16, 17, 42, 44, 46, 48, 53 ], 
  [ 10, 12, 13, 19, 37, 43, 46, 47, 49, 53, 54 ], [ 5, 10, 12, 13, 15, 19, 43, 46, 47, 49, 50 ], 
  [ 11, 15, 18, 19, 34, 41, 43, 47, 49, 54, 55 ], [ 5, 9, 13, 14, 15, 20, 42, 45, 46, 49, 52 ], 
  [ 8, 13, 15, 17, 19, 21, 32, 44, 53, 54, 56 ], [ 11, 12, 13, 15, 19, 22, 31, 41, 43, 49, 56 ], 
  [ 6, 16, 17, 20, 21, 23, 32, 46, 49, 53, 54 ], [ 13, 14, 17, 20, 21, 24, 32, 44, 45, 48, 53 ], 
  [ 11, 13, 15, 18, 19, 22, 26, 43, 50, 55, 56 ], [ 9, 11, 14, 15, 17, 20, 23, 26, 42, 45, 48 ], 
  [ 11, 13, 15, 34, 36, 39, 40, 41, 43, 49, 52, 54 ], [ 3, 10, 11, 13, 16, 36, 43, 46, 47, 49, 50, 53 ], 
  [ 11, 13, 16, 17, 36, 40, 43, 44, 51, 53, 54, 56 ], [ 3, 10, 11, 13, 16, 17, 36, 43, 44, 46, 47, 53 ], 
  [ 3, 10, 11, 13, 16, 17, 36, 43, 46, 47, 50, 53 ], [ 3, 14, 16, 17, 36, 42, 44, 45, 46, 48, 51, 53 ], 
  [ 3, 13, 14, 16, 17, 36, 42, 44, 45, 46, 48, 53 ], [ 5, 10, 12, 15, 19, 33, 41, 43, 46, 47, 49, 50 ], 
  [ 5, 10, 12, 15, 19, 33, 41, 46, 47, 48, 49, 50 ], [ 5, 14, 15, 20, 33, 41, 42, 45, 46, 48, 49, 52 ], 
  [ 5, 9, 14, 15, 20, 33, 41, 42, 45, 46, 49, 52 ], [ 6, 11, 16, 17, 20, 40, 42, 49, 51, 52, 53, 54 ], 
  [ 6, 10, 16, 17, 19, 22, 32, 46, 49, 50, 53, 54 ], [ 6, 10, 11, 16, 17, 19, 22, 32, 49, 50, 53, 54 ], 
  [ 8, 13, 17, 19, 21, 22, 32, 44, 53, 54, 55, 56 ], [ 8, 9, 15, 17, 20, 21, 24, 32, 41, 44, 52, 54 ], 
  [ 8, 13, 15, 17, 20, 21, 24, 32, 44, 52, 53, 54 ], [ 8, 9, 13, 15, 17, 20, 21, 24, 32, 44, 52, 54 ], 
  [ 9, 11, 13, 15, 18, 19, 25, 31, 41, 49, 54, 56 ], [ 5, 10, 11, 12, 13, 15, 19, 26, 43, 47, 49, 50 ], 
  [ 5, 11, 12, 13, 15, 18, 19, 26, 43, 47, 49, 50 ], [ 5, 9, 11, 13, 14, 15, 20, 26, 42, 45, 49, 52 ], 
  [ 5, 9, 11, 13, 14, 15, 18, 20, 26, 45, 49, 52 ], [ 9, 11, 13, 15, 19, 25, 27, 31, 32, 41, 49, 54 ], 
  [ 3, 4, 6, 11, 14, 34, 38, 42, 47, 48, 49, 51, 53 ], [ 4, 5, 14, 15, 33, 34, 41, 42, 45, 46, 48, 49, 52 ], 
  [ 2, 9, 13, 16, 35, 36, 42, 44, 45, 51, 53, 54, 56 ], [ 4, 5, 6, 12, 19, 20, 21, 32, 35, 46, 48, 50, 53 ], 
  [ 1, 7, 10, 11, 19, 22, 31, 33, 41, 49, 54, 55, 56 ], [ 8, 10, 17, 19, 21, 22, 32, 37, 41, 44, 46, 54, 55 ], 
  [ 4, 5, 11, 12, 13, 15, 18, 26, 34, 43, 47, 49, 50 ], [ 2, 5, 8, 13, 15, 18, 19, 26, 39, 43, 52, 55, 56 ], 
  [ 5, 11, 13, 15, 18, 19, 26, 39, 43, 49, 50, 55, 56 ], [ 2, 5, 8, 9, 13, 15, 18, 19, 24, 26, 31, 52, 56 ], 
  [ 5, 9, 11, 13, 15, 18, 20, 24, 26, 31, 49, 52, 56 ], [ 1, 7, 9, 11, 15, 17, 20, 23, 24, 26, 31, 41, 51 ], 
  [ 3, 10, 13, 16, 19, 36, 37, 43, 46, 47, 49, 50, 53, 54 ], [ 8, 9, 17, 20, 21, 24, 32, 37, 41, 42, 44, 46, 52, 54 ], 
  [ 5, 9, 11, 13, 15, 18, 20, 26, 39, 45, 49, 51, 52, 56 ], [ 5, 11, 12, 13, 15, 18, 19, 22, 26, 31, 43, 49, 50, 56 ], 
  [ 1, 2, 9, 11, 13, 16, 35, 36, 42, 43, 44, 51, 53, 54, 56 ], [ 5, 6, 12, 15, 17, 19, 20, 21, 32, 35, 44, 46, 48, 50, 53 ], 
  [ 5, 8, 11, 13, 15, 18, 19, 26, 39, 43, 49, 52, 54, 55, 56 ], [ 5, 8, 9, 11, 13, 15, 18, 19, 24, 26, 31, 49, 52, 54, 56 ], 
  [ 1, 9, 11, 33, 34, 35, 38, 41, 42, 44, 45, 48, 49, 51, 53, 56 ], 
  [ 5, 12, 15, 19, 22, 31, 33, 35, 38, 41, 44, 48, 49, 50, 53, 56 ], 
  [ 3, 10, 11, 13, 15, 16, 17, 21, 26, 28, 29, 36, 43, 46, 47, 50 ], 
  [ 8, 9, 11, 13, 15, 16, 17, 20, 21, 24, 26, 28, 29, 32, 52, 54 ], 
  [ 2, 5, 9, 13, 15, 20, 33, 35, 36, 41, 42, 44, 45, 46, 49, 52, 53 ], 
  [ 4, 5, 6, 8, 19, 20, 21, 32, 35, 37, 38, 40, 46, 48, 50, 52, 53 ], 
  [ 2, 5, 12, 13, 15, 19, 22, 31, 33, 35, 41, 43, 44, 49, 50, 53, 56 ], 
  [ 3, 5, 10, 11, 13, 15, 16, 19, 21, 26, 29, 36, 43, 46, 47, 49, 50 ], 
  [ 1, 8, 9, 11, 15, 16, 17, 20, 21, 24, 26, 29, 32, 41, 42, 52, 54 ], 
  [ 1, 6, 7, 8, 11, 16, 17, 22, 24, 26, 28, 29, 32, 40, 51, 54, 55 ], 
  [ 2, 5, 7, 12, 15, 19, 22, 31, 33, 35, 38, 39, 41, 43, 44, 50, 55, 56 ], 
  [ 2, 5, 7, 9, 15, 20, 24, 31, 33, 35, 38, 39, 41, 44, 45, 51, 52, 56 ], 
  [ 1, 2, 5, 9, 11, 13, 15, 18, 26, 33, 34, 39, 41, 43, 45, 49, 52, 56 ], 
  [ 1, 5, 8, 11, 15, 18, 19, 26, 33, 34, 39, 41, 43, 49, 52, 54, 55, 56 ], 
  [ 1, 2, 5, 8, 9, 11, 13, 15, 18, 19, 26, 33, 41, 43, 49, 52, 54, 56 ], 
  [ 1, 2, 5, 9, 11, 12, 13, 15, 18, 19, 25, 26, 31, 33, 41, 43, 49, 56 ], 
  [ 1, 3, 5, 10, 11, 14, 15, 20, 23, 25, 26, 31, 33, 41, 42, 46, 48, 49 ], 
  [ 1, 6, 8, 10, 11, 16, 17, 19, 22, 26, 28, 29, 32, 40, 43, 50, 54, 55 ], 
  [ 1, 6, 8, 9, 11, 16, 17, 20, 24, 26, 28, 29, 32, 40, 42, 51, 52, 54 ], 
  [ 33, 34, 35, 36, 37, 38, 39, 40, 41, 42, 44, 45, 46, 48, 49, 51, 52, 53, 54, 56 ], 
  [ 10, 12, 19, 22, 33, 35, 37, 38, 41, 43, 44, 46, 47, 48, 49, 50, 53, 54, 55, 56 ], 
  [ 9, 14, 20, 24, 33, 35, 37, 38, 41, 42, 44, 45, 46, 48, 49, 51, 52, 53, 54, 56 ], 
  [ 10, 12, 19, 22, 25, 27, 31, 32, 33, 35, 37, 38, 41, 44, 46, 48, 49, 53, 54, 56 ], 
  [ 11, 13, 15, 16, 17, 18, 21, 23, 26, 28, 29, 30, 34, 36, 39, 40, 43, 47, 50, 55 ], 
  [ 10, 11, 12, 13, 15, 16, 17, 18, 19, 21, 22, 23, 26, 28, 29, 30, 43, 47, 50, 55 ], 
  [ 9, 11, 13, 14, 15, 16, 17, 18, 20, 21, 23, 24, 26, 28, 29, 30, 42, 45, 51, 52 ], 
  [ 9, 11, 13, 14, 15, 16, 17, 18, 20, 21, 23, 24, 25, 26, 27, 28, 29, 30, 31, 32 ], 
  [ 1, 2, 9, 11, 13, 33, 34, 35, 36, 39, 40, 41, 42, 43, 44, 45, 49, 51, 52, 53, 54, 56 ], 
  [ 1, 2, 9, 10, 11, 12, 13, 19, 22, 25, 27, 31, 32, 33, 35, 41, 43, 44, 49, 53, 54, 56 ], 
  [ 5, 8, 11, 13, 15, 16, 18, 19, 21, 26, 29, 34, 36, 39, 40, 43, 47, 49, 50, 52, 54, 55 ], 
  [ 5, 8, 9, 11, 13, 14, 15, 16, 18, 19, 20, 21, 24, 25, 26, 27, 29, 31, 32, 49, 52, 54 ], 
  [ 3, 4, 5, 6, 14, 20, 33, 34, 35, 36, 37, 38, 39, 40, 42, 45, 46, 47, 48, 49, 50, 51, 52, 53 ], 
  [ 11, 13, 15, 16, 17, 18, 21, 23, 34, 36, 39, 40, 41, 42, 44, 45, 46, 48, 49, 51, 52, 53, 54, 56 ], 
  [ 11, 13, 15, 16, 17, 18, 21, 23, 34, 36, 39, 40, 41, 43, 44, 46, 47, 48, 49, 50, 53, 54, 55, 56 ], 
  [ 10, 11, 12, 13, 15, 16, 17, 18, 19, 21, 22, 23, 41, 43, 44, 46, 47, 48, 49, 50, 53, 54, 55, 56 ], 
  [ 9, 11, 13, 14, 15, 16, 17, 18, 20, 21, 23, 24, 41, 42, 44, 45, 46, 48, 49, 51, 52, 53, 54, 56 ], 
  [ 3, 4, 5, 6, 10, 12, 14, 19, 20, 22, 25, 27, 31, 32, 33, 35, 37, 38, 46, 47, 48, 49, 50, 53 ], 
  [ 10, 11, 12, 13, 15, 16, 17, 18, 19, 21, 22, 23, 25, 27, 31, 32, 41, 44, 46, 48, 49, 53, 54, 56 ], 
  [ 9, 11, 13, 14, 15, 16, 17, 18, 20, 21, 23, 24, 25, 27, 31, 32, 41, 44, 46, 48, 49, 53, 54, 56 ], 
  [ 2, 4, 5, 8, 12, 13, 15, 18, 19, 21, 26, 28, 29, 30, 34, 36, 39, 40, 43, 45, 47, 50, 52, 55 ], 
  [ 2, 4, 5, 8, 9, 12, 13, 14, 15, 18, 19, 20, 21, 24, 25, 26, 27, 28, 29, 30, 31, 32, 45, 52 ], 
  [ 2, 3, 4, 5, 6, 8, 12, 13, 14, 19, 20, 21, 27, 28, 29, 32, 35, 36, 37, 40, 45, 46, 47, 50, 52, 53 ], 
  [ 1, 2, 5, 6, 9, 11, 13, 15, 17, 20, 26, 28, 33, 34, 35, 36, 39, 40, 41, 42, 43, 44, 45, 49, 50, 51, 52, 53 ], 
  [ 1, 2, 5, 6, 9, 10, 11, 12, 13, 15, 17, 19, 20, 22, 25, 26, 27, 28, 31, 32, 33, 35, 41, 43, 44, 49, 50, 53 ], 
  [ 1, 3, 5, 8, 10, 11, 15, 16, 19, 21, 26, 29, 33, 34, 36, 37, 39, 40, 41, 42, 43, 46, 47, 49, 50, 52, 54, 55 ], 
  [ 1, 3, 5, 8, 9, 10, 11, 14, 15, 16, 19, 20, 21, 24, 25, 26, 27, 29, 31, 32, 33, 37, 41, 42, 46, 49, 52, 54 ], 
  [ 2, 3, 6, 8, 10, 12, 13, 16, 17, 19, 21, 22, 27, 28, 29, 32, 35, 36, 37, 40, 43, 44, 46, 47, 50, 53, 54, 55 ], 
  [ 2, 3, 6, 8, 9, 13, 14, 16, 17, 20, 21, 24, 27, 28, 29, 32, 35, 36, 37, 40, 42, 44, 45, 46, 51, 52, 53, 54 ], 
  [ 2, 4, 5, 8, 12, 13, 15, 18, 19, 21, 33, 34, 35, 36, 37, 38, 39, 40, 41, 43, 44, 45, 46, 47, 48, 49, 50, 52, 53, 54, 55, 56 ],
  [ 5, 6, 7, 8, 15, 17, 19, 20, 21, 22, 23, 24, 31, 32, 33, 35, 37, 38, 39, 40, 41, 44, 46, 48, 49, 50, 51, 52, 53, 54, 55, 56 ],
  [ 2, 4, 5, 8, 9, 12, 13, 14, 15, 18, 19, 20, 21, 24, 25, 27, 31, 32, 33, 35, 37, 38, 41, 44, 45, 46, 48, 49, 52, 53, 54, 56 ], 
  [ 3, 4, 5, 6, 11, 13, 14, 15, 16, 17, 18, 20, 21, 23, 26, 28, 29, 30, 34, 36, 39, 40, 42, 45, 46, 47, 48, 49, 50, 51, 52, 53 ],
  [ 5, 6, 7, 8, 11, 13, 15, 16, 17, 18, 19, 20, 21, 22, 23, 24, 26, 28, 29, 30, 31, 32, 39, 40, 49, 50, 51, 52, 53, 54, 55, 56 ],
  [ 3, 4, 5, 6, 10, 11, 12, 13, 14, 15, 16, 17, 18, 19, 20, 21, 22, 23, 25, 26, 27, 28, 29, 30, 31, 32, 46, 47, 48, 49, 50, 53 ],
  [ 1, 2, 5, 6, 7, 8, 9, 11, 13, 15, 17, 19, 20, 22, 24, 26, 28, 31, 32, 33, 35, 39, 40, 41, 43, 44, 49, 50, 51, 52, 53, 54, 55, 
      56 ], [ 1, 3, 5, 6, 7, 8, 10, 11, 15, 16, 17, 19, 20, 21, 22, 23, 24, 26, 29, 31, 32, 33, 37, 39, 40, 41, 42, 46, 49, 50, 
      51, 52, 54, 55 ], [ 1, 2, 3, 5, 6, 8, 9, 10, 11, 13, 15, 16, 17, 19, 20, 21, 26, 27, 28, 29, 32, 33, 35, 36, 37, 40, 41, 
      42, 43, 44, 46, 49, 50, 52, 53, 54 ], [ 1, 2, 3, 4, 5, 6, 7, 8, 9, 10, 11, 12, 13, 14, 16, 18, 19, 20, 22, 24, 25, 26, 27, 
      28, 29, 30, 31, 32, 33, 34, 35, 36, 37, 38, 39, 40, 42, 43, 45, 47, 49, 50, 51, 52, 53, 54, 55, 56 ] ];
