return [ [ 1, 2, 5, 6, 22, 33, 34, 43, 45, 46, 47, 51 ], [ 1, 2, 4, 5, 6, 8, 11, 36, 38, 45, 47, 48, 49 ], 
  [ 2, 5, 6, 7, 8, 9, 11, 36, 38, 45, 47, 48, 49 ], [ 1, 2, 3, 5, 6, 22, 33, 34, 44, 45, 46, 47, 51 ], 
  [ 2, 3, 5, 6, 7, 9, 12, 14, 34, 44, 45, 46, 47, 51 ], [ 4, 15, 16, 17, 19, 24, 25, 36, 37, 39, 42, 48, 49, 50, 52 ], 
  [ 1, 2, 3, 5, 6, 21, 22, 29, 32, 33, 35, 36, 39, 41, 44, 45, 47 ], 
  [ 1, 2, 3, 4, 15, 16, 18, 20, 23, 25, 26, 28, 31, 35, 37, 39, 40, 41, 42, 44, 46, 48, 50, 52 ], 
  [ 3, 4, 8, 11, 12, 14, 15, 16, 17, 19, 24, 25, 26, 27, 29, 32, 33, 35, 36, 39, 41, 44, 49, 50, 51, 52 ], 
  [ 3, 4, 8, 11, 12, 14, 15, 16, 17, 19, 24, 25, 26, 27, 30, 31, 34, 37, 38, 40, 42, 43, 49, 50, 51, 52 ], 
  [ 2, 3, 4, 7, 8, 9, 11, 12, 14, 15, 16, 17, 18, 19, 20, 23, 24, 25, 26, 27, 28, 35, 38, 39, 40, 41, 42, 43, 44, 49, 50, 51, 52 
     ], [ 2, 4, 7, 8, 9, 11, 17, 18, 19, 20, 23, 24, 27, 28, 29, 32, 33, 35, 36, 38, 39, 40, 41, 42, 43, 44, 45, 46, 47, 48, 49, 
      50, 51, 52 ], [ 1, 4, 10, 13, 15, 16, 17, 18, 19, 20, 21, 22, 23, 24, 25, 26, 27, 28, 29, 31, 32, 33, 35, 36, 37, 39, 40, 
      41, 42, 44, 46, 48, 50, 52 ], [ 2, 3, 7, 9, 12, 14, 15, 16, 18, 20, 23, 25, 26, 28, 30, 31, 34, 35, 37, 38, 39, 40, 41, 
      42, 43, 44, 45, 46, 47, 48, 49, 50, 51, 52 ], [ 1, 2, 3, 4, 5, 6, 7, 8, 9, 10, 11, 12, 13, 14, 15, 16, 17, 18, 19, 20, 22, 
      26, 27, 28, 31, 32, 33, 34, 40, 41, 43, 44, 46, 47, 51, 52 ], 
  [ 1, 2, 3, 4, 5, 6, 7, 8, 9, 10, 11, 12, 13, 14, 15, 16, 17, 18, 19, 20, 29, 32, 33, 35, 36, 39, 41, 44, 45, 46, 47, 48, 49, 
      50, 51, 52 ], [ 1, 2, 3, 4, 5, 6, 7, 8, 9, 10, 11, 12, 13, 14, 15, 16, 17, 18, 19, 20, 21, 22, 23, 24, 25, 26, 27, 28, 29, 
      32, 33, 35, 36, 39, 41, 44 ], [ 1, 2, 3, 4, 5, 6, 7, 8, 9, 10, 11, 12, 13, 14, 15, 16, 17, 18, 19, 20, 30, 31, 34, 37, 38, 
      40, 42, 43, 45, 46, 47, 48, 49, 50, 51, 52 ], [ 1, 2, 3, 4, 5, 6, 7, 8, 9, 10, 11, 12, 13, 14, 15, 16, 17, 18, 19, 20, 21, 
      22, 23, 24, 25, 26, 27, 28, 30, 31, 32, 34, 36, 37, 38, 39, 40, 41, 42, 43, 47, 48, 49, 52 ], 
  [ 1, 2, 3, 4, 5, 7, 8, 10, 12, 15, 17, 18, 21, 22, 23, 24, 25, 26, 27, 28, 29, 30, 31, 32, 33, 34, 35, 36, 37, 38, 39, 40, 41, 
      42, 43, 44, 45, 46, 47, 48, 49, 50, 51, 52 ], [ 5, 6, 7, 8, 9, 10, 11, 12, 13, 14, 15, 16, 17, 18, 19, 20, 21, 22, 23, 24, 
      25, 26, 27, 28, 29, 30, 31, 32, 33, 34, 35, 36, 37, 38, 39, 40, 41, 42, 43, 44, 45, 46, 47, 48, 49, 50, 51, 52 ] ];
