return rec(
  EXT := [ [ 1, 0, 0, 0, 0, 0, 0, 1, 1, 0, 0, 0, 0, 0, 0 ], [ 1, 1, 0, 1, 1, 0, 0, 1, 1, 1, 0, 0, 0, 0, 0 ], 
      [ 1, 1, 0, 0, 1, 1, 0, 0, 0, 0, 0, 0, 1, 1, 0 ], [ 1, 1, 0, 0, 1, 0, 1, 1, 1, 0, 0, 0, 1, 0, 0 ], 
      [ 1, 0, 1, 1, 0, 1, 0, 1, 0, 1, 0, 0, 1, 1, 0 ], [ 1, 0, 0, 1, 0, 0, 1, 1, 1, 1, 0, 0, 1, 0, 0 ], 
      [ 1, 0, 0, 0, 0, 0, 0, 1, 1, 0, 0, 1, 0, 1, 0 ], [ 1, 0, 1, 0, 0, 1, 0, 1, 1, 0, 0, 0, 1, 1, 1 ], 
      [ 1, 1, 0, 1, 1, 1, 0, 0, 0, 1, 0, 1, 1, 1, 0 ], [ 1, 1, 0, 1, 1, 0, 0, 1, 1, 1, 0, 1, 0, 1, 0 ], 
      [ 1, 1, 0, 1, 1, 1, 0, 0, 1, 1, 0, 0, 1, 1, 1 ], [ 1, 0, 0, 1, 0, 0, 1, 1, 1, 1, 0, 1, 1, 1, 0 ], 
      [ 1, 0, 1, 0, 0, 1, 0, 1, 0, 0, 0, 1, 1, 1, 0 ], [ 1, 1, 0, 0, 1, 1, 0, 0, 1, 0, 0, 1, 1, 1, 1 ], 
      [ 1, 1, 0, 0, 1, 0, 1, 1, 1, 0, 0, 1, 1, 1, 0 ], [ 1, 0, 1, 1, 0, 1, 0, 1, 1, 1, 0, 1, 1, 1, 1 ], 
      [ 1, 1, 0, 1, 0, 0, 0, 0, 1, 0, 0, 0, 0, 0, 0 ], [ 1, 1, 1, 1, 0, 0, 0, 1, 1, 0, 0, 0, 0, 0, 0 ], 
      [ 1, 1, 0, 1, 0, 0, 1, 0, 1, 0, 0, 0, 1, 0, 0 ], [ 1, 1, 0, 0, 1, 1, 0, 0, 0, 0, 0, 0, 1, 0, 1 ], 
      [ 1, 1, 1, 1, 0, 0, 1, 1, 1, 0, 0, 0, 1, 0, 0 ], [ 1, 0, 1, 0, 0, 1, 0, 1, 0, 0, 0, 0, 1, 0, 1 ], 
      [ 1, 0, 1, 1, 0, 1, 0, 1, 0, 1, 0, 0, 1, 0, 1 ], [ 1, 1, 0, 0, 1, 1, 0, 0, 0, 0, 0, 0, 1, 1, 1 ], 
      [ 1, 1, 0, 1, 0, 0, 0, 0, 1, 0, 0, 1, 0, 1, 0 ], [ 1, 1, 0, 1, 1, 1, 0, 0, 0, 1, 0, 0, 1, 0, 1 ], 
      [ 1, 0, 1, 0, 0, 1, 0, 1, 0, 0, 0, 0, 1, 1, 1 ], [ 1, 0, 1, 1, 0, 1, 0, 1, 0, 1, 0, 0, 1, 1, 1 ], 
      [ 1, 1, 1, 1, 0, 0, 0, 1, 1, 0, 0, 1, 0, 1, 0 ], [ 1, 1, 0, 1, 0, 0, 1, 0, 1, 0, 0, 1, 1, 1, 0 ], 
      [ 1, 1, 0, 1, 1, 1, 0, 0, 0, 1, 0, 0, 1, 1, 1 ], [ 1, 1, 1, 1, 0, 0, 1, 1, 1, 0, 0, 1, 1, 1, 0 ], 
      [ 1, 1, 0, 1, 1, 1, 1, 0, 1, 0, 0, 0, 1, 1, 0 ], [ 1, 0, 0, 0, 0, 0, 0, 1, 0, 1, 0, 0, 1, 0, 0 ], 
      [ 1, 0, 1, 1, 0, 1, 1, 1, 1, 0, 0, 0, 1, 1, 0 ], [ 1, 1, 0, 0, 1, 0, 0, 1, 0, 1, 0, 0, 1, 0, 0 ], 
      [ 1, 0, 0, 0, 0, 0, 0, 1, 1, 1, 0, 0, 1, 0, 1 ], [ 1, 0, 0, 0, 0, 0, 0, 1, 1, 1, 0, 1, 1, 1, 1 ], 
      [ 1, 0, 1, 1, 0, 1, 0, 1, 1, 0, 0, 0, 0, 1, 0 ], [ 1, 1, 0, 0, 1, 0, 0, 1, 1, 1, 0, 0, 1, 0, 1 ], 
      [ 1, 1, 0, 1, 1, 1, 0, 0, 1, 0, 0, 0, 0, 1, 0 ], [ 1, 1, 0, 0, 1, 0, 0, 1, 1, 1, 0, 1, 1, 1, 1 ], 
      [ 1, 1, 0, 1, 1, 1, 1, 0, 1, 0, 0, 1, 1, 1, 0 ], [ 1, 0, 0, 0, 0, 0, 0, 1, 0, 1, 0, 1, 1, 1, 0 ], 
      [ 1, 0, 1, 1, 0, 1, 1, 1, 1, 0, 0, 1, 1, 1, 0 ], [ 1, 1, 0, 0, 1, 0, 0, 1, 0, 1, 0, 1, 1, 1, 0 ], 
      [ 1, 1, 0, 1, 1, 1, 0, 0, 1, 0, 0, 1, 0, 1, 0 ], [ 1, 0, 1, 1, 0, 1, 0, 1, 1, 0, 0, 1, 0, 1, 0 ], 
      [ 1, 1, 0, 0, 0, 0, 0, 0, 0, 0, 0, 0, 1, 0, 0 ], [ 1, 1, 1, 1, 0, 0, 0, 1, 0, 1, 0, 0, 1, 0, 0 ], 
      [ 1, 1, 0, 1, 1, 1, 1, 0, 0, 0, 0, 0, 1, 0, 0 ], [ 1, 0, 1, 1, 0, 1, 0, 1, 1, 0, 0, 0, 0, 0, 1 ], 
      [ 1, 0, 1, 1, 0, 1, 1, 1, 0, 0, 0, 0, 1, 0, 0 ], [ 1, 1, 1, 0, 0, 0, 0, 1, 1, 0, 0, 0, 1, 0, 1 ], 
      [ 1, 1, 0, 0, 0, 0, 0, 0, 1, 0, 0, 1, 1, 1, 1 ], [ 1, 1, 0, 1, 1, 1, 0, 0, 1, 0, 0, 0, 0, 0, 1 ], 
      [ 1, 1, 0, 1, 0, 0, 0, 0, 1, 1, 0, 0, 1, 0, 1 ], [ 1, 1, 1, 1, 0, 0, 0, 1, 1, 1, 0, 1, 1, 1, 1 ], 
      [ 1, 1, 1, 0, 0, 0, 0, 1, 0, 0, 0, 1, 1, 1, 0 ], [ 1, 1, 0, 1, 0, 0, 0, 0, 0, 1, 0, 1, 1, 1, 0 ], 
      [ 1, 1, 0, 1, 1, 1, 0, 0, 0, 0, 0, 0, 0, 1, 0 ], [ 1, 0, 1, 1, 0, 1, 0, 1, 0, 0, 0, 0, 0, 1, 0 ], 
      [ 1, 1, 0, 1, 1, 1, 1, 0, 1, 0, 0, 0, 1, 1, 1 ], [ 1, 0, 1, 1, 0, 1, 1, 1, 1, 0, 0, 0, 1, 1, 1 ] ],
  Group := Group( [ ( 1, 7)( 2,10)( 3,14)( 4,15)( 5,16)( 6,12)( 8,13)( 9,11)(17,25)(18,29)(19,30)(20,24)(21,32)(22,27)(23,28)
        (26,31)(33,43)(34,38)(35,45)(36,42)(37,44)(39,48)(40,46)(41,47)(49,55)(50,58)(51,63)(52,62)(53,64)(54,59)(56,61)(57,60), 
      ( 1, 2)( 3, 5)( 4, 6)( 7,10)( 8,11)( 9,13)(12,15)(14,16)(17,18)(19,21)(20,23)(22,26)(24,28)(25,29)(27,31)(30,32)(33,35)
        (34,36)(37,40)(38,42)(39,41)(43,45)(44,46)(47,48)(49,50)(51,53)(52,56)(54,57)(55,58)(59,60)(61,62)(63,64), 
      ( 1,12)( 2,15)( 3, 9)( 4,10)( 5,13)( 6, 7)( 8,16)(11,14)(17,30)(18,32)(19,25)(20,31)(21,29)(22,28)(23,27)(24,26)(33,47)
        (34,44)(35,48)(36,46)(37,38)(39,45)(40,42)(41,43)(49,60)(50,59)(51,61)(52,64)(53,62)(54,58)(55,57)(56,63) ] ) );
