return [ [ 2, 3, 5, 7, 8, 9, 10, 11, 13, 14, 15, 16, 22, 23, 25, 26, 27, 28, 30, 31, 33, 35, 37, 39, 41, 44, 45, 46, 47, 49, 51, 
      52, 54, 55, 56, 57, 59, 61, 62, 64, 67, 69, 71, 74, 78, 80, 81, 82, 84, 85, 87, 91, 93, 94, 95, 96, 98, 100, 103, 104, 
      105, 106, 108, 110, 111, 112, 114, 115, 117, 119, 121, 122, 123, 124, 125, 126, 127, 128, 133, 134, 135, 136, 137, 138, 
      140, 141, 143, 146, 147, 149, 150, 152, 154, 156, 158, 159, 160, 161, 162, 163, 165, 166, 167, 168, 169, 170, 171, 172, 
      173, 174, 175, 176, 182, 183, 184, 185, 186, 188, 189, 190, 191, 192, 193, 195, 197, 198, 201, 202, 204, 205, 206, 207, 
      210, 211, 212, 213, 214, 216, 218, 219, 220, 222, 223, 224 ], 
  [ 1, 3, 5, 6, 7, 10, 13, 16, 17, 18, 19, 21, 24, 26, 28, 29, 31, 33, 35, 36, 39, 41, 42, 44, 47, 48, 49, 53, 54, 56, 60, 61, 
      65, 66, 67, 68, 69, 71, 72, 75, 77, 78, 79, 83, 84, 86, 87, 88, 90, 91, 92, 93, 96, 97, 98, 99, 103, 104, 105, 106, 107, 
      109, 111, 112, 113, 114, 115, 116, 117, 118, 119, 120, 121, 122, 123, 124, 125, 126, 127, 128, 129, 130, 132, 133, 135, 
      136, 137, 140, 142, 143, 146, 147, 148, 149, 150, 151, 152, 155, 158, 159, 161, 162, 164, 166, 169, 170, 171, 172, 173, 
      174, 175, 176, 177, 178, 179, 180, 183, 186, 188, 189, 190, 195, 197, 198, 201, 202, 203, 204, 208, 209, 211, 212, 214, 
      219, 220, 224 ], [ 3, 5, 6, 8, 9, 10, 11, 12, 13, 14, 15, 16, 27, 28, 31, 33, 35, 36, 37, 39, 40, 42, 46, 47, 48, 51, 52, 
      55, 56, 57, 58, 59, 60, 61, 62, 63, 81, 82, 84, 90, 92, 94, 95, 96, 99, 103, 104, 106, 108, 109, 110, 112, 119, 124, 125, 
      127, 137, 139, 143, 146, 152, 153, 159, 163, 165, 166, 167, 168, 171, 172, 173, 176, 186, 188, 190, 192, 193, 195, 196, 
      198, 201, 203, 205, 206, 207, 208, 212, 213, 214, 216, 217, 218, 219, 221, 223, 224 ], 
  [ 1, 2, 3, 4, 7, 8, 13, 15, 17, 18, 19, 20, 22, 23, 25, 26, 29, 31, 34, 37, 38, 44, 49, 50, 52, 53, 61, 64, 65, 66, 67, 68, 
      69, 71, 73, 77, 79, 80, 83, 87, 89, 91, 93, 97, 100, 105, 107, 111, 113, 114, 115, 117, 118, 121, 122, 126, 129, 130, 131, 
      133, 134, 136, 138, 141, 143, 144, 145, 146, 149, 151, 154, 156, 158, 162, 171, 172, 177, 178, 179, 181, 182, 185, 186, 
      187, 189, 193, 194, 195, 197, 198, 199, 204, 212, 213, 216, 218 ], 
  [ 3, 5, 8, 9, 10, 13, 14, 15, 17, 22, 24, 26, 27, 28, 31, 33, 34, 35, 37, 42, 43, 44, 45, 46, 47, 50, 51, 52, 53, 54, 56, 59, 
      61, 62, 63, 64, 65, 67, 69, 72, 77, 78, 79, 80, 81, 82, 84, 87, 88, 91, 94, 95, 96, 98, 99, 100, 105, 106, 107, 108, 109, 
      110, 111, 112, 114, 117, 119, 121, 124, 125, 126, 127, 131, 133, 135, 137, 138, 139, 141, 143, 144, 146, 149, 150, 152, 
      153, 154, 156, 159, 161, 163, 165, 166, 167, 168, 171, 172, 173, 175, 176, 179, 183, 185, 186, 187, 188, 190, 191, 192, 
      193, 195, 197, 198, 201, 205, 206, 207, 208, 210, 212, 213, 214, 216, 217, 218, 219, 220, 223 ], 
  [ 31, 35, 37, 52, 60, 61, 109, 112, 133, 149, 152, 176, 188, 190, 195 ], 
  [ 3, 19, 37, 39, 58, 84, 143, 192, 193, 195, 198, 216, 218, 221 ], 
  [ 18, 21, 28, 29, 30, 31, 32, 33, 35, 41, 46, 47, 48, 59, 60, 61, 68, 71, 83, 90, 92, 93, 103, 104, 132, 135, 137, 140, 147, 
      148, 150, 155, 159, 161, 164, 166, 170, 173, 174, 175, 178, 186, 189, 201, 203, 212, 214, 224 ], 
  [ 18, 20, 23, 27, 29, 31, 35, 37, 40, 47, 48, 51, 52, 55, 60, 61, 68, 70, 71, 74, 76, 81, 82, 83, 85, 90, 92, 93, 94, 95, 103, 
      104, 130, 133, 134, 138, 142, 145, 149, 152, 156, 157, 158, 160, 165, 168, 169, 176, 180, 183, 184, 190, 191, 200, 202, 
      205, 209, 210, 211, 215, 219, 220, 222, 223 ], [ 3, 31, 35, 37, 60, 61, 109, 143, 179, 188, 195, 198, 217, 218 ], 
  [ 6, 12, 31, 35, 40, 47, 48, 60, 61, 90, 92, 99, 109, 129, 143, 146, 151, 171, 172, 177, 194, 195, 198, 203, 208, 213, 217, 
      218 ], [ 12, 31, 35, 37, 40, 52, 60, 61, 90, 109, 194, 195, 217, 218 ], 
  [ 12, 31, 35, 37, 40, 52, 60, 61, 90, 109, 138, 145, 156, 157, 165, 168, 194, 205, 215, 217, 218 ], 
  [ 19, 25, 36, 38, 39, 49, 57, 58, 66, 69, 73, 75, 80, 84, 86, 89, 96, 97, 100, 101, 102, 105, 108, 110, 129, 136, 143, 146, 
      151, 162, 171, 172, 178, 181, 186, 189, 192, 193, 196, 199, 201, 203, 207, 212, 214, 216, 221, 224 ], 
  [ 19, 20, 23, 25, 27, 36, 37, 38, 39, 40, 49, 51, 52, 55, 57, 58, 66, 69, 73, 75, 80, 84, 86, 89, 96, 97, 100, 101, 102, 105, 
      108, 110, 130, 133, 134, 138, 142, 145, 149, 152, 156, 157, 158, 160, 165, 168, 169, 176, 177, 181, 182, 192, 193, 194, 
      195, 196, 198, 199, 204, 207, 213, 216, 218, 221 ], [ 18, 20, 23, 27, 29, 31, 35, 37, 40, 47, 48, 51, 52, 55, 60, 61, 65, 
      67, 72, 77, 78, 79, 87, 88, 91, 98, 99, 106, 107, 109, 111, 112, 130, 133, 134, 138, 142, 145, 149, 152, 156, 157, 158, 
      160, 165, 168, 169, 176, 177, 179, 182, 185, 187, 188, 194, 195, 197, 198, 204, 206, 208, 213, 217, 218 ], 
  [ 1, 3, 17, 19, 20, 24, 26, 37, 44, 53, 56, 66, 69, 75, 84, 97, 105, 129, 130, 131, 139, 141, 143, 144, 149, 154, 167, 177, 
      179, 181, 192, 193, 194, 195, 198, 199, 204, 216, 218, 221 ], 
  [ 3, 12, 19, 37, 40, 58, 84, 129, 139, 143, 177, 192, 193, 194, 195, 198, 216, 218, 221 ], 
  [ 2, 8, 18, 25, 29, 30, 31, 32, 33, 35, 41, 46, 59, 60, 61, 68, 71, 74, 81, 83, 90, 93, 104, 161, 170, 173, 174, 184, 185, 
      189, 205, 212 ], [ 3, 12, 31, 35, 37, 40, 60, 61, 90, 109, 129, 143, 177, 179, 194, 195, 198, 217, 218 ], 
  [ 12, 13, 31, 33, 40, 52, 60, 61, 70, 81, 90, 109, 164, 173, 190, 205, 209, 215, 219 ], 
  [ 3, 16, 37, 39, 56, 84, 143, 167, 192, 193, 195, 198, 204, 216, 218, 221 ], 
  [ 13, 16, 33, 39, 52, 56, 81, 84, 173, 190, 193, 202, 205, 216, 219, 221 ], 
  [ 12, 13, 33, 40, 52, 53, 63, 70, 81, 84, 139, 164, 173, 190, 193, 205, 209, 215, 216, 219, 221 ], 
  [ 13, 33, 52, 53, 56, 63, 81, 84, 139, 173, 190, 193, 205, 216, 219, 221 ], 
  [ 3, 19, 28, 33, 39, 58, 59, 82, 84, 166, 186, 190, 192, 193, 216, 221 ], 
  [ 18, 21, 28, 29, 30, 31, 32, 33, 35, 41, 46, 47, 48, 59, 60, 61, 68, 70, 71, 74, 76, 81, 82, 83, 85, 90, 92, 93, 94, 95, 103, 
      104, 132, 135, 137, 140, 147, 148, 150, 155, 159, 161, 164, 166, 170, 173, 174, 175, 180, 183, 184, 190, 191, 200, 202, 
      205, 209, 210, 211, 215, 219, 220, 222, 223 ], [ 3, 12, 13, 16, 37, 40, 52, 53, 56, 60, 70, 109, 130, 139, 179, 188, 190, 
      195, 221 ], [ 3, 28, 31, 33, 35, 59, 60, 61, 82, 109, 166, 179, 186, 188, 190, 217 ], 
  [ 3, 12, 37, 40, 53, 56, 63, 84, 109, 129, 139, 143, 177, 193, 194, 195, 198, 216, 218, 221 ], 
  [ 3, 12, 13, 31, 33, 60, 61, 90, 109, 164, 166, 173, 186, 190, 203, 212 ], 
  [ 12, 31, 32, 33, 35, 59, 60, 61, 90, 109, 164, 166, 173, 186, 203, 212, 217 ], 
  [ 12, 31, 35, 37, 40, 52, 60, 61, 70, 81, 82, 90, 109, 190, 205, 215, 217 ], 
  [ 16, 39, 56, 84, 110, 136, 143, 146, 167, 186, 192, 193, 212, 216, 221, 224 ], 
  [ 16, 37, 39, 52, 55, 56, 84, 110, 167, 192, 193, 195, 204, 216, 218, 221 ], 
  [ 17, 20, 22, 23, 24, 26, 27, 34, 37, 40, 42, 43, 44, 45, 50, 51, 52, 53, 54, 55, 56, 62, 63, 64, 66, 69, 73, 75, 80, 84, 86, 
      89, 96, 97, 100, 101, 102, 105, 108, 110, 130, 131, 133, 134, 138, 139, 141, 142, 144, 145, 149, 152, 153, 154, 156, 157, 
      158, 160, 163, 165, 167, 168, 169, 176, 177, 181, 182, 192, 193, 194, 195, 196, 198, 199, 204, 207, 213, 216, 218, 221 ], 
  [ 3, 6, 13, 16, 26, 31, 37, 40, 42, 48, 52, 53, 55, 56, 60, 61, 79, 91, 99, 106, 107, 109, 111, 112, 130, 133, 142, 149, 152, 
      158, 169, 176, 177, 179, 188, 190, 195, 197, 198, 202, 204, 208, 209, 219 ], 
  [ 18, 20, 23, 27, 29, 31, 35, 37, 40, 47, 48, 51, 52, 55, 60, 61, 65, 67, 70, 72, 74, 76, 77, 78, 79, 81, 82, 85, 87, 88, 91, 
      94, 95, 98, 99, 106, 107, 109, 111, 112, 130, 133, 134, 138, 142, 145, 149, 152, 156, 157, 158, 160, 165, 168, 169, 176, 
      179, 180, 183, 184, 185, 187, 188, 190, 191, 197, 200, 202, 205, 206, 208, 209, 210, 211, 215, 217, 219, 220, 222, 223 ], 
  [ 8, 31, 35, 52, 60, 61, 90, 104, 112, 119, 146, 156, 165, 195, 205, 213, 218 ], 
  [ 18, 29, 31, 35, 47, 48, 60, 61, 65, 67, 68, 71, 72, 77, 78, 79, 83, 87, 88, 90, 91, 92, 93, 98, 99, 103, 104, 106, 107, 109, 
      111, 112, 113, 114, 115, 116, 117, 118, 119, 120, 121, 122, 123, 124, 125, 126, 127, 128, 130, 132, 133, 134, 135, 137, 
      138, 140, 142, 145, 147, 148, 149, 150, 152, 155, 156, 157, 158, 159, 160, 161, 164, 165, 166, 168, 169, 170, 173, 174, 
      175, 176, 180, 183, 184, 190, 191, 200, 202, 205, 209, 210, 211, 215, 219, 220, 222, 223 ], 
  [ 18, 29, 31, 35, 47, 48, 60, 61, 65, 67, 68, 71, 72, 77, 78, 79, 83, 87, 88, 90, 91, 92, 93, 98, 99, 103, 104, 106, 107, 109, 
      111, 112, 113, 114, 115, 116, 117, 118, 119, 120, 121, 122, 123, 124, 125, 126, 127, 128, 129, 130, 133, 134, 136, 138, 
      142, 143, 145, 146, 149, 151, 152, 156, 157, 158, 160, 162, 165, 168, 169, 171, 172, 176, 177, 182, 194, 195, 198, 204, 
      213, 218 ], [ 1, 3, 17, 19, 21, 24, 26, 28, 32, 33, 41, 44, 53, 56, 59, 66, 69, 70, 75, 82, 84, 97, 105, 131, 139, 141, 
      144, 148, 154, 164, 166, 167, 175, 178, 179, 180, 181, 186, 190, 192, 193, 199, 216, 221 ], 
  [ 3, 12, 19, 21, 28, 32, 33, 58, 59, 70, 82, 84, 139, 164, 166, 186, 190, 192, 193, 203, 216, 221 ], 
  [ 12, 13, 19, 33, 39, 40, 52, 58, 70, 81, 84, 90, 164, 173, 190, 193, 205, 209, 215, 216, 219, 221 ], 
  [ 3, 12, 13, 37, 40, 52, 53, 56, 63, 84, 109, 139, 190, 193, 195, 216, 221 ], 
  [ 3, 12, 21, 28, 31, 32, 33, 35, 59, 60, 61, 70, 82, 90, 109, 164, 166, 179, 186, 190, 203, 217 ], 
  [ 3, 16, 28, 33, 39, 41, 56, 59, 82, 84, 166, 167, 186, 190, 192, 193, 216, 221 ], 
  [ 3, 12, 13, 19, 33, 39, 58, 84, 90, 164, 166, 173, 186, 190, 193, 203, 212, 216, 221 ], 
  [ 3, 12, 13, 53, 56, 63, 84, 109, 129, 139, 143, 146, 186, 193, 195, 203, 212, 216, 221 ], 
  [ 16, 33, 39, 41, 56, 59, 84, 110, 166, 167, 173, 174, 186, 192, 193, 212, 216, 221, 224 ], 
  [ 16, 37, 39, 52, 55, 56, 74, 81, 82, 84, 110, 167, 190, 192, 193, 202, 205, 216, 221 ], 
  [ 17, 20, 22, 23, 24, 26, 27, 34, 37, 40, 42, 43, 44, 45, 50, 51, 52, 53, 54, 55, 56, 62, 63, 64, 66, 69, 70, 73, 74, 75, 76, 
      80, 81, 82, 84, 85, 86, 89, 94, 95, 96, 97, 100, 101, 102, 105, 108, 110, 130, 131, 133, 134, 138, 139, 141, 142, 144, 
      145, 149, 152, 153, 154, 156, 157, 158, 160, 163, 165, 167, 168, 169, 176, 180, 181, 183, 184, 190, 191, 192, 193, 196, 
      199, 200, 202, 205, 207, 209, 210, 211, 215, 216, 219, 220, 221, 222, 223 ], 
  [ 31, 35, 37, 52, 60, 61, 90, 104, 109, 112, 119, 127, 133, 138, 149, 152, 156, 165, 168, 176, 190, 195, 205, 218 ], 
  [ 3, 12, 13, 33, 53, 56, 63, 84, 109, 139, 164, 166, 173, 186, 190, 193, 203, 212, 216, 221 ], 
  [ 3, 12, 13, 16, 33, 39, 56, 60, 84, 90, 109, 164, 166, 173, 186, 190, 203, 212, 221 ], 
  [ 8, 12, 31, 35, 52, 60, 61, 63, 90, 109, 112, 119, 146, 156, 165, 194, 195, 205, 213, 217, 218 ], 
  [ 3, 5, 12, 13, 16, 33, 37, 39, 40, 52, 60, 70, 81, 82, 90, 139, 188, 190, 195, 221 ], 
  [ 17, 21, 22, 24, 26, 28, 30, 32, 33, 34, 41, 42, 43, 44, 45, 46, 50, 53, 54, 56, 59, 62, 63, 64, 66, 69, 70, 73, 74, 75, 76, 
      80, 81, 82, 84, 85, 86, 89, 94, 95, 96, 97, 100, 101, 102, 105, 108, 110, 131, 132, 135, 137, 139, 140, 141, 144, 147, 
      148, 150, 153, 154, 155, 159, 161, 163, 164, 166, 167, 170, 173, 174, 175, 180, 181, 183, 184, 190, 191, 192, 193, 196, 
      199, 200, 202, 205, 207, 209, 210, 211, 215, 216, 219, 220, 221, 222, 223 ], 
  [ 5, 13, 31, 33, 35, 52, 60, 61, 81, 90, 109, 112, 119, 133, 152, 173, 183, 188, 190, 195, 205, 219 ], 
  [ 3, 5, 12, 13, 19, 33, 39, 58, 84, 90, 129, 139, 143, 146, 186, 192, 193, 195, 203, 212, 216, 221 ], 
  [ 1, 3, 5, 6, 7, 10, 13, 16, 18, 19, 20, 21, 23, 27, 28, 29, 31, 33, 35, 36, 37, 39, 40, 41, 47, 48, 49, 51, 52, 55, 60, 61, 
      68, 70, 71, 74, 76, 81, 82, 83, 85, 90, 92, 93, 94, 95, 103, 104, 130, 133, 142, 149, 152, 158, 169, 176, 177, 179, 180, 
      183, 188, 190, 195, 197, 198, 202, 204, 208, 209, 211, 219, 220 ], 
  [ 3, 5, 12, 13, 31, 33, 35, 60, 61, 90, 109, 129, 139, 143, 146, 179, 186, 188, 195, 203, 212, 217 ], 
  [ 3, 5, 12, 13, 19, 33, 37, 39, 40, 52, 58, 70, 81, 82, 84, 90, 139, 190, 192, 193, 195, 216, 221 ], 
  [ 3, 5, 12, 13, 31, 33, 35, 37, 40, 52, 60, 61, 70, 81, 82, 90, 109, 139, 179, 188, 190, 195, 217 ], 
  [ 3, 5, 12, 13, 16, 33, 39, 56, 60, 84, 90, 109, 129, 139, 143, 146, 186, 188, 195, 203, 212, 221 ], 
  [ 5, 13, 16, 31, 33, 35, 39, 52, 60, 61, 81, 90, 104, 112, 119, 133, 152, 173, 183, 188, 190, 195, 202, 205, 219 ], 
  [ 1, 3, 5, 6, 7, 10, 13, 16, 17, 19, 20, 21, 23, 24, 26, 27, 28, 33, 36, 37, 39, 40, 41, 42, 44, 49, 51, 52, 53, 54, 55, 56, 
      66, 69, 70, 74, 75, 76, 81, 82, 84, 85, 86, 94, 95, 96, 97, 105, 130, 131, 133, 139, 141, 142, 144, 149, 152, 153, 154, 
      158, 163, 167, 169, 176, 177, 179, 180, 181, 183, 188, 190, 192, 193, 195, 196, 197, 198, 199, 202, 204, 207, 208, 209, 
      211, 216, 219, 220, 221 ], [ 1, 4, 5, 6, 8, 9, 12, 13, 17, 19, 20, 21, 24, 25, 27, 32, 33, 34, 36, 38, 39, 40, 42, 43, 46, 
      49, 50, 52, 53, 57, 58, 63, 66, 68, 69, 70, 73, 75, 76, 80, 81, 83, 84, 86, 89, 90, 92, 94, 96, 97, 100, 101, 102, 105, 
      108, 110, 113, 114, 116, 118, 119, 120, 121, 124, 129, 130, 131, 132, 133, 135, 139, 142, 144, 145, 146, 148, 151, 152, 
      153, 155, 156, 157, 159, 161, 164, 165, 171, 173, 177, 178, 180, 181, 183, 192, 193, 194, 195, 196, 199, 200, 201, 203, 
      205, 207, 209, 210, 212, 213, 215, 216, 219, 221 ], [ 1, 3, 5, 6, 8, 12, 13, 16, 17, 19, 21, 24, 26, 31, 33, 39, 40, 42, 
      50, 52, 53, 56, 60, 63, 66, 68, 69, 70, 75, 79, 81, 84, 90, 91, 109, 112, 113, 114, 116, 119, 129, 130, 131, 133, 139, 
      142, 146, 152, 155, 159, 164, 173, 177, 179, 180, 183, 188, 190, 193, 195, 202, 203, 205, 209, 212, 215, 219, 221 ], 
  [ 1, 2, 3, 4, 5, 6, 7, 8, 9, 10, 11, 12, 13, 14, 15, 16, 18, 19, 20, 21, 23, 25, 27, 28, 29, 30, 31, 32, 33, 35, 36, 37, 38, 
      39, 40, 41, 46, 47, 48, 49, 51, 52, 55, 57, 58, 59, 60, 61, 68, 70, 71, 74, 76, 81, 82, 83, 85, 90, 92, 93, 94, 95, 103, 
      104, 129, 131, 136, 139, 141, 143, 144, 146, 151, 153, 154, 162, 163, 167, 171, 172, 177, 178, 179, 181, 182, 185, 186, 
      187, 188, 189, 192, 193, 194, 195, 196, 197, 198, 199, 201, 203, 204, 206, 207, 208, 212, 213, 214, 216, 217, 218, 221, 
      224 ], [ 31, 35, 37, 40, 52, 60, 61, 109, 130, 133, 142, 149, 152, 176, 179, 188, 190, 195 ], 
  [ 3, 19, 36, 37, 39, 40, 58, 84, 192, 193, 195, 198, 216, 221 ], [ 3, 19, 36, 39, 58, 84, 143, 192, 193, 195, 198, 216, 221 ], 
  [ 3, 19, 36, 39, 58, 84, 143, 192, 193, 195, 203, 216, 221 ], 
  [ 3, 6, 12, 19, 36, 40, 58, 84, 129, 139, 143, 177, 192, 193, 195, 198, 203, 216, 221 ], 
  [ 3, 5, 13, 19, 33, 36, 39, 58, 84, 90, 143, 146, 186, 192, 193, 195, 203, 212, 216 ], 
  [ 3, 19, 36, 39, 58, 84, 143, 186, 192, 193, 203, 216, 221 ], 
  [ 3, 5, 6, 12, 13, 19, 33, 36, 39, 40, 58, 84, 90, 139, 192, 193, 195, 203, 216, 221 ], 
  [ 19, 36, 39, 58, 84, 129, 143, 146, 192, 193, 195, 203, 216, 221 ], 
  [ 3, 19, 28, 33, 36, 39, 58, 84, 186, 192, 193, 203, 216, 221 ], 
  [ 36, 39, 58, 84, 129, 143, 146, 151, 171, 172, 192, 195, 203, 216, 221 ], 
  [ 31, 35, 37, 40, 52, 60, 61, 90, 109, 130, 133, 138, 142, 145, 149, 152, 156, 157, 165, 168, 176, 194, 195, 218 ], 
  [ 12, 31, 35, 40, 52, 60, 61, 90, 109, 165, 194, 195, 213, 217, 218 ], 
  [ 5, 13, 31, 33, 35, 40, 52, 60, 61, 70, 81, 90, 109, 130, 133, 142, 152, 179, 180, 183, 188, 190, 195, 209, 219 ], 
  [ 3, 31, 35, 37, 40, 60, 61, 109, 176, 179, 188, 190, 195, 198, 208 ], 
  [ 31, 35, 40, 60, 61, 109, 142, 152, 176, 179, 188, 190, 195, 208 ], 
  [ 31, 35, 37, 40, 52, 60, 61, 90, 109, 130, 133, 142, 149, 152, 176, 190, 195 ], 
  [ 31, 35, 37, 40, 52, 61, 109, 152, 176, 179, 188, 190, 195, 208 ], 
  [ 6, 31, 35, 40, 60, 61, 90, 109, 142, 152, 176, 190, 195, 208 ], 
  [ 5, 6, 13, 31, 33, 35, 40, 60, 61, 90, 109, 142, 152, 179, 188, 190, 195, 208, 209, 219 ], 
  [ 5, 6, 13, 33, 35, 40, 60, 61, 90, 109, 142, 152, 176, 188, 190, 195, 208, 209, 219 ], 
  [ 3, 5, 13, 19, 33, 36, 37, 39, 40, 52, 58, 81, 82, 84, 90, 190, 192, 193, 195, 216 ], 
  [ 3, 19, 36, 37, 39, 40, 58, 82, 84, 190, 192, 193, 216, 221 ], [ 3, 19, 28, 33, 36, 39, 58, 82, 84, 190, 192, 193, 216, 221 ],
  [ 3, 6, 12, 19, 21, 28, 33, 36, 40, 58, 70, 82, 84, 139, 190, 192, 193, 203, 216, 221 ], 
  [ 3, 28, 31, 60, 109, 143, 179, 186, 188, 203, 208, 214, 217, 224 ], 
  [ 3, 31, 35, 37, 40, 60, 61, 90, 109, 130, 142, 149, 176, 177, 179, 190, 195, 198 ], 
  [ 31, 35, 37, 40, 52, 60, 61, 90, 109, 130, 133, 138, 142, 145, 149, 152, 156, 157, 165, 168, 176, 190, 205, 215 ], 
  [ 5, 13, 31, 33, 35, 40, 52, 61, 81, 109, 152, 179, 188, 190, 195, 208, 219 ], 
  [ 6, 31, 35, 40, 47, 48, 60, 61, 90, 92, 99, 109, 142, 152, 176, 190, 208, 209, 219 ], 
  [ 6, 31, 35, 40, 47, 48, 60, 61, 90, 92, 99, 109, 142, 152, 176, 177, 195, 198, 208 ], 
  [ 3, 6, 31, 35, 40, 60, 61, 90, 109, 142, 176, 177, 179, 190, 195, 198, 208 ], 
  [ 3, 19, 33, 36, 39, 40, 58, 82, 84, 190, 192, 193, 216, 221 ], 
  [ 31, 35, 37, 40, 60, 61, 90, 109, 130, 142, 149, 176, 177, 194, 195, 198, 218 ], 
  [ 31, 35, 40, 47, 48, 60, 61, 90, 92, 99, 109, 142, 152, 157, 165, 168, 176, 177, 194, 195, 198, 213, 218 ], 
  [ 3, 6, 12, 13, 19, 33, 36, 39, 40, 58, 84, 90, 190, 193, 203, 216, 221 ], 
  [ 19, 33, 36, 39, 40, 58, 70, 81, 82, 84, 190, 192, 193, 216, 221 ], 
  [ 19, 33, 36, 39, 40, 58, 70, 81, 84, 190, 193, 209, 216, 219, 221 ], 
  [ 33, 36, 39, 40, 58, 70, 76, 81, 82, 84, 94, 95, 190, 192, 209, 216, 219, 221 ], 
  [ 13, 19, 33, 36, 39, 40, 52, 58, 81, 84, 90, 190, 193, 216, 219 ], 
  [ 12, 40, 52, 60, 61, 63, 109, 112, 165, 194, 195, 213, 217, 218 ], 
  [ 12, 35, 40, 47, 48, 60, 61, 90, 92, 99, 109, 165, 171, 194, 195, 213, 217, 218 ], 
  [ 19, 36, 39, 40, 52, 58, 81, 84, 90, 152, 190, 193, 205, 219 ], 
  [ 3, 5, 6, 13, 19, 33, 36, 39, 40, 52, 81, 84, 90, 152, 190, 193, 195, 219 ], 
  [ 3, 6, 8, 19, 31, 36, 39, 40, 52, 68, 81, 90, 92, 152, 159, 190, 193, 205, 219 ], 
  [ 6, 19, 36, 39, 40, 81, 84, 90, 152, 159, 190, 193, 205, 219 ], 
  [ 3, 5, 6, 19, 33, 36, 39, 81, 84, 90, 152, 159, 190, 193, 219 ], 
  [ 6, 19, 21, 36, 39, 40, 42, 66, 69, 70, 75, 81, 84, 86, 96, 142, 152, 155, 159, 180, 183, 190, 193, 196, 202, 205, 209, 215, 
      219, 221 ], [ 40, 52, 61, 63, 99, 153, 165, 187, 195, 206, 213, 217, 218 ], 
  [ 15, 40, 52, 61, 63, 99, 153, 165, 187, 206, 213, 217, 218 ], 
  [ 27, 40, 52, 61, 99, 153, 165, 187, 195, 206, 208, 213, 217, 218 ], 
  [ 40, 61, 63, 99, 153, 165, 171, 187, 194, 195, 206, 213, 217, 218 ], 
  [ 15, 37, 40, 52, 62, 63, 99, 153, 165, 168, 187, 206, 213, 217, 218, 223 ], 
  [ 9, 12, 15, 40, 61, 63, 99, 153, 165, 171, 187, 194, 206, 213, 217, 218 ], 
  [ 9, 27, 40, 47, 61, 99, 153, 165, 171, 187, 194, 195, 206, 208, 213, 217, 218 ], 
  [ 3, 6, 13, 19, 33, 36, 39, 84, 90, 159, 173, 190, 193, 203, 212, 219 ], 
  [ 3, 5, 6, 13, 19, 33, 36, 39, 84, 90, 146, 152, 159, 193, 195, 212, 219 ], 
  [ 8, 9, 12, 15, 46, 61, 63, 99, 153, 171, 187, 203, 206, 212, 213, 217 ], 
  [ 9, 12, 15, 40, 48, 61, 92, 99, 165, 171, 194, 206, 213, 218 ], 
  [ 9, 12, 40, 47, 48, 61, 92, 99, 165, 171, 194, 206, 213, 217, 218 ], 
  [ 9, 11, 12, 15, 40, 48, 57, 61, 92, 165, 171, 194, 206, 213, 218 ], 
  [ 40, 47, 48, 61, 99, 165, 171, 194, 195, 206, 213, 217, 218 ], [ 40, 47, 48, 61, 99, 171, 194, 195, 206, 208, 213, 217, 218 ],
  [ 12, 31, 35, 37, 40, 60, 61, 82, 90, 109, 168, 190, 205, 215, 217, 223 ], 
  [ 31, 35, 40, 52, 60, 61, 70, 81, 90, 109, 130, 133, 142, 152, 180, 183, 190, 205, 209, 215, 219 ], 
  [ 6, 12, 13, 31, 33, 40, 60, 61, 90, 109, 164, 173, 190, 203, 209, 219 ], 
  [ 31, 35, 40, 47, 48, 60, 61, 90, 92, 99, 109, 142, 152, 157, 165, 168, 176, 190, 205, 209, 215, 219, 223 ], 
  [ 6, 21, 31, 35, 40, 47, 48, 60, 70, 81, 90, 92, 99, 109, 142, 152, 155, 159, 180, 183, 190, 205, 208, 209, 215, 219 ], 
  [ 6, 12, 13, 33, 40, 60, 61, 90, 109, 164, 166, 173, 190, 203, 209, 219 ], 
  [ 6, 13, 33, 40, 60, 61, 90, 109, 166, 176, 190, 209, 219 ], [ 6, 12, 13, 16, 33, 39, 40, 56, 60, 84, 90, 109, 164, 166, 173, 
      190, 203, 209, 219, 221 ], [ 6, 13, 16, 33, 36, 39, 40, 60, 61, 90, 95, 104, 166, 176, 190, 209, 219 ], 
  [ 6, 13, 16, 33, 40, 56, 60, 61, 95, 109, 166, 176, 188, 190, 208, 209, 219 ], 
  [ 6, 13, 16, 33, 39, 40, 56, 60, 84, 90, 109, 166, 176, 190, 209, 219 ], 
  [ 6, 33, 35, 40, 60, 61, 90, 95, 109, 166, 176, 190, 208, 209, 219 ], 
  [ 33, 35, 40, 60, 61, 95, 109, 176, 188, 190, 208, 209, 219 ], 
  [ 33, 35, 60, 61, 95, 109, 166, 176, 188, 190, 208, 209, 219, 220 ], 
  [ 6, 10, 28, 33, 35, 36, 47, 48, 60, 61, 90, 92, 95, 103, 104, 166, 176, 190, 208, 209, 219, 220 ], 
  [ 6, 35, 40, 47, 48, 60, 61, 90, 92, 95, 99, 109, 166, 176, 190, 208, 209, 219, 223 ], 
  [ 35, 47, 48, 60, 61, 95, 99, 106, 109, 112, 166, 176, 188, 190, 208, 219, 220, 223 ], 
  [ 16, 37, 39, 55, 56, 84, 167, 192, 193, 195, 198, 204, 216, 218, 221 ], 
  [ 16, 39, 52, 55, 56, 81, 84, 190, 193, 202, 205, 216, 219, 221 ], 
  [ 16, 39, 52, 55, 56, 81, 84, 152, 190, 193, 202, 205, 219, 221 ], [ 16, 39, 40, 52, 55, 81, 152, 190, 193, 202, 205, 219, 221 
     ], [ 16, 40, 42, 52, 55, 56, 81, 152, 190, 193, 202, 205, 219, 221 ], 
  [ 16, 39, 42, 55, 56, 81, 84, 96, 152, 159, 190, 193, 196, 202, 205, 219, 221 ], 
  [ 3, 6, 8, 16, 31, 39, 40, 52, 55, 81, 152, 159, 190, 193, 202, 205, 219 ], 
  [ 6, 16, 39, 40, 42, 55, 81, 152, 159, 190, 193, 196, 202, 205, 219, 221 ], 
  [ 3, 8, 16, 26, 31, 40, 42, 52, 55, 56, 81, 91, 112, 152, 188, 190, 193, 202, 205 ], 
  [ 16, 40, 42, 52, 55, 56, 81, 112, 152, 188, 190, 202, 205, 219 ], 
  [ 3, 6, 8, 16, 31, 40, 42, 52, 55, 81, 152, 159, 190, 193, 202, 205, 219 ], 
  [ 3, 8, 16, 26, 31, 42, 52, 55, 56, 81, 91, 106, 112, 152, 159, 188, 190, 193, 202, 205, 219 ], 
  [ 16, 31, 40, 42, 52, 55, 81, 112, 152, 188, 190, 202, 205, 219 ], [ 3, 6, 16, 31, 40, 42, 52, 55, 81, 152, 188, 190, 202, 219 
     ], [ 6, 16, 31, 40, 42, 48, 55, 60, 81, 106, 112, 152, 159, 188, 190, 202, 205, 219 ], 
  [ 16, 31, 40, 52, 55, 60, 81, 112, 152, 188, 190, 202, 205, 219 ], 
  [ 31, 40, 42, 52, 55, 81, 91, 106, 112, 152, 188, 190, 202, 205, 219 ], 
  [ 3, 6, 31, 40, 42, 52, 55, 81, 152, 179, 188, 190, 202, 208, 219 ], 
  [ 16, 31, 39, 40, 52, 55, 60, 81, 90, 152, 190, 202, 205, 219 ], 
  [ 31, 40, 42, 52, 55, 81, 91, 106, 152, 179, 188, 190, 202, 208, 219 ], 
  [ 31, 40, 42, 52, 79, 81, 91, 99, 106, 109, 112, 152, 179, 188, 190, 205, 208, 219 ], 
  [ 6, 31, 40, 42, 48, 55, 81, 106, 152, 188, 190, 202, 208, 219 ], 
  [ 3, 26, 31, 42, 52, 55, 81, 91, 106, 152, 179, 188, 190, 202, 208, 219 ], 
  [ 3, 26, 42, 52, 55, 81, 106, 152, 163, 188, 190, 208, 219 ], [ 3, 26, 42, 52, 55, 56, 81, 106, 152, 163, 188, 190, 193, 219 ],
  [ 3, 16, 26, 28, 42, 55, 56, 81, 96, 106, 152, 159, 163, 188, 190, 193, 202, 219 ], 
  [ 31, 39, 40, 52, 55, 68, 81, 90, 92, 152, 190, 202, 205, 219 ], 
  [ 6, 16, 31, 39, 40, 48, 55, 60, 81, 90, 92, 152, 159, 190, 202, 205, 219 ], 
  [ 16, 31, 39, 52, 55, 60, 81, 90, 104, 152, 190, 202, 205, 219 ], 
  [ 3, 6, 8, 19, 31, 36, 39, 40, 52, 55, 68, 81, 92, 152, 159, 190, 193, 202, 205, 219 ], 
  [ 31, 39, 52, 55, 68, 71, 81, 90, 92, 103, 104, 152, 190, 202, 205, 219 ], 
  [ 26, 42, 52, 55, 56, 62, 81, 106, 152, 163, 190, 193, 205, 219 ], 
  [ 16, 31, 39, 48, 55, 60, 81, 90, 92, 103, 104, 152, 159, 190, 202, 205, 219 ], 
  [ 26, 42, 55, 56, 62, 81, 96, 106, 152, 159, 163, 190, 193, 202, 205, 219 ], 
  [ 3, 5, 21, 24, 28, 33, 42, 56, 84, 109, 139, 159, 179, 188, 190, 203 ], 
  [ 3, 5, 6, 21, 28, 31, 33, 42, 81, 109, 139, 159, 179, 188, 190, 203, 208 ], 
  [ 3, 5, 24, 28, 33, 42, 56, 84, 109, 139, 146, 159, 179, 188, 201, 203, 212 ], 
  [ 3, 31, 37, 40, 51, 55, 60, 82, 109, 176, 179, 188, 190, 198, 208, 217 ], 
  [ 16, 36, 39, 40, 55, 95, 166, 176, 190, 209, 216, 219, 221, 223 ], 
  [ 3, 5, 6, 19, 36, 39, 40, 84, 90, 146, 152, 177, 193, 195, 198 ], 
  [ 5, 19, 27, 36, 39, 40, 58, 84, 90, 146, 152, 177, 192, 193, 195, 198, 213 ], 
  [ 9, 15, 46, 59, 61, 63, 99, 153, 171, 173, 187, 201, 203, 206, 212, 217 ], 
  [ 5, 21, 28, 31, 33, 35, 46, 81, 109, 139, 159, 179, 188, 201, 203, 208, 217 ], 
  [ 5, 24, 33, 42, 56, 63, 84, 109, 112, 119, 139, 146, 159, 173, 188, 201, 203, 212 ], 
  [ 19, 27, 36, 39, 40, 52, 58, 90, 152, 193, 195, 198, 213 ], [ 33, 46, 59, 61, 99, 153, 173, 187, 201, 203, 206, 208, 212, 217 
     ], [ 13, 33, 36, 38, 39, 49, 58, 83, 84, 90, 105, 166, 171, 172, 173, 186, 201, 203, 212, 214, 216 ], 
  [ 5, 16, 31, 33, 35, 39, 60, 81, 90, 104, 112, 119, 152, 159, 173, 183, 188, 190, 202, 205, 219 ], 
  [ 31, 35, 47, 48, 60, 81, 90, 92, 103, 104, 152, 159, 183, 190, 202, 205, 219 ], 
  [ 19, 36, 39, 40, 58, 70, 81, 84, 90, 142, 152, 180, 183, 190, 205, 209, 215, 219 ], 
  [ 19, 39, 40, 52, 58, 70, 81, 84, 90, 130, 133, 142, 152, 180, 183, 190, 205, 209, 215, 219 ], 
  [ 6, 19, 21, 36, 39, 40, 70, 81, 84, 90, 142, 152, 155, 159, 180, 183, 190, 205, 209, 215, 219 ], 
  [ 43, 63, 99, 153, 165, 171, 187, 194, 195, 206, 213, 217, 218 ], [ 9, 43, 63, 99, 153, 165, 171, 187, 194, 206, 213, 217, 218 
     ], [ 9, 27, 43, 47, 88, 99, 153, 165, 171, 187, 194, 195, 206, 208, 213, 217, 218 ], 
  [ 9, 15, 43, 62, 63, 99, 108, 153, 165, 171, 187, 194, 206, 213, 218 ], 
  [ 35, 47, 48, 60, 61, 95, 99, 109, 166, 176, 190, 208, 209, 219, 220, 223 ], 
  [ 6, 31, 39, 40, 68, 81, 90, 92, 152, 159, 190, 202, 205, 219 ], 
  [ 31, 39, 68, 71, 81, 90, 92, 103, 104, 152, 159, 183, 190, 202, 205, 219 ], 
  [ 6, 21, 31, 40, 48, 60, 68, 70, 81, 90, 92, 142, 152, 155, 159, 180, 183, 190, 202, 205, 209, 215, 219 ], 
  [ 3, 26, 31, 40, 42, 52, 55, 81, 91, 152, 179, 188, 190, 202 ], 
  [ 13, 33, 52, 53, 56, 81, 84, 173, 190, 193, 202, 205, 216, 219, 221 ], 
  [ 13, 26, 33, 52, 53, 56, 69, 81, 84, 105, 133, 173, 183, 190, 193, 202, 205, 216, 219 ], 
  [ 16, 37, 52, 55, 56, 64, 110, 134, 167, 193, 204, 216, 218, 221 ], 
  [ 16, 23, 37, 39, 52, 55, 56, 74, 84, 110, 134, 158, 167, 192, 193, 202, 204, 216, 221 ], 
  [ 16, 37, 52, 55, 56, 64, 74, 110, 134, 167, 193, 202, 205, 216, 221 ], 
  [ 31, 39, 52, 68, 71, 81, 90, 104, 133, 152, 183, 190, 202, 205, 219 ], 
  [ 31, 39, 68, 71, 90, 104, 114, 119, 133, 152, 159, 173, 183, 190, 202, 205, 219 ], 
  [ 13, 31, 33, 39, 49, 52, 61, 68, 71, 81, 83, 90, 93, 104, 133, 173, 183, 190, 202, 205, 219 ], 
  [ 26, 42, 54, 55, 56, 62, 96, 106, 152, 163, 169, 176, 190, 202, 219 ], 
  [ 26, 42, 54, 56, 62, 81, 96, 106, 152, 159, 163, 183, 190, 202, 205, 219 ], 
  [ 17, 22, 24, 26, 34, 42, 43, 44, 45, 50, 53, 54, 56, 62, 63, 64, 65, 66, 67, 69, 72, 73, 75, 77, 78, 79, 80, 84, 86, 87, 88, 
      89, 91, 96, 97, 98, 99, 100, 101, 102, 105, 106, 107, 108, 109, 110, 111, 112, 113, 114, 115, 116, 117, 118, 119, 120, 
      121, 122, 123, 124, 125, 126, 127, 128, 130, 132, 133, 134, 135, 137, 138, 140, 142, 145, 147, 148, 149, 150, 152, 155, 
      156, 157, 158, 159, 160, 161, 164, 165, 166, 168, 169, 170, 173, 174, 175, 176, 180, 183, 184, 190, 191, 200, 202, 205, 
      209, 210, 211, 215, 219, 220, 222, 223 ], [ 13, 26, 33, 44, 52, 53, 56, 64, 81, 105, 111, 133, 154, 173, 183, 190, 197, 
      202, 205, 216, 219 ] ];
