return rec(
  EXT := [ [ 1, 0, 0, 0, 0, 0, 0, 0, 0, 0, 0, 0, 1, 1, 0 ], [ 1, 1, 1, 1, 1, 0, 0, 1, 0, 1, 0, 0, 1, 1, 0 ], 
      [ 1, 0, 0, 1, 0, 0, 0, 0, 0, 1, 0, 1, 1, 1, 0 ], [ 1, 1, 0, 0, 1, 1, 0, 0, 0, 0, 0, 0, 1, 1, 0 ], 
      [ 1, 1, 1, 0, 1, 0, 0, 1, 0, 0, 0, 1, 1, 1, 0 ], [ 1, 0, 1, 1, 0, 1, 0, 1, 0, 1, 0, 0, 1, 1, 0 ], 
      [ 1, 0, 1, 0, 0, 1, 0, 1, 1, 0, 0, 0, 1, 1, 1 ], [ 1, 0, 0, 0, 0, 0, 0, 0, 1, 0, 0, 1, 1, 1, 1 ], 
      [ 1, 1, 0, 1, 1, 1, 0, 0, 0, 1, 0, 1, 1, 1, 0 ], [ 1, 1, 0, 1, 1, 1, 0, 0, 1, 1, 0, 0, 1, 1, 1 ], 
      [ 1, 1, 1, 1, 1, 0, 0, 1, 1, 1, 0, 1, 1, 1, 1 ], [ 1, 0, 0, 1, 0, 0, 0, 0, 1, 1, 0, 0, 1, 1, 1 ], 
      [ 1, 0, 1, 0, 0, 1, 0, 1, 0, 0, 0, 1, 1, 1, 0 ], [ 1, 1, 1, 0, 1, 0, 0, 1, 1, 0, 0, 0, 1, 1, 1 ], 
      [ 1, 1, 0, 0, 1, 1, 0, 0, 1, 0, 0, 1, 1, 1, 1 ], [ 1, 0, 1, 1, 0, 1, 0, 1, 1, 1, 0, 1, 1, 1, 1 ], 
      [ 1, 0, 0, 0, 0, 0, 0, 0, 0, 1, 0, 1, 1, 1, 0 ], [ 1, 1, 1, 0, 1, 0, 0, 1, 0, 1, 0, 1, 1, 1, 0 ], 
      [ 1, 0, 0, 0, 0, 0, 0, 0, 0, 1, 1, 1, 1, 1, 0 ], [ 1, 1, 0, 0, 1, 1, 0, 0, 0, 1, 0, 1, 1, 1, 0 ], 
      [ 1, 1, 1, 0, 1, 0, 0, 1, 0, 1, 1, 1, 1, 1, 0 ], [ 1, 0, 1, 0, 0, 1, 0, 1, 0, 1, 0, 1, 1, 1, 0 ], 
      [ 1, 1, 0, 0, 1, 1, 0, 0, 0, 1, 1, 1, 1, 1, 0 ], [ 1, 0, 1, 0, 0, 1, 0, 1, 0, 1, 1, 1, 1, 1, 0 ], 
      [ 1, 0, 1, 0, 0, 1, 0, 1, 1, 1, 0, 1, 1, 1, 1 ], [ 1, 0, 0, 0, 0, 0, 0, 0, 1, 1, 0, 1, 1, 1, 1 ], 
      [ 1, 1, 0, 0, 1, 1, 0, 0, 1, 1, 0, 1, 1, 1, 1 ], [ 1, 1, 1, 0, 1, 0, 0, 1, 1, 1, 0, 1, 1, 1, 1 ], 
      [ 1, 0, 0, 0, 0, 0, 0, 0, 1, 1, 1, 1, 1, 1, 1 ], [ 1, 0, 1, 0, 0, 1, 0, 1, 1, 1, 1, 1, 1, 1, 1 ], 
      [ 1, 1, 1, 0, 1, 0, 0, 1, 1, 1, 1, 1, 1, 1, 1 ], [ 1, 1, 0, 0, 1, 1, 0, 0, 1, 1, 1, 1, 1, 1, 1 ], 
      [ 1, 0, 0, 0, 1, 1, 0, 0, 0, 1, 0, 0, 0, 0, 1 ], [ 1, 0, 1, 0, 1, 1, 0, 1, 0, 1, 0, 0, 0, 0, 1 ], 
      [ 1, 0, 0, 0, 1, 1, 0, 0, 0, 1, 1, 1, 0, 0, 1 ], [ 1, 0, 0, 0, 1, 1, 1, 0, 0, 1, 0, 0, 1, 0, 1 ], 
      [ 1, 0, 0, 0, 1, 1, 1, 0, 0, 1, 1, 0, 1, 1, 1 ], [ 1, 0, 1, 0, 1, 1, 0, 1, 0, 1, 1, 1, 0, 0, 1 ], 
      [ 1, 0, 1, 0, 1, 1, 1, 1, 0, 1, 0, 0, 1, 0, 1 ], [ 1, 0, 1, 0, 1, 1, 1, 1, 0, 1, 1, 0, 1, 1, 1 ], 
      [ 1, 0, 0, 0, 1, 1, 1, 0, 0, 1, 0, 1, 1, 1, 1 ], [ 1, 0, 0, 0, 1, 1, 0, 0, 0, 1, 1, 0, 0, 1, 1 ], 
      [ 1, 0, 1, 0, 1, 1, 1, 1, 0, 1, 0, 1, 1, 1, 1 ], [ 1, 0, 1, 0, 1, 1, 0, 1, 0, 1, 1, 0, 0, 1, 1 ], 
      [ 1, 0, 0, 0, 1, 1, 0, 0, 0, 1, 0, 1, 0, 1, 1 ], [ 1, 0, 0, 0, 1, 1, 1, 0, 0, 1, 1, 1, 1, 0, 1 ], 
      [ 1, 0, 1, 0, 1, 1, 0, 1, 0, 1, 0, 1, 0, 1, 1 ], [ 1, 0, 1, 0, 1, 1, 1, 1, 0, 1, 1, 1, 1, 0, 1 ], 
      [ 1, 0, 1, 0, 0, 1, 0, 0, 0, 0, 0, 0, 0, 0, 1 ], [ 1, 1, 1, 1, 1, 1, 0, 0, 0, 1, 0, 0, 0, 0, 1 ], 
      [ 1, 0, 1, 1, 0, 1, 0, 0, 0, 1, 1, 1, 0, 0, 1 ], [ 1, 1, 1, 0, 1, 1, 1, 0, 0, 0, 0, 0, 1, 0, 1 ], 
      [ 1, 0, 1, 0, 0, 1, 1, 0, 0, 0, 1, 0, 1, 1, 1 ], [ 1, 1, 1, 0, 1, 1, 0, 0, 0, 0, 1, 1, 0, 0, 1 ], 
      [ 1, 0, 1, 1, 0, 1, 1, 0, 0, 1, 0, 0, 1, 0, 1 ], [ 1, 1, 1, 1, 1, 1, 1, 0, 0, 1, 1, 0, 1, 1, 1 ], 
      [ 1, 0, 1, 1, 0, 1, 1, 0, 0, 1, 0, 1, 1, 1, 1 ], [ 1, 1, 1, 0, 1, 1, 0, 0, 0, 0, 1, 0, 0, 1, 1 ], 
      [ 1, 1, 1, 1, 1, 1, 1, 0, 0, 1, 1, 1, 1, 0, 1 ], [ 1, 1, 1, 0, 1, 1, 1, 0, 0, 0, 0, 1, 1, 1, 1 ], 
      [ 1, 0, 1, 1, 0, 1, 0, 0, 0, 1, 1, 0, 0, 1, 1 ], [ 1, 0, 1, 0, 0, 1, 0, 0, 0, 0, 0, 1, 0, 1, 1 ], 
      [ 1, 0, 1, 0, 0, 1, 1, 0, 0, 0, 1, 1, 1, 0, 1 ], [ 1, 1, 1, 1, 1, 1, 0, 0, 0, 1, 0, 1, 0, 1, 1 ] ],
  Group := Group( [ (17,19)(18,21)(20,23)(22,24)(25,30)(26,29)(27,32)(28,31)(33,37)(34,40)(35,41)(36,42)(38,43)(39,44)(45,46)
        (47,48)(49,53)(50,56)(51,57)(52,58)(54,60)(55,61)(59,64)(62,63), ( 1, 2)( 3, 5)( 4, 6)( 7,10)( 8,11)( 9,13)(12,14)(15,16)
        (17,18)(19,21)(20,22)(23,24)(25,27)(26,28)(29,31)(30,32)(33,34)(35,38)(36,39)(37,40)(41,43)(42,44)(45,47)(46,48)(49,50)
        (51,54)(52,55)(53,56)(57,60)(58,61)(59,63)(62,64), ( 1, 4)( 2, 6)( 3, 9)( 5,13)( 7,14)( 8,15)(10,12)(11,16)(17,23)(18,24)
        (19,20)(21,22)(25,31)(26,32)(27,29)(28,30)(33,42)(34,44)(35,45)(36,37)(38,47)(39,40)(41,46)(43,48)(49,58)(50,61)(51,64)
        (52,53)(54,62)(55,56)(57,59)(60,63), ( 1,49)( 2,51)( 3,50)( 4,62)( 5,54)( 6,61)( 7,53)( 8,52)( 9,64)(10,57)(11,59)(12,55)
        (13,58)(14,63)(15,60)(16,56)(17,33)(18,35)(19,34)(20,45)(21,38)(22,42)(23,47)(24,44)(25,37)(26,36)(27,41)(28,46)(29,39)
        (30,40)(31,48)(32,43), ( 1,49, 7,53)( 2,51,10,57)( 3,50,16,56)( 4,62,14,63)( 5,54,15,60)( 6,61,12,55)( 8,52,13,58)
        ( 9,64,11,59)(17,34,30,37)(18,38,32,41)(19,33,25,40)(20,47,31,46)(21,35,27,43)(22,44,29,36)(23,45,28,48)(24,42,26,39) 
     ] ) );
