return [ [ 1, 4, 5, 14, 15, 16, 39, 40, 53, 58, 60 ], [ 2, 3, 13, 21, 41, 42, 54, 55, 58, 59, 60 ], 
  [ 2, 8, 13, 21, 41, 42, 54, 55, 58, 59, 60 ], [ 6, 8, 13, 18, 21, 41, 42, 54, 55, 58, 60 ], 
  [ 1, 4, 5, 14, 16, 23, 43, 49, 53, 55, 58 ], [ 1, 4, 5, 14, 15, 16, 40, 43, 46, 53, 58, 60 ], 
  [ 3, 6, 8, 13, 21, 46, 50, 53, 54, 55, 59, 60 ], [ 3, 6, 8, 13, 21, 45, 50, 54, 55, 56, 59, 60 ], 
  [ 2, 3, 6, 13, 17, 21, 41, 42, 54, 55, 58, 60 ], [ 2, 6, 8, 13, 17, 21, 41, 42, 54, 55, 58, 60 ], 
  [ 6, 8, 13, 18, 21, 41, 45, 47, 50, 54, 55, 56 ], [ 1, 6, 7, 21, 22, 39, 40, 53, 54, 58, 59, 60 ], 
  [ 2, 3, 5, 8, 14, 15, 24, 46, 50, 53, 55, 60 ], [ 1, 2, 4, 5, 8, 11, 15, 39, 40, 53, 54, 58, 60 ], 
  [ 1, 4, 5, 14, 15, 16, 39, 45, 48, 53, 57, 58, 60 ], [ 1, 5, 6, 14, 15, 16, 17, 33, 48, 49, 51, 56, 57 ], 
  [ 1, 6, 8, 13, 15, 18, 39, 41, 45, 53, 54, 55, 60 ], [ 1, 6, 8, 13, 15, 18, 40, 42, 46, 53, 54, 55, 60 ], 
  [ 7, 9, 21, 41, 45, 47, 48, 49, 50, 54, 55, 56, 59 ], [ 6, 8, 13, 17, 21, 41, 45, 47, 48, 49, 50, 55, 56 ], 
  [ 1, 3, 6, 7, 13, 18, 21, 41, 42, 54, 55, 58, 60 ], [ 2, 3, 7, 9, 19, 21, 41, 42, 54, 55, 58, 59, 60 ], 
  [ 1, 6, 7, 21, 22, 40, 43, 46, 53, 54, 58, 59, 60 ], [ 1, 6, 7, 21, 22, 39, 45, 48, 53, 54, 58, 59, 60 ], 
  [ 1, 3, 7, 10, 13, 18, 25, 41, 42, 54, 55, 58, 60 ], [ 5, 11, 15, 17, 24, 28, 31, 35, 39, 44, 51, 52, 57 ], 
  [ 1, 6, 8, 13, 15, 18, 39, 40, 41, 42, 53, 54, 55, 60 ], [ 6, 8, 13, 21, 41, 45, 47, 48, 49, 50, 54, 55, 56, 59 ], 
  [ 3, 6, 8, 13, 17, 21, 43, 46, 49, 50, 55, 58, 59, 60 ], [ 3, 6, 8, 13, 15, 17, 21, 34, 45, 46, 50, 55, 56, 60 ], 
  [ 2, 6, 8, 13, 17, 18, 21, 32, 41, 47, 52, 54, 55, 56 ], [ 2, 3, 7, 9, 19, 21, 42, 43, 46, 54, 55, 58, 59, 60 ], 
  [ 7, 8, 18, 20, 21, 22, 34, 45, 46, 50, 53, 54, 55, 60 ], [ 1, 2, 4, 5, 9, 12, 16, 23, 39, 40, 53, 54, 58, 60 ], 
  [ 1, 7, 10, 18, 25, 39, 40, 41, 42, 53, 54, 55, 58, 60 ], [ 1, 6, 13, 18, 25, 39, 40, 41, 42, 53, 54, 55, 58, 60 ], 
  [ 1, 5, 14, 15, 16, 39, 44, 45, 48, 49, 50, 51, 53, 56, 57 ], [ 3, 6, 8, 13, 17, 21, 45, 48, 49, 50, 55, 56, 58, 59, 60 ], 
  [ 2, 3, 6, 8, 13, 17, 21, 42, 43, 46, 54, 55, 58, 59, 60 ], [ 1, 6, 7, 9, 16, 18, 21, 33, 43, 48, 49, 53, 54, 55, 58 ], 
  [ 6, 8, 13, 15, 17, 18, 21, 32, 34, 41, 45, 47, 50, 55, 56 ], [ 2, 3, 7, 9, 19, 21, 41, 45, 48, 54, 55, 56, 58, 59, 60 ], 
  [ 1, 2, 3, 5, 6, 7, 17, 19, 21, 41, 42, 54, 55, 58, 60 ], [ 1, 4, 7, 9, 10, 12, 16, 23, 43, 49, 53, 54, 55, 58, 59 ], 
  [ 1, 7, 9, 10, 12, 16, 18, 23, 25, 43, 49, 53, 54, 55, 58 ], [ 1, 6, 7, 10, 18, 21, 25, 29, 43, 49, 53, 54, 55, 58, 59 ], 
  [ 1, 6, 7, 10, 18, 21, 25, 29, 39, 40, 53, 54, 58, 59, 60 ], [ 7, 9, 10, 12, 18, 21, 25, 29, 43, 49, 53, 54, 55, 58, 59 ], 
  [ 2, 6, 8, 13, 17, 21, 41, 47, 48, 49, 52, 54, 55, 56, 57, 59 ], [ 2, 3, 6, 8, 13, 17, 21, 41, 45, 48, 54, 55, 56, 58, 59, 60 ]
    , [ 1, 2, 3, 5, 6, 7, 17, 19, 21, 42, 43, 46, 54, 55, 58, 60 ], 
  [ 1, 7, 9, 10, 12, 16, 18, 23, 25, 40, 42, 43, 53, 54, 55, 58 ], 
  [ 1, 6, 8, 13, 15, 18, 39, 41, 44, 45, 47, 50, 51, 53, 54, 55, 56 ], 
  [ 1, 2, 5, 6, 8, 13, 15, 17, 18, 32, 41, 47, 51, 52, 54, 55, 56 ], 
  [ 1, 2, 3, 5, 6, 7, 17, 19, 21, 41, 45, 48, 54, 55, 56, 58, 60 ], 
  [ 1, 6, 7, 21, 22, 39, 44, 45, 48, 49, 50, 51, 53, 54, 56, 57, 59 ], 
  [ 1, 7, 9, 10, 12, 16, 18, 23, 25, 39, 40, 41, 42, 53, 54, 55, 58 ], 
  [ 7, 9, 10, 12, 18, 20, 25, 26, 39, 40, 41, 42, 53, 54, 55, 58, 60 ], 
  [ 6, 8, 11, 13, 18, 20, 25, 26, 39, 40, 41, 42, 53, 54, 55, 58, 60 ], 
  [ 7, 10, 18, 20, 21, 22, 25, 26, 29, 30, 46, 50, 53, 54, 55, 59, 60 ], 
  [ 6, 11, 18, 20, 21, 22, 25, 26, 29, 30, 43, 49, 53, 54, 55, 58, 59 ], 
  [ 1, 3, 6, 7, 8, 13, 15, 18, 21, 34, 45, 46, 50, 53, 54, 55, 56, 60 ], 
  [ 1, 7, 9, 10, 12, 16, 18, 23, 25, 39, 41, 44, 47, 48, 49, 51, 53, 54, 55, 58 ], 
  [ 1, 2, 5, 7, 9, 10, 12, 16, 19, 23, 27, 39, 40, 41, 42, 53, 54, 55, 58, 60 ], 
  [ 1, 2, 5, 6, 8, 11, 13, 15, 17, 24, 28, 39, 40, 41, 42, 53, 54, 55, 58, 60 ], 
  [ 1, 3, 6, 7, 10, 13, 18, 21, 25, 29, 40, 42, 43, 46, 53, 54, 55, 58, 59, 60 ], 
  [ 7, 9, 10, 12, 18, 20, 21, 22, 25, 26, 29, 30, 40, 42, 43, 46, 53, 54, 55, 58, 59, 60 ], 
  [ 6, 8, 11, 13, 18, 20, 21, 22, 25, 26, 29, 30, 40, 42, 43, 46, 53, 54, 55, 58, 59, 60 ], 
  [ 1, 2, 3, 5, 6, 7, 8, 13, 15, 17, 18, 19, 21, 32, 34, 41, 42, 45, 46, 54, 55, 56, 60 ], 
  [ 1, 2, 3, 4, 5, 7, 9, 10, 12, 14, 16, 19, 23, 27, 40, 42, 43, 46, 53, 54, 55, 58, 59, 60 ], 
  [ 1, 2, 3, 4, 5, 6, 8, 11, 13, 14, 15, 17, 24, 28, 40, 42, 43, 46, 53, 54, 55, 58, 59, 60 ], 
  [ 1, 4, 5, 6, 11, 14, 15, 16, 17, 23, 24, 28, 31, 33, 35, 38, 39, 40, 43, 44, 48, 49, 51, 53, 57, 58 ], 
  [ 1, 3, 6, 7, 10, 13, 18, 21, 25, 29, 39, 41, 44, 45, 47, 48, 49, 50, 51, 53, 54, 55, 56, 58, 59, 60 ], 
  [ 7, 9, 10, 12, 18, 20, 21, 22, 25, 26, 29, 30, 39, 41, 44, 45, 47, 48, 49, 50, 51, 52, 54, 56, 57, 59 ], 
  [ 7, 9, 10, 12, 18, 20, 21, 22, 25, 26, 29, 30, 39, 41, 44, 45, 47, 48, 49, 50, 53, 54, 55, 58, 59, 60 ], 
  [ 6, 8, 11, 13, 18, 20, 21, 22, 25, 26, 29, 30, 39, 41, 44, 45, 47, 48, 49, 50, 51, 52, 54, 56, 57, 59 ], 
  [ 6, 8, 11, 13, 18, 20, 21, 22, 25, 26, 29, 30, 39, 41, 44, 45, 47, 48, 49, 50, 53, 54, 55, 58, 59, 60 ], 
  [ 1, 2, 5, 7, 9, 10, 12, 16, 18, 19, 20, 23, 25, 26, 27, 31, 32, 35, 36, 39, 40, 41, 42, 44, 47, 51, 52, 53, 54, 55 ], 
  [ 1, 2, 5, 6, 8, 11, 13, 15, 17, 18, 20, 24, 25, 26, 28, 31, 32, 35, 36, 39, 40, 41, 42, 44, 47, 51, 52, 53, 54, 55 ], 
  [ 5, 14, 15, 16, 17, 19, 23, 24, 27, 28, 31, 32, 33, 34, 35, 36, 37, 38, 39, 41, 44, 45, 47, 48, 49, 50, 51, 52, 56, 57 ], 
  [ 1, 2, 3, 4, 5, 6, 7, 8, 9, 14, 15, 16, 17, 19, 21, 22, 33, 34, 43, 45, 46, 48, 49, 50, 53, 54, 55, 56, 57, 58, 59, 60 ], 
  [ 1, 2, 5, 6, 7, 8, 9, 15, 16, 17, 18, 19, 20, 21, 22, 31, 32, 33, 34, 39, 40, 41, 42, 43, 45, 46, 48, 53, 54, 55, 58, 60 ], 
  [ 1, 2, 3, 4, 5, 7, 9, 10, 12, 14, 16, 19, 23, 27, 39, 41, 44, 45, 47, 48, 49, 50, 51, 52, 53, 54, 55, 56, 57, 58, 59, 60 ], 
  [ 1, 2, 3, 4, 5, 6, 8, 11, 13, 14, 15, 17, 24, 28, 39, 41, 44, 45, 47, 48, 49, 50, 51, 52, 53, 54, 55, 56, 57, 58, 59, 60 ], 
  [ 1, 2, 5, 6, 7, 8, 9, 15, 16, 17, 18, 19, 20, 21, 22, 31, 32, 33, 34, 39, 41, 44, 45, 47, 48, 49, 50, 51, 52, 53, 54, 55, 56, 
      57 ], [ 1, 4, 6, 7, 9, 10, 11, 12, 16, 18, 20, 21, 22, 23, 25, 26, 29, 30, 31, 33, 35, 38, 39, 40, 43, 44, 48, 49, 51, 53, 
      54, 57, 58, 59 ], [ 1, 3, 6, 7, 8, 10, 11, 13, 15, 18, 20, 21, 22, 24, 25, 26, 29, 30, 31, 34, 35, 37, 39, 40, 44, 45, 46, 
      50, 51, 53, 54, 56, 59, 60 ], [ 7, 9, 10, 12, 16, 18, 19, 20, 21, 22, 23, 25, 26, 27, 29, 30, 31, 32, 33, 34, 35, 36, 37, 
      38, 39, 41, 44, 45, 47, 48, 49, 50, 51, 52, 56, 57 ], [ 6, 8, 11, 13, 15, 17, 18, 20, 21, 22, 24, 25, 26, 28, 29, 30, 31, 
      32, 33, 34, 35, 36, 37, 38, 39, 41, 44, 45, 47, 48, 49, 50, 51, 52, 56, 57 ], 
  [ 1, 2, 3, 5, 7, 8, 10, 13, 15, 18, 19, 20, 24, 25, 26, 27, 31, 32, 34, 35, 36, 37, 39, 40, 41, 42, 44, 45, 46, 47, 50, 51, 
      52, 53, 54, 55, 56, 60 ], [ 1, 2, 3, 4, 5, 6, 7, 9, 10, 12, 13, 14, 16, 17, 18, 19, 21, 23, 25, 27, 28, 29, 32, 33, 36, 
      38, 41, 42, 43, 47, 48, 49, 51, 52, 54, 55, 56, 57, 58, 59 ], 
  [ 7, 9, 10, 12, 16, 18, 19, 20, 21, 22, 23, 25, 26, 27, 29, 30, 31, 32, 33, 34, 35, 36, 37, 38, 39, 40, 41, 42, 43, 44, 45, 
      46, 47, 48, 49, 50, 53, 55, 58, 60 ], [ 6, 8, 11, 13, 15, 17, 18, 20, 21, 22, 24, 25, 26, 28, 29, 30, 31, 32, 33, 34, 35, 
      36, 37, 38, 39, 40, 41, 42, 43, 44, 45, 46, 47, 48, 49, 50, 53, 55, 58, 60 ], 
  [ 1, 3, 5, 6, 7, 10, 13, 14, 15, 16, 17, 18, 19, 21, 23, 24, 25, 27, 28, 29, 31, 32, 33, 34, 35, 36, 37, 38, 39, 40, 41, 42, 
      43, 44, 45, 46, 47, 48, 49, 50, 51, 53, 55, 56, 58, 60 ], [ 1, 2, 3, 4, 5, 6, 7, 8, 9, 10, 11, 12, 13, 14, 15, 16, 17, 18, 
      19, 20, 21, 22, 23, 24, 25, 26, 27, 28, 29, 30, 31, 32, 33, 34, 35, 36, 37, 38, 40, 42, 43, 44, 46, 47, 49, 50, 51, 52, 
      53, 54, 55, 56, 57, 59 ] ];
