return [ [ 2, 3, 6, 7, 15, 21, 33, 47, 54, 61, 62 ], [ 1, 5, 9, 11, 16, 21, 39, 43, 46, 59, 63 ], 
  [ 1, 5, 9, 11, 16, 21, 39, 43, 55, 59, 63 ], [ 1, 3, 5, 9, 11, 16, 21, 39, 43, 46, 59 ], 
  [ 2, 6, 7, 10, 11, 23, 32, 35, 46, 56, 59 ], [ 2, 6, 7, 10, 13, 23, 32, 35, 56, 60, 61 ], 
  [ 2, 6, 7, 10, 13, 23, 32, 35, 56, 59, 60 ], [ 1, 2, 3, 6, 7, 15, 21, 39, 46, 47, 51, 59 ], 
  [ 1, 2, 3, 6, 7, 15, 21, 38, 39, 46, 59, 60 ], [ 1, 3, 5, 9, 11, 16, 21, 39, 46, 47, 51, 59 ], 
  [ 2, 4, 6, 7, 10, 11, 23, 32, 35, 46, 59, 62 ], [ 6, 7, 10, 13, 23, 32, 35, 39, 56, 59, 60, 64 ], 
  [ 4, 5, 11, 16, 18, 23, 31, 50, 53, 55, 57, 62 ], [ 2, 6, 7, 10, 11, 19, 23, 32, 35, 46, 56, 61 ], 
  [ 2, 6, 7, 10, 13, 19, 23, 32, 35, 46, 56, 61 ], [ 2, 6, 7, 10, 13, 23, 32, 35, 39, 46, 56, 59, 64 ], 
  [ 4, 7, 11, 12, 16, 23, 31, 47, 50, 53, 55, 57, 62 ], [ 4, 11, 12, 16, 18, 23, 31, 47, 50, 53, 55, 57, 62 ], 
  [ 1, 4, 7, 11, 16, 21, 23, 24, 31, 39, 55, 59, 62 ], [ 4, 7, 11, 12, 23, 31, 44, 47, 50, 53, 55, 57, 61, 62 ], 
  [ 2, 4, 6, 7, 10, 13, 23, 32, 35, 39, 46, 59, 62, 64 ], [ 1, 4, 7, 11, 12, 27, 31, 33, 37, 44, 47, 50, 53, 62 ], 
  [ 1, 7, 11, 12, 21, 27, 31, 38, 39, 43, 53, 55, 59, 60 ], [ 2, 6, 7, 10, 11, 32, 35, 36, 42, 45, 46, 48, 49, 56, 59 ], 
  [ 1, 4, 7, 11, 12, 16, 31, 35, 36, 38, 39, 43, 45, 49, 55 ], [ 4, 5, 10, 11, 16, 18, 23, 31, 39, 45, 46, 55, 59, 62, 64 ], 
  [ 1, 2, 3, 4, 6, 7, 10, 13, 15, 21, 23, 39, 47, 59, 62 ], [ 2, 4, 6, 7, 10, 11, 13, 19, 23, 32, 35, 44, 46, 51, 61, 62 ], 
  [ 1, 2, 3, 4, 6, 7, 10, 13, 15, 21, 23, 33, 44, 47, 61, 62 ], [ 2, 7, 10, 11, 22, 23, 32, 35, 42, 45, 46, 48, 55, 56, 59, 63 ],
  [ 1, 4, 7, 11, 12, 16, 21, 23, 24, 31, 39, 47, 53, 55, 57, 62 ], 
  [ 1, 4, 7, 11, 12, 16, 31, 33, 37, 40, 44, 47, 50, 52, 53, 57, 62 ], 
  [ 1, 3, 4, 9, 10, 16, 18, 21, 23, 31, 39, 43, 45, 55, 59, 62, 64 ], 
  [ 1, 4, 7, 11, 12, 27, 31, 33, 35, 37, 38, 43, 44, 45, 50, 53, 55 ], 
  [ 1, 3, 4, 6, 7, 10, 13, 15, 21, 23, 32, 35, 38, 39, 59, 60, 62, 64 ], 
  [ 2, 7, 10, 11, 19, 22, 23, 32, 35, 42, 45, 46, 48, 54, 55, 56, 61, 63 ], 
  [ 1, 2, 3, 4, 5, 6, 7, 10, 11, 16, 21, 22, 23, 24, 39, 46, 47, 51, 59, 62 ], 
  [ 4, 6, 7, 10, 11, 16, 23, 24, 31, 32, 35, 36, 39, 45, 46, 49, 55, 56, 59, 62, 64 ], 
  [ 1, 2, 4, 5, 6, 8, 11, 16, 17, 22, 24, 27, 31, 34, 36, 40, 42, 57, 59, 62, 63 ], 
  [ 1, 4, 7, 11, 12, 16, 31, 33, 35, 36, 37, 38, 40, 43, 44, 45, 49, 50, 52, 53, 55, 57 ], 
  [ 7, 11, 12, 19, 27, 28, 31, 32, 33, 34, 37, 40, 41, 44, 47, 50, 51, 52, 53, 54, 57, 58, 61, 62 ], 
  [ 1, 3, 4, 6, 7, 10, 16, 21, 23, 24, 31, 32, 35, 36, 38, 39, 43, 45, 49, 55, 56, 59, 60, 62, 64 ], 
  [ 1, 3, 4, 5, 7, 9, 10, 11, 12, 16, 18, 21, 23, 27, 31, 37, 39, 43, 45, 47, 50, 53, 55, 59, 62 ], 
  [ 1, 4, 5, 8, 9, 11, 12, 16, 17, 18, 27, 31, 33, 34, 37, 40, 41, 44, 47, 50, 51, 52, 53, 57, 58, 62 ], 
  [ 1, 8, 9, 11, 12, 16, 21, 24, 25, 26, 27, 31, 36, 38, 39, 43, 46, 49, 53, 55, 56, 57, 59, 60, 63, 64 ], 
  [ 1, 2, 3, 4, 5, 6, 7, 10, 11, 16, 21, 22, 23, 24, 33, 34, 37, 40, 41, 44, 47, 50, 51, 52, 53, 54, 57, 61, 62 ], 
  [ 1, 4, 5, 8, 9, 11, 12, 16, 17, 18, 27, 31, 33, 34, 35, 36, 37, 38, 40, 41, 42, 43, 44, 45, 48, 49, 50, 52, 53, 55, 57, 63 ], 
  [ 7, 11, 12, 19, 27, 28, 31, 32, 33, 34, 35, 36, 37, 38, 40, 41, 42, 43, 44, 45, 48, 49, 50, 52, 53, 54, 55, 56, 57, 60, 61, 
      63 ], [ 1, 2, 3, 4, 5, 6, 8, 9, 10, 13, 14, 15, 16, 17, 18, 20, 21, 22, 23, 24, 25, 26, 29, 30, 39, 46, 47, 51, 58, 59, 
      62, 64 ], [ 1, 4, 5, 8, 9, 11, 12, 16, 17, 18, 21, 22, 23, 24, 25, 26, 27, 29, 30, 31, 39, 46, 47, 51, 53, 55, 57, 58, 59, 
      62, 63, 64 ], [ 4, 6, 7, 8, 10, 11, 12, 13, 16, 18, 19, 20, 23, 24, 25, 29, 31, 32, 35, 36, 39, 40, 44, 45, 46, 47, 49, 
      50, 51, 52, 55, 56, 57, 61, 62, 64 ], [ 1, 3, 4, 7, 9, 10, 12, 13, 15, 18, 21, 23, 26, 27, 28, 29, 31, 32, 33, 35, 37, 38, 
      39, 43, 44, 45, 47, 50, 53, 55, 58, 59, 60, 61, 62, 64 ], [ 1, 3, 6, 7, 8, 9, 11, 12, 15, 16, 19, 20, 21, 24, 25, 26, 27, 
      28, 31, 32, 33, 36, 37, 38, 39, 40, 43, 46, 47, 49, 51, 52, 53, 56, 57, 58, 59, 60, 62, 64 ], 
  [ 1, 2, 3, 4, 5, 6, 8, 9, 10, 13, 14, 15, 16, 17, 18, 20, 21, 22, 23, 24, 25, 26, 29, 30, 33, 34, 37, 40, 41, 44, 47, 50, 51, 
      52, 53, 54, 57, 58, 61, 62 ], [ 1, 2, 3, 4, 5, 6, 7, 10, 11, 16, 21, 22, 23, 24, 27, 28, 31, 32, 33, 34, 35, 36, 37, 38, 
      40, 41, 42, 43, 44, 45, 48, 49, 50, 52, 53, 54, 55, 56, 57, 59, 60, 61, 62, 63 ], 
  [ 1, 3, 4, 6, 7, 8, 9, 10, 12, 13, 15, 16, 18, 20, 21, 23, 24, 25, 26, 29, 31, 32, 33, 35, 36, 37, 38, 39, 40, 43, 44, 45, 47, 
      49, 50, 52, 53, 55, 56, 57, 60, 61, 62, 64 ], [ 1, 2, 3, 4, 5, 6, 7, 8, 9, 10, 11, 12, 13, 14, 15, 16, 17, 18, 19, 20, 27, 
      28, 31, 32, 33, 34, 35, 36, 37, 38, 39, 40, 41, 42, 43, 44, 45, 46, 47, 48, 49, 50, 51, 52, 58, 59, 62, 64 ], 
  [ 1, 2, 4, 6, 7, 8, 11, 12, 13, 15, 17, 19, 21, 22, 23, 24, 25, 26, 27, 28, 29, 30, 31, 32, 33, 34, 35, 36, 38, 39, 40, 42, 
      44, 46, 47, 51, 53, 54, 55, 56, 57, 58, 59, 60, 61, 62, 63, 64 ], 
  [ 3, 5, 7, 9, 10, 11, 12, 14, 16, 18, 19, 20, 21, 22, 23, 24, 25, 26, 27, 28, 29, 30, 31, 32, 37, 39, 41, 43, 45, 46, 47, 48, 
      49, 50, 51, 52, 53, 54, 55, 56, 57, 58, 59, 60, 61, 62, 63, 64 ], 
  [ 1, 2, 3, 4, 5, 6, 7, 8, 9, 10, 11, 12, 13, 14, 15, 16, 17, 18, 19, 20, 21, 22, 23, 24, 25, 26, 29, 30, 33, 34, 35, 36, 37, 
      38, 39, 40, 41, 42, 43, 44, 45, 46, 47, 48, 49, 50, 51, 52, 53, 54, 55, 56, 57, 60, 61, 63 ], 
  [ 1, 2, 3, 4, 5, 6, 8, 9, 10, 13, 14, 15, 16, 17, 18, 20, 21, 22, 23, 24, 25, 26, 27, 28, 29, 30, 31, 32, 33, 34, 35, 36, 37, 
      38, 40, 41, 42, 43, 44, 45, 48, 49, 50, 52, 53, 54, 55, 56, 57, 58, 59, 60, 61, 62, 63, 64 ] ];
