return [ [ 2, 4, 7, 12, 15, 31, 38, 42, 44, 50, 53, 54, 56 ], [ 2, 4, 6, 7, 12, 15, 31, 42, 44, 47, 50, 53, 54, 56 ], 
  [ 1, 2, 3, 4, 7, 9, 11, 12, 15, 35, 43, 50, 52, 53, 55 ], [ 1, 2, 3, 6, 9, 11, 25, 27, 34, 36, 37, 41, 42, 43, 47, 48, 54, 55 ]
    , [ 3, 6, 9, 11, 14, 16, 17, 18, 21, 22, 25, 32, 34, 35, 36, 45, 49, 50, 54, 55 ], 
  [ 2, 3, 6, 9, 10, 11, 13, 14, 16, 17, 18, 20, 21, 22, 23, 35, 36, 49, 50, 54, 55 ], 
  [ 1, 2, 3, 4, 6, 7, 9, 11, 12, 15, 25, 27, 29, 31, 34, 35, 37, 38, 42, 43, 44, 45, 50, 53, 54, 55 ], 
  [ 2, 4, 5, 7, 10, 12, 13, 15, 19, 20, 23, 24, 26, 28, 29, 31, 33, 35, 38, 39, 40, 44, 45, 46, 50, 52, 53, 56 ], 
  [ 2, 4, 5, 7, 10, 12, 13, 15, 19, 20, 23, 24, 26, 28, 29, 31, 34, 36, 37, 41, 42, 43, 47, 48, 50, 52, 53, 56 ], 
  [ 1, 2, 3, 5, 9, 10, 11, 13, 18, 20, 21, 23, 25, 26, 27, 28, 33, 34, 35, 36, 37, 38, 39, 41, 42, 43, 47, 48, 49, 50, 
      51, 52, 53, 54, 55, 56 ], [ 1, 3, 4, 7, 9, 11, 12, 15, 18, 19, 21, 24, 25, 27, 29, 31, 33, 34, 35, 37, 38, 39, 40, 42, 43, 
      44, 45, 46, 49, 50, 51, 52, 53, 54, 55, 56 ], [ 1, 2, 3, 4, 5, 7, 9, 10, 11, 12, 13, 15, 18, 19, 20, 21, 23, 24, 25, 26, 
      27, 28, 29, 31, 33, 34, 35, 37, 38, 39, 42, 43, 50, 52, 53, 56 ], 
  [ 1, 2, 3, 4, 5, 6, 7, 8, 9, 10, 11, 12, 13, 14, 15, 16, 17, 18, 19, 20, 21, 22, 23, 24, 33, 35, 38, 39, 40, 44, 45, 46, 49, 
      50, 51, 52, 53, 54, 55, 56 ], [ 1, 2, 3, 4, 5, 6, 7, 8, 9, 10, 11, 12, 13, 14, 15, 16, 17, 18, 19, 20, 21, 22, 23, 24, 34, 
      36, 37, 41, 42, 43, 47, 48, 49, 50, 51, 52, 53, 54, 55, 56 ], 
  [ 1, 2, 3, 4, 5, 6, 7, 8, 9, 10, 11, 12, 13, 14, 15, 16, 17, 18, 19, 20, 21, 22, 23, 24, 25, 26, 29, 32, 33, 34, 35, 36, 40, 
      43, 45, 48, 49, 50, 52, 55 ], [ 1, 2, 3, 4, 5, 6, 7, 8, 9, 10, 11, 12, 13, 14, 15, 16, 17, 18, 19, 20, 21, 22, 23, 24, 25, 
      26, 27, 28, 29, 30, 31, 32, 34, 36, 37, 41, 42, 43, 47, 48 ], 
  [ 1, 2, 4, 6, 9, 10, 11, 12, 13, 14, 15, 16, 25, 26, 27, 28, 29, 30, 31, 32, 33, 34, 35, 36, 37, 38, 39, 40, 41, 42, 43, 44, 
      45, 46, 47, 48, 49, 50, 51, 52, 53, 54, 55, 56 ], [ 2, 3, 6, 7, 9, 10, 11, 12, 13, 14, 15, 16, 17, 18, 19, 20, 21, 22, 23, 
      24, 25, 26, 27, 28, 29, 30, 31, 32, 34, 35, 36, 37, 38, 41, 42, 43, 44, 45, 47, 48, 50, 53, 54, 55 ], 
  [ 1, 2, 3, 4, 5, 6, 7, 8, 9, 10, 12, 14, 17, 18, 19, 20, 25, 26, 27, 28, 29, 30, 31, 32, 33, 34, 35, 36, 37, 38, 39, 40, 41, 
      42, 43, 44, 45, 46, 47, 48, 49, 50, 51, 52, 53, 54, 55, 56 ], 
  [ 9, 10, 11, 12, 13, 14, 15, 16, 17, 18, 19, 20, 21, 22, 23, 24, 25, 26, 27, 28, 29, 30, 31, 32, 33, 34, 35, 36, 37, 38, 39, 
      40, 41, 42, 43, 44, 45, 46, 47, 48, 49, 50, 51, 52, 53, 54, 55, 56 ], 
  [ 1, 2, 3, 4, 5, 6, 7, 8, 9, 10, 11, 12, 13, 14, 15, 16, 17, 18, 19, 20, 21, 22, 23, 24, 25, 26, 27, 28, 29, 30, 31, 32, 33, 
      35, 37, 38, 39, 40, 41, 43, 44, 45, 46, 48, 51, 52, 53, 55 ] ];
