return rec(
  EXT := [ [ 1, 0, 0, 0, 0, 0, 0, 0, 0, 0, 0, 0, 0, 0, 0 ], [ 1, 1, 1, 1, 1, 0, 0, 1, 0, 1, 0, 0, 0, 0, 0 ], 
      [ 1, 0, 1, 0, 0, 1, 0, 1, 1, 0, 0, 0, 0, 0, 1 ], [ 1, 0, 0, 0, 0, 0, 0, 0, 1, 0, 0, 1, 0, 1, 1 ], 
      [ 1, 1, 1, 1, 1, 0, 0, 1, 1, 1, 0, 1, 0, 1, 1 ], [ 1, 1, 1, 0, 1, 0, 1, 1, 1, 0, 0, 0, 1, 0, 1 ], 
      [ 1, 1, 1, 0, 1, 0, 1, 1, 0, 0, 0, 1, 1, 1, 0 ], [ 1, 0, 1, 0, 0, 1, 0, 1, 0, 0, 0, 1, 0, 1, 0 ], 
      [ 1, 1, 1, 1, 0, 0, 0, 0, 0, 0, 0, 0, 0, 0, 0 ], [ 1, 0, 0, 0, 0, 0, 0, 1, 1, 0, 0, 0, 0, 0, 0 ], 
      [ 1, 0, 0, 0, 0, 0, 0, 0, 0, 0, 0, 0, 0, 0, 1 ], [ 1, 1, 1, 1, 1, 0, 0, 1, 0, 1, 0, 0, 0, 0, 1 ], 
      [ 1, 1, 1, 0, 1, 0, 0, 1, 0, 0, 0, 1, 1, 1, 0 ], [ 1, 0, 1, 0, 0, 1, 0, 1, 0, 0, 0, 0, 0, 0, 1 ], 
      [ 1, 0, 1, 0, 1, 1, 1, 1, 1, 0, 0, 0, 0, 0, 1 ], [ 1, 0, 0, 0, 0, 0, 0, 1, 1, 0, 0, 1, 0, 1, 0 ], 
      [ 1, 1, 1, 1, 0, 0, 0, 0, 1, 0, 0, 1, 0, 1, 1 ], [ 1, 1, 1, 0, 1, 0, 1, 1, 0, 0, 0, 0, 1, 0, 1 ], 
      [ 1, 0, 1, 0, 1, 1, 1, 1, 0, 0, 0, 1, 0, 1, 0 ], [ 1, 1, 1, 0, 1, 0, 0, 1, 1, 0, 0, 0, 1, 1, 1 ], 
      [ 1, 0, 0, 0, 1, 0, 1, 1, 1, 0, 0, 0, 0, 0, 0 ], [ 1, 1, 1, 1, 0, 0, 0, 1, 1, 0, 0, 0, 0, 0, 0 ], 
      [ 1, 1, 1, 0, 1, 0, 0, 1, 0, 1, 0, 1, 1, 1, 0 ], [ 1, 1, 1, 0, 1, 0, 0, 1, 0, 0, 0, 0, 1, 0, 1 ], 
      [ 1, 0, 0, 0, 1, 0, 1, 1, 1, 0, 0, 1, 0, 1, 0 ], [ 1, 1, 1, 0, 1, 0, 0, 1, 0, 0, 0, 0, 1, 1, 1 ], 
      [ 1, 1, 1, 1, 0, 0, 0, 1, 1, 0, 0, 1, 0, 1, 0 ], [ 1, 1, 1, 0, 1, 0, 0, 1, 1, 1, 0, 1, 1, 1, 1 ], 
      [ 1, 1, 1, 1, 1, 0, 1, 1, 1, 0, 0, 0, 0, 0, 0 ], [ 1, 1, 1, 0, 1, 0, 0, 1, 0, 1, 0, 0, 1, 0, 1 ], 
      [ 1, 1, 1, 0, 1, 0, 0, 1, 0, 1, 0, 1, 1, 1, 1 ], [ 1, 1, 1, 1, 1, 0, 1, 1, 1, 0, 0, 1, 0, 1, 0 ], 
      [ 1, 1, 1, 0, 0, 0, 0, 0, 0, 0, 0, 0, 1, 0, 1 ], [ 1, 1, 1, 1, 1, 0, 0, 1, 1, 0, 0, 0, 0, 1, 0 ], 
      [ 1, 1, 1, 1, 1, 0, 1, 1, 0, 0, 0, 0, 0, 0, 0 ], [ 1, 0, 1, 0, 1, 1, 0, 1, 0, 1, 0, 0, 0, 0, 1 ], 
      [ 1, 1, 1, 1, 1, 0, 0, 1, 1, 0, 0, 1, 0, 1, 0 ], [ 1, 1, 1, 0, 0, 0, 0, 0, 0, 0, 0, 1, 1, 1, 1 ], 
      [ 1, 1, 1, 1, 1, 0, 1, 1, 1, 0, 0, 0, 0, 0, 1 ], [ 1, 0, 1, 0, 1, 1, 0, 1, 0, 1, 0, 1, 0, 1, 1 ], 
      [ 1, 0, 0, 0, 0, 0, 0, 0, 1, 0, 0, 1, 0, 1, 0 ], [ 1, 0, 1, 0, 0, 1, 0, 0, 0, 0, 0, 0, 0, 0, 1 ], 
      [ 1, 1, 1, 1, 1, 0, 0, 1, 1, 1, 0, 1, 0, 1, 0 ], [ 1, 0, 0, 0, 1, 0, 0, 1, 0, 1, 0, 0, 0, 0, 0 ], 
      [ 1, 1, 1, 1, 1, 0, 0, 1, 0, 0, 0, 0, 0, 0, 0 ], [ 1, 1, 1, 0, 0, 0, 0, 1, 1, 0, 0, 0, 1, 0, 1 ], 
      [ 1, 0, 1, 0, 0, 1, 0, 1, 1, 0, 0, 1, 0, 1, 0 ], [ 1, 0, 0, 0, 1, 0, 0, 1, 1, 1, 0, 1, 0, 1, 1 ], 
      [ 1, 1, 1, 0, 0, 0, 0, 1, 0, 0, 0, 1, 1, 1, 0 ], [ 1, 0, 1, 0, 0, 1, 0, 0, 0, 0, 0, 1, 0, 1, 1 ], 
      [ 1, 1, 1, 0, 1, 0, 1, 1, 1, 0, 0, 1, 1, 1, 0 ], [ 1, 1, 1, 1, 1, 0, 0, 1, 1, 0, 0, 0, 0, 1, 1 ] ],
  Group := Group( [ ( 1, 8)( 2, 7)( 3, 4)( 5, 6)( 9,49)(10,50)(11,47)(12,51)(13,45)(14,41)(15,48)(16,42)(17,46)(18,43)(19,44)
        (20,52)(21,40)(22,38)(23,35)(24,37)(25,36)(26,34)(27,33)(28,39)(29,31)(30,32), ( 1, 3)( 2, 6)( 4, 8)( 5, 7)( 9,46)(10,42)
        (11,47)(12,51)(13,52)(14,41)(15,44)(16,50)(17,49)(18,43)(19,48)(20,45)(21,36)(22,33)(23,39)(24,34)(25,40)(26,37)(27,38)
        (28,35)(29,30)(31,32) ] ) );
