return rec(
  EXT := [ [ 1, 1, 1, 1, 0, 0, 0, 0, 0, 0, 1, 1, 0, 0, 0 ], [ 1, 0, 0, 0, 0, 0, 1, 0, 0, 1, 1, 1, 1, 1, 0 ], 
      [ 1, 1, 1, 1, 0, 0, 1, 0, 0, 0, 1, 0, 1, 1, 0 ], [ 1, 1, 1, 0, 1, 0, 1, 1, 0, 1, 1, 1, 1, 1, 0 ], 
      [ 1, 1, 0, 0, 1, 1, 0, 0, 0, 1, 1, 1, 0, 1, 0 ], [ 1, 1, 1, 1, 0, 0, 1, 0, 0, 0, 0, 1, 1, 1, 0 ], 
      [ 1, 1, 1, 1, 0, 1, 0, 0, 0, 0, 1, 0, 0, 1, 0 ], [ 1, 1, 1, 1, 0, 1, 1, 0, 0, 0, 1, 1, 1, 0, 0 ], 
      [ 1, 0, 1, 0, 0, 1, 0, 1, 0, 1, 1, 1, 0, 1, 0 ], [ 1, 1, 1, 1, 0, 1, 0, 0, 0, 0, 0, 1, 0, 1, 0 ], 
      [ 1, 0, 0, 0, 0, 0, 0, 0, 0, 1, 1, 1, 0, 0, 1 ], [ 1, 0, 1, 1, 0, 1, 1, 0, 0, 0, 1, 1, 0, 0, 0 ], 
      [ 1, 1, 1, 0, 1, 0, 0, 1, 0, 1, 1, 1, 0, 0, 1 ], [ 1, 0, 1, 1, 0, 1, 1, 0, 0, 0, 1, 0, 0, 1, 0 ], 
      [ 1, 1, 1, 1, 1, 1, 1, 0, 0, 0, 1, 1, 0, 0, 0 ], [ 1, 1, 1, 1, 1, 1, 1, 0, 0, 0, 1, 0, 0, 1, 0 ], 
      [ 1, 0, 1, 1, 0, 1, 1, 0, 0, 0, 0, 1, 0, 1, 0 ], [ 1, 0, 1, 0, 0, 1, 0, 1, 0, 1, 1, 1, 0, 0, 1 ], 
      [ 1, 0, 0, 0, 0, 0, 1, 0, 0, 1, 1, 1, 1, 0, 1 ], [ 1, 1, 0, 0, 1, 1, 1, 0, 0, 1, 1, 1, 1, 0, 1 ], 
      [ 1, 1, 1, 1, 1, 1, 1, 0, 0, 0, 0, 1, 0, 1, 0 ], [ 1, 1, 0, 0, 1, 1, 0, 0, 0, 1, 1, 1, 0, 0, 1 ], 
      [ 1, 1, 1, 0, 1, 0, 1, 1, 0, 1, 1, 1, 1, 0, 1 ], [ 1, 0, 1, 0, 0, 1, 1, 1, 0, 1, 1, 1, 1, 0, 1 ], 
      [ 1, 1, 1, 1, 0, 0, 0, 0, 0, 1, 1, 1, 1, 0, 1 ], [ 1, 1, 1, 0, 0, 0, 0, 0, 0, 0, 1, 1, 1, 0, 1 ], 
      [ 1, 1, 1, 0, 0, 0, 0, 0, 0, 0, 1, 0, 1, 1, 1 ], [ 1, 1, 1, 0, 0, 0, 0, 0, 0, 0, 0, 1, 1, 1, 1 ], 
      [ 1, 1, 1, 1, 0, 0, 0, 0, 0, 1, 1, 0, 1, 1, 1 ], [ 1, 1, 1, 1, 0, 0, 0, 0, 0, 1, 0, 1, 1, 1, 1 ], 
      [ 1, 1, 1, 0, 0, 1, 0, 0, 0, 0, 1, 0, 1, 1, 1 ], [ 1, 1, 1, 1, 0, 1, 0, 0, 0, 1, 1, 1, 1, 0, 1 ], 
      [ 1, 1, 1, 0, 0, 1, 0, 0, 0, 0, 0, 1, 1, 1, 1 ], [ 1, 1, 1, 1, 0, 1, 0, 0, 0, 1, 1, 0, 1, 1, 1 ], 
      [ 1, 1, 1, 0, 0, 1, 0, 0, 0, 0, 1, 1, 1, 0, 1 ], [ 1, 1, 1, 1, 0, 1, 0, 0, 0, 1, 0, 1, 1, 1, 1 ], 
      [ 1, 0, 1, 1, 0, 1, 0, 0, 0, 1, 1, 1, 0, 0, 1 ], [ 1, 0, 1, 0, 0, 1, 1, 0, 0, 0, 1, 0, 1, 1, 1 ], 
      [ 1, 1, 1, 0, 1, 1, 0, 0, 0, 0, 1, 1, 0, 0, 1 ], [ 1, 0, 0, 1, 0, 0, 1, 0, 0, 1, 1, 1, 0, 0, 0 ], 
      [ 1, 1, 1, 1, 1, 1, 1, 0, 0, 1, 1, 0, 1, 1, 1 ], [ 1, 0, 1, 1, 0, 1, 1, 0, 0, 1, 0, 1, 1, 1, 1 ], 
      [ 1, 1, 1, 0, 1, 1, 0, 0, 0, 0, 1, 0, 0, 1, 1 ], [ 1, 1, 1, 0, 1, 0, 1, 1, 0, 0, 1, 1, 0, 0, 0 ], 
      [ 1, 1, 1, 1, 1, 1, 1, 0, 0, 1, 1, 1, 1, 0, 1 ], [ 1, 1, 1, 0, 1, 1, 1, 0, 0, 0, 0, 1, 1, 1, 1 ], 
      [ 1, 0, 1, 1, 0, 1, 0, 0, 0, 1, 1, 0, 0, 1, 1 ], [ 1, 0, 1, 0, 0, 1, 0, 0, 0, 0, 0, 1, 0, 1, 1 ], 
      [ 1, 0, 1, 0, 0, 1, 1, 1, 0, 0, 1, 1, 0, 0, 0 ], [ 1, 0, 1, 0, 0, 1, 1, 0, 0, 0, 1, 1, 1, 0, 1 ], 
      [ 1, 1, 1, 1, 1, 1, 0, 0, 0, 1, 0, 1, 0, 1, 1 ], [ 1, 1, 0, 1, 1, 1, 1, 0, 0, 1, 1, 1, 0, 0, 0 ] ],
  Group := Group( [ ( 2, 4)( 5, 9)(11,13)(12,15)(14,16)(17,21)(18,22)(19,23)(20,24)(25,26)(27,29)(28,30)(31,34)(32,35)(33,36)
        (37,39)(38,41)(40,44)(42,46)(43,47)(45,50)(48,51)(49,52), ( 1, 8)( 2, 9)( 3, 7)( 4, 5)( 6,10)(11,24)(13,20)(18,19)(22,23)
        (25,35)(26,32)(27,34)(28,36)(29,31)(30,33)(37,50)(38,47)(39,45)(40,49)(41,43)(42,48)(44,52)(46,51) ] ) );
