return [ [ 4, 8, 11, 13, 16, 33, 35, 39, 47, 51, 58, 61 ], [ 6, 7, 14, 15, 31, 34, 36, 45, 54, 57, 59, 62, 63 ], 
  [ 6, 7, 10, 14, 15, 31, 36, 50, 54, 61, 62, 63, 64 ], [ 4, 8, 11, 13, 16, 33, 39, 51, 52, 57, 58, 61, 63 ], 
  [ 6, 7, 14, 15, 31, 36, 50, 54, 56, 59, 61, 62, 63, 64 ], [ 6, 10, 14, 15, 31, 36, 50, 51, 52, 54, 61, 62, 63, 64 ], 
  [ 6, 7, 10, 14, 15, 31, 34, 36, 45, 52, 54, 57, 62, 63 ], [ 6, 7, 10, 14, 15, 31, 36, 51, 52, 57, 58, 61, 62, 63, 64 ], 
  [ 6, 8, 11, 12, 13, 14, 16, 31, 34, 35, 39, 56, 58, 61, 64 ], [ 5, 6, 7, 10, 11, 14, 15, 16, 31, 32, 35, 36, 57, 58, 61, 63 ], 
  [ 5, 6, 7, 10, 11, 14, 15, 16, 31, 32, 35, 36, 50, 54, 56, 59, 61, 63 ], 
  [ 5, 6, 7, 11, 14, 15, 16, 31, 32, 35, 36, 56, 57, 58, 59, 61, 62, 63, 64 ], 
  [ 5, 6, 7, 10, 11, 14, 15, 16, 31, 32, 34, 35, 36, 39, 44, 45, 54, 57, 59, 63 ], 
  [ 6, 11, 13, 14, 15, 16, 31, 34, 35, 37, 39, 40, 56, 57, 58, 59, 61, 62, 63, 64 ], 
  [ 1, 2, 3, 5, 8, 9, 19, 24, 25, 32, 33, 38, 51, 52, 55, 60, 61, 62, 63, 64 ], 
  [ 1, 2, 5, 8, 17, 18, 19, 21, 24, 26, 32, 33, 41, 42, 44, 47, 49, 51, 52, 53, 55, 57, 58, 60, 61, 62, 63, 64 ], 
  [ 1, 2, 4, 5, 8, 10, 11, 16, 17, 18, 19, 21, 23, 24, 26, 28, 32, 33, 35, 39, 41, 42, 44, 47, 51, 52, 57, 58, 61, 63 ], 
  [ 1, 2, 3, 4, 5, 6, 7, 8, 9, 10, 11, 12, 13, 14, 15, 16, 19, 24, 25, 29, 32, 33, 36, 38, 51, 52, 57, 58, 61, 62, 63, 64 ], 
  [ 1, 2, 4, 5, 8, 10, 11, 16, 17, 18, 19, 21, 23, 24, 26, 28, 32, 33, 35, 39, 41, 42, 44, 47, 49, 50, 53, 54, 55, 56, 59, 60, 
      61, 63 ], [ 3, 5, 8, 9, 11, 13, 15, 16, 20, 21, 22, 25, 26, 32, 33, 35, 37, 38, 39, 40, 43, 44, 47, 48, 51, 52, 55, 56, 
      57, 58, 59, 60, 61, 62, 63, 64 ], [ 1, 2, 3, 4, 5, 6, 7, 8, 9, 10, 11, 12, 13, 14, 15, 16, 19, 24, 25, 29, 32, 33, 36, 38, 
      49, 50, 53, 54, 55, 56, 59, 60, 61, 62, 63, 64 ], [ 1, 3, 5, 6, 7, 10, 11, 15, 17, 18, 20, 21, 22, 23, 26, 27, 28, 30, 31, 
      34, 35, 37, 39, 40, 41, 43, 44, 45, 49, 52, 54, 55, 57, 59, 62, 63 ], 
  [ 1, 2, 3, 4, 9, 10, 13, 15, 17, 18, 19, 20, 22, 23, 24, 25, 28, 37, 38, 40, 41, 42, 43, 48, 49, 50, 51, 52, 53, 54, 55, 56, 
      59, 60, 61, 62, 63, 64 ], [ 1, 2, 3, 4, 5, 6, 7, 8, 9, 10, 11, 12, 13, 14, 15, 16, 17, 18, 20, 21, 22, 23, 26, 27, 28, 30, 
      31, 34, 35, 37, 39, 40, 51, 52, 57, 58, 61, 62, 63, 64 ], [ 4, 6, 10, 11, 13, 14, 15, 16, 19, 23, 24, 25, 28, 29, 31, 32, 
      33, 34, 35, 36, 37, 38, 39, 40, 41, 42, 43, 44, 45, 46, 47, 48, 50, 51, 52, 54, 56, 57, 58, 59, 61, 63 ], 
  [ 1, 2, 3, 4, 5, 8, 9, 10, 11, 13, 15, 16, 17, 18, 19, 20, 21, 22, 23, 24, 25, 26, 28, 32, 33, 35, 37, 38, 39, 40, 41, 42, 43, 
      44, 47, 48, 51, 52, 55, 56, 59, 60, 61, 63 ], [ 1, 2, 3, 4, 5, 6, 7, 8, 9, 10, 11, 12, 13, 14, 15, 16, 17, 19, 20, 21, 23, 
      24, 25, 27, 29, 31, 32, 33, 35, 36, 37, 38, 42, 46, 47, 48, 50, 51, 53, 56, 58, 60, 61, 64 ], 
  [ 1, 2, 3, 4, 5, 6, 7, 8, 9, 10, 11, 12, 13, 14, 15, 16, 17, 18, 20, 21, 22, 23, 26, 27, 28, 30, 31, 34, 35, 37, 39, 40, 49, 
      50, 53, 54, 55, 56, 59, 60, 61, 62, 63, 64 ], [ 1, 3, 5, 6, 7, 10, 11, 15, 17, 19, 20, 21, 23, 24, 25, 27, 29, 31, 32, 33, 
      35, 36, 37, 38, 41, 42, 43, 44, 45, 46, 47, 48, 49, 50, 51, 52, 53, 54, 55, 56, 57, 58, 59, 60, 61, 62, 63, 64 ], 
  [ 2, 5, 7, 9, 10, 14, 15, 16, 17, 18, 20, 21, 22, 23, 24, 26, 27, 28, 30, 31, 32, 34, 35, 36, 37, 38, 39, 40, 41, 42, 43, 44, 
      45, 46, 47, 48, 49, 50, 51, 52, 53, 54, 55, 56, 57, 58, 59, 60, 61, 62, 63, 64 ], 
  [ 1, 2, 3, 4, 5, 6, 7, 8, 9, 10, 11, 12, 13, 14, 15, 16, 17, 18, 19, 20, 21, 22, 23, 24, 25, 26, 27, 28, 29, 30, 31, 32, 33, 
      34, 35, 36, 37, 38, 39, 40, 41, 42, 43, 44, 45, 46, 47, 48, 51, 52, 57, 58 ], 
  [ 1, 2, 3, 4, 5, 6, 7, 8, 9, 10, 11, 12, 13, 14, 15, 16, 17, 18, 19, 20, 21, 22, 23, 24, 25, 26, 27, 28, 29, 30, 31, 32, 33, 
      34, 35, 36, 37, 38, 39, 40, 41, 42, 43, 44, 45, 46, 47, 48, 49, 50, 53, 54, 55, 56, 59, 60 ] ];
