return [ [ 7, 16, 17, 18, 19, 34, 38, 47, 48, 52, 55 ], [ 7, 13, 16, 17, 18, 19, 34, 47, 48, 52, 55 ], 
  [ 1, 5, 7, 14, 16, 17, 18, 19, 38, 47, 52 ], [ 5, 7, 13, 14, 16, 17, 18, 19, 38, 47, 52 ], 
  [ 12, 13, 15, 19, 20, 21, 36, 37, 50, 55, 56 ], [ 7, 12, 16, 18, 22, 34, 38, 47, 48, 52, 55 ], 
  [ 7, 16, 17, 18, 22, 34, 38, 47, 48, 52, 55 ], [ 7, 16, 18, 19, 23, 34, 38, 47, 48, 52, 55 ], 
  [ 1, 5, 7, 13, 16, 17, 19, 33, 43, 45, 47, 54 ], [ 1, 5, 7, 16, 17, 18, 19, 34, 38, 47, 48, 52 ], 
  [ 3, 8, 10, 13, 15, 18, 19, 21, 33, 50, 51, 55 ], [ 7, 12, 13, 19, 20, 21, 36, 37, 48, 50, 55, 56 ], 
  [ 7, 12, 13, 15, 20, 21, 25, 36, 37, 50, 55, 56 ], [ 7, 18, 19, 21, 23, 27, 34, 38, 47, 48, 52, 55 ], 
  [ 5, 7, 13, 16, 17, 18, 19, 36, 38, 47, 48, 52, 55 ], [ 1, 5, 7, 14, 16, 17, 18, 22, 34, 38, 47, 48, 52 ], 
  [ 1, 5, 7, 14, 16, 18, 19, 23, 34, 38, 47, 48, 52 ], [ 1, 5, 7, 10, 14, 16, 18, 19, 23, 35, 38, 46, 47 ], 
  [ 1, 5, 7, 13, 14, 16, 17, 18, 19, 26, 45, 47, 52 ], [ 8, 9, 18, 19, 21, 23, 27, 34, 38, 47, 48, 52, 55 ], 
  [ 5, 7, 13, 16, 17, 19, 33, 36, 40, 43, 47, 48, 52, 54 ], [ 7, 13, 14, 16, 17, 19, 21, 31, 40, 41, 43, 44, 52, 53 ], 
  [ 2, 6, 10, 12, 13, 18, 19, 23, 35, 37, 47, 50, 51, 55 ], [ 3, 7, 10, 12, 13, 15, 18, 21, 25, 33, 45, 50, 51, 55 ], 
  [ 3, 13, 15, 21, 25, 26, 31, 39, 40, 41, 51, 52, 55, 56 ], [ 1, 5, 7, 10, 13, 14, 16, 17, 18, 19, 35, 38, 45, 46, 47 ], 
  [ 1, 5, 7, 10, 14, 16, 17, 18, 22, 35, 38, 45, 46, 47, 49 ], [ 3, 8, 13, 15, 19, 21, 26, 31, 39, 40, 41, 51, 52, 55, 56 ], 
  [ 1, 5, 7, 13, 14, 16, 17, 19, 33, 35, 43, 44, 45, 46, 47, 53 ], [ 1, 5, 6, 7, 13, 16, 17, 19, 20, 33, 34, 45, 47, 48, 50, 54 ]
    , [ 1, 5, 6, 7, 16, 17, 20, 22, 33, 34, 45, 47, 48, 49, 50, 54 ], 
  [ 1, 5, 7, 8, 9, 14, 18, 19, 21, 23, 27, 34, 38, 47, 48, 52 ], [ 1, 5, 7, 8, 9, 10, 14, 18, 19, 21, 23, 27, 35, 38, 46, 47 ], 
  [ 5, 7, 13, 14, 16, 17, 19, 33, 35, 36, 38, 40, 41, 43, 44, 47, 52 ], 
  [ 5, 7, 13, 14, 16, 17, 19, 33, 35, 36, 38, 40, 41, 43, 44, 46, 53 ], 
  [ 2, 6, 8, 9, 10, 12, 18, 19, 21, 23, 27, 35, 37, 47, 50, 51, 55 ], 
  [ 1, 4, 5, 7, 14, 16, 17, 22, 33, 35, 43, 44, 45, 46, 47, 49, 53, 54 ], 
  [ 5, 8, 9, 10, 14, 15, 19, 21, 23, 27, 33, 35, 36, 38, 40, 41, 43, 44, 46, 53 ], 
  [ 1, 5, 6, 7, 11, 13, 16, 17, 18, 19, 20, 26, 28, 34, 42, 45, 47, 48, 52, 54 ], 
  [ 5, 7, 10, 12, 13, 14, 15, 16, 19, 21, 23, 27, 33, 35, 36, 38, 40, 41, 43, 44, 46, 53 ], 
  [ 1, 4, 5, 6, 7, 11, 14, 16, 17, 18, 20, 22, 26, 28, 34, 42, 45, 47, 48, 49, 52, 54 ], 
  [ 1, 3, 4, 7, 8, 11, 13, 14, 16, 17, 19, 21, 26, 31, 42, 43, 44, 45, 47, 51, 52, 53, 54 ], 
  [ 5, 7, 10, 12, 13, 14, 15, 16, 17, 22, 24, 25, 33, 35, 36, 38, 40, 41, 43, 44, 45, 46, 49, 53 ], 
  [ 1, 3, 4, 5, 7, 8, 11, 13, 14, 15, 16, 17, 19, 21, 26, 28, 31, 40, 42, 43, 45, 52, 53, 54 ], 
  [ 6, 8, 9, 11, 18, 19, 20, 21, 23, 26, 27, 28, 34, 37, 39, 42, 47, 48, 50, 51, 52, 54, 55, 56 ], 
  [ 2, 3, 6, 8, 9, 10, 11, 12, 13, 15, 18, 19, 20, 21, 23, 26, 27, 28, 37, 39, 50, 51, 55, 56 ], 
  [ 6, 7, 11, 12, 13, 16, 18, 19, 20, 21, 23, 26, 27, 28, 34, 37, 39, 42, 47, 48, 50, 51, 52, 54, 55, 56 ], 
  [ 7, 12, 13, 16, 17, 19, 21, 22, 23, 24, 25, 27, 29, 30, 31, 32, 33, 35, 36, 38, 40, 41, 43, 44, 46, 53 ], 
  [ 6, 7, 11, 12, 13, 16, 17, 18, 20, 22, 24, 25, 26, 28, 34, 37, 39, 42, 45, 47, 48, 49, 50, 51, 52, 54, 55, 56 ], 
  [ 3, 4, 8, 9, 11, 13, 14, 15, 16, 19, 21, 23, 26, 27, 28, 31, 32, 39, 40, 41, 42, 43, 44, 51, 52, 53, 54, 56 ], 
  [ 5, 8, 9, 10, 14, 15, 18, 19, 20, 21, 23, 26, 27, 28, 33, 35, 36, 38, 40, 41, 43, 44, 47, 48, 50, 51, 52, 54, 55, 56 ], 
  [ 8, 9, 19, 21, 23, 27, 29, 30, 31, 32, 33, 34, 35, 36, 37, 38, 39, 40, 41, 42, 43, 44, 47, 48, 50, 51, 52, 54, 55, 56 ], 
  [ 5, 7, 10, 12, 13, 14, 15, 16, 18, 19, 20, 21, 23, 26, 27, 28, 33, 35, 36, 38, 40, 41, 43, 44, 47, 48, 50, 51, 52, 54, 55, 56 
     ], [ 3, 4, 7, 11, 12, 13, 14, 15, 16, 17, 21, 22, 24, 25, 26, 27, 28, 31, 32, 39, 40, 41, 42, 43, 44, 45, 49, 51, 52, 53, 
      54, 56 ], [ 1, 3, 5, 7, 8, 10, 13, 14, 15, 17, 18, 19, 21, 25, 26, 29, 31, 33, 35, 36, 38, 40, 41, 43, 44, 45, 46, 47, 51, 
      52, 53, 55 ], [ 5, 7, 10, 12, 13, 14, 15, 16, 17, 18, 20, 22, 24, 25, 26, 28, 33, 35, 36, 38, 40, 41, 43, 44, 45, 47, 48, 
      49, 50, 51, 52, 54, 55, 56 ], [ 1, 4, 5, 7, 8, 9, 14, 16, 17, 19, 21, 22, 23, 27, 29, 30, 31, 32, 33, 34, 35, 36, 38, 40, 
      41, 42, 43, 44, 46, 47, 48, 52, 53, 54 ], [ 1, 2, 3, 4, 5, 6, 7, 8, 9, 10, 11, 12, 13, 14, 15, 16, 18, 19, 20, 21, 23, 26, 
      27, 28, 33, 35, 43, 44, 45, 46, 47, 49, 50, 51, 53, 54 ], [ 1, 3, 5, 6, 7, 8, 11, 13, 15, 17, 18, 19, 20, 21, 25, 26, 28, 
      29, 31, 33, 34, 36, 37, 39, 40, 42, 43, 45, 47, 48, 50, 51, 52, 54, 55, 56 ], 
  [ 7, 12, 13, 16, 17, 19, 21, 22, 23, 24, 25, 27, 29, 30, 31, 32, 33, 34, 35, 36, 37, 38, 39, 40, 41, 42, 43, 44, 47, 48, 50, 
      51, 52, 54, 55, 56 ], [ 1, 2, 3, 4, 6, 7, 8, 9, 11, 12, 13, 16, 17, 19, 21, 22, 23, 24, 25, 27, 29, 30, 31, 32, 33, 34, 
      35, 37, 39, 42, 43, 44, 45, 46, 47, 49, 50, 51, 53, 54 ], 
  [ 1, 2, 3, 4, 6, 7, 8, 9, 10, 11, 12, 13, 14, 16, 17, 18, 19, 21, 22, 23, 24, 25, 26, 27, 29, 30, 31, 32, 34, 35, 37, 38, 39, 
      41, 42, 44, 45, 46, 47, 49, 51, 52, 53, 55 ], [ 1, 2, 3, 4, 5, 6, 7, 8, 9, 10, 11, 12, 13, 14, 15, 16, 17, 18, 19, 20, 21, 
      22, 23, 24, 25, 26, 27, 28, 29, 30, 31, 32, 34, 36, 37, 38, 39, 40, 41, 42, 45, 46, 48, 49, 52, 53, 55, 56 ], 
  [ 1, 2, 3, 4, 5, 6, 8, 9, 10, 11, 13, 14, 15, 16, 17, 18, 19, 20, 22, 23, 24, 25, 26, 28, 29, 30, 31, 32, 33, 34, 35, 36, 37, 
      38, 39, 40, 41, 42, 43, 44, 45, 46, 47, 48, 49, 50, 51, 52, 53, 54, 55, 56 ] ];
