return [ [ 1, 2, 3, 7, 8, 17, 31, 33, 37, 47, 52 ], [ 6, 12, 14, 15, 19, 31, 33, 34, 48, 50, 56 ], 
  [ 1, 2, 4, 6, 10, 17, 31, 34, 37, 47, 48, 52 ], [ 1, 2, 3, 5, 7, 17, 18, 33, 42, 46, 47, 52 ], 
  [ 1, 2, 3, 5, 7, 9, 17, 18, 33, 42, 46, 47 ], [ 1, 2, 3, 7, 8, 9, 17, 18, 33, 42, 46, 47 ], 
  [ 3, 5, 7, 9, 13, 18, 21, 35, 40, 41, 44, 54 ], [ 3, 5, 7, 9, 13, 18, 21, 36, 41, 44, 46, 54 ], 
  [ 2, 6, 8, 16, 21, 23, 34, 37, 50, 52, 55, 56 ], [ 2, 6, 8, 12, 16, 21, 23, 34, 37, 50, 55, 56 ], 
  [ 6, 8, 12, 14, 16, 21, 23, 34, 37, 50, 55, 56 ], [ 2, 3, 5, 7, 9, 17, 18, 26, 42, 46, 47, 52 ], 
  [ 1, 2, 3, 7, 8, 9, 17, 31, 33, 37, 39, 42, 47 ], [ 1, 2, 3, 4, 5, 17, 20, 34, 37, 46, 47, 48, 52 ], 
  [ 1, 2, 4, 5, 6, 10, 17, 31, 34, 37, 39, 42, 47, 48 ], [ 1, 2, 3, 7, 8, 17, 18, 33, 37, 42, 46, 47, 50, 52 ], 
  [ 1, 2, 4, 5, 6, 10, 17, 20, 34, 37, 46, 47, 48, 52 ], [ 1, 2, 4, 5, 6, 10, 17, 19, 20, 32, 34, 46, 47, 48 ], 
  [ 1, 2, 4, 6, 10, 17, 22, 31, 34, 47, 48, 52, 53, 56 ], [ 3, 8, 12, 13, 14, 18, 21, 23, 33, 34, 37, 45, 48, 50 ], 
  [ 1, 5, 7, 10, 11, 26, 36, 39, 42, 43, 46, 47, 52, 53 ], [ 2, 3, 5, 7, 9, 13, 17, 18, 26, 36, 42, 45, 46, 54 ], 
  [ 1, 4, 5, 9, 10, 15, 19, 33, 34, 35, 39, 40, 47, 48, 51 ], [ 1, 2, 5, 6, 10, 17, 20, 34, 37, 42, 46, 47, 48, 50, 52 ], 
  [ 1, 2, 4, 5, 6, 9, 10, 15, 17, 19, 32, 34, 39, 43, 47, 48 ], [ 1, 2, 3, 5, 17, 18, 20, 33, 34, 37, 42, 46, 47, 48, 50, 52 ], 
  [ 1, 2, 4, 6, 10, 17, 19, 20, 22, 25, 32, 34, 46, 47, 48, 52, 53 ], 
  [ 2, 3, 5, 7, 9, 17, 18, 26, 33, 34, 35, 40, 42, 47, 48, 51, 52 ], 
  [ 2, 3, 5, 7, 9, 13, 18, 29, 32, 33, 34, 35, 40, 41, 44, 45, 54 ], 
  [ 1, 2, 3, 7, 8, 9, 17, 30, 31, 36, 37, 38, 39, 42, 43, 46, 47 ], 
  [ 2, 3, 5, 7, 9, 13, 17, 18, 26, 33, 34, 35, 40, 42, 45, 48, 51, 54 ], 
  [ 2, 3, 5, 7, 9, 10, 13, 16, 18, 21, 26, 36, 40, 42, 44, 46, 52, 54 ], 
  [ 1, 2, 5, 7, 10, 17, 18, 20, 26, 33, 34, 35, 40, 42, 46, 47, 48, 50, 51, 52 ], 
  [ 1, 2, 3, 4, 5, 7, 9, 10, 17, 26, 31, 33, 34, 35, 37, 39, 40, 42, 47, 48, 51, 52 ], 
  [ 1, 4, 5, 6, 10, 11, 14, 15, 19, 20, 22, 25, 29, 32, 33, 34, 35, 40, 41, 44, 48, 51 ], 
  [ 1, 2, 3, 4, 5, 7, 9, 10, 17, 26, 30, 31, 36, 37, 38, 39, 42, 43, 46, 47, 52, 53 ], 
  [ 1, 4, 5, 6, 10, 11, 14, 15, 19, 20, 22, 25, 31, 33, 34, 35, 37, 39, 40, 42, 47, 48, 50, 51, 52, 56 ], 
  [ 1, 2, 6, 7, 8, 10, 11, 16, 17, 23, 26, 28, 31, 33, 34, 35, 37, 39, 40, 42, 47, 48, 50, 51, 52, 56 ], 
  [ 3, 4, 5, 9, 12, 13, 14, 15, 18, 19, 20, 21, 22, 24, 25, 27, 29, 32, 33, 34, 35, 40, 41, 44, 45, 48, 51, 54 ], 
  [ 1, 2, 6, 7, 8, 10, 11, 16, 17, 23, 26, 28, 30, 31, 36, 37, 38, 39, 42, 43, 46, 47, 49, 50, 52, 53, 55, 56 ], 
  [ 3, 4, 5, 9, 12, 13, 14, 15, 18, 19, 20, 21, 22, 24, 25, 27, 31, 33, 34, 35, 37, 39, 40, 42, 47, 48, 50, 51, 52, 56 ], 
  [ 2, 3, 7, 8, 9, 12, 13, 16, 17, 18, 21, 23, 24, 26, 27, 28, 31, 33, 34, 35, 37, 39, 40, 42, 45, 47, 48, 50, 51, 52, 54, 56 ], 
  [ 1, 2, 3, 4, 5, 7, 9, 10, 17, 18, 19, 20, 21, 22, 24, 25, 26, 27, 29, 32, 33, 34, 35, 40, 41, 44, 45, 46, 47, 48, 51, 52, 53, 
      54 ], [ 1, 4, 5, 6, 10, 11, 14, 15, 17, 19, 20, 22, 23, 25, 26, 28, 30, 31, 36, 37, 38, 39, 42, 43, 46, 47, 48, 49, 50, 
      51, 52, 53, 55, 56 ], [ 5, 7, 9, 10, 11, 13, 15, 16, 18, 19, 20, 21, 22, 24, 25, 26, 27, 28, 35, 36, 39, 40, 41, 42, 43, 
      44, 46, 47, 49, 50, 51, 52, 53, 54, 55, 56 ], [ 3, 4, 5, 7, 9, 10, 11, 12, 13, 14, 15, 16, 21, 22, 25, 26, 27, 28, 30, 31, 
      35, 36, 37, 38, 39, 40, 41, 42, 43, 44, 51, 52, 53, 54, 55, 56 ], 
  [ 1, 2, 5, 6, 7, 8, 9, 10, 11, 13, 15, 16, 17, 18, 19, 20, 23, 24, 26, 28, 29, 32, 33, 34, 35, 36, 39, 40, 41, 42, 43, 44, 45, 
      46, 47, 48, 49, 50, 51, 54 ], [ 1, 2, 4, 6, 7, 8, 9, 10, 11, 12, 15, 16, 17, 19, 22, 23, 24, 26, 27, 28, 29, 31, 32, 33, 
      34, 35, 38, 39, 40, 41, 43, 44, 45, 47, 48, 49, 51, 53, 54, 56 ], 
  [ 1, 2, 6, 7, 8, 10, 11, 16, 17, 18, 19, 20, 21, 22, 23, 24, 25, 26, 27, 28, 29, 32, 33, 34, 35, 40, 41, 44, 45, 46, 47, 48, 
      49, 50, 51, 52, 53, 54, 55, 56 ], [ 1, 2, 3, 4, 5, 6, 7, 8, 9, 10, 11, 12, 13, 14, 15, 16, 17, 23, 26, 28, 29, 30, 31, 32, 
      33, 34, 35, 36, 37, 38, 39, 40, 41, 42, 43, 44, 45, 48, 51, 54 ], 
  [ 2, 3, 4, 5, 6, 9, 10, 12, 13, 14, 15, 16, 17, 18, 19, 20, 21, 22, 23, 24, 25, 26, 27, 28, 30, 31, 32, 34, 36, 37, 38, 39, 
      40, 42, 43, 44, 45, 46, 47, 48, 49, 50, 51, 52, 53, 54, 55, 56 ], 
  [ 1, 2, 3, 4, 5, 6, 7, 8, 9, 10, 11, 12, 13, 14, 15, 16, 18, 19, 20, 21, 22, 24, 25, 27, 29, 30, 31, 32, 33, 34, 35, 36, 37, 
      38, 39, 40, 41, 42, 43, 44, 46, 47, 49, 50, 52, 53, 55, 56 ] ];
