return [ [ 24, 25, 35, 40, 41, 50, 53, 54, 56, 57, 58, 61 ], [ 19, 24, 25, 35, 40, 48, 50, 53, 54, 56, 57, 58, 61 ], 
  [ 6, 13, 15, 16, 18, 22, 23, 31, 32, 46, 47, 52, 55, 62, 63 ], [ 6, 13, 14, 15, 18, 22, 24, 31, 34, 45, 47, 52, 58, 59, 62 ], 
  [ 9, 19, 23, 24, 34, 35, 40, 45, 48, 50, 56, 57, 59, 61, 64 ], [ 16, 25, 32, 33, 37, 39, 40, 41, 44, 48, 50, 53, 56, 57, 61 ], 
  [ 5, 19, 21, 24, 25, 35, 44, 48, 50, 53, 54, 56, 57, 58, 61 ], [ 1, 9, 12, 23, 24, 34, 35, 40, 41, 45, 50, 56, 57, 59, 61, 64 ]
    , [ 5, 9, 19, 21, 23, 24, 34, 35, 45, 48, 50, 56, 57, 59, 61, 64 ], 
  [ 1, 9, 12, 16, 25, 32, 35, 40, 41, 46, 50, 56, 57, 58, 61, 63 ], 
  [ 4, 5, 13, 16, 18, 22, 25, 31, 33, 42, 44, 47, 52, 54, 55, 62 ], 
  [ 4, 5, 6, 13, 16, 18, 20, 22, 23, 31, 32, 33, 44, 47, 52, 55, 62 ], 
  [ 14, 16, 24, 25, 37, 39, 40, 41, 44, 48, 50, 53, 54, 56, 57, 58, 61 ], 
  [ 11, 19, 20, 23, 27, 32, 33, 35, 40, 48, 50, 53, 55, 56, 57, 61, 63 ], 
  [ 12, 20, 21, 23, 27, 32, 33, 35, 41, 44, 50, 53, 55, 56, 57, 61, 63 ], 
  [ 11, 14, 19, 24, 27, 35, 40, 43, 45, 48, 50, 53, 54, 56, 57, 58, 61 ], 
  [ 12, 14, 21, 24, 27, 35, 41, 43, 44, 45, 50, 53, 54, 56, 57, 58, 61 ], 
  [ 1, 11, 12, 20, 23, 27, 32, 33, 35, 40, 41, 50, 53, 55, 56, 57, 61, 63 ], 
  [ 1, 11, 12, 14, 24, 27, 35, 40, 41, 43, 45, 50, 53, 54, 56, 57, 58, 61 ], 
  [ 11, 16, 19, 25, 27, 32, 33, 35, 40, 42, 46, 48, 50, 53, 55, 56, 57, 61, 63 ], 
  [ 12, 16, 21, 25, 27, 32, 33, 35, 41, 42, 44, 46, 50, 53, 55, 56, 57, 61, 63 ], 
  [ 7, 9, 16, 19, 24, 25, 32, 35, 39, 40, 41, 46, 48, 50, 53, 56, 57, 58, 61, 63 ], 
  [ 1, 11, 12, 16, 25, 27, 32, 33, 35, 40, 41, 42, 46, 50, 53, 55, 56, 57, 61, 63 ], 
  [ 1, 3, 4, 5, 6, 12, 13, 16, 20, 23, 31, 32, 33, 44, 47, 48, 50, 51, 52, 55, 59 ], 
  [ 5, 7, 9, 10, 19, 21, 24, 25, 35, 41, 42, 44, 46, 50, 53, 54, 57, 58, 61, 62, 63 ], 
  [ 1, 7, 9, 10, 11, 19, 24, 25, 26, 35, 40, 41, 42, 46, 50, 53, 54, 57, 58, 61, 63 ], 
  [ 3, 4, 5, 6, 12, 16, 20, 21, 23, 27, 31, 32, 33, 44, 48, 50, 55, 56, 57, 59, 61 ], 
  [ 5, 7, 9, 16, 19, 21, 24, 25, 32, 35, 39, 41, 44, 46, 48, 50, 53, 56, 57, 58, 61, 62, 63 ], 
  [ 3, 5, 6, 7, 9, 12, 16, 19, 21, 23, 24, 27, 31, 32, 34, 35, 38, 39, 41, 44, 45, 46, 48, 50, 53, 56, 57, 58, 59, 61, 62, 63 ], 
  [ 1, 4, 5, 6, 9, 10, 12, 13, 16, 18, 20, 21, 22, 23, 25, 28, 31, 32, 33, 41, 42, 44, 46, 50, 52, 54, 55, 57, 58, 61, 62, 63 ], 
  [ 5, 7, 8, 9, 10, 13, 15, 17, 18, 19, 21, 22, 24, 25, 26, 28, 29, 31, 35, 36, 38, 42, 43, 45, 46, 49, 54, 58, 60, 62, 63, 64 ],
  [ 1, 3, 5, 6, 7, 8, 9, 10, 12, 13, 16, 17, 19, 21, 22, 23, 24, 25, 26, 28, 31, 32, 34, 35, 38, 39, 40, 41, 45, 46, 48, 49, 50, 
      51, 56, 58, 59, 60, 61, 62, 63, 64 ], [ 1, 3, 4, 5, 6, 8, 9, 10, 11, 12, 13, 16, 17, 18, 19, 20, 21, 22, 23, 25, 26, 27, 
      28, 29, 31, 32, 33, 35, 36, 38, 40, 42, 43, 45, 46, 48, 50, 51, 54, 55, 56, 57, 58, 59, 60, 61, 63, 64 ], 
  [ 2, 3, 4, 6, 7, 8, 9, 10, 12, 14, 15, 16, 17, 18, 20, 21, 22, 23, 24, 25, 27, 28, 30, 31, 32, 33, 34, 35, 36, 37, 38, 39, 41, 
      42, 43, 44, 45, 46, 47, 49, 52, 53, 54, 55, 56, 57, 58, 59, 61, 62, 63, 64 ], 
  [ 1, 2, 3, 4, 6, 7, 8, 9, 10, 11, 12, 14, 15, 16, 17, 18, 20, 22, 23, 24, 25, 26, 27, 28, 30, 32, 33, 34, 35, 36, 37, 38, 39, 
      40, 41, 42, 43, 45, 46, 47, 49, 51, 52, 53, 54, 55, 56, 57, 58, 59, 61, 63, 64 ], 
  [ 1, 2, 3, 4, 5, 7, 8, 9, 11, 12, 13, 14, 15, 16, 17, 18, 19, 21, 24, 25, 26, 27, 28, 29, 31, 32, 33, 35, 36, 37, 38, 39, 40, 
      41, 42, 43, 44, 45, 46, 47, 48, 49, 50, 51, 52, 53, 54, 55, 56, 57, 58, 60, 62, 63 ] ];
