return rec(
  EXT := [ [ 1, 0, 0, 0, 0, 0, 0, 0, 0, 0, 0, 0, 0, 0, 0 ], [ 1, 0, 1, 0, 0, 1, 0, 1, 1, 0, 0, 0, 0, 0, 1 ], 
      [ 1, 1, 1, 0, 1, 0, 0, 1, 0, 0, 1, 1, 0, 0, 0 ], [ 1, 0, 0, 0, 0, 0, 0, 0, 1, 0, 0, 1, 0, 1, 1 ], 
      [ 1, 1, 0, 0, 1, 1, 0, 0, 0, 0, 1, 0, 0, 1, 0 ], [ 1, 0, 1, 0, 0, 1, 0, 1, 0, 0, 0, 1, 0, 1, 0 ], 
      [ 1, 1, 1, 0, 1, 0, 0, 1, 1, 0, 1, 0, 0, 1, 1 ], [ 1, 1, 0, 0, 1, 1, 0, 0, 1, 0, 1, 1, 0, 0, 1 ], 
      [ 1, 1, 1, 1, 0, 0, 0, 0, 0, 0, 0, 0, 0, 0, 0 ], [ 1, 0, 0, 0, 0, 0, 0, 1, 1, 0, 0, 0, 0, 0, 0 ], 
      [ 1, 0, 0, 0, 0, 0, 0, 0, 0, 0, 0, 0, 1, 1, 0 ], [ 1, 0, 0, 0, 0, 0, 0, 0, 0, 0, 0, 0, 0, 0, 1 ], 
      [ 1, 1, 0, 0, 1, 1, 0, 0, 0, 0, 0, 0, 1, 1, 0 ], [ 1, 1, 1, 1, 0, 0, 0, 0, 0, 0, 1, 1, 0, 0, 0 ], 
      [ 1, 1, 1, 1, 0, 1, 0, 0, 1, 0, 0, 0, 0, 0, 1 ], [ 1, 1, 1, 0, 1, 0, 0, 1, 0, 0, 0, 1, 1, 1, 0 ], 
      [ 1, 0, 1, 0, 0, 1, 0, 1, 0, 0, 0, 0, 0, 0, 1 ], [ 1, 1, 1, 0, 1, 0, 0, 1, 0, 0, 1, 0, 0, 0, 1 ], 
      [ 1, 0, 0, 0, 0, 0, 0, 1, 1, 0, 0, 1, 0, 1, 0 ], [ 1, 0, 1, 0, 0, 1, 0, 1, 1, 0, 0, 0, 1, 1, 1 ], 
      [ 1, 1, 0, 0, 1, 0, 0, 1, 1, 0, 1, 1, 0, 0, 0 ], [ 1, 0, 0, 0, 0, 0, 0, 0, 1, 0, 0, 1, 1, 1, 1 ], 
      [ 1, 1, 0, 0, 1, 1, 0, 0, 0, 0, 1, 0, 0, 0, 1 ], [ 1, 1, 1, 1, 0, 0, 0, 0, 1, 0, 0, 1, 0, 1, 1 ], 
      [ 1, 1, 1, 1, 0, 1, 0, 0, 0, 0, 1, 0, 0, 1, 0 ], [ 1, 1, 0, 0, 1, 0, 0, 1, 1, 0, 1, 0, 0, 1, 0 ], 
      [ 1, 0, 1, 0, 0, 1, 0, 1, 0, 0, 0, 1, 1, 1, 0 ], [ 1, 1, 1, 0, 1, 0, 0, 1, 1, 0, 0, 0, 1, 1, 1 ], 
      [ 1, 1, 1, 1, 0, 0, 0, 0, 1, 0, 1, 0, 0, 1, 1 ], [ 1, 1, 1, 1, 0, 1, 0, 0, 0, 0, 0, 1, 0, 1, 0 ], 
      [ 1, 1, 0, 0, 1, 1, 0, 0, 1, 0, 0, 1, 1, 1, 1 ], [ 1, 1, 1, 1, 0, 1, 0, 0, 1, 0, 1, 1, 0, 0, 1 ], 
      [ 1, 1, 0, 1, 0, 0, 0, 0, 1, 0, 0, 0, 0, 0, 0 ], [ 1, 1, 1, 1, 0, 0, 0, 1, 1, 0, 0, 0, 0, 0, 0 ], 
      [ 1, 0, 0, 0, 0, 0, 0, 0, 0, 0, 0, 0, 1, 0, 1 ], [ 1, 1, 0, 0, 1, 1, 0, 0, 0, 0, 0, 0, 1, 0, 1 ], 
      [ 1, 1, 0, 1, 0, 0, 0, 0, 1, 0, 1, 1, 0, 0, 0 ], [ 1, 0, 0, 0, 0, 0, 0, 0, 0, 0, 0, 0, 1, 1, 1 ], 
      [ 1, 1, 1, 0, 1, 0, 0, 1, 0, 0, 0, 0, 1, 0, 1 ], [ 1, 0, 1, 0, 0, 1, 0, 1, 0, 0, 0, 0, 1, 0, 1 ], 
      [ 1, 1, 1, 1, 0, 0, 0, 1, 1, 0, 1, 1, 0, 0, 0 ], [ 1, 1, 0, 0, 1, 1, 0, 0, 0, 0, 0, 0, 1, 1, 1 ], 
      [ 1, 1, 0, 1, 0, 0, 0, 0, 1, 0, 0, 1, 0, 1, 0 ], [ 1, 1, 1, 0, 1, 0, 0, 1, 0, 0, 0, 0, 1, 1, 1 ], 
      [ 1, 0, 1, 0, 0, 1, 0, 1, 0, 0, 0, 0, 1, 1, 1 ], [ 1, 1, 1, 1, 0, 0, 0, 1, 1, 0, 0, 1, 0, 1, 0 ], 
      [ 1, 1, 0, 1, 0, 0, 0, 0, 1, 0, 1, 0, 0, 1, 0 ], [ 1, 1, 1, 1, 0, 0, 0, 1, 1, 0, 1, 0, 0, 1, 0 ], 
      [ 1, 0, 0, 1, 0, 0, 0, 0, 1, 0, 0, 0, 0, 1, 0 ], [ 1, 1, 1, 0, 0, 0, 0, 0, 0, 0, 0, 0, 1, 0, 1 ], 
      [ 1, 1, 1, 1, 1, 0, 0, 1, 1, 0, 0, 0, 0, 1, 0 ], [ 1, 1, 1, 0, 0, 0, 0, 0, 0, 0, 1, 1, 1, 0, 1 ], 
      [ 1, 1, 1, 0, 0, 1, 0, 0, 0, 0, 0, 0, 1, 0, 1 ], [ 1, 0, 0, 1, 0, 0, 0, 0, 1, 0, 0, 1, 0, 1, 0 ], 
      [ 1, 1, 1, 0, 0, 0, 0, 0, 0, 0, 1, 0, 1, 1, 1 ], [ 1, 0, 1, 1, 0, 1, 0, 1, 1, 0, 0, 0, 0, 1, 0 ], 
      [ 1, 1, 1, 1, 1, 0, 0, 1, 1, 0, 0, 1, 0, 1, 0 ], [ 1, 1, 1, 0, 0, 0, 0, 0, 0, 0, 0, 1, 1, 1, 1 ], 
      [ 1, 1, 1, 0, 0, 1, 0, 0, 0, 0, 1, 0, 1, 1, 1 ], [ 1, 1, 0, 1, 1, 1, 0, 0, 1, 0, 0, 0, 0, 1, 0 ], 
      [ 1, 1, 1, 0, 0, 1, 0, 0, 0, 0, 0, 1, 1, 1, 1 ], [ 1, 1, 1, 0, 0, 1, 0, 0, 0, 0, 1, 1, 1, 0, 1 ], 
      [ 1, 1, 0, 1, 1, 1, 0, 0, 1, 0, 0, 1, 0, 1, 0 ], [ 1, 0, 1, 1, 0, 1, 0, 1, 1, 0, 0, 1, 0, 1, 0 ], 
      [ 1, 0, 0, 0, 0, 0, 0, 0, 1, 0, 0, 1, 0, 1, 0 ], [ 1, 0, 1, 0, 0, 1, 0, 0, 0, 0, 0, 0, 0, 0, 1 ], 
      [ 1, 0, 0, 1, 0, 0, 0, 0, 0, 0, 0, 0, 0, 0, 0 ], [ 1, 1, 0, 0, 0, 0, 0, 0, 0, 0, 0, 0, 1, 0, 0 ], 
      [ 1, 1, 1, 1, 1, 0, 0, 1, 0, 0, 0, 0, 0, 0, 0 ], [ 1, 1, 1, 0, 1, 1, 0, 0, 0, 0, 1, 1, 0, 0, 1 ], 
      [ 1, 0, 1, 1, 0, 1, 0, 1, 1, 0, 0, 0, 0, 0, 1 ], [ 1, 1, 1, 0, 0, 0, 0, 1, 0, 0, 1, 1, 1, 0, 0 ], 
      [ 1, 1, 1, 0, 0, 0, 0, 1, 1, 0, 0, 0, 1, 0, 1 ], [ 1, 1, 1, 0, 1, 0, 0, 1, 1, 0, 1, 1, 0, 1, 0 ], 
      [ 1, 1, 0, 0, 0, 0, 0, 0, 1, 0, 0, 1, 1, 1, 1 ], [ 1, 1, 1, 0, 1, 1, 0, 0, 0, 0, 1, 0, 0, 1, 1 ], 
      [ 1, 0, 1, 0, 0, 1, 0, 1, 1, 0, 0, 1, 0, 1, 0 ], [ 1, 1, 0, 0, 0, 0, 0, 0, 0, 0, 1, 0, 1, 1, 0 ], 
      [ 1, 1, 0, 1, 1, 1, 0, 0, 1, 0, 0, 0, 0, 0, 1 ], [ 1, 1, 0, 0, 1, 1, 0, 0, 1, 0, 1, 1, 0, 1, 0 ], 
      [ 1, 1, 1, 0, 0, 0, 0, 1, 0, 0, 0, 1, 1, 1, 0 ], [ 1, 0, 1, 0, 0, 1, 0, 0, 0, 0, 0, 1, 0, 1, 1 ], 
      [ 1, 0, 0, 1, 0, 0, 0, 0, 1, 0, 0, 0, 0, 1, 1 ], [ 1, 1, 0, 1, 1, 1, 0, 0, 0, 0, 0, 0, 0, 1, 0 ], 
      [ 1, 1, 1, 0, 0, 0, 0, 1, 1, 0, 1, 0, 1, 1, 1 ], [ 1, 1, 1, 1, 1, 0, 0, 1, 1, 0, 0, 0, 0, 1, 1 ], 
      [ 1, 0, 1, 1, 0, 1, 0, 1, 0, 0, 0, 0, 0, 1, 0 ], [ 1, 1, 0, 0, 0, 0, 0, 0, 1, 0, 1, 1, 1, 0, 1 ] ],
  Group := Group( [ ( 2, 4)( 7, 8)( 9,67)(10,65)(11,68)(12,66)(13,78)(14,69)(15,83)(16,72)(17,82)(18,70)(19,77)(20,75)(21,74)
        (22,73)(23,76)(24,71)(25,84)(26,80)(27,81)(28,88)(29,79)(30,87)(31,85)(32,86)(33,49)(34,54)(35,50)(36,55)(37,51)(38,53)
        (39,52)(40,58)(41,57)(42,59)(43,56)(44,62)(45,61)(46,64)(47,60)(48,63), ( 1, 2)( 3, 8)( 4, 6)( 5, 7)( 9,15)(11,20)(12,17)
        (13,28)(14,32)(16,31)(18,23)(22,27)(24,30)(25,29)(33,34)(35,40)(36,39)(37,41)(38,45)(42,44)(43,46)(47,48)(49,56)(50,53)
        (51,60)(52,62)(54,64)(55,59)(57,63)(58,61)(65,77)(67,71)(68,73)(69,79)(72,88)(74,80)(75,81)(78,85)(83,87)(84,86), 
      ( 1, 3, 6, 5)( 2, 7, 4, 8)( 9,16,30,13)(10,18,19,23)(11,14,27,25)(12,21,17,26)(15,28,24,31)(20,29,22,32)(33,39,46,42)
        (34,44,43,36)(35,41,45,47)(37,40,48,38)(49,52,64,59)(50,57,61,60)(51,58,63,53)(54,62,56,55)(65,70,77,76)(66,74,82,80)
        (67,72,87,78)(68,69,81,84)(71,85,83,88)(73,86,75,79), ( 1, 3)( 2, 8)( 4, 7)( 5, 6)( 9,14)(10,21)(11,16)(12,18)(13,27)
        (15,32)(17,23)(19,26)(20,31)(22,28)(24,29)(25,30)(33,41)(34,37)(35,39)(36,40)(38,44)(42,45)(43,48)(46,47)(49,57)(50,52)
        (51,54)(53,62)(55,58)(56,63)(59,61)(60,64)(65,74)(66,70)(67,69)(68,72)(71,79)(73,88)(75,85)(76,82)(77,80)(78,81)(83,86)
        (84,87) ] ) );
