return rec(
  EXT := [ [ 1, 0, 1, 0, 0, 1, 0, 1, 1, 0, 0, 0, 0, 0, 1 ], [ 1, 0, 0, 0, 0, 0, 0, 0, 1, 0, 0, 1, 0, 1, 1 ], 
      [ 1, 0, 0, 1, 0, 0, 0, 0, 1, 1, 1, 0, 0, 1, 1 ], [ 1, 0, 1, 1, 0, 1, 0, 1, 1, 1, 1, 1, 0, 0, 1 ], 
      [ 1, 0, 0, 0, 0, 0, 1, 0, 1, 0, 1, 1, 1, 0, 1 ], [ 1, 1, 1, 0, 1, 0, 0, 1, 1, 0, 1, 0, 0, 1, 1 ], 
      [ 1, 0, 1, 0, 0, 1, 1, 1, 1, 0, 1, 0, 1, 1, 1 ], [ 1, 1, 0, 0, 1, 1, 0, 0, 1, 0, 1, 1, 0, 0, 1 ], 
      [ 1, 0, 0, 0, 0, 0, 0, 0, 0, 0, 0, 0, 0, 0, 1 ], [ 1, 0, 0, 1, 0, 0, 0, 0, 0, 1, 1, 0, 0, 0, 1 ], 
      [ 1, 0, 1, 0, 0, 1, 0, 1, 0, 0, 0, 0, 0, 0, 1 ], [ 1, 0, 0, 0, 0, 0, 1, 0, 0, 0, 1, 0, 1, 0, 1 ], 
      [ 1, 1, 1, 0, 1, 0, 0, 1, 0, 0, 1, 0, 0, 0, 1 ], [ 1, 0, 1, 0, 0, 1, 0, 1, 1, 1, 1, 1, 0, 0, 1 ], 
      [ 1, 0, 0, 0, 0, 0, 0, 0, 1, 1, 1, 1, 0, 1, 1 ], [ 1, 0, 1, 0, 0, 1, 0, 1, 1, 0, 0, 0, 1, 1, 1 ], 
      [ 1, 0, 0, 0, 0, 0, 0, 0, 1, 0, 0, 1, 1, 1, 1 ], [ 1, 1, 0, 0, 1, 1, 0, 0, 0, 0, 1, 0, 0, 0, 1 ], 
      [ 1, 0, 1, 1, 0, 1, 0, 1, 0, 1, 1, 0, 0, 0, 1 ], [ 1, 1, 1, 1, 0, 0, 0, 0, 1, 0, 1, 0, 0, 1, 1 ], 
      [ 1, 1, 1, 1, 0, 1, 0, 0, 1, 0, 1, 1, 0, 0, 1 ], [ 1, 0, 1, 0, 0, 1, 1, 1, 0, 0, 1, 0, 1, 0, 1 ], 
      [ 1, 0, 0, 0, 1, 1, 1, 0, 1, 0, 1, 1, 0, 0, 1 ], [ 1, 0, 1, 0, 1, 1, 1, 1, 1, 0, 1, 0, 0, 1, 1 ], 
      [ 1, 0, 0, 0, 0, 0, 0, 0, 0, 1, 1, 0, 0, 0, 1 ], [ 1, 0, 0, 0, 0, 0, 0, 0, 0, 0, 0, 0, 1, 0, 1 ], 
      [ 1, 0, 0, 0, 0, 0, 0, 0, 0, 1, 1, 1, 0, 0, 1 ], [ 1, 0, 0, 0, 0, 0, 0, 0, 0, 0, 0, 0, 1, 1, 1 ], 
      [ 1, 0, 1, 0, 0, 1, 0, 1, 0, 1, 1, 0, 0, 0, 1 ], [ 1, 0, 1, 0, 0, 1, 0, 1, 0, 0, 0, 0, 1, 0, 1 ], 
      [ 1, 0, 1, 0, 0, 1, 0, 1, 0, 1, 1, 1, 0, 0, 1 ], [ 1, 0, 1, 0, 0, 1, 0, 1, 0, 0, 0, 0, 1, 1, 1 ], 
      [ 1, 0, 0, 0, 0, 0, 0, 0, 1, 1, 1, 1, 1, 1, 1 ], [ 1, 0, 1, 0, 0, 1, 0, 1, 1, 1, 1, 1, 1, 1, 1 ], 
      [ 1, 0, 1, 1, 0, 1, 1, 0, 1, 0, 1, 0, 0, 1, 1 ], [ 1, 0, 1, 1, 0, 1, 1, 0, 1, 0, 1, 1, 0, 0, 1 ], 
      [ 1, 0, 0, 0, 0, 0, 0, 0, 0, 1, 1, 1, 1, 0, 1 ], [ 1, 0, 0, 0, 0, 0, 0, 0, 0, 1, 1, 0, 1, 1, 1 ], 
      [ 1, 0, 1, 0, 0, 1, 0, 1, 0, 1, 1, 0, 1, 1, 1 ], [ 1, 0, 1, 0, 0, 1, 0, 1, 0, 1, 1, 1, 1, 0, 1 ], 
      [ 1, 0, 0, 0, 1, 1, 0, 0, 0, 1, 1, 1, 0, 0, 1 ], [ 1, 1, 1, 0, 0, 0, 0, 0, 0, 0, 1, 1, 1, 0, 1 ], 
      [ 1, 1, 1, 0, 0, 0, 0, 0, 0, 0, 1, 0, 1, 1, 1 ], [ 1, 0, 1, 0, 1, 1, 0, 1, 0, 1, 1, 1, 0, 0, 1 ], 
      [ 1, 0, 0, 0, 1, 1, 0, 0, 0, 1, 1, 0, 0, 1, 1 ], [ 1, 1, 1, 0, 0, 1, 0, 0, 0, 0, 1, 0, 1, 1, 1 ], 
      [ 1, 0, 0, 0, 0, 0, 0, 1, 1, 1, 1, 0, 1, 1, 1 ], [ 1, 0, 1, 0, 1, 1, 0, 1, 0, 1, 1, 0, 0, 1, 1 ], 
      [ 1, 0, 0, 1, 0, 0, 1, 0, 1, 0, 1, 0, 0, 0, 1 ], [ 1, 0, 1, 1, 0, 1, 1, 1, 1, 0, 1, 0, 0, 0, 1 ], 
      [ 1, 0, 0, 0, 0, 0, 0, 1, 1, 1, 1, 1, 1, 0, 1 ], [ 1, 1, 1, 0, 0, 1, 0, 0, 0, 0, 1, 1, 1, 0, 1 ], 
      [ 1, 0, 1, 0, 0, 1, 0, 0, 0, 0, 0, 0, 0, 0, 1 ], [ 1, 0, 1, 1, 0, 1, 0, 0, 0, 1, 1, 1, 0, 0, 1 ], 
      [ 1, 0, 1, 0, 0, 1, 1, 1, 1, 0, 1, 0, 0, 0, 1 ], [ 1, 0, 1, 0, 0, 1, 1, 0, 0, 0, 1, 0, 1, 1, 1 ], 
      [ 1, 1, 1, 0, 1, 1, 0, 0, 0, 0, 1, 1, 0, 0, 1 ], [ 1, 0, 1, 1, 0, 1, 0, 1, 1, 0, 0, 0, 0, 0, 1 ], 
      [ 1, 1, 1, 0, 1, 1, 0, 0, 0, 0, 1, 0, 0, 1, 1 ], [ 1, 0, 0, 0, 0, 0, 1, 0, 1, 0, 1, 1, 0, 0, 1 ], 
      [ 1, 0, 1, 1, 0, 1, 0, 0, 0, 1, 1, 0, 0, 1, 1 ], [ 1, 0, 1, 0, 0, 1, 0, 0, 0, 0, 0, 1, 0, 1, 1 ], 
      [ 1, 0, 0, 1, 0, 0, 0, 0, 1, 0, 0, 0, 0, 1, 1 ], [ 1, 0, 0, 0, 1, 0, 0, 1, 1, 1, 1, 0, 0, 1, 1 ], 
      [ 1, 1, 1, 0, 0, 0, 0, 1, 1, 0, 1, 0, 1, 1, 1 ], [ 1, 0, 1, 0, 0, 1, 1, 0, 0, 0, 1, 1, 1, 0, 1 ], 
      [ 1, 1, 0, 0, 0, 0, 0, 0, 1, 0, 1, 1, 1, 0, 1 ], [ 1, 0, 0, 0, 1, 1, 0, 1, 1, 1, 1, 1, 0, 0, 1 ] ],
  Group := Group( [ ( 3, 5)( 4, 7)( 6, 8)(10,12)(13,18)(14,16)(15,17)(19,22)(20,23)(21,24)(25,26)(27,28)(29,30)(31,32)(35,36)
        (37,38)(39,40)(41,43)(42,45)(44,46)(47,51)(48,52)(54,56)(55,58)(57,59)(60,63)(61,66)(64,67)(65,68), 
      ( 1, 6, 2, 8)( 3, 5, 4, 7)( 9,57,11,59)(10,66,19,56)(12,54,22,61)(13,62,18,53)(14,65,15,67)(16,64,17,68)(20,60,21,55)
        (23,58,24,63)(25,42,31,46)(26,44,32,45)(27,52,29,43)(28,41,30,48)(33,51,34,47)(35,49,36,50)(37,40,39,38) ] ) );
