return [ [ 3, 4, 7, 9, 31, 35, 39, 44, 52, 56, 58 ], [ 3, 4, 7, 9, 31, 35, 51, 52, 56, 58, 59 ], 
  [ 3, 4, 7, 9, 12, 31, 35, 37, 39, 52, 56 ], [ 8, 11, 12, 16, 32, 42, 45, 47, 53, 54, 55 ], 
  [ 1, 2, 3, 4, 7, 31, 35, 37, 51, 52, 58, 59 ], [ 3, 4, 9, 31, 32, 35, 44, 52, 56, 58, 60, 62 ], 
  [ 3, 4, 7, 9, 31, 35, 37, 39, 51, 52, 56, 58 ], [ 3, 4, 7, 9, 31, 32, 35, 44, 52, 56, 58, 60 ], 
  [ 2, 4, 7, 9, 10, 31, 35, 44, 51, 52, 58, 59 ], [ 3, 4, 7, 9, 12, 31, 33, 42, 45, 49, 59, 60 ], 
  [ 2, 3, 4, 7, 9, 12, 31, 32, 35, 44, 52, 60 ], [ 8, 11, 12, 16, 31, 32, 45, 53, 54, 55, 62, 64 ], 
  [ 1, 2, 5, 6, 10, 17, 19, 34, 40, 41, 46, 50 ], [ 1, 2, 5, 6, 10, 17, 19, 34, 36, 40, 49, 50 ], 
  [ 2, 3, 4, 7, 9, 12, 31, 35, 37, 38, 39, 44, 52 ], [ 2, 3, 4, 7, 9, 31, 35, 37, 38, 39, 44, 51, 52, 58 ], 
  [ 2, 3, 4, 7, 9, 10, 31, 32, 35, 44, 52, 58, 59, 60 ], [ 3, 4, 7, 9, 12, 31, 32, 35, 39, 44, 52, 56, 60, 62 ], 
  [ 3, 4, 7, 9, 12, 31, 33, 37, 39, 45, 49, 52, 56, 60 ], [ 2, 3, 4, 7, 9, 12, 31, 33, 36, 42, 45, 48, 59, 60 ], 
  [ 8, 11, 12, 16, 31, 32, 42, 45, 53, 54, 55, 59, 63, 64 ], [ 1, 3, 4, 17, 18, 35, 37, 41, 49, 51, 52, 56, 58, 61 ], 
  [ 1, 4, 5, 9, 15, 17, 21, 37, 43, 49, 51, 52, 56, 61 ], [ 2, 3, 4, 7, 9, 10, 12, 16, 31, 32, 35, 42, 44, 48, 59, 60 ], 
  [ 1, 6, 8, 11, 15, 17, 19, 21, 35, 37, 43, 51, 55, 57, 61, 64 ], 
  [ 2, 3, 4, 7, 9, 12, 31, 33, 36, 37, 38, 39, 44, 45, 48, 52, 60 ], 
  [ 1, 3, 4, 5, 9, 17, 18, 35, 37, 41, 43, 46, 49, 51, 52, 56, 61 ], 
  [ 1, 2, 3, 4, 5, 7, 9, 10, 35, 37, 38, 39, 41, 43, 44, 46, 51, 52, 56, 58 ], 
  [ 1, 2, 3, 5, 17, 18, 20, 23, 37, 38, 41, 46, 49, 50, 51, 52, 56, 57, 58, 61 ], 
  [ 2, 3, 7, 8, 9, 12, 13, 16, 18, 20, 22, 24, 27, 28, 31, 32, 35, 37, 38, 39, 41, 43, 44, 46, 51, 52, 56, 57, 58, 61, 62, 64 ], 
  [ 2, 3, 7, 8, 9, 12, 13, 16, 18, 20, 22, 24, 27, 28, 31, 32, 34, 35, 40, 41, 42, 43, 46, 47, 50, 51, 55, 57, 58, 59, 63, 64 ], 
  [ 2, 3, 7, 8, 9, 12, 13, 16, 18, 20, 22, 24, 27, 28, 31, 32, 33, 34, 36, 40, 42, 45, 47, 48, 49, 50, 53, 54, 55, 59, 60, 63 ], 
  [ 1, 2, 3, 4, 5, 7, 9, 10, 20, 21, 23, 24, 25, 27, 29, 31, 33, 36, 37, 38, 39, 44, 45, 48, 49, 50, 51, 52, 56, 58, 59, 60 ], 
  [ 3, 4, 5, 9, 12, 13, 14, 15, 20, 21, 23, 24, 25, 27, 29, 31, 33, 36, 37, 38, 39, 44, 45, 48, 49, 52, 53, 54, 56, 60, 61, 62 ],
  [ 1, 2, 3, 4, 5, 6, 8, 9, 12, 13, 14, 15, 17, 18, 19, 20, 21, 22, 23, 27, 33, 34, 35, 36, 37, 38, 40, 41, 42, 43, 46, 47, 49, 
      50, 51, 52, 53, 55, 57, 61 ], [ 1, 2, 3, 4, 5, 6, 7, 8, 9, 10, 11, 12, 13, 14, 15, 16, 20, 21, 23, 24, 25, 27, 29, 31, 33, 
      34, 35, 36, 37, 38, 39, 40, 41, 42, 43, 44, 45, 46, 47, 48, 50, 51, 55, 57, 58, 59, 63, 64 ], 
  [ 1, 3, 4, 5, 7, 8, 9, 11, 12, 13, 14, 15, 17, 18, 20, 21, 23, 24, 25, 26, 27, 28, 29, 31, 33, 34, 35, 37, 39, 40, 41, 42, 43, 
      45, 46, 47, 49, 50, 51, 54, 55, 56, 57, 58, 59, 61, 63, 64 ] ];
