return rec(
  EXT := [ [ 1, 0, 0, 1, 1, 1, 1, 0, 0, 1, 1, 1, 0, 0, 0 ], [ 1, 0, 0, 0, 1, 1, 1, 0, 0, 0, 1, 0, 0, 1, 0 ], 
      [ 1, 1, 1, 0, 1, 0, 0, 1, 0, 0, 1, 0, 0, 0, 1 ], [ 1, 0, 1, 0, 1, 1, 1, 1, 0, 0, 1, 1, 0, 0, 0 ], 
      [ 1, 0, 1, 1, 1, 1, 1, 1, 0, 1, 1, 0, 0, 1, 0 ], [ 1, 0, 0, 1, 1, 1, 1, 0, 0, 1, 0, 1, 0, 1, 0 ], 
      [ 1, 1, 1, 1, 1, 0, 1, 1, 0, 1, 1, 0, 1, 0, 1 ], [ 1, 1, 0, 0, 1, 1, 0, 0, 0, 0, 1, 0, 0, 0, 1 ], 
      [ 1, 0, 1, 0, 1, 1, 1, 1, 0, 0, 0, 1, 0, 1, 0 ], [ 1, 0, 0, 0, 1, 1, 1, 0, 1, 0, 0, 1, 0, 1, 1 ], 
      [ 1, 1, 0, 1, 1, 1, 1, 0, 0, 1, 1, 0, 1, 0, 1 ], [ 1, 0, 1, 1, 1, 1, 1, 1, 1, 1, 0, 1, 0, 1, 1 ], 
      [ 1, 0, 0, 1, 1, 1, 1, 0, 1, 1, 1, 0, 0, 1, 1 ], [ 1, 0, 1, 1, 1, 1, 1, 1, 1, 1, 1, 1, 0, 0, 1 ], 
      [ 1, 0, 0, 0, 1, 1, 1, 0, 1, 0, 1, 1, 0, 0, 1 ], [ 1, 0, 1, 0, 1, 1, 1, 1, 1, 0, 1, 0, 0, 1, 1 ], 
      [ 1, 1, 1, 0, 1, 0, 0, 1, 0, 1, 1, 1, 0, 0, 1 ], [ 1, 1, 1, 1, 1, 1, 1, 0, 0, 0, 1, 1, 0, 0, 0 ], 
      [ 1, 1, 1, 1, 1, 1, 1, 0, 0, 0, 1, 0, 0, 1, 0 ], [ 1, 1, 0, 0, 1, 1, 1, 0, 0, 1, 1, 1, 1, 0, 1 ], 
      [ 1, 1, 1, 1, 1, 1, 1, 0, 0, 0, 0, 1, 0, 1, 0 ], [ 1, 1, 0, 0, 1, 1, 0, 0, 0, 1, 1, 1, 0, 0, 1 ], 
      [ 1, 1, 1, 0, 1, 0, 1, 1, 0, 1, 1, 1, 1, 0, 1 ], [ 1, 1, 1, 1, 1, 1, 1, 0, 1, 0, 0, 1, 0, 1, 1 ], 
      [ 1, 1, 1, 1, 1, 1, 1, 0, 1, 0, 1, 0, 0, 1, 1 ], [ 1, 1, 1, 1, 1, 1, 1, 0, 1, 0, 1, 1, 0, 0, 1 ], 
      [ 1, 0, 0, 0, 1, 1, 0, 0, 0, 1, 1, 1, 0, 0, 1 ], [ 1, 0, 0, 0, 1, 1, 1, 0, 0, 1, 1, 0, 1, 1, 1 ], 
      [ 1, 0, 1, 0, 1, 1, 0, 1, 0, 1, 1, 1, 0, 0, 1 ], [ 1, 0, 1, 0, 1, 1, 1, 1, 0, 1, 1, 0, 1, 1, 1 ], 
      [ 1, 0, 0, 0, 1, 1, 1, 0, 0, 1, 0, 1, 1, 1, 1 ], [ 1, 0, 0, 0, 1, 1, 0, 0, 0, 1, 1, 0, 0, 1, 1 ], 
      [ 1, 0, 1, 0, 1, 1, 1, 1, 0, 1, 0, 1, 1, 1, 1 ], [ 1, 0, 1, 0, 1, 1, 0, 1, 0, 1, 1, 0, 0, 1, 1 ], 
      [ 1, 1, 1, 1, 1, 0, 1, 1, 0, 0, 1, 0, 0, 0, 0 ], [ 1, 0, 0, 0, 1, 1, 0, 0, 0, 1, 0, 1, 0, 1, 1 ], 
      [ 1, 0, 0, 0, 1, 1, 1, 0, 0, 1, 1, 1, 1, 0, 1 ], [ 1, 1, 0, 1, 1, 1, 1, 0, 0, 0, 1, 0, 0, 0, 0 ], 
      [ 1, 0, 1, 0, 1, 1, 0, 1, 0, 1, 0, 1, 0, 1, 1 ], [ 1, 0, 1, 0, 1, 1, 1, 1, 0, 1, 1, 1, 1, 0, 1 ], 
      [ 1, 1, 1, 1, 1, 0, 1, 1, 1, 0, 1, 0, 0, 0, 1 ], [ 1, 1, 0, 1, 1, 1, 1, 0, 1, 0, 1, 0, 0, 0, 1 ], 
      [ 1, 1, 1, 0, 1, 1, 0, 0, 0, 0, 1, 1, 0, 0, 1 ], [ 1, 1, 1, 1, 1, 1, 1, 0, 0, 1, 1, 0, 1, 1, 1 ], 
      [ 1, 1, 1, 0, 1, 1, 0, 0, 0, 0, 1, 0, 0, 1, 1 ], [ 1, 1, 1, 0, 1, 0, 1, 1, 0, 0, 1, 1, 0, 0, 0 ], 
      [ 1, 1, 1, 1, 1, 1, 1, 0, 0, 1, 1, 1, 1, 0, 1 ], [ 1, 1, 1, 0, 1, 1, 1, 0, 0, 0, 0, 1, 1, 1, 1 ], 
      [ 1, 1, 1, 1, 1, 0, 1, 1, 1, 1, 1, 1, 0, 0, 1 ], [ 1, 1, 1, 1, 1, 1, 0, 0, 0, 1, 0, 1, 0, 1, 1 ], 
      [ 1, 1, 0, 1, 1, 1, 1, 0, 0, 1, 1, 1, 0, 0, 0 ], [ 1, 1, 0, 0, 1, 1, 1, 0, 1, 0, 1, 1, 0, 0, 1 ] ],
  Group := Group( [ ( 1,15)( 2,13)( 3, 7)( 4,14)( 5,16)( 6,10)( 8,11)( 9,12)(17,23)(18,26)(19,25)(20,22)(21,24)(27,37)(28,32)
        (29,40)(30,34)(31,36)(33,39)(35,41)(38,42)(43,47)(44,45)(46,49)(48,50)(51,52), ( 1, 4)( 2, 5)( 3,11)( 6, 9)( 7, 8)(10,12)
        (13,16)(14,15)(17,20)(22,23)(27,40)(28,34)(29,37)(30,32)(31,39)(33,36)(35,38)(41,42)(43,47)(44,45)(46,51)(48,50)(49,52) 
     ] ) );
