return rec(
  EXT := [ [ 1, 1, 1, 1, 0, 0, 0, 0, 0, 0, 0, 0, 0, 0, 0 ], [ 1, 0, 0, 0, 0, 0, 0, 0, 0, 0, 0, 0, 0, 0, 1 ], 
      [ 1, 1, 1, 1, 0, 0, 0, 0, 0, 0, 1, 1, 0, 0, 0 ], [ 1, 1, 1, 1, 1, 0, 0, 1, 0, 1, 0, 0, 0, 0, 1 ], 
      [ 1, 0, 0, 1, 0, 0, 0, 0, 0, 1, 1, 0, 0, 0, 1 ], [ 1, 1, 1, 1, 0, 1, 0, 0, 1, 0, 0, 0, 0, 0, 1 ], 
      [ 1, 0, 1, 0, 0, 1, 0, 1, 0, 0, 0, 0, 0, 0, 1 ], [ 1, 1, 1, 0, 1, 0, 0, 1, 0, 0, 1, 0, 0, 0, 1 ], 
      [ 1, 1, 0, 1, 1, 1, 0, 0, 0, 1, 0, 0, 0, 0, 1 ], [ 1, 1, 0, 0, 1, 1, 0, 0, 0, 0, 1, 0, 0, 0, 1 ], 
      [ 1, 1, 1, 1, 0, 0, 0, 0, 1, 0, 0, 1, 0, 1, 1 ], [ 1, 1, 1, 1, 0, 1, 0, 0, 0, 0, 1, 0, 0, 1, 0 ], 
      [ 1, 0, 1, 1, 0, 1, 0, 1, 0, 1, 1, 0, 0, 0, 1 ], [ 1, 1, 1, 1, 0, 0, 0, 0, 1, 0, 1, 0, 0, 1, 1 ], 
      [ 1, 1, 1, 1, 0, 1, 0, 0, 0, 0, 0, 1, 0, 1, 0 ], [ 1, 1, 1, 1, 0, 1, 0, 0, 1, 0, 1, 1, 0, 0, 1 ], 
      [ 1, 0, 1, 1, 0, 1, 1, 0, 0, 0, 0, 0, 0, 0, 0 ], [ 1, 1, 1, 1, 1, 1, 1, 0, 0, 0, 0, 0, 0, 0, 0 ], 
      [ 1, 0, 0, 0, 0, 0, 0, 0, 0, 1, 1, 0, 0, 0, 1 ], [ 1, 1, 1, 0, 1, 0, 0, 1, 0, 1, 1, 0, 0, 0, 1 ], 
      [ 1, 0, 0, 0, 0, 0, 0, 0, 0, 1, 1, 1, 0, 0, 1 ], [ 1, 0, 1, 1, 0, 1, 1, 0, 0, 0, 1, 1, 0, 0, 0 ], 
      [ 1, 1, 1, 0, 1, 0, 0, 1, 0, 1, 1, 1, 0, 0, 1 ], [ 1, 0, 1, 0, 0, 1, 0, 1, 0, 1, 1, 0, 0, 0, 1 ], 
      [ 1, 0, 1, 1, 0, 1, 1, 0, 0, 0, 1, 0, 0, 1, 0 ], [ 1, 1, 1, 1, 1, 1, 1, 0, 0, 0, 1, 1, 0, 0, 0 ], 
      [ 1, 0, 1, 1, 0, 1, 1, 0, 1, 0, 0, 0, 0, 0, 1 ], [ 1, 1, 0, 0, 1, 1, 0, 0, 0, 1, 1, 0, 0, 0, 1 ], 
      [ 1, 1, 1, 1, 1, 1, 1, 0, 0, 0, 1, 0, 0, 1, 0 ], [ 1, 0, 1, 1, 0, 1, 1, 0, 0, 0, 0, 1, 0, 1, 0 ], 
      [ 1, 0, 1, 0, 0, 1, 0, 1, 0, 1, 1, 1, 0, 0, 1 ], [ 1, 1, 1, 1, 1, 1, 1, 0, 1, 0, 0, 0, 0, 0, 1 ], 
      [ 1, 1, 1, 1, 1, 1, 1, 0, 0, 0, 0, 1, 0, 1, 0 ], [ 1, 1, 0, 0, 1, 1, 0, 0, 0, 1, 1, 1, 0, 0, 1 ], 
      [ 1, 0, 1, 1, 0, 1, 1, 0, 1, 0, 0, 1, 0, 1, 1 ], [ 1, 1, 1, 1, 1, 1, 1, 0, 1, 0, 0, 1, 0, 1, 1 ], 
      [ 1, 0, 1, 1, 0, 1, 1, 0, 1, 0, 1, 0, 0, 1, 1 ], [ 1, 0, 1, 1, 0, 1, 1, 0, 1, 0, 1, 1, 0, 0, 1 ], 
      [ 1, 1, 1, 1, 1, 1, 1, 0, 1, 0, 1, 0, 0, 1, 1 ], [ 1, 1, 1, 1, 1, 1, 1, 0, 1, 0, 1, 1, 0, 0, 1 ], 
      [ 1, 0, 0, 1, 0, 0, 1, 0, 0, 0, 0, 0, 0, 0, 0 ], [ 1, 1, 1, 1, 1, 0, 1, 1, 0, 0, 0, 0, 0, 0, 0 ], 
      [ 1, 0, 1, 1, 0, 1, 1, 1, 1, 0, 0, 0, 0, 0, 1 ], [ 1, 1, 0, 1, 1, 1, 1, 0, 0, 0, 0, 0, 0, 0, 0 ], 
      [ 1, 1, 0, 1, 1, 1, 1, 0, 1, 0, 0, 0, 0, 0, 1 ], [ 1, 0, 0, 1, 0, 0, 1, 0, 0, 0, 1, 0, 0, 0, 0 ], 
      [ 1, 0, 1, 1, 0, 1, 1, 1, 0, 0, 0, 0, 0, 0, 0 ], [ 1, 0, 0, 1, 0, 0, 1, 0, 1, 0, 0, 0, 0, 0, 1 ], 
      [ 1, 1, 1, 1, 1, 0, 1, 1, 1, 0, 0, 0, 0, 0, 1 ], [ 1, 1, 1, 1, 1, 0, 1, 1, 0, 0, 1, 0, 0, 0, 0 ], 
      [ 1, 0, 0, 1, 0, 0, 1, 0, 1, 0, 1, 0, 0, 0, 1 ], [ 1, 0, 1, 1, 0, 1, 1, 1, 1, 0, 1, 0, 0, 0, 1 ], 
      [ 1, 1, 0, 1, 1, 1, 1, 0, 0, 0, 1, 0, 0, 0, 0 ], [ 1, 1, 1, 1, 1, 0, 1, 1, 1, 0, 1, 0, 0, 0, 1 ], 
      [ 1, 1, 0, 1, 1, 1, 1, 0, 1, 0, 1, 0, 0, 0, 1 ], [ 1, 0, 1, 1, 0, 1, 1, 1, 0, 0, 1, 0, 0, 0, 0 ], 
      [ 1, 0, 0, 0, 0, 0, 1, 0, 0, 0, 1, 0, 0, 0, 0 ], [ 1, 0, 1, 0, 0, 1, 0, 0, 0, 0, 0, 0, 0, 0, 1 ], 
      [ 1, 1, 1, 1, 1, 0, 1, 1, 0, 1, 1, 0, 0, 0, 0 ], [ 1, 1, 1, 1, 1, 1, 0, 0, 0, 1, 0, 0, 0, 0, 1 ], 
      [ 1, 0, 1, 1, 0, 1, 0, 0, 0, 1, 1, 1, 0, 0, 1 ], [ 1, 0, 1, 0, 0, 1, 1, 1, 1, 0, 1, 0, 0, 0, 1 ], 
      [ 1, 1, 1, 0, 1, 1, 0, 0, 0, 0, 1, 1, 0, 0, 1 ], [ 1, 1, 0, 0, 1, 1, 1, 0, 0, 0, 1, 0, 0, 0, 0 ], 
      [ 1, 0, 0, 1, 0, 0, 1, 0, 0, 1, 1, 1, 0, 0, 0 ], [ 1, 1, 0, 1, 1, 1, 1, 0, 1, 1, 1, 0, 0, 0, 1 ], 
      [ 1, 1, 1, 0, 1, 1, 0, 0, 0, 0, 1, 0, 0, 1, 1 ], [ 1, 0, 1, 1, 0, 1, 1, 1, 0, 1, 1, 0, 0, 0, 0 ], 
      [ 1, 1, 1, 0, 1, 0, 1, 1, 0, 0, 1, 1, 0, 0, 0 ], [ 1, 0, 0, 0, 0, 0, 1, 0, 1, 0, 1, 1, 0, 0, 1 ], 
      [ 1, 0, 1, 1, 0, 1, 0, 0, 0, 1, 1, 0, 0, 1, 1 ], [ 1, 0, 1, 0, 0, 1, 0, 0, 0, 0, 0, 1, 0, 1, 1 ], 
      [ 1, 1, 1, 0, 1, 0, 1, 1, 1, 0, 1, 0, 0, 0, 1 ], [ 1, 1, 1, 1, 1, 0, 1, 1, 1, 1, 1, 1, 0, 0, 1 ], 
      [ 1, 0, 0, 1, 0, 0, 1, 0, 1, 1, 1, 0, 0, 0, 1 ], [ 1, 0, 1, 0, 0, 1, 1, 1, 0, 0, 1, 1, 0, 0, 0 ], 
      [ 1, 0, 1, 1, 0, 1, 1, 1, 1, 1, 1, 1, 0, 0, 1 ], [ 1, 1, 1, 1, 1, 1, 0, 0, 0, 1, 0, 1, 0, 1, 1 ], 
      [ 1, 1, 0, 1, 1, 1, 1, 0, 0, 1, 1, 1, 0, 0, 0 ], [ 1, 1, 0, 0, 1, 1, 1, 0, 1, 0, 1, 1, 0, 0, 1 ] ],
  Group := Group( [ ( 1, 6)( 2, 9)( 3,16)( 4, 7)( 5,10)( 8,13)(11,15)(12,14)(17,32)(18,27)(19,28)(20,24)(21,34)(22,40)(23,31)
        (25,39)(26,38)(29,37)(30,36)(33,35)(41,45)(42,43)(44,48)(46,55)(47,49)(50,52)(51,53)(54,56)(57,66)(58,60)(59,62)(61,63)
        (64,75)(65,80)(67,71)(68,73)(69,77)(70,79)(72,78)(74,76), ( 1,12)( 2,10)( 3,15)( 4,13)( 5, 9)( 6,14)( 7, 8)(11,16)(17,29)
        (18,25)(19,28)(20,24)(21,34)(22,33)(23,31)(26,30)(27,39)(32,37)(35,40)(36,38)(41,53)(42,56)(43,54)(44,46)(45,51)(47,50)
        (48,55)(49,52)(57,64)(58,67)(59,68)(60,71)(61,78)(62,73)(63,72)(65,79)(66,75)(69,76)(70,80)(74,77), 
      ( 1,12)( 2,13)( 3,15)( 4,10)( 5, 7)( 6,14)( 8, 9)(11,16)(17,25)(18,29)(19,24)(20,28)(21,31)(22,30)(23,34)(26,33)(27,37)
        (32,39)(35,38)(36,40)(41,56)(42,53)(43,51)(44,50)(45,54)(46,47)(48,52)(49,55)(57,68)(58,71)(59,64)(60,67)(61,72)(62,75)
        (63,78)(65,76)(66,73)(69,79)(70,77)(74,80), ( 1,15)( 2, 7)( 3,12)( 4, 9)( 5,13)( 6,11)( 8,10)(14,16)(17,30)(18,33)(19,31)
        (20,34)(21,24)(22,25)(23,28)(26,29)(27,35)(32,36)(37,38)(39,40)(41,47)(42,44)(43,48)(45,49)(46,56)(50,53)(51,52)(54,55)
        (57,76)(58,72)(59,79)(60,78)(61,71)(62,70)(63,67)(64,69)(65,68)(66,74)(73,80)(75,77) ] ) );
