return [ [ 2, 12, 31, 35, 36, 50, 51, 52, 53, 54, 60, 63 ], [ 2, 10, 11, 12, 31, 35, 44, 51, 52, 54, 60, 63 ], 
  [ 2, 10, 11, 12, 31, 35, 40, 44, 51, 52, 54, 60 ], [ 2, 10, 11, 12, 31, 35, 36, 39, 44, 51, 52, 54, 63 ], 
  [ 2, 10, 11, 12, 31, 35, 39, 44, 52, 53, 54, 60, 63 ], [ 2, 10, 11, 12, 31, 35, 40, 51, 52, 54, 57, 60, 64 ], 
  [ 2, 21, 31, 35, 36, 50, 51, 52, 53, 54, 56, 60, 63 ], [ 1, 4, 7, 33, 40, 41, 43, 49, 50, 57, 58, 59, 60, 61 ], 
  [ 2, 11, 12, 31, 35, 36, 39, 44, 51, 52, 53, 54, 60, 63 ], [ 2, 10, 11, 12, 31, 35, 37, 39, 40, 44, 52, 53, 54, 60 ], 
  [ 2, 10, 11, 12, 31, 35, 37, 40, 52, 53, 54, 55, 57, 60 ], [ 2, 10, 11, 12, 14, 31, 34, 35, 36, 37, 39, 40, 44, 52 ], 
  [ 1, 2, 3, 6, 12, 17, 19, 33, 34, 36, 40, 44, 54, 60 ], [ 2, 21, 31, 35, 36, 39, 44, 51, 52, 53, 54, 56, 60, 63 ], 
  [ 2, 10, 11, 12, 31, 34, 35, 36, 37, 39, 40, 44, 51, 52, 54 ], [ 1, 2, 3, 6, 12, 17, 19, 33, 34, 36, 50, 52, 53, 54, 60 ], 
  [ 2, 10, 11, 12, 14, 31, 35, 37, 39, 40, 44, 52, 53, 55, 57, 60 ], 
  [ 4, 7, 10, 14, 15, 32, 34, 36, 37, 39, 40, 43, 44, 55, 57, 59 ], 
  [ 2, 10, 18, 20, 21, 23, 27, 28, 31, 32, 40, 44, 51, 52, 57, 60, 62, 64 ], 
  [ 1, 3, 4, 6, 9, 10, 12, 17, 20, 33, 34, 43, 45, 50, 52, 60, 61, 62, 64 ], 
  [ 1, 2, 3, 4, 6, 9, 10, 12, 17, 20, 33, 34, 40, 43, 45, 52, 60, 62, 64 ], 
  [ 1, 2, 3, 4, 9, 10, 12, 17, 19, 20, 23, 33, 40, 43, 52, 54, 57, 60, 62, 64 ], 
  [ 1, 2, 3, 4, 6, 9, 10, 12, 17, 19, 20, 23, 33, 34, 40, 43, 52, 54, 60, 62 ], 
  [ 2, 3, 9, 10, 11, 12, 33, 35, 37, 38, 40, 42, 43, 46, 52, 53, 54, 55, 57, 60, 64 ], 
  [ 2, 10, 21, 23, 31, 32, 34, 35, 36, 37, 39, 40, 43, 44, 51, 52, 54, 56, 59, 62, 63 ], 
  [ 3, 6, 9, 10, 12, 16, 17, 20, 22, 25, 26, 27, 34, 45, 50, 52, 53, 60, 61, 62, 64 ], 
  [ 3, 9, 11, 17, 18, 19, 20, 21, 23, 26, 27, 28, 29, 31, 32, 37, 51, 52, 53, 54, 55, 62, 64 ], 
  [ 2, 9, 10, 11, 21, 23, 31, 32, 35, 37, 39, 40, 42, 43, 44, 46, 51, 52, 53, 54, 55, 56, 57, 59, 60, 62, 63, 64 ], 
  [ 1, 4, 5, 7, 8, 13, 14, 15, 33, 34, 35, 36, 37, 38, 39, 40, 41, 42, 43, 44, 45, 46, 47, 48, 49, 50, 55, 56, 57, 58, 59, 61 ], 
  [ 2, 4, 5, 9, 10, 11, 14, 15, 18, 20, 21, 23, 27, 28, 31, 32, 34, 35, 36, 37, 39, 40, 42, 43, 44, 45, 46, 47, 51, 52, 55, 56, 
      57, 59, 62, 64 ], [ 1, 2, 4, 6, 7, 10, 12, 14, 17, 18, 20, 22, 25, 26, 27, 28, 33, 34, 35, 36, 40, 41, 43, 44, 45, 47, 49, 
      50, 51, 52, 57, 58, 60, 61, 62, 64 ], [ 1, 3, 4, 8, 9, 10, 12, 15, 17, 19, 20, 23, 26, 27, 29, 32, 33, 34, 37, 38, 40, 43, 
      45, 46, 49, 50, 52, 53, 54, 55, 57, 59, 60, 61, 62, 64 ], [ 1, 2, 3, 4, 5, 6, 7, 8, 9, 10, 11, 12, 13, 14, 15, 16, 33, 34, 
      35, 36, 37, 38, 39, 40, 41, 42, 43, 44, 45, 46, 47, 48, 50, 52, 53, 55, 57, 60, 61, 64 ], 
  [ 1, 2, 3, 5, 8, 11, 12, 14, 17, 18, 19, 21, 26, 28, 29, 31, 33, 34, 35, 36, 37, 38, 39, 40, 42, 44, 45, 47, 49, 50, 51, 52, 
      53, 54, 55, 56, 57, 60, 61, 64 ], [ 17, 18, 19, 20, 21, 22, 23, 24, 25, 26, 27, 28, 29, 30, 31, 32, 34, 36, 37, 39, 40, 
      44, 45, 47, 49, 50, 51, 52, 53, 54, 55, 56, 57, 58, 59, 60, 61, 62, 63, 64 ], 
  [ 1, 4, 5, 7, 8, 13, 14, 15, 17, 18, 19, 20, 21, 22, 23, 24, 25, 26, 27, 28, 29, 30, 31, 32, 34, 36, 37, 39, 40, 44, 45, 47, 
      49, 50, 55, 56, 57, 58, 59, 61 ], [ 1, 2, 3, 4, 5, 6, 7, 8, 9, 10, 11, 12, 13, 14, 15, 16, 17, 18, 20, 22, 25, 26, 27, 28, 
      33, 34, 35, 36, 38, 41, 42, 43, 45, 46, 47, 48, 49, 50, 51, 52, 58, 61, 62, 64 ], 
  [ 1, 2, 3, 4, 5, 8, 9, 10, 11, 12, 14, 15, 17, 18, 19, 20, 21, 23, 26, 27, 28, 29, 31, 32, 33, 34, 35, 37, 38, 40, 42, 43, 45, 
      46, 49, 51, 52, 54, 55, 56, 57, 59, 62, 64 ], [ 1, 2, 4, 6, 7, 10, 12, 14, 17, 18, 19, 20, 21, 22, 23, 24, 25, 26, 27, 28, 
      29, 30, 31, 32, 33, 34, 35, 36, 40, 41, 43, 44, 49, 50, 51, 52, 54, 56, 57, 58, 59, 60, 62, 63 ], 
  [ 1, 2, 3, 4, 5, 6, 9, 13, 17, 18, 19, 20, 21, 22, 23, 24, 33, 34, 35, 36, 37, 38, 39, 40, 41, 42, 43, 44, 45, 46, 47, 48, 49, 
      50, 51, 52, 53, 54, 55, 56, 57, 58, 59, 60, 61, 62, 63, 64 ], 
  [ 1, 2, 3, 4, 5, 6, 7, 8, 9, 10, 11, 12, 13, 14, 15, 16, 17, 18, 19, 20, 21, 22, 23, 24, 25, 26, 27, 28, 29, 30, 31, 32, 34, 
      36, 37, 39, 40, 44, 45, 47, 50, 52, 53, 55, 57, 60, 61, 64 ], 
  [ 1, 2, 3, 4, 5, 6, 7, 8, 9, 10, 11, 12, 13, 14, 15, 16, 17, 18, 19, 20, 21, 22, 23, 24, 25, 26, 27, 28, 29, 30, 31, 32, 33, 
      34, 35, 36, 37, 38, 39, 40, 41, 42, 43, 44, 45, 46, 47, 48, 49, 51, 54, 56, 58, 59, 62, 63 ], 
  [ 1, 2, 3, 4, 5, 6, 7, 8, 9, 10, 11, 12, 13, 14, 15, 16, 17, 18, 19, 20, 21, 22, 23, 24, 25, 26, 27, 28, 29, 30, 31, 32, 33, 
      34, 35, 36, 37, 38, 39, 41, 42, 43, 46, 48, 49, 50, 51, 52, 53, 54, 55, 56, 58, 59, 62, 63 ], 
  [ 1, 2, 3, 4, 5, 6, 7, 8, 9, 10, 11, 12, 13, 14, 15, 16, 17, 18, 19, 20, 21, 22, 23, 24, 25, 26, 27, 28, 29, 30, 31, 32, 33, 
      35, 38, 41, 42, 43, 46, 48, 49, 50, 51, 52, 53, 54, 55, 56, 57, 58, 59, 60, 61, 62, 63, 64 ] ];
