return [ [ 1, 2, 3, 4, 5, 6, 7, 8, 9, 10, 11, 12, 13, 14, 15, 16, 17, 18, 19, 20, 21, 22, 23, 24, 25, 26, 29, 30, 31, 34, 35, 
      36, 37, 38, 39, 40, 41, 42, 43, 44, 45, 46, 47, 48, 49, 50, 51, 52, 53, 54, 55, 56, 57, 59, 60, 61, 64, 66, 67, 69 ], 
  [ 1, 2, 3, 4, 7, 8, 9, 10, 11, 13, 14, 15, 16, 18, 19, 20, 21, 22, 23, 24, 25, 26, 27, 28, 29, 30, 31, 32, 33, 34, 35, 36, 37, 
      38, 39, 40, 41, 44, 45, 46, 48, 49, 52, 54, 57, 58, 59, 60, 61, 62, 63, 64, 65, 66, 67, 68, 69, 70, 71, 72 ], 
  [ 3, 6, 7, 8, 9, 10, 11, 14, 15, 16, 17, 18, 19, 20, 23, 24, 25, 29, 30, 32, 33, 34, 35, 36, 37, 38, 39, 40, 44, 46, 48, 49, 
      51, 52, 53, 54, 55, 56, 60, 61, 64, 66, 67, 68, 69, 70, 71, 72 ], 
  [ 2, 4, 5, 10, 11, 15, 16, 17, 18, 20, 21, 22, 23, 24, 25, 26, 28, 29, 30, 31, 33, 34, 35, 36, 37, 38, 39, 40, 43, 45, 47, 49, 
      52, 53, 54, 56, 57, 59, 60, 61, 62, 63, 64, 66, 67, 69, 71, 72 ], 
  [ 2, 7, 9, 11, 12, 13, 17, 18, 19, 20, 21, 22, 23, 24, 25, 26, 29, 30, 31, 34, 35, 36, 37, 38, 39, 40, 42, 43, 47, 50, 51, 53, 
      55, 56, 59, 60, 63, 65, 66, 68, 69, 72 ], [ 3, 6, 7, 10, 11, 14, 16, 17, 19, 20, 23, 24, 25, 27, 28, 29, 32, 33, 37, 38, 
      39, 40, 44, 46, 49, 51, 53, 54, 55, 56, 58, 60, 61, 62, 63, 64, 65, 68, 69, 70, 71, 72 ], 
  [ 2, 7, 9, 10, 11, 15, 17, 18, 20, 24, 29, 30, 33, 34, 47, 49, 52, 56, 60, 63, 66, 68, 71, 72 ], 
  [ 2, 9, 11, 17, 18, 30, 47, 52, 63, 66, 69 ], [ 2, 9, 11, 17, 18, 30, 52, 60, 63, 66, 69 ], 
  [ 2, 7, 11, 17, 20, 29, 49, 59, 60, 63, 68 ], [ 2, 7, 11, 17, 20, 29, 49, 59, 60, 66, 68 ], 
  [ 2, 7, 12, 17, 20, 29, 47, 49, 60, 66, 68 ], [ 2, 9, 11, 12, 17, 18, 47, 52, 63, 66, 68 ], 
  [ 2, 11, 17, 20, 29, 49, 59, 60, 63, 66, 68 ], [ 2, 7, 9, 12, 17, 33, 47, 60, 63, 68, 72 ], 
  [ 9, 11, 17, 30, 33, 60, 63, 66, 68, 69, 72 ], [ 2, 9, 12, 17, 33, 47, 60, 63, 66, 68, 72 ], 
  [ 2, 17, 29, 33, 47, 59, 60, 63, 66, 68, 72 ], [ 2, 9, 12, 21, 30, 33, 47, 59, 60, 63, 66, 68, 72 ], 
  [ 9, 12, 17, 30, 33, 47, 60, 63, 66, 68, 72 ], [ 2, 7, 10, 11, 17, 20, 29, 49, 51, 56, 63, 68 ], 
  [ 2, 9, 11, 12, 15, 18, 34, 42, 47, 52, 63, 66, 68 ], [ 9, 11, 17, 18, 30, 33, 52, 60, 63, 66, 69, 72 ], 
  [ 2, 12, 17, 20, 29, 33, 47, 49, 59, 60, 66, 68, 72 ], [ 2, 9, 12, 17, 18, 33, 47, 52, 63, 66, 68, 72 ], 
  [ 2, 17, 20, 29, 33, 49, 59, 60, 63, 66, 68, 72 ], [ 11, 17, 20, 25, 27, 28, 29, 32, 33, 39, 40, 49, 54, 59, 60, 61, 63, 64, 
      65, 66, 68, 69, 72 ], [ 2, 5, 9, 12, 13, 17, 18, 21, 26, 28, 30, 33, 35, 41, 43, 45, 47, 48, 52, 57, 59, 60, 63, 66, 67, 
      69, 72 ], [ 2, 7, 9, 21, 24, 30, 33, 47, 60, 63, 68, 71, 72 ], [ 7, 9, 11, 17, 23, 24, 30, 33, 56, 60, 63, 68, 69, 71, 72 ]
    , [ 1, 3, 5, 6, 7, 8, 9, 12, 13, 14, 17, 19, 21, 23, 24, 26, 27, 28, 30, 32, 33, 35, 37, 38, 41, 42, 43, 44, 46, 47, 48, 50, 
      51, 53, 55, 56, 57, 58, 60, 62, 63, 65, 67, 68, 69, 70, 71, 72 ], 
  [ 2, 21, 22, 24, 29, 30, 33, 34, 47, 59, 60, 63, 66, 68, 71, 72 ], [ 2, 7, 9, 12, 17, 18, 20, 33, 47, 49, 52, 60, 66, 68, 72 ],
  [ 11, 17, 23, 24, 25, 29, 30, 33, 34, 56, 60, 63, 66, 68, 69, 71, 72 ], 
  [ 5, 6, 12, 17, 21, 22, 23, 24, 25, 26, 27, 28, 29, 30, 31, 32, 33, 34, 35, 36, 37, 38, 39, 40, 42, 43, 47, 50, 51, 53, 55, 
      56, 57, 58, 59, 60, 61, 62, 63, 64, 65, 66, 67, 68, 69, 70, 71, 72 ], 
  [ 2, 7, 9, 11, 12, 13, 17, 18, 19, 20, 27, 28, 32, 33, 41, 44, 45, 46, 48, 49, 52, 54, 59, 60, 63, 65, 66, 68, 69, 72 ], 
  [ 1, 2, 4, 5, 6, 7, 10, 12, 13, 14, 17, 20, 21, 22, 24, 26, 27, 28, 29, 31, 32, 33, 37, 39, 41, 42, 43, 45, 46, 47, 49, 50, 
      51, 53, 55, 56, 57, 58, 59, 60, 62, 63, 64, 65, 68, 70, 71, 72 ], 
  [ 2, 7, 9, 10, 11, 12, 15, 17, 18, 20, 29, 34, 42, 47, 49, 51, 52, 56, 66, 68 ], 
  [ 1, 2, 3, 4, 7, 8, 9, 10, 11, 13, 14, 15, 16, 18, 19, 20, 21, 22, 23, 24, 25, 26, 29, 30, 31, 34, 35, 36, 37, 38, 39, 40, 
      42, 43, 47, 50, 51, 53, 55, 56, 58, 62, 63, 65, 68, 70, 71, 72 ], 
  [ 1, 2, 3, 4, 5, 6, 7, 8, 9, 10, 11, 12, 13, 14, 15, 16, 17, 18, 19, 20, 27, 28, 32, 33, 41, 42, 43, 44, 45, 46, 47, 48, 49, 
      50, 51, 52, 53, 54, 55, 56, 58, 62, 63, 65, 68, 70, 71, 72 ], 
  [ 1, 2, 3, 4, 5, 7, 8, 9, 10, 11, 13, 14, 15, 16, 17, 18, 19, 20, 21, 23, 24, 26, 28, 30, 33, 35, 37, 38, 41, 43, 44, 45, 46, 
      47, 48, 49, 52, 53, 54, 56, 57, 60, 62, 63, 67, 69, 71, 72 ], 
  [ 1, 2, 3, 5, 6, 7, 9, 10, 11, 12, 15, 17, 21, 22, 23, 24, 25, 27, 28, 29, 30, 32, 33, 34, 41, 42, 44, 45, 46, 47, 48, 49, 51, 
      52, 54, 56, 57, 58, 59, 60, 61, 63, 64, 66, 67, 68, 69, 71 ], 
  [ 5, 6, 7, 8, 9, 10, 12, 14, 15, 17, 18, 20, 24, 29, 30, 32, 33, 34, 35, 36, 37, 39, 42, 43, 46, 47, 48, 49, 50, 51, 52, 53, 
      55, 56, 60, 64, 66, 67, 68, 70, 71, 72 ], [ 2, 9, 11, 12, 17, 18, 47, 52, 63, 66, 69 ], 
  [ 2, 7, 11, 17, 20, 27, 29, 49, 51, 59, 63, 65, 68 ], [ 7, 11, 17, 20, 27, 29, 49, 59, 60, 63, 65, 68 ], 
  [ 2, 7, 11, 12, 17, 20, 29, 49, 59, 66, 68 ], [ 2, 7, 12, 17, 20, 29, 49, 59, 60, 66, 68 ], 
  [ 2, 7, 9, 12, 13, 17, 33, 41, 47, 60, 63, 72 ], [ 9, 12, 17, 30, 33, 60, 63, 66, 68, 69, 72 ], 
  [ 2, 12, 17, 33, 47, 59, 60, 63, 66, 68, 72 ], [ 2, 5, 9, 11, 12, 13, 17, 18, 19, 28, 41, 43, 44, 45, 47, 48, 52, 54, 63, 69 ],
  [ 2, 5, 11, 12, 17, 18, 28, 43, 45, 47, 52, 54, 59, 63, 66, 69 ], [ 2, 7, 11, 12, 17, 20, 29, 49, 51, 59, 68 ], 
  [ 9, 12, 17, 30, 32, 33, 35, 48, 60, 66, 67, 68, 69, 72 ], [ 2, 7, 10, 11, 20, 27, 29, 49, 51, 58, 63, 65, 68 ], 
  [ 2, 9, 11, 12, 15, 18, 27, 34, 42, 52, 58, 63, 65, 66, 68 ], [ 5, 12, 17, 20, 29, 33, 39, 43, 47, 49, 59, 60, 64, 66, 72 ] ];
