return [ [ 1, 2, 3, 4, 5, 7, 8, 10, 11, 12, 13, 14, 15, 16, 17, 18, 21, 22, 23, 24, 25, 27, 28, 30, 31, 32, 33, 34, 35, 36, 37, 
      38, 41, 42, 43, 44, 45, 46, 48, 49, 50, 52, 54, 55, 56, 57, 59, 60, 61, 62, 63, 64, 65, 66, 68, 69, 71, 73, 74, 75, 77, 
      78, 79, 80 ], [ 1, 2, 5, 6, 13, 21, 22, 23, 24, 25, 26, 27, 29, 30, 34, 61, 62, 65, 66, 67, 72, 73, 75, 77, 79 ], 
  [ 3, 4, 5, 7, 8, 9, 11, 13, 15, 17, 18, 20, 23, 24, 25, 27, 29, 31, 33, 34, 36, 37, 38, 40, 43, 44, 45, 48, 50, 51, 54, 55, 
      56, 57, 58, 60, 63, 64, 65, 66, 68, 70, 72, 73, 75, 78, 79, 80 ], 
  [ 1, 3, 5, 6, 7, 8, 9, 10, 11, 12, 13, 14, 15, 18, 19, 20, 21, 23, 25, 26, 27, 28, 29, 30, 31, 33, 34, 35, 36, 38, 39, 40, 42, 
      44, 45, 46, 47, 48, 50, 51, 52, 53, 54, 56, 57, 58, 59, 60, 62, 64, 65, 66, 67, 68, 69, 70, 71, 72, 73, 75, 76, 77, 78, 80 
     ], [ 1, 3, 6, 8, 9, 10, 12, 13, 14, 18, 19, 20, 21, 23, 26, 28, 29, 30, 33, 34, 35, 38, 39, 40, 44, 46, 47, 48, 49, 50, 51, 
      52, 55, 57, 65, 66, 67, 68, 69, 70, 71, 74, 75, 79 ], [ 1, 3, 6, 8, 9, 10, 12, 13, 14, 18, 19, 20, 21, 22, 23, 24, 25, 26, 
      27, 28, 29, 30, 31, 32, 33, 34, 35, 36, 37, 38, 39, 40, 42, 45, 46, 47, 50, 51, 52, 53, 57, 58, 59, 60, 61, 62, 63, 64, 
      65, 66, 67, 68, 69, 70, 71, 72, 73, 74, 75, 76, 77, 78, 79, 80 ], [ 1, 5, 13, 23, 24, 25, 27, 45, 62, 66, 72, 73 ], 
  [ 1, 5, 6, 10, 13, 14, 25, 30, 34, 56, 59, 61, 65, 73, 77, 78 ], [ 1, 2, 5, 6, 11, 13, 14, 27, 30, 48, 52, 65, 67, 73, 77 ], 
  [ 1, 5, 6, 13, 14, 25, 34, 56, 59, 61, 65, 72, 73, 77, 78 ], [ 5, 6, 25, 26, 36, 39, 53, 56, 61, 62, 65, 67, 72, 73, 76, 77, 
      78 ], [ 1, 2, 6, 13, 14, 22, 30, 52, 61, 65, 67, 75, 77 ], [ 2, 5, 13, 21, 26, 27, 30, 48, 65, 67, 73, 79 ], 
  [ 1, 2, 5, 13, 21, 27, 48, 65, 66, 67, 73, 79 ], [ 2, 6, 13, 20, 24, 26, 58, 61, 62, 67, 72, 73, 79 ], 
  [ 1, 2, 5, 6, 13, 21, 26, 27, 30, 48, 65, 67, 73 ], [ 1, 2, 6, 13, 14, 22, 27, 30, 52, 61, 65, 67, 73, 77 ], 
  [ 1, 2, 5, 6, 13, 21, 26, 27, 48, 65, 67, 73, 79 ], [ 2, 5, 13, 21, 27, 30, 48, 65, 66, 67, 73, 75, 79 ], 
  [ 1, 2, 5, 6, 10, 13, 14, 22, 25, 27, 30, 52, 59, 61, 65, 73, 77 ], 
  [ 1, 2, 5, 6, 7, 11, 13, 21, 26, 27, 30, 48, 54, 62, 67, 73, 77 ], [ 2, 6, 13, 22, 24, 26, 27, 58, 61, 62, 67, 72, 73, 77 ], 
  [ 2, 5, 6, 22, 25, 26, 27, 53, 61, 62, 67, 72, 73, 76, 77 ], [ 1, 2, 5, 6, 10, 13, 14, 22, 25, 30, 34, 52, 59, 61, 65, 75, 77 ]
    , [ 1, 2, 5, 6, 13, 22, 25, 27, 30, 52, 65, 67, 75, 77 ], [ 5, 13, 23, 24, 25, 27, 34, 45, 60, 62, 64, 66, 72, 73, 75, 77, 
      80 ], [ 1, 2, 3, 6, 7, 8, 9, 10, 11, 12, 13, 14, 16, 18, 19, 20, 21, 22, 26, 27, 28, 30, 31, 32, 35, 39, 41, 42, 45, 46, 
      47, 48, 49, 50, 51, 52, 53, 54, 57, 58, 59, 60, 61, 62, 67, 68, 69, 71, 73, 74, 76, 77 ], 
  [ 1, 2, 5, 21, 22, 25, 27, 30, 46, 52, 62, 65, 66, 67, 69, 71, 75, 77 ], 
  [ 1, 2, 5, 11, 13, 21, 27, 30, 48, 62, 65, 66, 67, 73, 75, 77 ], 
  [ 1, 2, 3, 6, 8, 9, 13, 20, 21, 22, 24, 26, 27, 45, 50, 51, 58, 61, 62, 67, 73, 79 ], 
  [ 1, 2, 6, 13, 21, 22, 26, 27, 30, 48, 49, 61, 65, 67, 68, 73, 74, 79 ], 
  [ 1, 5, 6, 13, 21, 23, 26, 27, 29, 48, 65, 66, 67, 73, 79 ], [ 5, 13, 21, 23, 26, 27, 29, 30, 34, 48, 65, 66, 67, 73, 75, 79 ],
  [ 1, 5, 6, 21, 23, 25, 26, 29, 30, 34, 56, 61, 62, 65, 72, 73, 77, 78 ], 
  [ 1, 2, 8, 11, 13, 14, 21, 22, 27, 28, 30, 31, 32, 35, 46, 48, 49, 50, 52, 57, 61, 62, 65, 66, 67, 68, 69, 71, 73, 74, 75, 77, 
      79 ], [ 1, 2, 3, 4, 5, 6, 7, 9, 10, 13, 21, 22, 23, 24, 25, 26, 27, 29, 30, 34, 41, 43, 44, 48, 49, 54, 55, 56, 61, 63, 
      65, 68, 73, 74, 78, 79 ], [ 2, 4, 5, 7, 11, 13, 17, 21, 23, 24, 26, 27, 29, 30, 34, 43, 48, 54, 55, 62, 66, 67, 72, 73, 
      75, 77, 79 ], [ 1, 2, 5, 6, 8, 11, 13, 14, 17, 20, 22, 24, 25, 27, 31, 32, 36, 37, 42, 45, 46, 47, 50, 51, 52, 53, 57, 58, 
      59, 60, 61, 62, 65, 66, 67, 72, 73, 75, 77, 79 ], [ 1, 2, 3, 4, 5, 6, 7, 9, 10, 13, 21, 22, 23, 24, 25, 26, 27, 29, 30, 
      34, 41, 42, 43, 45, 53, 54, 56, 58, 59, 60, 61, 62, 63, 64, 72, 73, 76, 77, 78, 80 ], 
  [ 2, 4, 5, 6, 7, 9, 10, 11, 13, 14, 15, 16, 17, 18, 19, 20, 22, 24, 25, 26, 27, 29, 30, 31, 32, 34, 35, 36, 37, 38, 39, 40, 
      41, 43, 44, 47, 48, 49, 51, 52, 53, 54, 55, 56, 57, 58, 59, 60, 61, 63, 65, 67, 68, 70, 71, 72, 73, 74, 75, 76, 77, 78, 
      79, 80 ], [ 2, 4, 5, 7, 11, 15, 16, 17, 21, 22, 23, 24, 25, 26, 27, 28, 29, 30, 31, 32, 33, 34, 35, 36, 37, 38, 39, 40, 
      41, 43, 44, 48, 49, 54, 55, 56, 61, 62, 63, 64, 65, 66, 67, 68, 69, 70, 71, 72, 73, 74, 75, 76, 77, 78, 79, 80 ], 
  [ 1, 2, 5, 11, 13, 27, 48, 65, 66, 67, 73, 79 ], [ 1, 2, 5, 6, 11, 13, 27, 48, 65, 67, 73, 79 ], 
  [ 1, 2, 5, 6, 13, 14, 30, 52, 65, 67, 75, 77 ], [ 2, 6, 13, 20, 24, 26, 43, 58, 61, 62, 72, 73, 79 ], 
  [ 1, 2, 3, 6, 8, 9, 13, 20, 21, 24, 26, 43, 45, 58, 61, 62, 73, 79 ], 
  [ 1, 3, 6, 8, 9, 13, 20, 21, 23, 24, 26, 29, 43, 45, 58, 61, 62, 63, 72, 73, 79 ], 
  [ 1, 2, 6, 13, 14, 22, 27, 30, 48, 49, 52, 61, 65, 67, 68, 73, 74 ], [ 2, 6, 22, 26, 27, 53, 58, 61, 62, 67, 72, 73, 76, 77 ], 
  [ 2, 22, 24, 26, 27, 58, 61, 62, 67, 72, 73, 76, 77 ], [ 2, 4, 7, 11, 17, 24, 26, 27, 43, 54, 58, 62, 67, 72, 73, 76, 77 ], 
  [ 2, 17, 24, 26, 43, 58, 61, 62, 67, 72, 73, 76, 77 ], [ 2, 11, 17, 22, 24, 27, 31, 32, 37, 58, 61, 62, 67, 72, 73, 76, 77 ], 
  [ 2, 11, 22, 27, 31, 32, 53, 58, 61, 62, 67, 72, 73, 76, 77 ], [ 1, 2, 5, 6, 7, 11, 13, 27, 30, 48, 52, 67, 77 ], 
  [ 1, 2, 5, 6, 7, 11, 13, 27, 46, 47, 48, 50, 51, 52, 57, 67 ], 
  [ 1, 2, 5, 6, 7, 11, 13, 27, 42, 45, 46, 47, 50, 51, 52, 53, 57, 58, 59, 60, 62, 67, 77 ], 
  [ 1, 6, 8, 13, 14, 20, 23, 29, 33, 34, 38, 40, 43, 56, 61, 63, 65, 72, 73, 78, 79 ], 
  [ 2, 4, 5, 7, 11, 15, 16, 17, 22, 24, 25, 27, 31, 32, 36, 37, 42, 45, 46, 47, 50, 51, 52, 53, 57, 58, 59, 60, 62, 64, 66, 67, 
      69, 70, 71, 72, 75, 76, 77, 80 ], [ 5, 11, 17, 24, 25, 27, 31, 36, 37, 45, 60, 62, 64, 66, 72, 73, 75, 77, 80 ], 
  [ 4, 5, 7, 11, 13, 17, 23, 24, 27, 34, 43, 45, 54, 60, 62, 64, 66, 72, 73, 75, 77, 80 ] ];
