return [ [ 1, 7, 9, 18, 19, 23, 32, 34, 45, 48, 52, 54, 56 ], [ 1, 3, 5, 7, 8, 13, 14, 31, 32, 34, 36, 38, 44, 46 ], 
  [ 1, 2, 3, 13, 14, 15, 22, 25, 36, 42, 44, 45, 48, 50 ], [ 1, 3, 5, 7, 13, 14, 16, 32, 34, 36, 42, 44, 46, 48, 54 ], 
  [ 1, 2, 3, 13, 15, 22, 32, 35, 36, 44, 45, 46, 47, 48, 50 ], [ 1, 2, 3, 13, 14, 15, 16, 32, 34, 36, 42, 44, 45, 46, 48, 54 ], 
  [ 1, 3, 5, 7, 8, 13, 14, 29, 31, 33, 34, 36, 37, 38, 40, 42, 44 ], 
  [ 1, 2, 3, 4, 6, 8, 12, 15, 17, 30, 32, 35, 39, 41, 45, 50, 51 ], 
  [ 1, 2, 4, 6, 9, 12, 15, 17, 18, 21, 30, 32, 35, 39, 41, 45, 50, 51 ], 
  [ 2, 4, 6, 10, 11, 12, 15, 17, 18, 19, 21, 31, 32, 34, 41, 45, 46, 54, 56 ], 
  [ 1, 3, 5, 13, 14, 15, 16, 22, 25, 32, 35, 36, 42, 44, 45, 46, 47, 48, 50, 54 ], 
  [ 1, 2, 3, 4, 6, 8, 12, 13, 15, 17, 22, 32, 35, 36, 38, 41, 44, 45, 46, 47, 50, 51 ], 
  [ 1, 2, 3, 4, 5, 8, 13, 14, 22, 25, 31, 32, 34, 35, 36, 38, 44, 45, 46, 47, 48, 50 ], 
  [ 1, 2, 3, 4, 5, 8, 13, 14, 22, 25, 29, 31, 33, 34, 36, 37, 38, 40, 42, 44, 48, 53 ], 
  [ 1, 2, 3, 4, 6, 8, 12, 13, 14, 15, 17, 22, 25, 33, 36, 38, 40, 41, 42, 44, 45, 50, 51 ], 
  [ 1, 5, 7, 9, 13, 14, 19, 22, 23, 25, 26, 28, 31, 32, 34, 35, 36, 38, 44, 45, 46, 47, 48, 50, 54, 56 ], 
  [ 1, 2, 3, 4, 5, 6, 8, 9, 12, 15, 17, 18, 21, 22, 25, 33, 35, 36, 38, 39, 40, 42, 44, 48, 50, 51, 53 ], 
  [ 1, 5, 7, 9, 13, 14, 19, 22, 23, 25, 26, 28, 29, 31, 33, 34, 36, 37, 38, 40, 42, 44, 48, 49, 52, 53, 54, 56 ], 
  [ 2, 3, 4, 6, 8, 10, 11, 12, 15, 16, 17, 18, 20, 21, 24, 27, 30, 32, 35, 39, 41, 43, 45, 46, 47, 50, 51, 55 ], 
  [ 1, 2, 4, 6, 9, 12, 13, 15, 17, 18, 19, 21, 22, 26, 31, 32, 34, 35, 36, 38, 41, 44, 45, 46, 47, 48, 50, 51, 54, 56 ], 
  [ 2, 3, 4, 6, 8, 10, 11, 12, 15, 16, 17, 18, 20, 21, 24, 27, 31, 32, 34, 35, 36, 38, 44, 45, 46, 47, 48, 50, 54, 56 ], 
  [ 1, 2, 3, 4, 5, 8, 13, 14, 15, 16, 17, 18, 20, 21, 22, 24, 25, 27, 30, 32, 35, 39, 41, 42, 43, 44, 45, 46, 47, 48, 50, 51, 
      53, 55 ], [ 3, 5, 6, 8, 9, 12, 15, 16, 17, 18, 20, 21, 22, 24, 25, 26, 27, 28, 33, 35, 36, 38, 39, 40, 42, 44, 47, 48, 49, 
      50, 51, 52, 53, 54, 55, 56 ], [ 2, 3, 4, 5, 6, 8, 9, 10, 11, 12, 18, 20, 21, 22, 25, 26, 27, 28, 29, 31, 33, 34, 35, 36, 
      37, 38, 39, 40, 47, 48, 50, 51, 52, 53, 55, 56 ], [ 1, 2, 4, 6, 9, 12, 13, 14, 15, 17, 18, 19, 21, 22, 23, 25, 26, 28, 29, 
      31, 33, 34, 36, 37, 38, 40, 41, 42, 44, 45, 48, 49, 50, 51, 52, 53, 54, 56 ], 
  [ 1, 3, 5, 6, 7, 8, 9, 12, 13, 14, 15, 16, 17, 19, 22, 23, 24, 25, 26, 28, 30, 32, 33, 35, 36, 38, 39, 40, 41, 42, 43, 44, 45, 
      46, 47, 49, 50, 51, 54, 55 ], [ 1, 4, 5, 7, 8, 9, 10, 12, 13, 14, 17, 19, 21, 22, 23, 24, 25, 26, 27, 28, 30, 31, 32, 35, 
      37, 38, 39, 40, 41, 43, 44, 45, 46, 47, 49, 50, 51, 53, 55, 56 ], 
  [ 1, 5, 7, 9, 13, 14, 15, 16, 17, 18, 19, 20, 21, 22, 23, 24, 25, 26, 27, 28, 30, 32, 35, 39, 41, 42, 43, 44, 45, 46, 47, 48, 
      49, 50, 51, 52, 53, 54, 55, 56 ], [ 1, 2, 3, 4, 5, 6, 7, 8, 9, 10, 11, 12, 13, 14, 19, 22, 23, 25, 26, 28, 29, 30, 31, 32, 
      33, 34, 35, 36, 37, 38, 39, 40, 41, 43, 45, 46, 47, 50, 51, 55 ], 
  [ 2, 3, 4, 6, 8, 10, 11, 12, 13, 14, 15, 16, 17, 18, 19, 20, 21, 22, 23, 24, 25, 26, 27, 28, 29, 31, 33, 34, 36, 37, 38, 40, 
      41, 42, 43, 44, 45, 46, 47, 48, 49, 50, 51, 52, 53, 54, 55, 56 ], 
  [ 1, 2, 3, 4, 5, 6, 7, 8, 9, 10, 11, 12, 13, 15, 16, 17, 18, 19, 20, 21, 22, 24, 26, 27, 29, 30, 31, 32, 33, 34, 35, 36, 37, 
      38, 39, 40, 41, 42, 44, 46, 47, 48, 49, 51, 52, 53, 54, 56 ] ];
