return [ [ 1, 2, 4, 6, 32, 47, 49, 50, 52, 53, 62 ], [ 1, 2, 3, 5, 7, 37, 44, 51, 54, 59, 63 ], 
  [ 1, 2, 4, 6, 8, 32, 47, 49, 50, 53, 62 ], [ 1, 2, 4, 8, 11, 32, 47, 49, 50, 52, 53, 62 ], 
  [ 1, 8, 10, 11, 12, 36, 44, 49, 50, 51, 55, 59 ], [ 1, 8, 10, 11, 12, 37, 44, 51, 54, 58, 59, 63 ], 
  [ 2, 10, 12, 19, 34, 38, 40, 50, 51, 53, 56, 58 ], [ 1, 2, 4, 6, 8, 31, 38, 47, 49, 50, 53, 54, 58, 62 ], 
  [ 1, 2, 4, 6, 8, 31, 38, 49, 50, 54, 57, 58, 61, 62 ], [ 1, 3, 4, 11, 13, 15, 21, 36, 43, 46, 55, 57, 59, 63 ], 
  [ 1, 2, 9, 11, 37, 42, 44, 47, 51, 53, 58, 59, 62, 63, 64 ], [ 1, 3, 4, 8, 11, 15, 21, 36, 43, 46, 55, 57, 59, 61, 63 ], 
  [ 3, 4, 8, 10, 35, 39, 40, 45, 54, 56, 57, 58, 60, 61, 63, 64 ], [ 1, 2, 4, 9, 11, 32, 36, 44, 47, 50, 51, 52, 53, 55, 59, 62 ]
    , [ 1, 2, 3, 5, 12, 32, 36, 43, 48, 49, 51, 52, 53, 55, 59, 62 ], 
  [ 2, 3, 4, 12, 16, 33, 37, 40, 42, 43, 48, 52, 55, 56, 61, 63, 64 ], 
  [ 1, 2, 5, 6, 7, 9, 32, 36, 44, 47, 49, 50, 51, 52, 53, 55, 59, 62 ], 
  [ 2, 3, 4, 10, 12, 14, 16, 19, 24, 33, 40, 41, 42, 45, 48, 52, 56, 61, 64 ], 
  [ 1, 2, 4, 6, 8, 9, 11, 20, 23, 26, 28, 32, 33, 34, 40, 42, 48, 58, 62 ], 
  [ 4, 11, 13, 15, 21, 23, 32, 36, 41, 43, 46, 48, 52, 55, 57, 59, 61, 62, 63, 64 ], 
  [ 1, 2, 4, 9, 11, 26, 27, 28, 32, 33, 34, 36, 37, 40, 42, 43, 48, 58, 59, 62 ], 
  [ 2, 4, 8, 10, 11, 12, 19, 20, 23, 24, 26, 28, 32, 33, 34, 38, 40, 41, 42, 45, 47, 48, 50, 52, 53, 56, 58, 61, 62, 64 ], 
  [ 1, 2, 3, 4, 8, 10, 11, 12, 31, 38, 39, 41, 44, 45, 46, 47, 49, 50, 51, 52, 53, 54, 55, 56, 57, 58, 59, 60, 61, 62, 63, 64 ], 
  [ 2, 4, 5, 6, 7, 9, 13, 14, 15, 16, 19, 20, 23, 24, 26, 28, 32, 33, 34, 38, 40, 41, 42, 45, 47, 48, 50, 52, 53, 56, 58, 61, 
      62, 64 ], [ 1, 2, 3, 4, 5, 6, 7, 9, 13, 14, 15, 16, 31, 38, 39, 41, 44, 45, 46, 47, 49, 50, 51, 52, 53, 54, 55, 56, 57, 
      58, 59, 60, 61, 62, 63, 64 ], [ 1, 2, 3, 4, 7, 8, 9, 10, 11, 12, 15, 16, 19, 20, 21, 22, 26, 27, 33, 34, 36, 37, 38, 40, 
      43, 44, 45, 46, 50, 51, 55, 56, 58, 59, 61, 63 ], [ 1, 4, 6, 8, 9, 11, 13, 15, 18, 20, 21, 23, 25, 26, 27, 28, 29, 30, 32, 
      33, 34, 35, 36, 37, 40, 42, 43, 48, 54, 57, 58, 59, 61, 62, 63, 64 ], 
  [ 1, 2, 3, 4, 5, 6, 7, 9, 11, 12, 13, 14, 15, 16, 21, 22, 23, 24, 27, 28, 32, 36, 37, 41, 42, 43, 44, 46, 47, 48, 51, 52, 53, 
      55, 59, 62, 63, 64 ], [ 1, 2, 3, 4, 8, 10, 11, 12, 25, 26, 27, 28, 29, 30, 32, 33, 34, 35, 36, 37, 40, 42, 43, 48, 49, 50, 
      51, 52, 53, 54, 55, 56, 57, 58, 59, 60, 61, 62, 63, 64 ], [ 1, 2, 3, 4, 5, 6, 7, 8, 9, 10, 11, 12, 13, 14, 15, 16, 17, 18, 
      19, 20, 21, 22, 23, 24, 25, 26, 27, 28, 29, 30, 32, 33, 34, 35, 36, 37, 40, 42, 43, 48 ], 
  [ 2, 4, 7, 9, 11, 12, 15, 16, 19, 20, 21, 22, 23, 24, 26, 27, 28, 32, 33, 34, 36, 37, 38, 40, 41, 42, 43, 44, 45, 46, 47, 48, 
      50, 51, 52, 53, 55, 56, 58, 59, 61, 62, 63, 64 ], [ 2, 3, 5, 7, 10, 12, 14, 16, 17, 19, 22, 24, 29, 31, 33, 35, 37, 38, 
      39, 40, 41, 42, 43, 44, 45, 46, 47, 48, 49, 50, 51, 52, 53, 54, 55, 56, 57, 58, 59, 60, 61, 62, 63, 64 ], 
  [ 1, 2, 3, 4, 5, 6, 7, 9, 13, 14, 15, 16, 25, 26, 27, 28, 29, 30, 32, 33, 34, 35, 36, 37, 40, 42, 43, 48, 49, 50, 51, 52, 53, 
      54, 55, 56, 57, 58, 59, 60, 61, 62, 63, 64 ], [ 1, 2, 5, 6, 7, 8, 9, 10, 11, 12, 17, 18, 19, 20, 21, 22, 23, 24, 25, 26, 
      27, 28, 29, 30, 31, 32, 33, 34, 35, 36, 37, 38, 40, 42, 43, 44, 47, 48, 49, 50, 51, 53, 54, 58, 59, 62 ], 
  [ 1, 2, 3, 4, 5, 6, 7, 8, 9, 10, 11, 12, 13, 14, 15, 16, 17, 18, 19, 20, 21, 22, 23, 24, 29, 31, 33, 35, 37, 38, 39, 40, 41, 
      42, 43, 44, 45, 46, 47, 48, 54, 57, 58, 59, 61, 62, 63, 64 ], 
  [ 1, 2, 3, 4, 5, 6, 7, 8, 9, 10, 11, 12, 13, 14, 15, 16, 17, 18, 19, 20, 21, 22, 23, 24, 25, 26, 29, 31, 32, 33, 36, 38, 39, 
      41, 43, 44, 45, 46, 47, 48, 49, 50, 52, 55, 57, 59, 61, 62 ], 
  [ 8, 10, 11, 12, 17, 18, 19, 20, 21, 22, 23, 24, 25, 26, 27, 28, 29, 30, 31, 32, 33, 34, 35, 36, 37, 38, 39, 40, 41, 42, 43, 
      44, 45, 46, 47, 48, 49, 50, 51, 52, 53, 54, 55, 56, 57, 58, 59, 60, 61, 62, 63, 64 ], 
  [ 5, 6, 7, 9, 13, 14, 15, 16, 17, 18, 19, 20, 21, 22, 23, 24, 25, 26, 27, 28, 29, 30, 31, 32, 33, 34, 35, 36, 37, 38, 39, 40, 
      41, 42, 43, 44, 45, 46, 47, 48, 49, 50, 51, 52, 53, 54, 55, 56, 57, 58, 59, 60, 61, 62, 63, 64 ] ];
