return rec(
  EXT := [ [ 1, 0, 1, 1, 1, 1, 1, 1, 0, 1, 0, 0, 0, 0, 0 ], [ 1, 1, 1, 1, 1, 0, 0, 1, 0, 1, 0, 0, 1, 1, 0 ], 
      [ 1, 1, 1, 0, 1, 0, 0, 1, 0, 0, 0, 1, 1, 1, 0 ], [ 1, 0, 1, 1, 0, 1, 0, 1, 0, 1, 0, 0, 1, 1, 0 ], 
      [ 1, 0, 1, 0, 1, 1, 1, 1, 1, 0, 0, 0, 0, 0, 1 ], [ 1, 0, 1, 0, 1, 1, 1, 1, 0, 0, 1, 1, 0, 0, 0 ], 
      [ 1, 0, 1, 1, 1, 1, 1, 1, 0, 1, 1, 0, 0, 1, 0 ], [ 1, 0, 1, 0, 0, 1, 0, 1, 1, 0, 0, 0, 1, 1, 1 ], 
      [ 1, 0, 1, 0, 1, 1, 1, 1, 0, 0, 0, 1, 0, 1, 0 ], [ 1, 1, 1, 1, 1, 0, 0, 1, 1, 1, 0, 1, 1, 1, 1 ], 
      [ 1, 0, 1, 0, 0, 1, 0, 1, 0, 0, 0, 1, 1, 1, 0 ], [ 1, 1, 1, 0, 1, 0, 0, 1, 1, 0, 0, 0, 1, 1, 1 ], 
      [ 1, 0, 1, 1, 1, 1, 1, 1, 1, 1, 0, 1, 0, 1, 1 ], [ 1, 0, 1, 1, 1, 1, 1, 1, 1, 1, 1, 1, 0, 0, 1 ], 
      [ 1, 0, 1, 1, 0, 1, 0, 1, 1, 1, 0, 1, 1, 1, 1 ], [ 1, 0, 1, 0, 1, 1, 1, 1, 1, 0, 1, 0, 0, 1, 1 ], 
      [ 1, 0, 1, 1, 0, 1, 1, 0, 0, 0, 0, 0, 0, 0, 0 ], [ 1, 1, 1, 1, 1, 1, 1, 0, 0, 0, 0, 0, 0, 0, 0 ], 
      [ 1, 1, 1, 0, 1, 0, 0, 1, 0, 1, 0, 1, 1, 1, 0 ], [ 1, 0, 1, 1, 0, 1, 1, 0, 0, 0, 1, 1, 0, 0, 0 ], 
      [ 1, 1, 1, 0, 1, 0, 0, 1, 0, 1, 1, 1, 1, 1, 0 ], [ 1, 0, 1, 1, 0, 1, 1, 0, 0, 0, 1, 0, 0, 1, 0 ], 
      [ 1, 0, 1, 0, 0, 1, 0, 1, 0, 1, 0, 1, 1, 1, 0 ], [ 1, 1, 1, 1, 1, 1, 1, 0, 0, 0, 1, 1, 0, 0, 0 ], 
      [ 1, 0, 1, 1, 0, 1, 1, 0, 1, 0, 0, 0, 0, 0, 1 ], [ 1, 1, 1, 1, 1, 1, 1, 0, 0, 0, 1, 0, 0, 1, 0 ], 
      [ 1, 0, 1, 1, 0, 1, 1, 0, 0, 0, 0, 1, 0, 1, 0 ], [ 1, 0, 1, 0, 0, 1, 0, 1, 0, 1, 1, 1, 1, 1, 0 ], 
      [ 1, 0, 1, 0, 0, 1, 0, 1, 1, 1, 0, 1, 1, 1, 1 ], [ 1, 1, 1, 1, 1, 1, 1, 0, 1, 0, 0, 0, 0, 0, 1 ], 
      [ 1, 1, 1, 1, 1, 1, 1, 0, 0, 0, 0, 1, 0, 1, 0 ], [ 1, 0, 1, 1, 0, 1, 1, 0, 1, 0, 0, 1, 0, 1, 1 ], 
      [ 1, 1, 1, 0, 1, 0, 0, 1, 1, 1, 0, 1, 1, 1, 1 ], [ 1, 0, 1, 0, 0, 1, 0, 1, 1, 1, 1, 1, 1, 1, 1 ], 
      [ 1, 1, 1, 1, 1, 1, 1, 0, 1, 0, 0, 1, 0, 1, 1 ], [ 1, 0, 1, 1, 0, 1, 1, 0, 1, 0, 1, 0, 0, 1, 1 ], 
      [ 1, 0, 1, 1, 0, 1, 1, 0, 1, 0, 1, 1, 0, 0, 1 ], [ 1, 1, 1, 0, 1, 0, 0, 1, 1, 1, 1, 1, 1, 1, 1 ], 
      [ 1, 1, 1, 1, 1, 1, 1, 0, 1, 0, 1, 0, 0, 1, 1 ], [ 1, 1, 1, 1, 1, 1, 1, 0, 1, 0, 1, 1, 0, 0, 1 ], 
      [ 1, 1, 1, 1, 1, 0, 0, 1, 1, 0, 0, 0, 0, 1, 0 ], [ 1, 0, 1, 0, 1, 1, 0, 1, 0, 1, 0, 0, 0, 0, 1 ], 
      [ 1, 0, 1, 1, 0, 1, 1, 1, 1, 0, 0, 0, 1, 1, 0 ], [ 1, 0, 1, 0, 1, 1, 0, 1, 0, 1, 1, 1, 0, 0, 1 ], 
      [ 1, 0, 1, 0, 1, 1, 1, 1, 0, 1, 0, 0, 1, 0, 1 ], [ 1, 0, 1, 0, 1, 1, 1, 1, 0, 1, 1, 0, 1, 1, 1 ], 
      [ 1, 0, 1, 1, 0, 1, 0, 1, 1, 0, 0, 0, 0, 1, 0 ], [ 1, 1, 1, 1, 1, 0, 0, 1, 1, 0, 0, 1, 0, 1, 0 ], 
      [ 1, 1, 1, 1, 1, 0, 1, 1, 1, 0, 0, 0, 1, 1, 0 ], [ 1, 0, 1, 0, 1, 1, 1, 1, 0, 1, 0, 1, 1, 1, 1 ], 
      [ 1, 0, 1, 0, 1, 1, 0, 1, 0, 1, 1, 0, 0, 1, 1 ], [ 1, 1, 1, 1, 1, 0, 1, 1, 1, 0, 0, 1, 1, 1, 0 ], 
      [ 1, 0, 1, 1, 0, 1, 1, 1, 1, 0, 0, 1, 1, 1, 0 ], [ 1, 0, 1, 0, 1, 1, 0, 1, 0, 1, 0, 1, 0, 1, 1 ], 
      [ 1, 0, 1, 0, 1, 1, 1, 1, 0, 1, 1, 1, 1, 0, 1 ], [ 1, 0, 1, 1, 0, 1, 0, 1, 1, 0, 0, 1, 0, 1, 0 ], 
      [ 1, 0, 1, 0, 0, 1, 0, 0, 0, 0, 0, 0, 0, 0, 1 ], [ 1, 1, 1, 1, 1, 0, 0, 1, 1, 1, 0, 1, 0, 1, 0 ], 
      [ 1, 1, 1, 1, 1, 1, 0, 0, 0, 1, 0, 0, 0, 0, 1 ], [ 1, 0, 1, 1, 0, 1, 0, 0, 0, 1, 1, 1, 0, 0, 1 ], 
      [ 1, 1, 1, 0, 1, 1, 1, 0, 0, 0, 0, 0, 1, 0, 1 ], [ 1, 0, 1, 0, 0, 1, 1, 0, 0, 0, 1, 0, 1, 1, 1 ], 
      [ 1, 0, 1, 1, 0, 1, 1, 1, 1, 1, 0, 1, 1, 1, 0 ], [ 1, 1, 1, 0, 1, 1, 0, 0, 0, 0, 1, 1, 0, 0, 1 ], 
      [ 1, 0, 1, 1, 0, 1, 1, 0, 0, 1, 0, 0, 1, 0, 1 ], [ 1, 1, 1, 0, 1, 0, 0, 1, 1, 0, 1, 1, 0, 1, 0 ], 
      [ 1, 1, 1, 1, 1, 1, 1, 0, 0, 1, 1, 0, 1, 1, 1 ], [ 1, 0, 1, 1, 0, 1, 1, 0, 0, 1, 0, 1, 1, 1, 1 ], 
      [ 1, 1, 1, 0, 1, 1, 0, 0, 0, 0, 1, 0, 0, 1, 1 ], [ 1, 0, 1, 0, 0, 1, 0, 1, 1, 0, 0, 1, 0, 1, 0 ], 
      [ 1, 1, 1, 1, 1, 0, 1, 1, 1, 1, 1, 1, 1, 1, 0 ], [ 1, 1, 1, 1, 1, 1, 1, 0, 0, 1, 1, 1, 1, 0, 1 ], 
      [ 1, 1, 1, 0, 1, 1, 1, 0, 0, 0, 0, 1, 1, 1, 1 ], [ 1, 0, 1, 1, 0, 1, 0, 0, 0, 1, 1, 0, 0, 1, 1 ], 
      [ 1, 0, 1, 0, 0, 1, 0, 0, 0, 0, 0, 1, 0, 1, 1 ], [ 1, 1, 1, 0, 1, 0, 1, 1, 1, 0, 0, 1, 1, 1, 0 ], 
      [ 1, 0, 1, 1, 0, 1, 0, 1, 1, 1, 1, 1, 0, 1, 0 ], [ 1, 0, 1, 0, 0, 1, 1, 0, 0, 0, 1, 1, 1, 0, 1 ], 
      [ 1, 0, 1, 0, 0, 1, 1, 1, 1, 0, 1, 1, 1, 1, 0 ], [ 1, 1, 1, 1, 1, 1, 0, 0, 0, 1, 0, 1, 0, 1, 1 ] ],
  Group := Group( [ ( 1, 7)( 2, 4)( 3,11)( 5,16)( 6, 9)( 8,12)(10,15)(13,14)(17,26)(18,22)(19,28)(20,31)(21,23)(24,27)(25,39)
        (29,38)(30,36)(32,40)(33,34)(35,37)(41,47)(42,51)(43,49)(44,54)(45,46)(48,56)(50,55)(52,53)(57,69)(58,77)(59,74)(60,80)
        (61,62)(63,71)(64,75)(65,67)(66,70)(68,72)(73,78)(76,79), ( 1,13)( 2,10)( 3,12)( 4,15)( 5, 9)( 6,16)( 7,14)( 8,11)(17,32)
        (18,35)(19,33)(20,36)(21,38)(22,37)(23,29)(24,39)(25,27)(26,40)(28,34)(30,31)(41,48)(42,54)(43,53)(44,51)(45,50)(46,55)
        (47,56)(49,52)(57,75)(59,80)(60,74)(61,73)(62,78)(64,69)(65,68)(67,72), ( 1,13)( 2,15)( 3, 8)( 4,10)( 5, 9)( 6,16)( 7,14)
        (11,12)(17,35)(18,32)(19,29)(20,39)(21,34)(22,40)(23,33)(24,36)(25,31)(26,37)(27,30)(28,38)(41,53)(42,50)(43,48)(44,46)
        (45,54)(47,52)(49,56)(51,55)(57,73)(58,63)(59,68)(60,67)(61,75)(62,64)(65,80)(66,79)(69,78)(70,76)(71,77)(72,74), 
      ( 1,16)( 2,12)( 3,10)( 4, 8)( 5, 7)( 6,13)( 9,14)(11,15)(17,36)(18,39)(19,38)(20,32)(21,33)(22,25)(23,34)(24,35)(26,30)
        (27,37)(28,29)(31,40)(42,51)(44,54)(45,46)(50,55)(57,74)(58,66)(59,69)(60,75)(61,67)(62,65)(63,79)(64,80)(68,78)(70,77)
        (71,76)(72,73) ] ) );
