return [ [ 2, 5, 9, 11, 13, 15, 34, 41, 44, 45, 50 ], [ 4, 5, 9, 10, 12, 15, 18, 33, 44, 49, 50 ], 
  [ 4, 5, 15, 18, 19, 41, 42, 44, 45, 49, 50 ], [ 4, 5, 13, 15, 18, 19, 41, 42, 45, 49, 50 ], 
  [ 1, 6, 11, 12, 17, 23, 37, 39, 43, 46, 51 ], [ 3, 11, 12, 14, 17, 23, 37, 39, 42, 46, 47 ], 
  [ 3, 11, 12, 17, 18, 23, 37, 39, 42, 46, 47 ], [ 1, 3, 11, 12, 17, 18, 23, 37, 39, 42, 46 ], 
  [ 1, 5, 11, 12, 17, 18, 23, 37, 39, 42, 46 ], [ 5, 11, 12, 17, 18, 21, 23, 37, 42, 44, 46 ], 
  [ 1, 7, 12, 14, 25, 36, 41, 42, 44, 47, 50 ], [ 1, 4, 5, 12, 18, 25, 37, 41, 42, 44, 50 ], 
  [ 1, 4, 5, 18, 19, 25, 37, 41, 42, 44, 50 ], [ 2, 5, 9, 10, 26, 27, 35, 41, 45, 49, 52 ], 
  [ 2, 9, 10, 16, 26, 27, 35, 41, 45, 49, 52 ], [ 4, 10, 15, 16, 35, 38, 41, 44, 45, 49, 51, 52 ], 
  [ 4, 9, 10, 12, 15, 16, 33, 36, 43, 44, 50, 51 ], [ 4, 9, 10, 12, 15, 16, 33, 36, 44, 49, 50, 52 ], 
  [ 4, 9, 10, 12, 15, 16, 33, 36, 44, 50, 51, 52 ], [ 1, 3, 5, 11, 12, 17, 18, 23, 37, 42, 44, 46 ], 
  [ 1, 5, 11, 12, 15, 17, 18, 23, 37, 41, 42, 44 ], [ 5, 11, 12, 15, 17, 18, 21, 23, 37, 42, 44, 45 ], 
  [ 1, 5, 7, 12, 25, 36, 41, 42, 44, 47, 49, 50 ], [ 4, 5, 12, 15, 18, 25, 37, 41, 42, 44, 49, 50 ], 
  [ 4, 5, 15, 18, 19, 25, 37, 41, 42, 44, 49, 50 ], [ 3, 11, 14, 17, 18, 23, 25, 37, 39, 42, 46, 47 ], 
  [ 4, 9, 10, 13, 16, 27, 35, 43, 49, 50, 51, 52 ], [ 5, 7, 9, 10, 26, 27, 35, 41, 45, 47, 49, 52 ], 
  [ 2, 9, 10, 13, 16, 26, 27, 35, 40, 45, 49, 52 ], [ 3, 6, 14, 17, 29, 35, 38, 41, 43, 44, 51, 52 ], 
  [ 10, 13, 15, 17, 29, 35, 38, 41, 44, 45, 51, 52 ], [ 1, 7, 11, 12, 14, 31, 36, 37, 39, 41, 43, 50, 51 ], 
  [ 2, 4, 8, 10, 13, 15, 16, 38, 41, 44, 45, 51, 52 ], [ 1, 5, 7, 10, 12, 17, 18, 20, 31, 39, 41, 42, 47 ], 
  [ 1, 3, 5, 7, 10, 12, 17, 18, 20, 31, 39, 41, 47 ], [ 1, 3, 6, 11, 12, 14, 17, 23, 37, 39, 42, 46, 51 ], 
  [ 1, 4, 5, 11, 12, 15, 18, 23, 37, 41, 42, 44, 50 ], [ 1, 4, 7, 11, 12, 20, 22, 23, 36, 39, 43, 50, 51 ], 
  [ 1, 4, 5, 12, 18, 25, 31, 33, 37, 39, 41, 44, 50 ], [ 1, 4, 5, 12, 18, 25, 36, 41, 42, 44, 47, 49, 50 ], 
  [ 1, 3, 7, 14, 18, 25, 35, 41, 42, 47, 49, 50, 52 ], [ 4, 12, 15, 18, 25, 36, 37, 41, 42, 44, 47, 49, 50 ], 
  [ 3, 7, 14, 17, 18, 25, 35, 41, 42, 47, 49, 50, 52 ], [ 3, 7, 11, 14, 17, 18, 25, 35, 42, 47, 49, 50, 52 ], 
  [ 4, 7, 9, 10, 13, 20, 27, 35, 43, 49, 50, 51, 52 ], [ 2, 5, 9, 10, 13, 20, 26, 27, 35, 40, 45, 49, 52 ], 
  [ 5, 7, 9, 10, 13, 20, 26, 27, 35, 45, 47, 49, 52 ], [ 8, 10, 13, 15, 16, 29, 35, 38, 41, 44, 45, 51, 52 ], 
  [ 4, 10, 12, 15, 16, 31, 33, 36, 37, 41, 43, 44, 50, 51 ], [ 3, 4, 10, 15, 17, 18, 35, 38, 41, 44, 45, 49, 51, 52 ], 
  [ 1, 3, 7, 10, 12, 14, 17, 20, 31, 35, 39, 41, 43, 51 ], [ 4, 5, 11, 13, 15, 18, 19, 23, 34, 42, 45, 48, 49, 50 ], 
  [ 4, 5, 10, 12, 15, 18, 25, 31, 33, 37, 41, 44, 49, 50 ], [ 3, 7, 10, 14, 17, 18, 25, 31, 35, 41, 47, 49, 50, 52 ], 
  [ 1, 3, 4, 6, 14, 18, 19, 25, 37, 41, 42, 44, 50, 51 ], [ 2, 4, 9, 10, 13, 16, 20, 27, 35, 40, 43, 49, 51, 52 ], 
  [ 2, 8, 10, 13, 16, 29, 35, 38, 41, 43, 44, 45, 51, 52 ], [ 4, 8, 10, 13, 15, 16, 29, 35, 38, 41, 45, 49, 51, 52 ], 
  [ 4, 8, 10, 13, 15, 16, 24, 29, 35, 38, 45, 48, 49, 51 ], [ 6, 11, 14, 15, 17, 29, 30, 35, 36, 37, 41, 42, 50, 51 ], 
  [ 1, 3, 4, 11, 12, 15, 17, 18, 23, 37, 41, 42, 44, 50, 51 ], [ 1, 3, 4, 7, 11, 12, 18, 20, 22, 23, 36, 39, 47, 50, 51 ], 
  [ 1, 3, 4, 12, 14, 18, 25, 31, 33, 37, 39, 41, 44, 50, 51 ], [ 1, 3, 4, 12, 14, 18, 25, 36, 37, 41, 42, 44, 47, 50, 51 ], 
  [ 1, 6, 7, 10, 12, 14, 17, 20, 29, 31, 35, 39, 41, 42, 47 ], [ 2, 3, 10, 13, 17, 24, 29, 35, 38, 41, 43, 44, 45, 51, 52 ], 
  [ 1, 5, 7, 10, 11, 12, 15, 17, 18, 20, 23, 31, 37, 39, 41, 42 ], [ 2, 4, 5, 9, 10, 13, 15, 18, 20, 22, 23, 24, 40, 45, 48, 49 ]
    , [ 1, 4, 12, 14, 16, 25, 31, 33, 36, 37, 39, 41, 43, 44, 50, 51 ], 
  [ 3, 7, 11, 13, 14, 17, 18, 24, 25, 32, 35, 42, 46, 47, 49, 52 ], 
  [ 3, 7, 11, 14, 17, 18, 20, 23, 24, 25, 35, 39, 42, 46, 47, 49 ], 
  [ 7, 11, 12, 14, 16, 27, 28, 31, 33, 34, 36, 37, 39, 43, 50, 51 ], 
  [ 3, 4, 10, 13, 15, 17, 18, 24, 29, 35, 38, 41, 45, 49, 51, 52 ], 
  [ 1, 4, 7, 10, 11, 12, 15, 20, 23, 31, 36, 37, 39, 41, 43, 50, 51 ], 
  [ 1, 4, 5, 7, 11, 12, 18, 20, 22, 23, 25, 36, 39, 42, 47, 49, 50 ], 
  [ 2, 3, 6, 8, 14, 16, 21, 26, 29, 35, 38, 41, 43, 44, 45, 51, 52 ], 
  [ 1, 4, 5, 7, 10, 11, 12, 15, 18, 20, 23, 25, 31, 37, 39, 41, 42, 49, 50 ], 
  [ 2, 4, 8, 9, 10, 13, 15, 16, 29, 30, 35, 36, 41, 43, 44, 45, 49, 50, 51, 52 ], 
  [ 1, 4, 5, 7, 10, 11, 15, 18, 19, 20, 23, 25, 27, 31, 34, 37, 39, 41, 42, 48, 49, 50 ], 
  [ 1, 3, 6, 7, 10, 13, 14, 17, 20, 24, 27, 29, 31, 32, 35, 38, 39, 41, 43, 46, 51, 52 ], 
  [ 1, 6, 7, 10, 11, 12, 14, 15, 17, 20, 23, 29, 30, 31, 35, 36, 37, 39, 41, 42, 43, 51 ], 
  [ 2, 4, 8, 9, 10, 13, 15, 16, 20, 22, 23, 24, 29, 30, 35, 36, 40, 43, 45, 48, 49, 51 ], 
  [ 3, 4, 10, 12, 14, 15, 16, 17, 18, 25, 26, 31, 33, 35, 36, 37, 38, 41, 44, 47, 49, 50, 51, 52 ], 
  [ 1, 5, 7, 10, 11, 13, 15, 17, 18, 19, 20, 23, 24, 27, 31, 32, 34, 37, 38, 39, 41, 42, 46, 48 ], 
  [ 2, 4, 8, 9, 10, 13, 15, 16, 27, 28, 31, 32, 33, 34, 37, 38, 40, 41, 43, 44, 48, 50, 51, 52 ], 
  [ 4, 7, 9, 10, 11, 12, 15, 16, 20, 22, 23, 27, 28, 31, 33, 34, 36, 37, 39, 40, 43, 48, 50, 51 ], 
  [ 4, 6, 8, 10, 13, 14, 15, 16, 19, 25, 27, 29, 31, 32, 34, 35, 37, 38, 41, 48, 49, 50, 51, 52 ], 
  [ 1, 3, 4, 7, 10, 11, 12, 14, 15, 17, 18, 20, 23, 25, 31, 35, 36, 37, 39, 41, 42, 47, 49, 50, 51 ], 
  [ 1, 2, 3, 4, 5, 6, 8, 14, 16, 18, 19, 21, 25, 26, 29, 30, 35, 36, 41, 42, 43, 44, 45, 47, 49, 50, 51, 52 ], 
  [ 3, 4, 6, 8, 14, 15, 16, 17, 18, 19, 21, 25, 26, 29, 30, 35, 36, 37, 38, 41, 42, 44, 45, 47, 49, 50, 51, 52 ], 
  [ 2, 4, 5, 8, 9, 10, 13, 15, 16, 18, 19, 21, 25, 26, 27, 28, 31, 32, 33, 34, 37, 38, 40, 41, 44, 45, 48, 49, 50, 52 ], 
  [ 5, 7, 9, 10, 11, 12, 13, 15, 17, 18, 19, 21, 25, 26, 27, 28, 31, 32, 33, 34, 37, 38, 41, 42, 44, 45, 47, 49, 50, 52 ], 
  [ 1, 3, 5, 6, 7, 10, 13, 14, 17, 18, 19, 20, 21, 24, 25, 26, 27, 29, 31, 32, 35, 38, 39, 41, 42, 45, 46, 47, 49, 52 ], 
  [ 1, 4, 6, 7, 8, 10, 11, 14, 15, 16, 19, 20, 23, 25, 27, 29, 30, 31, 34, 35, 36, 37, 39, 41, 42, 43, 48, 49, 50, 51 ], 
  [ 6, 7, 8, 9, 10, 11, 12, 13, 14, 15, 16, 17, 27, 28, 29, 30, 31, 32, 33, 34, 35, 36, 37, 38, 41, 43, 44, 50, 51, 52 ], 
  [ 1, 2, 3, 4, 5, 6, 8, 14, 16, 18, 19, 21, 25, 26, 27, 28, 31, 32, 33, 34, 37, 38, 39, 40, 41, 43, 44, 46, 48, 50, 51, 52 ], 
  [ 1, 2, 3, 4, 5, 7, 9, 10, 12, 14, 16, 18, 20, 22, 25, 26, 27, 28, 31, 33, 35, 36, 39, 40, 41, 43, 44, 47, 49, 50, 51, 52 ], 
  [ 1, 2, 3, 4, 5, 7, 9, 10, 11, 12, 13, 15, 17, 18, 20, 22, 23, 24, 29, 30, 35, 36, 41, 42, 43, 44, 45, 47, 49, 50, 51, 52 ], 
  [ 5, 7, 9, 10, 11, 12, 13, 15, 17, 18, 19, 20, 21, 22, 23, 24, 25, 26, 27, 28, 31, 32, 33, 34, 37, 38, 39, 40, 42, 45, 46, 47, 
      48, 49 ], [ 1, 3, 4, 6, 7, 10, 11, 13, 14, 15, 17, 18, 19, 20, 23, 24, 25, 27, 29, 31, 32, 34, 35, 37, 38, 39, 41, 42, 46, 
      48, 49, 50, 51, 52 ], [ 1, 2, 3, 4, 5, 6, 8, 10, 13, 14, 16, 18, 19, 20, 21, 24, 25, 26, 27, 29, 31, 32, 35, 38, 39, 40, 
      41, 43, 45, 46, 48, 49, 51, 52 ], [ 3, 4, 6, 8, 11, 13, 14, 15, 16, 17, 18, 19, 21, 23, 24, 25, 26, 29, 30, 32, 34, 35, 
      36, 37, 38, 42, 45, 46, 47, 48, 49, 50, 51, 52 ], [ 6, 7, 8, 9, 10, 11, 12, 13, 14, 15, 16, 17, 20, 22, 23, 24, 27, 28, 
      29, 30, 31, 32, 33, 34, 35, 36, 37, 38, 39, 40, 43, 46, 48, 51 ], 
  [ 1, 2, 3, 4, 5, 7, 9, 10, 11, 12, 13, 15, 17, 18, 20, 22, 23, 24, 27, 28, 31, 32, 33, 34, 37, 38, 39, 40, 41, 43, 44, 46, 48, 
      50, 51, 52 ], [ 6, 7, 8, 9, 10, 11, 12, 13, 14, 15, 16, 17, 19, 21, 25, 26, 27, 28, 29, 30, 31, 32, 33, 34, 35, 36, 37, 
      38, 41, 42, 44, 45, 47, 49, 50, 52 ], [ 3, 4, 7, 9, 10, 11, 12, 13, 14, 15, 16, 17, 18, 20, 22, 23, 24, 25, 26, 27, 28, 
      31, 32, 33, 34, 35, 36, 37, 38, 39, 40, 46, 47, 48, 49, 50, 51, 52 ], 
  [ 6, 7, 8, 9, 10, 11, 12, 13, 14, 15, 16, 17, 19, 20, 21, 22, 23, 24, 25, 26, 27, 28, 29, 30, 31, 32, 33, 34, 35, 36, 37, 38, 
      39, 40, 42, 45, 46, 47, 48, 49 ], [ 1, 2, 3, 4, 5, 6, 8, 10, 12, 14, 15, 16, 17, 18, 19, 20, 21, 22, 23, 24, 25, 26, 29, 
      30, 31, 33, 35, 36, 37, 38, 39, 40, 41, 42, 43, 44, 45, 46, 47, 48, 49, 51 ] ];
