return [ [ 1, 3, 4, 7, 12, 18, 19, 20, 21, 23, 26, 27, 28, 30, 31, 32, 33, 34, 35, 36, 37, 38, 39, 40, 41, 42, 43, 44, 45, 46, 
      47, 48, 49, 50, 51, 52, 53, 54, 55, 56, 57, 58, 59, 60, 61, 62, 63, 64, 65, 67, 68, 71, 73, 74, 78, 79, 80, 81, 82, 85, 
      87, 88, 91, 92, 97, 98, 99, 100, 101, 102, 103, 104, 105, 106, 107, 108, 109, 110, 111, 112, 113, 114, 115, 116, 117, 118, 
      119, 120, 121, 122, 123, 124, 125, 126, 127, 128 ], [ 6, 10, 12, 14, 15, 16, 21, 24, 25, 29, 31, 32, 38, 41, 45, 50, 53, 
      59, 61, 62, 68, 76, 80, 85, 88, 89, 90, 96, 101, 104, 107, 108, 110, 111, 113, 116, 118, 122, 124, 125 ], 
  [ 1, 2, 4, 5, 6, 7, 8, 11, 13, 17, 18, 20, 25, 26, 27, 28, 33, 34, 35, 36, 37, 38, 39, 40, 41, 42, 44, 46, 47, 48, 49, 51, 55, 
      56, 57, 60, 61, 62, 63, 64, 66, 69, 70, 72, 75, 76, 77, 83, 84, 86, 89, 90, 93, 94, 95, 96, 97, 98, 99, 100, 101, 103, 
      105, 106, 107, 109, 112, 113, 114, 115, 118, 119, 120, 121, 122, 123, 124, 126, 127, 128 ], 
  [ 2, 5, 6, 7, 8, 9, 10, 11, 13, 14, 15, 16, 17, 18, 22, 23, 24, 25, 26, 28, 29, 30, 31, 32, 35, 36, 37, 39, 40, 43, 44, 45, 
      46, 49, 50, 51, 52, 53, 54, 56, 57, 58, 59, 60, 61, 62, 63, 64, 65, 67, 68, 70, 71, 73, 74, 75, 78, 79, 80, 81, 82, 83, 
      84, 85, 87, 88, 89, 90, 91, 92, 94, 95, 98, 100, 101, 102, 103, 104, 105, 108, 109, 110, 111, 112, 115, 116, 117, 118, 
      119, 120, 121, 122, 124, 125, 126, 128 ], [ 2, 5, 6, 8, 9, 10, 11, 13, 14, 15, 16, 17, 22, 24, 25, 29, 33, 34, 35, 36, 37, 
      38, 39, 40, 41, 42, 43, 44, 45, 46, 47, 48, 49, 50, 51, 52, 53, 54, 55, 56, 57, 58, 59, 60, 61, 62, 63, 64, 66, 69, 70, 
      72, 75, 76, 77, 83, 84, 86, 89, 90, 93, 94, 95, 96, 97, 98, 99, 100, 101, 102, 103, 104, 105, 106, 107, 108, 109, 110, 
      111, 112, 113, 114, 115, 116, 117, 118, 119, 120, 121, 122, 123, 124, 125, 126, 127, 128 ], 
  [ 12, 15, 19, 21, 31, 38, 58, 59, 68, 99, 107, 108, 111, 113, 116 ], 
  [ 12, 15, 19, 21, 31, 38, 58, 59, 68, 99, 107, 111, 113, 116, 121, 124 ], 
  [ 12, 14, 15, 19, 21, 31, 38, 59, 68, 107, 108, 111, 113 ], [ 3, 10, 12, 15, 16, 21, 23, 24, 31, 45, 67, 68, 76, 108, 116 ], 
  [ 12, 15, 16, 19, 21, 31, 38, 53, 68, 107, 108, 111, 116, 125 ], 
  [ 14, 15, 19, 21, 31, 38, 58, 59, 68, 99, 107, 108, 111, 113, 116, 121, 124 ], 
  [ 12, 15, 19, 21, 31, 38, 53, 58, 59, 68, 107, 108, 111, 116, 125 ], 
  [ 12, 15, 21, 31, 38, 45, 68, 76, 99, 107, 108, 113, 116, 122 ], [ 10, 12, 15, 16, 19, 21, 24, 31, 53, 68, 76, 107, 111, 116 ],
  [ 1, 3, 4, 9, 10, 12, 15, 16, 19, 21, 22, 23, 24, 31, 34, 42, 43, 45, 52, 53, 54, 58, 65, 66, 67, 68, 69, 71, 72, 76, 86, 93, 
      97, 99, 102, 106, 107, 114, 116, 127 ], [ 14, 15, 16, 19, 21, 31, 38, 53, 58, 59, 68, 107, 108, 111, 116, 125 ], 
  [ 12, 14, 15, 16, 19, 21, 31, 38, 53, 59, 68, 107, 108, 111, 125 ], 
  [ 10, 12, 15, 16, 19, 21, 31, 38, 53, 68, 76, 107, 111, 116, 125 ], 
  [ 12, 15, 21, 31, 38, 45, 50, 52, 53, 58, 59, 68, 99, 107, 108, 113, 116, 125 ], 
  [ 1, 3, 4, 10, 12, 15, 16, 19, 21, 22, 23, 31, 33, 34, 38, 42, 45, 52, 53, 58, 65, 66, 67, 68, 69, 71, 76, 86, 97, 99, 102, 
      107, 108, 114, 116, 125 ], [ 6, 10, 12, 15, 16, 23, 24, 31, 45, 67, 68, 76, 80, 89, 108, 110, 116, 122 ], 
  [ 1, 2, 4, 5, 6, 9, 10, 11, 12, 13, 15, 16, 17, 18, 19, 22, 23, 24, 26, 31, 34, 35, 36, 37, 39, 42, 43, 45, 46, 47, 51, 52, 
      53, 54, 55, 56, 58, 60, 63, 64, 65, 66, 67, 68, 69, 71, 72, 74, 75, 76, 79, 80, 81, 83, 84, 86, 89, 93, 94, 95, 97, 99, 
      100, 102, 105, 106, 107, 109, 110, 112, 114, 115, 116, 117, 120, 121, 122, 126, 127, 128 ], 
  [ 10, 14, 16, 21, 24, 29, 30, 31, 32, 53, 59, 62, 85, 89, 90, 111, 124, 125 ], 
  [ 3, 12, 14, 15, 16, 19, 21, 23, 24, 30, 31, 32, 43, 45, 50, 52, 53, 54, 58, 59, 67, 68, 78, 80, 81, 85, 88, 92, 99, 107, 108, 
      109, 110, 111, 113, 116, 121, 122, 124, 127 ], [ 5, 6, 13, 14, 15, 16, 24, 25, 35, 36, 37, 39, 40, 43, 45, 46, 49, 50, 52, 
      53, 54, 56, 58, 59, 67, 68, 78, 80, 81, 85, 88, 92, 99, 100, 101, 107, 108, 109, 110, 111, 113, 116, 118, 121, 122, 124, 
      126, 127 ], [ 3, 6, 10, 12, 14, 15, 16, 21, 23, 24, 25, 29, 31, 32, 45, 50, 67, 68, 76, 78, 80, 85, 88, 89, 90, 96, 108, 
      113, 122 ], [ 2, 4, 5, 6, 8, 9, 10, 11, 13, 14, 15, 16, 17, 18, 19, 21, 22, 24, 25, 27, 28, 29, 30, 31, 37, 38, 39, 42, 
      48, 49, 53, 54, 55, 56, 57, 58, 59, 60, 62, 64, 66, 68, 69, 70, 71, 72, 75, 76, 77, 79, 81, 83, 84, 85, 86, 87, 89, 90, 
      91, 92, 93, 94, 95, 96, 101, 105, 107, 111, 114, 115, 116, 117, 119, 121, 123, 124, 125, 126, 127, 128 ], 
  [ 1, 2, 3, 4, 5, 6, 7, 8, 9, 10, 11, 13, 14, 15, 16, 17, 21, 22, 23, 24, 25, 28, 29, 31, 33, 34, 35, 36, 37, 38, 39, 40, 42, 
      43, 44, 45, 46, 49, 50, 51, 52, 53, 54, 56, 58, 59, 62, 64, 65, 66, 67, 68, 69, 70, 71, 72, 73, 75, 76, 77, 78, 83, 84, 
      85, 86, 89, 90, 91, 93, 94, 95, 96, 97, 98, 99, 100, 101, 102, 103, 105, 106, 107, 108, 109, 113, 114, 115, 116, 120, 121, 
      122, 123, 124, 125, 127, 128 ], [ 1, 2, 3, 4, 6, 7, 8, 10, 12, 14, 16, 18, 19, 20, 21, 23, 25, 26, 27, 28, 29, 30, 31, 32, 
      33, 35, 37, 38, 40, 41, 44, 45, 48, 49, 50, 53, 57, 59, 61, 62, 65, 66, 67, 68, 70, 71, 73, 74, 76, 77, 78, 79, 80, 81, 
      82, 83, 85, 87, 88, 89, 90, 91, 92, 96, 97, 98, 101, 103, 104, 107, 108, 111, 113, 115, 118, 119, 122, 123, 124, 125 ], 
  [ 1, 3, 4, 12, 21, 23, 31, 33, 38, 45, 67, 68, 76, 97, 99, 107, 108, 113, 122 ], 
  [ 1, 3, 4, 12, 21, 23, 31, 33, 34, 38, 42, 45, 67, 68, 76, 97, 99, 107, 108, 116, 122 ], 
  [ 3, 10, 12, 15, 16, 23, 24, 34, 45, 67, 76, 102, 108, 116 ], [ 3, 12, 15, 16, 23, 24, 34, 45, 67, 76, 99, 108, 116 ], 
  [ 10, 12, 15, 16, 23, 24, 34, 45, 67, 76, 102, 108, 110, 116 ], [ 3, 12, 16, 23, 24, 34, 45, 67, 76, 99, 107, 108, 116, 122 ], 
  [ 12, 15, 16, 23, 24, 34, 45, 67, 76, 99, 108, 110, 116, 122 ], 
  [ 6, 10, 15, 16, 23, 24, 34, 45, 51, 67, 76, 89, 100, 102, 108, 110, 116, 122 ], 
  [ 1, 3, 12, 16, 23, 33, 34, 45, 66, 67, 76, 97, 99, 107, 108, 122 ], 
  [ 1, 3, 4, 12, 21, 23, 24, 31, 34, 42, 43, 45, 67, 68, 76, 93, 97, 99, 106, 107, 109, 116, 122, 127 ], 
  [ 4, 12, 15, 19, 21, 31, 38, 42, 58, 68, 86, 99, 107, 114, 116, 121 ], 
  [ 1, 3, 4, 7, 12, 18, 19, 20, 21, 23, 26, 27, 28, 30, 31, 32, 33, 34, 38, 41, 42, 44, 47, 48, 51, 55, 57, 60, 61, 62, 63, 64, 
      66, 69, 70, 72, 75, 76, 77, 83, 84, 86, 89, 90, 93, 94, 95, 96, 97, 99, 103, 106, 107, 109, 113, 114, 115, 120, 121, 122, 
      123, 124, 127, 128 ], [ 4, 12, 15, 19, 21, 31, 42, 58, 68, 86, 99, 107, 114, 116, 121, 127 ] ];
