return [ [ 2, 3, 5, 6, 7, 8, 13, 15, 16, 17, 18, 20, 21, 23, 25, 26, 27, 28, 30, 31, 32, 34, 36, 39, 40, 41, 42, 44, 45, 46, 48, 
      51, 53, 56, 57, 59, 60, 61, 62, 63, 64, 69, 70, 71, 72, 73, 74, 76, 77, 79, 80, 81, 84, 85, 86, 87 ], 
  [ 3, 5, 7, 8, 11, 13, 14, 16, 18, 20, 21, 22, 23, 25, 26, 27, 28, 29, 31, 32, 35, 36, 37, 38, 39, 40, 41, 42, 44, 45, 47, 48, 
      49, 51, 52, 54, 55, 56, 57, 59, 60, 62, 63, 64, 67, 69, 70, 71, 72, 74, 76, 78, 79, 80, 83, 84, 85, 86, 87, 88 ], 
  [ 1, 2, 3, 4, 5, 6, 7, 8, 10, 11, 12, 13, 16, 17, 18, 19, 20, 21, 22, 23, 26, 27, 28, 31, 35, 36, 38, 39, 40, 42, 44, 45, 50, 
      52, 53, 55, 58, 59, 61, 62, 65, 66, 68, 70, 72, 73, 74, 75, 76, 77, 78, 80, 81, 82, 85, 88 ], 
  [ 2, 4, 5, 6, 7, 8, 15, 17, 19, 20, 23, 24, 25, 26, 29, 30, 31, 32, 42, 43, 45, 46, 47, 48, 56, 59, 60, 61, 63, 64, 71, 75, 
      76, 77, 79, 80, 82, 83, 84, 85, 86, 87 ], [ 9, 11, 13, 14, 15, 16, 20, 22, 24, 25, 27, 28, 29, 30, 31, 32, 33, 34, 35, 36, 
      37, 38, 39, 40, 41, 42, 43, 44, 45, 46, 47, 48, 49, 50, 51, 52, 53, 54, 55, 56, 57, 58, 59, 60, 61, 62, 63, 64, 67, 68, 
      69, 71, 72, 73, 75, 78, 79, 81, 83, 84, 85, 86, 87, 88 ], [ 2, 7, 8, 17, 19, 21, 26, 31, 46, 73, 75, 85, 86 ], 
  [ 17, 18, 19, 23, 32, 41, 45, 46, 71, 75, 83, 85, 86, 88 ], [ 8, 17, 18, 19, 21, 23, 32, 41, 45, 46, 71, 75, 85, 86, 88 ], 
  [ 2, 4, 5, 12, 15, 17, 23, 42, 59, 66, 76, 82, 83 ], [ 2, 15, 17, 23, 32, 47, 59, 71, 75, 83, 85, 88 ], 
  [ 2, 4, 8, 15, 20, 22, 29, 32, 47, 49, 59, 65, 66, 80, 83, 88 ], [ 8, 15, 23, 29, 32, 47, 59, 75, 79, 83, 85, 88 ], 
  [ 2, 12, 15, 17, 23, 29, 32, 47, 59, 71, 83, 85, 88 ], [ 2, 12, 15, 17, 23, 25, 29, 32, 47, 59, 66, 71, 83 ], 
  [ 2, 19, 20, 26, 28, 31, 42, 46, 60, 73, 75, 77, 86 ], [ 2, 19, 20, 26, 31, 42, 46, 60, 73, 75, 79, 86 ], 
  [ 4, 12, 15, 17, 23, 24, 42, 76, 79, 82, 83, 84, 86 ], [ 2, 7, 12, 15, 17, 23, 26, 42, 73, 75, 79, 83, 85, 86 ], 
  [ 4, 12, 15, 17, 23, 24, 42, 43, 75, 79, 83, 84, 86 ], [ 4, 12, 15, 17, 23, 26, 42, 43, 75, 79, 83, 84, 86 ], 
  [ 4, 12, 17, 19, 23, 26, 42, 43, 75, 79, 83, 84, 86 ], [ 2, 15, 17, 20, 24, 45, 46, 71, 73, 75, 83, 85, 86 ], 
  [ 4, 17, 18, 19, 24, 32, 41, 45, 46, 71, 75, 83, 85, 86, 88 ], [ 4, 17, 18, 19, 23, 24, 32, 45, 46, 75, 83, 85, 86 ], 
  [ 12, 15, 17, 23, 26, 33, 42, 43, 47, 75, 79, 83, 84, 86 ], [ 2, 4, 5, 12, 17, 20, 23, 38, 42, 45, 59, 66, 76, 82, 83 ], 
  [ 2, 4, 5, 10, 19, 20, 26, 47, 59, 65, 75, 77, 78, 80, 85 ], [ 2, 4, 8, 19, 20, 32, 47, 59, 75, 77, 80, 85, 88 ], 
  [ 2, 4, 15, 20, 29, 32, 47, 59, 65, 75, 77, 80, 85, 88 ], [ 2, 4, 8, 15, 20, 29, 32, 47, 59, 75, 80, 85, 88 ], 
  [ 2, 4, 8, 15, 20, 29, 32, 47, 59, 75, 83, 85, 88 ], [ 2, 4, 12, 15, 17, 23, 25, 29, 32, 47, 59, 66, 82, 83 ], 
  [ 4, 8, 20, 22, 29, 31, 32, 47, 59, 75, 80, 83, 85, 88 ], [ 8, 15, 20, 29, 31, 32, 47, 59, 75, 79, 83, 85, 88 ], 
  [ 4, 8, 15, 20, 22, 29, 31, 32, 47, 59, 75, 80, 83, 88 ], [ 8, 23, 29, 31, 32, 42, 47, 59, 75, 79, 83, 85, 88 ], 
  [ 1, 2, 9, 10, 12, 14, 15, 17, 18, 23, 25, 29, 32, 33, 34, 35, 37, 40, 41, 47, 48, 50, 52, 53, 55, 59, 62, 66, 67, 68, 71, 72, 
      73, 78, 85, 88 ], [ 2, 15, 20, 26, 31, 42, 46, 60, 73, 75, 79, 85, 86 ], 
  [ 7, 15, 26, 28, 29, 33, 42, 47, 60, 73, 75, 79, 83, 85, 86 ], [ 2, 4, 17, 19, 20, 24, 45, 46, 71, 73, 75, 83, 85, 86 ], 
  [ 2, 7, 17, 20, 29, 45, 56, 66, 71, 76, 82, 83, 86, 87 ], [ 2, 15, 17, 20, 29, 45, 56, 66, 71, 76, 82, 83, 86, 87 ], 
  [ 2, 15, 17, 20, 24, 29, 45, 56, 66, 71, 82, 83, 86, 87 ], [ 4, 5, 8, 20, 22, 23, 31, 38, 42, 45, 59, 76, 80, 82, 83 ], 
  [ 2, 4, 5, 8, 10, 19, 20, 23, 26, 47, 59, 75, 78, 80, 85, 88 ], 
  [ 15, 17, 23, 26, 33, 34, 42, 43, 46, 47, 48, 73, 75, 79, 84, 85, 86 ], 
  [ 2, 7, 10, 17, 19, 20, 26, 45, 48, 56, 71, 83, 85, 86, 87 ], [ 2, 4, 5, 7, 12, 17, 20, 23, 26, 38, 42, 45, 59, 76, 83, 85 ], 
  [ 2, 10, 12, 15, 17, 20, 23, 33, 35, 36, 38, 40, 42, 45, 47, 53, 59, 68, 71, 73, 75, 78, 79, 83, 85, 88 ], 
  [ 7, 17, 18, 23, 25, 29, 32, 45, 48, 59, 71, 76, 85, 86, 87 ], [ 2, 4, 15, 20, 25, 29, 32, 47, 49, 56, 59, 65, 66, 77, 80, 82, 
      83 ], [ 4, 5, 7, 15, 24, 26, 29, 43, 47, 60, 65, 75, 76, 77, 80 ], 
  [ 2, 7, 15, 20, 26, 28, 31, 42, 46, 60, 61, 73, 75, 77, 85, 86 ], 
  [ 2, 15, 17, 20, 24, 29, 34, 45, 46, 48, 56, 71, 73, 83, 85, 86, 87 ], 
  [ 4, 5, 7, 8, 20, 22, 23, 26, 31, 38, 42, 45, 59, 76, 80, 83, 85 ], 
  [ 2, 4, 5, 10, 12, 17, 19, 20, 23, 26, 38, 42, 45, 47, 59, 75, 78, 83, 85 ], 
  [ 2, 4, 5, 7, 12, 15, 17, 23, 26, 29, 42, 47, 59, 75, 76, 83, 85 ], 
  [ 4, 5, 8, 19, 20, 22, 23, 26, 31, 38, 42, 45, 47, 59, 75, 78, 80, 83, 85, 88 ], 
  [ 2, 15, 17, 20, 42, 45, 56, 60, 66, 71, 76, 79, 82, 83, 84, 86, 87 ], 
  [ 4, 5, 7, 12, 15, 17, 23, 24, 26, 29, 42, 43, 47, 75, 76, 83, 84, 86 ], 
  [ 2, 5, 10, 17, 19, 20, 23, 26, 42, 45, 47, 56, 60, 71, 79, 83, 84, 87 ], 
  [ 1, 2, 5, 7, 9, 10, 11, 13, 15, 20, 25, 26, 28, 29, 33, 34, 47, 48, 49, 50, 51, 53, 55, 56, 59, 60, 65, 66, 68, 73, 74, 76, 
      77, 78, 80, 85 ], [ 2, 4, 7, 8, 10, 12, 17, 18, 19, 20, 21, 22, 23, 26, 28, 31, 35, 36, 38, 39, 40, 42, 44, 45, 71, 73, 
      75, 79, 83, 85, 86, 88 ], [ 10, 12, 17, 18, 19, 21, 23, 26, 33, 34, 35, 36, 37, 38, 39, 40, 41, 42, 43, 44, 45, 46, 47, 
      48, 67, 68, 69, 71, 72, 73, 75, 78, 79, 81, 83, 84, 85, 86, 87, 88 ], 
  [ 2, 5, 15, 17, 20, 23, 25, 42, 45, 56, 59, 60, 66, 71, 76, 79, 82, 83, 84, 87 ], 
  [ 9, 12, 14, 15, 17, 18, 23, 24, 25, 29, 30, 32, 35, 36, 38, 39, 40, 42, 44, 45, 50, 52, 53, 55, 58, 59, 61, 62, 66, 67, 69, 
      70, 71, 76, 79, 82, 83, 84, 86, 87 ], [ 10, 11, 13, 16, 19, 20, 21, 22, 26, 27, 28, 31, 33, 34, 35, 36, 37, 38, 39, 40, 
      41, 42, 43, 44, 45, 46, 47, 48, 49, 51, 54, 56, 57, 60, 63, 64, 67, 68, 69, 71, 72, 73, 75, 78, 79, 81, 83, 84, 85, 86, 
      87, 88 ], [ 2, 4, 7, 8, 12, 15, 17, 18, 20, 22, 23, 24, 28, 29, 31, 32, 35, 36, 38, 39, 40, 42, 44, 45, 50, 52, 53, 55, 
      58, 59, 61, 62, 66, 70, 71, 73, 75, 76, 79, 82, 83, 85, 86, 88 ], 
  [ 1, 2, 5, 7, 9, 10, 11, 12, 13, 15, 17, 18, 20, 23, 25, 26, 28, 29, 33, 34, 35, 36, 38, 39, 40, 42, 44, 45, 47, 48, 49, 50, 
      51, 53, 55, 56, 59, 60, 66, 67, 68, 69, 71, 73, 76, 78, 79, 83, 84, 85, 86, 87 ], 
  [ 1, 2, 3, 4, 5, 6, 7, 8, 9, 10, 12, 14, 15, 17, 18, 19, 21, 23, 24, 25, 26, 29, 30, 32, 33, 34, 37, 41, 43, 46, 47, 48, 50, 
      52, 53, 55, 58, 59, 61, 62, 65, 66, 68, 70, 72, 73, 74, 75, 76, 77, 78, 80, 81, 82, 85, 88 ], 
  [ 1, 2, 3, 4, 5, 6, 7, 8, 9, 10, 12, 13, 15, 16, 17, 18, 19, 21, 23, 24, 26, 28, 30, 31, 33, 34, 36, 39, 42, 43, 44, 46, 50, 
      51, 53, 57, 58, 60, 61, 63, 65, 66, 68, 69, 70, 73, 74, 75, 76, 77, 79, 80, 81, 82, 84, 86 ], 
  [ 5, 12, 15, 17, 23, 25, 42, 59, 66, 76, 82, 83, 84 ], [ 12, 15, 23, 25, 29, 32, 35, 47, 59, 66, 67, 71, 83 ], 
  [ 4, 12, 23, 24, 42, 70, 76, 79, 82, 83, 84, 86 ], [ 4, 12, 18, 23, 24, 38, 42, 44, 58, 70, 76, 82, 83, 84, 86 ], 
  [ 4, 12, 19, 21, 23, 26, 42, 43, 75, 79, 83, 84, 86 ], [ 15, 23, 25, 29, 32, 35, 47, 49, 59, 66, 67, 71, 79, 83 ], 
  [ 4, 12, 18, 19, 21, 23, 26, 38, 42, 43, 44, 75, 83, 84, 86 ], [ 8, 18, 19, 21, 23, 32, 41, 45, 71, 83, 85, 86, 88 ], 
  [ 2, 9, 15, 17, 20, 24, 29, 34, 45, 50, 56, 66, 71, 73, 83, 86, 87 ] ];
