return rec(
  EXT := [ [ 1, 1, 1, 1, 0, 0, 0, 0, 0, 0, 0, 0, 0, 0, 0 ], [ 1, 1, 1, 1, 0, 1, 1, 0, 0, 0, 0, 0, 1, 0, 0 ], 
      [ 1, 1, 1, 1, 0, 0, 0, 0, 0, 0, 1, 1, 0, 0, 0 ], [ 1, 1, 1, 1, 0, 1, 0, 0, 1, 0, 0, 0, 0, 0, 1 ], 
      [ 1, 1, 1, 1, 0, 0, 1, 0, 0, 0, 1, 0, 1, 1, 0 ], [ 1, 1, 1, 1, 0, 0, 0, 0, 1, 0, 0, 1, 0, 1, 1 ], 
      [ 1, 1, 1, 1, 0, 0, 1, 0, 0, 0, 0, 1, 1, 1, 0 ], [ 1, 1, 1, 1, 0, 1, 0, 0, 0, 0, 1, 0, 0, 1, 0 ], 
      [ 1, 1, 1, 1, 0, 1, 1, 0, 0, 0, 1, 1, 1, 0, 0 ], [ 1, 1, 1, 1, 0, 0, 1, 0, 1, 0, 0, 0, 1, 0, 1 ], 
      [ 1, 1, 1, 1, 0, 0, 0, 0, 1, 0, 1, 0, 0, 1, 1 ], [ 1, 1, 1, 1, 0, 1, 0, 0, 0, 0, 0, 1, 0, 1, 0 ], 
      [ 1, 1, 1, 1, 0, 1, 0, 0, 1, 0, 1, 1, 0, 0, 1 ], [ 1, 1, 1, 1, 0, 1, 1, 0, 1, 0, 0, 1, 1, 1, 1 ], 
      [ 1, 1, 1, 1, 0, 0, 1, 0, 1, 0, 1, 1, 1, 0, 1 ], [ 1, 1, 1, 1, 0, 1, 1, 0, 1, 0, 1, 0, 1, 1, 1 ], 
      [ 1, 0, 1, 1, 0, 1, 1, 0, 0, 0, 0, 0, 0, 0, 0 ], [ 1, 1, 0, 1, 0, 0, 0, 0, 1, 0, 0, 0, 0, 0, 0 ], 
      [ 1, 1, 1, 1, 1, 1, 1, 0, 0, 0, 0, 0, 0, 0, 0 ], [ 1, 1, 1, 1, 0, 0, 0, 1, 1, 0, 0, 0, 0, 0, 0 ], 
      [ 1, 0, 1, 1, 0, 1, 1, 0, 0, 0, 1, 1, 0, 0, 0 ], [ 1, 1, 0, 1, 0, 0, 1, 0, 1, 0, 0, 0, 1, 0, 0 ], 
      [ 1, 1, 0, 1, 0, 0, 0, 0, 1, 0, 1, 1, 0, 0, 0 ], [ 1, 0, 1, 1, 0, 1, 1, 0, 0, 0, 1, 0, 0, 1, 0 ], 
      [ 1, 1, 1, 1, 1, 1, 1, 0, 0, 0, 1, 1, 0, 0, 0 ], [ 1, 0, 1, 1, 0, 1, 1, 0, 1, 0, 0, 0, 0, 0, 1 ], 
      [ 1, 1, 1, 1, 0, 0, 1, 1, 1, 0, 0, 0, 1, 0, 0 ], [ 1, 1, 1, 1, 0, 0, 0, 1, 1, 0, 1, 1, 0, 0, 0 ], 
      [ 1, 1, 0, 1, 0, 0, 0, 0, 1, 0, 0, 1, 0, 1, 0 ], [ 1, 1, 1, 1, 1, 1, 1, 0, 0, 0, 1, 0, 0, 1, 0 ], 
      [ 1, 0, 1, 1, 0, 1, 1, 0, 0, 0, 0, 1, 0, 1, 0 ], [ 1, 1, 0, 1, 0, 0, 1, 0, 1, 0, 1, 0, 1, 1, 0 ], 
      [ 1, 1, 1, 1, 1, 1, 1, 0, 1, 0, 0, 0, 0, 0, 1 ], [ 1, 1, 1, 1, 0, 0, 0, 1, 1, 0, 0, 1, 0, 1, 0 ], 
      [ 1, 1, 0, 1, 0, 0, 0, 0, 1, 0, 1, 0, 0, 1, 0 ], [ 1, 1, 1, 1, 1, 1, 1, 0, 0, 0, 0, 1, 0, 1, 0 ], 
      [ 1, 0, 1, 1, 0, 1, 1, 0, 1, 0, 0, 1, 0, 1, 1 ], [ 1, 1, 1, 1, 0, 0, 1, 1, 1, 0, 1, 0, 1, 1, 0 ], 
      [ 1, 1, 0, 1, 0, 0, 1, 0, 1, 0, 0, 1, 1, 1, 0 ], [ 1, 1, 0, 1, 0, 0, 1, 0, 1, 0, 1, 1, 1, 0, 0 ], 
      [ 1, 1, 1, 1, 0, 0, 0, 1, 1, 0, 1, 0, 0, 1, 0 ], [ 1, 1, 1, 1, 1, 1, 1, 0, 1, 0, 0, 1, 0, 1, 1 ], 
      [ 1, 0, 1, 1, 0, 1, 1, 0, 1, 0, 1, 0, 0, 1, 1 ], [ 1, 1, 1, 1, 0, 0, 1, 1, 1, 0, 0, 1, 1, 1, 0 ], 
      [ 1, 0, 1, 1, 0, 1, 1, 0, 1, 0, 1, 1, 0, 0, 1 ], [ 1, 1, 1, 1, 0, 0, 1, 1, 1, 0, 1, 1, 1, 0, 0 ], 
      [ 1, 1, 1, 1, 1, 1, 1, 0, 1, 0, 1, 0, 0, 1, 1 ], [ 1, 1, 1, 1, 1, 1, 1, 0, 1, 0, 1, 1, 0, 0, 1 ], 
      [ 1, 0, 0, 1, 0, 0, 1, 0, 1, 0, 0, 0, 0, 0, 0 ], [ 1, 1, 1, 1, 1, 0, 1, 1, 1, 0, 0, 0, 0, 0, 0 ], 
      [ 1, 1, 0, 1, 1, 1, 1, 0, 1, 0, 0, 0, 0, 0, 0 ], [ 1, 0, 0, 1, 0, 0, 1, 0, 1, 0, 1, 1, 0, 0, 0 ], 
      [ 1, 0, 1, 1, 0, 1, 1, 1, 1, 0, 0, 0, 0, 0, 0 ], [ 1, 0, 0, 1, 0, 0, 1, 0, 1, 0, 1, 0, 0, 1, 0 ], 
      [ 1, 1, 1, 1, 1, 0, 1, 1, 1, 0, 1, 1, 0, 0, 0 ], [ 1, 0, 0, 1, 0, 0, 1, 0, 1, 0, 0, 1, 0, 1, 0 ], 
      [ 1, 1, 1, 1, 1, 0, 1, 1, 1, 0, 1, 0, 0, 1, 0 ], [ 1, 1, 0, 1, 1, 1, 1, 0, 1, 0, 1, 0, 0, 1, 0 ], 
      [ 1, 1, 0, 1, 1, 1, 1, 0, 1, 0, 1, 1, 0, 0, 0 ], [ 1, 1, 1, 1, 1, 0, 1, 1, 1, 0, 0, 1, 0, 1, 0 ], 
      [ 1, 0, 1, 1, 0, 1, 1, 1, 1, 0, 0, 1, 0, 1, 0 ], [ 1, 0, 1, 1, 0, 1, 1, 1, 1, 0, 1, 0, 0, 1, 0 ], 
      [ 1, 0, 1, 1, 0, 1, 1, 1, 1, 0, 1, 1, 0, 0, 0 ], [ 1, 1, 0, 1, 1, 1, 1, 0, 1, 0, 0, 1, 0, 1, 0 ], 
      [ 1, 0, 0, 1, 0, 0, 0, 0, 1, 0, 0, 0, 0, 1, 0 ], [ 1, 0, 0, 1, 0, 0, 1, 0, 0, 0, 0, 0, 0, 0, 0 ], 
      [ 1, 1, 1, 1, 1, 0, 0, 1, 1, 0, 0, 0, 0, 1, 0 ], [ 1, 1, 0, 1, 1, 1, 1, 0, 1, 0, 0, 0, 1, 1, 0 ], 
      [ 1, 1, 1, 1, 1, 0, 1, 1, 0, 0, 0, 0, 0, 0, 0 ], [ 1, 0, 1, 1, 0, 1, 1, 1, 1, 0, 0, 0, 0, 0, 1 ], 
      [ 1, 0, 1, 1, 0, 1, 1, 1, 1, 0, 0, 0, 1, 1, 0 ], [ 1, 1, 0, 1, 1, 1, 1, 0, 0, 0, 0, 0, 0, 0, 0 ], 
      [ 1, 0, 0, 1, 0, 0, 0, 0, 1, 0, 0, 1, 0, 1, 0 ], [ 1, 0, 0, 1, 0, 0, 1, 0, 1, 0, 0, 0, 1, 1, 0 ], 
      [ 1, 1, 0, 1, 1, 1, 1, 0, 1, 0, 0, 0, 0, 0, 1 ], [ 1, 0, 0, 1, 0, 0, 1, 0, 0, 0, 1, 0, 0, 0, 0 ], 
      [ 1, 0, 1, 1, 0, 1, 0, 1, 1, 0, 0, 0, 0, 1, 0 ], [ 1, 0, 1, 1, 0, 1, 1, 1, 0, 0, 0, 0, 0, 0, 0 ], 
      [ 1, 1, 1, 1, 1, 0, 0, 1, 1, 0, 0, 1, 0, 1, 0 ], [ 1, 0, 0, 1, 0, 0, 1, 0, 1, 0, 0, 0, 0, 0, 1 ], 
      [ 1, 1, 1, 1, 1, 0, 1, 1, 1, 0, 0, 0, 1, 1, 0 ], [ 1, 0, 0, 1, 0, 0, 1, 0, 1, 0, 0, 1, 1, 1, 0 ], 
      [ 1, 1, 0, 1, 1, 1, 0, 0, 1, 0, 0, 0, 0, 1, 0 ], [ 1, 1, 1, 1, 1, 0, 1, 1, 1, 0, 0, 0, 0, 0, 1 ], 
      [ 1, 1, 0, 1, 1, 1, 1, 0, 1, 0, 0, 1, 1, 1, 0 ], [ 1, 1, 1, 1, 1, 0, 1, 1, 0, 0, 1, 0, 0, 0, 0 ], 
      [ 1, 0, 0, 1, 0, 0, 1, 0, 1, 0, 1, 0, 0, 0, 1 ], [ 1, 1, 1, 1, 1, 0, 1, 1, 1, 0, 0, 1, 1, 1, 0 ], 
      [ 1, 0, 1, 1, 0, 1, 1, 1, 1, 0, 1, 0, 0, 0, 1 ], [ 1, 0, 1, 1, 0, 1, 1, 1, 1, 0, 0, 1, 1, 1, 0 ], 
      [ 1, 1, 0, 1, 1, 1, 0, 0, 1, 0, 0, 1, 0, 1, 0 ], [ 1, 1, 0, 1, 1, 1, 1, 0, 0, 0, 1, 0, 0, 0, 0 ], 
      [ 1, 1, 1, 1, 1, 0, 1, 1, 1, 0, 1, 0, 0, 0, 1 ], [ 1, 1, 0, 1, 1, 1, 1, 0, 1, 0, 1, 0, 0, 0, 1 ], 
      [ 1, 0, 1, 1, 0, 1, 1, 1, 0, 0, 1, 0, 0, 0, 0 ], [ 1, 0, 1, 1, 0, 1, 0, 1, 1, 0, 0, 1, 0, 1, 0 ], 
      [ 1, 0, 0, 1, 0, 0, 0, 0, 0, 0, 0, 0, 0, 0, 0 ], [ 1, 1, 1, 1, 1, 0, 0, 1, 0, 0, 0, 0, 0, 0, 0 ], 
      [ 1, 1, 0, 1, 1, 1, 1, 0, 0, 0, 0, 0, 1, 0, 0 ], [ 1, 0, 1, 1, 0, 1, 0, 1, 1, 0, 0, 0, 0, 0, 1 ], 
      [ 1, 0, 1, 1, 0, 1, 1, 1, 0, 0, 0, 0, 1, 0, 0 ], [ 1, 0, 0, 1, 0, 0, 1, 0, 0, 0, 0, 0, 1, 1, 0 ], 
      [ 1, 1, 0, 1, 1, 1, 0, 0, 1, 0, 0, 0, 0, 0, 1 ], [ 1, 1, 1, 1, 1, 0, 1, 1, 1, 0, 0, 0, 1, 0, 1 ], 
      [ 1, 0, 0, 1, 0, 0, 0, 0, 1, 0, 0, 0, 0, 1, 1 ], [ 1, 1, 1, 1, 1, 0, 1, 1, 0, 0, 0, 0, 1, 1, 0 ], 
      [ 1, 1, 0, 1, 1, 1, 0, 0, 0, 0, 0, 0, 0, 1, 0 ], [ 1, 0, 0, 1, 0, 0, 1, 0, 1, 0, 0, 0, 1, 0, 1 ], 
      [ 1, 1, 1, 1, 1, 0, 0, 1, 1, 0, 0, 0, 0, 1, 1 ], [ 1, 0, 1, 1, 0, 1, 0, 1, 0, 0, 0, 0, 0, 1, 0 ], 
      [ 1, 1, 0, 1, 1, 1, 1, 0, 1, 0, 0, 0, 1, 1, 1 ], [ 1, 0, 1, 1, 0, 1, 1, 1, 1, 0, 0, 0, 1, 1, 1 ] ],
  Group := Group( [ (  2,  4)(  5,  6)(  7, 11)(  8, 12)(  9, 13)( 14, 16)( 17, 18)( 19, 20)( 21, 23)( 22, 26)( 24, 29)( 25, 28)
        ( 27, 33)( 30, 34)( 31, 35)( 32, 37)( 36, 41)( 38, 42)( 39, 43)( 40, 45)( 44, 47)( 46, 48)( 51, 53)( 54, 56)( 57, 60)
        ( 58, 61)( 59, 63)( 62, 64)( 65, 66)( 67, 69)( 68, 70)( 71, 75)( 72, 77)( 73, 76)( 74, 80)( 78, 83)( 79, 86)( 81, 84)
        ( 82, 87)( 85, 89)( 88, 93)( 90, 94)( 91, 95)( 92, 96)( 99,100)(101,103)(102,105)(106,109)(107,110)(111,112), 
      (  1,  4, 10,  2)(  3, 13, 15,  9)(  5, 12, 11, 14)(  6, 16,  7,  8)( 17, 18, 33, 27)( 19, 20, 26, 22)( 21, 23, 48, 46)
        ( 24, 29, 47, 44)( 25, 28, 45, 40)( 30, 34, 43, 39)( 31, 35, 42, 38)( 32, 36, 41, 37)( 49, 51, 50, 53)( 52, 59, 55, 63)
        ( 54, 64, 57, 61)( 56, 58, 60, 62)( 65, 75, 81, 78)( 66, 83, 84, 71)( 67, 70, 74, 72)( 68, 69, 77, 80)( 73, 94, 88, 95)
        ( 76, 91, 93, 90)( 79, 89, 82, 92)( 85, 86, 96, 87)( 97,103,104,101)( 98,100,108, 99)(102,107,109,112)(105,111,106,110), 
      (  1,  9)(  2,  3)(  4, 15)(  5, 12)(  6, 16)(  7,  8)( 10, 13)( 11, 14)( 17, 21)( 18, 46)( 19, 25)( 20, 40)( 22, 28)
        ( 23, 27)( 24, 31)( 26, 45)( 29, 38)( 30, 36)( 32, 34)( 33, 48)( 35, 44)( 37, 43)( 39, 41)( 42, 47)( 49, 63)( 50, 59)
        ( 51, 55)( 52, 53)( 54, 61)( 56, 62)( 57, 64)( 58, 60)( 65, 90)( 66, 95)( 67, 85)( 68, 79)( 69, 92)( 70, 87)( 71, 73)
        ( 72, 86)( 74, 96)( 75, 93)( 76, 78)( 77, 82)( 80, 89)( 81, 91)( 83, 88)( 84, 94)( 97,101)( 98, 99)(100,108)(102,110)
        (103,104)(105,112)(106,107)(109,111), (  1, 97)(  2,105)(  3, 98)(  4,102)(  5,100)(  6, 99)(  7,103)(  8,110)(  9,109)
        ( 10,108)( 11,101)( 12,107)( 13,106)( 14,111)( 15,104)( 16,112)( 17, 65)( 18, 66)( 19, 73)( 20, 76)( 21, 67)( 22, 80)
        ( 23, 69)( 24, 77)( 25, 79)( 26, 74)( 27, 87)( 28, 86)( 29, 72)( 30, 96)( 31, 83)( 32, 70)( 33, 82)( 34, 92)( 35, 78)
        ( 36, 91)( 37, 68)( 38, 89)( 39, 75)( 40, 84)( 41, 95)( 42, 85)( 43, 71)( 44, 94)( 45, 81)( 46, 93)( 47, 90)( 48, 88)
        ( 50, 52)( 51, 56)( 53, 54)( 57, 63)( 58, 61)( 59, 60) ] ) );
