return rec(
  EXT := [ [ 1, 1, 1, 1, 0, 0, 0, 0, 0, 0, 0, 0, 0, 0, 0 ], [ 1, 0, 0, 0, 0, 0, 0, 0, 0, 1, 1, 1, 0, 0, 0 ], 
      [ 1, 1, 1, 0, 1, 0, 0, 1, 0, 1, 1, 1, 0, 0, 0 ], [ 1, 1, 1, 1, 0, 0, 0, 0, 0, 0, 1, 1, 0, 0, 0 ], 
      [ 1, 0, 0, 0, 0, 0, 0, 0, 1, 1, 1, 1, 0, 1, 1 ], [ 1, 1, 1, 1, 0, 0, 0, 0, 1, 0, 0, 1, 0, 1, 1 ], 
      [ 1, 1, 1, 0, 1, 0, 0, 1, 1, 1, 1, 1, 0, 1, 1 ], [ 1, 1, 1, 1, 0, 0, 0, 0, 1, 0, 1, 0, 0, 1, 1 ], 
      [ 1, 0, 1, 1, 0, 1, 1, 0, 0, 0, 0, 0, 0, 0, 0 ], [ 1, 1, 1, 1, 1, 1, 1, 0, 0, 0, 0, 0, 0, 0, 0 ], 
      [ 1, 0, 0, 0, 0, 0, 0, 0, 0, 1, 1, 0, 0, 0, 1 ], [ 1, 1, 1, 0, 1, 0, 0, 1, 0, 1, 1, 0, 0, 0, 1 ], 
      [ 1, 0, 0, 0, 0, 0, 0, 0, 0, 1, 1, 1, 0, 0, 1 ], [ 1, 0, 1, 1, 0, 1, 1, 0, 0, 0, 1, 1, 0, 0, 0 ], 
      [ 1, 1, 1, 0, 1, 0, 0, 1, 0, 1, 1, 1, 0, 0, 1 ], [ 1, 0, 1, 1, 0, 1, 1, 0, 0, 0, 1, 0, 0, 1, 0 ], 
      [ 1, 1, 1, 1, 1, 1, 1, 0, 0, 0, 1, 1, 0, 0, 0 ], [ 1, 0, 1, 1, 0, 1, 1, 0, 1, 0, 0, 0, 0, 0, 1 ], 
      [ 1, 1, 1, 1, 1, 1, 1, 0, 0, 0, 1, 0, 0, 1, 0 ], [ 1, 0, 1, 1, 0, 1, 1, 0, 0, 0, 0, 1, 0, 1, 0 ], 
      [ 1, 1, 1, 1, 1, 1, 1, 0, 1, 0, 0, 0, 0, 0, 1 ], [ 1, 1, 1, 1, 1, 1, 1, 0, 0, 0, 0, 1, 0, 1, 0 ], 
      [ 1, 0, 1, 1, 0, 1, 1, 0, 1, 0, 0, 1, 0, 1, 1 ], [ 1, 1, 1, 1, 1, 1, 1, 0, 1, 0, 0, 1, 0, 1, 1 ], 
      [ 1, 0, 1, 1, 0, 1, 1, 0, 1, 0, 1, 0, 0, 1, 1 ], [ 1, 0, 1, 1, 0, 1, 1, 0, 1, 0, 1, 1, 0, 0, 1 ], 
      [ 1, 1, 1, 1, 1, 1, 1, 0, 1, 0, 1, 0, 0, 1, 1 ], [ 1, 1, 1, 1, 1, 1, 1, 0, 1, 0, 1, 1, 0, 0, 1 ], 
      [ 1, 0, 0, 0, 0, 0, 1, 0, 1, 0, 1, 1, 0, 0, 0 ], [ 1, 1, 1, 1, 1, 0, 1, 1, 1, 1, 1, 1, 0, 0, 0 ], 
      [ 1, 0, 0, 1, 0, 0, 1, 0, 1, 1, 1, 1, 0, 0, 0 ], [ 1, 1, 1, 0, 1, 0, 1, 1, 1, 0, 1, 1, 0, 0, 0 ], 
      [ 1, 0, 0, 0, 0, 0, 1, 0, 1, 0, 1, 1, 0, 1, 0 ], [ 1, 1, 1, 1, 1, 0, 1, 1, 1, 1, 1, 1, 0, 1, 0 ], 
      [ 1, 0, 0, 1, 0, 0, 1, 0, 1, 1, 1, 1, 0, 1, 0 ], [ 1, 1, 1, 0, 1, 0, 1, 1, 1, 0, 1, 1, 0, 1, 0 ], 
      [ 1, 0, 0, 0, 0, 0, 1, 0, 0, 0, 1, 0, 0, 0, 0 ], [ 1, 0, 1, 0, 0, 1, 0, 0, 0, 0, 0, 0, 0, 0, 1 ], 
      [ 1, 1, 1, 1, 1, 0, 1, 1, 0, 1, 1, 0, 0, 0, 0 ], [ 1, 1, 1, 1, 1, 1, 0, 0, 0, 1, 0, 0, 0, 0, 1 ], 
      [ 1, 0, 1, 1, 0, 1, 0, 0, 0, 1, 1, 1, 0, 0, 1 ], [ 1, 1, 1, 0, 1, 1, 0, 0, 0, 0, 1, 1, 0, 0, 1 ], 
      [ 1, 0, 0, 1, 0, 0, 1, 0, 0, 1, 1, 1, 0, 0, 0 ], [ 1, 1, 1, 0, 1, 1, 0, 0, 0, 0, 1, 0, 0, 1, 1 ], 
      [ 1, 1, 1, 0, 1, 0, 1, 1, 0, 0, 1, 1, 0, 0, 0 ], [ 1, 0, 0, 0, 0, 0, 1, 0, 1, 0, 1, 1, 0, 0, 1 ], 
      [ 1, 0, 1, 1, 0, 1, 0, 0, 0, 1, 1, 0, 0, 1, 1 ], [ 1, 0, 1, 0, 0, 1, 0, 0, 0, 0, 0, 1, 0, 1, 1 ], 
      [ 1, 1, 1, 0, 1, 0, 1, 1, 1, 0, 1, 0, 0, 0, 1 ], [ 1, 1, 1, 1, 1, 0, 1, 1, 1, 1, 1, 1, 0, 0, 1 ], 
      [ 1, 0, 0, 1, 0, 0, 1, 0, 1, 1, 1, 0, 0, 0, 1 ], [ 1, 1, 1, 1, 1, 1, 0, 0, 0, 1, 0, 1, 0, 1, 1 ] ],
  Group := Group( [ ( 2, 3)( 5, 7)( 9,10)(11,12)(13,15)(14,17)(16,19)(18,21)(20,22)(23,24)(25,27)(26,28)(29,30)(31,32)(33,34)
        (35,36)(37,39)(38,40)(41,42)(43,45)(44,47)(46,50)(48,52)(49,51), ( 1, 8)( 2, 7)( 3, 5)( 4, 6)( 9,27)(10,25)(11,12)(13,15)
        (14,24)(16,21)(17,23)(18,19)(20,28)(22,26)(29,36)(30,35)(31,34)(32,33)(37,49)(38,44)(39,51)(40,47)(41,52)(42,48)(43,50)
        (45,46), ( 1, 6)( 2, 7)( 3, 5)( 4, 8)( 9,24)(10,23)(11,15)(12,13)(14,27)(16,28)(17,25)(18,22)(19,26)(20,21)(29,34)(30,33)
        (31,36)(32,35)(37,50)(38,52)(39,46)(40,48)(41,44)(42,47)(43,49)(45,51) ] ) );
