return [ [ 11, 12, 19, 32, 37, 47, 49, 51, 52, 59, 60 ], [ 1, 9, 14, 16, 21, 31, 40, 46, 54, 62, 63 ], 
  [ 2, 10, 11, 19, 32, 37, 48, 49, 52, 58, 59, 60 ], [ 2, 10, 13, 19, 32, 37, 48, 49, 52, 58, 59, 60 ], 
  [ 10, 11, 15, 19, 32, 37, 48, 51, 52, 58, 59, 60 ], [ 2, 7, 10, 13, 32, 37, 38, 48, 49, 52, 58, 59, 60 ], 
  [ 12, 17, 20, 24, 27, 38, 49, 50, 51, 52, 54, 58, 61 ], [ 2, 6, 10, 11, 19, 32, 37, 47, 49, 51, 52, 58, 59, 60 ], 
  [ 3, 9, 14, 16, 18, 26, 31, 41, 47, 53, 56, 57, 63, 64 ], [ 3, 14, 16, 17, 18, 26, 32, 43, 47, 53, 55, 56, 63, 64 ], 
  [ 1, 5, 8, 9, 12, 24, 27, 39, 43, 44, 53, 54, 55, 63 ], [ 1, 6, 9, 14, 16, 21, 26, 31, 33, 40, 41, 46, 57, 62, 63 ], 
  [ 1, 3, 9, 16, 18, 27, 31, 39, 43, 44, 46, 53, 54, 55, 63 ], [ 1, 9, 14, 16, 18, 21, 27, 31, 40, 44, 46, 54, 55, 56, 63 ], 
  [ 2, 5, 10, 13, 19, 22, 32, 33, 37, 42, 48, 49, 55, 58, 59, 60 ], [ 1, 5, 8, 9, 15, 18, 27, 31, 39, 44, 46, 48, 54, 55, 62, 63 
     ], [ 1, 9, 14, 15, 16, 18, 27, 31, 40, 46, 48, 50, 54, 55, 62, 63 ], 
  [ 3, 12, 16, 17, 23, 24, 27, 36, 39, 43, 50, 53, 54, 61, 63, 64 ], 
  [ 5, 7, 8, 13, 20, 21, 23, 24, 26, 37, 38, 41, 49, 51, 53, 58, 59, 61 ], 
  [ 1, 5, 9, 12, 14, 19, 21, 24, 27, 40, 43, 44, 51, 53, 54, 55, 56, 63 ], 
  [ 1, 5, 9, 14, 15, 18, 19, 21, 27, 31, 40, 44, 46, 48, 51, 54, 55, 56, 62, 63 ], 
  [ 6, 11, 14, 16, 19, 20, 21, 22, 23, 25, 26, 30, 33, 35, 41, 42, 46, 48, 57, 62 ], 
  [ 3, 7, 13, 16, 17, 18, 20, 21, 23, 26, 27, 32, 39, 43, 44, 46, 53, 54, 55, 56, 58, 63, 64 ], 
  [ 12, 17, 24, 27, 29, 32, 34, 36, 37, 38, 39, 40, 44, 45, 47, 50, 51, 52, 54, 56, 60, 61, 63, 64 ], 
  [ 5, 7, 8, 13, 19, 20, 21, 22, 23, 25, 26, 30, 33, 35, 41, 42, 43, 46, 48, 49, 53, 55, 58, 59 ], 
  [ 1, 2, 4, 5, 6, 9, 10, 12, 15, 22, 24, 26, 27, 28, 33, 34, 37, 40, 41, 42, 49, 51, 58, 59, 60, 61, 62, 63 ], 
  [ 1, 3, 9, 12, 14, 16, 17, 18, 24, 27, 29, 31, 32, 34, 36, 39, 40, 43, 44, 45, 47, 50, 53, 54, 55, 56, 63, 64 ], 
  [ 1, 2, 3, 6, 9, 13, 14, 16, 17, 18, 21, 26, 27, 31, 32, 33, 34, 40, 41, 43, 44, 46, 47, 53, 55, 56, 57, 58, 63 ], 
  [ 1, 2, 5, 6, 9, 10, 13, 14, 15, 18, 19, 21, 22, 26, 27, 28, 31, 32, 33, 34, 37, 40, 41, 42, 44, 46, 47, 48, 51, 55, 
      56, 57, 58, 60, 62, 63 ], [ 1, 2, 5, 6, 9, 10, 12, 13, 14, 17, 19, 21, 22, 24, 26, 27, 29, 32, 33, 34, 37, 40, 41, 42, 43, 
      44, 47, 49, 51, 53, 55, 56, 58, 59, 60, 63 ], [ 1, 3, 5, 7, 8, 9, 13, 14, 16, 18, 19, 20, 21, 22, 23, 25, 26, 30, 31, 33, 
      35, 39, 41, 42, 43, 44, 46, 48, 53, 54, 55, 56, 57, 62, 63, 64 ], 
  [ 5, 7, 8, 9, 10, 13, 15, 18, 19, 20, 21, 22, 23, 25, 26, 28, 30, 31, 37, 38, 39, 41, 42, 44, 46, 48, 51, 52, 54, 56, 57, 60, 
      61, 62, 63, 64 ], [ 6, 9, 10, 11, 14, 15, 16, 18, 19, 20, 21, 22, 23, 25, 26, 28, 30, 31, 40, 41, 42, 45, 46, 47, 48, 50, 
      51, 52, 54, 56, 57, 60, 61, 62, 63, 64 ], [ 5, 7, 8, 12, 13, 17, 19, 20, 21, 22, 23, 24, 25, 26, 27, 29, 30, 32, 37, 38, 
      39, 43, 44, 49, 51, 52, 53, 54, 55, 56, 58, 59, 60, 61, 63, 64 ], 
  [ 6, 11, 12, 14, 16, 17, 19, 20, 21, 22, 23, 24, 25, 26, 27, 29, 30, 32, 40, 43, 45, 47, 49, 50, 51, 52, 53, 54, 55, 56, 58, 
      59, 60, 61, 63, 64 ], [ 1, 4, 5, 6, 8, 9, 11, 12, 14, 15, 16, 19, 20, 21, 22, 23, 24, 25, 26, 27, 30, 33, 35, 40, 41, 42, 
      43, 46, 48, 49, 50, 51, 53, 54, 55, 58, 59, 61, 62, 63 ], 
  [ 5, 7, 8, 9, 10, 13, 15, 18, 19, 20, 21, 22, 23, 24, 25, 26, 27, 29, 30, 32, 37, 38, 39, 41, 42, 44, 46, 48, 51, 52, 53, 54, 
      55, 56, 58, 59, 60, 61, 63, 64 ], [ 6, 9, 10, 11, 14, 15, 16, 18, 19, 20, 21, 22, 23, 24, 25, 26, 27, 29, 30, 32, 40, 41, 
      42, 45, 46, 47, 48, 50, 51, 52, 53, 54, 55, 56, 58, 59, 60, 61, 63, 64 ], 
  [ 1, 2, 3, 4, 5, 6, 7, 8, 9, 12, 13, 15, 16, 17, 20, 21, 23, 24, 26, 27, 28, 31, 33, 34, 35, 36, 37, 38, 39, 40, 41, 43, 44, 
      46, 49, 50, 51, 53, 54, 57, 58, 61, 62, 63 ], [ 2, 3, 6, 7, 9, 10, 13, 15, 16, 17, 18, 20, 21, 23, 24, 26, 27, 28, 29, 31, 
      32, 34, 36, 37, 38, 39, 40, 41, 44, 45, 46, 47, 50, 51, 52, 53, 54, 56, 57, 58, 60, 61, 63, 64 ], 
  [ 1, 2, 3, 4, 5, 7, 8, 9, 10, 12, 13, 15, 17, 18, 22, 23, 24, 26, 27, 28, 29, 30, 31, 32, 33, 34, 35, 36, 37, 38, 39, 41, 42, 
      43, 44, 46, 48, 49, 53, 55, 57, 58, 59, 60, 61, 62, 63, 64 ], 
  [ 1, 2, 3, 4, 6, 9, 10, 11, 12, 14, 15, 16, 17, 18, 22, 23, 24, 26, 27, 28, 29, 30, 31, 32, 33, 34, 35, 36, 40, 41, 42, 43, 
      45, 46, 47, 48, 49, 50, 53, 55, 57, 58, 59, 60, 61, 62, 63, 64 ], 
  [ 1, 2, 3, 4, 5, 6, 7, 8, 9, 10, 11, 12, 13, 14, 15, 16, 17, 18, 19, 20, 21, 24, 25, 27, 28, 29, 31, 32, 33, 34, 35, 36, 37, 
      38, 39, 40, 41, 42, 43, 44, 45, 46, 47, 48, 49, 50, 51, 52, 53, 54, 55, 56, 57, 58, 59, 62 ], 
  [ 1, 2, 3, 4, 5, 6, 7, 8, 11, 12, 13, 14, 15, 16, 17, 18, 19, 20, 21, 22, 23, 25, 26, 27, 28, 30, 31, 32, 33, 34, 35, 36, 37, 
      38, 39, 40, 43, 44, 45, 46, 47, 48, 49, 50, 51, 52, 54, 55, 56, 57, 58, 60, 61, 62, 63, 64 ] ];
