return [ [ 1, 2, 3, 4, 5, 6, 7, 8, 9, 10, 11, 12, 13, 15, 16, 17, 18, 19, 20, 21, 23, 24, 26, 27, 28, 29, 30, 32, 33, 34, 35, 
      37, 38, 39, 40, 43, 44, 45, 46, 47, 48, 49, 51, 52, 53, 54, 55, 56, 57, 58, 59, 60, 61, 62, 63, 64, 65, 66, 67, 68, 69, 
      70, 71, 72, 74, 75, 76, 77, 78, 79, 80, 82, 83, 85, 86, 87, 89, 91, 92, 93, 95, 96, 97, 98, 99, 101, 102, 103, 104, 105, 
      106, 107, 108, 109, 110, 112 ], [ 3, 4, 5, 6, 7, 8, 14, 20, 21, 22, 23, 24, 25, 26, 27, 28, 29, 30, 31, 41, 45, 47, 48, 
      50, 51, 52, 53, 55, 56, 61, 62, 63, 64, 73, 76, 77, 78, 79, 81, 83, 84, 86, 88, 96, 99, 100, 102, 103, 104, 105, 106, 110, 
      111, 112 ], [ 1, 2, 5, 8, 9, 10, 11, 13, 14, 15, 16, 18, 19, 21, 25, 26, 29, 32, 33, 34, 35, 37, 38, 39, 40, 44, 47, 49, 
      51, 53, 54, 56, 57, 59, 62, 64, 65, 66, 68, 69, 71, 72, 73, 75, 81, 82, 84, 85, 87, 88, 89, 90, 91, 92, 93, 94, 95, 98, 
      101, 103, 104, 105, 107, 108 ], [ 10, 13, 18, 19, 26, 29, 33, 41, 47, 73, 74, 76, 79, 90, 100, 102, 106, 111 ], 
  [ 4, 20, 26, 41, 56, 73, 76, 79, 97, 99, 100, 106 ], [ 26, 29, 30, 32, 45, 51, 53, 75, 81, 83, 98, 106, 111, 112 ], 
  [ 23, 24, 50, 51, 77, 78, 83, 99, 109, 110, 111, 112 ], [ 4, 13, 20, 23, 26, 37, 41, 44, 51, 56, 73, 79, 90, 97, 99, 100, 106 ]
    , [ 22, 23, 30, 41, 56, 73, 76, 97, 99, 100, 106, 110, 111 ], [ 3, 4, 19, 20, 26, 47, 56, 73, 76, 79, 97, 99, 100, 106 ], 
  [ 4, 10, 13, 18, 19, 20, 26, 29, 33, 44, 47, 56, 74, 76, 77, 79, 97, 100, 102, 106 ], 
  [ 3, 4, 19, 20, 26, 47, 56, 76, 77, 79, 97, 99, 100, 106 ], [ 13, 22, 26, 30, 41, 73, 74, 76, 80, 83, 99, 100, 102, 106, 111 ],
  [ 20, 23, 24, 50, 51, 55, 77, 78, 83, 99, 109, 110, 112 ], [ 23, 28, 31, 50, 51, 78, 83, 84, 99, 109, 110, 111, 112 ], 
  [ 4, 10, 13, 18, 19, 20, 26, 29, 33, 41, 44, 47, 56, 73, 74, 76, 79, 90, 97, 100, 102, 106 ], 
  [ 3, 4, 10, 12, 13, 19, 20, 26, 33, 41, 47, 73, 74, 76, 79, 90, 97, 99, 100, 102, 106 ], 
  [ 3, 12, 20, 26, 41, 47, 76, 79, 83, 96, 99, 100, 102, 106 ], [ 21, 23, 27, 28, 30, 51, 56, 68, 75, 78, 81, 84, 103, 110, 112 ]
    , [ 21, 23, 27, 50, 51, 56, 77, 78, 84, 94, 100, 110, 111, 112 ], [ 6, 7, 23, 24, 50, 51, 77, 78, 83, 84, 109, 110, 111, 112 
     ], [ 12, 17, 20, 24, 36, 41, 42, 43, 45, 46, 50, 55, 58, 60, 61, 63, 69, 71, 74, 76, 80, 83, 85, 87, 91, 96, 102, 105 ], 
  [ 7, 23, 24, 27, 30, 45, 51, 78, 79, 99, 106, 109, 110, 111, 112 ], 
  [ 4, 10, 13, 18, 19, 20, 26, 28, 29, 33, 44, 47, 55, 56, 74, 76, 77, 82, 97, 100, 102, 106, 107, 112 ], 
  [ 7, 16, 18, 24, 29, 30, 32, 40, 43, 45, 53, 74, 75, 76, 79, 80, 83, 96, 98, 102, 106, 109, 111, 112 ], 
  [ 6, 7, 23, 24, 27, 51, 77, 78, 79, 83, 99, 109, 110, 111, 112 ], 
  [ 6, 7, 16, 17, 18, 24, 29, 32, 40, 53, 74, 76, 77, 79, 80, 83, 96, 102, 109, 110, 111, 112 ], 
  [ 6, 21, 23, 27, 28, 51, 52, 56, 64, 68, 78, 84, 92, 103, 104, 110, 112 ], 
  [ 5, 6, 7, 24, 29, 32, 51, 53, 78, 81, 83, 84, 101, 103, 109, 110, 111, 112 ], 
  [ 6, 23, 27, 31, 50, 51, 77, 78, 83, 84, 99, 100, 109, 110, 111, 112 ], 
  [ 14, 22, 23, 25, 28, 30, 31, 41, 48, 50, 52, 67, 70, 78, 86, 97, 99, 109, 110 ], 
  [ 4, 7, 13, 18, 23, 26, 29, 30, 37, 41, 44, 51, 56, 73, 74, 76, 79, 97, 99, 100, 102, 106, 111 ], 
  [ 21, 23, 27, 28, 30, 51, 56, 62, 64, 65, 68, 73, 75, 81, 82, 84, 88, 103, 104, 106, 112 ], 
  [ 9, 21, 23, 27, 35, 37, 38, 44, 49, 51, 54, 56, 57, 59, 62, 64, 65, 66, 68, 72, 73, 75, 77, 79, 81, 82, 84, 88, 90, 94, 98, 
      100, 106, 107, 111, 112 ], [ 14, 22, 25, 28, 30, 31, 41, 45, 50, 51, 55, 78, 81, 83, 84, 99, 101, 109, 110, 111, 112 ], 
  [ 4, 8, 20, 21, 23, 26, 27, 28, 51, 55, 56, 64, 77, 82, 86, 88, 99, 100, 104, 106, 107, 112 ], 
  [ 5, 7, 14, 22, 24, 29, 30, 41, 45, 48, 51, 61, 76, 78, 81, 83, 99, 101, 103, 109, 110, 111 ], 
  [ 11, 14, 15, 22, 25, 28, 30, 31, 34, 36, 39, 41, 42, 43, 45, 46, 48, 50, 52, 55, 58, 60, 61, 63, 67, 69, 70, 71, 74, 76, 78, 
      80, 83, 85, 86, 87, 93, 95, 97, 99, 101, 108, 109, 110 ], 
  [ 10, 12, 13, 16, 17, 18, 19, 20, 24, 26, 29, 32, 33, 36, 40, 41, 42, 43, 45, 46, 47, 50, 53, 55, 66, 69, 71, 72, 74, 76, 77, 
      79, 80, 83, 85, 87, 90, 91, 94, 96, 98, 100, 102, 105, 106, 107, 111, 112 ], 
  [ 9, 12, 17, 20, 21, 23, 24, 27, 35, 36, 37, 38, 41, 42, 43, 44, 45, 46, 49, 50, 51, 54, 55, 56, 66, 67, 70, 72, 77, 78, 79, 
      86, 90, 93, 94, 95, 97, 98, 99, 100, 101, 106, 107, 108, 109, 110, 111, 112 ], 
  [ 2, 5, 6, 7, 9, 16, 17, 18, 21, 23, 24, 27, 29, 32, 35, 37, 38, 40, 44, 49, 51, 53, 54, 56, 57, 59, 62, 64, 66, 68, 70, 72, 
      75, 77, 78, 79, 81, 84, 92, 94, 95, 98, 101, 103, 109, 110, 111, 112 ], 
  [ 5, 7, 14, 18, 21, 23, 24, 25, 28, 29, 30, 37, 41, 44, 45, 50, 51, 55, 56, 68, 70, 75, 78, 81, 84, 94, 95, 98, 101, 103, 109, 
      110, 111, 112 ], [ 5, 7, 13, 14, 16, 18, 24, 25, 26, 28, 29, 30, 32, 37, 40, 41, 45, 50, 51, 53, 55, 68, 71, 75, 80, 81, 
      83, 84, 87, 94, 98, 101, 102, 103, 105, 109, 111, 112 ], [ 10, 11, 13, 14, 15, 16, 18, 19, 22, 25, 26, 28, 29, 30, 31, 32, 
      33, 34, 39, 40, 47, 48, 52, 53, 65, 68, 69, 71, 73, 74, 75, 76, 80, 81, 82, 83, 84, 85, 87, 88, 89, 91, 92, 96, 102, 103, 
      104, 105 ], [ 10, 11, 13, 14, 15, 16, 18, 19, 22, 25, 26, 28, 29, 30, 31, 32, 35, 36, 37, 38, 41, 42, 43, 44, 45, 46, 49, 
      50, 51, 54, 55, 56, 65, 68, 69, 71, 73, 74, 75, 76, 80, 81, 82, 83, 84, 85, 87, 88, 90, 93, 94, 95, 97, 98, 99, 100, 101, 
      106, 107, 108, 109, 110, 111, 112 ], [ 10, 11, 13, 14, 15, 16, 18, 19, 22, 25, 26, 28, 29, 30, 31, 32, 33, 36, 40, 41, 42, 
      43, 45, 46, 47, 50, 53, 55, 65, 68, 69, 71, 73, 74, 75, 76, 80, 81, 82, 83, 84, 85, 87, 88, 90, 91, 94, 96, 98, 100, 102, 
      105, 106, 107, 111, 112 ], [ 9, 11, 14, 15, 21, 22, 23, 25, 27, 28, 30, 31, 35, 36, 37, 38, 41, 42, 43, 44, 45, 46, 49, 
      50, 51, 54, 55, 56, 65, 67, 68, 70, 73, 75, 78, 81, 82, 84, 86, 88, 90, 93, 94, 95, 97, 98, 99, 100, 101, 106, 107, 108, 
      109, 110, 111, 112 ], [ 3, 5, 6, 7, 22, 24, 27, 29, 30, 32, 43, 45, 48, 49, 51, 53, 61, 62, 75, 76, 78, 79, 81, 83, 96, 
      98, 99, 101, 103, 106, 109, 110, 111, 112 ], [ 1, 3, 5, 7, 10, 11, 12, 13, 14, 16, 18, 19, 22, 24, 26, 29, 30, 32, 33, 34, 
      35, 36, 37, 40, 41, 43, 45, 47, 48, 49, 51, 53, 57, 58, 61, 62, 65, 66, 69, 71, 73, 74, 75, 76, 79, 80, 81, 83, 85, 87, 
      89, 90, 91, 93, 96, 98, 99, 101, 102, 103, 105, 106, 109, 111 ], 
  [ 1, 3, 5, 7, 9, 10, 11, 12, 14, 18, 19, 21, 22, 23, 24, 27, 29, 30, 34, 35, 36, 37, 38, 41, 43, 44, 45, 48, 49, 51, 54, 56, 
      57, 58, 61, 62, 65, 66, 67, 69, 70, 73, 74, 75, 76, 78, 79, 81, 85, 86, 89, 90, 93, 95, 97, 98, 99, 101, 103, 106, 108, 
      109, 110, 111 ], [ 4, 5, 7, 8, 13, 14, 18, 20, 21, 23, 24, 25, 26, 28, 29, 30, 34, 37, 39, 41, 44, 45, 48, 50, 51, 52, 55, 
      56, 58, 60, 61, 63, 67, 69, 70, 71, 74, 76, 78, 80, 83, 85, 86, 87, 93, 95, 97, 99, 101, 102, 103, 104, 105, 108, 109, 110 
     ], [ 17, 24, 50, 51, 77, 78, 83, 99, 101, 109, 110, 111, 112 ], 
  [ 17, 24, 36, 41, 42, 43, 45, 46, 50, 55, 78, 83, 99, 101, 109, 110, 111, 112 ], 
  [ 24, 41, 45, 50, 51, 55, 78, 83, 99, 101, 109, 110, 111, 112 ], 
  [ 6, 17, 24, 27, 32, 49, 51, 77, 78, 79, 83, 99, 101, 109, 110, 111, 112 ], 
  [ 6, 17, 27, 31, 32, 42, 49, 50, 51, 77, 78, 83, 84, 94, 99, 100, 101, 109, 110, 111, 112 ], 
  [ 12, 13, 20, 26, 41, 74, 76, 79, 80, 83, 99, 100, 102, 106 ], [ 4, 12, 13, 20, 41, 74, 79, 80, 97, 99, 100, 102, 106 ], 
  [ 4, 12, 13, 20, 23, 37, 41, 67, 79, 80, 93, 97, 99, 100, 106, 109 ], 
  [ 4, 13, 20, 23, 28, 30, 37, 41, 45, 50, 55, 67, 80, 93, 97, 99, 100, 106, 109 ], 
  [ 6, 22, 27, 31, 32, 49, 51, 78, 81, 83, 84, 99, 101, 109, 110, 111, 112 ], 
  [ 22, 24, 36, 41, 43, 45, 61, 76, 78, 83, 99, 101, 109, 110, 111 ], 
  [ 22, 31, 36, 41, 42, 43, 45, 46, 50, 55, 78, 83, 99, 101, 109, 110, 111, 112 ], 
  [ 22, 28, 30, 31, 43, 45, 46, 55, 78, 83, 99, 101, 109, 110, 112 ] ];
