return [ [ 9, 13, 19, 23, 34, 37, 41, 42, 43, 47, 50, 51 ], [ 15, 19, 21, 25, 29, 32, 34, 37, 41, 43, 47, 51 ], 
  [ 9, 17, 22, 27, 29, 32, 34, 37, 41, 43, 47, 51 ], [ 1, 13, 15, 19, 20, 21, 23, 34, 36, 41, 42, 44, 47, 51 ], 
  [ 1, 9, 10, 13, 20, 22, 23, 33, 34, 41, 46, 47, 49, 51 ], [ 8, 13, 16, 19, 23, 25, 34, 37, 40, 41, 43, 44, 47, 48 ], 
  [ 4, 11, 14, 15, 19, 24, 25, 37, 39, 40, 45, 48, 50, 52 ], [ 9, 15, 17, 19, 29, 32, 34, 37, 41, 42, 43, 47, 50, 51 ], 
  [ 3, 4, 10, 11, 14, 15, 16, 21, 24, 25, 37, 39, 45, 48, 52 ], [ 3, 4, 6, 10, 15, 16, 20, 21, 24, 25, 37, 39, 46, 48, 52 ], 
  [ 9, 11, 12, 14, 17, 18, 24, 26, 33, 35, 38, 39, 42, 45, 50, 52 ], 
  [ 11, 12, 14, 15, 18, 19, 24, 26, 35, 36, 39, 40, 42, 45, 50, 52 ], 
  [ 10, 11, 12, 14, 16, 18, 21, 24, 25, 26, 35, 39, 44, 45, 48, 52 ], 
  [ 10, 11, 12, 14, 16, 18, 22, 24, 26, 27, 35, 39, 45, 46, 49, 52 ], 
  [ 1, 2, 8, 9, 13, 19, 23, 34, 36, 37, 40, 41, 42, 43, 44, 45, 47, 50 ], 
  [ 3, 4, 5, 11, 12, 14, 15, 17, 24, 36, 37, 39, 40, 42, 45, 48, 50, 52 ], 
  [ 1, 7, 8, 9, 13, 19, 20, 23, 26, 33, 34, 38, 41, 42, 47, 49, 50, 51 ], 
  [ 11, 12, 14, 15, 18, 19, 21, 24, 25, 26, 35, 36, 39, 40, 44, 45, 48, 52 ], 
  [ 7, 8, 9, 13, 17, 19, 23, 27, 32, 34, 37, 38, 41, 43, 47, 49, 50, 51 ], 
  [ 9, 11, 12, 14, 17, 18, 22, 24, 26, 27, 33, 35, 38, 39, 45, 46, 49, 52 ], 
  [ 7, 8, 11, 12, 13, 14, 16, 18, 19, 24, 25, 26, 31, 35, 40, 44, 45, 48, 49 ], 
  [ 1, 2, 7, 8, 9, 10, 13, 16, 19, 21, 22, 23, 25, 27, 29, 32, 34, 35, 37, 41, 43, 44, 45, 47, 49, 51 ], 
  [ 1, 3, 4, 8, 10, 11, 13, 14, 15, 16, 19, 20, 21, 24, 25, 26, 34, 36, 37, 40, 41, 42, 44, 45, 47, 48, 50, 52 ], 
  [ 4, 5, 7, 8, 11, 12, 13, 14, 16, 17, 18, 19, 24, 25, 26, 27, 31, 32, 35, 37, 38, 39, 40, 45, 48, 49, 50, 52 ], 
  [ 1, 2, 4, 5, 7, 8, 9, 11, 12, 13, 16, 17, 19, 23, 25, 26, 27, 31, 32, 34, 35, 37, 38, 40, 41, 43, 44, 45, 48, 49, 50, 52 ], 
  [ 1, 2, 3, 4, 5, 8, 9, 10, 11, 12, 14, 15, 16, 17, 19, 21, 22, 25, 27, 29, 32, 34, 35, 36, 37, 39, 40, 41, 42, 43, 44, 45, 47, 
      48, 50, 52 ], [ 1, 3, 4, 6, 7, 8, 9, 10, 11, 13, 14, 15, 16, 17, 18, 19, 20, 21, 22, 24, 25, 26, 27, 29, 32, 33, 34, 35, 
      37, 38, 39, 41, 42, 45, 46, 47, 49, 50, 51, 52 ], [ 1, 2, 4, 5, 6, 7, 9, 11, 12, 13, 15, 17, 18, 19, 20, 21, 23, 24, 25, 
      26, 28, 29, 30, 31, 32, 33, 34, 35, 36, 37, 38, 39, 40, 41, 42, 43, 44, 45, 48, 50, 51, 52 ], 
  [ 2, 3, 5, 6, 7, 8, 9, 12, 13, 14, 15, 17, 18, 19, 20, 22, 23, 24, 26, 27, 28, 29, 30, 31, 32, 33, 34, 35, 36, 37, 38, 39, 40, 
      42, 43, 45, 46, 47, 49, 50, 51, 52 ], [ 1, 2, 3, 4, 5, 6, 7, 8, 9, 10, 11, 12, 13, 14, 15, 16, 17, 18, 19, 21, 22, 23, 24, 
      25, 27, 28, 29, 30, 31, 32, 33, 35, 36, 37, 38, 39, 40, 41, 42, 43, 44, 45, 46, 47, 48, 49, 50, 51 ] ];
