return rec(
  EXT := [ [ 1, 0, 1, 0, 0, 1, 0, 1, 1, 0, 0, 0, 0, 0, 1 ], [ 1, 1, 1, 0, 1, 0, 0, 1, 0, 0, 1, 1, 0, 0, 0 ], 
      [ 1, 1, 1, 0, 1, 0, 1, 1, 1, 0, 0, 0, 1, 0, 1 ], [ 1, 1, 1, 0, 1, 0, 1, 1, 0, 0, 0, 1, 1, 1, 0 ], 
      [ 1, 0, 1, 0, 0, 1, 0, 1, 0, 0, 0, 1, 0, 1, 0 ], [ 1, 1, 1, 0, 1, 0, 0, 1, 1, 0, 1, 0, 0, 1, 1 ], 
      [ 1, 0, 1, 0, 0, 1, 1, 1, 0, 0, 1, 1, 1, 0, 0 ], [ 1, 0, 1, 0, 0, 1, 1, 1, 1, 0, 1, 0, 1, 1, 1 ], 
      [ 1, 1, 1, 0, 1, 0, 0, 1, 0, 0, 0, 1, 1, 1, 0 ], [ 1, 0, 1, 0, 0, 1, 0, 1, 0, 0, 0, 0, 0, 0, 1 ], 
      [ 1, 0, 1, 0, 1, 1, 1, 1, 1, 0, 0, 0, 0, 0, 1 ], [ 1, 1, 1, 0, 1, 0, 0, 1, 0, 0, 1, 0, 0, 0, 1 ], 
      [ 1, 0, 1, 0, 1, 1, 1, 1, 0, 0, 1, 1, 0, 0, 0 ], [ 1, 0, 1, 0, 0, 1, 0, 1, 1, 0, 0, 0, 1, 1, 1 ], 
      [ 1, 1, 1, 1, 0, 0, 0, 0, 1, 0, 0, 1, 0, 1, 1 ], [ 1, 1, 1, 0, 1, 0, 1, 1, 0, 0, 0, 0, 1, 0, 1 ], 
      [ 1, 0, 1, 0, 1, 1, 1, 1, 0, 0, 0, 1, 0, 1, 0 ], [ 1, 0, 1, 0, 0, 1, 0, 1, 0, 0, 0, 1, 1, 1, 0 ], 
      [ 1, 1, 1, 0, 1, 0, 0, 1, 1, 0, 0, 0, 1, 1, 1 ], [ 1, 1, 1, 1, 0, 1, 0, 0, 1, 0, 1, 1, 0, 0, 1 ], 
      [ 1, 0, 1, 0, 0, 1, 1, 1, 0, 0, 1, 0, 1, 0, 1 ], [ 1, 0, 1, 0, 1, 1, 1, 1, 1, 0, 1, 0, 0, 1, 1 ], 
      [ 1, 1, 1, 1, 0, 1, 1, 0, 1, 0, 0, 1, 1, 1, 1 ], [ 1, 1, 1, 1, 0, 0, 1, 0, 1, 0, 1, 1, 1, 0, 1 ], 
      [ 1, 1, 1, 0, 1, 0, 0, 1, 0, 0, 0, 0, 1, 0, 1 ], [ 1, 0, 1, 0, 0, 1, 0, 1, 0, 0, 0, 0, 1, 0, 1 ], 
      [ 1, 1, 1, 1, 0, 0, 0, 1, 1, 0, 1, 1, 0, 0, 0 ], [ 1, 1, 1, 0, 1, 0, 0, 1, 0, 0, 0, 0, 1, 1, 1 ], 
      [ 1, 0, 1, 0, 0, 1, 0, 1, 0, 0, 0, 0, 1, 1, 1 ], [ 1, 1, 1, 1, 0, 0, 0, 1, 1, 0, 0, 1, 0, 1, 0 ], 
      [ 1, 0, 1, 1, 0, 1, 1, 0, 1, 0, 0, 1, 0, 1, 1 ], [ 1, 1, 1, 1, 1, 1, 1, 0, 1, 0, 0, 1, 0, 1, 1 ], 
      [ 1, 1, 1, 1, 0, 0, 1, 1, 1, 0, 0, 1, 1, 1, 0 ], [ 1, 0, 1, 1, 0, 1, 1, 0, 1, 0, 1, 1, 0, 0, 1 ], 
      [ 1, 1, 1, 1, 0, 0, 1, 1, 1, 0, 1, 1, 1, 0, 0 ], [ 1, 1, 1, 1, 1, 1, 1, 0, 1, 0, 1, 1, 0, 0, 1 ], 
      [ 1, 1, 1, 1, 1, 0, 1, 1, 1, 0, 1, 1, 0, 0, 0 ], [ 1, 1, 1, 1, 1, 0, 1, 1, 1, 0, 0, 1, 0, 1, 0 ], 
      [ 1, 0, 1, 1, 0, 1, 1, 1, 1, 0, 0, 1, 0, 1, 0 ], [ 1, 0, 1, 1, 0, 1, 1, 1, 1, 0, 1, 1, 0, 0, 0 ], 
      [ 1, 0, 1, 1, 0, 1, 1, 1, 1, 0, 0, 0, 0, 0, 1 ], [ 1, 1, 1, 0, 0, 0, 0, 0, 0, 0, 1, 1, 1, 0, 1 ], 
      [ 1, 0, 1, 0, 0, 1, 1, 1, 1, 0, 1, 1, 0, 0, 0 ], [ 1, 1, 1, 0, 1, 0, 1, 1, 1, 0, 1, 1, 0, 0, 0 ], 
      [ 1, 1, 1, 1, 1, 0, 0, 1, 1, 0, 0, 1, 0, 1, 0 ], [ 1, 1, 1, 0, 0, 0, 0, 0, 0, 0, 0, 1, 1, 1, 1 ], 
      [ 1, 1, 1, 1, 1, 0, 1, 1, 1, 0, 0, 0, 0, 0, 1 ], [ 1, 1, 1, 0, 0, 1, 0, 0, 0, 0, 0, 1, 1, 1, 1 ], 
      [ 1, 1, 1, 1, 1, 0, 1, 1, 1, 0, 0, 1, 1, 1, 0 ], [ 1, 0, 1, 1, 0, 1, 1, 1, 1, 0, 1, 0, 0, 0, 1 ], 
      [ 1, 1, 1, 0, 0, 1, 0, 0, 0, 0, 1, 1, 1, 0, 1 ], [ 1, 0, 1, 1, 0, 1, 1, 1, 1, 0, 0, 1, 1, 1, 0 ], 
      [ 1, 1, 1, 0, 1, 0, 1, 1, 1, 0, 1, 1, 0, 1, 0 ], [ 1, 0, 1, 0, 0, 1, 1, 1, 1, 0, 1, 1, 0, 1, 0 ], 
      [ 1, 1, 1, 1, 1, 0, 1, 1, 1, 0, 1, 0, 0, 0, 1 ], [ 1, 0, 1, 1, 0, 1, 0, 1, 1, 0, 0, 1, 0, 1, 0 ], 
      [ 1, 0, 1, 0, 0, 1, 1, 1, 1, 0, 1, 0, 0, 0, 1 ], [ 1, 1, 1, 0, 1, 1, 0, 0, 0, 0, 1, 1, 0, 0, 1 ], 
      [ 1, 0, 1, 1, 0, 1, 0, 1, 1, 0, 0, 0, 0, 0, 1 ], [ 1, 1, 1, 0, 0, 0, 0, 1, 0, 0, 1, 1, 1, 0, 0 ], 
      [ 1, 1, 1, 0, 0, 0, 0, 1, 1, 0, 0, 0, 1, 0, 1 ], [ 1, 1, 1, 0, 1, 0, 0, 1, 1, 0, 1, 1, 0, 1, 0 ], 
      [ 1, 0, 1, 0, 0, 1, 0, 1, 1, 0, 0, 1, 0, 1, 0 ], [ 1, 1, 1, 0, 1, 0, 1, 1, 0, 0, 1, 1, 0, 0, 0 ], 
      [ 1, 1, 1, 1, 1, 0, 1, 1, 1, 0, 0, 0, 1, 0, 1 ], [ 1, 1, 1, 0, 1, 1, 1, 0, 0, 0, 0, 1, 1, 1, 1 ], 
      [ 1, 1, 1, 0, 0, 0, 0, 1, 0, 0, 0, 1, 1, 1, 0 ], [ 1, 0, 1, 0, 0, 1, 0, 0, 0, 0, 0, 1, 0, 1, 1 ], 
      [ 1, 1, 1, 0, 1, 0, 1, 1, 1, 0, 1, 0, 0, 0, 1 ], [ 1, 1, 1, 0, 1, 0, 1, 1, 1, 0, 0, 1, 1, 1, 0 ], 
      [ 1, 0, 1, 0, 0, 1, 1, 1, 0, 0, 1, 1, 0, 0, 0 ], [ 1, 1, 1, 0, 0, 0, 0, 1, 1, 0, 1, 0, 1, 1, 1 ], 
      [ 1, 0, 1, 0, 0, 1, 1, 0, 0, 0, 1, 1, 1, 0, 1 ], [ 1, 0, 1, 0, 0, 1, 1, 1, 1, 0, 1, 1, 1, 1, 0 ], 
      [ 1, 1, 1, 1, 1, 0, 0, 1, 1, 0, 0, 0, 0, 1, 1 ], [ 1, 0, 1, 1, 0, 1, 1, 1, 1, 0, 0, 0, 1, 1, 1 ] ],
  Group := Group( [ ( 1, 6)( 2, 5)( 3, 8)( 4, 7)( 9,18)(10,12)(11,22)(13,17)(14,19)(15,20)(16,21)(23,24)(25,29)(26,28)(27,30)
        (31,36)(32,34)(33,35)(37,39)(38,40)(41,55)(42,48)(43,53)(44,54)(45,56)(46,51)(47,50)(49,52)(57,69)(58,68)(59,75)(60,67)
        (61,72)(62,63)(64,71)(65,76)(66,73)(70,74), ( 1, 8)( 2, 4)( 3, 6)( 5, 7)(10,21)(11,22)(12,16)(13,17)(15,24)(20,23)(25,28)
        (26,29)(27,33)(30,35)(31,34)(32,36)(37,38)(39,40)(41,50)(42,46)(43,54)(44,53)(45,49)(47,55)(48,51)(52,56)(58,66)(59,76)
        (60,67)(61,72)(62,70)(63,74)(65,75)(68,73) ] ) );
