return Group( [ (  2,114, 98, 66)(  3, 51, 99, 67)(  4, 20, 36, 68)(  6,124, 12, 10)(  7,127,123, 11)(  8,128,126,122)(  9,125)
    ( 13,109, 43, 73)( 14,112, 92, 74)( 15,113, 95, 59)( 16,110, 40, 62)( 17, 21, 93, 75)( 18, 22, 96, 60)( 19, 25, 37, 61)
    ( 23, 97, 63,115)( 24, 94, 72,118)( 26, 38, 64,116)( 27, 41, 69,117)( 28, 78,106, 80)( 29, 81)( 30, 82, 32, 52)
    ( 31, 79,103, 55)( 33, 53)( 34, 56,100, 54)( 35, 83)( 39, 65,119,107)( 42, 70,120,108)( 44, 46, 50, 88)( 45, 49, 85, 89)
    ( 48, 84, 86, 90)( 57,101)( 58,104, 76,102)( 71,121,111, 91)( 77,105), (  2,128)(  3,127)(  4,124)(  6, 20)(  7, 51)(  8,114)
    (  9, 83)( 10, 36)( 11, 99)( 12, 68)( 13,109)( 14, 78)( 16, 46)( 17, 93)( 18, 30)( 19, 61)( 22, 52)( 23,115)( 24, 84)( 25, 37)
    ( 26,100)( 27, 69)( 28,112)( 29, 81)( 31, 49)( 32, 96)( 34, 64)( 35,125)( 38, 56)( 39,119)( 40, 88)( 42,104)( 43, 73)( 44,110)
    ( 45, 79)( 48, 94)( 50, 62)( 54,116)( 55, 85)( 57,101)( 58, 70)( 59,113)( 60, 82)( 63, 97)( 66,126)( 67,123)( 71,121)( 72, 90)
    ( 74,106)( 76,108)( 80, 92)( 86,118)( 89,103)( 91,111)( 98,122)(102,120), (  3, 51)(  4, 36)(  6,124)(  7,123)(  8,122)
    (  9,125)( 10, 12)( 13, 93)( 14, 92)( 15, 91)( 16, 94)( 17, 43)( 18, 42)( 19, 41)( 21,109)( 22,108)( 23,107)( 24,110)( 25, 27)
    ( 28, 78)( 29, 77)( 30, 76)( 31, 79)( 32, 58)( 33, 57)( 34, 56)( 37,117)( 38,116)( 39,115)( 40,118)( 44, 86)( 45, 85)( 46, 84)
    ( 47, 87)( 48, 50)( 52,102)( 53,101)( 54,100)( 55,103)( 59, 71)( 60, 70)( 61, 69)( 62, 72)( 63, 65)( 66,114)( 67, 99)( 73, 75)
    ( 80,106)( 81,105)( 82,104)( 88, 90)( 95,121)( 96,120)( 97,119)(111,113)(126,128), (  1,  2, 51,114)(  3, 36, 83, 98)
    (  4,  5, 68, 67)(  6, 75, 76, 19)(  7, 74, 77, 18)(  8, 71, 78, 15)(  9, 72, 79, 16)( 10, 73, 80, 17)( 11, 70, 81, 14)
    ( 12, 69, 82, 13)( 20, 99, 66, 35)( 21,106, 91, 50)( 22,105, 92, 49)( 23,102, 93, 46)( 24,103, 94, 47)( 25,104, 95, 48)
    ( 26,101, 96, 45)( 27,100, 97, 44)( 28, 43, 84,113)( 29, 42, 85,112)( 30, 39, 86,109)( 31, 40, 87,110)( 32, 41, 88,111)
    ( 33, 38, 89,108)( 34, 37, 90,107)( 52,121,122, 65)( 53,120,123, 64)( 54,117,124, 61)( 55,118,125, 62)( 56,119,126, 63)
    ( 57,116,127, 60)( 58,115,128, 59) ] );
