return [ [ 12, 15, 19, 22, 23, 25, 26, 32, 36, 39, 40, 42, 44, 45, 46, 48, 50, 52, 54, 55, 61 ], 
  [ 15, 18, 19, 22, 23, 24, 25, 26, 32, 36, 37, 38, 40, 43, 44, 45, 46, 49, 52, 54, 61 ], 
  [ 1, 4, 8, 9, 12, 14, 15, 19, 20, 21, 23, 25, 33, 39, 40, 42, 44, 46, 48, 50, 55, 57 ], 
  [ 1, 4, 8, 9, 14, 15, 18, 19, 20, 21, 23, 24, 25, 33, 37, 38, 40, 43, 44, 46, 49, 53 ], 
  [ 12, 15, 16, 19, 22, 24, 25, 26, 32, 38, 39, 40, 43, 44, 45, 46, 47, 48, 49, 50, 52, 61 ], 
  [ 8, 12, 14, 19, 20, 25, 27, 33, 38, 39, 40, 44, 45, 46, 47, 48, 49, 50, 52, 55, 57, 61 ], 
  [ 14, 18, 19, 20, 21, 24, 25, 27, 33, 34, 38, 40, 43, 44, 46, 48, 49, 52, 53, 54, 55, 61 ], 
  [ 1, 3, 8, 12, 13, 14, 15, 19, 20, 21, 23, 25, 28, 37, 38, 40, 43, 44, 46, 49, 53, 58 ], 
  [ 1, 3, 8, 13, 14, 15, 18, 19, 20, 21, 23, 25, 28, 37, 38, 40, 43, 44, 46, 49, 53, 58 ], 
  [ 1, 8, 12, 14, 19, 20, 25, 26, 33, 38, 39, 40, 44, 45, 46, 47, 48, 49, 50, 52, 55, 57, 61 ], 
  [ 12, 15, 19, 23, 25, 26, 31, 32, 39, 40, 41, 42, 44, 45, 46, 48, 50, 51, 52, 54, 55, 56, 57 ], 
  [ 1, 14, 18, 19, 20, 21, 24, 25, 26, 33, 34, 38, 40, 43, 44, 46, 48, 49, 52, 53, 54, 55, 61 ], 
  [ 15, 18, 19, 23, 24, 25, 26, 31, 32, 37, 38, 40, 41, 43, 44, 45, 46, 49, 51, 52, 53, 54, 56 ], 
  [ 2, 6, 12, 15, 19, 22, 23, 25, 27, 32, 36, 39, 40, 42, 44, 45, 46, 48, 50, 52, 54, 55, 61 ], 
  [ 2, 12, 15, 16, 19, 22, 24, 25, 27, 32, 38, 39, 40, 43, 44, 45, 46, 47, 48, 49, 50, 52, 61 ], 
  [ 2, 6, 15, 18, 19, 22, 23, 24, 25, 27, 32, 36, 37, 38, 40, 43, 44, 45, 46, 49, 52, 54, 61 ], 
  [ 15, 16, 18, 19, 22, 24, 25, 26, 30, 32, 38, 39, 40, 43, 44, 45, 46, 47, 48, 49, 50, 52, 61 ], 
  [ 1, 4, 8, 12, 14, 15, 16, 19, 20, 24, 25, 33, 38, 39, 40, 43, 44, 46, 47, 48, 49, 50, 53, 57 ], 
  [ 12, 15, 19, 22, 23, 24, 25, 26, 32, 36, 38, 39, 40, 43, 44, 45, 46, 48, 49, 50, 52, 54, 55, 61 ], 
  [ 5, 7, 12, 15, 19, 22, 23, 24, 25, 26, 32, 35, 36, 39, 43, 44, 46, 48, 49, 50, 52, 54, 55, 61 ], 
  [ 2, 4, 6, 8, 9, 12, 14, 15, 19, 20, 21, 23, 25, 27, 33, 39, 40, 42, 44, 46, 48, 50, 55, 57 ], 
  [ 12, 14, 19, 24, 25, 27, 31, 33, 34, 38, 39, 40, 41, 43, 44, 46, 47, 48, 50, 51, 52, 53, 56, 57 ], 
  [ 12, 14, 19, 20, 24, 25, 27, 33, 34, 38, 39, 40, 43, 44, 46, 47, 48, 49, 50, 52, 53, 55, 57, 61 ], 
  [ 2, 4, 6, 8, 9, 14, 15, 18, 19, 20, 21, 23, 24, 25, 27, 33, 37, 38, 40, 43, 44, 46, 49, 53 ], 
  [ 1, 3, 8, 12, 13, 14, 15, 16, 19, 20, 25, 28, 38, 40, 43, 44, 46, 47, 48, 49, 50, 53, 57, 58 ], 
  [ 1, 3, 5, 7, 12, 14, 15, 19, 20, 21, 23, 25, 28, 35, 43, 44, 46, 48, 49, 50, 53, 55, 57, 58 ], 
  [ 2, 3, 6, 8, 12, 13, 14, 15, 19, 20, 21, 23, 25, 27, 28, 37, 38, 40, 43, 44, 46, 49, 53, 58 ], 
  [ 2, 3, 6, 8, 13, 14, 15, 18, 19, 20, 21, 23, 25, 27, 28, 37, 38, 40, 43, 44, 46, 49, 53, 58 ], 
  [ 2, 15, 16, 18, 19, 22, 24, 25, 27, 30, 32, 38, 39, 40, 43, 44, 45, 46, 47, 48, 49, 50, 52, 61 ], 
  [ 1, 12, 14, 19, 24, 25, 26, 31, 33, 34, 38, 39, 40, 41, 43, 44, 46, 47, 48, 50, 51, 52, 53, 56, 57 ], 
  [ 1, 12, 14, 19, 20, 24, 25, 26, 33, 34, 38, 39, 40, 43, 44, 46, 47, 48, 49, 50, 52, 53, 55, 57, 61 ], 
  [ 2, 6, 12, 15, 19, 23, 25, 27, 31, 32, 39, 40, 41, 42, 44, 45, 46, 48, 50, 51, 52, 54, 55, 56, 57 ], 
  [ 2, 4, 8, 12, 14, 15, 16, 19, 20, 24, 25, 27, 33, 38, 39, 40, 43, 44, 46, 47, 48, 49, 50, 53, 57 ], 
  [ 2, 6, 15, 18, 19, 23, 24, 25, 27, 31, 32, 37, 38, 40, 41, 43, 44, 45, 46, 49, 51, 52, 53, 54, 56 ], 
  [ 1, 3, 8, 12, 13, 14, 15, 19, 20, 21, 23, 25, 28, 38, 40, 43, 44, 46, 48, 49, 50, 53, 55, 57, 58 ], 
  [ 2, 3, 8, 12, 13, 14, 15, 16, 19, 20, 25, 27, 28, 38, 40, 43, 44, 46, 47, 48, 49, 50, 53, 57, 58 ], 
  [ 1, 4, 8, 14, 15, 16, 18, 19, 20, 24, 25, 30, 33, 38, 39, 40, 43, 44, 46, 47, 48, 49, 50, 53, 57 ], 
  [ 15, 18, 19, 22, 23, 24, 25, 26, 30, 32, 36, 38, 39, 40, 43, 44, 45, 46, 48, 49, 50, 52, 54, 55, 61 ], 
  [ 5, 7, 15, 18, 19, 22, 23, 24, 25, 26, 30, 32, 35, 36, 39, 43, 44, 46, 48, 49, 50, 52, 54, 55, 61 ], 
  [ 14, 18, 19, 24, 25, 27, 30, 31, 33, 34, 38, 39, 40, 41, 43, 44, 46, 47, 48, 50, 51, 52, 53, 56, 57 ], 
  [ 14, 18, 19, 20, 24, 25, 27, 30, 33, 34, 38, 39, 40, 43, 44, 46, 47, 48, 49, 50, 52, 53, 55, 57, 61 ], 
  [ 1, 3, 8, 13, 14, 15, 16, 18, 19, 20, 25, 28, 30, 38, 40, 43, 44, 46, 47, 48, 49, 50, 53, 57, 58 ], 
  [ 1, 3, 5, 7, 14, 15, 18, 19, 20, 21, 23, 25, 28, 30, 35, 43, 44, 46, 48, 49, 50, 53, 55, 57, 58 ], 
  [ 1, 4, 5, 7, 9, 12, 14, 15, 19, 20, 21, 23, 24, 25, 33, 35, 39, 43, 44, 46, 48, 49, 50, 53, 55, 57 ], 
  [ 1, 4, 8, 9, 12, 14, 15, 19, 20, 21, 23, 24, 25, 33, 38, 39, 40, 43, 44, 46, 48, 49, 50, 53, 55, 57 ], 
  [ 1, 4, 8, 12, 14, 15, 16, 19, 25, 26, 31, 33, 39, 40, 41, 42, 44, 45, 46, 47, 48, 50, 51, 52, 56, 57 ], 
  [ 12, 15, 16, 19, 24, 25, 26, 31, 32, 38, 39, 40, 41, 43, 44, 45, 46, 47, 48, 49, 50, 51, 52, 53, 56, 57 ], 
  [ 5, 7, 12, 15, 19, 23, 24, 25, 26, 31, 32, 35, 39, 41, 43, 44, 46, 48, 49, 50, 52, 53, 54, 55, 56, 57 ], 
  [ 1, 9, 11, 14, 18, 19, 21, 23, 24, 25, 26, 31, 33, 34, 37, 38, 40, 41, 43, 44, 46, 51, 52, 53, 54, 56 ], 
  [ 2, 4, 8, 12, 14, 15, 16, 19, 25, 27, 31, 33, 39, 40, 41, 42, 44, 45, 46, 47, 48, 50, 51, 52, 56, 57 ], 
  [ 6, 9, 11, 14, 18, 19, 21, 23, 24, 25, 27, 31, 33, 34, 37, 38, 40, 41, 43, 44, 46, 51, 52, 53, 54, 56 ], 
  [ 2, 6, 12, 15, 19, 22, 23, 24, 25, 27, 32, 36, 38, 39, 40, 43, 44, 45, 46, 48, 49, 50, 52, 54, 55, 61 ], 
  [ 2, 5, 6, 7, 12, 15, 19, 22, 23, 24, 25, 27, 32, 35, 36, 39, 43, 44, 46, 48, 49, 50, 52, 54, 55, 61 ], 
  [ 2, 3, 5, 6, 7, 12, 14, 15, 19, 20, 21, 23, 25, 27, 28, 35, 43, 44, 46, 48, 49, 50, 53, 55, 57, 58 ], 
  [ 1, 14, 18, 19, 24, 25, 26, 30, 31, 33, 34, 38, 39, 40, 41, 43, 44, 46, 47, 48, 50, 51, 52, 53, 56, 57 ], 
  [ 1, 14, 18, 19, 20, 24, 25, 26, 30, 33, 34, 38, 39, 40, 43, 44, 46, 47, 48, 49, 50, 52, 53, 55, 57, 61 ], 
  [ 2, 4, 8, 14, 15, 16, 18, 19, 20, 24, 25, 27, 30, 33, 38, 39, 40, 43, 44, 46, 47, 48, 49, 50, 53, 57 ], 
  [ 1, 3, 8, 13, 14, 15, 18, 19, 20, 21, 23, 25, 28, 30, 38, 40, 43, 44, 46, 48, 49, 50, 53, 55, 57, 58 ], 
  [ 2, 3, 8, 13, 14, 15, 16, 18, 19, 20, 25, 27, 28, 30, 38, 40, 43, 44, 46, 47, 48, 49, 50, 53, 57, 58 ], 
  [ 1, 4, 8, 12, 14, 15, 16, 19, 20, 22, 25, 26, 33, 39, 40, 42, 44, 45, 46, 47, 48, 49, 50, 52, 55, 57, 61 ], 
  [ 1, 4, 8, 12, 14, 15, 16, 19, 20, 22, 24, 25, 26, 33, 38, 39, 40, 43, 44, 45, 46, 47, 48, 49, 50, 52, 61 ], 
  [ 12, 15, 19, 23, 24, 25, 26, 31, 32, 38, 39, 40, 41, 43, 44, 45, 46, 48, 49, 50, 51, 52, 53, 54, 55, 56, 57 ], 
  [ 1, 4, 5, 7, 9, 10, 12, 14, 15, 17, 19, 23, 24, 25, 26, 31, 33, 39, 41, 43, 46, 49, 50, 52, 53, 55, 57 ], 
  [ 1, 4, 5, 7, 9, 12, 14, 15, 19, 21, 23, 24, 25, 26, 31, 33, 35, 37, 41, 43, 44, 46, 49, 52, 53, 54, 56 ], 
  [ 1, 4, 5, 7, 9, 14, 15, 18, 19, 21, 23, 24, 25, 26, 31, 33, 35, 37, 41, 43, 44, 46, 49, 52, 53, 54, 56 ], 
  [ 1, 3, 5, 7, 12, 14, 15, 18, 19, 21, 23, 24, 25, 26, 31, 32, 38, 41, 43, 46, 48, 49, 52, 53, 54, 55, 58 ], 
  [ 1, 9, 11, 14, 18, 19, 20, 21, 23, 24, 25, 26, 33, 34, 36, 37, 38, 40, 43, 44, 46, 49, 52, 53, 54, 55, 61 ], 
  [ 2, 4, 8, 12, 14, 15, 16, 19, 20, 22, 25, 27, 33, 39, 40, 42, 44, 45, 46, 47, 48, 49, 50, 52, 55, 57, 61 ], 
  [ 2, 12, 15, 16, 19, 24, 25, 27, 31, 32, 38, 39, 40, 41, 43, 44, 45, 46, 47, 48, 49, 50, 51, 52, 53, 56, 57 ], 
  [ 2, 4, 8, 12, 14, 15, 16, 19, 20, 22, 24, 25, 27, 33, 38, 39, 40, 43, 44, 45, 46, 47, 48, 49, 50, 52, 61 ], 
  [ 6, 9, 11, 14, 18, 19, 20, 21, 23, 24, 25, 27, 33, 34, 36, 37, 38, 40, 43, 44, 46, 49, 52, 53, 54, 55, 61 ], 
  [ 2, 3, 6, 8, 12, 13, 14, 15, 19, 20, 21, 23, 25, 27, 28, 38, 40, 43, 44, 46, 48, 49, 50, 53, 55, 57, 58 ], 
  [ 1, 4, 5, 7, 9, 14, 15, 18, 19, 20, 21, 23, 24, 25, 30, 33, 35, 39, 43, 44, 46, 48, 49, 50, 53, 55, 57 ], 
  [ 1, 4, 8, 9, 14, 15, 18, 19, 20, 21, 23, 24, 25, 30, 33, 38, 39, 40, 43, 44, 46, 48, 49, 50, 53, 55, 57 ], 
  [ 15, 16, 18, 19, 24, 25, 26, 30, 31, 32, 38, 39, 40, 41, 43, 44, 45, 46, 47, 48, 49, 50, 51, 52, 53, 56, 57 ], 
  [ 5, 7, 15, 18, 19, 23, 24, 25, 26, 30, 31, 32, 35, 39, 41, 43, 44, 46, 48, 49, 50, 52, 53, 54, 55, 56, 57 ], 
  [ 2, 6, 15, 18, 19, 22, 23, 24, 25, 27, 30, 32, 36, 38, 39, 40, 43, 44, 45, 46, 48, 49, 50, 52, 54, 55, 61 ], 
  [ 2, 5, 6, 7, 15, 18, 19, 22, 23, 24, 25, 27, 30, 32, 35, 36, 39, 43, 44, 46, 48, 49, 50, 52, 54, 55, 61 ], 
  [ 2, 3, 5, 6, 7, 14, 15, 18, 19, 20, 21, 23, 25, 27, 28, 30, 35, 43, 44, 46, 48, 49, 50, 53, 55, 57, 58 ], 
  [ 1, 4, 8, 9, 12, 14, 15, 19, 20, 21, 22, 23, 25, 26, 33, 36, 39, 40, 42, 44, 45, 46, 48, 50, 52, 54, 55, 61 ], 
  [ 1, 4, 5, 7, 12, 14, 15, 16, 19, 24, 25, 26, 31, 33, 35, 39, 41, 43, 44, 46, 47, 48, 49, 50, 52, 53, 56, 57 ], 
  [ 5, 7, 11, 12, 15, 19, 22, 23, 24, 25, 26, 32, 34, 35, 36, 39, 40, 42, 43, 44, 46, 48, 50, 52, 54, 55, 59, 61 ], 
  [ 1, 4, 8, 9, 14, 15, 18, 19, 20, 21, 22, 23, 24, 25, 26, 33, 36, 37, 38, 40, 43, 44, 45, 46, 49, 52, 54, 61 ], 
  [ 2, 4, 5, 7, 12, 14, 15, 16, 19, 24, 25, 27, 31, 33, 35, 39, 41, 43, 44, 46, 47, 48, 49, 50, 52, 53, 56, 57 ], 
  [ 2, 5, 6, 7, 12, 15, 19, 23, 24, 25, 27, 31, 32, 35, 39, 41, 43, 44, 46, 48, 49, 50, 52, 53, 54, 55, 56, 57 ], 
  [ 2, 4, 5, 6, 7, 9, 10, 12, 14, 15, 17, 19, 23, 24, 25, 27, 31, 33, 39, 41, 43, 46, 49, 50, 52, 53, 55, 57 ], 
  [ 2, 4, 5, 6, 7, 9, 12, 14, 15, 19, 21, 23, 24, 25, 27, 31, 33, 35, 37, 41, 43, 44, 46, 49, 52, 53, 54, 56 ], 
  [ 2, 4, 5, 6, 7, 9, 14, 15, 18, 19, 21, 23, 24, 25, 27, 31, 33, 35, 37, 41, 43, 44, 46, 49, 52, 53, 54, 56 ], 
  [ 2, 3, 5, 6, 7, 12, 14, 15, 18, 19, 21, 23, 24, 25, 27, 31, 32, 38, 41, 43, 46, 48, 49, 52, 53, 54, 55, 58 ], 
  [ 2, 4, 5, 6, 7, 9, 12, 14, 15, 19, 20, 21, 23, 24, 25, 27, 33, 35, 39, 43, 44, 46, 48, 49, 50, 53, 55, 57 ], 
  [ 2, 4, 6, 8, 9, 12, 14, 15, 19, 20, 21, 23, 24, 25, 27, 33, 38, 39, 40, 43, 44, 46, 48, 49, 50, 53, 55, 57 ], 
  [ 1, 3, 8, 12, 13, 14, 15, 16, 19, 20, 22, 25, 26, 28, 32, 38, 40, 43, 44, 45, 46, 47, 48, 49, 50, 52, 58, 61 ], 
  [ 2, 3, 8, 12, 13, 14, 15, 16, 19, 20, 22, 25, 27, 28, 32, 38, 40, 43, 44, 45, 46, 47, 48, 49, 50, 52, 58, 61 ], 
  [ 1, 4, 8, 14, 15, 16, 18, 19, 20, 22, 24, 25, 26, 30, 33, 38, 39, 40, 43, 44, 45, 46, 47, 48, 49, 50, 52, 61 ], 
  [ 15, 18, 19, 23, 24, 25, 26, 30, 31, 32, 38, 39, 40, 41, 43, 44, 45, 46, 48, 49, 50, 51, 52, 53, 54, 55, 56, 57 ], 
  [ 1, 4, 5, 7, 9, 10, 14, 15, 17, 18, 19, 23, 24, 25, 26, 30, 31, 33, 39, 41, 43, 46, 49, 50, 52, 53, 55, 57 ], 
  [ 2, 15, 16, 18, 19, 24, 25, 27, 30, 31, 32, 38, 39, 40, 41, 43, 44, 45, 46, 47, 48, 49, 50, 51, 52, 53, 56, 57 ], 
  [ 2, 4, 8, 14, 15, 16, 18, 19, 20, 22, 24, 25, 27, 30, 33, 38, 39, 40, 43, 44, 45, 46, 47, 48, 49, 50, 52, 61 ], 
  [ 2, 3, 6, 8, 13, 14, 15, 18, 19, 20, 21, 23, 25, 27, 28, 30, 38, 40, 43, 44, 46, 48, 49, 50, 53, 55, 57, 58 ], 
  [ 1, 4, 8, 9, 12, 14, 15, 19, 21, 23, 25, 26, 31, 33, 39, 40, 41, 42, 44, 45, 46, 48, 50, 51, 52, 54, 55, 56, 57 ], 
  [ 1, 4, 5, 7, 12, 14, 15, 19, 20, 21, 22, 24, 25, 26, 33, 34, 35, 40, 43, 44, 46, 48, 49, 52, 53, 54, 55, 59, 61 ], 
  [ 1, 4, 5, 7, 14, 15, 18, 19, 20, 21, 22, 24, 25, 26, 33, 34, 35, 40, 43, 44, 46, 48, 49, 52, 53, 54, 55, 59, 61 ], 
  [ 1, 4, 8, 9, 14, 15, 18, 19, 21, 23, 24, 25, 26, 31, 33, 37, 38, 40, 41, 43, 44, 45, 46, 49, 51, 52, 53, 54, 56 ], 
  [ 2, 4, 6, 8, 9, 12, 14, 15, 19, 20, 21, 22, 23, 25, 27, 33, 36, 39, 40, 42, 44, 45, 46, 48, 50, 52, 54, 55, 61 ], 
  [ 2, 4, 5, 7, 12, 14, 15, 19, 20, 21, 22, 24, 25, 27, 33, 34, 35, 40, 43, 44, 46, 48, 49, 52, 53, 54, 55, 59, 61 ], 
  [ 2, 4, 5, 7, 14, 15, 18, 19, 20, 21, 22, 24, 25, 27, 33, 34, 35, 40, 43, 44, 46, 48, 49, 52, 53, 54, 55, 59, 61 ], 
  [ 2, 6, 12, 15, 19, 23, 24, 25, 27, 31, 32, 38, 39, 40, 41, 43, 44, 45, 46, 48, 49, 50, 51, 52, 53, 54, 55, 56, 57 ], 
  [ 2, 4, 6, 8, 9, 14, 15, 18, 19, 20, 21, 22, 23, 24, 25, 27, 33, 36, 37, 38, 40, 43, 44, 45, 46, 49, 52, 54, 61 ], 
  [ 1, 3, 5, 7, 11, 12, 13, 14, 15, 19, 20, 21, 23, 25, 28, 34, 35, 40, 42, 43, 44, 46, 48, 50, 53, 55, 57, 58, 59 ], 
  [ 1, 3, 5, 7, 12, 14, 15, 19, 20, 21, 22, 23, 25, 26, 28, 32, 35, 36, 43, 44, 46, 48, 49, 50, 52, 54, 55, 58, 61 ], 
  [ 1, 3, 8, 12, 13, 14, 15, 19, 20, 21, 22, 23, 25, 26, 28, 32, 36, 37, 38, 40, 43, 44, 45, 46, 49, 52, 54, 58, 61 ], 
  [ 1, 3, 8, 13, 14, 15, 18, 19, 20, 21, 22, 23, 25, 26, 28, 32, 36, 37, 38, 40, 43, 44, 45, 46, 49, 52, 54, 58, 61 ], 
  [ 1, 4, 5, 7, 14, 15, 16, 18, 19, 24, 25, 26, 30, 31, 33, 35, 39, 41, 43, 44, 46, 47, 48, 49, 50, 52, 53, 56, 57 ], 
  [ 5, 7, 11, 15, 18, 19, 22, 23, 24, 25, 26, 30, 32, 34, 35, 36, 39, 40, 42, 43, 44, 46, 48, 50, 52, 54, 55, 59, 61 ], 
  [ 2, 4, 5, 7, 14, 15, 16, 18, 19, 24, 25, 27, 30, 31, 33, 35, 39, 41, 43, 44, 46, 47, 48, 49, 50, 52, 53, 56, 57 ], 
  [ 2, 5, 6, 7, 15, 18, 19, 23, 24, 25, 27, 30, 31, 32, 35, 39, 41, 43, 44, 46, 48, 49, 50, 52, 53, 54, 55, 56, 57 ], 
  [ 2, 4, 5, 6, 7, 9, 10, 14, 15, 17, 18, 19, 23, 24, 25, 27, 30, 31, 33, 39, 41, 43, 46, 49, 50, 52, 53, 55, 57 ], 
  [ 2, 4, 5, 6, 7, 9, 14, 15, 18, 19, 20, 21, 23, 24, 25, 27, 30, 33, 35, 39, 43, 44, 46, 48, 49, 50, 53, 55, 57 ], 
  [ 2, 4, 6, 8, 9, 14, 15, 18, 19, 20, 21, 23, 24, 25, 27, 30, 33, 38, 39, 40, 43, 44, 46, 48, 49, 50, 53, 55, 57 ], 
  [ 1, 3, 8, 13, 14, 15, 16, 18, 19, 20, 22, 25, 26, 28, 30, 32, 38, 40, 43, 44, 45, 46, 47, 48, 49, 50, 52, 58, 61 ], 
  [ 2, 3, 8, 13, 14, 15, 16, 18, 19, 20, 22, 25, 27, 28, 30, 32, 38, 40, 43, 44, 45, 46, 47, 48, 49, 50, 52, 58, 61 ], 
  [ 1, 4, 5, 7, 9, 11, 12, 14, 15, 19, 20, 21, 23, 24, 25, 33, 34, 35, 39, 40, 42, 43, 44, 46, 48, 50, 53, 55, 57, 59 ], 
  [ 1, 4, 8, 12, 14, 15, 16, 19, 24, 25, 26, 31, 33, 38, 39, 40, 41, 43, 44, 45, 46, 47, 48, 49, 50, 51, 52, 53, 56, 57 ], 
  [ 1, 4, 5, 7, 9, 12, 14, 15, 19, 20, 21, 22, 23, 24, 25, 26, 33, 35, 36, 39, 43, 44, 46, 48, 49, 50, 52, 54, 55, 61 ], 
  [ 2, 4, 6, 8, 9, 12, 14, 15, 19, 21, 23, 25, 27, 31, 33, 39, 40, 41, 42, 44, 45, 46, 48, 50, 51, 52, 54, 55, 56, 57 ], 
  [ 2, 4, 8, 12, 14, 15, 16, 19, 24, 25, 27, 31, 33, 38, 39, 40, 41, 43, 44, 45, 46, 47, 48, 49, 50, 51, 52, 53, 56, 57 ], 
  [ 2, 4, 6, 8, 9, 14, 15, 18, 19, 21, 23, 24, 25, 27, 31, 33, 37, 38, 40, 41, 43, 44, 45, 46, 49, 51, 52, 53, 54, 56 ], 
  [ 2, 5, 6, 7, 11, 12, 15, 19, 22, 23, 24, 25, 27, 32, 34, 35, 36, 39, 40, 42, 43, 44, 46, 48, 50, 52, 54, 55, 59, 61 ], 
  [ 12, 19, 24, 25, 26, 27, 31, 32, 33, 34, 38, 39, 40, 41, 43, 44, 45, 46, 47, 48, 49, 50, 51, 52, 53, 54, 55, 56, 57, 61 ], 
  [ 1, 3, 5, 7, 12, 14, 15, 19, 21, 23, 25, 26, 28, 31, 32, 35, 41, 43, 44, 46, 48, 49, 50, 52, 53, 54, 55, 56, 57, 58 ], 
  [ 1, 3, 8, 12, 13, 14, 15, 19, 21, 23, 25, 26, 28, 31, 32, 37, 38, 40, 41, 43, 44, 45, 46, 49, 51, 52, 53, 54, 56, 58 ], 
  [ 1, 3, 8, 13, 14, 15, 18, 19, 21, 23, 25, 26, 28, 31, 32, 37, 38, 40, 41, 43, 44, 45, 46, 49, 51, 52, 53, 54, 56, 58 ], 
  [ 2, 3, 5, 6, 7, 12, 14, 15, 19, 20, 21, 22, 23, 25, 27, 28, 32, 35, 36, 43, 44, 46, 48, 49, 50, 52, 54, 55, 58, 61 ], 
  [ 2, 3, 6, 8, 12, 13, 14, 15, 19, 20, 21, 22, 23, 25, 27, 28, 32, 36, 37, 38, 40, 43, 44, 45, 46, 49, 52, 54, 58, 61 ], 
  [ 2, 3, 6, 8, 13, 14, 15, 18, 19, 20, 21, 22, 23, 25, 27, 28, 32, 36, 37, 38, 40, 43, 44, 45, 46, 49, 52, 54, 58, 61 ], 
  [ 2, 6, 15, 18, 19, 23, 24, 25, 27, 30, 31, 32, 38, 39, 40, 41, 43, 44, 45, 46, 48, 49, 50, 51, 52, 53, 54, 55, 56, 57 ], 
  [ 1, 3, 5, 7, 11, 13, 14, 15, 18, 19, 20, 21, 23, 25, 28, 30, 34, 35, 40, 42, 43, 44, 46, 48, 50, 53, 55, 57, 58, 59 ], 
  [ 1, 3, 5, 7, 14, 15, 18, 19, 20, 21, 22, 23, 25, 26, 28, 30, 32, 35, 36, 43, 44, 46, 48, 49, 50, 52, 54, 55, 58, 61 ], 
  [ 5, 7, 11, 12, 15, 19, 23, 24, 25, 26, 31, 32, 34, 35, 39, 40, 41, 42, 43, 44, 46, 48, 50, 51, 52, 53, 54, 55, 56, 57, 59 ], 
  [ 1, 4, 5, 7, 9, 12, 14, 15, 19, 21, 23, 24, 25, 26, 31, 33, 35, 39, 41, 43, 44, 46, 48, 49, 50, 52, 53, 54, 55, 56, 57 ], 
  [ 1, 4, 5, 7, 9, 11, 12, 14, 15, 19, 21, 23, 24, 25, 26, 31, 33, 34, 35, 37, 40, 41, 43, 44, 46, 51, 52, 53, 54, 56, 59 ], 
  [ 1, 4, 5, 7, 9, 11, 14, 15, 18, 19, 21, 23, 24, 25, 26, 31, 33, 34, 35, 37, 40, 41, 43, 44, 46, 51, 52, 53, 54, 56, 59 ], 
  [ 1, 4, 8, 9, 12, 14, 15, 19, 20, 21, 22, 23, 24, 25, 26, 33, 36, 38, 39, 40, 43, 44, 45, 46, 48, 49, 50, 52, 54, 55, 61 ], 
  [ 2, 4, 5, 6, 7, 9, 12, 14, 15, 19, 20, 21, 22, 23, 24, 25, 27, 33, 35, 36, 39, 43, 44, 46, 48, 49, 50, 52, 54, 55, 61 ], 
  [ 1, 3, 8, 12, 13, 14, 15, 16, 19, 25, 26, 28, 31, 32, 38, 40, 41, 43, 44, 45, 46, 47, 48, 49, 50, 51, 52, 53, 56, 57, 58 ], 
  [ 1, 3, 8, 12, 13, 14, 15, 19, 20, 21, 22, 23, 25, 26, 28, 32, 36, 38, 40, 43, 44, 45, 46, 48, 49, 50, 52, 54, 55, 58, 61 ], 
  [ 1, 3, 5, 7, 12, 14, 15, 18, 19, 21, 23, 24, 25, 26, 28, 31, 32, 35, 37, 38, 41, 43, 44, 46, 48, 49, 52, 53, 54, 56, 58 ], 
  [ 2, 3, 8, 12, 13, 14, 15, 16, 19, 25, 27, 28, 31, 32, 38, 40, 41, 43, 44, 45, 46, 47, 48, 49, 50, 51, 52, 53, 56, 57, 58 ], 
  [ 2, 3, 5, 6, 7, 12, 14, 15, 19, 21, 23, 25, 27, 28, 31, 32, 35, 41, 43, 44, 46, 48, 49, 50, 52, 53, 54, 55, 56, 57, 58 ], 
  [ 2, 3, 6, 8, 12, 13, 14, 15, 19, 21, 23, 25, 27, 28, 31, 32, 37, 38, 40, 41, 43, 44, 45, 46, 49, 51, 52, 53, 54, 56, 58 ], 
  [ 2, 3, 6, 8, 13, 14, 15, 18, 19, 21, 23, 25, 27, 28, 31, 32, 37, 38, 40, 41, 43, 44, 45, 46, 49, 51, 52, 53, 54, 56, 58 ], 
  [ 2, 3, 5, 6, 7, 11, 12, 13, 14, 15, 19, 20, 21, 23, 25, 27, 28, 34, 35, 40, 42, 43, 44, 46, 48, 50, 53, 55, 57, 58, 59 ], 
  [ 1, 4, 5, 7, 9, 11, 14, 15, 18, 19, 20, 21, 23, 24, 25, 30, 33, 34, 35, 39, 40, 42, 43, 44, 46, 48, 50, 53, 55, 57, 59 ], 
  [ 1, 4, 8, 14, 15, 16, 18, 19, 24, 25, 26, 30, 31, 33, 38, 39, 40, 41, 43, 44, 45, 46, 47, 48, 49, 50, 51, 52, 53, 56, 57 ], 
  [ 1, 3, 5, 7, 10, 12, 14, 15, 17, 18, 19, 23, 24, 25, 26, 30, 31, 32, 38, 39, 41, 43, 46, 48, 49, 50, 52, 53, 55, 57, 58 ], 
  [ 1, 4, 5, 7, 9, 14, 15, 18, 19, 20, 21, 22, 23, 24, 25, 26, 30, 33, 35, 36, 39, 43, 44, 46, 48, 49, 50, 52, 54, 55, 61 ], 
  [ 2, 4, 8, 14, 15, 16, 18, 19, 24, 25, 27, 30, 31, 33, 38, 39, 40, 41, 43, 44, 45, 46, 47, 48, 49, 50, 51, 52, 53, 56, 57 ], 
  [ 2, 5, 6, 7, 11, 15, 18, 19, 22, 23, 24, 25, 27, 30, 32, 34, 35, 36, 39, 40, 42, 43, 44, 46, 48, 50, 52, 54, 55, 59, 61 ], 
  [ 18, 19, 24, 25, 26, 27, 30, 31, 32, 33, 34, 38, 39, 40, 41, 43, 44, 45, 46, 47, 48, 49, 50, 51, 52, 53, 54, 55, 56, 57, 61 ],
  [ 1, 3, 5, 7, 14, 15, 18, 19, 21, 23, 25, 26, 28, 30, 31, 32, 35, 41, 43, 44, 46, 48, 49, 50, 52, 53, 54, 55, 56, 57, 58 ], 
  [ 2, 3, 5, 6, 7, 14, 15, 18, 19, 20, 21, 22, 23, 25, 27, 28, 30, 32, 35, 36, 43, 44, 46, 48, 49, 50, 52, 54, 55, 58, 61 ], 
  [ 1, 4, 5, 7, 12, 14, 15, 16, 19, 24, 25, 26, 31, 33, 34, 35, 39, 40, 41, 42, 43, 44, 46, 47, 48, 50, 51, 52, 53, 56, 57, 59 ],
  [ 1, 3, 5, 7, 11, 12, 13, 14, 15, 18, 19, 21, 23, 24, 25, 26, 31, 32, 34, 38, 40, 41, 43, 46, 48, 51, 52, 53, 54, 55, 58, 59 ],
  [ 2, 4, 5, 7, 12, 14, 15, 16, 19, 24, 25, 27, 31, 33, 34, 35, 39, 40, 41, 42, 43, 44, 46, 47, 48, 50, 51, 52, 53, 56, 57, 59 ],
  [ 2, 4, 5, 6, 7, 9, 12, 14, 15, 19, 21, 23, 24, 25, 27, 31, 33, 35, 39, 41, 43, 44, 46, 48, 49, 50, 52, 53, 54, 55, 56, 57 ], 
  [ 2, 4, 5, 6, 7, 9, 11, 12, 14, 15, 19, 21, 23, 24, 25, 27, 31, 33, 34, 35, 37, 40, 41, 43, 44, 46, 51, 52, 53, 54, 56, 59 ], 
  [ 2, 4, 5, 6, 7, 9, 11, 14, 15, 18, 19, 21, 23, 24, 25, 27, 31, 33, 34, 35, 37, 40, 41, 43, 44, 46, 51, 52, 53, 54, 56, 59 ], 
  [ 2, 4, 5, 6, 7, 9, 11, 12, 14, 15, 19, 20, 21, 23, 24, 25, 27, 33, 34, 35, 39, 40, 42, 43, 44, 46, 48, 50, 53, 55, 57, 59 ], 
  [ 2, 4, 6, 8, 9, 12, 14, 15, 19, 20, 21, 22, 23, 24, 25, 27, 33, 36, 38, 39, 40, 43, 44, 45, 46, 48, 49, 50, 52, 54, 55, 61 ], 
  [ 2, 3, 6, 8, 12, 13, 14, 15, 19, 20, 21, 22, 23, 25, 27, 28, 32, 36, 38, 40, 43, 44, 45, 46, 48, 49, 50, 52, 54, 55, 58, 61 ],
  [ 2, 3, 5, 6, 7, 12, 14, 15, 18, 19, 21, 23, 24, 25, 27, 28, 31, 32, 35, 37, 38, 41, 43, 44, 46, 48, 49, 52, 53, 54, 56, 58 ], 
  [ 5, 7, 11, 15, 18, 19, 23, 24, 25, 26, 30, 31, 32, 34, 35, 39, 40, 41, 42, 43, 44, 46, 48, 50, 51, 52, 53, 54, 55, 56, 57, 59 
     ], [ 1, 4, 5, 7, 9, 14, 15, 18, 19, 21, 23, 24, 25, 26, 30, 31, 33, 35, 39, 41, 43, 44, 46, 48, 49, 50, 52, 53, 54, 55, 56, 
      57 ], [ 1, 4, 8, 9, 14, 15, 18, 19, 20, 21, 22, 23, 24, 25, 26, 30, 33, 36, 38, 39, 40, 43, 44, 45, 46, 48, 49, 50, 52, 
      54, 55, 61 ], [ 2, 3, 5, 6, 7, 10, 12, 14, 15, 17, 18, 19, 23, 24, 25, 27, 30, 31, 32, 38, 39, 41, 43, 46, 48, 49, 50, 52, 
      53, 55, 57, 58 ], [ 2, 4, 5, 6, 7, 9, 14, 15, 18, 19, 20, 21, 22, 23, 24, 25, 27, 30, 33, 35, 36, 39, 43, 44, 46, 48, 49, 
      50, 52, 54, 55, 61 ], [ 1, 3, 8, 13, 14, 15, 16, 18, 19, 25, 26, 28, 30, 31, 32, 38, 40, 41, 43, 44, 45, 46, 47, 48, 49, 
      50, 51, 52, 53, 56, 57, 58 ], [ 1, 3, 8, 13, 14, 15, 18, 19, 20, 21, 22, 23, 25, 26, 28, 30, 32, 36, 38, 40, 43, 44, 45, 
      46, 48, 49, 50, 52, 54, 55, 58, 61 ], [ 2, 3, 8, 13, 14, 15, 16, 18, 19, 25, 27, 28, 30, 31, 32, 38, 40, 41, 43, 44, 45, 
      46, 47, 48, 49, 50, 51, 52, 53, 56, 57, 58 ], [ 2, 3, 5, 6, 7, 14, 15, 18, 19, 21, 23, 25, 27, 28, 30, 31, 32, 35, 41, 43, 
      44, 46, 48, 49, 50, 52, 53, 54, 55, 56, 57, 58 ], [ 2, 3, 5, 6, 7, 11, 13, 14, 15, 18, 19, 20, 21, 23, 25, 27, 28, 30, 34, 
      35, 40, 42, 43, 44, 46, 48, 50, 53, 55, 57, 58, 59 ], [ 1, 4, 5, 7, 12, 14, 15, 16, 19, 20, 22, 24, 25, 26, 33, 34, 35, 
      39, 40, 42, 43, 44, 46, 47, 48, 49, 50, 52, 53, 55, 57, 59, 61 ], 
  [ 1, 4, 5, 7, 9, 10, 12, 14, 15, 16, 17, 19, 23, 24, 25, 26, 31, 33, 35, 37, 39, 41, 43, 44, 46, 47, 49, 50, 52, 53, 56, 57, 
      60 ], [ 1, 4, 8, 9, 12, 14, 15, 19, 21, 23, 24, 25, 26, 31, 33, 38, 39, 40, 41, 43, 44, 45, 46, 48, 49, 50, 51, 52, 53, 
      54, 55, 56, 57 ], [ 1, 4, 5, 7, 9, 11, 12, 14, 15, 19, 20, 21, 22, 23, 24, 25, 26, 33, 34, 35, 36, 37, 40, 43, 44, 46, 49, 
      52, 53, 54, 55, 59, 61 ], [ 1, 4, 5, 7, 9, 11, 14, 15, 18, 19, 20, 21, 22, 23, 24, 25, 26, 33, 34, 35, 36, 37, 40, 43, 44, 
      46, 49, 52, 53, 54, 55, 59, 61 ], [ 2, 4, 5, 7, 12, 14, 15, 16, 19, 20, 22, 24, 25, 27, 33, 34, 35, 39, 40, 42, 43, 44, 
      46, 47, 48, 49, 50, 52, 53, 55, 57, 59, 61 ], [ 2, 5, 6, 7, 11, 12, 15, 19, 23, 24, 25, 27, 31, 32, 34, 35, 39, 40, 41, 
      42, 43, 44, 46, 48, 50, 51, 52, 53, 54, 55, 56, 57, 59 ], [ 2, 3, 5, 6, 7, 11, 12, 13, 14, 15, 18, 19, 21, 23, 24, 25, 27, 
      31, 32, 34, 38, 40, 41, 43, 46, 48, 51, 52, 53, 54, 55, 58, 59 ], 
  [ 1, 3, 8, 12, 13, 14, 15, 19, 21, 23, 25, 26, 28, 31, 32, 38, 40, 41, 43, 44, 45, 46, 48, 49, 50, 51, 52, 53, 54, 55, 56, 57, 
      58 ], [ 1, 4, 5, 7, 14, 15, 16, 18, 19, 24, 25, 26, 30, 31, 33, 34, 35, 39, 40, 41, 42, 43, 44, 46, 47, 48, 50, 51, 52, 
      53, 56, 57, 59 ], [ 2, 4, 5, 7, 14, 15, 16, 18, 19, 24, 25, 27, 30, 31, 33, 34, 35, 39, 40, 41, 42, 43, 44, 46, 47, 48, 
      50, 51, 52, 53, 56, 57, 59 ], [ 2, 4, 5, 6, 7, 9, 14, 15, 18, 19, 21, 23, 24, 25, 27, 30, 31, 33, 35, 39, 41, 43, 44, 46, 
      48, 49, 50, 52, 53, 54, 55, 56, 57 ], [ 2, 4, 5, 6, 7, 9, 11, 14, 15, 18, 19, 20, 21, 23, 24, 25, 27, 30, 33, 34, 35, 39, 
      40, 42, 43, 44, 46, 48, 50, 53, 55, 57, 59 ], [ 2, 4, 6, 8, 9, 14, 15, 18, 19, 20, 21, 22, 23, 24, 25, 27, 30, 33, 36, 38, 
      39, 40, 43, 44, 45, 46, 48, 49, 50, 52, 54, 55, 61 ], [ 2, 3, 6, 8, 13, 14, 15, 18, 19, 20, 21, 22, 23, 25, 27, 28, 30, 
      32, 36, 38, 40, 43, 44, 45, 46, 48, 49, 50, 52, 54, 55, 58, 61 ], 
  [ 1, 4, 5, 7, 9, 11, 12, 14, 15, 19, 20, 21, 22, 23, 24, 25, 26, 33, 34, 35, 36, 39, 40, 42, 43, 44, 46, 48, 50, 52, 54, 55, 
      59, 61 ], [ 2, 4, 5, 6, 7, 9, 10, 12, 14, 15, 16, 17, 19, 23, 24, 25, 27, 31, 33, 35, 37, 39, 41, 43, 44, 46, 47, 49, 50, 
      52, 53, 56, 57, 60 ], [ 2, 4, 6, 8, 9, 12, 14, 15, 19, 21, 23, 24, 25, 27, 31, 33, 38, 39, 40, 41, 43, 44, 45, 46, 48, 49, 
      50, 51, 52, 53, 54, 55, 56, 57 ], [ 2, 4, 5, 6, 7, 9, 11, 12, 14, 15, 19, 20, 21, 22, 23, 24, 25, 27, 33, 34, 35, 36, 37, 
      40, 43, 44, 46, 49, 52, 53, 54, 55, 59, 61 ], [ 2, 4, 5, 6, 7, 9, 11, 14, 15, 18, 19, 20, 21, 22, 23, 24, 25, 27, 33, 34, 
      35, 36, 37, 40, 43, 44, 46, 49, 52, 53, 54, 55, 59, 61 ], 
  [ 1, 3, 5, 7, 11, 12, 13, 14, 15, 19, 20, 21, 22, 23, 25, 26, 28, 32, 34, 35, 36, 40, 42, 43, 44, 46, 48, 50, 52, 54, 55, 58, 
      59, 61 ], [ 2, 3, 6, 8, 12, 13, 14, 15, 19, 21, 23, 25, 27, 28, 31, 32, 38, 40, 41, 43, 44, 45, 46, 48, 49, 50, 51, 52, 
      53, 54, 55, 56, 57, 58 ], [ 1, 4, 5, 7, 14, 15, 16, 18, 19, 20, 22, 24, 25, 26, 30, 33, 34, 35, 39, 40, 42, 43, 44, 46, 
      47, 48, 49, 50, 52, 53, 55, 57, 59, 61 ], [ 1, 4, 5, 7, 9, 10, 14, 15, 16, 17, 18, 19, 23, 24, 25, 26, 30, 31, 33, 35, 37, 
      39, 41, 43, 44, 46, 47, 49, 50, 52, 53, 56, 57, 60 ], [ 1, 4, 8, 9, 14, 15, 18, 19, 21, 23, 24, 25, 26, 30, 31, 33, 38, 
      39, 40, 41, 43, 44, 45, 46, 48, 49, 50, 51, 52, 53, 54, 55, 56, 57 ], 
  [ 2, 4, 5, 7, 14, 15, 16, 18, 19, 20, 22, 24, 25, 27, 30, 33, 34, 35, 39, 40, 42, 43, 44, 46, 47, 48, 49, 50, 52, 53, 55, 57, 
      59, 61 ], [ 2, 5, 6, 7, 11, 15, 18, 19, 23, 24, 25, 27, 30, 31, 32, 34, 35, 39, 40, 41, 42, 43, 44, 46, 48, 50, 51, 52, 
      53, 54, 55, 56, 57, 59 ], [ 1, 3, 8, 13, 14, 15, 18, 19, 21, 23, 25, 26, 28, 30, 31, 32, 38, 40, 41, 43, 44, 45, 46, 48, 
      49, 50, 51, 52, 53, 54, 55, 56, 57, 58 ], [ 2, 4, 5, 6, 7, 9, 11, 12, 14, 15, 19, 20, 21, 22, 23, 24, 25, 27, 33, 34, 35, 
      36, 39, 40, 42, 43, 44, 46, 48, 50, 52, 54, 55, 59, 61 ], [ 2, 3, 5, 6, 7, 11, 12, 13, 14, 15, 19, 20, 21, 22, 23, 25, 27, 
      28, 32, 34, 35, 36, 40, 42, 43, 44, 46, 48, 50, 52, 54, 55, 58, 59, 61 ], 
  [ 1, 4, 5, 7, 9, 11, 14, 15, 18, 19, 20, 21, 22, 23, 24, 25, 26, 30, 33, 34, 35, 36, 39, 40, 42, 43, 44, 46, 48, 50, 52, 54, 
      55, 59, 61 ], [ 2, 4, 5, 6, 7, 9, 10, 14, 15, 16, 17, 18, 19, 23, 24, 25, 27, 30, 31, 33, 35, 37, 39, 41, 43, 44, 46, 47, 
      49, 50, 52, 53, 56, 57, 60 ], [ 2, 4, 6, 8, 9, 14, 15, 18, 19, 21, 23, 24, 25, 27, 30, 31, 33, 38, 39, 40, 41, 43, 44, 45, 
      46, 48, 49, 50, 51, 52, 53, 54, 55, 56, 57 ], [ 1, 3, 5, 7, 11, 13, 14, 15, 18, 19, 20, 21, 22, 23, 25, 26, 28, 30, 32, 
      34, 35, 36, 40, 42, 43, 44, 46, 48, 50, 52, 54, 55, 58, 59, 61 ], 
  [ 2, 3, 6, 8, 13, 14, 15, 18, 19, 21, 23, 25, 27, 28, 30, 31, 32, 38, 40, 41, 43, 44, 45, 46, 48, 49, 50, 51, 52, 53, 54, 55, 
      56, 57, 58 ], [ 1, 4, 5, 7, 9, 11, 12, 14, 15, 19, 21, 23, 24, 25, 26, 31, 33, 34, 35, 39, 40, 41, 42, 43, 44, 46, 48, 50, 
      51, 52, 53, 54, 55, 56, 57, 59 ], [ 1, 3, 5, 7, 11, 12, 13, 14, 15, 19, 21, 23, 25, 26, 28, 31, 32, 34, 35, 40, 41, 42, 
      43, 44, 46, 48, 50, 51, 52, 53, 54, 55, 56, 57, 58, 59 ], 
  [ 1, 3, 5, 7, 11, 12, 13, 14, 15, 18, 19, 21, 23, 24, 25, 26, 28, 31, 32, 34, 35, 37, 38, 40, 41, 43, 44, 46, 48, 51, 52, 53, 
      54, 56, 58, 59 ], [ 2, 4, 5, 6, 7, 9, 11, 14, 15, 18, 19, 20, 21, 22, 23, 24, 25, 27, 30, 33, 34, 35, 36, 39, 40, 42, 43, 
      44, 46, 48, 50, 52, 54, 55, 59, 61 ], [ 2, 3, 5, 6, 7, 11, 13, 14, 15, 18, 19, 20, 21, 22, 23, 25, 27, 28, 30, 32, 34, 35, 
      36, 40, 42, 43, 44, 46, 48, 50, 52, 54, 55, 58, 59, 61 ], [ 2, 4, 5, 6, 7, 9, 11, 12, 14, 15, 19, 21, 23, 24, 25, 27, 31, 
      33, 34, 35, 39, 40, 41, 42, 43, 44, 46, 48, 50, 51, 52, 53, 54, 55, 56, 57, 59 ], 
  [ 2, 3, 5, 6, 7, 11, 12, 13, 14, 15, 19, 21, 23, 25, 27, 28, 31, 32, 34, 35, 40, 41, 42, 43, 44, 46, 48, 50, 51, 52, 53, 54, 
      55, 56, 57, 58, 59 ], [ 2, 3, 5, 6, 7, 11, 12, 13, 14, 15, 18, 19, 21, 23, 24, 25, 27, 28, 31, 32, 34, 35, 37, 38, 40, 41, 
      43, 44, 46, 48, 51, 52, 53, 54, 56, 58, 59 ], [ 1, 3, 8, 12, 13, 14, 19, 20, 21, 25, 26, 27, 28, 31, 32, 33, 34, 38, 40, 
      41, 43, 44, 45, 46, 47, 48, 49, 50, 51, 52, 53, 54, 55, 56, 57, 58, 61 ], 
  [ 1, 4, 5, 7, 9, 11, 14, 15, 18, 19, 21, 23, 24, 25, 26, 30, 31, 33, 34, 35, 39, 40, 41, 42, 43, 44, 46, 48, 50, 51, 52, 53, 
      54, 55, 56, 57, 59 ], [ 1, 2, 3, 4, 5, 6, 7, 8, 9, 10, 12, 14, 15, 17, 18, 19, 20, 21, 23, 24, 25, 27, 30, 31, 33, 38, 39, 
      41, 43, 46, 48, 49, 50, 53, 55, 57, 58 ], [ 1, 3, 5, 7, 11, 13, 14, 15, 18, 19, 21, 23, 25, 26, 28, 30, 31, 32, 34, 35, 
      40, 41, 42, 43, 44, 46, 48, 50, 51, 52, 53, 54, 55, 56, 57, 58, 59 ], 
  [ 1, 3, 5, 7, 11, 12, 13, 14, 15, 18, 19, 20, 21, 22, 23, 24, 25, 26, 28, 32, 34, 35, 36, 37, 38, 40, 43, 44, 46, 48, 49, 52, 
      53, 54, 55, 58, 59, 61 ], [ 2, 4, 5, 6, 7, 9, 11, 14, 15, 18, 19, 21, 23, 24, 25, 27, 30, 31, 33, 34, 35, 39, 40, 41, 42, 
      43, 44, 46, 48, 50, 51, 52, 53, 54, 55, 56, 57, 59 ], [ 1, 3, 5, 7, 10, 12, 14, 15, 16, 17, 18, 19, 23, 24, 25, 26, 28, 
      30, 31, 32, 35, 37, 38, 39, 41, 43, 44, 46, 47, 48, 49, 50, 52, 53, 56, 57, 58, 60 ], 
  [ 2, 3, 5, 6, 7, 11, 13, 14, 15, 18, 19, 21, 23, 25, 27, 28, 30, 31, 32, 34, 35, 40, 41, 42, 43, 44, 46, 48, 50, 51, 52, 53, 
      54, 55, 56, 57, 58, 59 ], [ 1, 3, 8, 13, 14, 18, 19, 20, 21, 25, 26, 27, 28, 30, 31, 32, 33, 34, 38, 40, 41, 43, 44, 45, 
      46, 47, 48, 49, 50, 51, 52, 53, 54, 55, 56, 57, 58, 61 ], 
  [ 2, 4, 5, 7, 12, 15, 16, 19, 22, 24, 25, 26, 27, 31, 32, 33, 34, 35, 39, 40, 41, 42, 43, 44, 45, 46, 47, 48, 49, 50, 51, 52, 
      53, 54, 55, 56, 57, 59, 61 ], [ 2, 3, 5, 6, 7, 11, 12, 13, 14, 15, 18, 19, 20, 21, 22, 23, 24, 25, 27, 28, 32, 34, 35, 36, 
      37, 38, 40, 43, 44, 46, 48, 49, 52, 53, 54, 55, 58, 59, 61 ], 
  [ 1, 4, 5, 7, 9, 10, 11, 12, 14, 15, 16, 17, 19, 23, 24, 25, 26, 29, 31, 33, 34, 35, 37, 39, 40, 41, 42, 43, 44, 46, 47, 50, 
      51, 52, 53, 56, 57, 59, 60 ], [ 2, 3, 5, 6, 7, 10, 12, 14, 15, 16, 17, 18, 19, 23, 24, 25, 27, 28, 30, 31, 32, 35, 37, 38, 
      39, 41, 43, 44, 46, 47, 48, 49, 50, 52, 53, 56, 57, 58, 60 ], 
  [ 1, 2, 3, 4, 5, 7, 8, 12, 13, 14, 15, 18, 19, 20, 21, 22, 24, 25, 26, 27, 31, 32, 33, 34, 38, 40, 41, 43, 45, 46, 48, 49, 51, 
      52, 53, 54, 55, 58, 59, 61 ], [ 2, 4, 5, 6, 7, 9, 10, 11, 12, 14, 15, 16, 17, 19, 23, 24, 25, 27, 29, 31, 33, 34, 35, 37, 
      39, 40, 41, 42, 43, 44, 46, 47, 50, 51, 52, 53, 56, 57, 59, 60 ], 
  [ 2, 4, 5, 7, 15, 16, 18, 19, 22, 24, 25, 26, 27, 30, 31, 32, 33, 34, 35, 39, 40, 41, 42, 43, 44, 45, 46, 47, 48, 49, 50, 51, 
      52, 53, 54, 55, 56, 57, 59, 61 ], [ 1, 4, 5, 7, 9, 10, 11, 14, 15, 16, 17, 18, 19, 23, 24, 25, 26, 29, 30, 31, 33, 34, 35, 
      37, 39, 40, 41, 42, 43, 44, 46, 47, 50, 51, 52, 53, 56, 57, 59, 60 ], 
  [ 1, 4, 5, 7, 9, 10, 11, 12, 14, 15, 16, 17, 19, 20, 22, 23, 24, 25, 26, 29, 33, 34, 35, 36, 37, 39, 40, 42, 43, 44, 46, 47, 
      49, 50, 52, 53, 55, 57, 59, 60, 61 ], [ 2, 4, 5, 6, 7, 9, 10, 11, 14, 15, 16, 17, 18, 19, 23, 24, 25, 27, 29, 30, 31, 33, 
      34, 35, 37, 39, 40, 41, 42, 43, 44, 46, 47, 50, 51, 52, 53, 56, 57, 59, 60 ], 
  [ 2, 4, 5, 6, 7, 9, 10, 11, 12, 14, 15, 16, 17, 19, 20, 22, 23, 24, 25, 27, 29, 33, 34, 35, 36, 37, 39, 40, 42, 43, 44, 46, 
      47, 49, 50, 52, 53, 55, 57, 59, 60, 61 ], [ 1, 2, 3, 4, 5, 7, 8, 10, 12, 13, 14, 15, 16, 17, 18, 19, 20, 22, 24, 25, 26, 
      27, 29, 31, 32, 33, 34, 37, 38, 40, 41, 43, 45, 46, 47, 49, 51, 52, 53, 58, 59, 61 ], 
  [ 1, 4, 5, 7, 9, 10, 11, 14, 15, 16, 17, 18, 19, 20, 22, 23, 24, 25, 26, 29, 30, 33, 34, 35, 36, 37, 39, 40, 42, 43, 44, 46, 
      47, 49, 50, 52, 53, 55, 57, 59, 60, 61 ], [ 1, 2, 3, 4, 5, 6, 7, 8, 9, 10, 12, 14, 15, 17, 18, 19, 20, 21, 22, 23, 24, 25, 
      26, 27, 30, 31, 32, 33, 36, 38, 39, 41, 43, 45, 46, 48, 49, 50, 52, 54, 55, 58, 61 ], 
  [ 2, 4, 5, 6, 7, 9, 10, 11, 14, 15, 16, 17, 18, 19, 20, 22, 23, 24, 25, 27, 29, 30, 33, 34, 35, 36, 37, 39, 40, 42, 43, 44, 
      46, 47, 49, 50, 52, 53, 55, 57, 59, 60, 61 ], [ 1, 2, 3, 4, 5, 6, 7, 8, 9, 10, 12, 14, 15, 16, 17, 18, 19, 20, 21, 23, 24, 
      25, 27, 28, 30, 31, 33, 35, 37, 38, 39, 41, 43, 44, 46, 47, 48, 49, 50, 53, 56, 57, 58, 60 ], 
  [ 1, 3, 5, 7, 10, 11, 12, 13, 14, 15, 16, 17, 18, 19, 23, 24, 25, 26, 28, 29, 30, 31, 32, 34, 35, 37, 38, 39, 40, 41, 42, 43, 
      44, 46, 47, 48, 50, 51, 52, 53, 56, 57, 58, 59, 60 ], [ 1, 2, 3, 4, 5, 7, 8, 12, 13, 14, 15, 16, 19, 20, 21, 22, 25, 26, 
      27, 28, 31, 32, 33, 34, 35, 40, 41, 42, 43, 44, 45, 46, 47, 48, 49, 50, 51, 52, 53, 54, 55, 56, 57, 58, 59, 61 ], 
  [ 1, 2, 3, 4, 5, 7, 8, 12, 13, 14, 15, 16, 18, 19, 20, 21, 22, 24, 25, 26, 27, 28, 31, 32, 33, 34, 35, 37, 38, 40, 41, 43, 44, 
      45, 46, 47, 48, 49, 51, 52, 53, 54, 56, 58, 59, 61 ], [ 1, 2, 3, 4, 5, 6, 7, 8, 9, 10, 11, 12, 13, 14, 15, 16, 17, 18, 19, 
      20, 21, 22, 23, 24, 25, 28, 29, 30, 35, 36, 37, 38, 39, 40, 42, 43, 44, 48, 49, 50, 53, 55, 57, 58, 59, 60 ], 
  [ 2, 3, 5, 6, 7, 10, 11, 12, 13, 14, 15, 16, 17, 18, 19, 23, 24, 25, 27, 28, 29, 30, 31, 32, 34, 35, 37, 38, 39, 40, 41, 42, 
      43, 44, 46, 47, 48, 50, 51, 52, 53, 56, 57, 58, 59, 60 ], 
  [ 1, 2, 3, 4, 5, 7, 8, 13, 14, 15, 16, 18, 19, 20, 21, 22, 25, 26, 27, 28, 30, 31, 32, 33, 34, 35, 40, 41, 42, 43, 44, 45, 46, 
      47, 48, 49, 50, 51, 52, 53, 54, 55, 56, 57, 58, 59, 61 ], 
  [ 1, 3, 5, 7, 10, 11, 12, 13, 14, 15, 16, 17, 18, 19, 20, 22, 23, 24, 25, 26, 28, 29, 30, 32, 34, 35, 36, 37, 38, 39, 40, 42, 
      43, 44, 46, 47, 48, 49, 50, 52, 53, 55, 57, 58, 59, 60, 61 ], 
  [ 2, 4, 5, 6, 7, 9, 10, 11, 12, 15, 16, 17, 19, 22, 23, 24, 25, 26, 27, 29, 31, 32, 33, 34, 35, 36, 37, 39, 40, 41, 42, 43, 
      44, 45, 46, 47, 49, 50, 51, 52, 53, 54, 55, 56, 57, 59, 60, 61 ], 
  [ 1, 2, 3, 4, 5, 6, 7, 8, 9, 10, 11, 12, 13, 14, 15, 17, 18, 19, 20, 21, 22, 23, 24, 25, 26, 27, 29, 31, 32, 33, 34, 36, 37, 
      38, 40, 41, 43, 45, 46, 49, 51, 52, 53, 54, 55, 58, 59, 61 ], 
  [ 1, 3, 5, 6, 7, 9, 10, 11, 12, 14, 17, 18, 19, 20, 21, 23, 24, 25, 26, 27, 28, 30, 31, 32, 33, 34, 35, 36, 37, 38, 39, 41, 
      43, 44, 46, 47, 48, 49, 50, 52, 53, 54, 55, 56, 57, 58, 60, 61 ], 
  [ 2, 3, 5, 6, 7, 10, 11, 12, 13, 14, 15, 16, 17, 18, 19, 20, 22, 23, 24, 25, 27, 28, 29, 30, 32, 34, 35, 36, 37, 38, 39, 40, 
      42, 43, 44, 46, 47, 48, 49, 50, 52, 53, 55, 57, 58, 59, 60, 61 ], 
  [ 2, 3, 5, 6, 10, 11, 12, 13, 15, 16, 18, 19, 22, 23, 24, 26, 27, 28, 29, 30, 31, 32, 34, 35, 36, 37, 38, 39, 40, 42, 43, 44, 
      45, 46, 47, 48, 49, 50, 51, 52, 53, 54, 55, 56, 57, 59, 60, 61 ], 
  [ 2, 4, 5, 6, 7, 9, 10, 11, 15, 16, 17, 18, 19, 22, 23, 24, 25, 26, 27, 29, 30, 31, 32, 33, 34, 35, 36, 37, 39, 40, 41, 42, 
      43, 44, 45, 46, 47, 49, 50, 51, 52, 53, 54, 55, 56, 57, 59, 60, 61 ], 
  [ 1, 2, 3, 4, 5, 6, 7, 8, 9, 10, 12, 14, 15, 16, 17, 18, 19, 20, 21, 22, 23, 24, 25, 26, 27, 28, 30, 31, 32, 33, 35, 36, 37, 
      38, 39, 41, 43, 44, 45, 46, 47, 48, 49, 50, 52, 54, 56, 58, 60, 61 ], 
  [ 1, 4, 7, 8, 9, 11, 12, 13, 14, 15, 16, 17, 20, 21, 22, 23, 24, 25, 26, 28, 29, 32, 33, 34, 35, 36, 37, 38, 39, 40, 41, 42, 
      43, 44, 45, 46, 47, 48, 49, 50, 51, 52, 53, 54, 55, 56, 57, 58, 59, 60, 61 ], 
  [ 1, 2, 3, 4, 5, 6, 7, 8, 9, 10, 11, 12, 13, 14, 15, 16, 17, 18, 19, 20, 21, 23, 24, 25, 27, 28, 29, 30, 31, 33, 34, 35, 37, 
      38, 39, 40, 41, 42, 43, 44, 46, 47, 48, 50, 51, 53, 56, 57, 58, 59, 60 ], 
  [ 2, 4, 6, 7, 8, 9, 11, 12, 13, 14, 15, 16, 17, 20, 21, 22, 23, 24, 25, 27, 28, 29, 32, 33, 34, 35, 36, 37, 38, 39, 40, 41, 
      42, 43, 44, 45, 46, 47, 48, 49, 50, 51, 52, 53, 54, 55, 56, 57, 58, 59, 60, 61 ], 
  [ 1, 4, 7, 8, 9, 11, 13, 14, 15, 16, 17, 18, 20, 21, 22, 23, 24, 25, 26, 28, 29, 30, 32, 33, 34, 35, 36, 37, 38, 39, 40, 41, 
      42, 43, 44, 45, 46, 47, 48, 49, 50, 51, 52, 53, 54, 55, 56, 57, 58, 59, 60, 61 ], 
  [ 2, 4, 6, 7, 8, 9, 11, 13, 14, 15, 16, 17, 18, 20, 21, 22, 23, 24, 25, 27, 28, 29, 30, 32, 33, 34, 35, 36, 37, 38, 39, 40, 
      41, 42, 43, 44, 45, 46, 47, 48, 49, 50, 51, 52, 53, 54, 55, 56, 57, 58, 59, 60, 61 ], 
  [ 1, 2, 3, 4, 5, 6, 7, 8, 9, 10, 11, 12, 13, 14, 15, 16, 17, 18, 19, 21, 22, 23, 24, 25, 26, 28, 29, 30, 31, 32, 35, 36, 37, 
      38, 39, 40, 41, 42, 43, 44, 45, 48, 49, 50, 51, 52, 53, 54, 55, 56, 57, 58, 59, 60 ], 
  [ 1, 2, 3, 4, 5, 6, 7, 8, 9, 10, 11, 12, 13, 14, 15, 16, 17, 19, 20, 21, 22, 23, 25, 26, 27, 28, 29, 31, 32, 33, 34, 35, 36, 
      37, 40, 41, 42, 43, 44, 45, 46, 47, 49, 50, 51, 52, 53, 54, 55, 56, 57, 58, 59, 60, 61 ], 
  [ 1, 2, 3, 4, 5, 6, 8, 9, 10, 11, 12, 13, 14, 15, 16, 18, 19, 20, 21, 22, 23, 24, 26, 27, 28, 29, 30, 31, 33, 34, 35, 36, 37, 
      38, 39, 40, 42, 43, 44, 45, 46, 47, 48, 49, 50, 51, 52, 53, 54, 55, 56, 57, 59, 60, 61 ], 
  [ 1, 2, 3, 4, 5, 6, 7, 8, 9, 10, 11, 13, 14, 15, 16, 17, 18, 19, 20, 21, 22, 23, 25, 26, 27, 28, 29, 30, 31, 32, 33, 34, 35, 
      36, 37, 40, 41, 42, 43, 44, 45, 46, 47, 49, 50, 51, 52, 53, 54, 55, 56, 57, 58, 59, 60, 61 ], 
  [ 1, 2, 3, 4, 5, 6, 7, 8, 9, 10, 11, 12, 13, 14, 15, 16, 17, 18, 20, 21, 22, 23, 24, 26, 27, 28, 29, 30, 31, 32, 33, 34, 35, 
      36, 37, 38, 39, 41, 42, 43, 45, 46, 47, 48, 49, 50, 51, 52, 53, 54, 55, 56, 57, 58, 59, 60, 61 ], 
  [ 1, 2, 3, 4, 5, 6, 7, 8, 9, 10, 11, 12, 13, 14, 15, 16, 17, 18, 19, 20, 21, 22, 23, 24, 25, 26, 27, 28, 29, 30, 31, 32, 33, 
      34, 35, 36, 37, 38, 39, 40, 41, 42, 43, 44, 45, 46, 47, 48, 50, 51, 52, 54, 56, 58, 59, 60, 61 ], 
  [ 1, 2, 3, 4, 5, 6, 7, 8, 9, 10, 11, 12, 13, 14, 16, 17, 18, 19, 20, 21, 22, 24, 25, 26, 27, 28, 29, 30, 31, 32, 33, 34, 35, 
      36, 37, 38, 39, 40, 41, 42, 43, 44, 45, 47, 48, 49, 50, 51, 52, 53, 54, 55, 56, 57, 58, 59, 60, 61 ], 
  [ 1, 2, 3, 4, 5, 6, 7, 8, 9, 10, 11, 12, 13, 15, 16, 17, 18, 19, 20, 21, 22, 23, 24, 25, 26, 27, 28, 29, 30, 31, 32, 33, 34, 
      35, 36, 37, 38, 39, 40, 41, 42, 43, 44, 45, 46, 47, 48, 49, 50, 51, 53, 54, 55, 56, 57, 58, 59, 60, 61 ], 
  [ 1, 2, 3, 4, 5, 6, 7, 8, 9, 10, 11, 12, 13, 14, 15, 16, 17, 18, 19, 20, 21, 22, 23, 24, 25, 26, 27, 28, 29, 30, 31, 32, 33, 
      34, 35, 36, 37, 38, 39, 40, 41, 42, 44, 45, 46, 47, 48, 49, 51, 52, 53, 54, 55, 56, 57, 58, 59, 60, 61 ] ];
