return [ [ 1, 4, 8, 9, 13, 15, 18, 22, 23, 24, 27, 29, 35, 36, 37, 38, 42, 45, 48 ], 
  [ 3, 4, 8, 9, 13, 15, 18, 22, 23, 24, 27, 29, 35, 36, 37, 38, 42, 45, 48 ], 
  [ 1, 6, 8, 9, 10, 12, 14, 15, 17, 18, 19, 21, 24, 34, 37, 38, 42, 44, 46, 50 ], 
  [ 3, 6, 8, 9, 10, 12, 14, 15, 17, 18, 19, 21, 24, 34, 37, 38, 42, 44, 46, 50 ], 
  [ 1, 4, 5, 9, 15, 17, 19, 20, 23, 24, 28, 36, 37, 38, 40, 42, 43, 47, 48, 49 ], 
  [ 1, 2, 4, 8, 9, 11, 13, 15, 18, 22, 24, 27, 29, 35, 36, 37, 38, 42, 45, 48 ], 
  [ 2, 3, 4, 8, 9, 11, 13, 15, 18, 22, 24, 27, 29, 35, 36, 37, 38, 42, 45, 48 ], 
  [ 1, 4, 8, 9, 10, 11, 13, 15, 18, 20, 22, 29, 30, 35, 37, 38, 42, 45, 46, 48 ], 
  [ 3, 4, 8, 9, 10, 11, 13, 15, 18, 20, 22, 29, 30, 35, 37, 38, 42, 45, 46, 48 ], 
  [ 1, 2, 8, 9, 10, 11, 12, 14, 15, 17, 18, 19, 21, 24, 34, 37, 38, 42, 44, 46, 50 ], 
  [ 2, 3, 8, 9, 10, 11, 12, 14, 15, 17, 18, 19, 21, 24, 34, 37, 38, 42, 44, 46, 50 ], 
  [ 1, 8, 9, 10, 11, 12, 15, 17, 19, 20, 21, 25, 34, 37, 38, 42, 43, 44, 46, 47, 48 ], 
  [ 1, 2, 4, 5, 9, 11, 15, 17, 19, 20, 24, 28, 36, 37, 38, 40, 42, 43, 47, 48, 49 ], 
  [ 3, 4, 5, 9, 15, 16, 17, 19, 20, 23, 24, 28, 36, 37, 38, 40, 42, 43, 47, 48, 49 ], 
  [ 1, 4, 6, 8, 9, 10, 13, 15, 18, 20, 22, 23, 29, 30, 35, 37, 38, 42, 45, 46, 48 ], 
  [ 3, 4, 6, 8, 9, 10, 13, 15, 18, 20, 22, 23, 29, 30, 35, 37, 38, 42, 45, 46, 48 ], 
  [ 3, 8, 9, 10, 11, 12, 15, 16, 17, 19, 20, 21, 25, 34, 37, 38, 42, 43, 44, 46, 47, 48 ], 
  [ 1, 6, 8, 9, 10, 12, 15, 17, 19, 20, 21, 23, 25, 34, 37, 38, 42, 43, 44, 46, 47, 48 ], 
  [ 2, 3, 4, 5, 9, 11, 15, 16, 17, 19, 20, 24, 28, 36, 37, 38, 40, 42, 43, 47, 48, 49 ], 
  [ 1, 4, 8, 9, 11, 13, 15, 17, 18, 19, 20, 22, 25, 29, 33, 36, 37, 38, 42, 45, 47, 48 ], 
  [ 1, 4, 8, 9, 13, 15, 17, 18, 19, 20, 22, 23, 25, 29, 33, 36, 37, 38, 42, 45, 47, 48 ], 
  [ 1, 8, 9, 11, 12, 15, 17, 19, 20, 21, 25, 31, 34, 36, 37, 38, 42, 43, 44, 46, 47, 48, 50 ], 
  [ 1, 2, 8, 9, 10, 11, 12, 13, 14, 15, 17, 18, 21, 22, 25, 33, 38, 41, 42, 44, 45, 46, 47 ], 
  [ 3, 6, 8, 9, 10, 12, 15, 16, 17, 19, 20, 21, 23, 25, 34, 37, 38, 42, 43, 44, 46, 47, 48 ], 
  [ 1, 2, 8, 9, 10, 11, 12, 13, 14, 15, 18, 21, 22, 24, 27, 35, 37, 38, 42, 44, 45, 46, 48 ], 
  [ 2, 3, 8, 9, 10, 11, 12, 13, 14, 15, 18, 21, 22, 24, 27, 35, 37, 38, 42, 44, 45, 46, 48 ], 
  [ 1, 6, 8, 9, 10, 12, 13, 14, 15, 18, 21, 22, 23, 24, 27, 35, 37, 38, 42, 44, 45, 46, 48 ], 
  [ 3, 6, 8, 9, 10, 12, 13, 14, 15, 18, 21, 22, 23, 24, 27, 35, 37, 38, 42, 44, 45, 46, 48 ], 
  [ 3, 4, 8, 9, 11, 13, 15, 16, 17, 18, 19, 20, 22, 25, 29, 33, 36, 37, 38, 42, 45, 47, 48 ], 
  [ 3, 4, 8, 9, 13, 15, 16, 17, 18, 19, 20, 22, 23, 25, 29, 33, 36, 37, 38, 42, 45, 47, 48 ], 
  [ 1, 4, 8, 9, 13, 15, 17, 18, 19, 22, 23, 24, 25, 27, 29, 33, 36, 37, 38, 42, 45, 47, 48 ], 
  [ 1, 2, 4, 5, 7, 9, 10, 11, 15, 20, 24, 28, 30, 34, 35, 37, 38, 40, 42, 43, 46, 48, 49 ], 
  [ 2, 3, 4, 5, 7, 9, 10, 11, 15, 20, 24, 28, 30, 34, 35, 37, 38, 40, 42, 43, 46, 48, 49 ], 
  [ 1, 4, 5, 6, 7, 9, 10, 15, 20, 23, 24, 28, 30, 34, 35, 37, 38, 40, 42, 43, 46, 48, 49 ], 
  [ 3, 4, 5, 6, 7, 9, 10, 15, 20, 23, 24, 28, 30, 34, 35, 37, 38, 40, 42, 43, 46, 48, 49 ], 
  [ 1, 2, 5, 9, 10, 11, 12, 15, 17, 19, 20, 21, 24, 34, 37, 38, 40, 42, 43, 44, 46, 47, 48, 49 ], 
  [ 1, 5, 6, 9, 10, 12, 15, 17, 19, 20, 21, 23, 24, 34, 37, 38, 40, 42, 43, 44, 46, 47, 48, 49 ], 
  [ 1, 2, 8, 9, 10, 11, 12, 14, 15, 17, 18, 19, 21, 25, 31, 33, 34, 38, 41, 42, 44, 46, 47, 50 ], 
  [ 3, 8, 9, 11, 12, 15, 16, 17, 19, 20, 21, 25, 31, 34, 36, 37, 38, 42, 43, 44, 46, 47, 48, 50 ], 
  [ 2, 3, 8, 9, 10, 11, 12, 13, 14, 15, 16, 17, 18, 21, 22, 25, 33, 38, 41, 42, 44, 45, 46, 47 ], 
  [ 1, 8, 9, 10, 11, 12, 13, 15, 17, 18, 19, 20, 21, 22, 25, 33, 37, 38, 42, 44, 45, 46, 47, 48 ], 
  [ 1, 6, 8, 9, 12, 15, 17, 19, 20, 21, 23, 25, 31, 34, 36, 37, 38, 42, 43, 44, 46, 47, 48, 50 ], 
  [ 1, 2, 8, 9, 10, 11, 12, 14, 15, 17, 19, 21, 24, 25, 27, 34, 37, 38, 42, 43, 44, 46, 47, 48 ], 
  [ 1, 6, 8, 9, 10, 12, 14, 15, 17, 19, 21, 23, 24, 25, 27, 34, 37, 38, 42, 43, 44, 46, 47, 48 ], 
  [ 1, 2, 8, 9, 10, 11, 12, 13, 14, 15, 18, 19, 21, 22, 25, 26, 27, 32, 33, 38, 42, 46, 47, 48 ], 
  [ 1, 2, 4, 8, 9, 11, 13, 15, 17, 18, 19, 22, 24, 25, 27, 29, 33, 36, 37, 38, 42, 45, 47, 48 ], 
  [ 3, 4, 8, 9, 13, 15, 16, 17, 18, 19, 22, 23, 24, 25, 27, 29, 33, 36, 37, 38, 42, 45, 47, 48 ], 
  [ 1, 4, 8, 9, 10, 11, 13, 15, 17, 18, 19, 20, 22, 25, 29, 30, 33, 37, 38, 42, 45, 46, 47, 48 ], 
  [ 1, 2, 4, 7, 8, 9, 10, 11, 13, 14, 15, 18, 22, 24, 27, 29, 30, 35, 37, 38, 42, 45, 46, 48 ], 
  [ 2, 3, 4, 7, 8, 9, 10, 11, 13, 14, 15, 18, 22, 24, 27, 29, 30, 35, 37, 38, 42, 45, 46, 48 ], 
  [ 1, 4, 6, 7, 8, 9, 10, 13, 14, 15, 18, 22, 23, 24, 27, 29, 30, 35, 37, 38, 42, 45, 46, 48 ], 
  [ 3, 4, 6, 7, 8, 9, 10, 13, 14, 15, 18, 22, 23, 24, 27, 29, 30, 35, 37, 38, 42, 45, 46, 48 ], 
  [ 2, 3, 5, 9, 10, 11, 12, 15, 16, 17, 19, 20, 21, 24, 34, 37, 38, 40, 42, 43, 44, 46, 47, 48, 49 ], 
  [ 1, 2, 3, 4, 5, 8, 9, 10, 11, 12, 13, 15, 17, 18, 19, 20, 21, 22, 24, 37, 38, 42, 46, 48, 49 ], 
  [ 3, 5, 6, 9, 10, 12, 15, 16, 17, 19, 20, 21, 23, 24, 34, 37, 38, 40, 42, 43, 44, 46, 47, 48, 49 ], 
  [ 1, 3, 4, 5, 6, 8, 9, 10, 12, 13, 15, 17, 18, 19, 20, 21, 22, 23, 24, 37, 38, 42, 46, 48, 49 ], 
  [ 2, 3, 8, 9, 10, 11, 12, 14, 15, 16, 17, 18, 19, 21, 25, 31, 33, 34, 38, 41, 42, 44, 46, 47, 50 ], 
  [ 3, 8, 9, 10, 11, 12, 13, 15, 16, 17, 18, 19, 20, 21, 22, 25, 33, 37, 38, 42, 44, 45, 46, 47, 48 ], 
  [ 3, 6, 8, 9, 12, 15, 16, 17, 19, 20, 21, 23, 25, 31, 34, 36, 37, 38, 42, 43, 44, 46, 47, 48, 50 ], 
  [ 1, 6, 8, 9, 10, 12, 13, 15, 17, 18, 19, 20, 21, 22, 23, 25, 33, 37, 38, 42, 44, 45, 46, 47, 48 ], 
  [ 1, 2, 8, 9, 10, 11, 12, 14, 15, 18, 19, 21, 24, 27, 34, 35, 36, 37, 38, 42, 43, 44, 46, 48, 50 ], 
  [ 2, 3, 8, 9, 10, 11, 12, 14, 15, 18, 19, 21, 24, 27, 34, 35, 36, 37, 38, 42, 43, 44, 46, 48, 50 ], 
  [ 1, 6, 8, 9, 10, 12, 14, 15, 18, 19, 21, 23, 24, 27, 34, 35, 36, 37, 38, 42, 43, 44, 46, 48, 50 ], 
  [ 3, 6, 8, 9, 10, 12, 14, 15, 18, 19, 21, 23, 24, 27, 34, 35, 36, 37, 38, 42, 43, 44, 46, 48, 50 ], 
  [ 2, 3, 8, 9, 10, 11, 12, 14, 15, 16, 17, 19, 21, 24, 25, 27, 34, 37, 38, 42, 43, 44, 46, 47, 48 ], 
  [ 3, 6, 8, 9, 10, 12, 14, 15, 16, 17, 19, 21, 23, 24, 25, 27, 34, 37, 38, 42, 43, 44, 46, 47, 48 ], 
  [ 2, 3, 8, 9, 10, 11, 12, 13, 14, 15, 16, 18, 19, 21, 22, 25, 26, 27, 32, 33, 38, 42, 46, 47, 48 ], 
  [ 1, 2, 8, 9, 11, 12, 13, 14, 15, 17, 18, 21, 22, 25, 29, 31, 33, 38, 41, 42, 44, 45, 46, 47, 50 ], 
  [ 1, 2, 8, 9, 11, 12, 13, 14, 15, 18, 21, 22, 24, 27, 29, 35, 36, 37, 38, 42, 44, 45, 46, 48, 50 ], 
  [ 2, 3, 8, 9, 11, 12, 13, 14, 15, 18, 21, 22, 24, 27, 29, 35, 36, 37, 38, 42, 44, 45, 46, 48, 50 ], 
  [ 1, 6, 8, 9, 12, 13, 14, 15, 18, 21, 22, 23, 24, 27, 29, 35, 36, 37, 38, 42, 44, 45, 46, 48, 50 ], 
  [ 3, 6, 8, 9, 12, 13, 14, 15, 18, 21, 22, 23, 24, 27, 29, 35, 36, 37, 38, 42, 44, 45, 46, 48, 50 ], 
  [ 2, 3, 4, 8, 9, 11, 13, 15, 16, 17, 18, 19, 22, 24, 25, 27, 29, 33, 36, 37, 38, 42, 45, 47, 48 ], 
  [ 1, 4, 5, 9, 13, 15, 17, 18, 19, 20, 22, 23, 24, 28, 29, 33, 36, 37, 38, 40, 42, 45, 47, 48, 49 ], 
  [ 1, 2, 4, 5, 7, 9, 10, 11, 15, 17, 19, 20, 24, 28, 30, 34, 37, 38, 40, 42, 43, 46, 47, 48, 49 ], 
  [ 1, 4, 5, 6, 7, 9, 10, 15, 17, 19, 20, 23, 24, 28, 30, 34, 37, 38, 40, 42, 43, 46, 47, 48, 49 ], 
  [ 3, 4, 8, 9, 10, 11, 13, 15, 16, 17, 18, 19, 20, 22, 25, 29, 30, 33, 37, 38, 42, 45, 46, 47, 48 ], 
  [ 1, 4, 6, 8, 9, 10, 13, 15, 17, 18, 19, 20, 22, 23, 25, 29, 30, 33, 37, 38, 42, 45, 46, 47, 48 ], 
  [ 3, 6, 8, 9, 10, 12, 13, 15, 16, 17, 18, 19, 20, 21, 22, 23, 25, 33, 37, 38, 42, 44, 45, 46, 47, 48 ], 
  [ 1, 2, 8, 9, 11, 12, 14, 15, 17, 19, 21, 24, 25, 27, 31, 34, 36, 37, 38, 42, 43, 44, 46, 47, 48, 50 ], 
  [ 1, 6, 8, 9, 12, 14, 15, 17, 19, 21, 23, 24, 25, 27, 31, 34, 36, 37, 38, 42, 43, 44, 46, 47, 48, 50 ], 
  [ 2, 3, 8, 9, 11, 12, 13, 14, 15, 16, 17, 18, 21, 22, 25, 29, 31, 33, 38, 41, 42, 44, 45, 46, 47, 50 ], 
  [ 1, 2, 4, 5, 9, 11, 13, 15, 17, 18, 19, 20, 22, 24, 28, 29, 33, 36, 37, 38, 40, 42, 45, 47, 48, 49 ], 
  [ 3, 4, 5, 9, 13, 15, 16, 17, 18, 19, 20, 22, 23, 24, 28, 29, 33, 36, 37, 38, 40, 42, 45, 47, 48, 49 ], 
  [ 2, 3, 4, 5, 7, 9, 10, 11, 15, 16, 17, 19, 20, 24, 28, 30, 34, 37, 38, 40, 42, 43, 46, 47, 48, 49 ], 
  [ 3, 4, 5, 6, 7, 9, 10, 15, 16, 17, 19, 20, 23, 24, 28, 30, 34, 37, 38, 40, 42, 43, 46, 47, 48, 49 ], 
  [ 3, 4, 6, 8, 9, 10, 13, 15, 16, 17, 18, 19, 20, 22, 23, 25, 29, 30, 33, 37, 38, 42, 45, 46, 47, 48 ], 
  [ 1, 2, 4, 5, 7, 9, 10, 11, 13, 15, 18, 20, 22, 24, 28, 29, 30, 35, 37, 38, 40, 42, 45, 46, 48, 49 ], 
  [ 2, 3, 4, 5, 7, 9, 10, 11, 13, 15, 18, 20, 22, 24, 28, 29, 30, 35, 37, 38, 40, 42, 45, 46, 48, 49 ], 
  [ 1, 4, 5, 6, 7, 9, 10, 13, 15, 18, 20, 22, 23, 24, 28, 29, 30, 35, 37, 38, 40, 42, 45, 46, 48, 49 ], 
  [ 3, 4, 5, 6, 7, 9, 10, 13, 15, 18, 20, 22, 23, 24, 28, 29, 30, 35, 37, 38, 40, 42, 45, 46, 48, 49 ], 
  [ 1, 2, 5, 9, 10, 11, 12, 13, 15, 17, 18, 19, 20, 21, 22, 24, 33, 37, 38, 40, 42, 44, 45, 46, 47, 48, 49 ], 
  [ 1, 5, 6, 9, 10, 12, 13, 15, 17, 18, 19, 20, 21, 22, 23, 24, 33, 37, 38, 40, 42, 44, 45, 46, 47, 48, 49 ], 
  [ 2, 3, 8, 9, 11, 12, 14, 15, 16, 17, 19, 21, 24, 25, 27, 31, 34, 36, 37, 38, 42, 43, 44, 46, 47, 48, 50 ], 
  [ 1, 2, 8, 9, 10, 11, 12, 13, 14, 15, 17, 18, 19, 21, 22, 24, 25, 27, 33, 37, 38, 42, 44, 45, 46, 47, 48 ], 
  [ 3, 6, 8, 9, 12, 14, 15, 16, 17, 19, 21, 23, 24, 25, 27, 31, 34, 36, 37, 38, 42, 43, 44, 46, 47, 48, 50 ], 
  [ 1, 6, 8, 9, 10, 12, 13, 14, 15, 17, 18, 19, 21, 22, 23, 24, 25, 27, 33, 37, 38, 42, 44, 45, 46, 47, 48 ], 
  [ 1, 2, 5, 9, 11, 12, 15, 17, 19, 20, 21, 24, 28, 31, 34, 36, 37, 38, 40, 42, 43, 44, 46, 47, 48, 49, 50 ], 
  [ 1, 5, 6, 9, 12, 15, 17, 19, 20, 21, 23, 24, 28, 31, 34, 36, 37, 38, 40, 42, 43, 44, 46, 47, 48, 49, 50 ], 
  [ 1, 8, 9, 11, 12, 13, 15, 17, 18, 19, 20, 21, 22, 25, 29, 31, 33, 36, 37, 38, 42, 44, 45, 46, 47, 48, 50 ], 
  [ 2, 3, 4, 5, 9, 11, 13, 15, 16, 17, 18, 19, 20, 22, 24, 28, 29, 33, 36, 37, 38, 40, 42, 45, 47, 48, 49 ], 
  [ 1, 2, 3, 4, 5, 8, 9, 10, 11, 12, 13, 15, 17, 18, 20, 21, 22, 24, 35, 37, 38, 40, 42, 44, 45, 46, 48, 49 ], 
  [ 2, 3, 5, 9, 10, 11, 12, 13, 15, 16, 17, 18, 19, 20, 21, 22, 24, 33, 37, 38, 40, 42, 44, 45, 46, 47, 48, 49 ], 
  [ 1, 3, 4, 5, 6, 8, 9, 10, 12, 13, 15, 17, 18, 20, 21, 22, 23, 24, 35, 37, 38, 40, 42, 44, 45, 46, 48, 49 ], 
  [ 3, 5, 6, 9, 10, 12, 13, 15, 16, 17, 18, 19, 20, 21, 22, 23, 24, 33, 37, 38, 40, 42, 44, 45, 46, 47, 48, 49 ], 
  [ 2, 3, 8, 9, 10, 11, 12, 13, 14, 15, 16, 17, 18, 19, 21, 22, 24, 25, 27, 33, 37, 38, 42, 44, 45, 46, 47, 48 ], 
  [ 3, 6, 8, 9, 10, 12, 13, 14, 15, 16, 17, 18, 19, 21, 22, 23, 24, 25, 27, 33, 37, 38, 42, 44, 45, 46, 47, 48 ], 
  [ 1, 2, 8, 9, 10, 11, 12, 13, 14, 15, 18, 21, 22, 25, 26, 27, 32, 33, 35, 38, 41, 42, 44, 45, 46, 47, 48, 51 ], 
  [ 2, 3, 5, 9, 11, 12, 15, 16, 17, 19, 20, 21, 24, 28, 31, 34, 36, 37, 38, 40, 42, 43, 44, 46, 47, 48, 49, 50 ], 
  [ 3, 5, 6, 9, 12, 15, 16, 17, 19, 20, 21, 23, 24, 28, 31, 34, 36, 37, 38, 40, 42, 43, 44, 46, 47, 48, 49, 50 ], 
  [ 3, 8, 9, 11, 12, 13, 15, 16, 17, 18, 19, 20, 21, 22, 25, 29, 31, 33, 36, 37, 38, 42, 44, 45, 46, 47, 48, 50 ], 
  [ 1, 6, 8, 9, 12, 13, 15, 17, 18, 19, 20, 21, 22, 23, 25, 29, 31, 33, 36, 37, 38, 42, 44, 45, 46, 47, 48, 50 ], 
  [ 1, 2, 3, 4, 5, 8, 9, 11, 12, 13, 15, 17, 18, 19, 20, 21, 22, 24, 28, 29, 36, 37, 38, 42, 46, 48, 49, 50 ], 
  [ 1, 3, 4, 5, 6, 8, 9, 12, 13, 15, 17, 18, 19, 20, 21, 22, 23, 24, 28, 29, 36, 37, 38, 42, 46, 48, 49, 50 ], 
  [ 1, 2, 4, 7, 8, 9, 10, 11, 13, 14, 15, 17, 18, 19, 22, 24, 25, 27, 29, 30, 33, 37, 38, 42, 45, 46, 47, 48 ], 
  [ 1, 4, 6, 7, 8, 9, 10, 13, 14, 15, 17, 18, 19, 22, 23, 24, 25, 27, 29, 30, 33, 37, 38, 42, 45, 46, 47, 48 ], 
  [ 1, 2, 3, 4, 5, 8, 9, 10, 11, 12, 13, 15, 16, 17, 18, 19, 20, 21, 22, 25, 26, 32, 33, 38, 42, 46, 47, 48, 49 ], 
  [ 1, 3, 4, 5, 6, 8, 9, 10, 12, 13, 15, 16, 17, 18, 19, 20, 21, 22, 23, 25, 26, 32, 33, 38, 42, 46, 47, 48, 49 ], 
  [ 2, 3, 8, 9, 10, 11, 12, 13, 14, 15, 16, 18, 21, 22, 25, 26, 27, 32, 33, 35, 38, 41, 42, 44, 45, 46, 47, 48, 51 ], 
  [ 3, 6, 8, 9, 12, 13, 15, 16, 17, 18, 19, 20, 21, 22, 23, 25, 29, 31, 33, 36, 37, 38, 42, 44, 45, 46, 47, 48, 50 ], 
  [ 2, 3, 4, 7, 8, 9, 10, 11, 13, 14, 15, 16, 17, 18, 19, 22, 24, 25, 27, 29, 30, 33, 37, 38, 42, 45, 46, 47, 48 ], 
  [ 3, 4, 6, 7, 8, 9, 10, 13, 14, 15, 16, 17, 18, 19, 22, 23, 24, 25, 27, 29, 30, 33, 37, 38, 42, 45, 46, 47, 48 ], 
  [ 1, 2, 4, 5, 7, 9, 10, 11, 13, 15, 17, 18, 19, 20, 22, 24, 28, 29, 30, 33, 37, 38, 40, 42, 45, 46, 47, 48, 49 ], 
  [ 1, 4, 5, 6, 7, 9, 10, 13, 15, 17, 18, 19, 20, 22, 23, 24, 28, 29, 30, 33, 37, 38, 40, 42, 45, 46, 47, 48, 49 ], 
  [ 1, 2, 8, 9, 11, 12, 13, 14, 15, 17, 18, 19, 21, 22, 24, 25, 27, 29, 31, 33, 36, 37, 38, 42, 44, 45, 46, 47, 48, 50 ], 
  [ 1, 6, 8, 9, 12, 13, 14, 15, 17, 18, 19, 21, 22, 23, 24, 25, 27, 29, 31, 33, 36, 37, 38, 42, 44, 45, 46, 47, 48, 50 ], 
  [ 2, 3, 4, 5, 7, 9, 10, 11, 13, 15, 16, 17, 18, 19, 20, 22, 24, 28, 29, 30, 33, 37, 38, 40, 42, 45, 46, 47, 48, 49 ], 
  [ 3, 4, 5, 6, 7, 9, 10, 13, 15, 16, 17, 18, 19, 20, 22, 23, 24, 28, 29, 30, 33, 37, 38, 40, 42, 45, 46, 47, 48, 49 ], 
  [ 1, 2, 3, 4, 5, 8, 9, 10, 11, 12, 15, 17, 18, 19, 20, 21, 24, 28, 34, 35, 36, 37, 38, 40, 42, 43, 44, 46, 48, 49, 50 ], 
  [ 1, 3, 4, 5, 6, 8, 9, 10, 12, 15, 17, 18, 19, 20, 21, 23, 24, 28, 34, 35, 36, 37, 38, 40, 42, 43, 44, 46, 48, 49, 50 ], 
  [ 2, 3, 8, 9, 11, 12, 13, 14, 15, 16, 17, 18, 19, 21, 22, 24, 25, 27, 29, 31, 33, 36, 37, 38, 42, 44, 45, 46, 47, 48, 50 ], 
  [ 3, 6, 8, 9, 12, 13, 14, 15, 16, 17, 18, 19, 21, 22, 23, 24, 25, 27, 29, 31, 33, 36, 37, 38, 42, 44, 45, 46, 47, 48, 50 ], 
  [ 1, 2, 3, 4, 5, 8, 9, 11, 12, 13, 15, 17, 18, 20, 21, 22, 24, 28, 29, 35, 36, 37, 38, 40, 42, 44, 45, 46, 48, 49, 50 ], 
  [ 1, 2, 5, 9, 11, 12, 13, 15, 17, 18, 19, 20, 21, 22, 24, 28, 29, 31, 33, 36, 37, 38, 40, 42, 44, 45, 46, 47, 48, 49, 50 ], 
  [ 1, 3, 4, 5, 6, 8, 9, 12, 13, 15, 17, 18, 20, 21, 22, 23, 24, 28, 29, 35, 36, 37, 38, 40, 42, 44, 45, 46, 48, 49, 50 ], 
  [ 1, 5, 6, 9, 12, 13, 15, 17, 18, 19, 20, 21, 22, 23, 24, 28, 29, 31, 33, 36, 37, 38, 40, 42, 44, 45, 46, 47, 48, 49, 50 ], 
  [ 1, 6, 8, 9, 10, 11, 12, 13, 14, 15, 17, 18, 19, 20, 21, 22, 25, 29, 30, 31, 33, 34, 37, 38, 41, 42, 44, 45, 46, 47, 50 ], 
  [ 1, 2, 8, 9, 10, 11, 12, 14, 15, 18, 19, 21, 25, 26, 27, 31, 32, 33, 34, 35, 36, 38, 39, 41, 42, 43, 44, 46, 47, 48, 50, 51 ],
  [ 1, 2, 8, 9, 11, 12, 13, 14, 15, 18, 21, 22, 25, 26, 27, 29, 31, 32, 33, 35, 36, 38, 39, 41, 42, 44, 45, 46, 47, 48, 50, 51 ],
  [ 2, 3, 5, 9, 11, 12, 13, 15, 16, 17, 18, 19, 20, 21, 22, 24, 28, 29, 31, 33, 36, 37, 38, 40, 42, 44, 45, 46, 47, 48, 49, 50 ],
  [ 3, 5, 6, 9, 12, 13, 15, 16, 17, 18, 19, 20, 21, 22, 23, 24, 28, 29, 31, 33, 36, 37, 38, 40, 42, 44, 45, 46, 47, 48, 49, 50 ],
  [ 1, 2, 4, 5, 7, 9, 10, 11, 13, 15, 16, 17, 19, 20, 22, 23, 24, 25, 26, 27, 30, 32, 33, 37, 38, 40, 43, 45, 47, 48, 49, 51 ], 
  [ 3, 6, 8, 9, 10, 11, 12, 13, 14, 15, 16, 17, 18, 19, 20, 21, 22, 25, 29, 30, 31, 33, 34, 37, 38, 41, 42, 44, 45, 46, 47, 50 ],
  [ 2, 3, 8, 9, 10, 11, 12, 14, 15, 16, 18, 19, 21, 25, 26, 27, 31, 32, 33, 34, 35, 36, 38, 39, 41, 42, 43, 44, 46, 47, 48, 50, 
      51 ], [ 1, 2, 3, 4, 5, 6, 7, 8, 9, 10, 12, 13, 14, 15, 16, 17, 18, 19, 21, 22, 23, 24, 25, 26, 27, 32, 33, 38, 42, 46, 47, 
      48, 49 ], [ 1, 2, 5, 9, 11, 12, 13, 15, 16, 17, 19, 20, 21, 22, 23, 24, 25, 26, 27, 31, 32, 33, 36, 37, 38, 40, 43, 44, 
      45, 47, 48, 49, 51 ], [ 2, 3, 8, 9, 11, 12, 13, 14, 15, 16, 18, 21, 22, 25, 26, 27, 29, 31, 32, 33, 35, 36, 38, 39, 41, 
      42, 44, 45, 46, 47, 48, 50, 51 ], [ 1, 2, 3, 4, 5, 8, 9, 10, 11, 12, 13, 15, 16, 17, 18, 20, 21, 22, 25, 26, 32, 33, 35, 
      38, 40, 41, 42, 44, 45, 46, 47, 48, 49, 51 ], [ 1, 3, 4, 5, 6, 8, 9, 10, 12, 13, 15, 16, 17, 18, 20, 21, 22, 23, 25, 26, 
      32, 33, 35, 38, 40, 41, 42, 44, 45, 46, 47, 48, 49, 51 ], [ 1, 2, 3, 4, 5, 6, 7, 8, 9, 10, 11, 12, 13, 14, 15, 17, 18, 20, 
      21, 22, 24, 28, 29, 30, 34, 35, 37, 38, 40, 41, 42, 44, 45, 46, 49, 50 ], 
  [ 1, 2, 5, 6, 7, 9, 10, 11, 12, 13, 14, 15, 17, 18, 19, 20, 21, 22, 24, 28, 29, 30, 31, 33, 34, 37, 38, 40, 41, 42, 44, 45, 
      46, 47, 49, 50 ], [ 1, 2, 3, 4, 5, 6, 7, 8, 9, 10, 11, 12, 13, 14, 15, 16, 17, 19, 20, 21, 22, 23, 24, 25, 26, 27, 30, 32, 
      34, 37, 38, 42, 43, 46, 47, 48, 49 ], [ 2, 3, 5, 6, 7, 9, 10, 11, 12, 13, 14, 15, 16, 17, 18, 19, 20, 21, 22, 24, 28, 29, 
      30, 31, 33, 34, 37, 38, 40, 41, 42, 44, 45, 46, 47, 49, 50 ], 
  [ 1, 2, 3, 4, 5, 6, 7, 8, 9, 10, 12, 13, 14, 15, 16, 17, 18, 21, 22, 23, 24, 25, 26, 27, 32, 33, 35, 38, 40, 41, 42, 44, 45, 
      46, 47, 48, 49, 51 ], [ 1, 2, 3, 4, 5, 8, 9, 10, 11, 12, 13, 15, 16, 17, 18, 19, 20, 21, 22, 23, 24, 25, 26, 27, 32, 33, 
      35, 36, 37, 38, 40, 42, 43, 44, 45, 47, 48, 49, 51 ], [ 1, 2, 3, 4, 5, 8, 9, 10, 11, 12, 15, 16, 17, 18, 19, 20, 21, 25, 
      26, 28, 31, 32, 33, 34, 35, 36, 38, 39, 40, 41, 42, 43, 44, 46, 47, 48, 49, 50, 51 ], 
  [ 1, 3, 4, 5, 6, 8, 9, 10, 12, 15, 16, 17, 18, 19, 20, 21, 23, 25, 26, 28, 31, 32, 33, 34, 35, 36, 38, 39, 40, 41, 42, 43, 44, 
      46, 47, 48, 49, 50, 51 ], [ 1, 2, 3, 4, 5, 8, 9, 11, 12, 13, 15, 16, 17, 18, 20, 21, 22, 25, 26, 28, 29, 31, 32, 33, 35, 
      36, 38, 39, 40, 41, 42, 44, 45, 46, 47, 48, 49, 50, 51 ], 
  [ 1, 3, 4, 5, 6, 8, 9, 12, 13, 15, 16, 17, 18, 20, 21, 22, 23, 25, 26, 28, 29, 31, 32, 33, 35, 36, 38, 39, 40, 41, 42, 44, 45, 
      46, 47, 48, 49, 50, 51 ], [ 1, 2, 5, 6, 7, 9, 10, 11, 12, 13, 14, 15, 16, 17, 19, 20, 21, 22, 23, 24, 25, 26, 27, 30, 31, 
      32, 33, 34, 37, 38, 40, 41, 43, 44, 45, 46, 47, 48, 49, 51 ], 
  [ 1, 6, 8, 9, 10, 11, 12, 13, 14, 15, 18, 19, 20, 21, 22, 23, 25, 26, 27, 29, 30, 31, 32, 33, 34, 35, 36, 37, 38, 39, 41, 42, 
      43, 44, 45, 46, 47, 48, 50, 51 ], [ 3, 6, 8, 9, 10, 11, 12, 13, 14, 15, 16, 18, 19, 20, 21, 22, 23, 25, 26, 27, 29, 30, 
      31, 32, 33, 34, 35, 36, 37, 38, 39, 41, 42, 43, 44, 45, 46, 47, 48, 50, 51 ], 
  [ 1, 2, 3, 4, 5, 6, 7, 8, 9, 10, 11, 12, 13, 14, 15, 16, 17, 20, 21, 22, 23, 24, 25, 26, 27, 30, 32, 34, 35, 37, 38, 40, 41, 
      42, 43, 44, 45, 46, 47, 48, 49, 51 ], [ 1, 3, 4, 5, 6, 8, 9, 10, 11, 12, 13, 15, 16, 17, 18, 19, 20, 23, 25, 26, 28, 29, 
      30, 31, 33, 34, 35, 36, 37, 38, 39, 40, 41, 42, 43, 44, 45, 46, 47, 48, 50, 51 ], 
  [ 1, 2, 3, 4, 5, 6, 7, 8, 9, 10, 12, 14, 15, 16, 17, 18, 19, 21, 23, 24, 25, 26, 27, 28, 31, 32, 33, 34, 35, 36, 38, 39, 40, 
      41, 42, 43, 44, 46, 47, 48, 49, 50, 51 ], [ 1, 2, 3, 4, 5, 6, 7, 8, 9, 12, 13, 14, 15, 16, 17, 18, 21, 22, 23, 24, 25, 26, 
      27, 28, 29, 31, 32, 33, 35, 36, 38, 39, 40, 41, 42, 44, 45, 46, 47, 48, 49, 50, 51 ], 
  [ 1, 2, 4, 7, 8, 9, 10, 11, 14, 15, 17, 18, 19, 20, 21, 22, 24, 25, 27, 28, 29, 30, 31, 32, 33, 34, 35, 36, 37, 38, 39, 40, 
      41, 42, 43, 44, 45, 46, 47, 48, 49, 50, 51 ], [ 1, 4, 6, 7, 8, 9, 10, 14, 15, 17, 18, 19, 20, 21, 22, 23, 24, 25, 27, 28, 
      29, 30, 31, 32, 33, 34, 35, 36, 37, 38, 39, 40, 41, 42, 43, 44, 45, 46, 47, 48, 49, 50, 51 ], 
  [ 2, 3, 4, 7, 8, 9, 10, 11, 14, 15, 16, 17, 18, 19, 20, 21, 22, 24, 25, 27, 28, 29, 30, 31, 32, 33, 34, 35, 36, 37, 38, 39, 
      40, 41, 42, 43, 44, 45, 46, 47, 48, 49, 50, 51 ], [ 3, 4, 6, 7, 8, 9, 10, 14, 15, 16, 17, 18, 19, 20, 21, 22, 23, 24, 25, 
      27, 28, 29, 30, 31, 32, 33, 34, 35, 36, 37, 38, 39, 40, 41, 42, 43, 44, 45, 46, 47, 48, 49, 50, 51 ], 
  [ 1, 2, 5, 6, 7, 9, 10, 11, 12, 13, 14, 15, 18, 19, 20, 21, 22, 23, 24, 26, 27, 28, 29, 30, 31, 32, 33, 34, 35, 36, 37, 38, 
      39, 40, 41, 42, 43, 44, 45, 46, 47, 48, 49, 50, 51 ], [ 2, 3, 5, 6, 7, 9, 10, 11, 12, 13, 14, 15, 16, 18, 19, 20, 21, 22, 
      23, 24, 26, 27, 28, 29, 30, 31, 32, 33, 34, 35, 36, 37, 38, 39, 40, 41, 42, 43, 44, 45, 46, 47, 48, 49, 50, 51 ], 
  [ 1, 2, 3, 4, 5, 6, 7, 8, 9, 10, 11, 12, 13, 14, 15, 16, 17, 18, 19, 23, 24, 25, 26, 27, 28, 29, 30, 31, 33, 34, 35, 36, 37, 
      38, 39, 40, 41, 42, 43, 44, 45, 46, 47, 48, 50, 51 ], [ 1, 2, 3, 4, 5, 6, 7, 8, 9, 11, 12, 13, 14, 15, 16, 17, 20, 21, 22, 
      23, 24, 25, 26, 27, 28, 29, 30, 31, 32, 34, 35, 36, 37, 38, 39, 40, 41, 42, 43, 44, 45, 46, 47, 48, 49, 50, 51 ], 
  [ 1, 2, 3, 4, 5, 6, 7, 8, 9, 10, 11, 12, 13, 14, 15, 16, 17, 18, 19, 20, 21, 22, 23, 24, 25, 26, 27, 28, 29, 30, 31, 32, 33, 
      34, 35, 36, 37, 38, 39, 40, 41, 42, 43, 44, 45, 47, 49, 50, 51 ], 
  [ 1, 2, 3, 4, 5, 6, 7, 8, 9, 10, 11, 12, 13, 14, 15, 16, 17, 18, 19, 20, 21, 22, 23, 24, 25, 26, 27, 28, 29, 30, 31, 32, 33, 
      34, 35, 36, 37, 38, 39, 40, 41, 43, 44, 45, 46, 48, 49, 50, 51 ], 
  [ 1, 2, 3, 4, 5, 6, 7, 8, 9, 10, 11, 12, 13, 14, 16, 17, 18, 19, 20, 21, 22, 23, 24, 25, 26, 27, 28, 29, 30, 31, 32, 33, 34, 
      35, 36, 37, 38, 39, 40, 41, 42, 43, 44, 45, 46, 47, 48, 49, 50, 51 ], 
  [ 1, 2, 3, 4, 5, 6, 7, 8, 10, 11, 12, 13, 14, 15, 16, 17, 18, 19, 20, 21, 22, 23, 24, 25, 26, 27, 28, 29, 30, 31, 32, 33, 34, 
      35, 36, 37, 38, 39, 40, 41, 42, 43, 44, 45, 46, 47, 48, 49, 50, 51 ], 
  [ 1, 2, 3, 4, 5, 6, 7, 8, 9, 10, 11, 12, 13, 14, 15, 16, 17, 18, 19, 20, 21, 22, 23, 24, 25, 26, 27, 28, 29, 30, 31, 32, 33, 
      34, 35, 36, 37, 39, 40, 41, 42, 43, 44, 45, 46, 47, 48, 49, 50, 51 ] ];
