return [ [ 1, 2, 8, 9, 10, 11, 14, 15, 16, 17, 18, 21, 22, 24, 34, 35, 41, 42, 45, 49, 55 ], 
  [ 1, 2, 3, 8, 9, 10, 11, 14, 15, 16, 17, 18, 21, 22, 24, 32, 34, 41, 42, 45, 49 ], 
  [ 2, 9, 11, 13, 14, 15, 20, 22, 23, 24, 30, 31, 35, 36, 38, 41, 42, 43, 46, 48, 56 ], 
  [ 1, 2, 6, 7, 9, 11, 13, 14, 15, 18, 22, 25, 30, 31, 35, 37, 39, 42, 49, 51, 53 ], 
  [ 1, 2, 3, 7, 9, 10, 11, 13, 14, 15, 16, 22, 25, 26, 30, 35, 37, 39, 48, 49, 51 ], 
  [ 2, 9, 11, 13, 14, 20, 22, 23, 24, 28, 30, 31, 35, 36, 38, 41, 42, 43, 46, 48, 52 ], 
  [ 1, 2, 9, 11, 13, 15, 16, 20, 22, 25, 28, 29, 30, 35, 37, 39, 42, 48, 49, 51, 53 ], 
  [ 1, 2, 8, 9, 11, 12, 13, 14, 15, 16, 17, 18, 21, 22, 24, 34, 35, 41, 42, 45, 49, 55 ], 
  [ 1, 2, 3, 8, 9, 11, 12, 13, 14, 15, 16, 17, 18, 21, 22, 24, 32, 34, 41, 42, 45, 49 ], 
  [ 2, 4, 8, 9, 10, 11, 14, 15, 16, 17, 18, 20, 21, 22, 24, 34, 35, 41, 42, 45, 49, 55 ], 
  [ 2, 3, 4, 8, 9, 10, 11, 14, 15, 16, 17, 18, 20, 21, 22, 24, 32, 34, 41, 42, 45, 49 ], 
  [ 1, 2, 9, 11, 13, 14, 15, 19, 22, 23, 24, 30, 31, 35, 36, 38, 41, 42, 43, 46, 48, 56 ], 
  [ 2, 4, 6, 7, 9, 11, 13, 14, 15, 18, 20, 22, 25, 30, 31, 35, 37, 39, 42, 49, 51, 53 ], 
  [ 2, 3, 4, 7, 9, 10, 11, 13, 14, 15, 16, 20, 22, 25, 26, 30, 35, 37, 39, 48, 49, 51 ], 
  [ 1, 2, 3, 6, 7, 9, 12, 13, 14, 15, 21, 22, 25, 26, 30, 31, 37, 39, 44, 49, 51, 53 ], 
  [ 1, 2, 7, 9, 13, 14, 15, 16, 22, 24, 25, 26, 30, 31, 35, 37, 39, 44, 48, 49, 51, 53 ], 
  [ 2, 9, 10, 11, 14, 15, 20, 22, 23, 24, 27, 30, 31, 35, 36, 38, 41, 42, 43, 46, 48, 56 ], 
  [ 1, 2, 6, 7, 9, 10, 11, 14, 15, 18, 22, 25, 27, 30, 31, 35, 37, 39, 42, 49, 51, 53 ], 
  [ 1, 2, 3, 6, 7, 9, 10, 14, 15, 21, 22, 25, 26, 27, 30, 31, 37, 39, 44, 49, 51, 53 ], 
  [ 1, 2, 9, 11, 13, 14, 19, 22, 23, 24, 28, 30, 31, 35, 36, 38, 41, 42, 43, 46, 48, 52 ], 
  [ 2, 9, 10, 11, 14, 20, 22, 23, 24, 27, 28, 30, 31, 35, 36, 38, 41, 42, 43, 46, 48, 52 ], 
  [ 1, 5, 7, 9, 11, 13, 15, 16, 18, 22, 25, 29, 30, 35, 37, 39, 41, 42, 48, 49, 51, 53 ], 
  [ 1, 5, 6, 7, 9, 11, 13, 18, 19, 22, 25, 28, 29, 30, 35, 37, 39, 42, 46, 49, 51, 53 ], 
  [ 4, 5, 6, 7, 9, 11, 13, 18, 20, 22, 25, 28, 29, 30, 35, 37, 39, 42, 46, 49, 51, 53 ], 
  [ 1, 2, 9, 10, 11, 15, 16, 20, 22, 25, 27, 28, 29, 30, 35, 37, 39, 42, 48, 49, 51, 53 ], 
  [ 1, 2, 3, 8, 9, 10, 11, 12, 14, 15, 16, 17, 18, 21, 24, 32, 34, 41, 42, 45, 47, 49, 55 ], 
  [ 2, 4, 8, 9, 11, 12, 13, 14, 15, 16, 17, 18, 20, 21, 22, 24, 34, 35, 41, 42, 45, 49, 55 ], 
  [ 2, 3, 4, 8, 9, 11, 12, 13, 14, 15, 16, 17, 18, 20, 21, 22, 24, 32, 34, 41, 42, 45, 49 ], 
  [ 1, 2, 3, 8, 9, 10, 11, 12, 14, 15, 16, 17, 18, 21, 25, 37, 39, 42, 45, 47, 49, 51, 55 ], 
  [ 1, 2, 3, 6, 8, 9, 11, 12, 13, 14, 15, 17, 18, 21, 22, 25, 31, 39, 42, 45, 49, 51, 53 ], 
  [ 1, 2, 3, 6, 8, 9, 10, 11, 14, 15, 17, 18, 21, 22, 25, 27, 31, 39, 42, 45, 49, 51, 53 ], 
  [ 1, 2, 3, 6, 8, 9, 11, 12, 13, 14, 17, 18, 19, 21, 22, 23, 25, 28, 31, 38, 39, 42, 46 ], 
  [ 2, 3, 4, 6, 8, 9, 11, 12, 13, 14, 17, 18, 20, 21, 22, 23, 25, 28, 31, 38, 39, 42, 46 ], 
  [ 1, 2, 3, 6, 8, 9, 10, 11, 14, 17, 18, 19, 21, 22, 23, 25, 27, 28, 31, 38, 39, 42, 46 ], 
  [ 2, 3, 4, 6, 8, 9, 10, 11, 14, 17, 18, 20, 21, 22, 23, 25, 27, 28, 31, 38, 39, 42, 46 ], 
  [ 3, 8, 9, 11, 12, 13, 17, 20, 21, 22, 28, 29, 32, 41, 42, 43, 45, 46, 47, 48, 49, 52, 53 ], 
  [ 3, 8, 9, 10, 11, 17, 20, 21, 22, 27, 28, 29, 32, 41, 42, 43, 45, 46, 47, 48, 49, 52, 53 ], 
  [ 1, 2, 3, 6, 7, 9, 11, 12, 13, 14, 15, 18, 21, 22, 25, 30, 31, 37, 39, 42, 49, 51, 53 ], 
  [ 2, 3, 4, 6, 7, 9, 12, 13, 14, 15, 20, 21, 22, 25, 26, 30, 31, 37, 39, 44, 49, 51, 53 ], 
  [ 2, 4, 7, 9, 13, 14, 15, 16, 20, 22, 24, 25, 26, 30, 31, 35, 37, 39, 44, 48, 49, 51, 53 ], 
  [ 1, 2, 9, 10, 11, 14, 15, 19, 22, 23, 24, 27, 30, 31, 35, 36, 38, 41, 42, 43, 46, 48, 56 ], 
  [ 2, 4, 6, 7, 9, 10, 11, 14, 15, 18, 20, 22, 25, 27, 30, 31, 35, 37, 39, 42, 49, 51, 53 ], 
  [ 1, 2, 3, 6, 7, 9, 10, 11, 14, 15, 18, 21, 22, 25, 27, 30, 31, 37, 39, 42, 49, 51, 53 ], 
  [ 2, 3, 4, 6, 7, 9, 10, 14, 15, 20, 21, 22, 25, 26, 27, 30, 31, 37, 39, 44, 49, 51, 53 ], 
  [ 1, 2, 7, 9, 10, 14, 15, 16, 22, 24, 25, 26, 27, 30, 31, 35, 37, 39, 44, 48, 49, 51, 53 ], 
  [ 2, 11, 13, 14, 19, 20, 22, 23, 24, 28, 30, 31, 35, 36, 38, 41, 42, 43, 46, 48, 50, 52, 56 ], 
  [ 1, 2, 6, 7, 9, 11, 13, 14, 18, 19, 22, 25, 28, 30, 31, 35, 37, 39, 42, 46, 49, 51, 53 ], 
  [ 2, 4, 6, 7, 9, 11, 13, 14, 18, 20, 22, 25, 28, 30, 31, 35, 37, 39, 42, 46, 49, 51, 53 ], 
  [ 1, 2, 6, 7, 9, 11, 13, 14, 18, 19, 22, 23, 25, 28, 30, 31, 35, 36, 37, 38, 39, 42, 46 ], 
  [ 2, 4, 6, 7, 9, 11, 13, 14, 18, 20, 22, 23, 25, 28, 30, 31, 35, 36, 37, 38, 39, 42, 46 ], 
  [ 2, 11, 13, 14, 19, 20, 22, 23, 25, 28, 30, 31, 35, 36, 37, 38, 39, 42, 46, 48, 50, 51, 56 ], 
  [ 1, 2, 3, 7, 9, 10, 14, 16, 19, 21, 22, 23, 24, 26, 28, 30, 32, 34, 36, 38, 46, 50, 52 ], 
  [ 2, 3, 4, 7, 9, 10, 14, 16, 20, 21, 22, 23, 24, 26, 28, 30, 32, 34, 36, 38, 46, 50, 52 ], 
  [ 1, 2, 9, 10, 11, 14, 19, 22, 23, 24, 27, 28, 30, 31, 35, 36, 38, 41, 42, 43, 46, 48, 52 ], 
  [ 4, 5, 7, 9, 11, 13, 15, 16, 18, 20, 22, 25, 29, 30, 35, 37, 39, 41, 42, 48, 49, 51, 53 ], 
  [ 1, 5, 7, 9, 10, 11, 15, 16, 18, 22, 25, 27, 29, 30, 35, 37, 39, 41, 42, 48, 49, 51, 53 ], 
  [ 1, 3, 5, 6, 7, 9, 12, 13, 19, 21, 22, 25, 26, 28, 29, 30, 37, 39, 44, 46, 49, 51, 53 ], 
  [ 3, 4, 5, 6, 7, 9, 12, 13, 20, 21, 22, 25, 26, 28, 29, 30, 37, 39, 44, 46, 49, 51, 53 ], 
  [ 1, 5, 6, 7, 9, 10, 11, 18, 19, 22, 25, 27, 28, 29, 30, 35, 37, 39, 42, 46, 49, 51, 53 ], 
  [ 4, 5, 6, 7, 9, 10, 11, 18, 20, 22, 25, 27, 28, 29, 30, 35, 37, 39, 42, 46, 49, 51, 53 ], 
  [ 1, 3, 5, 6, 7, 9, 10, 19, 21, 22, 25, 26, 27, 28, 29, 30, 37, 39, 44, 46, 49, 51, 53 ], 
  [ 3, 4, 5, 6, 7, 9, 10, 20, 21, 22, 25, 26, 27, 28, 29, 30, 37, 39, 44, 46, 49, 51, 53 ], 
  [ 2, 3, 4, 8, 9, 10, 11, 12, 14, 15, 16, 17, 18, 20, 21, 24, 32, 34, 41, 42, 45, 47, 49, 55 ], 
  [ 1, 2, 3, 8, 9, 11, 12, 13, 14, 15, 17, 21, 22, 24, 31, 32, 41, 42, 43, 45, 47, 48, 49, 53 ], 
  [ 2, 3, 8, 9, 11, 12, 13, 14, 15, 17, 20, 21, 22, 24, 31, 32, 41, 42, 43, 45, 47, 48, 49, 53 ], 
  [ 2, 3, 4, 8, 9, 10, 11, 12, 14, 15, 16, 17, 18, 20, 21, 25, 37, 39, 42, 45, 47, 49, 51, 55 ], 
  [ 2, 3, 4, 6, 8, 9, 11, 12, 13, 14, 15, 17, 18, 20, 21, 22, 25, 31, 39, 42, 45, 49, 51, 53 ], 
  [ 1, 2, 3, 8, 9, 10, 11, 14, 15, 17, 21, 22, 24, 27, 31, 32, 41, 42, 43, 45, 47, 48, 49, 53 ], 
  [ 2, 3, 8, 9, 10, 11, 14, 15, 17, 20, 21, 22, 24, 27, 31, 32, 41, 42, 43, 45, 47, 48, 49, 53 ], 
  [ 2, 3, 4, 6, 8, 9, 10, 11, 14, 15, 17, 18, 20, 21, 22, 25, 27, 31, 39, 42, 45, 49, 51, 53 ], 
  [ 1, 3, 5, 8, 9, 12, 13, 15, 16, 17, 21, 22, 25, 26, 29, 32, 39, 44, 45, 47, 48, 49, 51, 53 ], 
  [ 1, 3, 5, 8, 9, 10, 15, 16, 17, 21, 22, 25, 26, 27, 29, 32, 39, 44, 45, 47, 48, 49, 51, 53 ], 
  [ 1, 3, 8, 9, 11, 12, 13, 17, 19, 21, 22, 28, 29, 32, 41, 42, 43, 45, 46, 47, 48, 49, 52, 53 ], 
  [ 1, 5, 8, 9, 10, 11, 16, 17, 18, 19, 21, 22, 28, 29, 34, 35, 41, 42, 45, 46, 49, 50, 52, 55 ], 
  [ 1, 3, 5, 8, 9, 10, 11, 16, 17, 18, 19, 21, 22, 28, 29, 32, 34, 41, 42, 45, 46, 49, 50, 52 ], 
  [ 8, 9, 11, 12, 13, 17, 20, 21, 22, 28, 29, 35, 40, 41, 42, 43, 45, 46, 47, 48, 49, 52, 53, 55 ], 
  [ 4, 5, 8, 9, 10, 11, 16, 17, 18, 20, 21, 22, 28, 29, 34, 35, 41, 42, 45, 46, 49, 50, 52, 55 ], 
  [ 3, 4, 5, 8, 9, 10, 11, 16, 17, 18, 20, 21, 22, 28, 29, 32, 34, 41, 42, 45, 46, 49, 50, 52 ], 
  [ 1, 3, 5, 6, 8, 9, 11, 12, 13, 17, 18, 19, 21, 22, 25, 28, 29, 39, 42, 45, 46, 49, 51, 53 ], 
  [ 3, 4, 5, 6, 8, 9, 11, 12, 13, 17, 18, 20, 21, 22, 25, 28, 29, 39, 42, 45, 46, 49, 51, 53 ], 
  [ 1, 3, 8, 9, 10, 11, 17, 19, 21, 22, 27, 28, 29, 32, 41, 42, 43, 45, 46, 47, 48, 49, 52, 53 ], 
  [ 8, 9, 10, 11, 17, 20, 21, 22, 27, 28, 29, 35, 40, 41, 42, 43, 45, 46, 47, 48, 49, 52, 53, 55 ], 
  [ 1, 3, 5, 6, 8, 9, 10, 11, 17, 18, 19, 21, 22, 25, 27, 28, 29, 39, 42, 45, 46, 49, 51, 53 ], 
  [ 3, 4, 5, 6, 8, 9, 10, 11, 17, 18, 20, 21, 22, 25, 27, 28, 29, 39, 42, 45, 46, 49, 51, 53 ], 
  [ 2, 3, 4, 6, 7, 9, 11, 12, 13, 14, 15, 18, 20, 21, 22, 25, 30, 31, 37, 39, 42, 49, 51, 53 ], 
  [ 1, 2, 7, 9, 11, 13, 14, 15, 16, 18, 22, 24, 25, 30, 31, 35, 37, 39, 41, 42, 48, 49, 51, 53 ], 
  [ 1, 2, 3, 7, 9, 10, 14, 15, 16, 19, 21, 22, 23, 24, 26, 30, 32, 33, 34, 36, 38, 46, 50, 56 ], 
  [ 2, 3, 9, 12, 13, 14, 15, 20, 21, 22, 23, 24, 26, 30, 31, 32, 36, 38, 43, 44, 46, 47, 48, 56 ], 
  [ 2, 3, 4, 7, 9, 10, 14, 15, 16, 20, 21, 22, 23, 24, 26, 30, 32, 33, 34, 36, 38, 46, 50, 56 ], 
  [ 2, 3, 4, 6, 7, 9, 10, 11, 14, 15, 18, 20, 21, 22, 25, 27, 30, 31, 37, 39, 42, 49, 51, 53 ], 
  [ 2, 3, 9, 10, 14, 15, 20, 21, 22, 23, 24, 26, 27, 30, 31, 32, 36, 38, 43, 44, 46, 47, 48, 56 ], 
  [ 2, 4, 7, 9, 10, 14, 15, 16, 20, 22, 24, 25, 26, 27, 30, 31, 35, 37, 39, 44, 48, 49, 51, 53 ], 
  [ 1, 2, 7, 9, 10, 11, 14, 16, 18, 19, 22, 23, 24, 28, 30, 34, 35, 36, 38, 41, 42, 46, 50, 52 ], 
  [ 1, 2, 7, 9, 11, 13, 14, 16, 18, 19, 22, 23, 24, 28, 30, 34, 35, 36, 38, 41, 42, 46, 50, 52 ], 
  [ 2, 4, 7, 9, 10, 11, 14, 16, 18, 20, 22, 23, 24, 28, 30, 34, 35, 36, 38, 41, 42, 46, 50, 52 ], 
  [ 2, 4, 7, 9, 11, 13, 14, 16, 18, 20, 22, 23, 24, 28, 30, 34, 35, 36, 38, 41, 42, 46, 50, 52 ], 
  [ 1, 2, 3, 7, 9, 12, 13, 14, 16, 19, 21, 22, 23, 24, 26, 28, 30, 32, 34, 36, 38, 46, 50, 52 ], 
  [ 2, 3, 9, 12, 13, 14, 20, 21, 22, 23, 24, 26, 28, 30, 31, 32, 36, 38, 43, 44, 46, 47, 48, 52 ], 
  [ 2, 3, 4, 7, 9, 12, 13, 14, 16, 20, 21, 22, 23, 24, 26, 28, 30, 32, 34, 36, 38, 46, 50, 52 ], 
  [ 1, 2, 3, 7, 9, 10, 11, 13, 14, 16, 19, 22, 25, 26, 28, 30, 35, 37, 39, 46, 48, 49, 50, 51 ], 
  [ 2, 3, 4, 7, 9, 10, 11, 13, 14, 16, 20, 22, 25, 26, 28, 30, 35, 37, 39, 46, 48, 49, 50, 51 ], 
  [ 1, 2, 3, 6, 7, 9, 12, 13, 14, 19, 21, 22, 25, 26, 28, 30, 31, 37, 39, 44, 46, 49, 51, 53 ], 
  [ 2, 3, 4, 6, 7, 9, 12, 13, 14, 20, 21, 22, 25, 26, 28, 30, 31, 37, 39, 44, 46, 49, 51, 53 ], 
  [ 1, 2, 3, 6, 7, 9, 12, 13, 14, 19, 21, 22, 23, 25, 26, 28, 30, 31, 36, 37, 38, 39, 44, 46 ], 
  [ 2, 3, 4, 6, 7, 9, 12, 13, 14, 20, 21, 22, 23, 25, 26, 28, 30, 31, 36, 37, 38, 39, 44, 46 ], 
  [ 2, 10, 11, 14, 19, 20, 22, 23, 24, 27, 28, 30, 31, 35, 36, 38, 41, 42, 43, 46, 48, 50, 52, 56 ], 
  [ 1, 2, 6, 7, 9, 10, 11, 14, 18, 19, 22, 25, 27, 28, 30, 31, 35, 37, 39, 42, 46, 49, 51, 53 ], 
  [ 2, 4, 6, 7, 9, 10, 11, 14, 18, 20, 22, 25, 27, 28, 30, 31, 35, 37, 39, 42, 46, 49, 51, 53 ], 
  [ 1, 2, 6, 7, 9, 10, 11, 14, 18, 19, 22, 23, 25, 27, 28, 30, 31, 35, 36, 37, 38, 39, 42, 46 ], 
  [ 2, 4, 6, 7, 9, 10, 11, 14, 18, 20, 22, 23, 25, 27, 28, 30, 31, 35, 36, 37, 38, 39, 42, 46 ], 
  [ 2, 10, 11, 14, 19, 20, 22, 23, 25, 27, 28, 30, 31, 35, 36, 37, 38, 39, 42, 46, 48, 50, 51, 56 ], 
  [ 2, 3, 9, 10, 14, 20, 21, 22, 23, 24, 26, 27, 28, 30, 31, 32, 36, 38, 43, 44, 46, 47, 48, 52 ], 
  [ 1, 2, 3, 6, 7, 9, 10, 14, 19, 21, 22, 25, 26, 27, 28, 30, 31, 37, 39, 44, 46, 49, 51, 53 ], 
  [ 2, 3, 4, 6, 7, 9, 10, 14, 20, 21, 22, 25, 26, 27, 28, 30, 31, 37, 39, 44, 46, 49, 51, 53 ], 
  [ 1, 2, 3, 6, 7, 9, 10, 14, 19, 21, 22, 23, 25, 26, 27, 28, 30, 31, 36, 37, 38, 39, 44, 46 ], 
  [ 2, 3, 4, 6, 7, 9, 10, 14, 20, 21, 22, 23, 25, 26, 27, 28, 30, 31, 36, 37, 38, 39, 44, 46 ], 
  [ 1, 3, 5, 7, 9, 12, 13, 15, 16, 21, 22, 25, 26, 29, 30, 32, 37, 39, 44, 47, 48, 49, 51, 53 ], 
  [ 4, 5, 7, 9, 10, 11, 15, 16, 18, 20, 22, 25, 27, 29, 30, 35, 37, 39, 41, 42, 48, 49, 51, 53 ], 
  [ 1, 3, 5, 7, 9, 10, 15, 16, 21, 22, 25, 26, 27, 29, 30, 32, 37, 39, 44, 47, 48, 49, 51, 53 ], 
  [ 1, 3, 5, 6, 7, 9, 11, 12, 13, 18, 19, 21, 22, 25, 28, 29, 30, 37, 39, 42, 46, 49, 51, 53 ], 
  [ 1, 2, 3, 9, 11, 12, 13, 15, 16, 20, 21, 22, 25, 28, 29, 30, 37, 39, 42, 47, 48, 49, 51, 53 ], 
  [ 3, 4, 5, 6, 7, 9, 11, 12, 13, 18, 20, 21, 22, 25, 28, 29, 30, 37, 39, 42, 46, 49, 51, 53 ], 
  [ 1, 5, 7, 9, 13, 16, 19, 22, 25, 26, 28, 29, 30, 35, 37, 39, 44, 46, 48, 49, 50, 51, 52, 53 ], 
  [ 1, 3, 5, 7, 9, 10, 11, 13, 16, 19, 22, 25, 26, 28, 29, 30, 35, 37, 39, 46, 48, 49, 50, 51 ], 
  [ 4, 5, 7, 9, 13, 16, 20, 22, 25, 26, 28, 29, 30, 35, 37, 39, 44, 46, 48, 49, 50, 51, 52, 53 ], 
  [ 3, 4, 5, 7, 9, 10, 11, 13, 16, 20, 22, 25, 26, 28, 29, 30, 35, 37, 39, 46, 48, 49, 50, 51 ], 
  [ 1, 2, 3, 9, 12, 13, 15, 16, 20, 21, 22, 25, 26, 28, 29, 30, 37, 39, 44, 47, 48, 49, 51, 53 ], 
  [ 1, 5, 7, 9, 13, 16, 19, 22, 23, 25, 26, 28, 29, 30, 35, 36, 37, 38, 39, 44, 46, 48, 50, 52 ], 
  [ 4, 5, 7, 9, 13, 16, 20, 22, 23, 25, 26, 28, 29, 30, 35, 36, 37, 38, 39, 44, 46, 48, 50, 52 ], 
  [ 1, 3, 5, 6, 7, 9, 10, 11, 18, 19, 21, 22, 25, 27, 28, 29, 30, 37, 39, 42, 46, 49, 51, 53 ], 
  [ 1, 2, 3, 9, 10, 11, 15, 16, 20, 21, 22, 25, 27, 28, 29, 30, 37, 39, 42, 47, 48, 49, 51, 53 ], 
  [ 3, 4, 5, 6, 7, 9, 10, 11, 18, 20, 21, 22, 25, 27, 28, 29, 30, 37, 39, 42, 46, 49, 51, 53 ], 
  [ 1, 2, 3, 9, 10, 15, 16, 20, 21, 22, 25, 26, 27, 28, 29, 30, 37, 39, 44, 47, 48, 49, 51, 53 ], 
  [ 1, 2, 8, 9, 11, 12, 13, 14, 15, 17, 21, 22, 24, 31, 35, 40, 41, 42, 43, 45, 47, 48, 49, 53, 55 ], 
  [ 2, 8, 9, 11, 12, 13, 14, 15, 17, 20, 21, 22, 24, 31, 35, 40, 41, 42, 43, 45, 47, 48, 49, 53, 55 ], 
  [ 1, 2, 8, 9, 10, 11, 14, 15, 17, 21, 22, 24, 27, 31, 35, 40, 41, 42, 43, 45, 47, 48, 49, 53, 55 ], 
  [ 2, 8, 9, 10, 11, 14, 15, 17, 20, 21, 22, 24, 27, 31, 35, 40, 41, 42, 43, 45, 47, 48, 49, 53, 55 ], 
  [ 1, 2, 8, 9, 10, 11, 14, 16, 17, 18, 19, 21, 22, 24, 28, 34, 35, 41, 42, 45, 46, 49, 50, 52, 55 ], 
  [ 1, 2, 3, 8, 9, 10, 11, 14, 16, 17, 18, 19, 21, 22, 24, 28, 32, 34, 41, 42, 45, 46, 49, 50, 52 ], 
  [ 2, 4, 8, 9, 10, 11, 14, 16, 17, 18, 20, 21, 22, 24, 28, 34, 35, 41, 42, 45, 46, 49, 50, 52, 55 ], 
  [ 2, 3, 4, 8, 9, 10, 11, 14, 16, 17, 18, 20, 21, 22, 24, 28, 32, 34, 41, 42, 45, 46, 49, 50, 52 ], 
  [ 1, 2, 3, 8, 9, 10, 11, 14, 16, 17, 18, 19, 21, 22, 23, 24, 28, 32, 34, 38, 41, 42, 46, 50, 52 ], 
  [ 2, 3, 8, 9, 11, 12, 13, 14, 17, 20, 21, 22, 23, 24, 28, 31, 32, 38, 41, 42, 43, 46, 47, 48, 52 ], 
  [ 2, 3, 4, 8, 9, 10, 11, 14, 16, 17, 18, 20, 21, 22, 23, 24, 28, 32, 34, 38, 41, 42, 46, 50, 52 ], 
  [ 1, 2, 3, 6, 8, 9, 11, 12, 13, 14, 17, 18, 19, 21, 22, 25, 28, 31, 39, 42, 45, 46, 49, 51, 53 ], 
  [ 2, 3, 4, 6, 8, 9, 11, 12, 13, 14, 17, 18, 20, 21, 22, 25, 28, 31, 39, 42, 45, 46, 49, 51, 53 ], 
  [ 2, 3, 8, 9, 10, 11, 14, 17, 20, 21, 22, 23, 24, 27, 28, 31, 32, 38, 41, 42, 43, 46, 47, 48, 52 ], 
  [ 1, 2, 3, 6, 8, 9, 10, 11, 14, 17, 18, 19, 21, 22, 25, 27, 28, 31, 39, 42, 45, 46, 49, 51, 53 ], 
  [ 2, 3, 4, 6, 8, 9, 10, 11, 14, 17, 18, 20, 21, 22, 25, 27, 28, 31, 39, 42, 45, 46, 49, 51, 53 ], 
  [ 3, 4, 5, 8, 9, 12, 13, 15, 16, 17, 20, 21, 22, 25, 26, 29, 32, 39, 44, 45, 47, 48, 49, 51, 53 ], 
  [ 3, 4, 5, 8, 9, 10, 15, 16, 17, 20, 21, 22, 25, 26, 27, 29, 32, 39, 44, 45, 47, 48, 49, 51, 53 ], 
  [ 1, 8, 9, 11, 12, 13, 17, 19, 21, 22, 28, 29, 35, 40, 41, 42, 43, 45, 46, 47, 48, 49, 52, 53, 55 ], 
  [ 1, 5, 8, 9, 11, 12, 13, 16, 17, 18, 19, 21, 22, 28, 29, 34, 35, 41, 42, 45, 46, 49, 50, 52, 55 ], 
  [ 1, 3, 5, 8, 9, 11, 12, 13, 16, 17, 18, 19, 21, 22, 28, 29, 32, 34, 41, 42, 45, 46, 49, 50, 52 ], 
  [ 4, 5, 8, 9, 11, 12, 13, 16, 17, 18, 20, 21, 22, 28, 29, 34, 35, 41, 42, 45, 46, 49, 50, 52, 55 ], 
  [ 3, 4, 5, 8, 9, 11, 12, 13, 16, 17, 18, 20, 21, 22, 28, 29, 32, 34, 41, 42, 45, 46, 49, 50, 52 ], 
  [ 1, 2, 3, 8, 9, 11, 12, 13, 15, 16, 17, 20, 21, 22, 25, 28, 29, 39, 42, 45, 47, 48, 49, 51, 53 ], 
  [ 1, 8, 9, 10, 11, 17, 19, 21, 22, 27, 28, 29, 35, 40, 41, 42, 43, 45, 46, 47, 48, 49, 52, 53, 55 ], 
  [ 1, 2, 3, 8, 9, 10, 11, 15, 16, 17, 20, 21, 22, 25, 27, 28, 29, 39, 42, 45, 47, 48, 49, 51, 53 ], 
  [ 1, 2, 7, 9, 10, 11, 14, 15, 16, 18, 19, 22, 23, 24, 30, 33, 34, 35, 36, 38, 41, 42, 46, 50, 56 ], 
  [ 1, 2, 7, 9, 11, 13, 14, 15, 16, 18, 19, 22, 23, 24, 30, 33, 34, 35, 36, 38, 41, 42, 46, 50, 56 ], 
  [ 2, 4, 7, 9, 10, 11, 14, 15, 16, 18, 20, 22, 23, 24, 30, 33, 34, 35, 36, 38, 41, 42, 46, 50, 56 ], 
  [ 2, 4, 7, 9, 11, 13, 14, 15, 16, 18, 20, 22, 23, 24, 30, 33, 34, 35, 36, 38, 41, 42, 46, 50, 56 ], 
  [ 2, 3, 9, 11, 12, 13, 14, 15, 20, 21, 22, 23, 24, 30, 31, 32, 36, 38, 41, 42, 43, 46, 47, 48, 56 ], 
  [ 2, 4, 7, 9, 11, 13, 14, 15, 16, 18, 20, 22, 24, 25, 30, 31, 35, 37, 39, 41, 42, 48, 49, 51, 53 ], 
  [ 1, 2, 3, 9, 12, 13, 14, 15, 19, 21, 22, 23, 24, 26, 30, 31, 32, 36, 38, 43, 44, 46, 47, 48, 56 ], 
  [ 1, 2, 3, 7, 9, 12, 13, 14, 15, 16, 19, 21, 22, 23, 24, 26, 30, 32, 33, 34, 36, 38, 46, 50, 56 ], 
  [ 2, 3, 4, 7, 9, 12, 13, 14, 15, 16, 20, 21, 22, 23, 24, 26, 30, 32, 33, 34, 36, 38, 46, 50, 56 ], 
  [ 2, 3, 9, 10, 11, 14, 15, 20, 21, 22, 23, 24, 27, 30, 31, 32, 36, 38, 41, 42, 43, 46, 47, 48, 56 ], 
  [ 1, 2, 7, 9, 10, 11, 14, 15, 16, 18, 22, 24, 25, 27, 30, 31, 35, 37, 39, 41, 42, 48, 49, 51, 53 ], 
  [ 1, 2, 3, 9, 10, 14, 15, 19, 21, 22, 23, 24, 26, 27, 30, 31, 32, 36, 38, 43, 44, 46, 47, 48, 56 ], 
  [ 1, 2, 3, 6, 7, 9, 10, 11, 13, 14, 15, 22, 25, 26, 27, 30, 31, 35, 37, 39, 44, 48, 49, 51, 53 ], 
  [ 2, 3, 9, 11, 12, 13, 14, 20, 21, 22, 23, 24, 28, 30, 31, 32, 36, 38, 41, 42, 43, 46, 47, 48, 52 ], 
  [ 1, 2, 3, 6, 7, 9, 11, 12, 13, 14, 18, 19, 21, 22, 25, 28, 30, 31, 37, 39, 42, 46, 49, 51, 53 ], 
  [ 2, 3, 4, 6, 7, 9, 11, 12, 13, 14, 18, 20, 21, 22, 25, 28, 30, 31, 37, 39, 42, 46, 49, 51, 53 ], 
  [ 1, 2, 3, 6, 7, 9, 11, 12, 13, 14, 18, 19, 21, 22, 23, 25, 28, 30, 31, 36, 37, 38, 39, 42, 46 ], 
  [ 2, 3, 4, 6, 7, 9, 11, 12, 13, 14, 18, 20, 21, 22, 23, 25, 28, 30, 31, 36, 37, 38, 39, 42, 46 ], 
  [ 1, 2, 3, 9, 12, 13, 14, 19, 21, 22, 23, 24, 26, 28, 30, 31, 32, 36, 38, 43, 44, 46, 47, 48, 52 ], 
  [ 1, 2, 3, 7, 9, 10, 11, 13, 14, 16, 19, 22, 23, 25, 26, 28, 30, 35, 36, 37, 38, 39, 46, 48, 50 ], 
  [ 2, 3, 4, 7, 9, 10, 11, 13, 14, 16, 20, 22, 23, 25, 26, 28, 30, 35, 36, 37, 38, 39, 46, 48, 50 ], 
  [ 2, 3, 9, 10, 11, 14, 20, 21, 22, 23, 24, 27, 28, 30, 31, 32, 36, 38, 41, 42, 43, 46, 47, 48, 52 ], 
  [ 1, 2, 3, 6, 7, 9, 10, 11, 14, 18, 19, 21, 22, 25, 27, 28, 30, 31, 37, 39, 42, 46, 49, 51, 53 ], 
  [ 2, 3, 4, 6, 7, 9, 10, 11, 14, 18, 20, 21, 22, 25, 27, 28, 30, 31, 37, 39, 42, 46, 49, 51, 53 ], 
  [ 1, 2, 3, 6, 7, 9, 10, 11, 14, 18, 19, 21, 22, 23, 25, 27, 28, 30, 31, 36, 37, 38, 39, 42, 46 ], 
  [ 2, 3, 4, 6, 7, 9, 10, 11, 14, 18, 20, 21, 22, 23, 25, 27, 28, 30, 31, 36, 37, 38, 39, 42, 46 ], 
  [ 1, 2, 3, 9, 10, 14, 19, 21, 22, 23, 24, 26, 27, 28, 30, 31, 32, 36, 38, 43, 44, 46, 47, 48, 52 ], 
  [ 3, 4, 5, 7, 9, 12, 13, 15, 16, 20, 21, 22, 25, 26, 29, 30, 32, 37, 39, 44, 47, 48, 49, 51, 53 ], 
  [ 3, 4, 5, 7, 9, 10, 15, 16, 20, 21, 22, 25, 26, 27, 29, 30, 32, 37, 39, 44, 47, 48, 49, 51, 53 ], 
  [ 1, 2, 4, 5, 6, 7, 9, 11, 13, 15, 16, 18, 20, 22, 25, 28, 29, 30, 35, 37, 39, 42, 49, 51, 53 ], 
  [ 1, 5, 7, 9, 10, 16, 19, 22, 25, 26, 27, 28, 29, 30, 35, 37, 39, 44, 46, 48, 49, 50, 51, 52, 53 ], 
  [ 4, 5, 7, 9, 10, 16, 20, 22, 25, 26, 27, 28, 29, 30, 35, 37, 39, 44, 46, 48, 49, 50, 51, 52, 53 ], 
  [ 1, 5, 7, 9, 10, 16, 19, 22, 23, 25, 26, 27, 28, 29, 30, 35, 36, 37, 38, 39, 44, 46, 48, 50, 52 ], 
  [ 4, 5, 7, 9, 10, 16, 20, 22, 23, 25, 26, 27, 28, 29, 30, 35, 36, 37, 38, 39, 44, 46, 48, 50, 52 ], 
  [ 1, 2, 3, 6, 8, 9, 11, 12, 13, 14, 15, 17, 18, 21, 22, 24, 31, 32, 34, 41, 42, 43, 45, 49, 53, 54 ], 
  [ 2, 3, 8, 9, 11, 12, 13, 14, 15, 17, 20, 21, 22, 23, 24, 31, 32, 38, 41, 42, 43, 45, 46, 47, 48, 56 ], 
  [ 1, 2, 6, 8, 9, 11, 12, 13, 14, 15, 17, 18, 21, 22, 25, 31, 35, 37, 39, 40, 42, 45, 49, 51, 53, 55 ], 
  [ 1, 2, 3, 6, 8, 9, 10, 11, 14, 15, 17, 18, 21, 22, 24, 27, 31, 32, 34, 41, 42, 43, 45, 49, 53, 54 ], 
  [ 2, 3, 8, 9, 10, 11, 14, 15, 17, 20, 21, 22, 23, 24, 27, 31, 32, 38, 41, 42, 43, 45, 46, 47, 48, 56 ], 
  [ 1, 2, 6, 8, 9, 10, 11, 14, 15, 17, 18, 21, 22, 25, 27, 31, 35, 37, 39, 40, 42, 45, 49, 51, 53, 55 ], 
  [ 1, 2, 8, 9, 11, 12, 13, 14, 16, 17, 18, 19, 21, 22, 24, 28, 34, 35, 41, 42, 45, 46, 49, 50, 52, 55 ], 
  [ 1, 2, 3, 8, 9, 11, 12, 13, 14, 16, 17, 18, 19, 21, 22, 24, 28, 32, 34, 41, 42, 45, 46, 49, 50, 52 ], 
  [ 2, 3, 8, 9, 11, 12, 13, 14, 17, 20, 21, 22, 24, 28, 31, 32, 41, 42, 43, 45, 46, 47, 48, 49, 52, 53 ], 
  [ 2, 4, 8, 9, 11, 12, 13, 14, 16, 17, 18, 20, 21, 22, 24, 28, 34, 35, 41, 42, 45, 46, 49, 50, 52, 55 ], 
  [ 2, 3, 4, 8, 9, 11, 12, 13, 14, 16, 17, 18, 20, 21, 22, 24, 28, 32, 34, 41, 42, 45, 46, 49, 50, 52 ], 
  [ 1, 2, 3, 8, 9, 11, 12, 13, 14, 17, 19, 21, 22, 23, 24, 28, 31, 32, 38, 41, 42, 43, 46, 47, 48, 52 ], 
  [ 1, 2, 8, 9, 10, 11, 14, 16, 17, 18, 19, 21, 22, 23, 24, 28, 34, 35, 36, 38, 41, 42, 46, 50, 52, 55 ], 
  [ 1, 2, 3, 8, 9, 11, 12, 13, 14, 16, 17, 18, 19, 21, 22, 23, 24, 28, 32, 34, 38, 41, 42, 46, 50, 52 ], 
  [ 2, 4, 8, 9, 10, 11, 14, 16, 17, 18, 20, 21, 22, 23, 24, 28, 34, 35, 36, 38, 41, 42, 46, 50, 52, 55 ], 
  [ 2, 3, 4, 8, 9, 11, 12, 13, 14, 16, 17, 18, 20, 21, 22, 23, 24, 28, 32, 34, 38, 41, 42, 46, 50, 52 ], 
  [ 1, 2, 3, 8, 9, 10, 11, 12, 14, 16, 17, 18, 19, 21, 25, 28, 37, 39, 42, 45, 46, 47, 49, 50, 51, 55 ], 
  [ 2, 3, 4, 8, 9, 10, 11, 12, 14, 16, 17, 18, 20, 21, 25, 28, 37, 39, 42, 45, 46, 47, 49, 50, 51, 55 ], 
  [ 1, 2, 3, 8, 9, 10, 11, 12, 14, 16, 17, 18, 19, 21, 23, 25, 28, 36, 37, 38, 39, 42, 46, 47, 50, 55 ], 
  [ 2, 3, 4, 8, 9, 10, 11, 12, 14, 16, 17, 18, 20, 21, 23, 25, 28, 36, 37, 38, 39, 42, 46, 47, 50, 55 ], 
  [ 2, 3, 8, 11, 12, 13, 14, 17, 19, 20, 21, 22, 23, 25, 28, 31, 38, 39, 42, 45, 46, 47, 48, 50, 51, 56 ], 
  [ 2, 3, 8, 9, 10, 11, 14, 17, 20, 21, 22, 24, 27, 28, 31, 32, 41, 42, 43, 45, 46, 47, 48, 49, 52, 53 ], 
  [ 1, 2, 3, 8, 9, 10, 11, 14, 17, 19, 21, 22, 23, 24, 27, 28, 31, 32, 38, 41, 42, 43, 46, 47, 48, 52 ], 
  [ 2, 3, 8, 10, 11, 14, 17, 19, 20, 21, 22, 23, 25, 27, 28, 31, 38, 39, 42, 45, 46, 47, 48, 50, 51, 56 ], 
  [ 1, 3, 5, 8, 9, 11, 12, 13, 15, 16, 17, 18, 21, 22, 25, 29, 32, 39, 41, 42, 45, 47, 48, 49, 51, 53 ], 
  [ 1, 3, 5, 8, 9, 10, 11, 15, 16, 17, 18, 21, 22, 25, 27, 29, 32, 39, 41, 42, 45, 47, 48, 49, 51, 53 ], 
  [ 1, 3, 5, 8, 9, 10, 11, 12, 16, 17, 18, 19, 21, 28, 29, 32, 34, 41, 42, 45, 46, 47, 49, 50, 52, 55 ], 
  [ 3, 4, 5, 8, 9, 10, 11, 12, 16, 17, 18, 20, 21, 28, 29, 32, 34, 41, 42, 45, 46, 47, 49, 50, 52, 55 ], 
  [ 1, 3, 5, 8, 9, 10, 11, 12, 16, 17, 18, 19, 21, 25, 28, 29, 37, 39, 42, 45, 46, 47, 49, 50, 51, 55 ], 
  [ 3, 4, 5, 8, 9, 10, 11, 12, 16, 17, 18, 20, 21, 25, 28, 29, 37, 39, 42, 45, 46, 47, 49, 50, 51, 55 ], 
  [ 1, 3, 5, 8, 9, 12, 13, 16, 17, 19, 21, 22, 23, 25, 26, 28, 29, 32, 38, 39, 44, 46, 47, 48, 50, 52 ], 
  [ 3, 4, 5, 8, 9, 12, 13, 16, 17, 20, 21, 22, 23, 25, 26, 28, 29, 32, 38, 39, 44, 46, 47, 48, 50, 52 ], 
  [ 1, 3, 5, 8, 9, 10, 16, 17, 19, 21, 22, 23, 25, 26, 27, 28, 29, 32, 38, 39, 44, 46, 47, 48, 50, 52 ], 
  [ 3, 4, 5, 8, 9, 10, 16, 17, 20, 21, 22, 23, 25, 26, 27, 28, 29, 32, 38, 39, 44, 46, 47, 48, 50, 52 ], 
  [ 1, 2, 3, 9, 11, 12, 13, 14, 15, 19, 21, 22, 23, 24, 30, 31, 32, 36, 38, 41, 42, 43, 46, 47, 48, 56 ], 
  [ 1, 2, 6, 7, 9, 11, 13, 14, 15, 18, 19, 22, 23, 25, 30, 31, 33, 35, 36, 37, 38, 39, 42, 46, 51, 56 ], 
  [ 2, 4, 6, 7, 9, 11, 13, 14, 15, 18, 20, 22, 23, 25, 30, 31, 33, 35, 36, 37, 38, 39, 42, 46, 51, 56 ], 
  [ 1, 2, 3, 7, 9, 12, 13, 14, 15, 16, 21, 22, 24, 25, 26, 30, 31, 32, 37, 39, 44, 47, 48, 49, 51, 53 ], 
  [ 1, 2, 3, 9, 10, 11, 14, 15, 19, 21, 22, 23, 24, 27, 30, 31, 32, 36, 38, 41, 42, 43, 46, 47, 48, 56 ], 
  [ 2, 4, 7, 9, 10, 11, 14, 15, 16, 18, 20, 22, 24, 25, 27, 30, 31, 35, 37, 39, 41, 42, 48, 49, 51, 53 ], 
  [ 2, 3, 4, 6, 7, 9, 10, 11, 13, 14, 15, 20, 22, 25, 26, 27, 30, 31, 35, 37, 39, 44, 48, 49, 51, 53 ], 
  [ 1, 2, 3, 7, 9, 10, 14, 15, 16, 21, 22, 24, 25, 26, 27, 30, 31, 32, 37, 39, 44, 47, 48, 49, 51, 53 ], 
  [ 1, 2, 6, 7, 9, 11, 13, 14, 18, 19, 22, 23, 24, 28, 30, 31, 34, 35, 36, 38, 41, 42, 43, 46, 52, 54 ], 
  [ 2, 4, 6, 7, 9, 11, 13, 14, 18, 20, 22, 23, 24, 28, 30, 31, 34, 35, 36, 38, 41, 42, 43, 46, 52, 54 ], 
  [ 1, 2, 3, 9, 11, 12, 13, 14, 19, 21, 22, 23, 24, 28, 30, 31, 32, 36, 38, 41, 42, 43, 46, 47, 48, 52 ], 
  [ 1, 2, 3, 7, 9, 10, 11, 14, 16, 18, 19, 21, 22, 23, 24, 28, 30, 32, 34, 36, 38, 41, 42, 46, 50, 52 ], 
  [ 2, 3, 4, 7, 9, 10, 11, 14, 16, 18, 20, 21, 22, 23, 24, 28, 30, 32, 34, 36, 38, 41, 42, 46, 50, 52 ], 
  [ 2, 3, 11, 12, 13, 14, 19, 20, 21, 22, 23, 25, 28, 30, 31, 36, 37, 38, 39, 42, 46, 47, 48, 50, 51, 56 ], 
  [ 2, 3, 12, 13, 14, 19, 20, 21, 22, 23, 24, 26, 28, 30, 31, 32, 36, 38, 43, 44, 46, 47, 48, 50, 52, 56 ], 
  [ 2, 3, 12, 13, 14, 19, 20, 21, 22, 23, 25, 26, 28, 30, 31, 36, 37, 38, 39, 44, 46, 47, 48, 50, 51, 56 ], 
  [ 1, 2, 7, 9, 13, 14, 16, 19, 22, 24, 25, 26, 28, 30, 31, 35, 37, 39, 44, 46, 48, 49, 50, 51, 52, 53 ], 
  [ 2, 4, 7, 9, 13, 14, 16, 20, 22, 24, 25, 26, 28, 30, 31, 35, 37, 39, 44, 46, 48, 49, 50, 51, 52, 53 ], 
  [ 1, 2, 7, 9, 13, 14, 16, 19, 22, 23, 24, 25, 26, 28, 30, 31, 35, 36, 37, 38, 39, 44, 46, 48, 50, 52 ], 
  [ 2, 4, 7, 9, 13, 14, 16, 20, 22, 23, 24, 25, 26, 28, 30, 31, 35, 36, 37, 38, 39, 44, 46, 48, 50, 52 ], 
  [ 1, 2, 3, 9, 10, 11, 14, 19, 21, 22, 23, 24, 27, 28, 30, 31, 32, 36, 38, 41, 42, 43, 46, 47, 48, 52 ], 
  [ 2, 3, 10, 11, 14, 19, 20, 21, 22, 23, 25, 27, 28, 30, 31, 36, 37, 38, 39, 42, 46, 47, 48, 50, 51, 56 ], 
  [ 2, 3, 10, 14, 19, 20, 21, 22, 23, 24, 26, 27, 28, 30, 31, 32, 36, 38, 43, 44, 46, 47, 48, 50, 52, 56 ], 
  [ 2, 3, 10, 14, 19, 20, 21, 22, 23, 25, 26, 27, 28, 30, 31, 36, 37, 38, 39, 44, 46, 47, 48, 50, 51, 56 ], 
  [ 1, 3, 5, 7, 9, 11, 12, 13, 15, 16, 18, 21, 22, 25, 29, 30, 32, 37, 39, 41, 42, 47, 48, 49, 51, 53 ], 
  [ 1, 3, 5, 7, 9, 10, 11, 15, 16, 18, 21, 22, 25, 27, 29, 30, 32, 37, 39, 41, 42, 47, 48, 49, 51, 53 ], 
  [ 1, 5, 7, 9, 11, 13, 16, 18, 19, 22, 25, 28, 29, 30, 35, 37, 39, 41, 42, 46, 48, 49, 50, 51, 52, 53 ], 
  [ 4, 5, 7, 9, 11, 13, 16, 18, 20, 22, 25, 28, 29, 30, 35, 37, 39, 41, 42, 46, 48, 49, 50, 51, 52, 53 ], 
  [ 1, 2, 3, 4, 5, 6, 7, 9, 12, 13, 15, 16, 20, 21, 22, 25, 26, 28, 29, 30, 37, 39, 44, 49, 51, 53 ], 
  [ 1, 2, 4, 5, 6, 7, 9, 10, 11, 15, 16, 18, 20, 22, 25, 27, 28, 29, 30, 35, 37, 39, 42, 49, 51, 53 ], 
  [ 1, 3, 5, 6, 7, 9, 10, 11, 13, 19, 22, 25, 26, 27, 28, 29, 30, 35, 37, 39, 44, 46, 48, 49, 51, 53 ], 
  [ 3, 4, 5, 6, 7, 9, 10, 11, 13, 20, 22, 25, 26, 27, 28, 29, 30, 35, 37, 39, 44, 46, 48, 49, 51, 53 ], 
  [ 1, 2, 3, 4, 5, 6, 7, 9, 10, 15, 16, 20, 21, 22, 25, 26, 27, 28, 29, 30, 37, 39, 44, 49, 51, 53 ], 
  [ 1, 2, 6, 8, 9, 11, 12, 13, 14, 15, 17, 18, 21, 22, 24, 31, 34, 35, 40, 41, 42, 43, 45, 49, 53, 54, 55 ], 
  [ 2, 3, 4, 6, 8, 9, 11, 12, 13, 14, 15, 17, 18, 20, 21, 22, 24, 31, 32, 34, 41, 42, 43, 45, 49, 53, 54 ], 
  [ 1, 2, 3, 8, 9, 11, 12, 13, 14, 15, 17, 19, 21, 22, 23, 24, 31, 32, 38, 41, 42, 43, 45, 46, 47, 48, 56 ], 
  [ 1, 2, 3, 8, 9, 10, 11, 14, 15, 16, 17, 18, 19, 21, 22, 23, 24, 32, 33, 34, 38, 41, 42, 45, 46, 50, 56 ], 
  [ 2, 3, 4, 8, 9, 10, 11, 14, 15, 16, 17, 18, 20, 21, 22, 23, 24, 32, 33, 34, 38, 41, 42, 45, 46, 50, 56 ], 
  [ 2, 4, 6, 8, 9, 11, 12, 13, 14, 15, 17, 18, 20, 21, 22, 25, 31, 35, 37, 39, 40, 42, 45, 49, 51, 53, 55 ], 
  [ 1, 2, 3, 6, 8, 9, 11, 12, 13, 14, 15, 17, 18, 19, 21, 22, 23, 25, 31, 33, 38, 39, 42, 45, 46, 51, 56 ], 
  [ 2, 3, 4, 6, 8, 9, 11, 12, 13, 14, 15, 17, 18, 20, 21, 22, 23, 25, 31, 33, 38, 39, 42, 45, 46, 51, 56 ], 
  [ 2, 3, 4, 8, 9, 10, 11, 12, 13, 14, 15, 16, 17, 20, 21, 22, 24, 26, 32, 34, 35, 41, 45, 47, 48, 49, 55 ], 
  [ 2, 3, 4, 8, 9, 10, 11, 12, 13, 14, 15, 16, 17, 20, 21, 22, 25, 26, 35, 37, 39, 45, 47, 48, 49, 51, 55 ], 
  [ 2, 3, 4, 8, 9, 12, 13, 14, 15, 16, 17, 20, 21, 22, 24, 25, 26, 31, 32, 39, 44, 45, 47, 48, 49, 51, 53 ], 
  [ 1, 2, 6, 8, 9, 10, 11, 14, 15, 17, 18, 21, 22, 24, 27, 31, 34, 35, 40, 41, 42, 43, 45, 49, 53, 54, 55 ], 
  [ 2, 3, 4, 6, 8, 9, 10, 11, 14, 15, 17, 18, 20, 21, 22, 24, 27, 31, 32, 34, 41, 42, 43, 45, 49, 53, 54 ], 
  [ 1, 2, 3, 8, 9, 10, 11, 14, 15, 17, 19, 21, 22, 23, 24, 27, 31, 32, 38, 41, 42, 43, 45, 46, 47, 48, 56 ], 
  [ 1, 2, 3, 6, 8, 9, 10, 11, 12, 14, 15, 17, 18, 21, 25, 27, 31, 37, 39, 40, 42, 45, 47, 49, 51, 53, 55 ], 
  [ 2, 4, 6, 8, 9, 10, 11, 14, 15, 17, 18, 20, 21, 22, 25, 27, 31, 35, 37, 39, 40, 42, 45, 49, 51, 53, 55 ], 
  [ 1, 2, 3, 6, 8, 9, 10, 11, 14, 15, 17, 18, 19, 21, 22, 23, 25, 27, 31, 33, 38, 39, 42, 45, 46, 51, 56 ], 
  [ 2, 3, 4, 6, 8, 9, 10, 11, 14, 15, 17, 18, 20, 21, 22, 23, 25, 27, 31, 33, 38, 39, 42, 45, 46, 51, 56 ], 
  [ 2, 3, 4, 8, 9, 10, 14, 15, 16, 17, 20, 21, 22, 24, 25, 26, 27, 31, 32, 39, 44, 45, 47, 48, 49, 51, 53 ], 
  [ 1, 2, 3, 8, 9, 10, 11, 12, 14, 16, 17, 18, 19, 21, 24, 28, 32, 34, 41, 42, 45, 46, 47, 49, 50, 52, 55 ], 
  [ 2, 3, 4, 8, 9, 10, 11, 12, 14, 16, 17, 18, 20, 21, 24, 28, 32, 34, 41, 42, 45, 46, 47, 49, 50, 52, 55 ], 
  [ 1, 2, 3, 8, 9, 11, 12, 13, 14, 17, 19, 21, 22, 24, 28, 31, 32, 41, 42, 43, 45, 46, 47, 48, 49, 52, 53 ], 
  [ 2, 8, 9, 11, 12, 13, 14, 17, 20, 21, 22, 24, 28, 31, 35, 40, 41, 42, 43, 45, 46, 47, 48, 49, 52, 53, 55 ], 
  [ 1, 2, 8, 9, 11, 12, 13, 14, 16, 17, 18, 19, 21, 22, 23, 24, 28, 34, 35, 36, 38, 41, 42, 46, 50, 52, 55 ], 
  [ 2, 8, 9, 11, 12, 13, 14, 17, 20, 21, 22, 23, 24, 28, 31, 35, 36, 38, 40, 41, 42, 43, 46, 47, 48, 52, 55 ], 
  [ 2, 4, 8, 9, 11, 12, 13, 14, 16, 17, 18, 20, 21, 22, 23, 24, 28, 34, 35, 36, 38, 41, 42, 46, 50, 52, 55 ], 
  [ 1, 2, 6, 8, 9, 11, 12, 13, 14, 17, 18, 19, 21, 22, 23, 25, 28, 31, 35, 36, 37, 38, 39, 40, 42, 46, 55 ], 
  [ 2, 4, 6, 8, 9, 11, 12, 13, 14, 17, 18, 20, 21, 22, 23, 25, 28, 31, 35, 36, 37, 38, 39, 40, 42, 46, 55 ], 
  [ 1, 2, 3, 8, 9, 10, 11, 14, 17, 19, 21, 22, 24, 27, 28, 31, 32, 41, 42, 43, 45, 46, 47, 48, 49, 52, 53 ], 
  [ 2, 8, 9, 10, 11, 14, 17, 20, 21, 22, 24, 27, 28, 31, 35, 40, 41, 42, 43, 45, 46, 47, 48, 49, 52, 53, 55 ], 
  [ 2, 8, 9, 10, 11, 14, 17, 20, 21, 22, 23, 24, 27, 28, 31, 35, 36, 38, 40, 41, 42, 43, 46, 47, 48, 52, 55 ], 
  [ 1, 2, 6, 8, 9, 10, 11, 14, 17, 18, 19, 21, 22, 23, 25, 27, 28, 31, 35, 36, 37, 38, 39, 40, 42, 46, 55 ], 
  [ 2, 4, 6, 8, 9, 10, 11, 14, 17, 18, 20, 21, 22, 23, 25, 27, 28, 31, 35, 36, 37, 38, 39, 40, 42, 46, 55 ], 
  [ 3, 4, 5, 8, 9, 11, 12, 13, 15, 16, 17, 18, 20, 21, 22, 25, 29, 32, 39, 41, 42, 45, 47, 48, 49, 51, 53 ], 
  [ 3, 4, 5, 8, 9, 10, 11, 15, 16, 17, 18, 20, 21, 22, 25, 27, 29, 32, 39, 41, 42, 45, 47, 48, 49, 51, 53 ], 
  [ 1, 3, 5, 6, 8, 9, 11, 12, 13, 17, 18, 19, 21, 22, 28, 29, 32, 34, 41, 42, 43, 45, 46, 49, 52, 53, 54 ], 
  [ 3, 4, 5, 6, 8, 9, 11, 12, 13, 17, 18, 20, 21, 22, 28, 29, 32, 34, 41, 42, 43, 45, 46, 49, 52, 53, 54 ], 
  [ 1, 2, 3, 8, 9, 11, 12, 13, 15, 16, 17, 20, 21, 22, 24, 28, 29, 32, 41, 42, 43, 45, 47, 48, 49, 52, 53 ], 
  [ 1, 5, 6, 8, 9, 11, 12, 13, 17, 18, 19, 21, 22, 25, 28, 29, 35, 37, 39, 40, 42, 45, 46, 49, 51, 53, 55 ], 
  [ 4, 5, 6, 8, 9, 11, 12, 13, 17, 18, 20, 21, 22, 25, 28, 29, 35, 37, 39, 40, 42, 45, 46, 49, 51, 53, 55 ], 
  [ 1, 2, 3, 4, 5, 6, 8, 9, 11, 12, 13, 15, 16, 17, 18, 20, 21, 22, 25, 28, 29, 39, 42, 45, 49, 51, 53 ], 
  [ 1, 3, 5, 6, 8, 9, 10, 11, 17, 18, 19, 21, 22, 27, 28, 29, 32, 34, 41, 42, 43, 45, 46, 49, 52, 53, 54 ], 
  [ 3, 4, 5, 6, 8, 9, 10, 11, 17, 18, 20, 21, 22, 27, 28, 29, 32, 34, 41, 42, 43, 45, 46, 49, 52, 53, 54 ], 
  [ 1, 2, 3, 8, 9, 10, 11, 15, 16, 17, 20, 21, 22, 24, 27, 28, 29, 32, 41, 42, 43, 45, 47, 48, 49, 52, 53 ], 
  [ 1, 5, 6, 8, 9, 10, 11, 17, 18, 19, 21, 22, 25, 27, 28, 29, 35, 37, 39, 40, 42, 45, 46, 49, 51, 53, 55 ], 
  [ 4, 5, 6, 8, 9, 10, 11, 17, 18, 20, 21, 22, 25, 27, 28, 29, 35, 37, 39, 40, 42, 45, 46, 49, 51, 53, 55 ], 
  [ 1, 2, 3, 4, 5, 6, 8, 9, 10, 11, 15, 16, 17, 18, 20, 21, 22, 25, 27, 28, 29, 39, 42, 45, 49, 51, 53 ], 
  [ 1, 2, 6, 7, 9, 11, 13, 14, 15, 18, 19, 22, 23, 24, 30, 31, 33, 34, 35, 36, 38, 41, 42, 43, 46, 54, 56 ], 
  [ 2, 4, 6, 7, 9, 11, 13, 14, 15, 18, 20, 22, 23, 24, 30, 31, 33, 34, 35, 36, 38, 41, 42, 43, 46, 54, 56 ], 
  [ 1, 2, 3, 7, 9, 10, 11, 14, 15, 16, 18, 19, 21, 22, 23, 24, 30, 32, 33, 34, 36, 38, 41, 42, 46, 50, 56 ], 
  [ 2, 3, 4, 7, 9, 10, 11, 14, 15, 16, 18, 20, 21, 22, 23, 24, 30, 32, 33, 34, 36, 38, 41, 42, 46, 50, 56 ], 
  [ 1, 2, 3, 6, 7, 9, 12, 13, 14, 15, 19, 21, 22, 23, 25, 26, 30, 31, 33, 36, 37, 38, 39, 44, 46, 51, 56 ], 
  [ 2, 3, 4, 6, 7, 9, 12, 13, 14, 15, 20, 21, 22, 23, 25, 26, 30, 31, 33, 36, 37, 38, 39, 44, 46, 51, 56 ], 
  [ 2, 3, 4, 7, 9, 12, 13, 14, 15, 16, 20, 21, 22, 24, 25, 26, 30, 31, 32, 37, 39, 44, 47, 48, 49, 51, 53 ], 
  [ 1, 2, 6, 7, 9, 10, 11, 14, 15, 18, 19, 22, 23, 25, 27, 30, 31, 33, 35, 36, 37, 38, 39, 42, 46, 51, 56 ], 
  [ 2, 4, 6, 7, 9, 10, 11, 14, 15, 18, 20, 22, 23, 25, 27, 30, 31, 33, 35, 36, 37, 38, 39, 42, 46, 51, 56 ], 
  [ 1, 2, 3, 6, 7, 9, 10, 14, 15, 19, 21, 22, 23, 25, 26, 27, 30, 31, 33, 36, 37, 38, 39, 44, 46, 51, 56 ], 
  [ 2, 3, 4, 6, 7, 9, 10, 14, 15, 20, 21, 22, 23, 25, 26, 27, 30, 31, 33, 36, 37, 38, 39, 44, 46, 51, 56 ], 
  [ 2, 3, 4, 7, 9, 10, 14, 15, 16, 20, 21, 22, 24, 25, 26, 27, 30, 31, 32, 37, 39, 44, 47, 48, 49, 51, 53 ], 
  [ 1, 2, 3, 7, 9, 11, 12, 13, 14, 16, 18, 19, 21, 22, 23, 24, 28, 30, 32, 34, 36, 38, 41, 42, 46, 50, 52 ], 
  [ 2, 3, 4, 7, 9, 11, 12, 13, 14, 16, 18, 20, 21, 22, 23, 24, 28, 30, 32, 34, 36, 38, 41, 42, 46, 50, 52 ], 
  [ 2, 3, 11, 12, 13, 14, 19, 20, 21, 22, 23, 24, 28, 30, 31, 32, 36, 38, 41, 42, 43, 46, 47, 48, 50, 52, 56 ], 
  [ 2, 4, 6, 7, 11, 13, 14, 18, 19, 20, 22, 23, 25, 28, 30, 31, 33, 35, 36, 37, 38, 39, 42, 46, 50, 51, 56 ], 
  [ 1, 2, 3, 7, 9, 10, 11, 13, 14, 16, 19, 22, 23, 24, 26, 28, 30, 32, 34, 35, 36, 38, 41, 46, 48, 50, 52 ], 
  [ 2, 3, 4, 7, 9, 10, 11, 13, 14, 16, 20, 22, 23, 24, 26, 28, 30, 32, 34, 35, 36, 38, 41, 46, 48, 50, 52 ], 
  [ 1, 2, 3, 6, 7, 9, 12, 13, 14, 19, 21, 22, 23, 24, 26, 28, 30, 31, 32, 34, 36, 38, 43, 44, 46, 52, 54 ], 
  [ 2, 3, 4, 6, 7, 9, 12, 13, 14, 20, 21, 22, 23, 24, 26, 28, 30, 31, 32, 34, 36, 38, 43, 44, 46, 52, 54 ], 
  [ 1, 2, 6, 7, 9, 10, 11, 14, 18, 19, 22, 23, 24, 27, 28, 30, 31, 34, 35, 36, 38, 41, 42, 43, 46, 52, 54 ], 
  [ 2, 4, 6, 7, 9, 10, 11, 14, 18, 20, 22, 23, 24, 27, 28, 30, 31, 34, 35, 36, 38, 41, 42, 43, 46, 52, 54 ], 
  [ 2, 3, 10, 11, 14, 19, 20, 21, 22, 23, 24, 27, 28, 30, 31, 32, 36, 38, 41, 42, 43, 46, 47, 48, 50, 52, 56 ], 
  [ 1, 2, 3, 6, 7, 9, 10, 14, 19, 21, 22, 23, 24, 26, 27, 28, 30, 31, 32, 34, 36, 38, 43, 44, 46, 52, 54 ], 
  [ 2, 3, 4, 6, 7, 9, 10, 14, 20, 21, 22, 23, 24, 26, 27, 28, 30, 31, 32, 34, 36, 38, 43, 44, 46, 52, 54 ], 
  [ 1, 2, 3, 6, 7, 9, 10, 11, 13, 14, 19, 22, 25, 26, 27, 28, 30, 31, 35, 37, 39, 44, 46, 48, 49, 51, 53 ], 
  [ 2, 3, 4, 6, 7, 9, 10, 11, 13, 14, 20, 22, 25, 26, 27, 28, 30, 31, 35, 37, 39, 44, 46, 48, 49, 51, 53 ], 
  [ 1, 2, 3, 6, 7, 9, 10, 11, 13, 14, 19, 22, 23, 25, 26, 27, 28, 30, 31, 35, 36, 37, 38, 39, 44, 46, 48 ], 
  [ 2, 3, 4, 6, 7, 9, 10, 11, 13, 14, 20, 22, 23, 25, 26, 27, 28, 30, 31, 35, 36, 37, 38, 39, 44, 46, 48 ], 
  [ 1, 2, 7, 9, 10, 14, 16, 19, 22, 24, 25, 26, 27, 28, 30, 31, 35, 37, 39, 44, 46, 48, 49, 50, 51, 52, 53 ], 
  [ 2, 4, 7, 9, 10, 14, 16, 20, 22, 24, 25, 26, 27, 28, 30, 31, 35, 37, 39, 44, 46, 48, 49, 50, 51, 52, 53 ], 
  [ 1, 2, 7, 9, 10, 14, 16, 19, 22, 23, 24, 25, 26, 27, 28, 30, 31, 35, 36, 37, 38, 39, 44, 46, 48, 50, 52 ], 
  [ 2, 4, 7, 9, 10, 14, 16, 20, 22, 23, 24, 25, 26, 27, 28, 30, 31, 35, 36, 37, 38, 39, 44, 46, 48, 50, 52 ], 
  [ 3, 4, 5, 7, 9, 11, 12, 13, 15, 16, 18, 20, 21, 22, 25, 29, 30, 32, 37, 39, 41, 42, 47, 48, 49, 51, 53 ], 
  [ 3, 4, 5, 7, 9, 10, 11, 15, 16, 18, 20, 21, 22, 25, 27, 29, 30, 32, 37, 39, 41, 42, 47, 48, 49, 51, 53 ], 
  [ 1, 2, 3, 4, 5, 6, 7, 9, 11, 12, 13, 15, 16, 18, 20, 21, 22, 25, 28, 29, 30, 37, 39, 42, 49, 51, 53 ], 
  [ 1, 2, 9, 10, 11, 15, 16, 19, 20, 22, 23, 24, 27, 28, 29, 30, 35, 36, 38, 41, 42, 43, 46, 48, 50, 52, 56 ], 
  [ 1, 5, 7, 9, 10, 11, 16, 18, 19, 22, 25, 27, 28, 29, 30, 35, 37, 39, 41, 42, 46, 48, 49, 50, 51, 52, 53 ], 
  [ 4, 5, 7, 9, 10, 11, 16, 18, 20, 22, 25, 27, 28, 29, 30, 35, 37, 39, 41, 42, 46, 48, 49, 50, 51, 52, 53 ], 
  [ 1, 2, 3, 4, 5, 6, 7, 9, 10, 11, 15, 16, 18, 20, 21, 22, 25, 27, 28, 29, 30, 37, 39, 42, 49, 51, 53 ], 
  [ 1, 5, 7, 9, 10, 11, 16, 18, 19, 22, 23, 25, 27, 28, 29, 30, 35, 36, 37, 38, 39, 41, 42, 46, 48, 50, 52 ], 
  [ 4, 5, 7, 9, 10, 11, 16, 18, 20, 22, 23, 25, 27, 28, 29, 30, 35, 36, 37, 38, 39, 41, 42, 46, 48, 50, 52 ], 
  [ 1, 2, 9, 10, 11, 15, 16, 19, 20, 22, 23, 25, 27, 28, 29, 30, 35, 36, 37, 38, 39, 42, 46, 48, 50, 51, 56 ], 
  [ 2, 4, 6, 8, 9, 11, 12, 13, 14, 15, 17, 18, 20, 21, 22, 24, 31, 34, 35, 40, 41, 42, 43, 45, 49, 53, 54, 55 ], 
  [ 1, 2, 8, 9, 10, 11, 14, 15, 16, 17, 18, 19, 21, 22, 23, 24, 33, 34, 35, 36, 38, 41, 42, 45, 46, 50, 55, 56 ], 
  [ 1, 2, 3, 8, 9, 11, 12, 13, 14, 15, 16, 17, 18, 19, 21, 22, 23, 24, 32, 33, 34, 38, 41, 42, 45, 46, 50, 56 ], 
  [ 2, 8, 9, 11, 12, 13, 14, 15, 17, 20, 21, 22, 23, 24, 31, 35, 36, 38, 40, 41, 42, 43, 45, 46, 47, 48, 55, 56 ], 
  [ 2, 4, 8, 9, 10, 11, 14, 15, 16, 17, 18, 20, 21, 22, 23, 24, 33, 34, 35, 36, 38, 41, 42, 45, 46, 50, 55, 56 ], 
  [ 2, 3, 4, 8, 9, 11, 12, 13, 14, 15, 16, 17, 18, 20, 21, 22, 23, 24, 32, 33, 34, 38, 41, 42, 45, 46, 50, 56 ], 
  [ 1, 2, 3, 8, 9, 11, 12, 13, 14, 15, 16, 17, 18, 21, 22, 24, 25, 31, 32, 39, 41, 42, 45, 47, 48, 49, 51, 53 ], 
  [ 2, 4, 6, 8, 9, 10, 11, 14, 15, 17, 18, 20, 21, 22, 24, 27, 31, 34, 35, 40, 41, 42, 43, 45, 49, 53, 54, 55 ], 
  [ 2, 8, 9, 10, 11, 14, 15, 17, 20, 21, 22, 23, 24, 27, 31, 35, 36, 38, 40, 41, 42, 43, 45, 46, 47, 48, 55, 56 ], 
  [ 2, 3, 4, 6, 8, 9, 10, 11, 12, 14, 15, 17, 18, 20, 21, 25, 27, 31, 37, 39, 40, 42, 45, 47, 49, 51, 53, 55 ], 
  [ 1, 2, 3, 8, 9, 10, 11, 14, 15, 16, 17, 18, 21, 22, 24, 25, 27, 31, 32, 39, 41, 42, 45, 47, 48, 49, 51, 53 ], 
  [ 1, 2, 8, 9, 11, 12, 13, 14, 17, 19, 21, 22, 24, 28, 31, 35, 40, 41, 42, 43, 45, 46, 47, 48, 49, 52, 53, 55 ], 
  [ 1, 2, 3, 8, 9, 10, 11, 12, 14, 16, 17, 18, 19, 21, 23, 24, 28, 32, 34, 36, 38, 41, 42, 46, 47, 50, 52, 55 ], 
  [ 2, 3, 4, 8, 9, 10, 11, 12, 14, 16, 17, 18, 20, 21, 23, 24, 28, 32, 34, 36, 38, 41, 42, 46, 47, 50, 52, 55 ], 
  [ 1, 2, 8, 9, 11, 12, 13, 14, 17, 19, 21, 22, 23, 24, 28, 31, 35, 36, 38, 40, 41, 42, 43, 46, 47, 48, 52, 55 ], 
  [ 1, 2, 3, 6, 8, 9, 11, 12, 13, 14, 17, 18, 19, 21, 22, 23, 24, 28, 31, 32, 34, 38, 41, 42, 43, 46, 52, 54 ], 
  [ 2, 3, 4, 6, 8, 9, 11, 12, 13, 14, 17, 18, 20, 21, 22, 23, 24, 28, 31, 32, 34, 38, 41, 42, 43, 46, 52, 54 ], 
  [ 2, 3, 8, 11, 12, 13, 14, 17, 19, 20, 21, 22, 23, 24, 28, 31, 32, 38, 41, 42, 43, 45, 46, 47, 48, 50, 52, 56 ], 
  [ 1, 2, 6, 8, 9, 11, 12, 13, 14, 17, 18, 19, 21, 22, 25, 28, 31, 35, 37, 39, 40, 42, 45, 46, 49, 51, 53, 55 ], 
  [ 2, 4, 6, 8, 9, 11, 12, 13, 14, 17, 18, 20, 21, 22, 25, 28, 31, 35, 37, 39, 40, 42, 45, 46, 49, 51, 53, 55 ], 
  [ 2, 3, 4, 6, 8, 11, 12, 13, 14, 17, 18, 19, 20, 21, 22, 23, 25, 28, 31, 33, 38, 39, 42, 45, 46, 50, 51, 56 ], 
  [ 2, 3, 4, 8, 9, 12, 13, 14, 16, 17, 20, 21, 22, 23, 24, 25, 26, 28, 31, 32, 38, 39, 44, 46, 47, 48, 50, 52 ], 
  [ 1, 2, 8, 9, 10, 11, 14, 17, 19, 21, 22, 24, 27, 28, 31, 35, 40, 41, 42, 43, 45, 46, 47, 48, 49, 52, 53, 55 ], 
  [ 1, 2, 8, 9, 10, 11, 14, 17, 19, 21, 22, 23, 24, 27, 28, 31, 35, 36, 38, 40, 41, 42, 43, 46, 47, 48, 52, 55 ], 
  [ 1, 2, 3, 6, 8, 9, 10, 11, 14, 17, 18, 19, 21, 22, 23, 24, 27, 28, 31, 32, 34, 38, 41, 42, 43, 46, 52, 54 ], 
  [ 2, 3, 4, 6, 8, 9, 10, 11, 14, 17, 18, 20, 21, 22, 23, 24, 27, 28, 31, 32, 34, 38, 41, 42, 43, 46, 52, 54 ], 
  [ 2, 3, 8, 10, 11, 14, 17, 19, 20, 21, 22, 23, 24, 27, 28, 31, 32, 38, 41, 42, 43, 45, 46, 47, 48, 50, 52, 56 ], 
  [ 1, 2, 6, 8, 9, 10, 11, 14, 17, 18, 19, 21, 22, 25, 27, 28, 31, 35, 37, 39, 40, 42, 45, 46, 49, 51, 53, 55 ], 
  [ 2, 4, 6, 8, 9, 10, 11, 14, 17, 18, 20, 21, 22, 25, 27, 28, 31, 35, 37, 39, 40, 42, 45, 46, 49, 51, 53, 55 ], 
  [ 1, 2, 3, 6, 8, 9, 10, 11, 12, 14, 17, 18, 19, 21, 23, 25, 27, 28, 31, 36, 37, 38, 39, 40, 42, 46, 47, 55 ], 
  [ 2, 3, 4, 6, 8, 9, 10, 11, 12, 14, 17, 18, 20, 21, 23, 25, 27, 28, 31, 36, 37, 38, 39, 40, 42, 46, 47, 55 ], 
  [ 2, 3, 4, 6, 8, 10, 11, 14, 17, 18, 19, 20, 21, 22, 23, 25, 27, 28, 31, 33, 38, 39, 42, 45, 46, 50, 51, 56 ], 
  [ 2, 3, 4, 8, 9, 10, 14, 16, 17, 20, 21, 22, 23, 24, 25, 26, 27, 28, 31, 32, 38, 39, 44, 46, 47, 48, 50, 52 ], 
  [ 1, 5, 8, 9, 11, 12, 13, 15, 16, 17, 18, 21, 22, 25, 29, 35, 37, 39, 40, 41, 42, 45, 47, 48, 49, 51, 53, 55 ], 
  [ 1, 5, 8, 9, 10, 11, 15, 16, 17, 18, 21, 22, 25, 27, 29, 35, 37, 39, 40, 41, 42, 45, 47, 48, 49, 51, 53, 55 ], 
  [ 1, 5, 6, 8, 9, 11, 12, 13, 17, 18, 19, 21, 22, 28, 29, 34, 35, 40, 41, 42, 43, 45, 46, 49, 52, 53, 54, 55 ], 
  [ 4, 5, 6, 8, 9, 11, 12, 13, 17, 18, 20, 21, 22, 28, 29, 34, 35, 40, 41, 42, 43, 45, 46, 49, 52, 53, 54, 55 ], 
  [ 1, 2, 8, 9, 11, 12, 13, 15, 16, 17, 20, 21, 22, 24, 28, 29, 35, 40, 41, 42, 43, 45, 47, 48, 49, 52, 53, 55 ], 
  [ 1, 2, 8, 9, 11, 12, 13, 15, 16, 17, 20, 21, 22, 25, 28, 29, 35, 37, 39, 40, 42, 45, 47, 48, 49, 51, 53, 55 ], 
  [ 1, 3, 5, 8, 9, 12, 13, 16, 17, 19, 21, 22, 25, 26, 28, 29, 32, 39, 44, 45, 46, 47, 48, 49, 50, 51, 52, 53 ], 
  [ 3, 4, 5, 8, 9, 12, 13, 16, 17, 20, 21, 22, 25, 26, 28, 29, 32, 39, 44, 45, 46, 47, 48, 49, 50, 51, 52, 53 ], 
  [ 1, 5, 6, 8, 9, 10, 11, 17, 18, 19, 21, 22, 27, 28, 29, 34, 35, 40, 41, 42, 43, 45, 46, 49, 52, 53, 54, 55 ], 
  [ 4, 5, 6, 8, 9, 10, 11, 17, 18, 20, 21, 22, 27, 28, 29, 34, 35, 40, 41, 42, 43, 45, 46, 49, 52, 53, 54, 55 ], 
  [ 1, 2, 8, 9, 10, 11, 15, 16, 17, 20, 21, 22, 24, 27, 28, 29, 35, 40, 41, 42, 43, 45, 47, 48, 49, 52, 53, 55 ], 
  [ 1, 3, 5, 6, 8, 9, 10, 11, 12, 17, 18, 19, 21, 25, 27, 28, 29, 37, 39, 40, 42, 45, 46, 47, 49, 51, 53, 55 ], 
  [ 3, 4, 5, 6, 8, 9, 10, 11, 12, 17, 18, 20, 21, 25, 27, 28, 29, 37, 39, 40, 42, 45, 46, 47, 49, 51, 53, 55 ], 
  [ 1, 2, 8, 9, 10, 11, 15, 16, 17, 20, 21, 22, 25, 27, 28, 29, 35, 37, 39, 40, 42, 45, 47, 48, 49, 51, 53, 55 ], 
  [ 1, 3, 5, 8, 9, 10, 11, 16, 17, 18, 19, 21, 22, 23, 25, 27, 28, 29, 32, 38, 39, 41, 42, 46, 47, 48, 50, 52 ], 
  [ 3, 4, 5, 8, 9, 10, 11, 16, 17, 18, 20, 21, 22, 23, 25, 27, 28, 29, 32, 38, 39, 41, 42, 46, 47, 48, 50, 52 ], 
  [ 1, 3, 5, 8, 9, 10, 16, 17, 19, 21, 22, 25, 26, 27, 28, 29, 32, 39, 44, 45, 46, 47, 48, 49, 50, 51, 52, 53 ], 
  [ 3, 4, 5, 8, 9, 10, 16, 17, 20, 21, 22, 25, 26, 27, 28, 29, 32, 39, 44, 45, 46, 47, 48, 49, 50, 51, 52, 53 ], 
  [ 1, 2, 3, 7, 9, 11, 12, 13, 14, 15, 16, 18, 19, 21, 22, 23, 24, 30, 32, 33, 34, 36, 38, 41, 42, 46, 50, 56 ], 
  [ 2, 3, 4, 7, 9, 11, 12, 13, 14, 15, 16, 18, 20, 21, 22, 23, 24, 30, 32, 33, 34, 36, 38, 41, 42, 46, 50, 56 ], 
  [ 1, 2, 3, 6, 7, 9, 11, 12, 13, 14, 15, 18, 19, 21, 22, 23, 25, 30, 31, 33, 36, 37, 38, 39, 42, 46, 51, 56 ], 
  [ 2, 3, 4, 6, 7, 9, 11, 12, 13, 14, 15, 18, 20, 21, 22, 23, 25, 30, 31, 33, 36, 37, 38, 39, 42, 46, 51, 56 ], 
  [ 1, 2, 3, 7, 9, 11, 12, 13, 14, 15, 16, 18, 21, 22, 24, 25, 30, 31, 32, 37, 39, 41, 42, 47, 48, 49, 51, 53 ], 
  [ 1, 2, 3, 7, 9, 10, 11, 13, 14, 15, 16, 19, 22, 23, 24, 26, 30, 32, 33, 34, 35, 36, 38, 41, 46, 48, 50, 56 ], 
  [ 2, 3, 4, 7, 9, 10, 11, 13, 14, 15, 16, 20, 22, 23, 24, 26, 30, 32, 33, 34, 35, 36, 38, 41, 46, 48, 50, 56 ], 
  [ 1, 2, 3, 6, 7, 9, 12, 13, 14, 15, 19, 21, 22, 23, 24, 26, 30, 31, 32, 33, 34, 36, 38, 43, 44, 46, 54, 56 ], 
  [ 2, 3, 4, 6, 7, 9, 12, 13, 14, 15, 20, 21, 22, 23, 24, 26, 30, 31, 32, 33, 34, 36, 38, 43, 44, 46, 54, 56 ], 
  [ 1, 2, 3, 7, 9, 10, 11, 13, 14, 15, 16, 19, 22, 23, 25, 26, 30, 33, 35, 36, 37, 38, 39, 46, 48, 50, 51, 56 ], 
  [ 2, 3, 4, 7, 9, 10, 11, 13, 14, 15, 16, 20, 22, 23, 25, 26, 30, 33, 35, 36, 37, 38, 39, 46, 48, 50, 51, 56 ], 
  [ 1, 2, 7, 9, 13, 14, 15, 16, 19, 22, 23, 24, 25, 26, 30, 31, 33, 35, 36, 37, 38, 39, 44, 46, 48, 50, 51, 56 ], 
  [ 2, 4, 7, 9, 13, 14, 15, 16, 20, 22, 23, 24, 25, 26, 30, 31, 33, 35, 36, 37, 38, 39, 44, 46, 48, 50, 51, 56 ], 
  [ 1, 2, 6, 7, 9, 10, 11, 14, 15, 18, 19, 22, 23, 24, 27, 30, 31, 33, 34, 35, 36, 38, 41, 42, 43, 46, 54, 56 ], 
  [ 2, 4, 6, 7, 9, 10, 11, 14, 15, 18, 20, 22, 23, 24, 27, 30, 31, 33, 34, 35, 36, 38, 41, 42, 43, 46, 54, 56 ], 
  [ 1, 2, 3, 6, 7, 9, 10, 11, 14, 15, 18, 19, 21, 22, 23, 25, 27, 30, 31, 33, 36, 37, 38, 39, 42, 46, 51, 56 ], 
  [ 2, 3, 4, 6, 7, 9, 10, 11, 14, 15, 18, 20, 21, 22, 23, 25, 27, 30, 31, 33, 36, 37, 38, 39, 42, 46, 51, 56 ], 
  [ 1, 2, 3, 7, 9, 10, 11, 14, 15, 16, 18, 21, 22, 24, 25, 27, 30, 31, 32, 37, 39, 41, 42, 47, 48, 49, 51, 53 ], 
  [ 1, 2, 3, 6, 7, 9, 10, 14, 15, 19, 21, 22, 23, 24, 26, 27, 30, 31, 32, 33, 34, 36, 38, 43, 44, 46, 54, 56 ], 
  [ 2, 3, 4, 6, 7, 9, 10, 14, 15, 20, 21, 22, 23, 24, 26, 27, 30, 31, 32, 33, 34, 36, 38, 43, 44, 46, 54, 56 ], 
  [ 1, 2, 7, 9, 11, 13, 14, 16, 18, 19, 22, 24, 25, 28, 30, 31, 35, 37, 39, 41, 42, 46, 48, 49, 50, 51, 52, 53 ], 
  [ 2, 4, 7, 9, 11, 13, 14, 16, 18, 20, 22, 24, 25, 28, 30, 31, 35, 37, 39, 41, 42, 46, 48, 49, 50, 51, 52, 53 ], 
  [ 1, 2, 7, 9, 11, 13, 14, 16, 18, 19, 22, 23, 24, 25, 28, 30, 31, 35, 36, 37, 38, 39, 41, 42, 46, 48, 50, 52 ], 
  [ 2, 4, 7, 9, 11, 13, 14, 16, 18, 20, 22, 23, 24, 25, 28, 30, 31, 35, 36, 37, 38, 39, 41, 42, 46, 48, 50, 52 ], 
  [ 2, 3, 4, 6, 7, 12, 13, 14, 19, 20, 21, 22, 23, 25, 26, 28, 30, 31, 33, 36, 37, 38, 39, 44, 46, 50, 51, 56 ], 
  [ 2, 4, 6, 7, 10, 11, 14, 18, 19, 20, 22, 23, 25, 27, 28, 30, 31, 33, 35, 36, 37, 38, 39, 42, 46, 50, 51, 56 ], 
  [ 2, 3, 4, 6, 7, 10, 14, 19, 20, 21, 22, 23, 25, 26, 27, 28, 30, 31, 33, 36, 37, 38, 39, 44, 46, 50, 51, 56 ], 
  [ 1, 3, 5, 7, 9, 12, 13, 16, 19, 21, 22, 25, 26, 28, 29, 30, 32, 37, 39, 44, 46, 47, 48, 49, 50, 51, 52, 53 ], 
  [ 3, 4, 5, 7, 9, 12, 13, 16, 20, 21, 22, 25, 26, 28, 29, 30, 32, 37, 39, 44, 46, 47, 48, 49, 50, 51, 52, 53 ], 
  [ 1, 3, 5, 7, 9, 12, 13, 16, 19, 21, 22, 23, 25, 26, 28, 29, 30, 32, 36, 37, 38, 39, 44, 46, 47, 48, 50, 52 ], 
  [ 3, 4, 5, 7, 9, 12, 13, 16, 20, 21, 22, 23, 25, 26, 28, 29, 30, 32, 36, 37, 38, 39, 44, 46, 47, 48, 50, 52 ], 
  [ 1, 3, 5, 7, 9, 10, 16, 19, 21, 22, 25, 26, 27, 28, 29, 30, 32, 37, 39, 44, 46, 47, 48, 49, 50, 51, 52, 53 ], 
  [ 3, 4, 5, 7, 9, 10, 16, 20, 21, 22, 25, 26, 27, 28, 29, 30, 32, 37, 39, 44, 46, 47, 48, 49, 50, 51, 52, 53 ], 
  [ 1, 3, 5, 7, 9, 10, 16, 19, 21, 22, 23, 25, 26, 27, 28, 29, 30, 32, 36, 37, 38, 39, 44, 46, 47, 48, 50, 52 ], 
  [ 3, 4, 5, 7, 9, 10, 16, 20, 21, 22, 23, 25, 26, 27, 28, 29, 30, 32, 36, 37, 38, 39, 44, 46, 47, 48, 50, 52 ], 
  [ 1, 2, 8, 9, 11, 12, 13, 14, 15, 17, 19, 21, 22, 23, 24, 31, 35, 36, 38, 40, 41, 42, 43, 45, 46, 47, 48, 55, 56 ], 
  [ 1, 2, 8, 9, 11, 12, 13, 14, 15, 16, 17, 18, 19, 21, 22, 23, 24, 33, 34, 35, 36, 38, 41, 42, 45, 46, 50, 55, 56 ], 
  [ 2, 4, 8, 9, 11, 12, 13, 14, 15, 16, 17, 18, 20, 21, 22, 23, 24, 33, 34, 35, 36, 38, 41, 42, 45, 46, 50, 55, 56 ], 
  [ 2, 3, 4, 8, 9, 11, 12, 13, 14, 15, 16, 17, 18, 20, 21, 22, 24, 25, 31, 32, 39, 41, 42, 45, 47, 48, 49, 51, 53 ], 
  [ 2, 4, 8, 9, 12, 13, 14, 15, 16, 17, 20, 21, 22, 24, 25, 26, 31, 35, 37, 39, 40, 44, 45, 47, 48, 49, 51, 53, 55 ], 
  [ 1, 2, 3, 6, 8, 9, 10, 11, 12, 14, 15, 17, 18, 21, 24, 27, 31, 32, 34, 40, 41, 42, 43, 45, 47, 49, 53, 54, 55 ], 
  [ 1, 2, 8, 9, 10, 11, 14, 15, 17, 19, 21, 22, 23, 24, 27, 31, 35, 36, 38, 40, 41, 42, 43, 45, 46, 47, 48, 55, 56 ], 
  [ 2, 3, 4, 8, 9, 10, 11, 14, 15, 16, 17, 18, 20, 21, 22, 24, 25, 27, 31, 32, 39, 41, 42, 45, 47, 48, 49, 51, 53 ], 
  [ 2, 4, 8, 9, 10, 14, 15, 16, 17, 20, 21, 22, 24, 25, 26, 27, 31, 35, 37, 39, 40, 44, 45, 47, 48, 49, 51, 53, 55 ], 
  [ 1, 2, 3, 6, 8, 9, 11, 12, 13, 14, 17, 18, 19, 21, 22, 24, 28, 31, 32, 34, 41, 42, 43, 45, 46, 49, 52, 53, 54 ], 
  [ 2, 3, 4, 6, 8, 9, 11, 12, 13, 14, 17, 18, 20, 21, 22, 24, 28, 31, 32, 34, 41, 42, 43, 45, 46, 49, 52, 53, 54 ], 
  [ 2, 3, 4, 8, 9, 10, 11, 12, 13, 14, 16, 17, 20, 21, 22, 25, 26, 28, 35, 37, 39, 45, 46, 47, 48, 49, 50, 51, 55 ], 
  [ 2, 3, 4, 8, 9, 10, 11, 12, 13, 14, 16, 17, 20, 21, 22, 23, 25, 26, 28, 35, 36, 37, 38, 39, 46, 47, 48, 50, 55 ], 
  [ 1, 2, 3, 6, 8, 9, 10, 11, 14, 17, 18, 19, 21, 22, 24, 27, 28, 31, 32, 34, 41, 42, 43, 45, 46, 49, 52, 53, 54 ], 
  [ 2, 3, 4, 6, 8, 9, 10, 11, 14, 17, 18, 20, 21, 22, 24, 27, 28, 31, 32, 34, 41, 42, 43, 45, 46, 49, 52, 53, 54 ], 
  [ 1, 2, 3, 6, 8, 9, 10, 11, 12, 14, 17, 18, 19, 21, 25, 27, 28, 31, 37, 39, 40, 42, 45, 46, 47, 49, 51, 53, 55 ], 
  [ 2, 3, 4, 6, 8, 9, 10, 11, 12, 14, 17, 18, 20, 21, 25, 27, 28, 31, 37, 39, 40, 42, 45, 46, 47, 49, 51, 53, 55 ], 
  [ 4, 5, 8, 9, 11, 12, 13, 15, 16, 17, 18, 20, 21, 22, 25, 29, 35, 37, 39, 40, 41, 42, 45, 47, 48, 49, 51, 53, 55 ], 
  [ 1, 3, 5, 8, 9, 12, 13, 15, 16, 17, 19, 21, 22, 23, 25, 26, 29, 32, 33, 38, 39, 44, 45, 46, 47, 48, 50, 51, 56 ], 
  [ 3, 4, 5, 8, 9, 12, 13, 15, 16, 17, 20, 21, 22, 23, 25, 26, 29, 32, 33, 38, 39, 44, 45, 46, 47, 48, 50, 51, 56 ], 
  [ 4, 5, 8, 9, 10, 11, 15, 16, 17, 18, 20, 21, 22, 25, 27, 29, 35, 37, 39, 40, 41, 42, 45, 47, 48, 49, 51, 53, 55 ], 
  [ 1, 3, 5, 8, 9, 10, 15, 16, 17, 19, 21, 22, 23, 25, 26, 27, 29, 32, 33, 38, 39, 44, 45, 46, 47, 48, 50, 51, 56 ], 
  [ 3, 4, 5, 8, 9, 10, 15, 16, 17, 20, 21, 22, 23, 25, 26, 27, 29, 32, 33, 38, 39, 44, 45, 46, 47, 48, 50, 51, 56 ], 
  [ 1, 3, 5, 8, 9, 10, 11, 12, 13, 16, 17, 19, 21, 22, 26, 28, 29, 32, 34, 35, 41, 45, 46, 47, 48, 49, 50, 52, 55 ], 
  [ 3, 4, 5, 8, 9, 10, 11, 12, 13, 16, 17, 20, 21, 22, 26, 28, 29, 32, 34, 35, 41, 45, 46, 47, 48, 49, 50, 52, 55 ], 
  [ 1, 3, 5, 8, 9, 10, 11, 12, 13, 16, 17, 19, 21, 22, 25, 26, 28, 29, 35, 37, 39, 45, 46, 47, 48, 49, 50, 51, 55 ], 
  [ 3, 4, 5, 8, 9, 10, 11, 12, 13, 16, 17, 20, 21, 22, 25, 26, 28, 29, 35, 37, 39, 45, 46, 47, 48, 49, 50, 51, 55 ], 
  [ 1, 5, 8, 9, 12, 13, 16, 17, 19, 21, 22, 23, 25, 26, 28, 29, 35, 36, 37, 38, 39, 40, 44, 46, 47, 48, 50, 52, 55 ], 
  [ 4, 5, 8, 9, 12, 13, 16, 17, 20, 21, 22, 23, 25, 26, 28, 29, 35, 36, 37, 38, 39, 40, 44, 46, 47, 48, 50, 52, 55 ], 
  [ 1, 2, 3, 8, 9, 10, 11, 15, 16, 17, 19, 20, 21, 22, 23, 25, 27, 28, 29, 38, 39, 42, 45, 46, 47, 48, 50, 51, 56 ], 
  [ 1, 5, 8, 9, 10, 16, 17, 19, 21, 22, 23, 25, 26, 27, 28, 29, 35, 36, 37, 38, 39, 40, 44, 46, 47, 48, 50, 52, 55 ], 
  [ 4, 5, 8, 9, 10, 16, 17, 20, 21, 22, 23, 25, 26, 27, 28, 29, 35, 36, 37, 38, 39, 40, 44, 46, 47, 48, 50, 52, 55 ], 
  [ 2, 3, 4, 7, 9, 11, 12, 13, 14, 15, 16, 18, 20, 21, 22, 24, 25, 30, 31, 32, 37, 39, 41, 42, 47, 48, 49, 51, 53 ], 
  [ 2, 3, 4, 7, 9, 10, 11, 14, 15, 16, 18, 20, 21, 22, 24, 25, 27, 30, 31, 32, 37, 39, 41, 42, 47, 48, 49, 51, 53 ], 
  [ 1, 2, 7, 9, 10, 14, 15, 16, 19, 22, 23, 24, 25, 26, 27, 30, 31, 33, 35, 36, 37, 38, 39, 44, 46, 48, 50, 51, 56 ], 
  [ 2, 4, 7, 9, 10, 14, 15, 16, 20, 22, 23, 24, 25, 26, 27, 30, 31, 33, 35, 36, 37, 38, 39, 44, 46, 48, 50, 51, 56 ], 
  [ 2, 4, 6, 7, 11, 13, 14, 18, 19, 20, 22, 23, 24, 28, 30, 31, 33, 34, 35, 36, 38, 41, 42, 43, 46, 50, 52, 54, 56 ], 
  [ 1, 2, 3, 6, 7, 9, 11, 12, 13, 14, 18, 19, 21, 22, 23, 24, 28, 30, 31, 32, 34, 36, 38, 41, 42, 43, 46, 52, 54 ], 
  [ 2, 3, 4, 6, 7, 9, 11, 12, 13, 14, 18, 20, 21, 22, 23, 24, 28, 30, 31, 32, 34, 36, 38, 41, 42, 43, 46, 52, 54 ], 
  [ 2, 3, 4, 6, 7, 11, 12, 13, 14, 18, 19, 20, 21, 22, 23, 25, 28, 30, 31, 33, 36, 37, 38, 39, 42, 46, 50, 51, 56 ], 
  [ 1, 2, 3, 6, 7, 9, 10, 11, 14, 18, 19, 21, 22, 23, 24, 27, 28, 30, 31, 32, 34, 36, 38, 41, 42, 43, 46, 52, 54 ], 
  [ 2, 3, 4, 6, 7, 9, 10, 11, 14, 18, 20, 21, 22, 23, 24, 27, 28, 30, 31, 32, 34, 36, 38, 41, 42, 43, 46, 52, 54 ], 
  [ 2, 3, 4, 6, 7, 10, 11, 14, 18, 19, 20, 21, 22, 23, 25, 27, 28, 30, 31, 33, 36, 37, 38, 39, 42, 46, 50, 51, 56 ], 
  [ 1, 2, 7, 9, 10, 11, 14, 16, 18, 19, 22, 24, 25, 27, 28, 30, 31, 35, 37, 39, 41, 42, 46, 48, 49, 50, 51, 52, 53 ], 
  [ 2, 4, 7, 9, 10, 11, 14, 16, 18, 20, 22, 24, 25, 27, 28, 30, 31, 35, 37, 39, 41, 42, 46, 48, 49, 50, 51, 52, 53 ], 
  [ 1, 2, 7, 9, 10, 11, 14, 16, 18, 19, 22, 23, 24, 25, 27, 28, 30, 31, 35, 36, 37, 38, 39, 41, 42, 46, 48, 50, 52 ], 
  [ 2, 4, 7, 9, 10, 11, 14, 16, 18, 20, 22, 23, 24, 25, 27, 28, 30, 31, 35, 36, 37, 38, 39, 41, 42, 46, 48, 50, 52 ], 
  [ 1, 5, 7, 9, 10, 11, 15, 16, 18, 19, 22, 23, 25, 27, 29, 30, 33, 35, 36, 37, 38, 39, 41, 42, 46, 48, 50, 51, 56 ], 
  [ 4, 5, 7, 9, 10, 11, 15, 16, 18, 20, 22, 23, 25, 27, 29, 30, 33, 35, 36, 37, 38, 39, 41, 42, 46, 48, 50, 51, 56 ], 
  [ 1, 2, 3, 9, 12, 13, 15, 16, 19, 20, 21, 22, 23, 24, 26, 28, 29, 30, 32, 36, 38, 43, 44, 46, 47, 48, 50, 52, 56 ], 
  [ 1, 2, 3, 9, 12, 13, 15, 16, 19, 20, 21, 22, 23, 25, 26, 28, 29, 30, 36, 37, 38, 39, 44, 46, 47, 48, 50, 51, 56 ], 
  [ 1, 2, 3, 9, 10, 11, 15, 16, 19, 20, 21, 22, 23, 25, 27, 28, 29, 30, 36, 37, 38, 39, 42, 46, 47, 48, 50, 51, 56 ], 
  [ 1, 2, 3, 9, 10, 15, 16, 19, 20, 21, 22, 23, 24, 26, 27, 28, 29, 30, 32, 36, 38, 43, 44, 46, 47, 48, 50, 52, 56 ], 
  [ 1, 2, 3, 4, 5, 6, 7, 9, 10, 11, 13, 15, 16, 20, 22, 25, 26, 27, 28, 29, 30, 35, 37, 39, 44, 48, 49, 51, 53 ], 
  [ 1, 2, 3, 9, 10, 15, 16, 19, 20, 21, 22, 23, 25, 26, 27, 28, 29, 30, 36, 37, 38, 39, 44, 46, 47, 48, 50, 51, 56 ], 
  [ 1, 2, 3, 8, 9, 10, 11, 12, 14, 15, 16, 17, 18, 19, 21, 23, 24, 32, 33, 34, 36, 38, 41, 42, 45, 46, 47, 50, 55, 56 ], 
  [ 2, 3, 4, 8, 9, 10, 11, 12, 14, 15, 16, 17, 18, 20, 21, 23, 24, 32, 33, 34, 36, 38, 41, 42, 45, 46, 47, 50, 55, 56 ], 
  [ 1, 2, 3, 6, 8, 9, 11, 12, 13, 14, 15, 17, 18, 19, 21, 22, 23, 24, 31, 32, 33, 34, 38, 41, 42, 43, 45, 46, 54, 56 ], 
  [ 2, 3, 4, 6, 8, 9, 11, 12, 13, 14, 15, 17, 18, 20, 21, 22, 23, 24, 31, 32, 33, 34, 38, 41, 42, 43, 45, 46, 54, 56 ], 
  [ 1, 2, 3, 8, 9, 10, 11, 12, 14, 15, 16, 17, 18, 19, 21, 23, 25, 33, 36, 37, 38, 39, 42, 45, 46, 47, 50, 51, 55, 56 ], 
  [ 2, 3, 4, 8, 9, 10, 11, 12, 14, 15, 16, 17, 18, 20, 21, 23, 25, 33, 36, 37, 38, 39, 42, 45, 46, 47, 50, 51, 55, 56 ], 
  [ 1, 2, 8, 9, 11, 12, 13, 14, 15, 16, 17, 18, 21, 22, 24, 25, 31, 35, 37, 39, 40, 41, 42, 45, 47, 48, 49, 51, 53, 55 ], 
  [ 2, 3, 4, 6, 8, 9, 10, 11, 12, 14, 15, 17, 18, 20, 21, 24, 27, 31, 32, 34, 40, 41, 42, 43, 45, 47, 49, 53, 54, 55 ], 
  [ 1, 2, 3, 6, 8, 9, 10, 11, 14, 15, 17, 18, 19, 21, 22, 23, 24, 27, 31, 32, 33, 34, 38, 41, 42, 43, 45, 46, 54, 56 ], 
  [ 2, 3, 4, 6, 8, 9, 10, 11, 14, 15, 17, 18, 20, 21, 22, 23, 24, 27, 31, 32, 33, 34, 38, 41, 42, 43, 45, 46, 54, 56 ], 
  [ 1, 2, 8, 9, 10, 11, 14, 15, 16, 17, 18, 21, 22, 24, 25, 27, 31, 35, 37, 39, 40, 41, 42, 45, 47, 48, 49, 51, 53, 55 ], 
  [ 1, 2, 6, 8, 9, 11, 12, 13, 14, 17, 18, 19, 21, 22, 24, 28, 31, 34, 35, 40, 41, 42, 43, 45, 46, 49, 52, 53, 54, 55 ], 
  [ 2, 4, 6, 8, 9, 11, 12, 13, 14, 17, 18, 20, 21, 22, 24, 28, 31, 34, 35, 40, 41, 42, 43, 45, 46, 49, 52, 53, 54, 55 ], 
  [ 1, 2, 6, 8, 9, 11, 12, 13, 14, 17, 18, 19, 21, 22, 23, 24, 28, 31, 34, 35, 36, 38, 40, 41, 42, 43, 46, 52, 54, 55 ], 
  [ 2, 4, 6, 8, 9, 11, 12, 13, 14, 17, 18, 20, 21, 22, 23, 24, 28, 31, 34, 35, 36, 38, 40, 41, 42, 43, 46, 52, 54, 55 ], 
  [ 2, 8, 11, 12, 13, 14, 17, 19, 20, 21, 22, 23, 24, 28, 31, 35, 36, 38, 40, 41, 42, 43, 45, 46, 47, 48, 50, 52, 55, 56 ], 
  [ 2, 8, 11, 12, 13, 14, 17, 19, 20, 21, 22, 23, 25, 28, 31, 35, 36, 37, 38, 39, 40, 42, 45, 46, 47, 48, 50, 51, 55, 56 ], 
  [ 1, 2, 3, 8, 9, 11, 12, 13, 14, 16, 17, 18, 19, 21, 22, 23, 24, 25, 28, 31, 32, 38, 39, 41, 42, 46, 47, 48, 50, 52 ], 
  [ 2, 3, 4, 8, 9, 11, 12, 13, 14, 16, 17, 18, 20, 21, 22, 23, 24, 25, 28, 31, 32, 38, 39, 41, 42, 46, 47, 48, 50, 52 ], 
  [ 2, 3, 4, 8, 9, 10, 11, 12, 13, 14, 16, 17, 20, 21, 22, 24, 26, 28, 32, 34, 35, 41, 45, 46, 47, 48, 49, 50, 52, 55 ], 
  [ 2, 3, 4, 8, 9, 12, 13, 14, 16, 17, 20, 21, 22, 24, 25, 26, 28, 31, 32, 39, 44, 45, 46, 47, 48, 49, 50, 51, 52, 53 ], 
  [ 1, 2, 6, 8, 9, 10, 11, 14, 17, 18, 19, 21, 22, 24, 27, 28, 31, 34, 35, 40, 41, 42, 43, 45, 46, 49, 52, 53, 54, 55 ], 
  [ 2, 4, 6, 8, 9, 10, 11, 14, 17, 18, 20, 21, 22, 24, 27, 28, 31, 34, 35, 40, 41, 42, 43, 45, 46, 49, 52, 53, 54, 55 ], 
  [ 1, 2, 6, 8, 9, 10, 11, 14, 17, 18, 19, 21, 22, 23, 24, 27, 28, 31, 34, 35, 36, 38, 40, 41, 42, 43, 46, 52, 54, 55 ], 
  [ 2, 4, 6, 8, 9, 10, 11, 14, 17, 18, 20, 21, 22, 23, 24, 27, 28, 31, 34, 35, 36, 38, 40, 41, 42, 43, 46, 52, 54, 55 ], 
  [ 2, 8, 10, 11, 14, 17, 19, 20, 21, 22, 23, 24, 27, 28, 31, 35, 36, 38, 40, 41, 42, 43, 45, 46, 47, 48, 50, 52, 55, 56 ], 
  [ 2, 8, 10, 11, 14, 17, 19, 20, 21, 22, 23, 25, 27, 28, 31, 35, 36, 37, 38, 39, 40, 42, 45, 46, 47, 48, 50, 51, 55, 56 ], 
  [ 1, 2, 3, 8, 9, 10, 11, 14, 16, 17, 18, 19, 21, 22, 23, 24, 25, 27, 28, 31, 32, 38, 39, 41, 42, 46, 47, 48, 50, 52 ], 
  [ 2, 3, 4, 8, 9, 10, 11, 14, 16, 17, 18, 20, 21, 22, 23, 24, 25, 27, 28, 31, 32, 38, 39, 41, 42, 46, 47, 48, 50, 52 ], 
  [ 2, 3, 4, 8, 9, 10, 14, 16, 17, 20, 21, 22, 24, 25, 26, 27, 28, 31, 32, 39, 44, 45, 46, 47, 48, 49, 50, 51, 52, 53 ], 
  [ 1, 3, 5, 8, 9, 11, 12, 13, 16, 17, 18, 19, 21, 22, 25, 28, 29, 32, 39, 41, 42, 45, 46, 47, 48, 49, 50, 51, 52, 53 ], 
  [ 3, 4, 5, 8, 9, 11, 12, 13, 16, 17, 18, 20, 21, 22, 25, 28, 29, 32, 39, 41, 42, 45, 46, 47, 48, 49, 50, 51, 52, 53 ], 
  [ 1, 2, 4, 5, 6, 8, 9, 11, 12, 13, 15, 16, 17, 18, 20, 21, 22, 25, 28, 29, 35, 37, 39, 40, 42, 45, 49, 51, 53, 55 ], 
  [ 1, 5, 8, 9, 12, 13, 16, 17, 19, 21, 22, 25, 26, 28, 29, 35, 37, 39, 40, 44, 45, 46, 47, 48, 49, 50, 51, 52, 53, 55 ], 
  [ 4, 5, 8, 9, 12, 13, 16, 17, 20, 21, 22, 25, 26, 28, 29, 35, 37, 39, 40, 44, 45, 46, 47, 48, 49, 50, 51, 52, 53, 55 ], 
  [ 1, 3, 5, 6, 8, 9, 10, 11, 12, 17, 18, 19, 21, 27, 28, 29, 32, 34, 40, 41, 42, 43, 45, 46, 47, 49, 52, 53, 54, 55 ], 
  [ 3, 4, 5, 6, 8, 9, 10, 11, 12, 17, 18, 20, 21, 27, 28, 29, 32, 34, 40, 41, 42, 43, 45, 46, 47, 49, 52, 53, 54, 55 ], 
  [ 1, 3, 5, 8, 9, 10, 11, 16, 17, 18, 19, 21, 22, 25, 27, 28, 29, 32, 39, 41, 42, 45, 46, 47, 48, 49, 50, 51, 52, 53 ], 
  [ 3, 4, 5, 8, 9, 10, 11, 16, 17, 18, 20, 21, 22, 25, 27, 28, 29, 32, 39, 41, 42, 45, 46, 47, 48, 49, 50, 51, 52, 53 ], 
  [ 1, 2, 4, 5, 6, 8, 9, 10, 11, 15, 16, 17, 18, 20, 21, 22, 25, 27, 28, 29, 35, 37, 39, 40, 42, 45, 49, 51, 53, 55 ], 
  [ 1, 5, 8, 9, 10, 16, 17, 19, 21, 22, 25, 26, 27, 28, 29, 35, 37, 39, 40, 44, 45, 46, 47, 48, 49, 50, 51, 52, 53, 55 ], 
  [ 4, 5, 8, 9, 10, 16, 17, 20, 21, 22, 25, 26, 27, 28, 29, 35, 37, 39, 40, 44, 45, 46, 47, 48, 49, 50, 51, 52, 53, 55 ], 
  [ 1, 2, 3, 6, 7, 9, 11, 12, 13, 14, 15, 18, 19, 21, 22, 23, 24, 30, 31, 32, 33, 34, 36, 38, 41, 42, 43, 46, 54, 56 ], 
  [ 2, 3, 4, 6, 7, 9, 11, 12, 13, 14, 15, 18, 20, 21, 22, 23, 24, 30, 31, 32, 33, 34, 36, 38, 41, 42, 43, 46, 54, 56 ], 
  [ 1, 2, 7, 9, 11, 13, 14, 15, 16, 18, 19, 22, 23, 24, 25, 30, 31, 33, 35, 36, 37, 38, 39, 41, 42, 46, 48, 50, 51, 56 ], 
  [ 2, 4, 7, 9, 11, 13, 14, 15, 16, 18, 20, 22, 23, 24, 25, 30, 31, 33, 35, 36, 37, 38, 39, 41, 42, 46, 48, 50, 51, 56 ], 
  [ 1, 2, 3, 6, 7, 9, 10, 11, 14, 15, 18, 19, 21, 22, 23, 24, 27, 30, 31, 32, 33, 34, 36, 38, 41, 42, 43, 46, 54, 56 ], 
  [ 2, 3, 4, 6, 7, 9, 10, 11, 14, 15, 18, 20, 21, 22, 23, 24, 27, 30, 31, 32, 33, 34, 36, 38, 41, 42, 43, 46, 54, 56 ], 
  [ 1, 2, 3, 6, 7, 9, 10, 11, 13, 14, 15, 19, 22, 23, 25, 26, 27, 30, 31, 33, 35, 36, 37, 38, 39, 44, 46, 48, 51, 56 ], 
  [ 2, 3, 4, 6, 7, 9, 10, 11, 13, 14, 15, 20, 22, 23, 25, 26, 27, 30, 31, 33, 35, 36, 37, 38, 39, 44, 46, 48, 51, 56 ], 
  [ 2, 3, 4, 6, 7, 12, 13, 14, 19, 20, 21, 22, 23, 24, 26, 28, 30, 31, 32, 33, 34, 36, 38, 43, 44, 46, 50, 52, 54, 56 ], 
  [ 1, 2, 3, 7, 9, 12, 13, 14, 16, 19, 21, 22, 24, 25, 26, 28, 30, 31, 32, 37, 39, 44, 46, 47, 48, 49, 50, 51, 52, 53 ], 
  [ 2, 3, 4, 7, 9, 12, 13, 14, 16, 20, 21, 22, 24, 25, 26, 28, 30, 31, 32, 37, 39, 44, 46, 47, 48, 49, 50, 51, 52, 53 ], 
  [ 1, 2, 3, 7, 9, 12, 13, 14, 16, 19, 21, 22, 23, 24, 25, 26, 28, 30, 31, 32, 36, 37, 38, 39, 44, 46, 47, 48, 50, 52 ], 
  [ 2, 3, 4, 7, 9, 12, 13, 14, 16, 20, 21, 22, 23, 24, 25, 26, 28, 30, 31, 32, 36, 37, 38, 39, 44, 46, 47, 48, 50, 52 ], 
  [ 2, 4, 6, 7, 10, 11, 14, 18, 19, 20, 22, 23, 24, 27, 28, 30, 31, 33, 34, 35, 36, 38, 41, 42, 43, 46, 50, 52, 54, 56 ], 
  [ 2, 3, 4, 6, 7, 10, 14, 19, 20, 21, 22, 23, 24, 26, 27, 28, 30, 31, 32, 33, 34, 36, 38, 43, 44, 46, 50, 52, 54, 56 ], 
  [ 1, 2, 3, 7, 9, 10, 14, 16, 19, 21, 22, 24, 25, 26, 27, 28, 30, 31, 32, 37, 39, 44, 46, 47, 48, 49, 50, 51, 52, 53 ], 
  [ 2, 3, 4, 7, 9, 10, 14, 16, 20, 21, 22, 24, 25, 26, 27, 28, 30, 31, 32, 37, 39, 44, 46, 47, 48, 49, 50, 51, 52, 53 ], 
  [ 1, 2, 3, 7, 9, 10, 14, 16, 19, 21, 22, 23, 24, 25, 26, 27, 28, 30, 31, 32, 36, 37, 38, 39, 44, 46, 47, 48, 50, 52 ], 
  [ 2, 3, 4, 7, 9, 10, 14, 16, 20, 21, 22, 23, 24, 25, 26, 27, 28, 30, 31, 32, 36, 37, 38, 39, 44, 46, 47, 48, 50, 52 ], 
  [ 1, 3, 5, 7, 9, 12, 13, 15, 16, 19, 21, 22, 23, 25, 26, 29, 30, 32, 33, 36, 37, 38, 39, 44, 46, 47, 48, 50, 51, 56 ], 
  [ 3, 4, 5, 7, 9, 12, 13, 15, 16, 20, 21, 22, 23, 25, 26, 29, 30, 32, 33, 36, 37, 38, 39, 44, 46, 47, 48, 50, 51, 56 ], 
  [ 1, 3, 5, 7, 9, 10, 15, 16, 19, 21, 22, 23, 25, 26, 27, 29, 30, 32, 33, 36, 37, 38, 39, 44, 46, 47, 48, 50, 51, 56 ], 
  [ 3, 4, 5, 7, 9, 10, 15, 16, 20, 21, 22, 23, 25, 26, 27, 29, 30, 32, 33, 36, 37, 38, 39, 44, 46, 47, 48, 50, 51, 56 ], 
  [ 1, 3, 5, 7, 9, 11, 12, 13, 16, 18, 19, 21, 22, 25, 28, 29, 30, 32, 37, 39, 41, 42, 46, 47, 48, 49, 50, 51, 52, 53 ], 
  [ 3, 4, 5, 7, 9, 11, 12, 13, 16, 18, 20, 21, 22, 25, 28, 29, 30, 32, 37, 39, 41, 42, 46, 47, 48, 49, 50, 51, 52, 53 ], 
  [ 1, 2, 3, 9, 10, 11, 15, 16, 19, 20, 21, 22, 23, 24, 27, 28, 29, 30, 32, 36, 38, 41, 42, 43, 46, 47, 48, 50, 52, 56 ], 
  [ 1, 3, 5, 7, 9, 10, 11, 16, 18, 19, 21, 22, 25, 27, 28, 29, 30, 32, 37, 39, 41, 42, 46, 47, 48, 49, 50, 51, 52, 53 ], 
  [ 3, 4, 5, 7, 9, 10, 11, 16, 18, 20, 21, 22, 25, 27, 28, 29, 30, 32, 37, 39, 41, 42, 46, 47, 48, 49, 50, 51, 52, 53 ], 
  [ 1, 3, 5, 7, 9, 10, 11, 16, 18, 19, 21, 22, 23, 25, 27, 28, 29, 30, 32, 36, 37, 38, 39, 41, 42, 46, 47, 48, 50, 52 ], 
  [ 3, 4, 5, 7, 9, 10, 11, 16, 18, 20, 21, 22, 23, 25, 27, 28, 29, 30, 32, 36, 37, 38, 39, 41, 42, 46, 47, 48, 50, 52 ], 
  [ 1, 2, 6, 8, 9, 11, 12, 13, 14, 15, 17, 18, 19, 21, 22, 23, 25, 31, 33, 35, 36, 37, 38, 39, 40, 42, 45, 46, 51, 55, 56 ], 
  [ 2, 4, 6, 8, 9, 11, 12, 13, 14, 15, 17, 18, 20, 21, 22, 23, 25, 31, 33, 35, 36, 37, 38, 39, 40, 42, 45, 46, 51, 55, 56 ], 
  [ 2, 4, 8, 9, 11, 12, 13, 14, 15, 16, 17, 18, 20, 21, 22, 24, 25, 31, 35, 37, 39, 40, 41, 42, 45, 47, 48, 49, 51, 53, 55 ], 
  [ 1, 2, 3, 8, 9, 12, 13, 14, 15, 16, 17, 19, 21, 22, 23, 24, 25, 26, 31, 32, 33, 38, 39, 44, 45, 46, 47, 48, 50, 51, 56 ], 
  [ 2, 3, 4, 8, 9, 12, 13, 14, 15, 16, 17, 20, 21, 22, 23, 24, 25, 26, 31, 32, 33, 38, 39, 44, 45, 46, 47, 48, 50, 51, 56 ], 
  [ 1, 2, 6, 8, 9, 10, 11, 14, 15, 17, 18, 19, 21, 22, 23, 25, 27, 31, 33, 35, 36, 37, 38, 39, 40, 42, 45, 46, 51, 55, 56 ], 
  [ 2, 4, 6, 8, 9, 10, 11, 14, 15, 17, 18, 20, 21, 22, 23, 25, 27, 31, 33, 35, 36, 37, 38, 39, 40, 42, 45, 46, 51, 55, 56 ], 
  [ 2, 4, 8, 9, 10, 11, 14, 15, 16, 17, 18, 20, 21, 22, 24, 25, 27, 31, 35, 37, 39, 40, 41, 42, 45, 47, 48, 49, 51, 53, 55 ], 
  [ 1, 2, 3, 8, 9, 10, 14, 15, 16, 17, 19, 21, 22, 23, 24, 25, 26, 27, 31, 32, 33, 38, 39, 44, 45, 46, 47, 48, 50, 51, 56 ], 
  [ 2, 3, 4, 8, 9, 10, 14, 15, 16, 17, 20, 21, 22, 23, 24, 25, 26, 27, 31, 32, 33, 38, 39, 44, 45, 46, 47, 48, 50, 51, 56 ], 
  [ 2, 3, 4, 8, 9, 10, 11, 12, 13, 14, 16, 17, 20, 21, 22, 23, 24, 26, 28, 32, 34, 35, 36, 38, 41, 46, 47, 48, 50, 52, 55 ], 
  [ 2, 4, 8, 9, 12, 13, 14, 16, 17, 20, 21, 22, 23, 24, 25, 26, 28, 31, 35, 36, 37, 38, 39, 40, 44, 46, 47, 48, 50, 52, 55 ], 
  [ 2, 4, 8, 9, 10, 14, 16, 17, 20, 21, 22, 23, 24, 25, 26, 27, 28, 31, 35, 36, 37, 38, 39, 40, 44, 46, 47, 48, 50, 52, 55 ], 
  [ 1, 3, 5, 8, 9, 10, 11, 15, 16, 17, 18, 19, 21, 22, 23, 25, 27, 29, 32, 33, 38, 39, 41, 42, 45, 46, 47, 48, 50, 51, 56 ], 
  [ 3, 4, 5, 8, 9, 10, 11, 15, 16, 17, 18, 20, 21, 22, 23, 25, 27, 29, 32, 33, 38, 39, 41, 42, 45, 46, 47, 48, 50, 51, 56 ], 
  [ 1, 2, 3, 4, 5, 6, 8, 9, 11, 12, 13, 15, 16, 17, 18, 20, 21, 22, 24, 28, 29, 32, 34, 41, 42, 43, 45, 49, 52, 53, 54 ], 
  [ 1, 5, 8, 9, 11, 12, 13, 16, 17, 18, 19, 21, 22, 23, 25, 28, 29, 35, 36, 37, 38, 39, 40, 41, 42, 46, 47, 48, 50, 52, 55 ], 
  [ 4, 5, 8, 9, 11, 12, 13, 16, 17, 18, 20, 21, 22, 23, 25, 28, 29, 35, 36, 37, 38, 39, 40, 41, 42, 46, 47, 48, 50, 52, 55 ], 
  [ 1, 2, 3, 4, 5, 6, 8, 9, 10, 11, 15, 16, 17, 18, 20, 21, 22, 24, 27, 28, 29, 32, 34, 41, 42, 43, 45, 49, 52, 53, 54 ], 
  [ 1, 2, 3, 8, 9, 10, 11, 15, 16, 17, 19, 20, 21, 22, 23, 24, 27, 28, 29, 32, 38, 41, 42, 43, 45, 46, 47, 48, 50, 52, 56 ], 
  [ 1, 2, 3, 4, 5, 6, 8, 9, 10, 11, 12, 15, 16, 17, 18, 20, 21, 25, 27, 28, 29, 37, 39, 40, 42, 45, 47, 49, 51, 53, 55 ], 
  [ 1, 5, 8, 9, 10, 11, 16, 17, 18, 19, 21, 22, 23, 25, 27, 28, 29, 35, 36, 37, 38, 39, 40, 41, 42, 46, 47, 48, 50, 52, 55 ], 
  [ 4, 5, 8, 9, 10, 11, 16, 17, 18, 20, 21, 22, 23, 25, 27, 28, 29, 35, 36, 37, 38, 39, 40, 41, 42, 46, 47, 48, 50, 52, 55 ], 
  [ 1, 2, 7, 9, 10, 11, 14, 15, 16, 18, 19, 22, 23, 24, 25, 27, 30, 31, 33, 35, 36, 37, 38, 39, 41, 42, 46, 48, 50, 51, 56 ], 
  [ 2, 4, 7, 9, 10, 11, 14, 15, 16, 18, 20, 22, 23, 24, 25, 27, 30, 31, 33, 35, 36, 37, 38, 39, 41, 42, 46, 48, 50, 51, 56 ], 
  [ 1, 2, 3, 6, 7, 9, 10, 11, 13, 14, 19, 22, 23, 24, 26, 27, 28, 30, 31, 32, 34, 35, 36, 38, 41, 43, 44, 46, 48, 52, 54 ], 
  [ 2, 3, 4, 6, 7, 9, 10, 11, 13, 14, 20, 22, 23, 24, 26, 27, 28, 30, 31, 32, 34, 35, 36, 38, 41, 43, 44, 46, 48, 52, 54 ], 
  [ 2, 3, 4, 6, 7, 10, 11, 13, 14, 19, 20, 22, 23, 25, 26, 27, 28, 30, 31, 33, 35, 36, 37, 38, 39, 44, 46, 48, 50, 51, 56 ], 
  [ 1, 2, 6, 8, 9, 11, 12, 13, 14, 15, 17, 18, 19, 21, 22, 23, 24, 31, 33, 34, 35, 36, 38, 40, 41, 42, 43, 45, 46, 54, 55, 56 ], 
  [ 2, 4, 6, 8, 9, 11, 12, 13, 14, 15, 17, 18, 20, 21, 22, 23, 24, 31, 33, 34, 35, 36, 38, 40, 41, 42, 43, 45, 46, 54, 55, 56 ], 
  [ 1, 2, 6, 8, 9, 10, 11, 14, 15, 17, 18, 19, 21, 22, 23, 24, 27, 31, 33, 34, 35, 36, 38, 40, 41, 42, 43, 45, 46, 54, 55, 56 ], 
  [ 2, 4, 6, 8, 9, 10, 11, 14, 15, 17, 18, 20, 21, 22, 23, 24, 27, 31, 33, 34, 35, 36, 38, 40, 41, 42, 43, 45, 46, 54, 55, 56 ], 
  [ 1, 2, 3, 6, 8, 9, 10, 11, 12, 14, 15, 17, 18, 19, 21, 23, 25, 27, 31, 33, 36, 37, 38, 39, 40, 42, 45, 46, 47, 51, 55, 56 ], 
  [ 2, 3, 4, 6, 8, 9, 10, 11, 12, 14, 15, 17, 18, 20, 21, 23, 25, 27, 31, 33, 36, 37, 38, 39, 40, 42, 45, 46, 47, 51, 55, 56 ], 
  [ 2, 3, 4, 6, 8, 9, 10, 11, 12, 13, 14, 15, 17, 20, 21, 22, 25, 26, 27, 31, 35, 37, 39, 40, 44, 45, 47, 48, 49, 51, 53, 55 ], 
  [ 2, 3, 4, 6, 8, 11, 12, 13, 14, 17, 18, 19, 20, 21, 22, 23, 24, 28, 31, 32, 33, 34, 38, 41, 42, 43, 45, 46, 50, 52, 54, 56 ], 
  [ 2, 4, 6, 8, 11, 12, 13, 14, 17, 18, 19, 20, 21, 22, 23, 25, 28, 31, 33, 35, 36, 37, 38, 39, 40, 42, 45, 46, 50, 51, 55, 56 ],
  [ 1, 2, 3, 8, 9, 11, 12, 13, 14, 16, 17, 18, 19, 21, 22, 24, 25, 28, 31, 32, 39, 41, 42, 45, 46, 47, 48, 49, 50, 51, 52, 53 ], 
  [ 2, 3, 4, 8, 9, 11, 12, 13, 14, 16, 17, 18, 20, 21, 22, 24, 25, 28, 31, 32, 39, 41, 42, 45, 46, 47, 48, 49, 50, 51, 52, 53 ], 
  [ 2, 4, 8, 9, 12, 13, 14, 16, 17, 20, 21, 22, 24, 25, 26, 28, 31, 35, 37, 39, 40, 44, 45, 46, 47, 48, 49, 50, 51, 52, 53, 55 ],
  [ 1, 2, 3, 6, 8, 9, 10, 11, 12, 14, 17, 18, 19, 21, 24, 27, 28, 31, 32, 34, 40, 41, 42, 43, 45, 46, 47, 49, 52, 53, 54, 55 ], 
  [ 2, 3, 4, 6, 8, 9, 10, 11, 12, 14, 17, 18, 20, 21, 24, 27, 28, 31, 32, 34, 40, 41, 42, 43, 45, 46, 47, 49, 52, 53, 54, 55 ], 
  [ 1, 2, 3, 6, 8, 9, 10, 11, 12, 14, 17, 18, 19, 21, 23, 24, 27, 28, 31, 32, 34, 36, 38, 40, 41, 42, 43, 46, 47, 52, 54, 55 ], 
  [ 2, 3, 4, 6, 8, 9, 10, 11, 12, 14, 17, 18, 20, 21, 23, 24, 27, 28, 31, 32, 34, 36, 38, 40, 41, 42, 43, 46, 47, 52, 54, 55 ], 
  [ 2, 3, 4, 6, 8, 10, 11, 14, 17, 18, 19, 20, 21, 22, 23, 24, 27, 28, 31, 32, 33, 34, 38, 41, 42, 43, 45, 46, 50, 52, 54, 56 ], 
  [ 2, 4, 6, 8, 10, 11, 14, 17, 18, 19, 20, 21, 22, 23, 25, 27, 28, 31, 33, 35, 36, 37, 38, 39, 40, 42, 45, 46, 50, 51, 55, 56 ],
  [ 1, 2, 3, 8, 9, 10, 11, 14, 16, 17, 18, 19, 21, 22, 24, 25, 27, 28, 31, 32, 39, 41, 42, 45, 46, 47, 48, 49, 50, 51, 52, 53 ], 
  [ 2, 3, 4, 8, 9, 10, 11, 14, 16, 17, 18, 20, 21, 22, 24, 25, 27, 28, 31, 32, 39, 41, 42, 45, 46, 47, 48, 49, 50, 51, 52, 53 ], 
  [ 2, 3, 4, 6, 8, 9, 10, 11, 12, 13, 14, 17, 20, 21, 22, 23, 25, 26, 27, 28, 31, 35, 36, 37, 38, 39, 40, 44, 46, 47, 48, 55 ], 
  [ 2, 4, 8, 9, 10, 14, 16, 17, 20, 21, 22, 24, 25, 26, 27, 28, 31, 35, 37, 39, 40, 44, 45, 46, 47, 48, 49, 50, 51, 52, 53, 55 ],
  [ 1, 2, 4, 5, 6, 8, 9, 11, 12, 13, 15, 16, 17, 18, 20, 21, 22, 24, 28, 29, 34, 35, 40, 41, 42, 43, 45, 49, 52, 53, 54, 55 ], 
  [ 1, 5, 8, 9, 11, 12, 13, 16, 17, 18, 19, 21, 22, 25, 28, 29, 35, 37, 39, 40, 41, 42, 45, 46, 47, 48, 49, 50, 51, 52, 53, 55 ],
  [ 4, 5, 8, 9, 11, 12, 13, 16, 17, 18, 20, 21, 22, 25, 28, 29, 35, 37, 39, 40, 41, 42, 45, 46, 47, 48, 49, 50, 51, 52, 53, 55 ],
  [ 1, 2, 4, 5, 6, 8, 9, 10, 11, 15, 16, 17, 18, 20, 21, 22, 24, 27, 28, 29, 34, 35, 40, 41, 42, 43, 45, 49, 52, 53, 54, 55 ], 
  [ 1, 5, 8, 9, 10, 11, 16, 17, 18, 19, 21, 22, 25, 27, 28, 29, 35, 37, 39, 40, 41, 42, 45, 46, 47, 48, 49, 50, 51, 52, 53, 55 ],
  [ 4, 5, 8, 9, 10, 11, 16, 17, 18, 20, 21, 22, 25, 27, 28, 29, 35, 37, 39, 40, 41, 42, 45, 46, 47, 48, 49, 50, 51, 52, 53, 55 ],
  [ 1, 2, 3, 4, 5, 6, 8, 9, 10, 11, 15, 16, 17, 18, 19, 20, 21, 22, 23, 25, 27, 28, 29, 33, 38, 39, 42, 45, 46, 50, 51, 56 ], 
  [ 1, 3, 5, 6, 8, 9, 10, 11, 12, 13, 17, 19, 21, 22, 25, 26, 27, 28, 29, 35, 37, 39, 40, 44, 45, 46, 47, 48, 49, 51, 53, 55 ], 
  [ 3, 4, 5, 6, 8, 9, 10, 11, 12, 13, 17, 20, 21, 22, 25, 26, 27, 28, 29, 35, 37, 39, 40, 44, 45, 46, 47, 48, 49, 51, 53, 55 ], 
  [ 1, 2, 3, 7, 9, 12, 13, 14, 15, 16, 19, 21, 22, 23, 24, 25, 26, 30, 31, 32, 33, 36, 37, 38, 39, 44, 46, 47, 48, 50, 51, 56 ], 
  [ 2, 3, 4, 7, 9, 12, 13, 14, 15, 16, 20, 21, 22, 23, 24, 25, 26, 30, 31, 32, 33, 36, 37, 38, 39, 44, 46, 47, 48, 50, 51, 56 ], 
  [ 1, 2, 3, 6, 7, 9, 10, 11, 13, 14, 15, 19, 22, 23, 24, 26, 27, 30, 31, 32, 33, 34, 35, 36, 38, 41, 43, 44, 46, 48, 54, 56 ], 
  [ 2, 3, 4, 6, 7, 9, 10, 11, 13, 14, 15, 20, 22, 23, 24, 26, 27, 30, 31, 32, 33, 34, 35, 36, 38, 41, 43, 44, 46, 48, 54, 56 ], 
  [ 1, 2, 3, 7, 9, 10, 14, 15, 16, 19, 21, 22, 23, 24, 25, 26, 27, 30, 31, 32, 33, 36, 37, 38, 39, 44, 46, 47, 48, 50, 51, 56 ], 
  [ 2, 3, 4, 7, 9, 10, 14, 15, 16, 20, 21, 22, 23, 24, 25, 26, 27, 30, 31, 32, 33, 36, 37, 38, 39, 44, 46, 47, 48, 50, 51, 56 ], 
  [ 2, 3, 4, 6, 7, 11, 12, 13, 14, 18, 19, 20, 21, 22, 23, 24, 28, 30, 31, 32, 33, 34, 36, 38, 41, 42, 43, 46, 50, 52, 54, 56 ], 
  [ 1, 2, 3, 7, 9, 11, 12, 13, 14, 16, 18, 19, 21, 22, 24, 25, 28, 30, 31, 32, 37, 39, 41, 42, 46, 47, 48, 49, 50, 51, 52, 53 ], 
  [ 2, 3, 4, 7, 9, 11, 12, 13, 14, 16, 18, 20, 21, 22, 24, 25, 28, 30, 31, 32, 37, 39, 41, 42, 46, 47, 48, 49, 50, 51, 52, 53 ], 
  [ 1, 2, 3, 7, 9, 11, 12, 13, 14, 16, 18, 19, 21, 22, 23, 24, 25, 28, 30, 31, 32, 36, 37, 38, 39, 41, 42, 46, 47, 48, 50, 52 ], 
  [ 2, 3, 4, 7, 9, 11, 12, 13, 14, 16, 18, 20, 21, 22, 23, 24, 25, 28, 30, 31, 32, 36, 37, 38, 39, 41, 42, 46, 47, 48, 50, 52 ], 
  [ 2, 3, 4, 6, 7, 10, 11, 14, 18, 19, 20, 21, 22, 23, 24, 27, 28, 30, 31, 32, 33, 34, 36, 38, 41, 42, 43, 46, 50, 52, 54, 56 ], 
  [ 1, 2, 3, 7, 9, 10, 11, 14, 16, 18, 19, 21, 22, 24, 25, 27, 28, 30, 31, 32, 37, 39, 41, 42, 46, 47, 48, 49, 50, 51, 52, 53 ], 
  [ 2, 3, 4, 7, 9, 10, 11, 14, 16, 18, 20, 21, 22, 24, 25, 27, 28, 30, 31, 32, 37, 39, 41, 42, 46, 47, 48, 49, 50, 51, 52, 53 ], 
  [ 1, 2, 3, 7, 9, 10, 11, 14, 16, 18, 19, 21, 22, 23, 24, 25, 27, 28, 30, 31, 32, 36, 37, 38, 39, 41, 42, 46, 47, 48, 50, 52 ], 
  [ 2, 3, 4, 7, 9, 10, 11, 14, 16, 18, 20, 21, 22, 23, 24, 25, 27, 28, 30, 31, 32, 36, 37, 38, 39, 41, 42, 46, 47, 48, 50, 52 ], 
  [ 1, 3, 5, 7, 9, 10, 11, 15, 16, 18, 19, 21, 22, 23, 25, 27, 29, 30, 32, 33, 36, 37, 38, 39, 41, 42, 46, 47, 48, 50, 51, 56 ], 
  [ 3, 4, 5, 7, 9, 10, 11, 15, 16, 18, 20, 21, 22, 23, 25, 27, 29, 30, 32, 33, 36, 37, 38, 39, 41, 42, 46, 47, 48, 50, 51, 56 ], 
  [ 1, 2, 3, 4, 5, 6, 7, 9, 12, 13, 15, 16, 19, 20, 21, 22, 23, 25, 26, 28, 29, 30, 33, 36, 37, 38, 39, 44, 46, 50, 51, 56 ], 
  [ 1, 2, 4, 5, 6, 7, 9, 10, 11, 15, 16, 18, 19, 20, 22, 23, 25, 27, 28, 29, 30, 33, 35, 36, 37, 38, 39, 42, 46, 50, 51, 56 ], 
  [ 1, 2, 3, 4, 5, 6, 7, 9, 10, 15, 16, 19, 20, 21, 22, 23, 25, 26, 27, 28, 29, 30, 33, 36, 37, 38, 39, 44, 46, 50, 51, 56 ], 
  [ 1, 2, 3, 8, 9, 11, 12, 13, 14, 15, 16, 17, 18, 19, 21, 22, 23, 24, 25, 31, 32, 33, 38, 39, 41, 42, 45, 46, 47, 48, 50, 51, 
      56 ], [ 2, 3, 4, 8, 9, 11, 12, 13, 14, 15, 16, 17, 18, 20, 21, 22, 23, 24, 25, 31, 32, 33, 38, 39, 41, 42, 45, 46, 47, 48, 
      50, 51, 56 ], [ 1, 2, 3, 8, 9, 10, 11, 12, 13, 14, 15, 16, 17, 19, 21, 22, 23, 24, 26, 32, 33, 34, 35, 36, 38, 41, 45, 46, 
      47, 48, 50, 55, 56 ], [ 2, 3, 4, 8, 9, 10, 11, 12, 13, 14, 15, 16, 17, 20, 21, 22, 23, 24, 26, 32, 33, 34, 35, 36, 38, 41, 
      45, 46, 47, 48, 50, 55, 56 ], [ 1, 2, 3, 8, 9, 10, 11, 12, 13, 14, 15, 16, 17, 19, 21, 22, 23, 25, 26, 33, 35, 36, 37, 38, 
      39, 45, 46, 47, 48, 50, 51, 55, 56 ], [ 2, 3, 4, 8, 9, 10, 11, 12, 13, 14, 15, 16, 17, 20, 21, 22, 23, 25, 26, 33, 35, 36, 
      37, 38, 39, 45, 46, 47, 48, 50, 51, 55, 56 ], [ 1, 2, 3, 8, 9, 10, 11, 14, 15, 16, 17, 18, 19, 21, 22, 23, 24, 25, 27, 31, 
      32, 33, 38, 39, 41, 42, 45, 46, 47, 48, 50, 51, 56 ], [ 2, 3, 4, 8, 9, 10, 11, 14, 15, 16, 17, 18, 20, 21, 22, 23, 24, 25, 
      27, 31, 32, 33, 38, 39, 41, 42, 45, 46, 47, 48, 50, 51, 56 ], 
  [ 1, 2, 3, 6, 8, 9, 10, 11, 12, 13, 14, 15, 17, 21, 22, 24, 26, 27, 31, 32, 34, 35, 40, 41, 43, 44, 45, 47, 48, 49, 53, 54, 55 
     ], [ 1, 2, 8, 9, 11, 12, 13, 14, 16, 17, 18, 19, 21, 22, 23, 24, 25, 28, 31, 35, 36, 37, 38, 39, 40, 41, 42, 46, 47, 48, 
      50, 52, 55 ], [ 2, 4, 8, 9, 11, 12, 13, 14, 16, 17, 18, 20, 21, 22, 23, 24, 25, 28, 31, 35, 36, 37, 38, 39, 40, 41, 42, 
      46, 47, 48, 50, 52, 55 ], [ 2, 3, 4, 6, 8, 10, 11, 12, 14, 17, 18, 19, 20, 21, 23, 25, 27, 28, 31, 33, 36, 37, 38, 39, 40, 
      42, 45, 46, 47, 50, 51, 55, 56 ], [ 1, 2, 8, 9, 10, 11, 14, 16, 17, 18, 19, 21, 22, 23, 24, 25, 27, 28, 31, 35, 36, 37, 
      38, 39, 40, 41, 42, 46, 47, 48, 50, 52, 55 ], [ 2, 4, 8, 9, 10, 11, 14, 16, 17, 18, 20, 21, 22, 23, 24, 25, 27, 28, 31, 
      35, 36, 37, 38, 39, 40, 41, 42, 46, 47, 48, 50, 52, 55 ], [ 2, 3, 4, 6, 8, 9, 10, 11, 12, 13, 14, 17, 20, 21, 22, 25, 26, 
      27, 28, 31, 35, 37, 39, 40, 44, 45, 46, 47, 48, 49, 51, 53, 55 ], 
  [ 1, 2, 8, 9, 11, 12, 13, 15, 16, 17, 19, 20, 21, 22, 23, 24, 28, 29, 35, 36, 38, 40, 41, 42, 43, 45, 46, 47, 48, 50, 52, 55, 
      56 ], [ 1, 2, 8, 9, 11, 12, 13, 15, 16, 17, 19, 20, 21, 22, 23, 25, 28, 29, 35, 36, 37, 38, 39, 40, 42, 45, 46, 47, 48, 
      50, 51, 55, 56 ], [ 1, 2, 8, 9, 10, 11, 15, 16, 17, 19, 20, 21, 22, 23, 24, 27, 28, 29, 35, 36, 38, 40, 41, 42, 43, 45, 
      46, 47, 48, 50, 52, 55, 56 ], [ 1, 2, 8, 9, 10, 11, 15, 16, 17, 19, 20, 21, 22, 23, 25, 27, 28, 29, 35, 36, 37, 38, 39, 
      40, 42, 45, 46, 47, 48, 50, 51, 55, 56 ], [ 1, 2, 4, 5, 6, 7, 9, 11, 13, 15, 16, 18, 19, 20, 22, 23, 24, 28, 29, 30, 33, 
      34, 35, 36, 38, 41, 42, 43, 46, 50, 52, 54, 56 ], [ 1, 2, 3, 6, 8, 9, 10, 11, 12, 13, 14, 15, 17, 19, 20, 21, 22, 23, 26, 
      28, 29, 30, 34, 35, 36, 38, 42, 43, 45, 46, 49, 55, 56 ], 
  [ 1, 2, 3, 4, 5, 6, 7, 9, 10, 11, 15, 16, 18, 19, 20, 21, 22, 23, 25, 27, 28, 29, 30, 33, 36, 37, 38, 39, 42, 46, 50, 51, 56 ],
  [ 1, 2, 8, 9, 12, 13, 14, 15, 16, 17, 19, 21, 22, 23, 24, 25, 26, 31, 33, 35, 36, 37, 38, 39, 40, 44, 45, 46, 47, 48, 50, 51, 
      55, 56 ], [ 2, 4, 8, 9, 12, 13, 14, 15, 16, 17, 20, 21, 22, 23, 24, 25, 26, 31, 33, 35, 36, 37, 38, 39, 40, 44, 45, 46, 
      47, 48, 50, 51, 55, 56 ], [ 1, 2, 3, 6, 8, 9, 10, 11, 12, 14, 15, 17, 18, 19, 21, 23, 24, 27, 31, 32, 33, 34, 36, 38, 40, 
      41, 42, 43, 45, 46, 47, 54, 55, 56 ], [ 2, 3, 4, 6, 8, 9, 10, 11, 12, 14, 15, 17, 18, 20, 21, 23, 24, 27, 31, 32, 33, 34, 
      36, 38, 40, 41, 42, 43, 45, 46, 47, 54, 55, 56 ], [ 2, 3, 4, 6, 8, 9, 10, 11, 12, 13, 14, 15, 17, 20, 21, 22, 24, 26, 27, 
      31, 32, 34, 35, 40, 41, 43, 44, 45, 47, 48, 49, 53, 54, 55 ], 
  [ 1, 2, 8, 9, 10, 14, 15, 16, 17, 19, 21, 22, 23, 24, 25, 26, 27, 31, 33, 35, 36, 37, 38, 39, 40, 44, 45, 46, 47, 48, 50, 51, 
      55, 56 ], [ 2, 4, 8, 9, 10, 14, 15, 16, 17, 20, 21, 22, 23, 24, 25, 26, 27, 31, 33, 35, 36, 37, 38, 39, 40, 44, 45, 46, 
      47, 48, 50, 51, 55, 56 ], [ 2, 4, 6, 8, 11, 12, 13, 14, 17, 18, 19, 20, 21, 22, 23, 24, 28, 31, 33, 34, 35, 36, 38, 40, 
      41, 42, 43, 45, 46, 50, 52, 54, 55, 56 ], [ 1, 2, 8, 9, 11, 12, 13, 14, 16, 17, 18, 19, 21, 22, 24, 25, 28, 31, 35, 37, 
      39, 40, 41, 42, 45, 46, 47, 48, 49, 50, 51, 52, 53, 55 ], 
  [ 2, 4, 8, 9, 11, 12, 13, 14, 16, 17, 18, 20, 21, 22, 24, 25, 28, 31, 35, 37, 39, 40, 41, 42, 45, 46, 47, 48, 49, 50, 51, 52, 
      53, 55 ], [ 2, 4, 6, 8, 10, 11, 14, 17, 18, 19, 20, 21, 22, 23, 24, 27, 28, 31, 33, 34, 35, 36, 38, 40, 41, 42, 43, 45, 
      46, 50, 52, 54, 55, 56 ], [ 1, 2, 8, 9, 10, 11, 14, 16, 17, 18, 19, 21, 22, 24, 25, 27, 28, 31, 35, 37, 39, 40, 41, 42, 
      45, 46, 47, 48, 49, 50, 51, 52, 53, 55 ], [ 2, 4, 8, 9, 10, 11, 14, 16, 17, 18, 20, 21, 22, 24, 25, 27, 28, 31, 35, 37, 
      39, 40, 41, 42, 45, 46, 47, 48, 49, 50, 51, 52, 53, 55 ], 
  [ 1, 5, 8, 9, 11, 12, 13, 15, 16, 17, 18, 19, 21, 22, 23, 25, 29, 33, 35, 36, 37, 38, 39, 40, 41, 42, 45, 46, 47, 48, 50, 51, 
      55, 56 ], [ 4, 5, 8, 9, 11, 12, 13, 15, 16, 17, 18, 20, 21, 22, 23, 25, 29, 33, 35, 36, 37, 38, 39, 40, 41, 42, 45, 46, 
      47, 48, 50, 51, 55, 56 ], [ 1, 5, 8, 9, 10, 11, 15, 16, 17, 18, 19, 21, 22, 23, 25, 27, 29, 33, 35, 36, 37, 38, 39, 40, 
      41, 42, 45, 46, 47, 48, 50, 51, 55, 56 ], [ 4, 5, 8, 9, 10, 11, 15, 16, 17, 18, 20, 21, 22, 23, 25, 27, 29, 33, 35, 36, 
      37, 38, 39, 40, 41, 42, 45, 46, 47, 48, 50, 51, 55, 56 ], 
  [ 1, 2, 3, 4, 5, 6, 8, 9, 10, 11, 12, 15, 16, 17, 18, 20, 21, 24, 27, 28, 29, 32, 34, 40, 41, 42, 43, 45, 47, 49, 52, 53, 54, 
      55 ], [ 1, 3, 5, 6, 8, 9, 10, 11, 12, 13, 17, 19, 21, 22, 26, 27, 28, 29, 32, 34, 35, 40, 41, 43, 44, 45, 46, 47, 48, 49, 
      52, 53, 54, 55 ], [ 3, 4, 5, 6, 8, 9, 10, 11, 12, 13, 17, 20, 21, 22, 26, 27, 28, 29, 32, 34, 35, 40, 41, 43, 44, 45, 46, 
      47, 48, 49, 52, 53, 54, 55 ], [ 1, 2, 3, 7, 9, 11, 12, 13, 14, 15, 16, 18, 19, 21, 22, 23, 24, 25, 30, 31, 32, 33, 36, 37, 
      38, 39, 41, 42, 46, 47, 48, 50, 51, 56 ], [ 2, 3, 4, 7, 9, 11, 12, 13, 14, 15, 16, 18, 20, 21, 22, 23, 24, 25, 30, 31, 32, 
      33, 36, 37, 38, 39, 41, 42, 46, 47, 48, 50, 51, 56 ], [ 1, 2, 3, 7, 9, 10, 11, 14, 15, 16, 18, 19, 21, 22, 23, 24, 25, 27, 
      30, 31, 32, 33, 36, 37, 38, 39, 41, 42, 46, 47, 48, 50, 51, 56 ], 
  [ 2, 3, 4, 7, 9, 10, 11, 14, 15, 16, 18, 20, 21, 22, 23, 24, 25, 27, 30, 31, 32, 33, 36, 37, 38, 39, 41, 42, 46, 47, 48, 50, 
      51, 56 ], [ 2, 3, 4, 6, 7, 10, 11, 13, 14, 19, 20, 22, 23, 24, 26, 27, 28, 30, 31, 32, 33, 34, 35, 36, 38, 41, 43, 44, 46, 
      48, 50, 52, 54, 56 ], [ 1, 2, 3, 4, 5, 6, 7, 9, 12, 13, 15, 16, 19, 20, 21, 22, 23, 24, 26, 28, 29, 30, 32, 33, 34, 36, 
      38, 43, 44, 46, 50, 52, 54, 56 ], [ 1, 2, 4, 5, 6, 7, 9, 10, 11, 15, 16, 18, 19, 20, 22, 23, 24, 27, 28, 29, 30, 33, 34, 
      35, 36, 38, 41, 42, 43, 46, 50, 52, 54, 56 ], [ 1, 2, 3, 4, 5, 6, 7, 9, 10, 15, 16, 19, 20, 21, 22, 23, 24, 26, 27, 28, 
      29, 30, 32, 33, 34, 36, 38, 43, 44, 46, 50, 52, 54, 56 ], 
  [ 1, 2, 3, 4, 5, 6, 8, 9, 10, 11, 12, 13, 15, 16, 17, 20, 21, 22, 25, 26, 27, 28, 29, 35, 37, 39, 40, 44, 45, 47, 48, 49, 51, 
      53, 55 ], [ 1, 2, 3, 4, 5, 6, 7, 9, 10, 11, 13, 15, 16, 19, 20, 22, 23, 25, 26, 27, 28, 29, 30, 33, 35, 36, 37, 38, 39, 
      44, 46, 48, 50, 51, 56 ], [ 1, 2, 8, 9, 11, 12, 13, 14, 15, 16, 17, 18, 19, 21, 22, 23, 24, 25, 31, 33, 35, 36, 37, 38, 
      39, 40, 41, 42, 45, 46, 47, 48, 50, 51, 55, 56 ], [ 2, 4, 8, 9, 11, 12, 13, 14, 15, 16, 17, 18, 20, 21, 22, 23, 24, 25, 
      31, 33, 35, 36, 37, 38, 39, 40, 41, 42, 45, 46, 47, 48, 50, 51, 55, 56 ], 
  [ 1, 2, 8, 9, 10, 11, 14, 15, 16, 17, 18, 19, 21, 22, 23, 24, 25, 27, 31, 33, 35, 36, 37, 38, 39, 40, 41, 42, 45, 46, 47, 48, 
      50, 51, 55, 56 ], [ 2, 4, 8, 9, 10, 11, 14, 15, 16, 17, 18, 20, 21, 22, 23, 24, 25, 27, 31, 33, 35, 36, 37, 38, 39, 40, 
      41, 42, 45, 46, 47, 48, 50, 51, 55, 56 ], [ 1, 2, 3, 6, 8, 9, 10, 11, 12, 13, 14, 15, 17, 19, 21, 22, 23, 25, 26, 27, 31, 
      33, 35, 36, 37, 38, 39, 40, 44, 45, 46, 47, 48, 51, 55, 56 ], 
  [ 2, 3, 4, 6, 8, 9, 10, 11, 12, 13, 14, 15, 17, 20, 21, 22, 23, 25, 26, 27, 31, 33, 35, 36, 37, 38, 39, 40, 44, 45, 46, 47, 
      48, 51, 55, 56 ], [ 2, 3, 4, 6, 8, 10, 11, 12, 14, 17, 18, 19, 20, 21, 23, 24, 27, 28, 31, 32, 33, 34, 36, 38, 40, 41, 42, 
      43, 45, 46, 47, 50, 52, 54, 55, 56 ], [ 1, 2, 3, 6, 8, 9, 10, 11, 12, 13, 14, 17, 19, 21, 22, 24, 26, 27, 28, 31, 32, 34, 
      35, 40, 41, 43, 44, 45, 46, 47, 48, 49, 52, 53, 54, 55 ], [ 2, 3, 4, 6, 8, 9, 10, 11, 12, 13, 14, 17, 20, 21, 22, 24, 26, 
      27, 28, 31, 32, 34, 35, 40, 41, 43, 44, 45, 46, 47, 48, 49, 52, 53, 54, 55 ], 
  [ 1, 2, 3, 6, 8, 9, 10, 11, 12, 13, 14, 17, 19, 21, 22, 23, 24, 26, 27, 28, 31, 32, 34, 35, 36, 38, 40, 41, 43, 44, 46, 47, 
      48, 52, 54, 55 ], [ 2, 3, 4, 6, 8, 9, 10, 11, 12, 13, 14, 17, 20, 21, 22, 23, 24, 26, 27, 28, 31, 32, 34, 35, 36, 38, 40, 
      41, 43, 44, 46, 47, 48, 52, 54, 55 ], [ 1, 2, 3, 4, 5, 6, 8, 9, 11, 12, 13, 15, 16, 17, 18, 19, 20, 21, 22, 23, 24, 28, 
      29, 32, 33, 34, 38, 41, 42, 43, 45, 46, 50, 52, 54, 56 ], 
  [ 1, 2, 4, 5, 6, 8, 9, 11, 12, 13, 15, 16, 17, 18, 19, 20, 21, 22, 23, 25, 28, 29, 33, 35, 36, 37, 38, 39, 40, 42, 45, 46, 50, 
      51, 55, 56 ], [ 1, 2, 3, 4, 5, 6, 8, 9, 10, 11, 15, 16, 17, 18, 19, 20, 21, 22, 23, 24, 27, 28, 29, 32, 33, 34, 38, 41, 
      42, 43, 45, 46, 50, 52, 54, 56 ], [ 1, 2, 4, 5, 6, 8, 9, 10, 11, 15, 16, 17, 18, 19, 20, 21, 22, 23, 25, 27, 28, 29, 33, 
      35, 36, 37, 38, 39, 40, 42, 45, 46, 50, 51, 55, 56 ], [ 1, 2, 3, 7, 9, 10, 11, 12, 13, 14, 16, 17, 18, 19, 21, 22, 24, 26, 
      28, 30, 32, 34, 35, 36, 37, 38, 39, 41, 42, 46, 47, 48, 49, 50, 52, 55 ], 
  [ 2, 3, 4, 7, 9, 10, 11, 12, 13, 14, 16, 17, 18, 20, 21, 22, 24, 26, 28, 30, 32, 34, 35, 36, 37, 38, 39, 41, 42, 46, 47, 48, 
      49, 50, 52, 55 ], [ 1, 2, 3, 4, 5, 6, 7, 9, 11, 12, 13, 15, 16, 18, 19, 20, 21, 22, 23, 24, 28, 29, 30, 32, 33, 34, 36, 
      38, 41, 42, 43, 46, 50, 52, 54, 56 ], [ 1, 2, 3, 8, 9, 11, 12, 13, 14, 15, 16, 19, 20, 21, 22, 23, 24, 25, 28, 29, 30, 31, 
      32, 41, 42, 43, 45, 46, 47, 48, 49, 50, 51, 52, 53, 56 ], 
  [ 1, 2, 3, 4, 5, 6, 7, 9, 10, 11, 15, 16, 18, 19, 20, 21, 22, 23, 24, 27, 28, 29, 30, 32, 33, 34, 36, 38, 41, 42, 43, 46, 50, 
      52, 54, 56 ], [ 1, 2, 3, 8, 9, 10, 11, 14, 15, 16, 19, 20, 21, 22, 23, 24, 25, 27, 28, 29, 30, 31, 32, 41, 42, 43, 45, 46, 
      47, 48, 49, 50, 51, 52, 53, 56 ], [ 2, 3, 4, 6, 8, 10, 11, 12, 13, 14, 17, 19, 20, 21, 22, 23, 25, 26, 27, 28, 31, 33, 35, 
      36, 37, 38, 39, 40, 44, 45, 46, 47, 48, 50, 51, 55, 56 ], 
  [ 1, 2, 3, 4, 5, 6, 8, 9, 10, 11, 12, 15, 16, 17, 18, 19, 20, 21, 23, 25, 27, 28, 29, 33, 36, 37, 38, 39, 40, 42, 45, 46, 47, 
      50, 51, 55, 56 ], [ 1, 2, 3, 6, 8, 9, 10, 11, 12, 13, 14, 15, 17, 19, 21, 22, 23, 24, 26, 27, 31, 32, 33, 34, 35, 36, 38, 
      40, 41, 43, 44, 45, 46, 47, 48, 54, 55, 56 ], [ 2, 3, 4, 6, 8, 9, 10, 11, 12, 13, 14, 15, 17, 20, 21, 22, 23, 24, 26, 27, 
      31, 32, 33, 34, 35, 36, 38, 40, 41, 43, 44, 45, 46, 47, 48, 54, 55, 56 ], 
  [ 1, 2, 4, 5, 6, 8, 9, 11, 12, 13, 15, 16, 17, 18, 19, 20, 21, 22, 23, 24, 28, 29, 33, 34, 35, 36, 38, 40, 41, 42, 43, 45, 46, 
      50, 52, 54, 55, 56 ], [ 1, 2, 4, 5, 6, 8, 9, 10, 11, 15, 16, 17, 18, 19, 20, 21, 22, 23, 24, 27, 28, 29, 33, 34, 35, 36, 
      38, 40, 41, 42, 43, 45, 46, 50, 52, 54, 55, 56 ], [ 1, 2, 3, 4, 5, 6, 8, 9, 10, 11, 12, 13, 15, 16, 17, 20, 21, 22, 24, 
      26, 27, 28, 29, 32, 34, 35, 40, 41, 43, 44, 45, 47, 48, 49, 52, 53, 54, 55 ], 
  [ 1, 2, 3, 8, 9, 10, 11, 12, 13, 14, 15, 16, 17, 19, 20, 21, 22, 23, 25, 26, 28, 29, 30, 35, 36, 37, 38, 39, 42, 45, 46, 47, 
      48, 49, 50, 51, 55, 56 ], [ 1, 2, 3, 4, 5, 6, 7, 9, 10, 11, 13, 15, 16, 19, 20, 22, 23, 24, 26, 27, 28, 29, 30, 32, 33, 
      34, 35, 36, 38, 41, 43, 44, 46, 48, 50, 52, 54, 56 ], [ 1, 2, 3, 7, 9, 10, 11, 12, 13, 14, 15, 16, 17, 18, 19, 21, 22, 24, 
      26, 30, 32, 33, 34, 35, 36, 37, 38, 39, 41, 42, 45, 46, 47, 48, 49, 50, 51, 55, 56 ], 
  [ 2, 3, 4, 7, 9, 10, 11, 12, 13, 14, 15, 16, 17, 18, 20, 21, 22, 24, 26, 30, 32, 33, 34, 35, 36, 37, 38, 39, 41, 42, 45, 46, 
      47, 48, 49, 50, 51, 55, 56 ], [ 1, 2, 8, 9, 11, 12, 13, 14, 15, 16, 19, 20, 21, 22, 23, 24, 25, 28, 29, 30, 31, 35, 36, 
      37, 40, 41, 42, 43, 45, 46, 47, 48, 49, 50, 51, 52, 53, 55, 56 ], 
  [ 1, 3, 5, 7, 8, 9, 10, 11, 12, 13, 14, 16, 17, 18, 19, 21, 22, 23, 25, 26, 28, 29, 30, 32, 34, 35, 36, 37, 38, 39, 41, 42, 
      46, 47, 48, 49, 50, 52, 55 ], [ 3, 4, 5, 7, 8, 9, 10, 11, 12, 13, 14, 16, 17, 18, 20, 21, 22, 23, 25, 26, 28, 29, 30, 32, 
      34, 35, 36, 37, 38, 39, 41, 42, 46, 47, 48, 49, 50, 52, 55 ], 
  [ 1, 2, 3, 8, 9, 12, 13, 14, 15, 16, 17, 19, 20, 21, 22, 23, 24, 25, 26, 28, 29, 30, 31, 32, 38, 39, 42, 43, 44, 45, 46, 47, 
      48, 49, 50, 51, 52, 53, 56 ], [ 1, 2, 8, 9, 10, 11, 14, 15, 16, 19, 20, 21, 22, 23, 24, 25, 27, 28, 29, 30, 31, 35, 36, 
      37, 40, 41, 42, 43, 45, 46, 47, 48, 49, 50, 51, 52, 53, 55, 56 ], 
  [ 1, 2, 3, 8, 9, 10, 14, 15, 16, 17, 19, 20, 21, 22, 23, 24, 25, 26, 27, 28, 29, 30, 31, 32, 38, 39, 42, 43, 44, 45, 46, 47, 
      48, 49, 50, 51, 52, 53, 56 ], [ 2, 3, 4, 6, 8, 10, 11, 12, 13, 14, 17, 19, 20, 21, 22, 23, 24, 26, 27, 28, 31, 32, 33, 34, 
      35, 36, 38, 40, 41, 43, 44, 45, 46, 47, 48, 50, 52, 54, 55, 56 ], 
  [ 1, 2, 3, 4, 5, 6, 8, 9, 10, 11, 12, 15, 16, 17, 18, 19, 20, 21, 23, 24, 27, 28, 29, 32, 33, 34, 36, 38, 40, 41, 42, 43, 45, 
      46, 47, 50, 52, 54, 55, 56 ], [ 1, 2, 3, 8, 9, 10, 11, 12, 13, 14, 15, 16, 17, 19, 20, 21, 22, 23, 24, 26, 28, 29, 30, 32, 
      34, 35, 36, 38, 41, 42, 43, 45, 46, 47, 48, 49, 50, 52, 55, 56 ], 
  [ 1, 2, 3, 4, 5, 6, 7, 8, 9, 10, 11, 12, 13, 14, 15, 16, 17, 18, 21, 22, 23, 24, 25, 26, 27, 31, 32, 33, 34, 35, 36, 37, 38, 
      39, 40, 41, 44, 47, 48, 54, 55 ], [ 1, 2, 4, 5, 6, 8, 9, 11, 13, 15, 16, 17, 18, 19, 20, 22, 23, 24, 25, 27, 28, 29, 31, 
      33, 35, 38, 39, 40, 41, 42, 43, 44, 45, 46, 48, 50, 51, 52, 53, 54, 56 ], 
  [ 1, 2, 3, 4, 5, 6, 8, 9, 10, 11, 12, 13, 15, 16, 17, 19, 20, 21, 22, 23, 25, 26, 27, 28, 29, 33, 35, 36, 37, 38, 39, 40, 44, 
      45, 46, 47, 48, 50, 51, 55, 56 ], [ 1, 2, 3, 4, 5, 6, 7, 8, 9, 10, 11, 12, 13, 14, 15, 16, 17, 18, 21, 22, 24, 25, 26, 27, 
      31, 32, 33, 34, 35, 37, 39, 40, 41, 44, 45, 47, 48, 49, 51, 53, 54, 55 ], 
  [ 1, 2, 3, 6, 7, 9, 10, 11, 12, 13, 14, 17, 18, 19, 21, 22, 24, 26, 27, 28, 30, 31, 32, 34, 35, 36, 37, 38, 39, 40, 41, 42, 
      43, 44, 46, 47, 48, 49, 52, 53, 54, 55 ], [ 2, 3, 4, 6, 7, 9, 10, 11, 12, 13, 14, 17, 18, 20, 21, 22, 24, 26, 27, 28, 30, 
      31, 32, 34, 35, 36, 37, 38, 39, 40, 41, 42, 43, 44, 46, 47, 48, 49, 52, 53, 54, 55 ], 
  [ 1, 3, 5, 7, 8, 9, 10, 11, 12, 13, 14, 15, 16, 17, 18, 19, 21, 22, 23, 25, 26, 29, 30, 32, 33, 34, 35, 36, 37, 38, 39, 41, 
      42, 45, 46, 47, 48, 49, 50, 51, 55, 56 ], [ 3, 4, 5, 7, 8, 9, 10, 11, 12, 13, 14, 15, 16, 17, 18, 20, 21, 22, 23, 25, 26, 
      29, 30, 32, 33, 34, 35, 36, 37, 38, 39, 41, 42, 45, 46, 47, 48, 49, 50, 51, 55, 56 ], 
  [ 1, 2, 3, 4, 5, 6, 7, 8, 9, 11, 12, 13, 14, 15, 16, 18, 19, 20, 21, 22, 23, 24, 25, 28, 29, 30, 31, 32, 33, 34, 41, 42, 43, 
      45, 46, 49, 50, 51, 52, 53, 54, 56 ], [ 1, 2, 8, 9, 12, 13, 14, 15, 16, 17, 19, 20, 21, 22, 23, 24, 25, 26, 28, 29, 30, 
      31, 35, 36, 37, 38, 39, 40, 42, 43, 44, 45, 46, 47, 48, 49, 50, 51, 52, 53, 55, 56 ], 
  [ 1, 2, 4, 5, 6, 7, 9, 11, 13, 15, 16, 18, 19, 20, 22, 23, 24, 25, 27, 28, 29, 30, 31, 33, 35, 36, 37, 38, 39, 40, 41, 42, 43, 
      44, 46, 48, 50, 51, 52, 53, 54, 56 ], [ 1, 2, 3, 4, 5, 6, 7, 8, 9, 10, 11, 14, 15, 16, 18, 19, 20, 21, 22, 23, 24, 25, 27, 
      28, 29, 30, 31, 32, 33, 34, 41, 42, 43, 45, 46, 49, 50, 51, 52, 53, 54, 56 ], 
  [ 1, 2, 8, 9, 10, 14, 15, 16, 17, 19, 20, 21, 22, 23, 24, 25, 26, 27, 28, 29, 30, 31, 35, 36, 37, 38, 39, 40, 42, 43, 44, 45, 
      46, 47, 48, 49, 50, 51, 52, 53, 55, 56 ], [ 1, 2, 3, 4, 5, 6, 7, 8, 9, 10, 11, 12, 13, 14, 15, 16, 17, 18, 19, 20, 21, 22, 
      23, 25, 26, 28, 29, 30, 33, 34, 35, 36, 37, 38, 39, 42, 45, 46, 49, 50, 51, 55, 56 ], 
  [ 1, 2, 3, 6, 8, 9, 10, 11, 12, 13, 14, 15, 17, 19, 20, 21, 22, 23, 25, 26, 27, 28, 29, 30, 31, 35, 36, 37, 38, 39, 40, 42, 
      43, 44, 45, 46, 47, 48, 49, 51, 53, 55, 56 ], [ 1, 2, 3, 4, 5, 6, 8, 9, 10, 11, 12, 13, 15, 16, 17, 19, 20, 21, 22, 23, 
      24, 26, 27, 28, 29, 32, 33, 34, 35, 36, 38, 40, 41, 43, 44, 45, 46, 47, 48, 50, 52, 54, 55, 56 ], 
  [ 1, 2, 3, 4, 5, 6, 7, 8, 9, 10, 11, 12, 13, 14, 16, 17, 18, 19, 21, 22, 23, 24, 25, 26, 27, 28, 31, 32, 33, 34, 35, 36, 37, 
      38, 39, 40, 41, 44, 46, 47, 48, 50, 52, 54, 55 ], [ 1, 2, 3, 4, 5, 6, 8, 9, 11, 12, 13, 15, 16, 17, 18, 19, 20, 21, 22, 
      23, 24, 25, 27, 28, 29, 31, 32, 33, 38, 39, 40, 41, 42, 43, 44, 45, 46, 47, 48, 50, 51, 52, 53, 54, 56 ], 
  [ 1, 2, 3, 6, 7, 9, 10, 11, 12, 13, 14, 15, 17, 18, 19, 21, 22, 24, 26, 27, 30, 31, 32, 33, 34, 35, 36, 37, 38, 39, 40, 41, 
      42, 43, 44, 45, 46, 47, 48, 49, 51, 53, 54, 55, 56 ], [ 2, 3, 4, 6, 7, 9, 10, 11, 12, 13, 14, 15, 17, 18, 20, 21, 22, 24, 
      26, 27, 30, 31, 32, 33, 34, 35, 36, 37, 38, 39, 40, 41, 42, 43, 44, 45, 46, 47, 48, 49, 51, 53, 54, 55, 56 ], 
  [ 1, 2, 4, 5, 6, 7, 8, 9, 11, 12, 13, 14, 15, 16, 18, 19, 20, 21, 22, 23, 24, 25, 28, 29, 30, 31, 33, 34, 35, 36, 37, 40, 41, 
      42, 43, 45, 46, 49, 50, 51, 52, 53, 54, 55, 56 ], [ 1, 2, 3, 4, 5, 6, 7, 8, 9, 12, 13, 14, 15, 16, 17, 18, 19, 20, 21, 22, 
      23, 24, 25, 26, 28, 29, 30, 31, 32, 33, 34, 38, 39, 42, 43, 44, 45, 46, 49, 50, 51, 52, 53, 54, 56 ], 
  [ 1, 2, 4, 5, 6, 7, 8, 9, 10, 11, 14, 15, 16, 18, 19, 20, 21, 22, 23, 24, 25, 27, 28, 29, 30, 31, 33, 34, 35, 36, 37, 40, 41, 
      42, 43, 45, 46, 49, 50, 51, 52, 53, 54, 55, 56 ], [ 1, 3, 5, 6, 7, 8, 9, 10, 11, 12, 13, 14, 17, 18, 19, 21, 22, 23, 25, 
      26, 27, 28, 29, 30, 31, 32, 34, 35, 36, 37, 38, 39, 40, 41, 42, 43, 44, 46, 47, 48, 49, 52, 53, 54, 55 ], 
  [ 3, 4, 5, 6, 7, 8, 9, 10, 11, 12, 13, 14, 17, 18, 20, 21, 22, 23, 25, 26, 27, 28, 29, 30, 31, 32, 34, 35, 36, 37, 38, 39, 40, 
      41, 42, 43, 44, 46, 47, 48, 49, 52, 53, 54, 55 ], [ 1, 2, 3, 4, 5, 6, 7, 8, 9, 10, 14, 15, 16, 17, 18, 19, 20, 21, 22, 23, 
      24, 25, 26, 27, 28, 29, 30, 31, 32, 33, 34, 38, 39, 42, 43, 44, 45, 46, 49, 50, 51, 52, 53, 54, 56 ], 
  [ 1, 2, 3, 4, 5, 6, 7, 8, 9, 10, 11, 12, 13, 14, 16, 17, 18, 19, 21, 22, 24, 25, 26, 27, 28, 31, 32, 33, 34, 35, 37, 39, 40, 
      41, 44, 45, 46, 47, 48, 49, 50, 51, 52, 53, 54, 55 ], [ 1, 2, 3, 4, 5, 6, 7, 9, 11, 12, 13, 15, 16, 18, 19, 20, 21, 22, 
      23, 24, 25, 27, 28, 29, 30, 31, 32, 33, 36, 37, 38, 39, 40, 41, 42, 43, 44, 46, 47, 48, 50, 51, 52, 53, 54, 56 ], 
  [ 2, 3, 4, 6, 7, 10, 11, 12, 13, 14, 17, 18, 19, 20, 21, 22, 24, 26, 27, 28, 30, 31, 32, 33, 34, 35, 36, 37, 38, 39, 40, 41, 
      42, 43, 44, 45, 46, 47, 48, 49, 50, 51, 52, 53, 54, 55, 56 ], 
  [ 1, 5, 7, 8, 9, 12, 13, 14, 15, 16, 17, 18, 19, 21, 22, 23, 24, 25, 26, 29, 30, 31, 32, 33, 34, 35, 36, 37, 38, 39, 40, 41, 
      42, 43, 44, 45, 46, 47, 48, 49, 50, 51, 52, 53, 54, 55, 56 ], 
  [ 4, 5, 7, 8, 9, 12, 13, 14, 15, 16, 17, 18, 20, 21, 22, 23, 24, 25, 26, 29, 30, 31, 32, 33, 34, 35, 36, 37, 38, 39, 40, 41, 
      42, 43, 44, 45, 46, 47, 48, 49, 50, 51, 52, 53, 54, 55, 56 ], 
  [ 1, 5, 7, 8, 9, 10, 14, 15, 16, 17, 18, 19, 21, 22, 23, 24, 25, 26, 27, 29, 30, 31, 32, 33, 34, 35, 36, 37, 38, 39, 40, 41, 
      42, 43, 44, 45, 46, 47, 48, 49, 50, 51, 52, 53, 54, 55, 56 ], 
  [ 4, 5, 7, 8, 9, 10, 14, 15, 16, 17, 18, 20, 21, 22, 23, 24, 25, 26, 27, 29, 30, 31, 32, 33, 34, 35, 36, 37, 38, 39, 40, 41, 
      42, 43, 44, 45, 46, 47, 48, 49, 50, 51, 52, 53, 54, 55, 56 ], 
  [ 1, 2, 3, 4, 5, 6, 7, 8, 9, 10, 11, 12, 14, 15, 16, 18, 19, 20, 21, 23, 24, 25, 27, 28, 29, 30, 31, 32, 33, 34, 36, 37, 40, 
      41, 42, 43, 45, 46, 47, 49, 50, 51, 52, 53, 54, 55, 56 ], 
  [ 1, 3, 5, 6, 7, 8, 9, 10, 11, 12, 13, 14, 15, 17, 18, 19, 21, 22, 23, 25, 26, 27, 29, 30, 31, 32, 33, 34, 35, 36, 37, 38, 39, 
      40, 41, 42, 43, 44, 45, 46, 47, 48, 49, 51, 53, 54, 55, 56 ], 
  [ 3, 4, 5, 6, 7, 8, 9, 10, 11, 12, 13, 14, 15, 17, 18, 20, 21, 22, 23, 25, 26, 27, 29, 30, 31, 32, 33, 34, 35, 36, 37, 38, 39, 
      40, 41, 42, 43, 44, 45, 46, 47, 48, 49, 51, 53, 54, 55, 56 ], 
  [ 1, 2, 4, 5, 6, 7, 8, 9, 12, 13, 14, 15, 16, 17, 18, 19, 20, 21, 22, 23, 24, 25, 26, 28, 29, 30, 31, 33, 34, 35, 36, 37, 38, 
      39, 40, 42, 43, 44, 45, 46, 49, 50, 51, 52, 53, 54, 55, 56 ], 
  [ 1, 2, 4, 5, 6, 7, 8, 9, 10, 14, 15, 16, 17, 18, 19, 20, 21, 22, 23, 24, 25, 26, 27, 28, 29, 30, 31, 33, 34, 35, 36, 37, 38, 
      39, 40, 42, 43, 44, 45, 46, 49, 50, 51, 52, 53, 54, 55, 56 ], 
  [ 1, 2, 3, 4, 5, 6, 7, 8, 9, 10, 11, 13, 14, 15, 16, 17, 18, 19, 20, 22, 23, 24, 25, 26, 27, 28, 29, 30, 31, 32, 33, 34, 35, 
      38, 39, 41, 42, 43, 44, 45, 46, 48, 49, 50, 51, 52, 53, 54, 56 ], 
  [ 1, 2, 3, 4, 5, 6, 7, 8, 9, 10, 11, 12, 13, 14, 15, 16, 17, 18, 20, 21, 22, 23, 24, 25, 26, 27, 28, 29, 30, 31, 32, 34, 35, 
      36, 37, 38, 39, 40, 41, 42, 43, 44, 47, 48, 49, 52, 53, 54, 55 ], 
  [ 3, 4, 5, 6, 7, 8, 10, 11, 12, 13, 14, 17, 18, 19, 20, 21, 22, 23, 25, 26, 27, 28, 29, 30, 31, 32, 33, 34, 35, 36, 37, 38, 
      39, 40, 41, 42, 43, 44, 45, 46, 47, 48, 49, 50, 51, 52, 53, 54, 55, 56 ], 
  [ 1, 2, 3, 4, 5, 6, 7, 8, 9, 10, 12, 14, 15, 16, 17, 18, 19, 20, 21, 23, 24, 25, 26, 27, 28, 29, 30, 31, 32, 33, 34, 36, 37, 
      38, 39, 40, 42, 43, 44, 45, 46, 47, 49, 50, 51, 52, 53, 54, 55, 56 ], 
  [ 1, 2, 3, 4, 5, 6, 7, 9, 10, 11, 12, 13, 15, 16, 17, 18, 19, 20, 21, 22, 24, 26, 27, 28, 29, 30, 32, 33, 34, 35, 36, 37, 38, 
      39, 40, 41, 42, 43, 44, 45, 46, 47, 48, 49, 50, 51, 52, 53, 54, 55, 56 ], 
  [ 1, 2, 3, 4, 5, 6, 7, 8, 9, 10, 11, 12, 13, 14, 15, 16, 19, 20, 21, 22, 23, 24, 25, 26, 27, 28, 29, 30, 31, 32, 33, 34, 35, 
      36, 37, 40, 41, 43, 44, 45, 46, 47, 48, 49, 50, 51, 52, 53, 54, 55, 56 ], 
  [ 1, 2, 3, 4, 5, 6, 7, 8, 9, 10, 11, 12, 13, 14, 15, 16, 17, 18, 19, 20, 23, 24, 25, 26, 27, 28, 29, 30, 31, 32, 33, 34, 35, 
      36, 37, 38, 39, 40, 41, 42, 43, 44, 45, 46, 47, 48, 49, 50, 51, 52, 53, 54, 55, 56 ], 
  [ 1, 2, 3, 4, 5, 6, 7, 8, 10, 11, 12, 13, 14, 15, 16, 17, 18, 19, 20, 21, 22, 23, 24, 25, 26, 27, 28, 29, 30, 31, 32, 33, 34, 
      35, 36, 37, 38, 39, 40, 41, 42, 43, 44, 45, 47, 48, 49, 50, 51, 52, 53, 54, 55, 56 ] ];
