return 
[ [ 13, 14, 15, 16, 17, 18, 19, 21, 24, 25, 28, 31, 32, 33, 37, 38, 43 ], 
  [ 2, 13, 14, 15, 16, 17, 18, 19, 21, 24, 28, 31, 32, 33, 37, 38, 43 ], 
  [ 2, 5, 6, 8, 13, 15, 16, 17, 18, 19, 28, 31, 32, 33, 35, 37, 40 ], 
  [ 1, 2, 5, 6, 8, 13, 15, 16, 17, 19, 28, 31, 32, 33, 35, 37, 40 ], 
  [ 2, 4, 5, 6, 8, 13, 15, 16, 17, 18, 19, 28, 31, 32, 35, 37, 40 ], 
  [ 1, 2, 4, 5, 6, 8, 13, 15, 16, 17, 19, 28, 31, 32, 35, 37, 40 ], 
  [ 1, 2, 8, 11, 12, 16, 19, 21, 23, 24, 26, 28, 31, 32, 33, 41, 42 ], 
  [ 2, 4, 5, 6, 8, 13, 15, 17, 18, 19, 20, 28, 31, 32, 33, 35, 37, 40 ], 
  [ 1, 2, 4, 5, 6, 8, 13, 15, 17, 19, 20, 28, 31, 32, 33, 35, 37, 40 ], 
  [ 1, 2, 8, 11, 16, 17, 19, 21, 23, 24, 26, 28, 31, 32, 33, 37, 41, 42 ], 
  [ 1, 2, 8, 11, 12, 16, 19, 21, 23, 24, 26, 28, 32, 33, 34, 41, 42, 43 ], 
  [ 3, 5, 6, 8, 11, 12, 13, 18, 19, 20, 22, 25, 26, 31, 32, 33, 39, 41 ], 
  [ 3, 5, 13, 14, 17, 18, 19, 20, 22, 25, 31, 32, 33, 35, 37, 38, 39, 40, 43 
     ], [ 1, 2, 4, 5, 8, 13, 15, 16, 17, 19, 20, 23, 28, 31, 32, 33, 35, 37, 
      40 ], 
  [ 1, 2, 8, 11, 16, 17, 19, 21, 23, 24, 26, 28, 32, 33, 34, 37, 41, 42, 43 ]
    , [ 3, 5, 6, 8, 11, 13, 17, 18, 19, 20, 22, 25, 26, 31, 32, 33, 37, 39, 
      41 ], 
  [ 3, 5, 6, 12, 13, 14, 18, 19, 20, 22, 25, 26, 31, 32, 33, 39, 40, 41, 43 ]
    , [ 3, 4, 5, 6, 8, 12, 13, 18, 19, 20, 25, 26, 28, 31, 32, 33, 39, 40, 
      41 ], [ 8, 11, 12, 13, 16, 18, 19, 21, 24, 25, 27, 28, 32, 33, 34, 37, 
      38, 41, 43 ], 
  [ 8, 11, 12, 16, 21, 23, 24, 25, 27, 28, 32, 33, 34, 36, 37, 38, 41, 42, 
      43 ], [ 8, 11, 12, 16, 19, 21, 23, 24, 25, 27, 28, 32, 33, 34, 37, 38, 
      41, 42, 43 ], 
  [ 8, 11, 12, 16, 19, 21, 23, 24, 25, 27, 28, 31, 32, 33, 36, 37, 38, 41, 
      42 ], [ 2, 8, 11, 12, 13, 16, 18, 19, 21, 24, 27, 28, 32, 33, 34, 37, 
      38, 41, 43 ], 
  [ 2, 8, 11, 12, 16, 19, 21, 23, 24, 27, 28, 32, 33, 34, 37, 38, 41, 42, 43 
     ], [ 2, 8, 11, 12, 16, 18, 19, 21, 23, 24, 25, 26, 28, 31, 32, 33, 38, 
      41, 42 ], 
  [ 1, 2, 8, 11, 12, 13, 16, 19, 21, 24, 26, 28, 31, 32, 33, 34, 41, 42, 43 ]
    , [ 1, 2, 8, 11, 12, 16, 19, 21, 23, 24, 27, 28, 32, 33, 34, 37, 41, 42, 
      43 ], [ 2, 13, 14, 15, 16, 17, 18, 19, 20, 21, 22, 23, 24, 25, 31, 32, 
      33, 37, 38, 43 ], 
  [ 3, 5, 6, 13, 14, 17, 18, 19, 20, 22, 25, 26, 31, 32, 33, 37, 39, 40, 41, 
      43 ], [ 1, 2, 3, 4, 5, 6, 13, 14, 15, 17, 18, 19, 20, 28, 31, 32, 33, 
      35, 37, 40 ], 
  [ 2, 4, 8, 13, 15, 16, 17, 18, 19, 20, 21, 23, 24, 25, 27, 28, 33, 34, 37, 
      38 ], 
  [ 3, 4, 5, 8, 13, 18, 19, 20, 25, 27, 28, 29, 33, 34, 35, 37, 38, 39, 40, 
      41 ], [ 3, 4, 5, 6, 8, 13, 17, 18, 19, 20, 25, 26, 28, 31, 32, 33, 37, 
      39, 40, 41 ], 
  [ 1, 3, 4, 5, 6, 8, 13, 20, 27, 28, 29, 30, 33, 34, 35, 36, 37, 39, 40, 41 
     ], [ 2, 8, 11, 16, 17, 18, 19, 21, 23, 24, 25, 26, 28, 31, 32, 33, 37, 
      38, 41, 42 ], 
  [ 1, 2, 8, 11, 13, 16, 17, 19, 21, 24, 26, 28, 31, 32, 33, 34, 37, 41, 42, 
      43 ], 
  [ 3, 4, 5, 8, 12, 13, 18, 19, 20, 25, 27, 28, 29, 33, 34, 35, 38, 39, 40, 
      41 ], [ 1, 3, 4, 5, 6, 8, 12, 13, 20, 27, 28, 29, 30, 33, 34, 35, 36, 
      39, 40, 41 ], 
  [ 1, 2, 3, 4, 5, 6, 8, 12, 13, 18, 19, 20, 27, 28, 32, 33, 35, 37, 40, 41 ]
    , [ 1, 3, 4, 5, 6, 8, 10, 12, 20, 27, 28, 30, 32, 33, 35, 36, 37, 39, 
      40, 41 ], 
  [ 8, 11, 12, 13, 16, 18, 19, 21, 24, 25, 26, 28, 31, 32, 33, 34, 38, 41, 
      42, 43 ], 
  [ 2, 8, 11, 12, 16, 19, 23, 27, 28, 29, 32, 33, 34, 35, 37, 38, 40, 41, 
      42, 43 ], 
  [ 2, 8, 11, 12, 13, 16, 18, 19, 21, 24, 26, 28, 31, 32, 33, 34, 38, 41, 
      42, 43 ], 
  [ 2, 8, 11, 12, 16, 18, 19, 21, 23, 24, 25, 26, 28, 32, 33, 34, 38, 41, 
      42, 43 ], 
  [ 2, 8, 11, 12, 16, 18, 19, 21, 23, 24, 25, 27, 28, 32, 33, 34, 37, 38, 
      41, 43 ], 
  [ 1, 2, 8, 11, 12, 16, 19, 23, 27, 28, 29, 32, 33, 34, 35, 37, 40, 41, 42, 
      43 ], 
  [ 1, 2, 8, 11, 12, 16, 19, 21, 23, 27, 28, 32, 33, 34, 35, 37, 38, 41, 42, 
      43 ], [ 1, 3, 5, 6, 8, 11, 12, 13, 19, 20, 22, 27, 31, 32, 33, 35, 36, 
      37, 39, 41 ], 
  [ 1, 2, 3, 5, 6, 8, 11, 12, 13, 18, 19, 20, 22, 26, 31, 32, 33, 35, 39, 41 
     ], [ 8, 10, 11, 12, 21, 23, 24, 25, 27, 28, 30, 32, 33, 34, 36, 37, 38, 
      41, 42, 43 ], 
  [ 8, 10, 11, 12, 15, 16, 21, 23, 24, 25, 27, 28, 32, 33, 34, 36, 37, 38, 
      42, 43 ], 
  [ 2, 4, 5, 8, 13, 15, 16, 17, 18, 19, 20, 23, 25, 28, 31, 32, 33, 35, 37, 
      38, 40 ], 
  [ 8, 11, 13, 16, 17, 18, 19, 21, 24, 25, 26, 28, 31, 32, 33, 34, 37, 38, 
      41, 42, 43 ], 
  [ 2, 8, 11, 13, 16, 17, 18, 19, 21, 24, 26, 28, 31, 32, 33, 34, 37, 38, 
      41, 42, 43 ], 
  [ 2, 8, 11, 16, 17, 18, 19, 21, 23, 24, 25, 26, 28, 32, 33, 34, 37, 38, 
      41, 42, 43 ], 
  [ 1, 2, 3, 5, 6, 8, 11, 13, 17, 18, 19, 20, 22, 26, 31, 32, 33, 35, 37, 
      39, 41 ], 
  [ 1, 3, 5, 6, 12, 13, 14, 19, 20, 22, 27, 31, 32, 33, 35, 36, 37, 39, 40, 
      41, 43 ], 
  [ 1, 2, 3, 5, 6, 12, 13, 14, 18, 19, 20, 22, 26, 31, 32, 33, 35, 39, 40, 
      41, 43 ], 
  [ 1, 2, 4, 5, 6, 8, 12, 13, 15, 16, 19, 20, 23, 24, 26, 28, 31, 32, 33, 
      40, 41 ], 
  [ 3, 4, 5, 6, 8, 12, 13, 18, 19, 20, 25, 26, 27, 28, 29, 30, 33, 34, 39, 
      40, 41 ], 
  [ 1, 3, 4, 5, 6, 8, 12, 13, 19, 20, 27, 28, 31, 32, 33, 35, 36, 37, 39, 
      40, 41 ], 
  [ 1, 2, 3, 4, 5, 6, 8, 12, 13, 18, 19, 20, 26, 28, 31, 32, 33, 35, 39, 40, 
      41 ], [ 8, 11, 12, 13, 16, 19, 21, 24, 25, 27, 28, 31, 32, 33, 34, 36, 
      37, 38, 41, 42, 43 ], 
  [ 1, 2, 8, 11, 12, 16, 21, 23, 24, 27, 28, 32, 33, 34, 35, 36, 37, 38, 41, 
      42, 43 ], 
  [ 1, 2, 8, 11, 12, 16, 19, 21, 23, 24, 27, 28, 31, 32, 33, 35, 36, 37, 38, 
      41, 42 ], 
  [ 1, 2, 8, 11, 12, 13, 16, 19, 20, 21, 22, 23, 24, 26, 31, 32, 33, 34, 41, 
      42, 43 ], 
  [ 8, 10, 11, 12, 15, 16, 17, 19, 21, 23, 24, 25, 27, 28, 32, 33, 34, 37, 
      38, 42, 43 ], 
  [ 8, 10, 11, 12, 20, 21, 22, 23, 24, 25, 27, 30, 32, 33, 34, 36, 37, 38, 
      41, 42, 43 ], 
  [ 2, 8, 10, 11, 12, 15, 16, 17, 19, 21, 23, 24, 27, 28, 32, 33, 34, 37, 
      38, 42, 43 ], 
  [ 1, 2, 3, 5, 6, 13, 14, 17, 18, 19, 20, 22, 26, 31, 32, 33, 35, 37, 39, 
      40, 41, 43 ], 
  [ 1, 2, 4, 5, 6, 8, 13, 15, 16, 17, 19, 20, 23, 24, 26, 28, 31, 32, 33, 
      37, 40, 41 ], 
  [ 3, 4, 5, 6, 8, 13, 18, 20, 25, 27, 28, 29, 30, 33, 34, 35, 36, 37, 38, 
      39, 40, 41 ], 
  [ 3, 4, 5, 6, 8, 13, 17, 18, 19, 20, 25, 26, 27, 28, 29, 30, 33, 34, 37, 
      39, 40, 41 ], 
  [ 1, 2, 3, 4, 5, 6, 8, 13, 17, 18, 19, 20, 26, 28, 31, 32, 33, 35, 37, 39, 
      40, 41 ], 
  [ 1, 2, 8, 11, 13, 16, 17, 19, 20, 21, 22, 23, 24, 26, 31, 32, 33, 34, 37, 
      41, 42, 43 ], 
  [ 2, 4, 5, 6, 8, 12, 13, 15, 16, 18, 19, 20, 23, 24, 25, 26, 28, 31, 32, 
      33, 40, 41 ], 
  [ 3, 4, 5, 6, 8, 12, 13, 18, 20, 25, 27, 28, 29, 30, 33, 34, 35, 36, 38, 
      39, 40, 41 ], 
  [ 3, 4, 5, 6, 8, 10, 12, 18, 20, 25, 27, 28, 30, 32, 33, 35, 36, 37, 38, 
      39, 40, 41 ], 
  [ 3, 4, 5, 6, 8, 10, 12, 17, 18, 19, 20, 25, 26, 27, 28, 30, 32, 33, 37, 
      39, 40, 41 ], 
  [ 2, 8, 11, 12, 13, 16, 18, 19, 20, 21, 22, 23, 24, 25, 27, 32, 33, 34, 
      37, 38, 41, 43 ], 
  [ 3, 5, 6, 8, 11, 12, 13, 18, 19, 20, 22, 25, 27, 31, 32, 33, 35, 36, 37, 
      38, 39, 41 ], 
  [ 8, 10, 11, 12, 13, 14, 15, 16, 17, 18, 19, 21, 24, 25, 27, 28, 32, 33, 
      34, 37, 38, 43 ], 
  [ 2, 8, 10, 11, 12, 15, 16, 17, 19, 23, 27, 28, 29, 32, 33, 34, 35, 37, 
      38, 40, 42, 43 ], 
  [ 2, 8, 10, 11, 12, 15, 16, 17, 18, 19, 21, 23, 24, 25, 26, 28, 32, 33, 
      34, 38, 42, 43 ], 
  [ 2, 8, 10, 11, 12, 15, 16, 17, 18, 19, 21, 23, 24, 25, 27, 28, 32, 33, 
      34, 37, 38, 43 ], 
  [ 1, 2, 8, 10, 11, 12, 21, 23, 24, 27, 28, 30, 32, 33, 34, 35, 36, 37, 38, 
      41, 42, 43 ], 
  [ 1, 2, 8, 10, 11, 12, 17, 19, 21, 23, 24, 26, 27, 28, 30, 32, 33, 34, 37, 
      41, 42, 43 ], 
  [ 1, 2, 4, 8, 13, 15, 16, 17, 19, 20, 21, 23, 28, 31, 32, 33, 34, 35, 37, 
      38, 40, 42, 43 ], 
  [ 2, 4, 5, 6, 8, 13, 15, 16, 17, 18, 19, 20, 23, 24, 25, 26, 28, 31, 32, 
      33, 37, 40, 41 ], 
  [ 3, 5, 6, 12, 13, 14, 18, 19, 20, 22, 25, 27, 31, 32, 33, 35, 36, 37, 38, 
      39, 40, 41, 43 ], 
  [ 1, 2, 4, 8, 12, 13, 15, 16, 19, 20, 21, 23, 24, 26, 28, 31, 32, 33, 34, 
      40, 41, 42, 43 ], 
  [ 3, 4, 5, 6, 8, 12, 13, 18, 19, 20, 25, 27, 28, 31, 32, 33, 35, 36, 37, 
      38, 39, 40, 41 ], 
  [ 1, 2, 3, 4, 5, 6, 8, 12, 13, 18, 19, 20, 26, 27, 28, 29, 30, 33, 34, 35, 
      39, 40, 41 ], 
  [ 4, 8, 10, 12, 15, 20, 21, 23, 24, 25, 27, 28, 30, 32, 33, 34, 36, 37, 
      38, 40, 41, 42, 43 ], 
  [ 1, 2, 4, 8, 10, 12, 15, 17, 19, 20, 21, 23, 27, 28, 32, 33, 34, 35, 37, 
      38, 40, 42, 43 ], 
  [ 8, 11, 12, 13, 16, 19, 20, 21, 22, 23, 24, 25, 27, 31, 32, 33, 34, 36, 
      37, 38, 41, 42, 43 ], 
  [ 2, 8, 11, 12, 13, 16, 18, 19, 20, 21, 22, 23, 24, 25, 26, 31, 32, 33, 
      34, 38, 41, 42, 43 ], 
  [ 1, 2, 8, 11, 12, 13, 16, 19, 21, 24, 27, 28, 31, 32, 33, 34, 35, 36, 37, 
      38, 41, 42, 43 ], 
  [ 3, 5, 8, 11, 12, 13, 18, 19, 20, 22, 25, 27, 29, 32, 33, 34, 35, 37, 38, 
      39, 40, 41, 43 ], 
  [ 8, 10, 11, 12, 15, 16, 23, 24, 25, 27, 28, 29, 30, 32, 33, 34, 36, 37, 
      38, 40, 41, 42, 43 ], 
  [ 1, 2, 8, 10, 11, 12, 20, 21, 22, 23, 24, 27, 30, 32, 33, 34, 35, 36, 37, 
      38, 41, 42, 43 ], 
  [ 1, 2, 8, 10, 11, 12, 17, 19, 20, 21, 22, 23, 24, 26, 27, 30, 32, 33, 34, 
      37, 41, 42, 43 ], 
  [ 1, 2, 4, 8, 13, 15, 16, 17, 19, 20, 21, 23, 24, 26, 28, 31, 32, 33, 34, 
      37, 40, 41, 42, 43 ], 
  [ 1, 2, 3, 4, 5, 6, 8, 13, 17, 18, 19, 20, 26, 27, 28, 29, 30, 33, 34, 35, 
      37, 39, 40, 41 ], 
  [ 2, 8, 11, 13, 16, 17, 18, 19, 20, 21, 22, 23, 24, 25, 26, 31, 32, 33, 
      34, 37, 38, 41, 42, 43 ], 
  [ 2, 4, 8, 12, 13, 15, 16, 18, 19, 20, 21, 23, 24, 25, 27, 28, 32, 33, 34, 
      37, 38, 40, 41, 43 ], 
  [ 1, 2, 4, 5, 6, 8, 12, 13, 15, 16, 19, 20, 23, 24, 27, 28, 31, 32, 33, 
      35, 36, 37, 40, 41 ], 
  [ 1, 2, 3, 4, 5, 6, 8, 10, 12, 17, 18, 19, 20, 26, 27, 28, 30, 32, 33, 35, 
      37, 39, 40, 41 ], 
  [ 2, 8, 10, 11, 12, 15, 16, 23, 24, 27, 28, 29, 30, 32, 33, 34, 35, 36, 
      37, 38, 40, 41, 42, 43 ], 
  [ 2, 8, 10, 11, 12, 17, 18, 19, 21, 23, 24, 25, 26, 27, 28, 30, 32, 33, 
      34, 37, 38, 41, 42, 43 ], 
  [ 1, 2, 8, 10, 11, 12, 15, 16, 23, 24, 27, 28, 29, 30, 32, 33, 34, 35, 36, 
      37, 40, 41, 42, 43 ], 
  [ 4, 8, 12, 13, 15, 16, 19, 20, 21, 23, 24, 25, 27, 28, 31, 32, 33, 34, 
      36, 37, 38, 40, 41, 42, 43 ], 
  [ 2, 4, 8, 12, 13, 15, 16, 18, 19, 20, 21, 23, 24, 25, 26, 28, 31, 32, 33, 
      34, 38, 40, 41, 42, 43 ], 
  [ 1, 2, 4, 8, 10, 12, 15, 20, 21, 23, 24, 27, 28, 30, 32, 33, 34, 35, 36, 
      37, 38, 40, 41, 42, 43 ], 
  [ 1, 2, 4, 8, 10, 12, 15, 17, 19, 20, 21, 23, 24, 26, 27, 28, 30, 32, 33, 
      34, 37, 40, 41, 42, 43 ], 
  [ 1, 2, 8, 11, 12, 13, 16, 19, 20, 21, 22, 23, 24, 27, 31, 32, 33, 34, 35, 
      36, 37, 38, 41, 42, 43 ], 
  [ 2, 8, 10, 11, 12, 17, 18, 19, 20, 21, 22, 23, 24, 25, 26, 27, 30, 32, 
      33, 34, 37, 38, 41, 42, 43 ], 
  [ 2, 8, 10, 11, 12, 13, 14, 15, 16, 17, 18, 19, 20, 21, 22, 23, 24, 25, 
      27, 32, 33, 34, 37, 38, 43 ], 
  [ 1, 2, 8, 10, 11, 12, 15, 16, 17, 19, 23, 24, 26, 27, 28, 29, 30, 32, 33, 
      34, 37, 40, 41, 42, 43 ], 
  [ 1, 3, 5, 6, 8, 10, 11, 12, 13, 14, 20, 22, 27, 29, 30, 32, 33, 34, 35, 
      36, 37, 39, 40, 41, 43 ], 
  [ 2, 4, 8, 13, 15, 16, 17, 18, 19, 20, 21, 23, 24, 25, 26, 28, 31, 32, 33, 
      34, 37, 38, 40, 41, 42, 43 ], 
  [ 2, 4, 5, 6, 8, 12, 13, 15, 16, 18, 19, 20, 23, 24, 25, 27, 28, 31, 32, 
      33, 35, 36, 37, 38, 40, 41 ], 
  [ 1, 2, 3, 4, 5, 6, 7, 8, 11, 12, 13, 16, 18, 19, 20, 21, 22, 23, 24, 25, 
      26, 28, 31, 32, 33, 41 ], 
  [ 1, 2, 3, 4, 5, 7, 13, 14, 15, 16, 17, 18, 19, 20, 21, 22, 23, 25, 28, 
      31, 32, 33, 35, 37, 38, 40, 43 ], 
  [ 1, 2, 3, 4, 5, 6, 7, 8, 11, 13, 16, 17, 18, 19, 20, 21, 22, 23, 24, 25, 
      26, 28, 31, 32, 33, 37, 41 ], 
  [ 1, 2, 4, 8, 12, 13, 15, 16, 19, 20, 21, 23, 24, 27, 28, 31, 32, 33, 34, 
      35, 36, 37, 38, 40, 41, 42, 43 ], 
  [ 2, 4, 8, 10, 12, 15, 17, 18, 19, 20, 21, 23, 24, 25, 26, 27, 28, 30, 32, 
      33, 34, 37, 38, 40, 41, 42, 43 ], 
  [ 2, 8, 10, 11, 12, 15, 16, 17, 18, 19, 23, 24, 25, 26, 27, 28, 29, 30, 
      32, 33, 34, 37, 38, 40, 41, 42, 43 ], 
  [ 3, 5, 6, 8, 10, 11, 12, 13, 14, 18, 20, 22, 25, 27, 29, 30, 32, 33, 34, 
      35, 36, 37, 38, 39, 40, 41, 43 ], 
  [ 3, 5, 6, 8, 10, 11, 12, 13, 14, 17, 18, 19, 20, 22, 25, 26, 27, 29, 30, 
      32, 33, 34, 37, 39, 40, 41, 43 ], 
  [ 1, 2, 3, 4, 5, 6, 7, 12, 13, 14, 15, 16, 18, 19, 20, 21, 22, 23, 24, 25, 
      26, 28, 31, 32, 33, 40, 41, 43 ], 
  [ 1, 2, 3, 4, 5, 6, 7, 13, 14, 15, 16, 17, 18, 19, 20, 21, 22, 23, 24, 25, 
      26, 28, 31, 32, 33, 37, 40, 41, 43 ], 
  [ 1, 2, 4, 5, 6, 8, 9, 12, 13, 15, 16, 19, 20, 23, 24, 26, 27, 28, 29, 30, 
      31, 33, 34, 35, 36, 39, 40, 41, 42 ], 
  [ 1, 2, 4, 5, 6, 8, 9, 10, 12, 15, 17, 19, 20, 23, 24, 26, 27, 28, 30, 31, 
      32, 33, 35, 36, 37, 39, 40, 41, 42 ], 
  [ 1, 2, 3, 5, 6, 8, 10, 11, 12, 13, 14, 17, 18, 19, 20, 22, 26, 27, 29, 
      30, 32, 33, 34, 35, 37, 39, 40, 41, 43 ], 
  [ 1, 2, 4, 5, 6, 8, 9, 13, 15, 16, 17, 19, 20, 23, 24, 26, 27, 28, 29, 30, 
      31, 33, 34, 35, 36, 37, 39, 40, 41, 42 ], 
  [ 1, 2, 3, 4, 5, 7, 8, 11, 12, 13, 16, 18, 19, 20, 21, 22, 23, 25, 27, 28, 
      29, 32, 33, 34, 35, 37, 38, 40, 41, 43 ], 
  [ 1, 2, 3, 4, 5, 6, 7, 8, 11, 12, 13, 16, 18, 19, 20, 21, 22, 23, 24, 25, 
      27, 28, 31, 32, 33, 35, 36, 37, 38, 41 ], 
  [ 1, 3, 4, 5, 7, 8, 10, 11, 12, 20, 21, 22, 23, 25, 27, 28, 29, 30, 32, 
      33, 34, 35, 36, 37, 38, 39, 40, 41, 42, 43 ], 
  [ 3, 6, 8, 9, 10, 11, 12, 13, 14, 17, 18, 19, 21, 24, 25, 26, 27, 28, 30, 
      31, 32, 33, 34, 36, 37, 38, 39, 41, 42, 43 ], 
  [ 2, 4, 5, 6, 8, 9, 12, 13, 15, 16, 18, 19, 20, 23, 24, 25, 26, 27, 28, 
      29, 30, 31, 33, 34, 35, 36, 38, 39, 40, 41, 42 ], 
  [ 2, 4, 5, 6, 8, 9, 10, 12, 15, 17, 18, 19, 20, 23, 24, 25, 26, 27, 28, 
      30, 31, 32, 33, 35, 36, 37, 38, 39, 40, 41, 42 ], 
  [ 3, 6, 8, 9, 10, 11, 12, 13, 14, 17, 18, 19, 20, 21, 22, 24, 25, 26, 27, 
      30, 31, 32, 33, 34, 36, 37, 38, 39, 41, 42, 43 ], 
  [ 2, 4, 5, 6, 8, 9, 13, 15, 16, 17, 18, 19, 20, 23, 24, 25, 26, 27, 28, 
      29, 30, 31, 33, 34, 35, 36, 37, 38, 39, 40, 41, 42 ], 
  [ 1, 2, 3, 4, 5, 6, 7, 12, 13, 14, 15, 16, 18, 19, 20, 21, 22, 23, 24, 25, 
      27, 28, 31, 32, 33, 35, 36, 37, 38, 40, 41, 43 ], 
  [ 1, 3, 4, 5, 7, 8, 11, 12, 13, 16, 19, 20, 21, 22, 23, 25, 27, 28, 29, 
      31, 32, 33, 34, 35, 36, 37, 38, 39, 40, 41, 42, 43 ], 
  [ 1, 2, 3, 4, 5, 7, 8, 11, 12, 13, 16, 18, 19, 20, 21, 22, 23, 25, 26, 28, 
      29, 31, 32, 33, 34, 35, 38, 39, 40, 41, 42, 43 ], 
  [ 6, 8, 9, 10, 11, 12, 13, 14, 15, 16, 17, 18, 19, 24, 25, 26, 27, 28, 29, 
      30, 31, 32, 33, 34, 36, 37, 38, 39, 40, 41, 42, 43 ], 
  [ 1, 2, 3, 6, 8, 9, 10, 11, 12, 13, 14, 17, 18, 19, 21, 24, 26, 27, 28, 
      30, 31, 32, 33, 34, 35, 36, 37, 38, 39, 41, 42, 43 ], 
  [ 1, 2, 3, 4, 5, 7, 8, 11, 13, 16, 17, 18, 19, 20, 21, 22, 23, 25, 26, 28, 
      29, 31, 32, 33, 34, 35, 37, 38, 39, 40, 41, 42, 43 ], 
  [ 3, 4, 6, 8, 9, 10, 12, 13, 14, 15, 17, 18, 19, 20, 21, 24, 25, 26, 27, 
      28, 30, 31, 32, 33, 34, 36, 37, 38, 39, 40, 41, 42, 43 ], 
  [ 1, 2, 3, 4, 5, 7, 8, 10, 11, 12, 13, 14, 15, 16, 17, 18, 19, 20, 21, 22, 
      23, 25, 27, 28, 29, 32, 33, 34, 35, 37, 38, 40, 43 ], 
  [ 2, 6, 8, 9, 10, 11, 12, 13, 14, 15, 16, 17, 18, 19, 24, 26, 27, 28, 29, 
      30, 31, 32, 33, 34, 35, 36, 37, 38, 39, 40, 41, 42, 43 ], 
  [ 1, 2, 3, 6, 8, 9, 10, 11, 12, 13, 14, 17, 18, 19, 20, 21, 22, 24, 26, 
      27, 30, 31, 32, 33, 34, 35, 36, 37, 38, 39, 41, 42, 43 ], 
  [ 1, 2, 3, 4, 5, 7, 8, 10, 11, 12, 17, 18, 19, 20, 21, 22, 23, 25, 26, 27, 
      28, 29, 30, 32, 33, 34, 35, 37, 38, 39, 40, 41, 42, 43 ], 
  [ 1, 2, 3, 4, 6, 8, 9, 10, 12, 13, 14, 15, 17, 18, 19, 20, 21, 24, 26, 27, 
      28, 30, 31, 32, 33, 34, 35, 36, 37, 38, 39, 40, 41, 42, 43 ], 
  [ 1, 2, 3, 4, 5, 6, 7, 8, 9, 11, 12, 13, 16, 18, 19, 20, 21, 22, 23, 24, 
      25, 26, 27, 28, 29, 30, 31, 33, 34, 35, 36, 38, 39, 41, 42 ], 
  [ 1, 2, 5, 6, 8, 9, 10, 11, 12, 13, 14, 15, 16, 17, 19, 20, 22, 23, 24, 
      26, 27, 29, 30, 31, 32, 33, 34, 35, 36, 37, 39, 40, 41, 42, 43 ], 
  [ 1, 2, 3, 4, 5, 6, 7, 8, 9, 10, 11, 12, 17, 18, 19, 20, 21, 22, 23, 24, 
      25, 26, 27, 28, 30, 31, 32, 33, 35, 36, 37, 38, 39, 41, 42 ], 
  [ 1, 2, 3, 4, 5, 6, 7, 8, 9, 11, 13, 16, 17, 18, 19, 20, 21, 22, 23, 24, 
      25, 26, 27, 28, 29, 30, 31, 33, 34, 35, 36, 37, 38, 39, 41, 42 ], 
  [ 1, 2, 3, 4, 5, 6, 7, 8, 10, 11, 12, 13, 14, 15, 16, 18, 20, 21, 22, 23, 
      24, 25, 27, 28, 29, 30, 32, 33, 34, 35, 36, 37, 38, 40, 41, 43 ], 
  [ 1, 2, 3, 4, 5, 6, 7, 8, 10, 11, 12, 13, 14, 15, 16, 17, 18, 19, 20, 21, 
      22, 23, 24, 25, 26, 27, 28, 29, 30, 32, 33, 34, 37, 40, 41, 43 ], 
  [ 1, 2, 3, 4, 5, 6, 7, 9, 12, 13, 14, 15, 16, 18, 19, 20, 21, 22, 23, 24, 
      25, 26, 27, 28, 29, 30, 31, 33, 34, 35, 36, 38, 39, 40, 41, 42, 43 ], 
  [ 1, 2, 3, 4, 5, 6, 7, 9, 10, 12, 14, 15, 17, 18, 19, 20, 21, 22, 23, 24, 
      25, 26, 27, 28, 30, 31, 32, 33, 35, 36, 37, 38, 39, 40, 41, 42, 43 ], 
  [ 2, 5, 6, 8, 9, 10, 11, 12, 13, 14, 15, 16, 17, 18, 19, 20, 22, 23, 24, 
      25, 26, 27, 29, 30, 31, 32, 33, 34, 35, 36, 37, 38, 39, 40, 41, 42, 43 
     ], [ 1, 2, 3, 4, 5, 6, 7, 9, 13, 14, 15, 16, 17, 18, 19, 20, 21, 22, 
      23, 24, 25, 26, 27, 28, 29, 30, 31, 33, 34, 35, 36, 37, 38, 39, 40, 
      41, 42, 43 ], 
  [ 1, 3, 4, 5, 6, 7, 8, 9, 10, 11, 12, 13, 14, 15, 16, 17, 19, 20, 21, 22, 
      23, 24, 25, 26, 27, 28, 29, 30, 31, 32, 33, 34, 36, 37, 39, 40, 41, 
      42, 43 ], 
  [ 1, 2, 3, 4, 5, 6, 7, 8, 9, 10, 11, 12, 13, 14, 15, 16, 18, 20, 21, 22, 
      23, 24, 25, 26, 28, 29, 30, 31, 32, 33, 34, 35, 36, 38, 39, 40, 41, 
      42, 43 ], 
  [ 1, 2, 3, 4, 5, 6, 7, 8, 9, 10, 11, 13, 14, 15, 16, 17, 18, 20, 21, 22, 
      23, 24, 25, 26, 28, 29, 30, 31, 32, 33, 34, 35, 36, 37, 38, 39, 40, 
      41, 42, 43 ], 
  [ 1, 2, 3, 4, 5, 6, 7, 8, 9, 10, 11, 12, 13, 14, 15, 16, 17, 18, 19, 20, 
      21, 22, 23, 24, 25, 26, 27, 29, 30, 31, 32, 34, 35, 36, 37, 38, 39, 
      40, 41, 42, 43 ] ];
