return 
[ [ 1, 2, 3, 4, 5, 6, 7, 8, 9, 10, 11, 12, 13, 14, 15, 16, 17, 18, 19, 20, 
      21, 22, 23, 24, 25, 26, 27, 28, 29, 30, 31, 32, 33, 35, 37, 38, 39, 
      40, 41, 42, 43, 44 ], 
  [ 2, 3, 4, 5, 7, 8, 9, 10, 11, 12, 13, 14, 15, 16, 17, 18, 19, 20, 21, 22, 
      23, 26, 27, 28, 29, 30, 31, 32, 33, 34, 36, 37, 39, 40, 41, 42, 43, 44 
     ], [ 1, 2, 3, 4, 5, 6, 7, 9, 10, 11, 12, 14, 16, 17, 18, 19, 20, 21, 
      23, 24, 25, 26, 27, 30, 33, 34, 35, 36, 37, 38, 39, 40, 41, 42, 43, 44 
     ], [ 1, 2, 3, 5, 6, 8, 10, 11, 12, 15, 17, 18, 19, 20, 21, 22, 23, 24, 
      25, 26, 27, 28, 29, 31, 32, 33, 34, 35, 36, 37, 38, 40, 41, 42, 43, 44 
     ], [ 1, 2, 4, 5, 6, 7, 8, 9, 10, 11, 12, 15, 16, 17, 18, 19, 20, 21, 
      24, 25, 26, 27, 31, 32, 33, 34, 35, 36, 37, 38, 39, 40, 42, 43 ], 
  [ 1, 2, 4, 5, 6, 7, 8, 9, 10, 11, 12, 13, 15, 16, 17, 18, 19, 20, 21, 22, 
      24, 25, 26, 27, 28, 29, 30, 31, 32, 34, 35, 36, 37, 38, 39, 40, 42, 43 
     ], [ 1, 2, 3, 4, 5, 6, 7, 9, 10, 11, 12, 14, 16, 17, 18, 19, 20, 21, 
      22, 23, 26, 27, 30, 31, 33, 34, 35, 36, 37, 38, 39, 40, 41, 42, 43, 44 
     ], [ 1, 3, 6, 8, 9, 11, 23, 24, 25, 26, 27, 33, 34, 35, 36, 37, 40, 41, 
      43 ], [ 1, 3, 6, 8, 9, 11, 22, 23, 24, 25, 26, 27, 28, 29, 30, 34, 35, 
      36, 37, 40, 41, 43 ], 
  [ 8, 9, 10, 11, 24, 25, 26, 27, 33, 34, 35, 36, 37, 39, 40, 41, 43 ], 
  [ 9, 10, 11, 24, 25, 26, 27, 28, 30, 34, 35, 36, 37, 39, 40, 41, 43 ], 
  [ 6, 8, 9, 10, 11, 24, 25, 26, 27, 33, 34, 35, 36, 37, 40, 41, 43 ], 
  [ 6, 9, 10, 11, 24, 25, 26, 27, 28, 30, 34, 35, 36, 37, 40, 41, 43 ], 
  [ 3, 6, 7, 8, 9, 10, 11, 24, 25, 26, 27, 33, 34, 35, 36, 37, 40, 41 ], 
  [ 1, 3, 4, 6, 7, 8, 9, 11, 12, 25, 27, 33, 34, 35, 36, 37, 40 ], 
  [ 1, 3, 4, 6, 7, 8, 9, 11, 12, 13, 22, 25, 27, 29, 30, 34, 35, 36, 37, 40 ]
    , [ 8, 12, 15, 16, 18, 19, 20, 21, 25, 27, 29, 31, 32, 33, 36, 37, 38, 
      39, 42, 43, 44 ], 
  [ 12, 16, 18, 19, 20, 21, 25, 27, 29, 30, 36, 37, 38, 39, 42, 43, 44 ], 
  [ 1, 3, 4, 6, 7, 12, 13, 16, 18, 22, 25, 27, 29, 30, 34, 36, 37, 38, 42 ], 
  [ 1, 3, 4, 6, 7, 8, 9, 11, 24, 25, 26, 27, 33, 34, 35, 36, 37, 40 ], 
  [ 1, 3, 4, 6, 7, 8, 9, 11, 13, 22, 24, 25, 26, 27, 28, 29, 30, 34, 35, 36, 
      37, 40 ], 
  [ 1, 3, 6, 8, 12, 15, 16, 18, 19, 20, 21, 22, 23, 25, 27, 29, 31, 32, 33, 
      36, 37, 38, 42, 43, 44 ], 
  [ 1, 3, 6, 12, 16, 18, 19, 20, 21, 22, 23, 25, 27, 29, 30, 36, 37, 38, 42, 
      43, 44 ], 
  [ 6, 7, 8, 9, 10, 12, 25, 27, 31, 32, 33, 34, 35, 36, 37, 38, 39, 40, 41, 
      42, 43 ], 
  [ 6, 7, 8, 9, 10, 12, 13, 22, 25, 27, 28, 29, 30, 31, 32, 34, 35, 36, 37, 
      38, 39, 40, 41, 42, 43 ], 
  [ 2, 5, 8, 9, 10, 11, 12, 24, 25, 26, 27, 33, 34, 35, 37, 39, 40, 41, 43 ],
  [ 2, 5, 8, 9, 10, 11, 12, 24, 25, 26, 27, 28, 29, 30, 34, 35, 37, 39, 40, 
      41, 43 ], 
  [ 1, 4, 8, 12, 16, 19, 25, 27, 29, 31, 32, 33, 34, 35, 36, 37, 38, 39, 40, 
      42, 43, 44 ], 
  [ 1, 4, 12, 16, 19, 25, 27, 29, 30, 34, 35, 36, 37, 38, 39, 40, 42, 43, 44 
     ], [ 6, 7, 8, 9, 10, 15, 24, 25, 26, 27, 28, 31, 32, 33, 34, 35, 36, 
      37, 38, 39, 40, 41, 42, 43 ], 
  [ 6, 7, 9, 10, 24, 25, 26, 27, 28, 30, 34, 35, 36, 37, 38, 39, 40, 41, 42, 
      43 ], 
  [ 1, 2, 3, 5, 6, 8, 9, 10, 11, 12, 23, 24, 25, 26, 27, 33, 34, 35, 37, 40, 
      41, 43 ], 
  [ 1, 2, 3, 5, 6, 8, 9, 10, 11, 12, 22, 23, 24, 25, 26, 27, 28, 29, 30, 34, 
      35, 37, 40, 41, 43 ], 
  [ 3, 6, 7, 9, 10, 14, 15, 16, 18, 23, 24, 25, 26, 27, 28, 30, 33, 34, 36, 
      37, 38, 39, 41, 42, 43, 44 ], 
  [ 3, 6, 7, 8, 9, 10, 12, 13, 14, 15, 16, 18, 20, 21, 22, 23, 25, 27, 28, 
      29, 30, 31, 32, 33, 36, 37, 38, 39, 41, 42, 43, 44 ], 
  [ 5, 6, 8, 9, 10, 11, 12, 21, 25, 26, 27, 31, 33, 34, 35, 36, 37, 38, 39, 
      40, 41, 43 ], 
  [ 5, 6, 8, 9, 10, 11, 12, 21, 22, 25, 26, 27, 28, 29, 30, 31, 34, 35, 36, 
      37, 38, 39, 40, 41, 43 ], 
  [ 6, 7, 8, 9, 10, 11, 12, 20, 21, 25, 27, 31, 32, 33, 35, 36, 37, 38, 39, 
      40, 41, 42, 43 ], 
  [ 6, 7, 8, 9, 10, 11, 12, 13, 20, 21, 22, 25, 27, 28, 29, 30, 31, 32, 35, 
      36, 37, 38, 39, 40, 41, 42, 43 ], 
  [ 1, 2, 3, 4, 5, 6, 7, 8, 9, 10, 11, 12, 24, 25, 26, 27, 33, 34, 35, 37, 
      40 ], [ 1, 2, 12, 16, 18, 19, 20, 24, 25, 27, 29, 30, 34, 35, 36, 37, 
      38, 39, 42, 43, 44 ], 
  [ 1, 3, 4, 6, 7, 8, 9, 12, 13, 14, 16, 22, 23, 25, 27, 29, 30, 31, 32, 33, 
      34, 35, 36, 37, 38, 39, 40, 41, 42, 43, 44 ], 
  [ 1, 2, 3, 6, 7, 8, 9, 10, 11, 12, 20, 23, 24, 25, 27, 32, 33, 34, 35, 36, 
      37, 40, 41, 42, 43 ], 
  [ 1, 2, 3, 6, 7, 8, 9, 10, 11, 12, 13, 20, 22, 23, 24, 25, 27, 28, 29, 30, 
      32, 34, 35, 36, 37, 40, 41, 42, 43 ], 
  [ 1, 3, 4, 6, 7, 8, 9, 13, 14, 15, 16, 22, 23, 24, 25, 26, 27, 28, 29, 30, 
      31, 32, 33, 34, 35, 36, 37, 38, 39, 40, 41, 42, 43, 44 ], 
  [ 1, 2, 3, 4, 5, 8, 9, 11, 12, 14, 16, 19, 23, 24, 25, 26, 27, 29, 30, 33, 
      34, 35, 37, 39, 40, 41, 43, 44 ], 
  [ 1, 2, 4, 5, 12, 16, 18, 19, 24, 25, 26, 27, 29, 30, 34, 35, 37, 38, 39, 
      40, 42, 43, 44 ], 
  [ 1, 3, 4, 5, 6, 8, 9, 11, 12, 14, 16, 19, 21, 22, 23, 25, 26, 27, 29, 30, 
      31, 33, 34, 35, 36, 37, 38, 39, 40, 41, 43, 44 ], 
  [ 2, 5, 10, 11, 12, 17, 18, 19, 20, 21, 24, 25, 26, 27, 28, 29, 30, 34, 
      35, 36, 37, 38, 39, 40, 41, 42, 43, 44 ], 
  [ 1, 2, 3, 5, 6, 10, 11, 12, 17, 18, 19, 20, 21, 22, 23, 24, 25, 26, 27, 
      28, 29, 30, 34, 35, 36, 37, 38, 40, 41, 42, 43, 44 ], 
  [ 3, 6, 8, 9, 10, 11, 23, 24, 25, 26, 27, 33, 34, 36, 37, 40, 41, 43 ], 
  [ 3, 5, 6, 8, 9, 10, 11, 15, 17, 21, 23, 24, 25, 26, 28, 32, 33, 34, 36, 
      37, 40, 41, 43 ], 
  [ 3, 5, 6, 9, 10, 11, 17, 21, 23, 24, 25, 26, 28, 30, 34, 36, 37, 40, 41, 
      43 ], [ 8, 9, 10, 11, 24, 25, 26, 27, 28, 34, 35, 36, 37, 39, 40, 41, 
      43 ], [ 8, 9, 11, 24, 25, 26, 27, 28, 29, 30, 34, 35, 36, 37, 39, 40, 
      41, 43 ], 
  [ 6, 8, 9, 10, 11, 24, 25, 26, 27, 28, 34, 35, 36, 37, 40, 41, 43 ], 
  [ 1, 3, 4, 6, 7, 8, 9, 11, 12, 25, 32, 33, 34, 35, 36, 37, 40 ], 
  [ 12, 13, 16, 18, 19, 20, 21, 25, 29, 30, 32, 36, 37, 38, 39, 42, 43, 44 ],
  [ 3, 6, 8, 9, 10, 11, 23, 24, 25, 26, 27, 28, 34, 36, 37, 40, 41, 43 ], 
  [ 3, 6, 7, 8, 9, 10, 11, 24, 25, 26, 27, 28, 34, 35, 36, 37, 40, 41 ], 
  [ 1, 3, 4, 6, 7, 8, 9, 11, 12, 13, 25, 32, 34, 35, 36, 37, 40 ], 
  [ 1, 3, 4, 6, 7, 8, 9, 11, 12, 13, 14, 23, 25, 32, 33, 34, 35, 36, 40, 41 ]
    , [ 1, 3, 4, 6, 7, 8, 9, 11, 13, 24, 25, 32, 34, 35, 36, 37, 40 ], 
  [ 1, 2, 3, 4, 5, 6, 7, 8, 9, 10, 11, 12, 13, 24, 25, 32, 34, 35, 37, 40 ], 
  [ 1, 2, 12, 13, 16, 18, 19, 20, 24, 25, 29, 30, 32, 34, 35, 36, 37, 38, 
      39, 42, 43, 44 ], 
  [ 4, 5, 12, 13, 16, 18, 19, 21, 25, 29, 30, 32, 34, 36, 37, 38, 39, 40, 
      42, 43, 44 ], 
  [ 2, 5, 10, 11, 12, 13, 17, 18, 19, 20, 21, 24, 25, 28, 29, 30, 32, 34, 
      35, 36, 37, 38, 39, 40, 41, 42, 43, 44 ], 
  [ 13, 15, 16, 17, 18, 19, 20, 21, 24, 25, 28, 29, 30, 32, 36, 37, 38, 39, 
      42, 43, 44 ], 
  [ 3, 5, 6, 9, 10, 11, 17, 21, 22, 23, 26, 28, 30, 34, 36, 37, 40, 41, 43 ],
  [ 3, 5, 6, 9, 10, 11, 13, 17, 21, 23, 24, 25, 28, 30, 32, 34, 36, 37, 40, 
      41, 43 ], 
  [ 1, 2, 3, 4, 5, 6, 7, 8, 9, 10, 11, 12, 13, 14, 23, 24, 25, 32, 33, 34, 
      35, 40, 41 ] ];
