return 
[ [ 1, 2, 3, 4, 5, 6, 7, 8, 10, 12, 13, 14, 15, 16, 17, 18, 19, 20, 21, 22, 
      23, 24, 25, 27, 28, 29, 30, 32, 33, 34, 35, 36, 37, 38, 39, 40, 41, 42, 
      43, 44, 45, 46, 47, 48 ], 
  [ 1, 2, 3, 4, 5, 6, 7, 8, 9, 10, 11, 12, 13, 14, 15, 16, 17, 18, 19, 20, 
      21, 22, 23, 24, 25, 26, 27, 28, 29, 30, 31, 32, 33, 34, 35, 36, 37, 38, 
      39, 40, 42, 43, 44, 45, 46, 47 ], 
  [ 2, 3, 4, 5, 6, 7, 8, 9, 10, 11, 12, 13, 18, 19, 24, 26, 27, 28, 29, 30, 
      31, 32, 33, 34, 35, 36, 37, 38, 39, 40, 41, 42, 43, 44, 45, 46, 47, 48 ]
    , [ 1, 4, 5, 6, 8, 9, 10, 11, 12, 13, 14, 15, 16, 17, 18, 19, 20, 21, 22, 
      23, 24, 25, 26, 27, 28, 29, 30, 31, 32, 33, 34, 36, 37, 39, 40, 41, 43, 
      44, 45, 46, 47, 48 ], 
  [ 2, 3, 4, 5, 6, 7, 8, 9, 10, 12, 13, 14, 15, 16, 18, 19, 20, 24, 25, 27, 
      28, 29, 30, 31, 32, 33, 34, 35, 36, 37, 38, 39, 40, 41, 42, 43, 44, 45, 
      46, 47 ], 
  [ 1, 4, 5, 6, 8, 10, 14, 15, 16, 17, 18, 19, 20, 21, 22, 23, 25, 26, 27, 
      28, 29, 31, 32, 33, 34, 35, 36, 37, 38, 39, 40, 41, 42, 43, 44, 45, 46, 
      48 ], [ 1, 9, 14, 15, 16, 18, 20, 26, 27, 28, 29, 31, 32, 33, 34, 38, 
      39, 40, 41, 45, 46, 47 ], 
  [ 3, 7, 9, 15, 26, 28, 31, 35, 37, 38, 39, 40, 41, 42, 44, 46, 47, 48 ], 
  [ 3, 6, 8, 9, 15, 18, 26, 27, 28, 29, 31, 32, 34, 38, 39, 40, 41, 46 ], 
  [ 3, 5, 6, 8, 9, 15, 27, 28, 30, 32, 38, 39, 40, 41, 42, 44, 46, 48 ], 
  [ 2, 6, 10, 19, 22, 24, 25, 27, 29, 31, 32, 34, 36, 41, 42, 43, 44, 46, 48 ]
    , [ 2, 7, 11, 19, 22, 24, 25, 29, 31, 33, 34, 35, 41, 42, 43, 44, 46, 47, 
      48 ], [ 1, 5, 6, 7, 14, 15, 16, 17, 20, 21, 22, 23, 25, 26, 28, 31, 33, 
      35, 37, 38, 39, 40, 41, 42, 43, 44, 46, 48 ], 
  [ 1, 9, 15, 16, 18, 20, 23, 26, 28, 31, 32, 33, 35, 37, 38, 39, 40, 41, 42, 
      45, 46, 47, 48 ], 
  [ 1, 5, 9, 15, 16, 18, 20, 23, 26, 28, 31, 32, 33, 35, 37, 38, 39, 40, 41, 
      42, 45, 46, 48 ], 
  [ 3, 7, 9, 15, 18, 26, 28, 31, 34, 35, 37, 38, 39, 40, 41, 44, 46, 47, 48 ],
  [ 3, 7, 9, 15, 26, 28, 29, 31, 34, 35, 38, 39, 40, 41, 42, 44, 46, 47, 48 ],
  [ 3, 6, 8, 9, 15, 27, 28, 29, 30, 32, 34, 38, 39, 40, 41, 42, 44, 46, 48 ], 
  [ 3, 6, 8, 9, 11, 15, 17, 26, 27, 28, 29, 30, 38, 39, 40, 41, 42, 44, 46, 
      48 ], [ 3, 5, 6, 8, 9, 11, 15, 17, 26, 27, 28, 30, 38, 39, 40, 41, 42, 
      44, 46, 48 ], 
  [ 1, 3, 5, 6, 8, 9, 11, 15, 17, 21, 23, 26, 27, 28, 30, 32, 38, 39, 40, 42, 
      44, 46, 48 ], 
  [ 2, 5, 10, 11, 22, 24, 27, 31, 32, 33, 37, 38, 41, 42, 43, 44, 45, 46, 48 ]
    , [ 2, 6, 10, 11, 19, 22, 24, 26, 27, 29, 31, 32, 34, 36, 42, 43, 44, 46, 
      48 ], [ 2, 6, 10, 11, 19, 22, 24, 25, 27, 29, 31, 32, 33, 34, 41, 42, 
      43, 44, 46, 48 ], 
  [ 2, 5, 6, 10, 11, 19, 22, 24, 25, 27, 31, 32, 33, 37, 41, 42, 43, 44, 46, 
      48 ], [ 9, 15, 18, 20, 28, 31, 32, 33, 34, 35, 37, 38, 39, 40, 41, 42, 
      44, 45, 46, 47, 48 ], 
  [ 1, 9, 15, 18, 20, 21, 23, 26, 28, 31, 32, 33, 34, 35, 37, 38, 39, 40, 42, 
      44, 45, 46, 47, 48 ], 
  [ 1, 9, 14, 15, 18, 20, 21, 26, 27, 28, 31, 32, 33, 34, 37, 38, 39, 40, 41, 
      44, 45, 46, 47, 48 ], 
  [ 1, 3, 7, 9, 15, 16, 18, 20, 23, 26, 28, 31, 32, 33, 35, 37, 38, 39, 40, 
      41, 42, 46, 47, 48 ], 
  [ 3, 6, 8, 9, 15, 18, 26, 27, 28, 31, 32, 34, 37, 38, 39, 40, 41, 44, 46, 
      48 ], [ 3, 6, 8, 9, 15, 26, 27, 28, 29, 31, 32, 34, 38, 39, 40, 41, 42, 
      44, 46, 48 ], 
  [ 3, 5, 6, 8, 9, 15, 26, 27, 28, 31, 32, 37, 38, 39, 40, 41, 42, 44, 46, 48 
     ], [ 1, 4, 5, 6, 8, 9, 14, 15, 18, 20, 21, 26, 27, 28, 31, 32, 33, 34, 
      38, 39, 41, 45, 46, 48 ], 
  [ 3, 5, 6, 7, 8, 9, 15, 20, 28, 30, 32, 33, 34, 38, 39, 40, 41, 42, 44, 46, 
      48 ], 
  [ 4, 6, 8, 10, 19, 24, 25, 27, 29, 31, 32, 34, 36, 41, 42, 43, 44, 45, 46, 
      48 ], [ 2, 9, 11, 14, 20, 21, 22, 24, 25, 27, 30, 31, 32, 33, 34, 38, 
      41, 42, 43, 44, 45, 46, 47, 48 ], 
  [ 1, 3, 6, 8, 9, 11, 15, 17, 21, 23, 26, 27, 28, 29, 30, 32, 34, 38, 39, 
      40, 42, 44, 46, 48 ], 
  [ 2, 5, 10, 11, 19, 22, 24, 27, 31, 33, 35, 37, 38, 41, 42, 43, 44, 45, 46, 
      48 ], 
  [ 3, 7, 9, 15, 18, 20, 28, 31, 32, 33, 34, 35, 37, 38, 39, 40, 41, 42, 44, 
      46, 47, 48 ], 
  [ 1, 3, 7, 9, 15, 18, 20, 21, 23, 26, 28, 31, 32, 33, 34, 35, 37, 38, 39, 
      40, 42, 44, 46, 47, 48 ], 
  [ 1, 3, 7, 9, 15, 16, 18, 20, 23, 26, 28, 29, 31, 32, 33, 34, 35, 38, 39, 
      40, 41, 42, 46, 47, 48 ], 
  [ 1, 3, 6, 7, 9, 15, 16, 18, 20, 23, 26, 28, 29, 31, 32, 33, 34, 35, 38, 
      39, 40, 41, 42, 46, 48 ], 
  [ 1, 3, 5, 6, 7, 9, 15, 16, 18, 20, 23, 26, 28, 31, 32, 33, 35, 37, 38, 39, 
      40, 41, 42, 46, 48 ], 
  [ 9, 11, 19, 24, 25, 27, 28, 29, 30, 31, 32, 33, 34, 41, 42, 43, 44, 45, 
      46, 47, 48 ], 
  [ 5, 9, 11, 19, 24, 25, 27, 28, 30, 31, 32, 33, 37, 41, 42, 43, 44, 45, 46, 
      47, 48 ], 
  [ 2, 5, 9, 11, 14, 20, 21, 22, 24, 25, 27, 30, 31, 32, 33, 37, 38, 41, 42, 
      43, 44, 45, 46, 47, 48 ], 
  [ 1, 3, 5, 6, 7, 8, 9, 11, 21, 23, 26, 28, 30, 32, 33, 34, 38, 39, 40, 42, 
      44, 46, 48 ], 
  [ 2, 10, 11, 22, 24, 27, 29, 30, 32, 33, 34, 38, 40, 41, 42, 43, 44, 45, 
      46, 47, 48 ], 
  [ 2, 5, 10, 11, 22, 24, 27, 30, 32, 33, 37, 38, 40, 41, 42, 43, 44, 45, 46, 
      47, 48 ], 
  [ 4, 6, 8, 10, 11, 17, 19, 21, 22, 23, 24, 25, 26, 27, 29, 31, 32, 34, 36, 
      42, 43, 44, 45, 46, 48 ], 
  [ 2, 9, 10, 11, 20, 22, 24, 30, 31, 32, 33, 34, 38, 40, 41, 42, 43, 44, 45, 
      46, 47, 48 ], 
  [ 1, 4, 5, 6, 8, 9, 10, 14, 15, 16, 18, 20, 26, 27, 28, 29, 31, 32, 33, 34, 
      38, 39, 40, 41, 45, 46 ], 
  [ 2, 7, 11, 14, 17, 19, 21, 22, 24, 25, 27, 28, 29, 30, 33, 34, 35, 38, 41, 
      42, 43, 44, 45, 46, 47, 48 ], 
  [ 2, 9, 11, 14, 18, 19, 20, 21, 22, 24, 25, 27, 31, 32, 33, 34, 35, 37, 38, 
      41, 42, 44, 45, 46, 47, 48 ], 
  [ 2, 9, 10, 11, 14, 16, 20, 22, 24, 25, 27, 29, 30, 31, 32, 33, 34, 38, 40, 
      41, 42, 43, 44, 45, 46, 47 ], 
  [ 2, 5, 9, 10, 11, 14, 16, 20, 22, 24, 25, 27, 30, 31, 32, 33, 37, 38, 40, 
      41, 42, 43, 44, 45, 46, 47 ], 
  [ 3, 5, 6, 7, 8, 9, 15, 18, 20, 28, 31, 32, 33, 34, 35, 37, 38, 39, 40, 41, 
      42, 44, 46, 48 ], 
  [ 1, 3, 5, 6, 7, 8, 9, 15, 18, 20, 21, 23, 26, 28, 31, 32, 33, 34, 35, 37, 
      38, 39, 40, 42, 44, 46, 48 ], 
  [ 1, 9, 11, 14, 15, 16, 17, 20, 21, 22, 23, 25, 26, 27, 28, 29, 30, 31, 32, 
      33, 34, 38, 39, 40, 41, 42, 43, 44, 45, 46, 47, 48 ], 
  [ 1, 5, 9, 11, 14, 15, 16, 17, 20, 21, 22, 23, 25, 26, 27, 28, 30, 31, 32, 
      33, 37, 38, 39, 40, 41, 42, 43, 44, 45, 46, 47, 48 ], 
  [ 2, 7, 9, 11, 14, 19, 21, 24, 25, 27, 28, 30, 31, 33, 34, 35, 38, 41, 42, 
      43, 44, 45, 46, 47, 48 ], 
  [ 2, 7, 9, 11, 14, 19, 24, 25, 27, 28, 29, 30, 31, 33, 34, 35, 38, 41, 42, 
      43, 44, 45, 46, 47 ], 
  [ 1, 5, 7, 9, 11, 14, 15, 16, 17, 20, 21, 22, 23, 25, 26, 28, 30, 31, 33, 
      35, 37, 38, 39, 40, 41, 42, 43, 44, 45, 46, 47, 48 ], 
  [ 2, 4, 5, 6, 8, 10, 11, 14, 19, 21, 22, 24, 25, 27, 31, 33, 34, 35, 38, 
      41, 42, 43, 44, 45, 46, 48 ], 
  [ 1, 2, 3, 6, 8, 10, 14, 15, 16, 17, 18, 19, 20, 21, 22, 23, 25, 26, 27, 
      29, 31, 32, 34, 35, 36, 37, 38, 40, 41, 42, 44, 46, 48 ], 
  [ 1, 4, 5, 6, 8, 9, 10, 15, 16, 18, 20, 23, 26, 28, 29, 31, 32, 33, 34, 35, 
      38, 39, 40, 41, 42, 45, 46, 48 ], 
  [ 1, 3, 4, 5, 6, 7, 8, 9, 10, 15, 16, 18, 20, 23, 26, 28, 29, 31, 32, 33, 
      34, 35, 38, 39, 40, 41, 42, 48 ], 
  [ 1, 9, 11, 14, 15, 16, 17, 18, 19, 20, 21, 22, 23, 25, 26, 27, 28, 29, 31, 
      32, 33, 34, 35, 37, 38, 40, 41, 42, 44, 45, 46, 47, 48 ], 
  [ 2, 4, 6, 8, 10, 11, 14, 17, 19, 21, 22, 24, 25, 26, 27, 29, 31, 34, 35, 
      36, 38, 41, 42, 43, 44, 45, 46, 48 ], 
  [ 2, 9, 10, 11, 14, 16, 18, 19, 20, 22, 24, 25, 27, 29, 31, 32, 33, 34, 35, 
      37, 38, 40, 41, 42, 44, 45, 46, 47 ], 
  [ 1, 14, 15, 16, 17, 18, 19, 20, 21, 22, 23, 25, 26, 27, 28, 29, 31, 32, 
      33, 34, 35, 36, 37, 38, 39, 40, 41, 42, 43, 44, 45, 46, 47, 48 ], 
  [ 2, 5, 7, 10, 11, 17, 19, 22, 24, 27, 28, 29, 30, 33, 35, 37, 38, 40, 41, 
      42, 43, 44, 45, 46, 47, 48 ], 
  [ 1, 4, 5, 6, 8, 9, 10, 11, 14, 15, 16, 17, 18, 19, 20, 21, 22, 23, 25, 26, 
      27, 28, 29, 31, 32, 33, 34, 35, 38, 41, 42, 45, 46, 48 ], 
  [ 2, 4, 5, 6, 8, 10, 14, 18, 19, 20, 21, 22, 24, 25, 27, 31, 32, 33, 34, 
      35, 36, 37, 38, 41, 42, 43, 44, 45, 46, 48 ], 
  [ 1, 2, 3, 7, 9, 11, 14, 15, 16, 17, 18, 19, 20, 21, 22, 23, 25, 26, 27, 
      28, 29, 31, 32, 33, 34, 35, 37, 38, 40, 41, 42, 44, 46, 47, 48 ], 
  [ 1, 4, 5, 6, 8, 9, 10, 11, 14, 15, 16, 17, 20, 21, 22, 23, 25, 26, 27, 28, 
      29, 30, 31, 32, 33, 34, 38, 39, 40, 41, 42, 43, 44, 45, 46, 48 ], 
  [ 1, 4, 5, 6, 7, 8, 9, 10, 11, 14, 15, 16, 17, 20, 21, 22, 23, 25, 26, 28, 
      29, 30, 31, 33, 34, 35, 38, 39, 40, 41, 42, 43, 44, 45, 46, 48 ], 
  [ 1, 2, 3, 4, 5, 6, 7, 8, 9, 10, 11, 12, 14, 15, 16, 17, 20, 21, 22, 23, 
      25, 26, 27, 28, 29, 30, 31, 32, 33, 34, 38, 39, 40, 41, 42, 43, 44, 48 ]
    , [ 1, 2, 3, 4, 6, 8, 9, 10, 11, 12, 13, 14, 15, 16, 17, 20, 21, 22, 23, 
      24, 25, 26, 27, 29, 30, 31, 32, 34, 36, 38, 39, 40, 41, 42, 43, 44, 45, 
      46, 47, 48 ], 
  [ 1, 2, 3, 4, 5, 6, 8, 9, 10, 11, 12, 13, 14, 15, 16, 17, 20, 21, 22, 23, 
      24, 25, 26, 27, 30, 31, 32, 36, 37, 38, 39, 40, 41, 42, 43, 44, 45, 46, 
      47, 48 ], 
  [ 2, 19, 22, 24, 25, 27, 29, 31, 32, 34, 36, 41, 42, 43, 44, 46, 47, 48 ], 
  [ 2, 6, 12, 19, 22, 24, 25, 27, 29, 31, 32, 34, 36, 41, 43, 44, 46, 47, 48 ]
    , [ 2, 10, 14, 16, 18, 19, 20, 22, 24, 25, 27, 29, 31, 32, 33, 34, 35, 
      36, 37, 38, 40, 41, 42, 43, 44, 45, 46, 47 ], 
  [ 2, 4, 6, 10, 14, 16, 18, 19, 20, 22, 24, 25, 27, 29, 31, 32, 33, 34, 35, 
      36, 38, 41, 42, 43, 45, 46 ], 
  [ 2, 4, 6, 10, 19, 22, 24, 25, 27, 29, 31, 32, 34, 36, 41, 42, 43, 48 ], 
  [ 2, 11, 19, 22, 24, 25, 27, 29, 31, 32, 33, 34, 41, 42, 43, 44, 46, 47, 48 
     ], [ 2, 11, 14, 17, 19, 21, 22, 24, 25, 26, 27, 29, 31, 34, 35, 36, 38, 
      41, 42, 43, 44, 45, 46, 47, 48 ], 
  [ 2, 14, 18, 19, 20, 21, 22, 24, 25, 27, 31, 32, 33, 34, 35, 36, 37, 38, 
      41, 42, 43, 44, 45, 46, 47, 48 ], 
  [ 19, 22, 24, 25, 27, 29, 31, 32, 34, 36, 41, 42, 43, 44, 45, 46, 47, 48 ], 
  [ 2, 4, 6, 10, 12, 19, 22, 24, 25, 27, 29, 31, 32, 34, 36, 41, 43, 48 ], 
  [ 11, 17, 19, 21, 22, 23, 24, 25, 26, 27, 29, 31, 32, 34, 36, 42, 43, 44, 
      45, 46, 47, 48 ], 
  [ 11, 19, 22, 24, 25, 27, 29, 31, 32, 33, 34, 41, 42, 43, 44, 45, 46, 47, 
      48 ], 
  [ 2, 4, 6, 10, 12, 14, 16, 18, 19, 20, 22, 24, 25, 27, 29, 31, 32, 33, 34, 
      36, 41, 43 ], 
  [ 2, 6, 7, 11, 12, 19, 22, 24, 25, 29, 31, 33, 34, 41, 43, 44, 46, 47, 48 ],
  [ 2, 3, 6, 7, 11, 12, 19, 22, 23, 24, 25, 29, 31, 32, 33, 34, 42, 43, 44, 
      46, 47, 48 ], 
  [ 2, 7, 11, 19, 22, 24, 25, 31, 33, 35, 37, 41, 42, 43, 44, 46, 47, 48 ], 
  [ 2, 7, 10, 11, 16, 19, 22, 24, 25, 29, 31, 33, 35, 37, 40, 41, 42, 43, 44, 
      46, 47 ], 
  [ 2, 6, 7, 11, 12, 14, 17, 19, 21, 22, 24, 25, 26, 29, 31, 34, 35, 36, 41, 
      43, 44, 46, 47, 48 ], 
  [ 2, 7, 9, 11, 14, 20, 21, 22, 24, 25, 30, 31, 33, 34, 35, 38, 41, 42, 43, 
      44, 45, 46, 47, 48 ], 
  [ 2, 11, 14, 19, 21, 22, 24, 25, 27, 31, 33, 34, 35, 38, 41, 42, 43, 44, 
      45, 46, 47, 48 ], 
  [ 2, 7, 11, 14, 19, 21, 22, 24, 25, 31, 33, 34, 35, 41, 43, 44, 46, 47, 48 ]
    , [ 2, 7, 11, 19, 21, 22, 24, 25, 31, 33, 34, 35, 42, 43, 44, 46, 47, 48 ]
    , [ 11, 19, 22, 24, 25, 29, 31, 33, 34, 35, 41, 42, 43, 44, 45, 46, 47, 
      48 ], [ 2, 11, 14, 19, 22, 24, 25, 27, 29, 31, 33, 34, 35, 38, 41, 42, 
      43, 44, 45, 46, 47 ], 
  [ 7, 11, 19, 22, 23, 24, 25, 29, 31, 33, 34, 35, 42, 43, 44, 46, 47, 48 ], 
  [ 2, 7, 11, 14, 19, 22, 24, 25, 29, 31, 33, 34, 35, 41, 43, 44, 46, 47 ], 
  [ 2, 7, 11, 19, 21, 22, 24, 25, 31, 33, 35, 37, 42, 43, 44, 46, 47, 48 ], 
  [ 2, 11, 14, 19, 21, 22, 24, 25, 27, 31, 33, 35, 37, 38, 41, 42, 43, 44, 
      45, 46, 47, 48 ], 
  [ 2, 7, 11, 14, 19, 21, 22, 24, 25, 31, 33, 35, 37, 41, 43, 44, 46, 47, 48 ]
    , [ 7, 11, 19, 21, 22, 23, 24, 25, 31, 33, 34, 35, 42, 43, 44, 46, 47, 48 
     ], [ 2, 6, 7, 11, 19, 21, 22, 24, 25, 31, 33, 34, 35, 42, 43, 44, 46, 48 
     ], [ 2, 3, 7, 9, 11, 18, 19, 20, 21, 22, 23, 24, 25, 31, 32, 33, 34, 35, 
      37, 42, 44, 46, 47, 48 ], 
  [ 7, 11, 17, 19, 21, 22, 23, 24, 25, 28, 29, 30, 33, 34, 35, 42, 43, 44, 
      45, 46, 47, 48 ], 
  [ 7, 11, 17, 19, 21, 22, 23, 25, 26, 28, 29, 31, 33, 34, 35, 42, 43, 44, 
      46, 47, 48 ], 
  [ 7, 11, 19, 21, 22, 23, 24, 25, 31, 33, 35, 37, 42, 43, 44, 46, 47, 48 ], 
  [ 7, 9, 11, 19, 21, 23, 24, 25, 28, 30, 31, 33, 34, 35, 42, 43, 44, 45, 46, 
      47, 48 ], 
  [ 7, 9, 11, 20, 21, 22, 23, 24, 25, 30, 31, 33, 34, 35, 42, 43, 44, 45, 46, 
      47, 48 ], 
  [ 11, 19, 21, 22, 23, 24, 25, 31, 33, 34, 35, 42, 43, 44, 45, 46, 47, 48 ], 
  [ 7, 11, 17, 19, 21, 22, 23, 25, 26, 28, 31, 33, 35, 37, 42, 43, 44, 46, 
      47, 48 ], 
  [ 11, 19, 21, 22, 23, 24, 25, 31, 33, 35, 37, 42, 43, 44, 45, 46, 47, 48 ], 
  [ 11, 18, 19, 21, 22, 23, 24, 26, 31, 32, 33, 34, 35, 36, 37, 42, 43, 44, 
      45, 46, 47, 48 ], 
  [ 18, 19, 20, 21, 22, 23, 24, 25, 31, 32, 33, 34, 35, 36, 37, 42, 43, 44, 
      45, 46, 47, 48 ], 
  [ 11, 17, 19, 21, 22, 23, 24, 25, 26, 31, 35, 36, 37, 42, 43, 44, 45, 46, 
      47, 48 ], 
  [ 11, 17, 19, 21, 22, 23, 25, 26, 28, 31, 33, 35, 37, 42, 43, 44, 45, 46, 
      47, 48 ], 
  [ 3, 7, 9, 15, 23, 26, 28, 29, 31, 34, 35, 39, 40, 42, 44, 46, 47, 48 ], 
  [ 2, 6, 11, 12, 14, 17, 19, 21, 22, 24, 25, 26, 27, 29, 31, 34, 36, 41, 43, 
      44, 46, 47, 48 ], 
  [ 2, 6, 12, 14, 18, 19, 20, 21, 22, 24, 25, 27, 31, 32, 33, 34, 36, 37, 41, 
      43, 44, 46, 47, 48 ], 
  [ 2, 6, 11, 12, 19, 22, 24, 25, 27, 29, 31, 32, 33, 34, 41, 43, 44, 46, 47, 
      48 ], 
  [ 2, 6, 7, 11, 12, 14, 19, 21, 22, 24, 25, 31, 33, 34, 41, 43, 44, 46, 47, 
      48 ], 
  [ 2, 7, 9, 11, 14, 18, 19, 20, 21, 22, 24, 25, 31, 33, 34, 35, 37, 41, 44, 
      46, 47, 48 ], 
  [ 2, 6, 7, 11, 12, 14, 19, 21, 22, 24, 25, 31, 33, 37, 41, 43, 44, 46, 47, 
      48 ], [ 2, 11, 14, 17, 19, 21, 22, 24, 25, 26, 27, 31, 35, 36, 37, 38, 
      41, 42, 43, 44, 45, 46, 47, 48 ], 
  [ 2, 6, 7, 9, 11, 12, 14, 19, 21, 24, 25, 27, 28, 30, 31, 33, 34, 41, 43, 
      44, 46, 47, 48 ], 
  [ 2, 6, 7, 9, 11, 12, 14, 20, 21, 22, 24, 25, 30, 31, 33, 34, 41, 43, 44, 
      46, 47, 48 ], 
  [ 3, 8, 9, 13, 15, 18, 20, 31, 32, 34, 35, 36, 37, 38, 39, 40, 41, 42, 44, 
      45, 46, 47, 48 ], 
  [ 1, 3, 5, 6, 7, 8, 9, 15, 20, 21, 23, 28, 30, 32, 33, 34, 38, 39, 40, 42, 
      44, 46, 48 ], 
  [ 2, 10, 11, 14, 16, 19, 22, 24, 25, 27, 29, 31, 33, 35, 37, 38, 40, 41, 
      42, 43, 44, 45, 46, 47 ], 
  [ 2, 11, 14, 18, 19, 21, 22, 24, 26, 27, 31, 33, 34, 35, 36, 37, 38, 41, 
      43, 44, 45, 46, 47, 48 ], 
  [ 3, 6, 8, 15, 18, 20, 31, 32, 34, 35, 36, 37, 38, 39, 40, 41, 42, 44, 46, 
      48 ], [ 1, 3, 8, 9, 13, 15, 18, 20, 21, 23, 26, 31, 32, 34, 35, 36, 37, 
      38, 39, 40, 42, 44, 45, 46, 47, 48 ] ];
