return 
[ [ 2, 4, 5, 7, 9, 10, 11, 12, 13, 15, 16, 18, 19, 20, 21, 22, 23, 24, 26, 
      28, 29, 30, 31, 32, 33, 34, 35, 36, 37, 38, 39, 41, 42, 43, 44, 45, 
      46, 47, 48, 49, 50, 51, 52, 53, 54, 55, 56, 57, 61, 62, 63, 64, 65, 
      66, 67, 68, 69, 70, 71, 72, 74, 76, 77, 78, 79, 80, 81, 82, 84, 85, 
      86, 87, 88, 89, 90 ], 
  [ 2, 3, 4, 5, 7, 8, 10, 13, 18, 19, 20, 21, 22, 23, 24, 25, 26, 27, 28, 
      29, 30, 31, 32, 33, 34, 35, 36, 37, 38, 39, 40, 41, 42, 43, 44, 45, 
      46, 47, 48, 49, 50, 51, 52, 53, 54, 55, 56, 57, 61, 62, 63, 67, 68, 
      69, 70, 71, 72, 76, 78, 80, 81, 84, 86, 88, 89, 90 ], 
  [ 1, 2, 3, 4, 5, 7, 8, 9, 10, 13, 18, 19, 22, 23, 24, 25, 26, 27, 29, 30, 
      31, 32, 33, 34, 37, 38, 39, 40, 41, 42, 43, 44, 46, 47, 49, 50, 55, 
      56, 58, 61, 62, 63, 64, 67, 68, 69, 70, 71, 72, 73, 74, 75, 76, 77, 
      78, 79, 80, 81, 84, 86, 88, 89, 90 ], 
  [ 2, 3, 4, 7, 8, 18, 19, 20, 21, 24, 28, 31, 33, 34, 35, 36, 37, 38, 39, 
      40, 41, 42, 45, 48, 49, 50, 51, 52, 54, 55, 57, 61, 63, 66, 70, 71, 
      72, 76, 78, 80, 81, 84, 88, 89, 90 ], 
  [ 2, 5, 7, 8, 19, 20, 21, 31, 38, 39, 40, 41, 45, 48, 57, 61, 63, 66, 78, 
      80, 90 ], 
  [ 1, 2, 3, 4, 7, 13, 19, 30, 34, 37, 38, 39, 40, 41, 43, 47, 49, 50, 52, 
      55, 61, 62, 72, 88, 90 ], 
  [ 1, 2, 3, 4, 7, 8, 29, 30, 31, 33, 34, 36, 37, 38, 39, 40, 41, 47, 50, 
      55, 71, 72, 90 ], 
  [ 2, 5, 7, 8, 19, 20, 21, 24, 28, 31, 37, 38, 39, 41, 45, 48, 61, 66, 70, 
      72, 78 ], 
  [ 2, 5, 6, 7, 8, 10, 16, 17, 19, 20, 21, 30, 31, 33, 35, 38, 39, 40, 41, 
      44, 45, 46, 47, 48, 49, 51, 53, 54, 57, 61, 63, 64, 66, 69, 80, 90 ], 
  [ 1, 2, 3, 4, 6, 7, 12, 13, 19, 30, 34, 35, 37, 38, 39, 40, 41, 43, 49, 
      52, 55, 58, 61, 62, 64, 65, 66, 70, 72, 73, 74, 75, 76, 77, 79, 80, 
      81, 82, 87, 88, 90 ], 
  [ 2, 3, 5, 7, 8, 19, 21, 31, 38, 39, 40, 41, 48, 55, 57, 61, 63, 66, 73, 
      78, 90 ], 
  [ 2, 3, 5, 7, 8, 19, 21, 24, 28, 31, 37, 38, 39, 41, 48, 55, 61, 66, 72, 
      73, 78 ], 
  [ 6, 7, 12, 13, 16, 17, 19, 30, 34, 35, 38, 39, 40, 41, 43, 44, 45, 49, 
      52, 54, 57, 61, 62, 63, 64, 65, 66, 69, 77, 79, 80, 81, 82, 87, 88, 90 
     ], [ 5, 7, 8, 15, 18, 20, 21, 22, 24, 26, 28, 29, 31, 36, 37, 39, 41, 
      44, 45, 48, 53, 54, 55, 56, 57, 61, 67, 68, 71, 78, 84 ], 
  [ 3, 4, 19, 21, 34, 36, 38, 39, 40, 41, 42, 43, 50, 52, 55, 57, 63, 66, 
      72, 81, 88, 89, 90 ], 
  [ 2, 3, 4, 5, 15, 16, 18, 20, 21, 24, 26, 28, 29, 31, 32, 36, 39, 41, 42, 
      43, 48, 55, 57, 65, 66, 71, 76, 78 ], 
  [ 2, 3, 5, 7, 8, 15, 16, 18, 19, 20, 21, 24, 26, 28, 31, 39, 41, 48, 55, 
      57, 61, 63, 66, 73, 76, 78, 84 ], 
  [ 2, 3, 5, 7, 8, 15, 18, 19, 20, 21, 22, 24, 26, 28, 31, 37, 39, 41, 48, 
      55, 61, 66, 70, 71, 72, 73, 76, 78, 84 ], 
  [ 2, 3, 5, 7, 8, 18, 19, 20, 21, 31, 39, 40, 41, 48, 55, 57, 61, 63, 66, 
      73, 76, 78, 80, 84, 88, 90 ], 
  [ 2, 3, 5, 7, 12, 13, 15, 16, 18, 19, 20, 21, 26, 28, 39, 41, 43, 48, 52, 
      55, 57, 61, 62, 63, 65, 66, 73, 76, 77, 78, 82, 84, 87, 88 ], 
  [ 5, 7, 8, 15, 18, 19, 20, 21, 22, 24, 26, 28, 31, 37, 39, 41, 44, 45, 48, 
      53, 54, 61, 66, 70, 71, 72, 78, 84 ], 
  [ 5, 7, 8, 18, 19, 20, 21, 31, 39, 40, 41, 44, 45, 48, 53, 54, 57, 61, 63, 
      66, 78, 80, 84, 88, 90 ], 
  [ 7, 8, 15, 16, 18, 19, 20, 24, 26, 28, 31, 33, 34, 35, 39, 41, 44, 45, 
      49, 54, 57, 61, 63, 64, 66, 70, 76, 78, 79, 80, 81, 84 ], 
  [ 2, 5, 7, 18, 19, 20, 21, 31, 37, 38, 39, 40, 41, 42, 45, 48, 55, 57, 61, 
      63, 66, 78, 80, 88, 90 ], 
  [ 2, 3, 5, 7, 8, 10, 13, 19, 21, 23, 25, 26, 27, 30, 38, 39, 40, 41, 43, 
      44, 47, 55, 56, 57, 61, 62, 63, 69, 72, 73, 76, 77, 78, 80, 81, 84, 
      86, 88, 89, 90 ], 
  [ 2, 3, 5, 6, 7, 8, 16, 17, 19, 20, 28, 30, 31, 35, 38, 39, 40, 41, 45, 
      46, 48, 49, 57, 58, 61, 63, 64, 66, 69, 70, 73, 76, 78, 80, 81, 90 ], 
  [ 2, 3, 5, 6, 7, 8, 20, 21, 28, 29, 30, 31, 35, 36, 37, 38, 39, 40, 41, 
      45, 48, 55, 57, 59, 65, 66, 70, 71, 72, 73, 76, 78, 80, 81, 90 ], 
  [ 3, 7, 8, 19, 24, 26, 28, 31, 34, 39, 41, 49, 61, 66, 70, 72, 76, 81, 84 ]
    , [ 7, 8, 19, 26, 30, 31, 33, 34, 39, 41, 44, 55, 56, 57, 61, 63, 69, 
      76, 79, 80, 81, 84, 86, 90 ], 
  [ 2, 5, 7, 8, 19, 21, 31, 38, 39, 40, 41, 55, 57, 61, 63, 66, 73, 78, 80, 
      90 ], [ 2, 3, 5, 7, 8, 19, 24, 28, 31, 37, 38, 39, 41, 48, 61, 66, 70, 
      72, 73, 78 ], 
  [ 3, 7, 8, 16, 19, 23, 24, 26, 28, 30, 31, 34, 39, 49, 58, 61, 64, 66, 70, 
      72, 73, 75, 76, 81, 84, 86 ], 
  [ 2, 5, 7, 8, 19, 21, 31, 38, 40, 41, 55, 56, 57, 61, 63, 73, 78, 80, 90 ],
  [ 5, 7, 8, 19, 21, 31, 38, 39, 40, 41, 44, 55, 56, 57, 61, 63, 66, 73, 77, 
      78, 79, 80, 90 ], 
  [ 2, 3, 5, 7, 8, 19, 22, 24, 28, 31, 37, 38, 41, 48, 61, 70, 72, 73, 78 ], 
  [ 2, 3, 5, 7, 8, 19, 21, 27, 31, 38, 40, 41, 48, 55, 56, 57, 61, 62, 63, 
      68, 73, 78, 90 ], 
  [ 2, 3, 5, 7, 8, 31, 38, 39, 40, 41, 48, 55, 57, 61, 63, 69, 73, 78, 90 ], 
  [ 1, 2, 3, 5, 6, 7, 8, 16, 17, 19, 21, 30, 31, 38, 39, 40, 41, 47, 48, 55, 
      57, 61, 63, 66, 69, 73, 90 ], 
  [ 2, 3, 5, 7, 8, 31, 38, 40, 41, 48, 55, 57, 61, 63, 68, 69, 73, 78, 90 ], 
  [ 2, 3, 5, 6, 7, 8, 20, 28, 29, 30, 31, 35, 37, 38, 39, 40, 41, 45, 46, 
      48, 55, 57, 61, 67, 68, 69, 70, 73, 76, 78, 80, 81, 90 ], 
  [ 1, 2, 3, 5, 6, 7, 8, 17, 19, 21, 27, 30, 31, 38, 40, 41, 47, 48, 55, 56, 
      57, 61, 62, 63, 68, 69, 73, 90 ], 
  [ 2, 3, 4, 12, 15, 20, 21, 22, 26, 27, 28, 35, 36, 41, 43, 48, 51, 52, 55, 
      56, 57, 62, 68, 76, 87 ], 
  [ 1, 2, 3, 5, 6, 7, 8, 19, 21, 30, 31, 37, 38, 39, 40, 41, 47, 48, 55, 61, 
      66, 72, 73, 90 ], 
  [ 7, 8, 19, 30, 31, 33, 34, 38, 39, 40, 41, 44, 55, 56, 57, 61, 63, 69, 
      79, 80, 81, 90 ], 
  [ 8, 24, 26, 31, 33, 34, 55, 56, 57, 61, 63, 67, 68, 69, 75, 76, 79, 81, 
      84, 86 ] ];
