return 
[ [ 1, 2, 3, 4, 5, 6, 7, 8, 9, 10, 11, 12, 13, 14, 15, 16, 17, 18, 19, 20, 
      21, 22, 23, 24, 25, 26, 27, 28, 29, 30, 31, 32, 34, 35, 36, 37, 38, 
      39, 40, 41, 42 ], 
  [ 3, 6, 7, 8, 10, 11, 12, 13, 14, 15, 16, 17, 18, 19, 20, 21, 22, 23, 24, 
      25, 26, 27, 28, 29, 32, 33, 36, 37, 38, 40, 41, 42 ], 
  [ 1, 2, 3, 4, 5, 6, 7, 8, 9, 12, 13, 14, 15, 16, 17, 18, 19, 20, 21, 22, 
      23, 24, 25, 26, 27, 28, 29, 30, 31, 33, 34, 35, 36, 37, 38, 39, 40, 
      41, 42 ], 
  [ 3, 4, 5, 6, 7, 8, 9, 10, 11, 12, 13, 17, 22, 23, 26, 27, 28, 29, 31, 32, 
      33, 34, 37, 38, 39, 40, 41, 42 ], 
  [ 2, 3, 4, 5, 6, 7, 8, 9, 10, 11, 12, 13, 17, 19, 21, 22, 23, 27, 28, 29, 
      30, 31, 32, 33, 34, 37, 38, 39, 40, 41, 42 ], 
  [ 7, 8, 9, 10, 11, 25, 26, 28, 29, 32, 33, 34, 35, 37, 38, 39, 41, 42 ], 
  [ 7, 8, 9, 10, 11, 12, 25, 26, 28, 29, 32, 33, 34, 37, 38, 41, 42 ], 
  [ 1, 2, 3, 7, 8, 9, 10, 11, 12, 14, 20, 24, 25, 26, 28, 29, 30, 32, 33, 
      34, 35, 36, 37, 41, 42 ], 
  [ 3, 7, 8, 9, 10, 11, 12, 14, 20, 22, 26, 28, 29, 32, 33, 37, 41, 42 ], 
  [ 7, 8, 10, 11, 24, 25, 26, 27, 28, 29, 32, 33, 34, 35, 36, 37, 38, 39, 
      40, 41, 42 ], 
  [ 1, 2, 3, 7, 8, 9, 10, 11, 12, 13, 14, 24, 25, 26, 28, 29, 30, 32, 33, 
      34, 35, 36, 37, 38, 42 ], 
  [ 1, 2, 3, 7, 8, 9, 10, 11, 14, 20, 22, 24, 26, 28, 29, 30, 32, 33, 34, 
      35, 36, 37, 39, 41, 42 ], 
  [ 7, 8, 9, 11, 12, 25, 26, 28, 29, 31, 32, 33, 34, 37, 38, 39, 40, 41, 42 ]
    , [ 1, 2, 3, 4, 7, 8, 9, 10, 11, 12, 13, 14, 17, 24, 25, 26, 28, 29, 30, 
      32, 33, 34, 35, 36, 37, 38 ], 
  [ 1, 2, 3, 4, 6, 7, 8, 9, 10, 11, 12, 13, 14, 15, 17, 24, 25, 26, 29, 30, 
      32, 33, 34, 35, 36, 37, 38 ], 
  [ 3, 7, 8, 10, 11, 22, 24, 26, 27, 28, 29, 32, 33, 34, 36, 37, 39, 40, 41, 
      42 ], 
  [ 3, 7, 8, 9, 10, 11, 12, 13, 14, 17, 22, 26, 28, 29, 32, 33, 37, 38, 42 ],
  [ 1, 2, 3, 4, 6, 7, 8, 9, 11, 12, 13, 14, 15, 17, 18, 21, 24, 25, 26, 29, 
      30, 31, 32, 33, 34, 35, 36, 37, 38, 40 ], 
  [ 1, 2, 3, 7, 8, 9, 11, 12, 14, 18, 20, 21, 22, 24, 25, 26, 28, 29, 30, 
      31, 32, 33, 34, 35, 36, 37, 39, 40, 41, 42 ], 
  [ 3, 6, 7, 8, 10, 11, 12, 13, 24, 25, 26, 27, 28, 29, 32, 33, 34, 36, 37, 
      38, 40, 41, 42 ], 
  [ 3, 4, 6, 7, 8, 10, 11, 12, 13, 17, 24, 25, 26, 27, 28, 29, 32, 33, 34, 
      36, 37, 38, 40 ], 
  [ 1, 2, 3, 4, 7, 8, 9, 10, 11, 13, 14, 17, 22, 24, 26, 28, 29, 30, 32, 33, 
      34, 35, 36, 37, 38, 39, 42 ], 
  [ 3, 4, 7, 8, 10, 11, 13, 17, 22, 24, 26, 27, 28, 29, 32, 33, 34, 36, 37, 
      38, 39, 40, 42 ], 
  [ 1, 2, 3, 4, 5, 6, 7, 8, 9, 10, 11, 12, 14, 15, 16, 17, 18, 19, 20, 21, 
      22, 23, 24, 25, 26, 27, 28, 29, 30, 31, 32, 33, 34, 35, 36, 37, 39, 
      40, 41 ], 
  [ 1, 2, 3, 4, 5, 6, 7, 8, 9, 10, 11, 13, 14, 15, 16, 17, 18, 19, 20, 21, 
      22, 23, 24, 26, 27, 29, 30, 31, 32, 33, 34, 35, 36, 37, 38, 39, 40, 
      41, 42 ], 
  [ 2, 3, 4, 5, 6, 7, 8, 9, 11, 12, 13, 17, 18, 21, 22, 23, 24, 25, 26, 27, 
      28, 29, 31, 33, 34, 37, 38, 39, 40, 41, 42 ], 
  [ 5, 7, 8, 9, 10, 11, 25, 26, 31, 32, 33, 34, 35, 37, 38, 39, 41, 42 ], 
  [ 2, 5, 7, 8, 9, 10, 11, 12, 25, 28, 30, 31, 32, 33, 34, 35, 37, 38, 39, 
      41, 42 ], 
  [ 5, 7, 8, 9, 10, 12, 16, 25, 26, 28, 30, 31, 32, 33, 34, 35, 36, 37, 38, 
      39, 41, 42 ], 
  [ 2, 3, 7, 8, 9, 10, 11, 12, 14, 19, 20, 21, 22, 28, 29, 30, 32, 33, 37, 
      41, 42 ], 
  [ 2, 5, 7, 8, 9, 11, 18, 24, 25, 26, 31, 33, 34, 35, 37, 38, 39, 41, 42 ], 
  [ 5, 7, 8, 9, 10, 11, 16, 18, 25, 26, 31, 32, 33, 35, 37, 38, 39, 41, 42 ],
  [ 5, 7, 8, 10, 11, 16, 18, 24, 25, 26, 31, 32, 33, 34, 35, 36, 37, 38, 39, 
      41, 42 ], 
  [ 2, 3, 7, 8, 9, 10, 11, 12, 13, 14, 17, 19, 21, 22, 28, 29, 30, 32, 33, 
      37, 38, 42 ], 
  [ 2, 5, 7, 8, 9, 10, 11, 12, 14, 15, 16, 17, 18, 19, 20, 21, 22, 23, 25, 
      28, 30, 31, 32, 33, 35, 37, 38, 39, 41, 42 ], 
  [ 2, 4, 5, 6, 7, 8, 9, 11, 15, 17, 18, 21, 23, 24, 25, 26, 27, 29, 31, 33, 
      34, 35, 37, 38, 39, 40, 41 ], 
  [ 1, 2, 4, 5, 6, 7, 8, 9, 11, 13, 15, 18, 20, 21, 23, 24, 25, 26, 27, 29, 
      31, 33, 34, 35, 38, 39, 40, 41, 42 ], 
  [ 5, 7, 8, 9, 10, 11, 15, 16, 17, 18, 23, 25, 26, 31, 32, 33, 35, 37, 38, 
      39, 41 ], 
  [ 5, 7, 8, 9, 10, 11, 15, 16, 18, 20, 23, 25, 26, 31, 32, 33, 35, 38, 39, 
      41, 42 ], 
  [ 5, 7, 8, 10, 16, 24, 25, 26, 27, 28, 33, 34, 35, 36, 37, 38, 39, 41, 42 ]
    , [ 4, 5, 7, 8, 10, 16, 17, 24, 25, 26, 27, 28, 33, 34, 35, 36, 37, 38, 
      39 ], [ 1, 4, 5, 7, 8, 10, 13, 16, 24, 25, 26, 27, 28, 33, 34, 35, 36, 
      38, 39, 42 ], 
  [ 5, 7, 8, 9, 10, 11, 12, 16, 18, 20, 22, 23, 25, 26, 28, 31, 32, 33, 39, 
      41, 42 ] ];
