return 
[ [ 1, 2, 3, 4, 5, 6, 7, 8, 9, 10, 11, 12, 14, 15, 16, 17, 18, 19, 20, 21, 
      22, 23, 24, 25, 26, 27, 29, 30, 31, 32, 33, 34, 35, 36, 37, 38, 39, 
      40, 41, 42, 43, 44, 45, 46, 47, 48 ], 
  [ 1, 2, 3, 4, 5, 6, 7, 8, 9, 10, 11, 12, 13, 14, 15, 16, 17, 18, 19, 20, 
      21, 22, 23, 24, 25, 26, 27, 28, 29, 30, 31, 32, 33, 34, 35, 36, 37, 
      38, 39, 40, 41, 42, 43, 44, 45 ], 
  [ 2, 3, 6, 13, 14, 15, 16, 17, 18, 19, 20, 21, 22, 23, 24, 25, 26, 27, 28, 
      29, 30, 31, 32, 33, 34, 35, 36, 37, 38, 39, 40, 41, 42, 43, 44, 45, 
      46, 47, 48 ], 
  [ 1, 2, 3, 4, 5, 6, 7, 8, 9, 10, 11, 12, 13, 16, 17, 18, 20, 21, 22, 23, 
      24, 25, 26, 27, 28, 30, 31, 32, 34, 35, 37, 38, 39, 40, 41, 42, 43, 
      44, 45, 46, 47, 48 ], 
  [ 1, 3, 4, 5, 7, 8, 9, 10, 11, 12, 13, 14, 15, 17, 19, 20, 21, 22, 23, 24, 
      25, 26, 27, 28, 29, 30, 32, 33, 34, 35, 36, 37, 38, 39, 40, 41, 42, 
      43, 44, 45, 46, 47, 48 ], 
  [ 1, 2, 3, 12, 27, 28, 29, 30, 31, 32, 33, 34, 38, 39, 41, 42, 43, 47, 48 ]
    , [ 1, 2, 3, 7, 8, 12, 14, 16, 27, 28, 29, 30, 31, 33, 34, 38, 41, 42, 
      43, 47, 48 ], 
  [ 5, 6, 9, 10, 12, 15, 22, 24, 25, 27, 28, 29, 30, 31, 32, 33, 35, 36, 41, 
      45, 47, 48 ], 
  [ 2, 3, 12, 16, 23, 27, 28, 30, 31, 33, 34, 38, 39, 41, 42, 43, 44, 47, 48 
     ], [ 1, 5, 6, 7, 12, 13, 14, 15, 17, 24, 27, 28, 29, 30, 32, 35, 38, 
      41, 42, 45, 47, 48 ], 
  [ 6, 7, 12, 13, 14, 15, 16, 17, 24, 27, 28, 30, 35, 38, 41, 42, 44, 45, 
      47, 48 ], 
  [ 1, 2, 3, 11, 19, 26, 28, 29, 30, 31, 32, 33, 34, 36, 37, 39, 40, 42, 43, 
      46 ], 
  [ 1, 2, 3, 20, 27, 28, 29, 30, 31, 32, 33, 34, 37, 38, 39, 41, 42, 43, 47 ]
    , [ 1, 2, 3, 7, 8, 14, 16, 20, 27, 28, 29, 30, 31, 33, 34, 37, 38, 41, 
      42, 43, 47 ], 
  [ 1, 2, 3, 21, 26, 28, 29, 30, 31, 32, 34, 37, 38, 39, 40, 42, 43, 46, 48 ]
    , [ 1, 2, 3, 28, 29, 30, 31, 32, 33, 34, 37, 38, 39, 40, 41, 42, 43, 46, 
      47, 48 ], 
  [ 5, 6, 9, 10, 15, 22, 24, 25, 28, 29, 30, 31, 32, 33, 35, 36, 40, 41, 45, 
      46, 47, 48 ], 
  [ 1, 2, 3, 7, 8, 14, 16, 28, 29, 30, 31, 33, 34, 37, 38, 40, 41, 42, 43, 
      46, 47, 48 ], 
  [ 6, 12, 13, 15, 17, 22, 24, 27, 28, 30, 32, 35, 38, 39, 41, 42, 44, 45, 
      47, 48 ], 
  [ 5, 6, 9, 10, 12, 13, 15, 18, 22, 24, 25, 27, 28, 29, 31, 32, 33, 35, 36, 
      41, 45, 47, 48 ], 
  [ 6, 7, 11, 13, 14, 15, 16, 17, 19, 24, 26, 28, 30, 35, 36, 37, 40, 42, 
      44, 45, 46 ], 
  [ 1, 2, 3, 4, 7, 8, 9, 11, 12, 16, 20, 23, 27, 28, 30, 31, 33, 34, 37, 38, 
      39, 41, 42, 43, 44, 47 ], 
  [ 1, 5, 6, 7, 13, 14, 15, 17, 20, 24, 27, 28, 29, 30, 32, 35, 37, 38, 41, 
      42, 45, 47 ], 
  [ 6, 7, 13, 14, 15, 16, 17, 20, 24, 27, 28, 30, 35, 37, 38, 41, 42, 44, 
      45, 47 ], 
  [ 6, 7, 13, 14, 16, 17, 21, 24, 26, 28, 30, 35, 37, 38, 40, 42, 44, 45, 
      46, 48 ], 
  [ 1, 2, 3, 4, 7, 8, 9, 10, 11, 12, 16, 23, 28, 30, 31, 33, 34, 37, 38, 39, 
      40, 41, 42, 43, 44, 46, 47, 48 ], 
  [ 6, 7, 12, 14, 15, 16, 24, 27, 28, 29, 30, 31, 33, 35, 36, 38, 41, 42, 
      44, 45, 47, 48 ], 
  [ 1, 5, 6, 7, 13, 14, 15, 17, 24, 28, 29, 30, 32, 35, 37, 38, 40, 41, 42, 
      45, 46, 47, 48 ], 
  [ 6, 7, 13, 14, 15, 16, 17, 24, 28, 30, 35, 37, 38, 40, 41, 42, 44, 45, 
      46, 47, 48 ], 
  [ 5, 6, 9, 10, 13, 15, 18, 22, 24, 25, 28, 29, 31, 32, 33, 35, 36, 40, 41, 
      45, 46, 47, 48 ], 
  [ 1, 2, 3, 6, 15, 20, 22, 24, 27, 28, 29, 30, 31, 32, 33, 37, 38, 39, 41, 
      42, 47 ], 
  [ 1, 4, 5, 6, 7, 9, 11, 12, 13, 15, 17, 20, 22, 24, 27, 28, 30, 32, 35, 
      37, 38, 39, 41, 42, 44, 45, 47 ], 
  [ 6, 7, 14, 16, 21, 24, 26, 28, 29, 30, 31, 35, 36, 37, 38, 40, 42, 44, 
      45, 46, 48 ], 
  [ 1, 2, 3, 20, 21, 26, 27, 28, 29, 30, 31, 32, 34, 37, 38, 39, 42, 43, 46, 
      47, 48 ], 
  [ 6, 12, 15, 22, 24, 27, 28, 29, 30, 31, 32, 33, 35, 36, 38, 39, 41, 42, 
      44, 45, 47, 48 ], 
  [ 1, 4, 5, 6, 7, 9, 10, 11, 12, 13, 15, 17, 22, 24, 28, 30, 32, 35, 37, 
      38, 39, 40, 41, 42, 44, 45, 46, 47, 48 ], 
  [ 6, 7, 12, 13, 14, 15, 16, 18, 24, 27, 28, 29, 31, 33, 35, 36, 38, 41, 
      42, 44, 45, 47, 48 ], 
  [ 6, 7, 14, 15, 16, 20, 24, 27, 28, 29, 30, 31, 33, 35, 36, 37, 38, 41, 
      42, 44, 45, 47 ], 
  [ 3, 7, 13, 14, 15, 16, 17, 20, 23, 24, 27, 28, 30, 33, 34, 35, 37, 38, 
      41, 42, 44, 47 ], 
  [ 1, 4, 5, 6, 7, 10, 11, 12, 21, 22, 24, 26, 28, 29, 30, 31, 32, 35, 36, 
      37, 38, 39, 40, 42, 44, 45, 46, 48 ], 
  [ 6, 7, 13, 14, 16, 18, 21, 24, 26, 28, 29, 31, 35, 36, 37, 38, 40, 42, 
      44, 45, 46, 48 ], 
  [ 2, 3, 8, 13, 14, 16, 17, 20, 21, 23, 25, 28, 30, 34, 37, 38, 40, 41, 43, 
      46, 47, 48 ], 
  [ 6, 7, 14, 15, 16, 24, 28, 29, 30, 31, 33, 35, 36, 37, 38, 40, 41, 42, 
      44, 45, 46, 47, 48 ], 
  [ 6, 12, 13, 15, 18, 22, 24, 27, 28, 29, 31, 32, 33, 35, 36, 38, 39, 41, 
      42, 44, 45, 47, 48 ], 
  [ 1, 4, 5, 6, 7, 9, 11, 12, 15, 20, 22, 24, 27, 28, 29, 30, 31, 32, 33, 
      35, 36, 37, 38, 39, 41, 42, 44, 45, 47 ], 
  [ 6, 7, 13, 14, 15, 16, 18, 20, 24, 27, 28, 29, 31, 33, 35, 36, 37, 38, 
      41, 42, 44, 45, 47 ], 
  [ 1, 4, 5, 6, 7, 10, 11, 12, 13, 18, 21, 22, 24, 26, 28, 29, 31, 32, 35, 
      36, 37, 38, 39, 40, 42, 44, 45, 46, 48 ], 
  [ 2, 3, 8, 14, 16, 20, 21, 23, 25, 28, 29, 30, 31, 33, 34, 37, 38, 40, 41, 
      43, 46, 47, 48 ], 
  [ 1, 4, 5, 6, 7, 9, 10, 11, 12, 15, 22, 24, 28, 29, 30, 31, 32, 33, 35, 
      36, 37, 38, 39, 40, 41, 42, 44, 45, 46, 47, 48 ], 
  [ 6, 7, 13, 14, 15, 16, 18, 24, 28, 29, 31, 33, 35, 36, 37, 38, 40, 41, 
      42, 44, 45, 46, 47, 48 ], 
  [ 1, 4, 5, 6, 7, 9, 11, 12, 13, 15, 18, 20, 22, 24, 27, 28, 29, 31, 32, 
      33, 35, 36, 37, 38, 39, 41, 42, 44, 45, 47 ], 
  [ 1, 2, 3, 4, 5, 8, 9, 10, 20, 21, 22, 23, 25, 28, 29, 30, 31, 32, 33, 34, 
      37, 38, 39, 40, 41, 43, 46, 47, 48 ], 
  [ 5, 6, 13, 14, 15, 17, 20, 21, 22, 24, 25, 28, 29, 30, 32, 35, 37, 38, 
      40, 41, 45, 46, 47, 48 ], 
  [ 1, 4, 5, 6, 7, 9, 10, 11, 12, 13, 15, 18, 22, 24, 28, 29, 31, 32, 33, 
      35, 36, 37, 38, 39, 40, 41, 42, 44, 45, 46, 47, 48 ], 
  [ 1, 2, 3, 6, 7, 12, 13, 14, 15, 16, 17, 18, 24, 27, 28, 29, 30, 31, 32, 
      33, 34, 35, 38, 41, 42, 47, 48 ], 
  [ 1, 2, 3, 4, 7, 8, 10, 11, 12, 14, 16, 19, 21, 23, 26, 28, 29, 30, 31, 
      33, 34, 36, 37, 38, 39, 40, 42, 43, 44, 46, 48 ], 
  [ 4, 5, 6, 7, 8, 9, 10, 13, 14, 15, 16, 17, 20, 21, 22, 23, 24, 25, 28, 
      30, 35, 37, 38, 40, 41, 44, 45, 46, 47, 48 ], 
  [ 1, 2, 3, 6, 7, 13, 14, 15, 16, 17, 18, 20, 24, 27, 28, 29, 30, 31, 32, 
      33, 34, 35, 37, 38, 41, 42, 47 ], 
  [ 1, 4, 5, 6, 7, 10, 11, 12, 13, 14, 15, 17, 19, 21, 22, 24, 26, 28, 29, 
      30, 32, 35, 36, 37, 38, 39, 40, 42, 44, 45, 46, 48 ], 
  [ 2, 3, 6, 12, 13, 15, 16, 17, 18, 22, 23, 24, 27, 28, 30, 31, 32, 33, 34, 
      35, 38, 39, 41, 42, 44, 47, 48 ], 
  [ 1, 2, 3, 6, 7, 13, 14, 15, 16, 17, 18, 24, 28, 29, 30, 31, 32, 33, 34, 
      35, 37, 38, 40, 41, 42, 46, 47, 48 ], 
  [ 1, 2, 3, 5, 6, 9, 10, 11, 12, 15, 19, 22, 24, 25, 26, 27, 28, 29, 30, 
      31, 32, 33, 36, 39, 40, 41, 42, 43, 45, 46, 47, 48 ], 
  [ 3, 7, 8, 9, 10, 11, 12, 13, 14, 15, 16, 17, 19, 23, 24, 25, 26, 27, 28, 
      30, 33, 34, 35, 36, 40, 41, 42, 43, 44, 45, 46, 47, 48 ], 
  [ 1, 2, 3, 4, 6, 7, 9, 11, 12, 13, 15, 16, 17, 18, 20, 22, 23, 24, 27, 28, 
      30, 31, 32, 33, 34, 35, 37, 38, 39, 41, 42, 44, 47 ], 
  [ 1, 2, 3, 4, 6, 7, 9, 10, 11, 12, 13, 15, 16, 17, 18, 22, 23, 24, 28, 30, 
      31, 32, 33, 34, 35, 37, 38, 39, 40, 41, 42, 44, 46, 47, 48 ], 
  [ 2, 6, 12, 13, 14, 15, 16, 17, 18, 19, 27, 28, 29, 30, 31, 32, 33, 34, 
      35, 36, 38, 39, 41, 42, 43, 44, 45, 47, 48 ], 
  [ 1, 2, 4, 5, 6, 7, 8, 10, 11, 12, 13, 14, 16, 17, 18, 19, 21, 26, 28, 29, 
      30, 31, 32, 34, 35, 36, 37, 38, 39, 40, 42, 43, 44, 45, 46, 48 ], 
  [ 1, 2, 4, 5, 6, 7, 8, 9, 11, 12, 13, 14, 15, 16, 17, 18, 19, 20, 27, 28, 
      29, 30, 31, 32, 33, 34, 35, 36, 37, 38, 39, 41, 42, 43, 44, 45, 47 ], 
  [ 1, 3, 4, 5, 7, 8, 9, 10, 11, 12, 20, 21, 22, 23, 24, 25, 26, 27, 28, 29, 
      30, 31, 32, 33, 34, 35, 36, 37, 38, 39, 40, 41, 42, 43, 44, 45, 46, 
      47, 48 ], 
  [ 1, 2, 3, 4, 5, 6, 7, 8, 9, 10, 13, 14, 15, 16, 17, 18, 20, 21, 22, 23, 
      24, 25, 28, 29, 30, 31, 32, 33, 34, 35, 37, 38, 40, 41, 46, 47, 48 ], 
  [ 1, 2, 3, 5, 6, 7, 8, 9, 10, 11, 12, 13, 14, 15, 16, 17, 18, 19, 24, 25, 
      26, 27, 28, 29, 30, 31, 32, 33, 34, 35, 36, 40, 41, 42, 43, 45, 46, 
      47, 48 ], 
  [ 1, 3, 4, 5, 7, 8, 9, 10, 11, 12, 13, 18, 20, 21, 22, 23, 24, 25, 26, 27, 
      28, 29, 31, 32, 33, 34, 35, 36, 37, 38, 39, 40, 41, 42, 43, 44, 45, 
      46, 47, 48 ], 
  [ 1, 2, 3, 5, 6, 7, 8, 9, 11, 13, 14, 15, 16, 17, 18, 19, 20, 24, 25, 26, 
      27, 28, 29, 30, 31, 32, 33, 34, 35, 36, 37, 40, 41, 42, 43, 45, 46, 47 
     ], [ 1, 2, 3, 4, 5, 6, 7, 8, 9, 10, 11, 12, 14, 15, 16, 19, 20, 21, 22, 
      23, 24, 25, 26, 27, 28, 29, 30, 31, 33, 36, 37, 38, 39, 40, 41, 42, 
      43, 44, 45, 46, 47, 48 ], 
  [ 1, 2, 3, 12, 21, 26, 27, 28, 29, 30, 31, 32, 34, 38, 39, 42, 43, 48 ], 
  [ 1, 2, 3, 12, 13, 14, 17, 19, 21, 26, 27, 28, 29, 30, 32, 34, 38, 39, 42, 
      43, 48 ], 
  [ 1, 2, 3, 12, 13, 18, 21, 26, 27, 28, 29, 31, 32, 34, 38, 39, 42, 43, 48 ]
    , [ 1, 2, 3, 10, 12, 21, 26, 28, 29, 30, 31, 32, 34, 38, 39, 40, 42, 43, 
      48 ], 
  [ 2, 3, 8, 12, 16, 23, 27, 28, 30, 31, 33, 34, 38, 41, 43, 47, 48 ], 
  [ 3, 7, 8, 12, 16, 23, 27, 28, 30, 31, 33, 34, 38, 41, 42, 43, 44, 47, 48 ]
    , [ 2, 3, 8, 12, 14, 16, 23, 27, 28, 30, 33, 34, 38, 41, 43, 47, 48 ], 
  [ 2, 3, 8, 12, 13, 16, 18, 23, 27, 28, 31, 33, 34, 38, 41, 43, 47, 48 ], 
  [ 2, 3, 8, 10, 12, 14, 16, 21, 23, 25, 27, 28, 29, 30, 31, 33, 34, 38, 41, 
      43, 48 ], 
  [ 2, 3, 8, 9, 10, 12, 16, 23, 25, 27, 28, 30, 31, 33, 34, 41, 43, 47, 48 ],
  [ 2, 3, 8, 12, 13, 14, 16, 17, 23, 27, 28, 30, 34, 38, 41, 43, 47, 48 ], 
  [ 2, 3, 8, 12, 13, 14, 16, 23, 27, 28, 33, 34, 38, 41, 43, 47, 48 ], 
  [ 3, 7, 8, 12, 14, 16, 23, 27, 28, 30, 33, 34, 38, 41, 42, 43, 44, 47, 48 ]
    , [ 2, 3, 8, 12, 13, 14, 16, 18, 23, 27, 33, 34, 38, 41, 43, 47, 48 ], 
  [ 3, 7, 8, 12, 13, 14, 16, 23, 27, 28, 33, 34, 38, 41, 42, 43, 44, 47, 48 ]
    , [ 2, 3, 8, 10, 12, 13, 14, 16, 18, 21, 23, 25, 27, 28, 29, 31, 33, 34, 
      38, 41, 43, 48 ], 
  [ 2, 3, 8, 12, 13, 14, 16, 17, 18, 23, 27, 34, 38, 41, 43, 47, 48 ], 
  [ 1, 2, 3, 7, 8, 12, 13, 14, 16, 17, 18, 27, 34, 38, 41, 42, 43, 47, 48 ], 
  [ 3, 7, 8, 12, 13, 16, 18, 23, 27, 28, 31, 33, 34, 38, 41, 42, 43, 44, 47, 
      48 ], 
  [ 2, 3, 8, 9, 10, 12, 13, 16, 18, 23, 25, 27, 28, 31, 33, 34, 41, 43, 47, 
      48 ], [ 1, 2, 3, 7, 8, 12, 13, 14, 16, 17, 27, 28, 30, 34, 38, 41, 42, 
      43, 47, 48 ], 
  [ 2, 3, 8, 10, 12, 13, 14, 16, 17, 21, 23, 25, 27, 28, 30, 34, 38, 41, 43, 
      48 ], 
  [ 1, 2, 3, 12, 13, 14, 17, 18, 19, 21, 26, 27, 29, 32, 34, 38, 39, 42, 43, 
      48 ], [ 2, 3, 8, 9, 16, 20, 23, 25, 27, 28, 30, 31, 33, 34, 41, 43, 47 
     ], [ 2, 3, 8, 9, 10, 16, 23, 25, 28, 30, 31, 33, 34, 40, 41, 43, 46, 
      47, 48 ], 
  [ 2, 3, 8, 9, 13, 16, 18, 20, 23, 25, 27, 28, 31, 33, 34, 41, 43, 47 ], 
  [ 2, 3, 8, 9, 10, 13, 16, 18, 23, 25, 28, 31, 33, 34, 40, 41, 43, 46, 47, 
      48 ] ];
