return 
[ [ 1, 2, 3, 4, 5, 6, 7, 8, 9, 10, 11, 12, 13, 14, 15, 16, 17, 18, 19, 20, 
      21, 22, 23, 25, 26, 27, 28, 29, 30, 31, 32, 33, 34, 35, 36, 37, 38, 
      39, 40, 41, 42, 43, 44, 45, 46, 47, 48, 49, 50, 51 ], 
  [ 1, 2, 3, 4, 6, 7, 8, 10, 11, 12, 14, 15, 16, 17, 19, 20, 21, 22, 23, 24, 
      25, 26, 27, 28, 29, 30, 32, 33, 34, 35, 36, 37, 38, 40, 41, 45, 46, 
      47, 48, 49, 50, 51 ], 
  [ 2, 5, 13, 16, 17, 18, 19, 20, 21, 22, 23, 24, 26, 27, 28, 29, 30, 31, 
      34, 35, 36, 37, 38, 39, 40, 41, 44, 45, 46, 47, 48, 51 ], 
  [ 1, 2, 3, 4, 6, 7, 8, 10, 11, 12, 14, 15, 16, 17, 19, 20, 21, 22, 23, 24, 
      25, 26, 27, 28, 29, 30, 32, 33, 34, 35, 36, 37, 38, 40, 41, 42, 43, 
      44, 45, 46, 47, 49, 50, 51 ], 
  [ 1, 2, 3, 4, 5, 6, 7, 8, 9, 10, 11, 12, 13, 14, 15, 16, 17, 18, 19, 20, 
      21, 22, 23, 24, 25, 26, 27, 28, 29, 30, 31, 32, 33, 34, 35, 36, 37, 
      38, 39, 40, 41, 42, 43, 44, 48, 49, 50, 51 ], 
  [ 2, 5, 7, 11, 13, 14, 16, 17, 18, 19, 20, 21, 22, 23, 24, 26, 27, 28, 29, 
      30, 31, 32, 34, 35, 36, 37, 38, 39, 40, 41, 42, 43, 44, 45, 46, 48, 
      49, 50, 51 ], 
  [ 2, 5, 7, 8, 9, 11, 12, 16, 17, 18, 19, 20, 21, 22, 24, 26, 27, 28, 29, 
      30, 34, 35, 36, 37, 38, 39, 40, 41, 44, 45, 46, 47, 48, 49, 50, 51 ], 
  [ 1, 2, 3, 4, 5, 6, 7, 8, 9, 10, 11, 12, 13, 14, 15, 16, 17, 18, 19, 20, 
      21, 22, 24, 26, 28, 29, 31, 32, 33, 34, 35, 36, 37, 38, 39, 40, 41, 
      42, 43, 44, 45, 46, 47, 48, 49, 50, 51 ], 
  [ 2, 13, 14, 15, 16, 17, 18, 19, 20, 21, 22, 23, 24, 25, 26, 27, 28, 29, 
      30, 31, 32, 33, 34, 35, 36, 37, 38, 39, 40, 41, 42, 43, 44, 45, 46, 
      47, 51 ], 
  [ 2, 13, 14, 15, 16, 17, 18, 19, 20, 21, 22, 23, 24, 25, 26, 27, 28, 29, 
      30, 31, 32, 33, 34, 35, 36, 37, 38, 39, 40, 41, 45, 46, 47, 48, 51 ], 
  [ 1, 2, 3, 4, 5, 6, 7, 8, 9, 10, 11, 12, 13, 14, 15, 16, 17, 18, 19, 20, 
      21, 22, 23, 24, 25, 26, 27, 28, 29, 30, 31, 32, 33, 34, 35, 36, 37, 
      38, 39, 40, 41, 45, 46, 47, 48 ], 
  [ 5, 13, 17, 18, 23, 24, 27, 28, 30, 31, 34, 37, 39, 40, 43, 44, 45, 46, 
      47, 48, 50, 51 ], 
  [ 4, 5, 9, 13, 16, 19, 20, 23, 24, 25, 26, 29, 30, 31, 39, 41, 42, 44, 45, 
      46, 47, 48, 49, 51 ], 
  [ 2, 5, 9, 13, 16, 18, 19, 20, 21, 22, 23, 24, 25, 26, 27, 30, 31, 34, 35, 
      36, 37, 38, 39, 41, 44, 45, 46, 47, 48, 51 ], 
  [ 5, 13, 16, 17, 19, 20, 23, 24, 29, 30, 31, 39, 40, 41, 42, 44, 45, 46, 
      47, 48, 49, 51 ], 
  [ 1, 3, 4, 5, 9, 10, 11, 12, 13, 16, 20, 23, 24, 25, 26, 29, 30, 31, 32, 
      33, 34, 38, 39, 40, 41, 42, 44, 45, 46, 47, 48, 49, 51 ], 
  [ 2, 5, 9, 13, 18, 19, 20, 21, 22, 23, 24, 25, 26, 27, 28, 29, 30, 31, 35, 
      36, 37, 38, 39, 41, 42, 43, 44, 45, 46, 47, 48, 49, 50, 51 ], 
  [ 1, 2, 3, 4, 5, 6, 7, 8, 9, 10, 11, 12, 13, 14, 15, 16, 17, 18, 19, 20, 
      21, 22, 23, 24, 25, 27, 30, 31, 32, 33, 34, 35, 36, 37, 38, 39, 40, 
      41, 42, 43, 44, 45, 46, 47, 48, 49, 50, 51 ], 
  [ 3, 4, 5, 6, 7, 8, 9, 13, 14, 15, 16, 17, 18, 19, 23, 24, 25, 26, 27, 28, 
      30, 31, 34, 37, 39, 43, 44, 45, 46, 47, 48, 50, 51 ], 
  [ 5, 13, 23, 24, 26, 28, 29, 30, 31, 34, 37, 38, 39, 40, 41, 43, 44, 45, 
      46, 47, 48, 50, 51 ], 
  [ 5, 7, 8, 16, 17, 19, 23, 24, 26, 27, 28, 29, 30, 31, 34, 35, 36, 37, 39, 
      40, 41, 44, 45, 46, 47, 48, 50, 51 ], 
  [ 5, 8, 13, 15, 16, 17, 19, 21, 23, 24, 26, 28, 29, 30, 31, 34, 35, 37, 
      39, 40, 41, 44, 45, 47, 48, 51 ], 
  [ 5, 13, 16, 19, 20, 21, 22, 23, 24, 26, 29, 30, 41, 44, 45, 46, 47, 48, 
      49, 51 ], 
  [ 5, 9, 13, 16, 18, 19, 20, 21, 22, 24, 26, 29, 30, 39, 41, 44, 45, 46, 
      47, 48, 49, 51 ], 
  [ 4, 5, 7, 8, 9, 16, 19, 20, 23, 24, 25, 26, 27, 29, 30, 31, 35, 36, 39, 
      41, 42, 44, 45, 46, 47, 48, 49, 50, 51 ], 
  [ 4, 5, 8, 9, 13, 15, 16, 19, 20, 21, 23, 24, 25, 26, 29, 30, 31, 35, 39, 
      41, 42, 44, 45, 47, 48, 49, 51 ], 
  [ 5, 9, 13, 16, 18, 19, 20, 22, 23, 24, 25, 26, 27, 29, 30, 31, 36, 39, 
      41, 44, 46, 47, 48, 51 ], 
  [ 5, 9, 13, 16, 18, 19, 20, 23, 24, 25, 26, 27, 29, 30, 31, 39, 42, 44, 
      45, 46, 47, 48, 49, 51 ], 
  [ 2, 5, 8, 9, 12, 13, 15, 16, 17, 18, 19, 20, 21, 22, 23, 24, 25, 26, 27, 
      28, 29, 30, 31, 33, 34, 35, 36, 37, 38, 39, 40, 41, 44, 47, 48, 51 ], 
  [ 5, 13, 16, 17, 19, 20, 21, 22, 23, 24, 29, 30, 40, 41, 44, 45, 46, 47, 
      48, 49, 51 ], 
  [ 5, 11, 12, 13, 16, 20, 21, 22, 23, 24, 26, 29, 30, 34, 38, 40, 41, 44, 
      45, 46, 47, 48, 49, 51 ], 
  [ 2, 5, 7, 8, 11, 12, 16, 17, 19, 20, 21, 22, 23, 24, 26, 27, 28, 29, 30, 
      34, 35, 36, 37, 38, 40, 41, 44, 45, 46, 47, 48, 49, 50, 51 ], 
  [ 2, 5, 13, 16, 17, 18, 19, 20, 21, 22, 23, 24, 26, 27, 28, 29, 30, 44, 
      45, 46, 47, 48, 49, 51 ], 
  [ 2, 5, 17, 18, 24, 27, 28, 31, 34, 35, 36, 37, 38, 39, 40, 44, 45, 46, 
      47, 48, 50, 51 ], 
  [ 2, 5, 11, 12, 13, 17, 18, 21, 22, 23, 24, 27, 28, 30, 34, 37, 38, 40, 
      43, 44, 45, 46, 47, 48, 49, 50, 51 ], 
  [ 5, 13, 18, 23, 24, 27, 28, 30, 31, 34, 37, 38, 39, 40, 43, 44, 45, 46, 
      47, 48, 50, 51 ], 
  [ 1, 2, 3, 5, 6, 8, 9, 10, 11, 12, 13, 15, 17, 18, 21, 23, 24, 25, 27, 28, 
      30, 31, 32, 33, 34, 35, 37, 38, 39, 40, 42, 43, 44, 45, 47, 48, 49, 
      50, 51 ], 
  [ 5, 8, 13, 15, 16, 17, 19, 20, 21, 23, 24, 29, 30, 31, 35, 39, 40, 41, 
      42, 44, 45, 47, 48, 49, 51 ], 
  [ 2, 5, 8, 9, 13, 15, 16, 17, 18, 19, 20, 21, 23, 24, 25, 26, 27, 28, 29, 
      30, 31, 35, 39, 42, 44, 45, 47, 48, 49, 51 ], 
  [ 5, 9, 11, 12, 13, 16, 18, 20, 21, 22, 24, 26, 29, 30, 34, 38, 39, 40, 
      41, 44, 45, 46, 47, 48, 49, 51 ], 
  [ 1, 3, 4, 5, 8, 9, 10, 11, 12, 13, 15, 16, 20, 21, 23, 24, 25, 26, 29, 
      30, 31, 32, 33, 34, 35, 38, 39, 40, 41, 42, 44, 45, 47, 48, 49, 51 ], 
  [ 2, 5, 7, 8, 9, 16, 17, 18, 19, 20, 24, 26, 27, 28, 29, 31, 35, 36, 39, 
      42, 44, 45, 46, 47, 48, 49, 50, 51 ], 
  [ 1, 3, 4, 5, 7, 8, 9, 10, 11, 12, 16, 20, 23, 24, 25, 26, 27, 29, 30, 31, 
      32, 33, 34, 35, 36, 38, 39, 40, 41, 42, 44, 45, 46, 47, 48, 49, 50, 51 
     ], [ 5, 9, 12, 13, 16, 18, 20, 22, 23, 24, 25, 26, 27, 29, 30, 31, 33, 
      34, 36, 38, 39, 40, 41, 44, 46, 47, 48, 51 ], 
  [ 5, 11, 12, 13, 21, 22, 23, 24, 26, 28, 29, 30, 34, 37, 38, 40, 41, 43, 
      44, 45, 46, 47, 48, 49, 50, 51 ], 
  [ 4, 5, 9, 13, 16, 19, 20, 22, 23, 24, 25, 26, 29, 30, 41, 44, 46, 47, 48, 
      49, 51 ], 
  [ 4, 13, 14, 15, 16, 19, 20, 21, 22, 23, 24, 25, 26, 29, 30, 41, 42, 43, 
      44, 45, 46, 47, 49, 51 ], 
  [ 4, 13, 14, 15, 16, 19, 20, 21, 22, 23, 24, 25, 26, 29, 30, 41, 45, 46, 
      47, 48, 49, 51 ], 
  [ 4, 5, 13, 16, 19, 20, 21, 22, 23, 24, 26, 29, 30, 41, 44, 45, 46, 47, 49 
     ], [ 4, 5, 13, 16, 19, 20, 21, 22, 23, 24, 26, 29, 30, 41, 45, 46, 47, 
      48, 49 ], 
  [ 4, 5, 8, 9, 12, 13, 15, 16, 19, 20, 21, 22, 23, 24, 25, 26, 29, 30, 41, 
      44, 47, 48, 49, 51 ], 
  [ 4, 5, 9, 13, 16, 19, 20, 21, 22, 23, 24, 25, 26, 30, 41, 44, 45, 46, 47, 
      48, 49, 51 ], 
  [ 3, 4, 5, 6, 7, 8, 10, 11, 12, 13, 14, 15, 16, 17, 19, 20, 21, 22, 23, 
      24, 29, 30, 40, 41, 42, 43, 44, 45, 46, 47, 49 ], 
  [ 4, 5, 9, 13, 16, 19, 20, 21, 22, 24, 26, 29, 30, 41, 44, 45, 46, 47, 49 ]
    , [ 4, 5, 11, 12, 13, 16, 20, 21, 22, 23, 24, 26, 29, 30, 41, 44, 45, 
      46, 47, 49 ], 
  [ 4, 5, 7, 8, 11, 12, 16, 19, 20, 21, 22, 23, 24, 26, 29, 30, 41, 44, 45, 
      46, 47, 49 ], 
  [ 4, 5, 7, 11, 13, 14, 16, 19, 20, 21, 22, 23, 24, 26, 29, 30, 41, 42, 43, 
      44, 45, 46, 49 ], 
  [ 3, 4, 5, 6, 7, 8, 10, 11, 12, 13, 14, 15, 16, 17, 19, 20, 21, 22, 23, 
      24, 29, 30, 40, 41, 45, 46, 47, 48, 49 ], 
  [ 4, 5, 11, 12, 13, 16, 20, 21, 22, 23, 24, 26, 29, 30, 41, 45, 46, 47, 
      48, 49 ], 
  [ 4, 5, 7, 8, 11, 12, 16, 19, 20, 21, 22, 23, 24, 26, 29, 30, 41, 45, 46, 
      47, 48, 49 ], 
  [ 4, 5, 7, 11, 13, 14, 16, 19, 20, 21, 22, 23, 24, 26, 29, 30, 41, 45, 46, 
      48, 49 ], 
  [ 3, 4, 5, 6, 7, 8, 9, 10, 11, 12, 13, 14, 15, 16, 17, 18, 19, 20, 21, 22, 
      24, 29, 30, 39, 40, 41, 42, 43, 44, 45, 46, 47, 49 ], 
  [ 4, 5, 9, 11, 12, 13, 16, 20, 21, 22, 24, 26, 29, 30, 41, 44, 45, 46, 47, 
      49 ], [ 4, 5, 7, 8, 9, 11, 12, 16, 19, 20, 21, 22, 24, 26, 29, 30, 41, 
      44, 45, 46, 47, 49 ], 
  [ 4, 9, 13, 14, 15, 16, 18, 19, 20, 21, 22, 24, 25, 26, 29, 30, 39, 41, 
      42, 43, 44, 45, 46, 47, 49, 51 ], 
  [ 4, 5, 7, 9, 11, 13, 14, 16, 18, 19, 20, 21, 22, 24, 26, 29, 30, 39, 41, 
      42, 43, 44, 45, 46, 49 ], 
  [ 4, 5, 9, 12, 13, 16, 20, 22, 23, 24, 25, 26, 29, 30, 41, 44, 46, 47, 48, 
      49, 51 ], 
  [ 1, 3, 4, 5, 7, 9, 10, 11, 12, 13, 14, 16, 18, 20, 22, 23, 24, 25, 26, 
      27, 29, 30, 31, 32, 33, 34, 36, 38, 39, 40, 41, 42, 43, 44, 46, 48, 
      49, 50, 51 ], 
  [ 1, 3, 4, 10, 11, 12, 13, 14, 15, 16, 20, 21, 22, 23, 24, 25, 26, 29, 30, 
      32, 33, 34, 38, 40, 41, 42, 43, 44, 45, 46, 47, 49, 51 ], 
  [ 1, 4, 5, 9, 11, 12, 13, 16, 20, 21, 22, 23, 24, 25, 26, 30, 34, 38, 41, 
      44, 45, 46, 47, 48, 49, 51 ], 
  [ 1, 3, 4, 10, 11, 12, 13, 14, 15, 16, 20, 21, 22, 23, 24, 25, 26, 29, 30, 
      32, 33, 34, 38, 40, 41, 45, 46, 47, 48, 49, 51 ], 
  [ 1, 3, 4, 9, 10, 11, 12, 13, 14, 15, 16, 18, 20, 21, 22, 24, 25, 26, 29, 
      30, 32, 33, 34, 38, 39, 40, 41, 42, 43, 44, 45, 46, 47, 49, 51 ], 
  [ 13, 14, 15, 16, 17, 19, 20, 21, 22, 23, 24, 29, 30, 40, 41, 42, 43, 44, 
      45, 46, 47, 49, 51 ], 
  [ 13, 14, 15, 16, 17, 19, 20, 21, 22, 23, 24, 29, 30, 40, 41, 45, 46, 47, 
      48, 49, 51 ], 
  [ 5, 8, 12, 13, 15, 16, 17, 19, 20, 21, 22, 23, 24, 29, 30, 40, 41, 44, 
      47, 48, 49, 51 ], 
  [ 4, 5, 9, 13, 19, 22, 23, 24, 25, 26, 29, 30, 41, 43, 44, 46, 47, 48, 49, 
      50, 51 ], 
  [ 3, 4, 5, 6, 7, 8, 9, 12, 13, 14, 15, 16, 17, 18, 19, 22, 23, 24, 25, 26, 
      27, 28, 29, 30, 43, 44, 46, 47, 48, 49, 50, 51 ], 
  [ 4, 5, 9, 13, 16, 19, 20, 22, 23, 24, 25, 26, 29, 31, 36, 41, 44, 46, 47, 
      48, 51 ], 
  [ 4, 5, 7, 8, 9, 12, 16, 19, 20, 22, 23, 24, 25, 26, 27, 29, 30, 36, 41, 
      44, 46, 47, 48, 49, 50, 51 ], 
  [ 4, 5, 7, 9, 13, 14, 16, 18, 19, 20, 22, 23, 24, 25, 26, 27, 29, 30, 31, 
      36, 39, 41, 42, 43, 44, 46, 48, 49, 50, 51 ], 
  [ 4, 5, 7, 11, 13, 14, 16, 20, 23, 24, 26, 29, 30, 31, 32, 39, 41, 42, 45, 
      46, 48, 49 ], 
  [ 4, 5, 7, 11, 13, 14, 16, 19, 20, 21, 23, 24, 26, 29, 30, 31, 32, 35, 39, 
      41, 42, 45, 48, 49 ], 
  [ 4, 5, 9, 12, 13, 22, 23, 24, 25, 26, 29, 30, 41, 43, 44, 46, 47, 48, 49, 
      50, 51 ], 
  [ 5, 9, 12, 13, 20, 22, 23, 24, 25, 26, 29, 30, 38, 41, 44, 46, 47, 48, 
      49, 51 ], 
  [ 5, 9, 10, 12, 13, 18, 20, 22, 23, 24, 25, 27, 29, 30, 31, 33, 36, 38, 
      39, 40, 41, 42, 43, 44, 46, 47, 48, 49, 50, 51 ], 
  [ 5, 9, 12, 13, 22, 23, 24, 25, 26, 29, 30, 38, 41, 43, 44, 46, 47, 48, 
      49, 50, 51 ], 
  [ 5, 9, 12, 20, 22, 23, 24, 25, 26, 27, 29, 30, 36, 38, 41, 44, 46, 47, 
      48, 49, 50, 51 ], 
  [ 5, 9, 12, 13, 20, 21, 22, 23, 24, 25, 26, 29, 30, 38, 41, 44, 47, 48, 
      49, 51 ], 
  [ 5, 9, 12, 13, 21, 22, 23, 24, 25, 26, 28, 29, 30, 37, 38, 41, 43, 44, 
      47, 48, 49, 50, 51 ], 
  [ 2, 5, 8, 9, 12, 19, 20, 21, 22, 23, 24, 25, 26, 27, 28, 29, 30, 35, 36, 
      37, 38, 41, 44, 47, 48, 49, 50, 51 ], 
  [ 13, 14, 15, 16, 17, 19, 20, 21, 23, 24, 29, 30, 31, 32, 35, 39, 40, 41, 
      42, 45, 48, 49, 51 ], 
  [ 13, 14, 15, 16, 17, 19, 20, 23, 24, 29, 30, 31, 39, 40, 41, 42, 45, 46, 
      47, 48, 49, 51 ], 
  [ 2, 13, 14, 15, 16, 17, 18, 19, 20, 21, 22, 23, 24, 25, 26, 27, 28, 29, 
      30, 45, 46, 47, 48, 49, 51 ], 
  [ 13, 14, 15, 16, 17, 18, 19, 20, 21, 22, 24, 29, 30, 39, 40, 41, 45, 46, 
      47, 48, 49, 51 ], 
  [ 1, 2, 3, 4, 6, 7, 8, 9, 10, 11, 12, 14, 15, 16, 17, 18, 19, 20, 21, 22, 
      24, 25, 26, 27, 28, 29, 30, 32, 33, 34, 35, 36, 37, 38, 39, 40, 41, 
      42, 43, 44, 45, 46, 47, 49, 50, 51 ], 
  [ 4, 6, 9, 13, 14, 15, 18, 19, 21, 22, 24, 25, 26, 28, 29, 30, 37, 39, 41, 
      43, 45, 46, 47, 48, 49, 50, 51 ], 
  [ 4, 5, 9, 13, 19, 21, 22, 23, 24, 25, 26, 30, 37, 41, 43, 44, 45, 46, 47, 
      48, 49, 50, 51 ], 
  [ 4, 5, 6, 8, 9, 12, 13, 15, 19, 21, 22, 23, 24, 25, 26, 28, 29, 30, 37, 
      41, 43, 44, 47, 48, 49, 50, 51 ], 
  [ 1, 2, 4, 5, 9, 13, 16, 19, 20, 21, 22, 23, 24, 25, 26, 31, 34, 35, 36, 
      37, 38, 41, 44, 45, 46, 47, 48, 51 ], 
  [ 5, 9, 12, 13, 18, 22, 23, 24, 25, 26, 27, 28, 29, 30, 38, 43, 44, 46, 
      47, 48, 49, 50, 51 ], 
  [ 3, 5, 6, 7, 8, 9, 11, 12, 17, 18, 24, 27, 28, 30, 34, 37, 39, 40, 43, 
      44, 45, 46, 47, 50 ], 
  [ 5, 8, 9, 12, 13, 15, 16, 17, 18, 19, 20, 21, 22, 24, 29, 30, 39, 40, 41, 
      44, 47, 48, 49, 51 ], 
  [ 5, 9, 11, 12, 18, 24, 27, 28, 30, 34, 37, 38, 39, 40, 43, 44, 45, 46, 
      47, 50 ], 
  [ 5, 9, 11, 18, 24, 26, 27, 28, 30, 34, 37, 38, 39, 43, 44, 45, 46, 50 ], 
  [ 5, 7, 9, 11, 12, 18, 22, 24, 26, 27, 28, 29, 30, 34, 36, 37, 38, 39, 40, 
      41, 43, 44, 46, 50 ], 
  [ 5, 7, 9, 11, 18, 24, 26, 27, 28, 30, 34, 37, 39, 43, 44, 45, 46, 50 ], 
  [ 2, 5, 7, 9, 11, 18, 19, 20, 21, 22, 24, 26, 27, 28, 29, 30, 35, 36, 37, 
      38, 39, 41, 42, 43, 44, 45, 46, 49, 50 ], 
  [ 3, 5, 7, 9, 11, 18, 24, 26, 27, 28, 30, 34, 39, 43, 44, 45, 46, 50 ], 
  [ 3, 5, 7, 9, 11, 18, 24, 26, 27, 28, 29, 30, 39, 42, 43, 44, 45, 46, 49, 
      50 ], [ 1, 3, 5, 7, 9, 11, 18, 24, 26, 27, 28, 31, 32, 34, 39, 42, 43, 
      44, 45, 46, 50 ], 
  [ 3, 5, 7, 9, 11, 12, 18, 24, 26, 27, 28, 29, 30, 34, 39, 40, 43, 44, 46, 
      50 ], [ 1, 3, 5, 7, 9, 10, 11, 12, 18, 24, 26, 27, 28, 29, 31, 32, 33, 
      34, 36, 38, 39, 40, 42, 43, 44, 46, 50 ], 
  [ 3, 5, 7, 8, 9, 11, 24, 26, 27, 28, 29, 30, 39, 42, 44, 45, 49, 50 ], 
  [ 5, 7, 8, 9, 11, 24, 26, 27, 28, 29, 30, 35, 39, 42, 44, 45, 49, 50 ], 
  [ 5, 7, 8, 9, 19, 24, 26, 27, 28, 29, 30, 35, 39, 42, 44, 45, 49, 50 ], 
  [ 1, 2, 4, 5, 7, 8, 9, 11, 12, 16, 19, 20, 21, 22, 23, 24, 25, 26, 27, 30, 
      34, 35, 36, 37, 38, 41, 44, 45, 46, 47, 48, 49, 50, 51 ], 
  [ 4, 5, 7, 8, 11, 16, 19, 20, 21, 23, 24, 26, 29, 30, 35, 41, 42, 44, 45, 
      49 ], 
  [ 5, 7, 8, 11, 16, 17, 19, 20, 21, 23, 24, 29, 30, 35, 40, 41, 42, 44, 45, 
      49 ], [ 3, 4, 5, 6, 7, 8, 10, 11, 13, 14, 15, 16, 17, 19, 20, 21, 23, 
      24, 29, 30, 31, 32, 35, 39, 40, 41, 42, 45, 48, 49 ], 
  [ 2, 5, 7, 8, 11, 16, 17, 19, 20, 21, 23, 24, 26, 27, 28, 29, 30, 35, 42, 
      44, 45, 49 ], 
  [ 4, 5, 7, 8, 11, 16, 19, 20, 21, 23, 24, 26, 29, 30, 35, 41, 45, 48, 49 ],
  [ 1, 2, 4, 5, 7, 8, 9, 11, 16, 19, 20, 21, 23, 24, 25, 26, 27, 30, 35, 42, 
      44, 45, 49 ], 
  [ 4, 5, 7, 8, 9, 11, 16, 19, 20, 21, 24, 26, 29, 30, 35, 39, 41, 42, 44, 
      45, 49 ], 
  [ 5, 7, 8, 11, 16, 17, 20, 23, 24, 27, 29, 30, 35, 40, 42, 44, 45, 49 ], 
  [ 5, 7, 8, 11, 16, 17, 19, 20, 21, 24, 29, 30, 35, 39, 40, 41, 42, 44, 45, 
      49 ], 
  [ 5, 7, 8, 11, 16, 17, 20, 24, 27, 29, 30, 35, 39, 40, 42, 44, 45, 49 ], 
  [ 3, 4, 5, 7, 10, 11, 13, 14, 16, 20, 23, 24, 29, 30, 31, 32, 39, 40, 41, 
      42, 45, 46, 48, 49 ], 
  [ 5, 10, 11, 12, 13, 20, 21, 22, 23, 24, 29, 30, 38, 40, 41, 42, 43, 44, 
      45, 46, 47, 49 ], 
  [ 5, 10, 11, 12, 13, 20, 21, 22, 23, 24, 29, 30, 38, 40, 41, 45, 46, 47, 
      48, 49 ], 
  [ 5, 9, 10, 11, 12, 13, 18, 20, 21, 22, 24, 29, 30, 38, 39, 40, 41, 42, 
      43, 44, 45, 46, 47, 49 ], 
  [ 5, 9, 10, 11, 12, 13, 18, 21, 24, 28, 29, 30, 38, 39, 40, 42, 43, 44, 
      45, 47, 49 ], 
  [ 5, 9, 11, 13, 18, 21, 24, 26, 28, 29, 30, 38, 39, 42, 43, 44, 45, 49 ] ];
