return [ [ 7, 8, 19, 25, 26, 28, 29, 31, 32, 33, 34, 35, 38, 39, 40, 41, 42 ],
  [ 7, 8, 16, 19, 25, 26, 28, 29, 31, 32, 33, 34, 35, 38, 39, 41, 42 ], 
  [ 7, 8, 19, 24, 25, 26, 28, 29, 31, 32, 33, 34, 35, 39, 40, 41, 42 ], 
  [ 7, 8, 16, 19, 24, 25, 26, 28, 29, 31, 32, 33, 34, 35, 39, 41, 42 ], 
  [ 1, 2, 7, 8, 18, 20, 21, 22, 27, 29, 30, 35, 36, 37, 38, 41, 42 ], 
  [ 1, 2, 7, 8, 18, 20, 21, 22, 24, 27, 29, 30, 35, 36, 37, 41, 42 ], 
  [ 1, 2, 7, 8, 18, 20, 21, 22, 23, 24, 27, 29, 30, 35, 36, 41, 42 ], 
  [ 1, 2, 7, 8, 16, 18, 20, 21, 22, 23, 24, 27, 29, 35, 36, 41, 42 ], 
  [ 3, 4, 7, 9, 13, 19, 25, 26, 28, 29, 31, 32, 33, 38, 39, 40, 41 ], 
  [ 3, 4, 7, 9, 13, 19, 25, 26, 28, 29, 30, 33, 36, 38, 39, 40, 41 ], 
  [ 3, 4, 7, 9, 13, 16, 19, 25, 26, 28, 29, 31, 32, 33, 38, 39, 41 ], 
  [ 3, 4, 7, 9, 13, 19, 24, 25, 26, 28, 29, 31, 32, 33, 39, 40, 41 ], 
  [ 3, 4, 7, 9, 13, 19, 24, 25, 26, 28, 29, 30, 33, 36, 39, 40, 41 ], 
  [ 3, 4, 7, 9, 13, 16, 19, 24, 25, 26, 28, 29, 31, 32, 33, 39, 41 ], 
  [ 3, 4, 7, 9, 13, 19, 23, 24, 25, 26, 28, 29, 30, 33, 36, 40, 41 ], 
  [ 3, 4, 5, 7, 9, 13, 19, 24, 25, 26, 28, 29, 31, 32, 33, 40, 41 ], 
  [ 3, 4, 5, 7, 9, 13, 19, 23, 24, 25, 26, 28, 29, 30, 33, 40, 41 ], 
  [ 3, 4, 5, 7, 9, 13, 19, 23, 24, 25, 26, 28, 29, 32, 33, 40, 41 ], 
  [ 3, 7, 8, 9, 13, 24, 27, 28, 29, 31, 32, 33, 35, 37, 39, 40, 41 ], 
  [ 3, 7, 8, 9, 13, 14, 19, 24, 26, 28, 29, 30, 35, 36, 39, 40, 41 ], 
  [ 3, 7, 8, 9, 13, 14, 19, 23, 24, 26, 28, 29, 30, 35, 36, 40, 41 ], 
  [ 3, 5, 7, 8, 9, 13, 24, 27, 28, 29, 31, 32, 33, 35, 37, 40, 41 ], 
  [ 3, 5, 7, 8, 9, 13, 14, 19, 23, 24, 26, 28, 29, 30, 35, 40, 41 ], 
  [ 3, 5, 7, 8, 9, 13, 14, 19, 23, 24, 26, 28, 29, 32, 35, 40, 41 ], 
  [ 7, 8, 13, 19, 21, 23, 24, 25, 26, 29, 30, 33, 35, 36, 39, 40, 41, 42 ], 
  [ 1, 2, 7, 8, 16, 18, 20, 21, 22, 23, 24, 27, 29, 31, 32, 35, 41, 42 ], 
  [ 3, 7, 8, 16, 19, 25, 26, 28, 29, 31, 32, 33, 35, 38, 39, 40, 41, 42 ], 
  [ 3, 7, 8, 16, 19, 24, 25, 26, 28, 29, 31, 32, 33, 35, 39, 40, 41, 42 ], 
  [ 3, 7, 8, 9, 13, 19, 25, 26, 28, 29, 31, 32, 33, 35, 38, 39, 40, 41 ], 
  [ 3, 7, 8, 9, 13, 19, 25, 26, 28, 29, 30, 33, 35, 36, 38, 39, 40, 41 ], 
  [ 3, 7, 8, 9, 13, 16, 19, 25, 26, 28, 29, 31, 32, 33, 35, 38, 39, 41 ], 
  [ 3, 7, 8, 9, 13, 19, 24, 25, 26, 28, 29, 31, 32, 33, 35, 39, 40, 41 ], 
  [ 3, 7, 8, 9, 13, 19, 24, 25, 26, 28, 29, 30, 33, 35, 36, 39, 40, 41 ], 
  [ 3, 7, 8, 9, 13, 16, 19, 24, 25, 26, 28, 29, 31, 32, 33, 35, 39, 41 ], 
  [ 3, 7, 8, 9, 13, 19, 23, 24, 25, 26, 28, 29, 30, 33, 35, 36, 40, 41 ], 
  [ 3, 5, 7, 8, 9, 13, 19, 24, 28, 29, 31, 32, 33, 35, 37, 39, 40, 41 ], 
  [ 3, 5, 7, 8, 9, 13, 19, 24, 25, 26, 28, 29, 31, 32, 33, 35, 40, 41 ], 
  [ 3, 5, 7, 8, 9, 13, 19, 23, 24, 25, 26, 28, 29, 30, 33, 35, 40, 41 ], 
  [ 3, 5, 7, 8, 9, 13, 19, 23, 24, 25, 26, 28, 29, 32, 33, 35, 40, 41 ], 
  [ 1, 2, 7, 8, 11, 18, 20, 21, 22, 23, 27, 29, 30, 35, 36, 38, 41, 42 ], 
  [ 1, 2, 7, 8, 11, 16, 18, 20, 21, 22, 23, 27, 29, 35, 36, 38, 41, 42 ], 
  [ 3, 4, 7, 9, 11, 13, 19, 23, 25, 26, 28, 29, 30, 33, 36, 38, 40, 41 ], 
  [ 3, 4, 5, 7, 9, 11, 13, 19, 23, 25, 26, 28, 29, 30, 33, 38, 40, 41 ], 
  [ 3, 4, 5, 7, 9, 11, 13, 19, 23, 25, 26, 28, 29, 32, 33, 38, 40, 41 ], 
  [ 3, 7, 8, 9, 11, 13, 14, 19, 23, 26, 28, 29, 30, 35, 36, 38, 40, 41 ], 
  [ 3, 5, 7, 8, 9, 11, 13, 14, 19, 23, 26, 28, 29, 30, 35, 38, 40, 41 ], 
  [ 3, 5, 7, 8, 9, 11, 13, 14, 19, 23, 26, 28, 29, 32, 35, 38, 40, 41 ], 
  [ 3, 7, 8, 13, 16, 19, 21, 23, 24, 25, 26, 29, 33, 35, 36, 39, 40, 41, 42 ],
  [ 3, 4, 7, 9, 13, 20, 21, 23, 24, 25, 26, 27, 28, 29, 30, 33, 36, 40, 41 ], 
  [ 3, 4, 5, 7, 9, 13, 20, 21, 23, 24, 25, 26, 27, 28, 29, 30, 33, 40, 41 ], 
  [ 7, 8, 11, 13, 19, 21, 23, 25, 26, 29, 30, 33, 35, 36, 38, 39, 40, 41, 42 ]
    , [ 1, 2, 7, 8, 11, 16, 18, 20, 21, 22, 23, 27, 29, 31, 32, 35, 38, 41, 
      42 ], [ 3, 7, 8, 9, 11, 13, 19, 23, 25, 26, 28, 29, 30, 33, 35, 36, 38, 
      40, 41 ], 
  [ 3, 5, 7, 8, 9, 11, 13, 19, 23, 25, 26, 28, 29, 30, 33, 35, 38, 40, 41 ], 
  [ 3, 5, 7, 8, 9, 11, 13, 19, 23, 25, 26, 28, 29, 32, 33, 35, 38, 40, 41 ], 
  [ 1, 2, 4, 7, 15, 16, 18, 20, 21, 22, 23, 24, 27, 29, 33, 34, 35, 36, 41, 
      42 ], 
  [ 3, 7, 8, 13, 16, 19, 21, 23, 24, 25, 26, 29, 31, 32, 33, 35, 39, 40, 41, 
      42 ], [ 3, 4, 7, 9, 13, 16, 19, 23, 24, 25, 26, 28, 29, 32, 33, 36, 39, 
      40, 41, 42 ], 
  [ 3, 4, 5, 7, 9, 15, 19, 20, 25, 26, 28, 29, 31, 32, 33, 34, 35, 38, 40, 41 
     ], [ 3, 4, 5, 7, 9, 15, 19, 20, 24, 25, 26, 28, 29, 31, 32, 33, 34, 35, 
      40, 41 ], 
  [ 3, 4, 5, 7, 9, 13, 14, 15, 19, 23, 24, 26, 28, 29, 32, 33, 34, 35, 40, 41 
     ], [ 3, 4, 5, 7, 9, 15, 19, 20, 23, 24, 25, 26, 28, 29, 32, 33, 34, 35, 
      40, 41 ], 
  [ 3, 4, 5, 7, 9, 13, 20, 21, 23, 24, 25, 26, 27, 28, 29, 31, 32, 33, 40, 41 
     ], [ 3, 7, 8, 9, 13, 14, 16, 19, 23, 24, 26, 28, 29, 32, 35, 36, 39, 40, 
      41, 42 ], 
  [ 3, 7, 8, 9, 13, 20, 21, 23, 24, 25, 26, 27, 28, 29, 30, 33, 35, 36, 40, 
      41 ], [ 3, 5, 7, 8, 9, 13, 20, 21, 23, 24, 25, 26, 27, 28, 29, 30, 33, 
      35, 40, 41 ], 
  [ 1, 2, 4, 7, 9, 10, 14, 16, 20, 22, 23, 24, 27, 28, 29, 32, 34, 36, 41, 42 
     ], [ 1, 2, 4, 5, 7, 9, 10, 15, 18, 20, 24, 27, 29, 31, 32, 33, 34, 35, 
      37, 41 ], 
  [ 3, 7, 8, 11, 13, 16, 19, 21, 23, 25, 26, 29, 33, 35, 36, 38, 39, 40, 41, 
      42 ], [ 3, 4, 7, 9, 11, 13, 20, 21, 23, 25, 26, 27, 28, 29, 30, 33, 36, 
      38, 40, 41 ], 
  [ 3, 4, 5, 7, 9, 11, 13, 20, 21, 23, 25, 26, 27, 28, 29, 30, 33, 38, 40, 41 
     ], [ 1, 2, 4, 7, 15, 16, 18, 20, 21, 22, 23, 24, 27, 29, 31, 32, 33, 34, 
      35, 41, 42 ], 
  [ 3, 4, 5, 7, 9, 13, 14, 15, 19, 23, 24, 26, 28, 29, 30, 33, 34, 35, 36, 
      40, 41 ], 
  [ 3, 4, 5, 7, 9, 15, 19, 20, 23, 24, 25, 26, 28, 29, 30, 33, 34, 35, 36, 
      40, 41 ], 
  [ 3, 4, 5, 7, 9, 13, 15, 19, 20, 21, 23, 24, 25, 26, 29, 31, 32, 33, 35, 
      40, 41 ], 
  [ 3, 4, 5, 7, 9, 13, 15, 19, 20, 21, 23, 24, 25, 26, 29, 30, 33, 35, 36, 
      40, 41 ], 
  [ 3, 7, 8, 9, 13, 16, 19, 23, 24, 25, 26, 28, 29, 32, 33, 35, 36, 39, 40, 
      41, 42 ], 
  [ 3, 5, 7, 8, 9, 13, 20, 21, 23, 24, 25, 26, 27, 28, 29, 31, 32, 33, 35, 
      40, 41 ], 
  [ 4, 7, 9, 10, 13, 14, 16, 19, 23, 24, 25, 26, 28, 29, 32, 33, 34, 36, 39, 
      41, 42 ], 
  [ 1, 2, 4, 7, 9, 10, 15, 16, 18, 20, 23, 24, 27, 29, 32, 33, 34, 35, 36, 
      41, 42 ], 
  [ 1, 2, 4, 7, 9, 10, 14, 15, 16, 18, 20, 22, 23, 24, 29, 32, 34, 35, 36, 
      41, 42 ], 
  [ 1, 2, 7, 8, 9, 10, 14, 16, 20, 22, 23, 24, 27, 28, 29, 32, 34, 35, 36, 
      41, 42 ], 
  [ 1, 2, 4, 7, 11, 15, 16, 18, 20, 21, 22, 23, 27, 29, 33, 34, 35, 36, 38, 
      41, 42 ], 
  [ 3, 7, 8, 11, 13, 16, 19, 21, 23, 25, 26, 29, 31, 32, 33, 35, 38, 39, 40, 
      41, 42 ], 
  [ 3, 4, 7, 9, 11, 13, 16, 19, 23, 25, 26, 28, 29, 32, 33, 36, 38, 39, 40, 
      41, 42 ], 
  [ 3, 4, 5, 7, 9, 11, 13, 14, 15, 19, 23, 26, 28, 29, 32, 33, 34, 35, 38, 
      40, 41 ], 
  [ 3, 4, 5, 7, 9, 11, 15, 19, 20, 23, 25, 26, 28, 29, 32, 33, 34, 35, 38, 
      40, 41 ], 
  [ 3, 4, 5, 7, 9, 11, 13, 20, 21, 23, 25, 26, 27, 28, 29, 31, 32, 33, 38, 
      40, 41 ], 
  [ 3, 7, 8, 9, 11, 13, 14, 16, 19, 23, 26, 28, 29, 32, 35, 36, 38, 39, 40, 
      41, 42 ], 
  [ 3, 7, 8, 9, 11, 13, 20, 21, 23, 25, 26, 27, 28, 29, 30, 33, 35, 36, 38, 
      40, 41 ], 
  [ 3, 5, 7, 8, 9, 11, 13, 20, 21, 23, 25, 26, 27, 28, 29, 30, 33, 35, 38, 
      40, 41 ], 
  [ 1, 2, 4, 7, 9, 10, 11, 14, 16, 20, 22, 23, 27, 28, 29, 32, 34, 36, 38, 
      41, 42 ], 
  [ 3, 4, 7, 9, 15, 16, 19, 20, 23, 24, 25, 26, 28, 29, 32, 33, 34, 35, 36, 
      40, 41, 42 ], 
  [ 4, 7, 9, 10, 13, 14, 19, 23, 24, 25, 26, 28, 29, 30, 32, 33, 34, 36, 39, 
      40, 41, 42 ], 
  [ 7, 8, 9, 10, 13, 14, 16, 19, 23, 24, 25, 26, 28, 29, 32, 33, 34, 35, 36, 
      39, 41, 42 ], 
  [ 1, 2, 4, 7, 11, 15, 16, 18, 20, 21, 22, 23, 27, 29, 31, 32, 33, 34, 35, 
      38, 41, 42 ], 
  [ 3, 4, 5, 7, 9, 11, 13, 14, 15, 19, 23, 26, 28, 29, 30, 33, 34, 35, 36, 
      38, 40, 41 ], 
  [ 3, 4, 5, 7, 9, 11, 15, 19, 20, 23, 25, 26, 28, 29, 30, 33, 34, 35, 36, 
      38, 40, 41 ], 
  [ 3, 4, 5, 7, 9, 11, 13, 15, 19, 20, 21, 23, 25, 26, 29, 31, 32, 33, 35, 
      38, 40, 41 ], 
  [ 3, 4, 5, 7, 9, 11, 13, 15, 19, 20, 21, 23, 25, 26, 29, 30, 33, 35, 36, 
      38, 40, 41 ], 
  [ 3, 7, 8, 9, 11, 13, 16, 19, 23, 25, 26, 28, 29, 32, 33, 35, 36, 38, 39, 
      40, 41, 42 ], 
  [ 3, 5, 7, 8, 9, 11, 13, 20, 21, 23, 25, 26, 27, 28, 29, 31, 32, 33, 35, 
      38, 40, 41 ], 
  [ 4, 7, 9, 10, 11, 13, 14, 16, 19, 23, 25, 26, 28, 29, 32, 33, 34, 36, 38, 
      39, 41, 42 ], 
  [ 1, 2, 4, 7, 9, 10, 11, 15, 16, 18, 20, 23, 27, 29, 32, 33, 34, 35, 36, 
      38, 41, 42 ], 
  [ 1, 2, 4, 7, 9, 10, 11, 14, 15, 16, 18, 20, 22, 23, 29, 32, 34, 35, 36, 
      38, 41, 42 ], 
  [ 1, 2, 7, 8, 9, 10, 11, 14, 16, 20, 22, 23, 27, 28, 29, 32, 34, 35, 36, 
      38, 41, 42 ], 
  [ 1, 2, 4, 5, 7, 15, 18, 20, 21, 22, 23, 24, 27, 29, 31, 32, 33, 34, 35, 
      37, 40, 41, 42 ], 
  [ 1, 2, 4, 5, 7, 15, 18, 20, 21, 22, 23, 24, 27, 29, 30, 33, 34, 35, 36, 
      37, 40, 41, 42 ], 
  [ 3, 4, 7, 9, 15, 16, 19, 20, 25, 26, 28, 29, 31, 32, 33, 34, 35, 36, 38, 
      39, 40, 41, 42 ], 
  [ 3, 4, 7, 9, 15, 16, 19, 20, 24, 25, 26, 28, 29, 31, 32, 33, 34, 35, 36, 
      39, 40, 41, 42 ], 
  [ 3, 4, 7, 9, 13, 14, 15, 16, 19, 23, 24, 26, 28, 29, 32, 33, 34, 35, 36, 
      39, 40, 41, 42 ], 
  [ 3, 4, 7, 9, 13, 16, 20, 21, 23, 24, 25, 26, 27, 28, 29, 31, 32, 33, 36, 
      39, 40, 41, 42 ], 
  [ 1, 2, 4, 7, 9, 10, 15, 16, 18, 20, 24, 27, 29, 31, 32, 33, 34, 35, 36, 
      37, 39, 41, 42 ], 
  [ 7, 8, 9, 10, 13, 14, 19, 23, 24, 25, 26, 28, 29, 30, 32, 33, 34, 35, 36, 
      39, 40, 41, 42 ], 
  [ 3, 4, 7, 9, 11, 15, 16, 19, 20, 23, 25, 26, 28, 29, 32, 33, 34, 35, 36, 
      38, 40, 41, 42 ], 
  [ 4, 7, 9, 10, 11, 13, 14, 19, 23, 25, 26, 28, 29, 30, 32, 33, 34, 36, 38, 
      39, 40, 41, 42 ], 
  [ 7, 8, 9, 10, 11, 13, 14, 16, 19, 23, 25, 26, 28, 29, 32, 33, 34, 35, 36, 
      38, 39, 41, 42 ], 
  [ 3, 4, 7, 9, 13, 15, 16, 19, 20, 21, 23, 24, 25, 26, 29, 31, 32, 33, 35, 
      36, 39, 40, 41, 42 ], 
  [ 3, 7, 8, 9, 13, 16, 20, 21, 23, 24, 25, 26, 27, 28, 29, 31, 32, 33, 35, 
      36, 39, 40, 41, 42 ], 
  [ 1, 2, 4, 5, 7, 9, 10, 15, 18, 20, 23, 24, 27, 29, 30, 32, 33, 34, 35, 36, 
      37, 40, 41, 42 ], 
  [ 1, 2, 4, 5, 7, 9, 10, 14, 15, 18, 20, 22, 23, 24, 29, 30, 32, 34, 35, 36, 
      37, 40, 41, 42 ], 
  [ 1, 2, 4, 5, 7, 11, 15, 18, 20, 21, 22, 23, 27, 29, 31, 32, 33, 34, 35, 
      37, 38, 40, 41, 42 ], 
  [ 1, 2, 4, 5, 7, 11, 15, 18, 20, 21, 22, 23, 27, 29, 30, 33, 34, 35, 36, 
      37, 38, 40, 41, 42 ], 
  [ 3, 4, 7, 9, 11, 13, 14, 15, 16, 19, 23, 26, 28, 29, 32, 33, 34, 35, 36, 
      38, 39, 40, 41, 42 ], 
  [ 3, 4, 7, 9, 11, 13, 16, 20, 21, 23, 25, 26, 27, 28, 29, 31, 32, 33, 36, 
      38, 39, 40, 41, 42 ], 
  [ 7, 8, 9, 10, 11, 13, 14, 19, 23, 25, 26, 28, 29, 30, 32, 33, 34, 35, 36, 
      38, 39, 40, 41, 42 ], 
  [ 3, 4, 7, 9, 11, 13, 15, 16, 19, 20, 21, 23, 25, 26, 29, 31, 32, 33, 35, 
      36, 38, 39, 40, 41, 42 ], 
  [ 3, 7, 8, 9, 11, 13, 16, 20, 21, 23, 25, 26, 27, 28, 29, 31, 32, 33, 35, 
      36, 38, 39, 40, 41, 42 ], 
  [ 1, 2, 4, 5, 7, 9, 10, 11, 15, 18, 20, 23, 27, 29, 30, 32, 33, 34, 35, 36, 
      37, 38, 40, 41, 42 ], 
  [ 1, 2, 4, 5, 7, 9, 10, 11, 14, 15, 18, 20, 22, 23, 29, 30, 32, 34, 35, 36, 
      37, 38, 40, 41, 42 ], 
  [ 1, 2, 3, 7, 8, 9, 11, 12, 13, 14, 20, 21, 22, 23, 24, 26, 27, 28, 29, 30, 
      35, 36, 37, 38, 40, 41 ], 
  [ 1, 2, 3, 5, 7, 8, 9, 11, 12, 13, 14, 20, 21, 22, 23, 24, 26, 27, 28, 29, 
      30, 35, 37, 38, 40, 41 ], 
  [ 1, 2, 3, 5, 7, 8, 9, 11, 12, 13, 14, 20, 21, 22, 23, 24, 26, 27, 28, 29, 
      31, 32, 35, 37, 38, 40, 41 ], 
  [ 2, 4, 7, 9, 10, 11, 12, 13, 14, 16, 20, 21, 22, 23, 24, 25, 26, 27, 28, 
      29, 31, 32, 33, 34, 36, 38, 39, 41, 42 ], 
  [ 1, 3, 4, 5, 6, 7, 8, 15, 16, 17, 18, 19, 20, 21, 22, 23, 24, 25, 26, 27, 
      28, 29, 31, 32, 33, 34, 35, 40, 41, 42 ], 
  [ 1, 3, 4, 5, 6, 7, 8, 15, 16, 17, 18, 19, 20, 21, 22, 23, 24, 25, 26, 27, 
      28, 29, 30, 33, 34, 35, 36, 40, 41, 42 ], 
  [ 1, 3, 4, 5, 6, 7, 8, 9, 10, 15, 16, 17, 18, 19, 20, 23, 24, 25, 27, 28, 
      29, 30, 32, 33, 34, 35, 36, 40, 41, 42 ], 
  [ 1, 2, 3, 4, 5, 7, 9, 11, 12, 13, 14, 15, 20, 21, 22, 23, 24, 26, 27, 28, 
      29, 31, 32, 33, 34, 35, 37, 38, 40, 41 ], 
  [ 1, 2, 3, 4, 5, 7, 9, 11, 12, 13, 14, 15, 20, 21, 22, 23, 24, 26, 27, 28, 
      29, 30, 33, 34, 35, 36, 37, 38, 40, 41 ], 
  [ 1, 2, 3, 7, 8, 9, 11, 12, 13, 14, 16, 20, 21, 22, 23, 24, 26, 27, 28, 29, 
      31, 32, 35, 36, 37, 38, 39, 40, 41, 42 ], 
  [ 2, 7, 8, 9, 10, 11, 12, 13, 14, 16, 20, 21, 22, 23, 24, 25, 26, 27, 28, 
      29, 31, 32, 33, 34, 35, 36, 38, 39, 41, 42 ], 
  [ 1, 3, 4, 5, 6, 7, 8, 9, 10, 14, 15, 16, 17, 18, 19, 20, 22, 23, 24, 25, 
      26, 28, 29, 30, 32, 34, 35, 36, 40, 41, 42 ], 
  [ 1, 3, 4, 5, 6, 7, 8, 11, 15, 16, 17, 18, 19, 20, 21, 22, 23, 25, 26, 27, 
      28, 29, 31, 32, 33, 34, 35, 38, 40, 41, 42 ], 
  [ 1, 3, 4, 5, 6, 7, 8, 11, 15, 16, 17, 18, 19, 20, 21, 22, 23, 25, 26, 27, 
      28, 29, 30, 33, 34, 35, 36, 38, 40, 41, 42 ], 
  [ 1, 3, 4, 5, 6, 7, 8, 9, 10, 11, 15, 16, 17, 18, 19, 20, 23, 25, 27, 28, 
      29, 30, 32, 33, 34, 35, 36, 38, 40, 41, 42 ], 
  [ 2, 4, 7, 9, 10, 11, 12, 13, 14, 20, 21, 22, 23, 24, 25, 26, 27, 28, 29, 
      30, 31, 32, 33, 34, 36, 37, 38, 39, 40, 41, 42 ], 
  [ 2, 4, 7, 9, 10, 11, 12, 13, 14, 15, 16, 18, 19, 20, 21, 22, 23, 24, 25, 
      26, 29, 31, 32, 33, 34, 35, 36, 38, 39, 41, 42 ], 
  [ 1, 3, 4, 5, 6, 7, 8, 9, 10, 15, 16, 17, 18, 19, 20, 25, 27, 28, 29, 30, 
      31, 32, 33, 34, 35, 36, 37, 38, 39, 40, 41, 42 ], 
  [ 1, 3, 4, 5, 6, 7, 8, 9, 10, 15, 16, 17, 18, 19, 20, 24, 25, 27, 28, 29, 
      30, 31, 32, 33, 34, 35, 36, 37, 39, 40, 41, 42 ], 
  [ 1, 3, 4, 5, 6, 7, 8, 9, 10, 11, 14, 15, 16, 17, 18, 19, 20, 22, 23, 25, 
      26, 28, 29, 30, 32, 34, 35, 36, 38, 40, 41, 42 ], 
  [ 2, 7, 8, 9, 10, 11, 12, 13, 14, 20, 21, 22, 23, 24, 25, 26, 27, 28, 29, 
      30, 31, 32, 33, 34, 35, 36, 37, 38, 39, 40, 41, 42 ], 
  [ 1, 2, 3, 4, 5, 6, 7, 8, 9, 10, 13, 14, 15, 16, 17, 18, 19, 23, 24, 27, 
      28, 29, 30, 32, 33, 34, 35, 36, 37, 39, 40, 41, 42 ], 
  [ 1, 2, 3, 4, 7, 9, 11, 12, 13, 14, 15, 16, 20, 21, 22, 23, 24, 26, 27, 28, 
      29, 31, 32, 33, 34, 35, 36, 37, 38, 39, 40, 41, 42 ], 
  [ 1, 2, 3, 4, 5, 6, 7, 8, 9, 10, 13, 15, 16, 17, 18, 19, 20, 21, 23, 24, 
      25, 27, 29, 30, 31, 32, 33, 35, 36, 37, 39, 40, 41, 42 ], 
  [ 1, 2, 3, 4, 5, 6, 7, 8, 9, 10, 11, 13, 14, 15, 16, 17, 18, 19, 23, 27, 
      28, 29, 30, 32, 33, 34, 35, 36, 37, 38, 39, 40, 41, 42 ], 
  [ 2, 4, 5, 7, 9, 10, 11, 12, 13, 14, 15, 18, 19, 20, 21, 22, 23, 24, 25, 
      26, 29, 30, 31, 32, 33, 34, 35, 36, 37, 38, 39, 40, 41, 42 ], 
  [ 1, 2, 3, 4, 5, 6, 7, 8, 9, 10, 11, 13, 15, 16, 17, 18, 19, 20, 21, 23, 
      25, 27, 29, 30, 31, 32, 33, 35, 36, 37, 38, 39, 40, 41, 42 ], 
  [ 1, 2, 3, 4, 5, 6, 7, 8, 11, 12, 13, 14, 15, 16, 17, 18, 19, 21, 22, 23, 
      24, 26, 27, 28, 29, 31, 32, 33, 34, 35, 37, 38, 39, 40, 41, 42 ], 
  [ 1, 2, 3, 4, 5, 6, 7, 8, 11, 12, 13, 14, 15, 16, 17, 18, 19, 21, 22, 23, 
      24, 26, 27, 28, 29, 30, 33, 34, 35, 36, 37, 38, 39, 40, 41, 42 ], 
  [ 1, 2, 3, 4, 5, 6, 7, 8, 9, 10, 11, 12, 13, 14, 15, 16, 17, 18, 19, 20, 
      21, 22, 23, 24, 25, 26, 27, 28, 29, 31, 32, 33, 34, 35, 38, 41 ], 
  [ 1, 2, 3, 4, 5, 6, 7, 8, 9, 10, 11, 12, 13, 14, 15, 16, 17, 18, 19, 20, 
      21, 22, 23, 24, 25, 26, 27, 28, 29, 30, 33, 34, 35, 36, 38, 41 ], 
  [ 1, 2, 3, 4, 5, 6, 7, 8, 9, 10, 11, 12, 13, 14, 15, 16, 17, 18, 19, 20, 
      21, 22, 23, 24, 25, 26, 29, 30, 31, 32, 35, 36, 37, 38, 39, 40, 41, 42 ]
    , [ 1, 2, 3, 4, 5, 6, 9, 10, 11, 12, 13, 14, 15, 16, 17, 18, 19, 20, 21, 
      22, 23, 24, 25, 26, 27, 28, 29, 30, 31, 32, 33, 34, 35, 36, 37, 38, 39, 
      40, 41, 42 ], 
  [ 1, 2, 3, 4, 5, 6, 7, 8, 9, 10, 11, 12, 13, 14, 15, 16, 17, 18, 19, 20, 
      21, 22, 23, 24, 25, 26, 27, 28, 29, 30, 31, 32, 33, 34, 35, 36, 37, 39, 
      40, 42 ] ];
