return 
[ [ 1, 2, 3, 4, 5, 6, 7, 8, 9, 10, 11, 12, 13, 14, 15, 16, 17, 18, 19, 20, 
      21, 22, 23, 24, 25, 26, 27, 29, 30, 31, 32, 33, 34, 35, 36, 37, 38, 39, 
      40, 41, 42, 43, 44, 45 ], 
  [ 5, 6, 8, 10, 12, 13, 14, 15, 16, 17, 18, 19, 20, 21, 22, 23, 24, 25, 26, 
      27, 28, 29, 30, 32, 34, 36, 37, 38, 39, 41, 42, 43, 44, 45 ], 
  [ 2, 3, 5, 6, 8, 10, 12, 13, 14, 16, 17, 19, 20, 21, 22, 24, 25, 26, 27, 
      28, 29, 31, 32, 33, 34, 35, 36, 37, 38, 39, 40, 41, 42, 43, 44 ], 
  [ 1, 2, 3, 4, 5, 6, 7, 8, 10, 11, 12, 13, 15, 16, 17, 18, 19, 20, 21, 22, 
      23, 24, 25, 26, 27, 28, 29, 30, 32, 33, 34, 35, 36, 37, 38, 39, 40, 41, 
      42, 43, 44, 45 ], 
  [ 1, 2, 3, 7, 9, 11, 12, 13, 14, 17, 19, 21, 22, 23, 24, 25, 26, 27, 28, 
      29, 30, 31, 32, 33, 35, 37, 38, 39, 40, 41, 42, 43, 44, 45 ], 
  [ 1, 2, 3, 10, 11, 12, 13, 14, 17, 19, 21, 22, 23, 24, 25, 26, 28, 29, 31, 
      32, 33, 34, 35, 37, 38, 39, 40, 41, 42, 43, 44, 45 ], 
  [ 1, 4, 5, 6, 8, 9, 10, 14, 15, 18, 19, 20, 23, 25, 26, 28, 29, 30, 31, 32, 
      34, 35, 36, 38, 40, 41, 42, 43, 44, 45 ], 
  [ 5, 6, 8, 9, 14, 15, 18, 19, 20, 22, 23, 25, 26, 27, 28, 30, 31, 32, 34, 
      36, 38, 41, 42, 43, 44, 45 ], 
  [ 1, 6, 10, 12, 14, 15, 19, 23, 25, 26, 28, 29, 30, 32, 38, 41, 42, 44, 45 ]
    , [ 14, 19, 20, 22, 25, 26, 27, 28, 31, 32, 34, 36, 38, 39, 41, 42, 43, 
      44, 45 ], 
  [ 2, 9, 11, 13, 14, 19, 20, 25, 26, 27, 28, 29, 30, 31, 32, 35, 36, 39, 40, 
      41, 42, 43, 45 ], 
  [ 1, 6, 10, 12, 14, 15, 22, 23, 26, 28, 31, 32, 34, 37, 38, 41, 42, 44, 45 ]
    , [ 10, 11, 12, 13, 14, 15, 16, 19, 20, 25, 26, 27, 28, 29, 30, 32, 36, 
      39, 41, 42, 45 ], 
  [ 6, 10, 12, 14, 15, 16, 22, 26, 27, 28, 31, 32, 34, 36, 37, 38, 39, 41, 
      42, 44, 45 ], 
  [ 1, 3, 4, 6, 7, 9, 10, 11, 12, 14, 15, 16, 19, 20, 25, 26, 27, 28, 29, 30, 
      31, 32, 35, 36, 38, 39, 40, 41, 42, 44, 45 ], 
  [ 9, 14, 19, 20, 25, 26, 27, 28, 29, 30, 31, 32, 35, 36, 38, 39, 40, 41, 
      42, 43, 44, 45 ], 
  [ 1, 6, 10, 12, 14, 15, 19, 22, 23, 25, 26, 28, 31, 32, 34, 38, 41, 42, 44, 
      45 ], [ 1, 6, 7, 9, 12, 14, 15, 19, 22, 23, 25, 26, 27, 28, 30, 31, 32, 
      38, 41, 42, 44, 45 ], 
  [ 2, 3, 7, 9, 11, 12, 13, 14, 16, 17, 24, 27, 28, 29, 30, 31, 32, 33, 35, 
      36, 37, 39, 40, 41, 42, 43, 44, 45 ], 
  [ 10, 11, 12, 13, 14, 15, 16, 21, 22, 23, 24, 25, 28, 31, 32, 34, 37, 39, 
      41, 42, 45 ], 
  [ 2, 5, 12, 13, 14, 17, 19, 21, 26, 27, 28, 29, 30, 32, 35, 36, 37, 38, 39, 
      41, 43 ], 
  [ 2, 5, 8, 9, 13, 14, 19, 20, 21, 25, 26, 27, 28, 29, 30, 31, 32, 35, 36, 
      37, 38, 39, 40, 41, 42, 43 ], 
  [ 1, 6, 8, 10, 12, 13, 14, 15, 17, 18, 19, 22, 23, 26, 28, 32, 34, 37, 38, 
      42, 44, 45 ], 
  [ 1, 5, 6, 8, 10, 12, 13, 14, 15, 17, 18, 19, 23, 26, 28, 29, 30, 32, 34, 
      35, 36, 37, 38, 41, 42, 43, 44, 45 ], 
  [ 5, 8, 9, 13, 14, 15, 18, 19, 20, 21, 22, 23, 25, 26, 27, 28, 30, 31, 32, 
      34, 36, 37, 38, 39, 41, 42, 43, 45 ], 
  [ 1, 2, 5, 7, 9, 11, 12, 13, 14, 15, 17, 18, 19, 21, 22, 23, 26, 27, 28, 
      30, 31, 32, 33, 34, 35, 36, 37, 38, 39, 41, 43, 45 ], 
  [ 1, 10, 11, 12, 13, 14, 15, 19, 21, 23, 25, 26, 28, 29, 30, 32, 37, 38, 
      39, 41, 42, 45 ], 
  [ 12, 13, 14, 17, 19, 22, 26, 27, 28, 31, 32, 33, 34, 35, 36, 37, 38, 39, 
      41, 42, 43, 44, 45 ], 
  [ 2, 3, 10, 11, 12, 13, 14, 16, 17, 22, 24, 26, 27, 28, 29, 31, 32, 33, 34, 
      35, 36, 37, 39, 40, 41, 42, 43, 44, 45 ], 
  [ 10, 11, 12, 13, 14, 15, 16, 21, 22, 23, 24, 25, 26, 27, 28, 29, 30, 32, 
      37, 39, 41, 42, 45 ], 
  [ 1, 10, 11, 12, 13, 14, 15, 19, 21, 22, 23, 25, 26, 28, 31, 32, 34, 37, 
      38, 39, 41, 42, 45 ], 
  [ 1, 2, 3, 4, 5, 6, 7, 8, 9, 10, 11, 12, 13, 14, 15, 16, 17, 18, 22, 23, 
      24, 26, 27, 28, 29, 30, 31, 32, 33, 34, 35, 36, 37, 40, 41, 42, 43, 44, 
      45 ], 
  [ 1, 7, 9, 11, 12, 13, 14, 15, 19, 21, 22, 23, 25, 26, 27, 28, 30, 31, 32, 
      37, 38, 39, 41, 42, 45 ], 
  [ 10, 12, 13, 14, 17, 19, 26, 28, 29, 32, 34, 35, 36, 37, 38, 39, 41, 42, 
      43, 44, 45 ], 
  [ 1, 2, 3, 4, 5, 6, 7, 8, 9, 10, 11, 12, 13, 14, 15, 16, 17, 18, 19, 20, 
      22, 23, 24, 25, 26, 27, 28, 29, 30, 31, 32, 33, 34, 35, 36, 40, 41, 42, 
      43, 44, 45 ], 
  [ 10, 11, 12, 13, 14, 15, 16, 26, 27, 28, 29, 30, 32, 36, 37, 39, 41, 42, 
      45 ], [ 10, 11, 12, 13, 14, 15, 16, 22, 26, 27, 28, 31, 32, 34, 36, 37, 
      39, 41, 42, 45 ], 
  [ 12, 13, 14, 15, 19, 22, 26, 27, 28, 31, 32, 34, 36, 37, 38, 39, 41, 42, 
      45 ], [ 9, 14, 19, 20, 22, 25, 26, 27, 28, 31, 32, 38, 39, 42, 43, 44, 
      45 ], [ 19, 20, 22, 25, 26, 27, 28, 31, 32, 33, 34, 35, 36, 38, 39, 40, 
      41, 42, 43, 44, 45 ], 
  [ 1, 6, 10, 12, 14, 15, 26, 28, 31, 32, 34, 35, 36, 37, 38, 41, 42, 44, 45 ]
    , [ 7, 9, 11, 12, 13, 14, 15, 16, 27, 28, 30, 31, 32, 36, 37, 39, 41, 42, 
      45 ], [ 11, 12, 13, 14, 26, 27, 28, 29, 30, 32, 35, 36, 37, 39, 41, 42, 
      45 ], [ 11, 12, 13, 14, 19, 26, 27, 28, 29, 30, 32, 35, 36, 39, 41, 42, 
      45 ], [ 2, 11, 12, 13, 14, 17, 19, 26, 27, 28, 29, 30, 32, 35, 36, 39, 
      41, 43, 45 ] ];
