return Group( [ (  2,242)(  3,227)(  4,196)(  5,133)(  7, 11)( 10, 12)( 14,138)( 15,135)( 16,136)( 17,139)( 18,134)
    ( 19,137)( 20,140)( 21, 69)( 22, 74)( 23, 71)( 24, 72)( 25, 75)( 26, 70)( 27, 73)( 28, 76)( 29,201)( 30,198)
    ( 31,199)( 32,202)( 33,197)( 34,200)( 35,203)( 36,164)( 38, 42)( 41, 43)( 45,169)( 46,166)( 47,167)( 48,170)
    ( 49,165)( 50,168)( 51,171)( 52,100)( 53,105)( 54,102)( 55,103)( 56,106)( 57,101)( 58,104)( 59,107)( 60,232)
    ( 61,229)( 62,230)( 63,233)( 64,228)( 65,231)( 66,234)( 67,211)( 68,148)( 77,153)( 78,150)( 79,151)( 80,154)
    ( 81,149)( 82,152)( 83,155)( 85, 89)( 88, 90)( 92,216)( 93,213)( 94,214)( 95,217)( 96,212)( 97,215)( 98,218)
    ( 99,179)(108,184)(109,181)(110,182)(111,185)(112,180)(113,183)(114,186)(116,120)(119,121)(123,247)(124,244)
    (125,245)(126,248)(127,243)(128,246)(129,249)(130,226)(131,195)(141,145)(144,146)(156,208)(157,205)(158,206)
    (159,209)(160,204)(161,207)(162,210)(172,176)(175,177)(187,239)(188,236)(189,237)(190,240)(191,235)(192,238)
    (193,241)(219,223)(222,224)(250,254)(253,255), (  2,130)(  4, 64)(  5, 61)(  6, 54)(  7, 39)( 10, 40)( 11, 23)
    ( 12, 24)( 13, 55)( 14, 46)( 17, 47)( 18, 30)( 19, 31)( 20, 62)( 21, 57)( 22, 42)( 25, 43)( 28, 58)( 29, 49)
    ( 32, 50)( 35, 65)( 36, 60)( 37, 53)( 44, 56)( 51, 63)( 67,191)( 68,188)( 69,181)( 70,166)( 71,135)( 72,136)
    ( 73,167)( 74,150)( 75,151)( 76,182)( 77,173)( 78,142)( 79,143)( 80,174)( 81,157)( 82,158)( 83,189)( 84,184)
    ( 85,169)( 86,138)( 87,139)( 88,170)( 89,153)( 90,154)( 91,185)( 92,176)( 93,145)( 94,146)( 95,177)( 96,160)
    ( 97,161)( 98,192)( 99,187)(100,180)(101,165)(102,134)(103,137)(104,168)(105,149)(106,152)(107,183)(108,172)
    (109,141)(110,144)(111,175)(112,156)(113,159)(114,190)(115,179)(116,164)(117,133)(118,140)(119,171)(120,148)
    (121,155)(122,186)(123,163)(124,132)(125,147)(126,178)(127,131)(128,162)(129,193)(194,254)(195,251)(196,244)
    (197,229)(200,230)(201,213)(202,214)(203,245)(204,236)(207,237)(208,220)(209,221)(210,252)(211,247)(212,232)
    (215,233)(218,248)(219,239)(222,240)(225,255)(226,250)(227,243)(234,246)(241,253), 
  (  2,194,242,254,130,226,250)(  3,195,243,127,131,227,251)(  4,196,244, 64,132,228,124)(  5,197,117, 33,133,229, 61
     )(  6,198, 54, 18,134,102, 30)(  7, 71, 23, 11,135, 39, 15)(  9,256)( 10,193, 24,253,136,225, 16,255, 72,241,
      12,129, 40,249)( 13, 66, 55,246,137,162, 31,252,199,210, 19,128,103,234)( 14, 70, 86, 26,138,166, 46)
    ( 17,192, 87,238,139, 98, 47,248, 73,178, 27,126,167,218)( 20, 65,118,231,140, 35, 62,245,200,147, 34,125,230,203
     )( 21,201,181, 49,141,101, 93)( 22, 74,150, 42,142, 38, 78)( 25,190,151,222,143,224, 79,240, 75,114, 43,122, 41,
     186)( 28, 63,182,215,144,161, 94,237,202, 83, 50,121,104,171)( 29, 69,213, 57,145,165,109)( 32,189,214,207,146,
      97,110,233, 76, 51, 58,119,168,155)( 36,204,116, 96,148,232,188)( 37,205, 53, 81,149,105,157)( 44, 59, 56,183,
     152,159,158,221,206,209, 82,113,106,107)( 45, 77, 85, 89,153,169,173)( 48,185, 88,175,154, 95,174,217, 80,177,
      90,111,170, 91)( 52,208,180,112,156,100,220)( 60, 68,212,120,160,164,236)( 67,211,247,191,163,235,123)
    ( 84,216,184,176,172,108, 92)( 99,219,115,223,179,239,187), (  1,  2,123,250)(  3,116,187,242)(  4,101,156,227)
    (  5, 70,141,196)(  6,  7,134,133)(  8,135,138, 11)(  9,136,139, 12)( 10,137,140, 13)( 14,197,132, 69)
    ( 15,198,145, 74)( 16,199,146, 75)( 17,200,147, 76)( 18, 71,142,201)( 19, 72,143,202)( 20, 73,144,203)
    ( 21, 38,149,164)( 22,165,148, 37)( 23,166,153, 42)( 24,167,154, 43)( 25,168,155, 44)( 26, 39,150,169)
    ( 27, 40,151,170)( 28, 41,152,171)( 29,228,131,100)( 30,229,160,105)( 31,230,161,106)( 32,231,162,107)
    ( 33,102,157,232)( 34,103,158,233)( 35,104,159,234)( 36, 85,172,211)( 45,212,163, 84)( 46,213,176, 89)
    ( 47,214,177, 90)( 48,215,178, 91)( 49, 86,173,216)( 50, 87,174,217)( 51, 88,175,218)( 52, 53,180,179)
    ( 54,181,184, 57)( 55,182,185, 58)( 56,183,186, 59)( 60,243,130,115)( 61,244,191,120)( 62,245,192,121)
    ( 63,246,193,122)( 64,117,188,247)( 65,118,189,248)( 66,119,190,249)( 67,108,219,226)( 68, 77,204,195)
    ( 78,205,208, 81)( 79,206,209, 82)( 80,207,210, 83)( 92,235,194, 99)( 93,236,223,112)( 94,237,224,113)
    ( 95,238,225,114)( 96,109,220,239)( 97,110,221,240)( 98,111,222,241)(124,251,254,127)(125,252,255,128)
    (126,253,256,129), (  1,  9,  8,256)(  2,136,135,129)(  3,199,198, 66)(  4,230,229, 35)(  5,245,244, 20)
    (  6,252,251, 13)(  7,255,254, 10)( 11,253,250, 12)( 14,248,247, 17)( 15,249,242, 16)( 18,246,243, 19)
    ( 21,237,236, 28)( 22,240,239, 25)( 23,241,226, 24)( 26,238,235, 27)( 29,233,232, 32)( 30,234,227, 31)
    ( 33,231,228, 34)( 36,214,213, 51)( 37,221,220, 44)( 38,224,223, 41)( 39,225,194, 40)( 42,222,219, 43)
    ( 45,217,216, 48)( 46,218,211, 47)( 49,215,212, 50)( 52,206,205, 59)( 53,209,208, 56)( 54,210,195, 55)
    ( 57,207,204, 58)( 60,202,201, 63)( 61,203,196, 62)( 64,200,197, 65)( 67,167,166, 98)( 68,182,181, 83)
    ( 69,189,188, 76)( 70,192,191, 73)( 71,193,130, 72)( 74,190,187, 75)( 77,185,184, 80)( 78,186,179, 79)
    ( 81,183,180, 82)( 84,174,173, 91)( 85,177,176, 88)( 86,178,163, 87)( 89,175,172, 90)( 92,170,169, 95)
    ( 93,171,164, 94)( 96,168,165, 97)( 99,151,150,114)(100,158,157,107)(101,161,160,104)(102,162,131,103)
    (105,159,156,106)(108,154,153,111)(109,155,148,110)(112,152,149,113)(115,143,142,122)(116,146,145,119)
    (117,147,132,118)(120,144,141,121)(123,139,138,126)(124,140,133,125)(127,137,134,128) ] );
