return [ [ 1, 2, 3, 6, 8, 10, 11, 12, 13, 14, 15, 17, 18, 20, 22, 24, 25, 26, 28, 31, 34, 36, 38, 40, 41, 43, 44, 46, 47, 49, 50, 
      51, 52, 53 ], [ 3, 4, 6, 7, 11, 12, 15, 16, 17, 18, 21, 22, 28, 29, 31, 32, 33, 34, 35, 36, 37, 38, 39, 40, 41, 42, 43, 44, 
      45, 46, 47, 48, 49, 50, 51 ], [ 1, 2, 3, 5, 6, 8, 9, 11, 13, 15, 19, 23, 25, 26, 27, 28, 30, 31, 33, 35, 36, 37, 39, 40, 
      41, 42, 43, 44, 45, 46, 47, 48, 50, 51, 52 ], [ 1, 2, 3, 4, 5, 6, 7, 8, 9, 11, 12, 13, 15, 16, 17, 18, 19, 21, 22, 23, 28, 
      31, 33, 35, 36, 37, 39, 40, 41, 42, 43, 44, 45, 46, 47, 48, 50, 51 ], 
  [ 1, 2, 3, 4, 5, 6, 7, 8, 9, 10, 11, 12, 13, 14, 15, 16, 17, 18, 19, 20, 21, 22, 23, 24, 28, 29, 31, 32, 33, 34, 37, 38, 41, 
      42, 43, 44, 45, 46, 47, 48, 49, 50, 51, 52, 53 ], [ 1, 2, 3, 4, 5, 6, 7, 8, 9, 10, 11, 12, 13, 14, 15, 16, 17, 18, 19, 20, 
      21, 22, 23, 24, 25, 26, 27, 30, 35, 36, 39, 40, 41, 42, 43, 44, 45, 46, 47, 48, 49, 50, 51, 52, 53 ], 
  [ 1, 2, 4, 5, 7, 8, 9, 12, 13, 16, 17, 18, 19, 21, 22, 23, 25, 26, 27, 28, 29, 30, 31, 32, 33, 34, 35, 36, 37, 38, 39, 40, 41, 
      42, 43, 44, 45, 46, 47, 48, 49, 50, 51, 52, 53 ], [ 1, 2, 3, 5, 6, 9, 10, 11, 14, 15, 16, 18, 20, 21, 22, 24, 25, 26, 27, 
      28, 29, 30, 31, 32, 33, 34, 35, 36, 37, 38, 39, 40, 41, 42, 43, 44, 45, 46, 47, 48, 49, 50, 51, 52, 53 ], 
  [ 3, 4, 6, 7, 8, 10, 11, 12, 13, 14, 15, 17, 19, 20, 23, 24, 25, 26, 27, 28, 29, 30, 31, 32, 33, 34, 35, 36, 37, 38, 39, 40, 
      41, 42, 43, 44, 45, 46, 47, 48, 49, 50, 51, 52, 53 ], [ 1, 2, 3, 4, 5, 6, 7, 8, 9, 10, 11, 12, 13, 14, 15, 16, 17, 18, 19, 
      20, 21, 22, 23, 24, 25, 26, 27, 28, 29, 30, 31, 32, 33, 34, 35, 36, 37, 38, 39, 40, 41, 42, 43, 44, 45, 46, 47, 48, 50 ], 
  [ 1, 2, 3, 4, 5, 6, 7, 8, 9, 10, 11, 12, 13, 14, 15, 16, 17, 18, 19, 20, 21, 22, 23, 24, 25, 26, 27, 28, 29, 30, 31, 32, 33, 
      34, 35, 36, 37, 38, 39, 40, 41, 42, 43, 44, 45, 46, 47, 48, 49, 51, 52, 53 ] ];
