return [ [ 18, 20, 22, 23, 27, 28, 29, 32, 33, 37, 38, 39, 40, 45, 46, 47, 49, 50, 51, 52, 53, 54, 55, 56, 57, 58, 59, 60, 61, 
      62, 64, 65, 66 ], [ 17, 19, 21, 24, 25, 26, 30, 31, 34, 35, 36, 41, 42, 43, 44, 48, 49, 50, 51, 52, 53, 54, 55, 56, 57, 58, 
      59, 60, 61, 62, 64, 65, 66 ], [ 1, 2, 3, 4, 5, 6, 7, 8, 9, 10, 11, 12, 13, 14, 15, 16, 18, 20, 21, 25, 26, 28, 31, 32, 33, 
      35, 38, 39, 42, 43, 46, 48, 50, 52, 53, 56, 59, 61, 63, 64, 65, 66 ], 
  [ 1, 2, 3, 4, 5, 6, 7, 8, 9, 10, 11, 12, 13, 14, 15, 16, 18, 20, 21, 25, 26, 28, 31, 32, 33, 35, 38, 39, 42, 43, 46, 48, 50, 
      52, 53, 54, 56, 58, 60, 61, 62, 63, 64, 65, 66 ], [ 1, 2, 3, 4, 5, 6, 7, 8, 9, 10, 11, 12, 13, 14, 15, 16, 18, 20, 21, 25, 
      26, 28, 31, 32, 33, 35, 38, 39, 42, 43, 46, 48, 50, 52, 53, 54, 56, 58, 59, 60, 61, 62, 64, 65, 66 ], 
  [ 1, 2, 3, 4, 5, 6, 7, 8, 9, 10, 11, 12, 13, 14, 15, 16, 18, 20, 22, 23, 27, 28, 29, 32, 33, 37, 38, 39, 40, 45, 46, 47, 50, 
      51, 52, 53, 55, 56, 57, 59, 61, 63, 64, 65, 66 ], [ 1, 2, 3, 4, 5, 6, 7, 8, 9, 10, 11, 12, 13, 14, 15, 16, 17, 19, 21, 24, 
      25, 26, 30, 31, 34, 35, 36, 41, 42, 43, 44, 48, 50, 51, 52, 53, 55, 56, 57, 59, 61, 63, 64, 65, 66 ], 
  [ 1, 2, 3, 4, 5, 6, 7, 8, 9, 10, 11, 12, 13, 14, 15, 16, 18, 20, 22, 23, 27, 28, 29, 32, 33, 37, 38, 39, 40, 45, 46, 47, 50, 
      51, 52, 53, 54, 55, 56, 57, 58, 59, 60, 61, 62, 64, 65, 66 ], 
  [ 1, 4, 5, 6, 11, 12, 13, 14, 17, 18, 20, 21, 22, 23, 24, 27, 28, 29, 31, 32, 33, 34, 35, 37, 38, 39, 40, 44, 45, 46, 47, 48, 
      49, 51, 52, 53, 54, 55, 57, 58, 59, 60, 61, 62, 63, 64, 65, 66 ], 
  [ 1, 2, 3, 4, 5, 6, 7, 8, 9, 10, 11, 12, 13, 14, 15, 16, 17, 19, 21, 24, 25, 26, 30, 31, 34, 35, 36, 41, 42, 43, 44, 48, 50, 
      51, 52, 53, 54, 55, 56, 57, 58, 59, 60, 61, 62, 64, 65, 66 ], 
  [ 3, 5, 8, 10, 11, 12, 14, 15, 17, 19, 21, 22, 24, 25, 26, 27, 30, 31, 32, 34, 35, 36, 37, 38, 39, 41, 42, 43, 44, 45, 46, 48, 
      49, 50, 51, 52, 53, 54, 55, 56, 57, 58, 59, 60, 61, 62, 63, 64 ] ];
