return [ [ 1, 3, 7, 8, 9, 10, 12, 13, 16, 17, 18, 19, 20, 21, 22, 24, 25, 26, 27, 29, 30, 34, 36, 37, 39, 40, 41, 43, 44, 45, 
      46, 48, 49, 51, 53, 54, 55, 56, 58, 59, 60, 61, 62, 63, 68, 69, 70, 71, 72, 74, 75, 76, 77, 78, 79, 80, 81, 82, 84, 85, 
      86, 88, 89, 91, 93, 94, 96, 97, 98, 99, 100, 101, 103, 104, 105, 106, 109, 110, 111, 112, 114, 115, 116, 119, 120, 121, 
      123, 124, 125, 126, 127, 128, 129, 130, 131, 132, 134, 136, 137, 138, 139, 141, 142, 143 ], 
  [ 1, 2, 3, 5, 6, 7, 9, 12, 15, 16, 17, 18, 19, 20, 25, 27, 29, 31, 32, 33, 34, 35, 37, 39, 41, 44, 45, 47, 48, 49, 50, 51, 52, 
      53, 54, 55, 60, 61, 62, 63, 64, 65, 68, 69, 70, 71, 72, 73, 74, 75, 76, 77, 78, 79, 82, 83, 84, 85, 86, 87, 89, 90, 92, 
      93, 94, 95, 96, 97, 98, 99, 100, 101, 102, 103, 104, 106, 108, 109, 110, 111, 113, 114, 115, 116, 118, 119, 120, 122, 123, 
      124, 125, 126, 128, 129, 131, 132, 133, 134, 136, 137, 140, 141, 142, 143 ], 
  [ 3, 7, 8, 9, 10, 11, 19, 20, 21, 22, 23, 24, 25, 26, 27, 28, 36, 37, 39, 40, 41, 42, 43, 44, 45, 46, 47, 48, 55, 56, 57, 60, 
      61, 62, 63, 64, 65, 66, 67, 68, 70, 71, 72, 73, 78, 79, 80, 82, 84, 85, 86, 87, 88, 89, 90, 91, 92, 93, 96, 98, 99, 101, 
      102, 103, 104, 105, 106, 107, 108, 109, 110, 112, 113, 116, 117, 119, 120, 121, 122, 123, 125, 127, 129, 131, 135, 136, 
      137, 138, 140, 141, 142 ], [ 1, 2, 3, 4, 5, 6, 7, 8, 9, 10, 11, 12, 13, 14, 15, 16, 17, 18, 20, 21, 22, 23, 24, 25, 26, 
      27, 28, 29, 30, 31, 32, 33, 34, 35, 36, 38, 39, 40, 41, 42, 43, 44, 45, 46, 47, 48, 49, 50, 51, 53, 54, 55, 56, 58, 59, 
      60, 61, 62, 63, 64, 65, 66, 67, 68, 69, 71, 72, 73, 74, 75, 77, 78, 79, 81, 82, 83, 84, 85, 86, 87, 88, 89, 90, 91, 92, 
      93, 94, 95, 96, 97, 99, 100, 101, 102, 103, 104, 105, 106, 107, 108, 109, 110, 111, 114, 115, 116, 117, 118, 119, 120, 
      121, 122, 124, 126, 127, 128, 129, 130, 131, 132, 133, 134, 135, 136, 137, 138, 139, 140, 141, 143 ], 
  [ 4, 5, 10, 11, 12, 13, 22, 23, 24, 25, 26, 27, 28, 31, 40, 42, 43, 44, 45, 46, 47, 48, 49, 56, 57, 63, 64, 65, 66, 67, 68, 
      70, 71, 72, 73, 79, 80, 82, 85, 86, 87, 88, 89, 90, 91, 92, 93, 96, 98, 99, 102, 103, 104, 105, 106, 107, 108, 109, 110, 
      112, 113, 116, 117, 119, 120, 121, 122, 123, 125, 127, 129, 131, 135, 137, 138, 140, 141, 142 ], 
  [ 2, 3, 5, 7, 9, 11, 15, 16, 18, 19, 20, 21, 23, 25, 26, 27, 28, 32, 35, 36, 37, 40, 42, 45, 46, 47, 48, 51, 52, 54, 55, 56, 
      57, 60, 61, 62, 64, 65, 66, 70, 71, 72, 73, 78, 79, 80, 85, 86, 89, 90, 91, 93, 96, 98, 99, 101, 103, 104, 105, 108, 109, 
      112, 113, 116, 119, 120, 121, 122, 123, 125, 127, 131, 133, 136, 137, 138, 141, 142 ], 
  [ 2, 5, 7, 17, 23, 25, 27, 37, 43, 48, 51, 54, 61, 64, 70, 82, 85, 89, 91, 93, 96, 104, 116, 123, 125 ], 
  [ 10, 12, 24, 25, 39, 45, 63, 67, 70, 72, 77, 82, 85, 87, 96, 99, 102, 103, 106, 125 ], 
  [ 3, 7, 19, 25, 32, 33, 39, 45, 47, 61, 64, 66, 67, 70, 72, 73, 77, 78, 85, 87, 96, 99, 102, 103, 113, 125, 136 ], 
  [ 2, 5, 7, 23, 25, 31, 32, 33, 47, 61, 64, 66, 67, 70, 72, 73, 77, 85, 87, 96, 99, 102, 103, 113, 125 ], 
  [ 3, 10, 13, 25, 26, 28, 40, 42, 45, 48, 56, 67, 70, 73, 81, 88, 89, 96, 105, 106, 112, 125 ], 
  [ 4, 7, 11, 22, 23, 24, 25, 27, 31, 46, 47, 56, 63, 67, 70, 72, 77, 81, 88, 96, 103, 105, 106, 112, 125 ], 
  [ 7, 24, 25, 27, 39, 45, 47, 61, 63, 67, 70, 72, 77, 78, 82, 85, 87, 96, 99, 102, 103, 106, 125, 136 ], 
  [ 7, 23, 24, 25, 27, 31, 47, 61, 63, 67, 70, 72, 77, 82, 85, 87, 96, 99, 102, 103, 106, 125 ], 
  [ 4, 7, 11, 22, 23, 24, 25, 27, 31, 46, 47, 56, 63, 65, 68, 70, 72, 88, 93, 96, 103, 105, 106, 112, 120, 125 ], 
  [ 7, 11, 22, 24, 25, 26, 27, 36, 45, 46, 47, 56, 63, 67, 70, 72, 77, 78, 81, 88, 96, 103, 105, 106, 112, 125, 136 ], 
  [ 3, 5, 11, 15, 19, 25, 26, 28, 31, 32, 35, 42, 45, 47, 49, 50, 52, 54, 57, 64, 66, 70, 71, 73, 78, 86, 87, 90, 95, 96, 104, 
      111, 113, 120, 122, 125, 133, 136, 143 ], [ 2, 4, 5, 6, 7, 11, 23, 25, 28, 31, 32, 47, 57, 64, 65, 66, 70, 72, 73, 87, 92, 
      93, 96, 102, 103, 113, 120, 122, 125, 135 ], [ 10, 12, 19, 22, 24, 25, 39, 45, 57, 63, 64, 66, 67, 70, 72, 77, 79, 82, 85, 
      87, 96, 98, 99, 102, 103, 113, 125, 135, 137, 142 ], [ 5, 23, 25, 27, 31, 40, 42, 47, 48, 61, 65, 70, 73, 86, 89, 90, 96, 
      99, 104, 105, 106, 109, 116, 120, 125, 138 ], [ 3, 11, 25, 26, 27, 28, 36, 40, 42, 45, 47, 48, 56, 67, 70, 73, 78, 81, 88, 
      89, 96, 105, 106, 112, 125, 136 ], [ 2, 5, 7, 16, 17, 23, 25, 27, 31, 37, 43, 46, 47, 48, 61, 65, 70, 73, 80, 85, 89, 93, 
      96, 104, 106, 109, 110, 116, 123, 125, 138 ], [ 7, 11, 23, 24, 25, 27, 31, 46, 47, 63, 65, 68, 70, 72, 85, 87, 93, 96, 
      103, 104, 106, 120, 125 ], [ 2, 4, 5, 7, 11, 23, 25, 27, 28, 46, 48, 51, 54, 56, 59, 70, 72, 88, 89, 91, 93, 96, 103, 105, 
      112, 120, 125 ], [ 4, 7, 11, 22, 23, 24, 25, 28, 46, 56, 57, 59, 66, 70, 72, 88, 91, 93, 96, 103, 105, 112, 120, 125, 135 ]
    , [ 4, 7, 11, 22, 23, 24, 25, 27, 31, 47, 63, 65, 68, 70, 72, 82, 87, 88, 92, 93, 96, 102, 103, 106, 120, 125, 135 ], 
  [ 2, 5, 7, 23, 25, 31, 32, 47, 61, 64, 65, 66, 70, 72, 73, 85, 87, 93, 96, 99, 102, 103, 104, 113, 116, 120, 122, 125 ], 
  [ 4, 7, 22, 23, 24, 25, 27, 31, 47, 61, 63, 65, 68, 69, 70, 72, 82, 88, 93, 96, 99, 102, 103, 105, 106, 116, 120, 124, 125 ], 
  [ 4, 5, 23, 25, 27, 31, 40, 42, 47, 48, 61, 65, 69, 70, 73, 82, 86, 88, 89, 90, 96, 99, 102, 105, 106, 116, 120, 124, 125 ], 
  [ 2, 4, 5, 7, 11, 23, 25, 27, 28, 31, 33, 46, 47, 48, 56, 67, 70, 72, 73, 77, 81, 88, 89, 96, 103, 105, 106, 112, 125 ], 
  [ 3, 6, 7, 11, 19, 25, 28, 32, 39, 45, 47, 57, 64, 66, 70, 71, 72, 73, 78, 87, 92, 93, 96, 102, 103, 113, 120, 122, 125, 135, 
      136 ], [ 3, 5, 11, 15, 17, 25, 26, 27, 28, 31, 37, 42, 43, 47, 48, 49, 50, 54, 64, 70, 71, 73, 78, 80, 86, 87, 89, 90, 96, 
      104, 106, 110, 111, 114, 123, 125, 133, 136, 143 ], [ 3, 4, 5, 11, 13, 14, 15, 18, 25, 26, 27, 28, 31, 36, 40, 42, 45, 47, 
      48, 49, 50, 54, 56, 59, 69, 70, 71, 73, 75, 78, 81, 86, 88, 89, 90, 94, 96, 105, 106, 111, 112, 120, 124, 125, 130, 133, 
      136, 139, 143 ], [ 2, 5, 7, 17, 23, 25, 27, 31, 37, 43, 47, 48, 61, 64, 65, 70, 73, 82, 85, 87, 89, 93, 96, 102, 104, 106, 
      110, 116, 123, 125 ], [ 7, 23, 24, 25, 27, 31, 47, 61, 63, 65, 68, 70, 72, 82, 85, 87, 93, 96, 99, 102, 103, 104, 106, 
      116, 120, 125 ], [ 3, 7, 9, 19, 20, 25, 27, 33, 37, 39, 41, 45, 47, 48, 55, 60, 61, 63, 64, 67, 70, 72, 73, 77, 78, 79, 
      82, 84, 85, 87, 89, 96, 98, 99, 102, 103, 106, 108, 113, 125, 129, 136, 137, 140, 142 ], 
  [ 4, 10, 12, 13, 22, 24, 25, 31, 39, 45, 49, 59, 63, 66, 67, 69, 70, 72, 77, 81, 82, 87, 88, 96, 99, 102, 103, 105, 106, 111, 
      120, 124, 125, 135, 143 ], [ 5, 23, 25, 27, 31, 42, 47, 48, 61, 64, 65, 70, 73, 82, 86, 87, 89, 90, 96, 99, 102, 104, 106, 
      116, 120, 125 ], [ 2, 4, 5, 6, 7, 11, 12, 23, 24, 25, 28, 31, 32, 46, 49, 51, 54, 57, 59, 64, 66, 70, 72, 74, 77, 85, 87, 
      91, 93, 96, 103, 104, 111, 120, 125, 134, 135, 143 ], [ 2, 4, 5, 7, 11, 23, 25, 27, 28, 31, 46, 47, 48, 56, 65, 70, 72, 
      73, 88, 89, 93, 96, 103, 105, 106, 112, 120, 125 ], [ 7, 23, 24, 25, 27, 31, 46, 47, 61, 63, 65, 68, 70, 72, 85, 93, 96, 
      99, 103, 104, 105, 106, 109, 116, 120, 125, 138 ], [ 3, 7, 11, 25, 26, 27, 28, 33, 36, 45, 46, 47, 48, 56, 67, 70, 72, 73, 
      77, 78, 81, 88, 89, 96, 103, 105, 106, 112, 125, 136 ], [ 4, 6, 7, 11, 12, 22, 24, 25, 27, 29, 31, 34, 39, 45, 47, 49, 59, 
      63, 68, 69, 70, 71, 72, 74, 77, 78, 82, 87, 88, 92, 93, 94, 96, 102, 103, 106, 111, 120, 124, 125, 134, 135, 136, 143 ], 
  [ 7, 22, 24, 25, 27, 39, 45, 47, 61, 63, 68, 69, 70, 71, 72, 78, 82, 88, 93, 96, 99, 102, 103, 105, 106, 116, 120, 124, 125, 
      136 ], [ 3, 5, 11, 15, 25, 26, 27, 28, 31, 42, 45, 47, 48, 49, 50, 54, 64, 70, 71, 73, 78, 86, 87, 89, 90, 96, 104, 106, 
      111, 120, 125, 133, 136, 143 ], [ 2, 4, 5, 7, 23, 25, 27, 31, 47, 48, 61, 65, 69, 70, 72, 73, 82, 88, 89, 93, 96, 99, 102, 
      103, 105, 106, 116, 120, 124, 125 ], [ 7, 11, 19, 20, 22, 23, 24, 25, 27, 37, 39, 45, 47, 55, 57, 60, 61, 63, 64, 66, 67, 
      70, 72, 77, 78, 79, 82, 85, 87, 96, 98, 99, 102, 103, 113, 125, 135, 136, 137, 142 ], 
  [ 4, 5, 13, 23, 25, 27, 31, 40, 42, 43, 47, 48, 61, 67, 69, 70, 73, 81, 82, 88, 89, 96, 99, 102, 105, 106, 116, 124, 125, 138 ]
    , [ 2, 4, 5, 6, 7, 11, 12, 23, 24, 25, 28, 31, 32, 33, 46, 47, 57, 64, 66, 67, 70, 72, 73, 77, 85, 87, 93, 96, 102, 103, 
      113, 125, 134, 135 ], [ 3, 7, 11, 21, 23, 25, 26, 27, 28, 36, 37, 40, 42, 43, 46, 47, 48, 56, 61, 67, 70, 73, 78, 80, 81, 
      88, 89, 96, 105, 106, 112, 125, 136, 138 ], [ 7, 12, 24, 25, 27, 29, 31, 39, 45, 47, 49, 61, 63, 68, 69, 70, 71, 72, 74, 
      77, 78, 82, 85, 87, 93, 96, 99, 100, 102, 103, 104, 106, 111, 116, 120, 124, 125, 134, 136, 143 ], 
  [ 2, 5, 7, 16, 23, 25, 27, 31, 46, 47, 48, 61, 65, 70, 72, 73, 85, 89, 93, 96, 99, 103, 104, 105, 106, 109, 116, 120, 125, 138 
     ], [ 3, 4, 5, 6, 11, 14, 15, 25, 27, 28, 31, 39, 42, 45, 47, 48, 49, 50, 54, 59, 64, 69, 70, 71, 73, 78, 82, 83, 86, 87, 
      88, 89, 90, 92, 94, 96, 102, 106, 111, 120, 124, 125, 133, 135, 136, 143 ], 
  [ 1, 2, 3, 4, 5, 6, 7, 11, 12, 13, 14, 15, 16, 17, 18, 25, 26, 27, 28, 29, 30, 31, 32, 33, 34, 36, 45, 46, 47, 48, 49, 50, 51, 
      54, 56, 59, 69, 70, 71, 72, 73, 74, 75, 77, 78, 81, 88, 89, 93, 94, 96, 103, 105, 106, 111, 112, 120, 124, 125, 130, 133, 
      134, 136, 139, 143 ], [ 2, 4, 5, 6, 7, 11, 23, 25, 27, 28, 31, 47, 48, 64, 65, 70, 72, 73, 82, 87, 88, 89, 92, 93, 96, 
      102, 103, 106, 120, 125, 135 ], [ 4, 7, 11, 22, 23, 24, 25, 28, 31, 46, 47, 56, 57, 63, 65, 66, 67, 68, 70, 72, 73, 87, 
      88, 92, 93, 96, 102, 103, 105, 106, 107, 112, 113, 117, 120, 122, 125, 135, 140 ], 
  [ 7, 11, 23, 24, 25, 26, 27, 31, 45, 46, 47, 61, 63, 66, 67, 70, 72, 77, 78, 81, 85, 87, 96, 99, 103, 104, 105, 106, 111, 120, 
      125, 136, 138, 143 ], [ 1, 3, 4, 5, 6, 8, 9, 10, 12, 13, 14, 18, 19, 22, 25, 28, 31, 32, 33, 34, 35, 38, 39, 40, 41, 42, 
      44, 45, 48, 49, 50, 52, 54, 56, 57, 59, 63, 64, 66, 67, 69, 70, 72, 73, 75, 77, 79, 81, 82, 83, 84, 86, 87, 88, 89, 90, 
      92, 94, 95, 96, 97, 98, 99, 102, 103, 105, 106, 107, 108, 111, 112, 113, 115, 117, 118, 120, 122, 124, 125, 126, 129, 130, 
      131, 132, 133, 135, 137, 139, 140, 142, 143 ], [ 2, 5, 7, 17, 23, 25, 27, 37, 43, 48, 51, 61, 64, 65, 70, 82, 85, 89, 91, 
      93, 101, 104, 110, 116, 119, 123, 141 ], [ 10, 12, 24, 25, 39, 44, 45, 63, 67, 68, 70, 72, 82, 84, 85, 87, 99, 102, 103, 
      106, 129, 140 ], [ 3, 7, 19, 25, 32, 33, 39, 45, 47, 61, 64, 66, 67, 70, 72, 73, 84, 85, 87, 99, 102, 103, 108, 113, 122, 
      136, 140 ], [ 2, 5, 7, 23, 25, 31, 32, 33, 47, 61, 64, 65, 66, 67, 70, 72, 73, 85, 87, 99, 102, 103, 108, 113, 122, 140 ], 
  [ 2, 5, 7, 20, 23, 25, 31, 32, 33, 35, 47, 61, 63, 64, 65, 66, 67, 72, 73, 77, 79, 85, 87, 95, 96, 99, 102, 103, 108, 113, 
      122, 137, 140 ], [ 7, 12, 24, 25, 27, 29, 31, 33, 39, 45, 47, 61, 63, 67, 68, 69, 70, 72, 77, 82, 84, 85, 87, 99, 100, 
      102, 103, 106, 111, 129, 134, 136, 140 ], [ 7, 23, 24, 25, 27, 31, 47, 61, 63, 65, 67, 68, 70, 72, 82, 85, 87, 99, 102, 
      103, 106, 129, 140 ], [ 2, 5, 7, 17, 23, 25, 27, 37, 43, 47, 48, 61, 64, 65, 70, 73, 82, 85, 89, 93, 102, 108, 110, 116, 
      119, 123 ], [ 5, 23, 25, 27, 37, 40, 42, 43, 48, 61, 64, 65, 70, 79, 80, 82, 85, 86, 89, 90, 91, 98, 99, 101, 104, 108, 
      109, 110, 116, 119, 121, 123, 127, 129, 131, 137, 138, 141, 142 ], 
  [ 10, 12, 24, 25, 39, 44, 45, 49, 63, 68, 70, 72, 82, 84, 85, 87, 99, 103, 104, 106, 111, 120, 129, 131 ], 
  [ 4, 10, 12, 13, 22, 24, 25, 31, 39, 44, 45, 49, 63, 66, 67, 68, 69, 70, 72, 82, 84, 87, 88, 92, 99, 102, 103, 105, 106, 107, 
      111, 117, 120, 122, 129, 131, 135, 140 ], [ 2, 5, 7, 23, 25, 32, 47, 61, 64, 65, 66, 70, 72, 73, 85, 93, 99, 102, 103, 
      108, 113, 116, 119, 122 ], [ 2, 4, 5, 7, 12, 13, 16, 23, 24, 25, 30, 31, 32, 33, 46, 47, 61, 65, 66, 67, 68, 69, 70, 72, 
      73, 85, 93, 99, 100, 102, 103, 105, 107, 108, 109, 113, 116, 119, 121, 122, 134, 138, 140 ], 
  [ 2, 4, 5, 6, 7, 11, 12, 23, 24, 25, 28, 31, 32, 33, 46, 47, 57, 64, 65, 66, 67, 68, 70, 72, 73, 85, 87, 92, 93, 102, 103, 
      107, 108, 113, 117, 119, 122, 134, 135, 140 ], [ 7, 24, 25, 27, 39, 45, 61, 63, 68, 70, 72, 82, 84, 85, 87, 99, 101, 103, 
      104, 106, 111, 120, 129, 131, 136 ], [ 4, 7, 11, 22, 23, 24, 25, 27, 31, 39, 45, 47, 61, 63, 65, 66, 67, 68, 69, 70, 72, 
      82, 84, 87, 88, 92, 99, 101, 102, 103, 105, 106, 107, 111, 117, 120, 122, 129, 131, 135, 136, 140 ], 
  [ 7, 19, 24, 25, 27, 37, 39, 45, 55, 61, 63, 68, 70, 72, 79, 82, 84, 85, 87, 99, 101, 104, 111, 129, 131, 132, 136, 142 ], 
  [ 7, 23, 24, 25, 27, 31, 61, 63, 65, 68, 70, 72, 82, 85, 87, 99, 101, 103, 104, 106, 111, 120, 129, 131 ], 
  [ 10, 12, 19, 24, 25, 39, 44, 45, 49, 63, 68, 70, 72, 79, 82, 84, 85, 87, 99, 104, 111, 129, 131, 132, 142 ], 
  [ 5, 23, 25, 47, 61, 64, 65, 66, 70, 85, 98, 99, 102, 103, 108, 113, 116, 119, 122, 137 ], 
  [ 10, 12, 19, 25, 39, 44, 45, 64, 66, 70, 71, 85, 98, 99, 102, 103, 108, 113, 116, 119, 122, 137 ], 
  [ 2, 5, 7, 20, 23, 25, 32, 35, 47, 61, 64, 65, 66, 72, 73, 79, 85, 93, 96, 99, 102, 103, 108, 113, 116, 119, 122, 137 ], 
  [ 11, 23, 24, 27, 31, 37, 43, 47, 63, 65, 68, 70, 76, 80, 85, 87, 98, 104, 106, 110, 123, 125 ], 
  [ 11, 23, 24, 27, 31, 37, 47, 57, 63, 65, 68, 70, 76, 80, 85, 87, 98, 104, 113, 123, 125, 142 ], 
  [ 5, 11, 23, 25, 27, 31, 37, 43, 47, 63, 64, 65, 70, 80, 85, 86, 87, 89, 96, 98, 104, 106, 110, 123, 125, 137 ], 
  [ 11, 22, 24, 26, 27, 29, 36, 45, 47, 60, 63, 68, 70, 71, 78, 88, 98, 103, 105, 106, 112, 120, 125, 136 ], 
  [ 11, 22, 24, 27, 29, 39, 45, 47, 60, 63, 68, 70, 71, 78, 82, 87, 88, 92, 98, 102, 103, 106, 120, 125, 135, 136 ], 
  [ 11, 22, 24, 26, 27, 29, 36, 45, 59, 60, 70, 71, 78, 88, 91, 98, 103, 105, 112, 120, 125, 136 ], 
  [ 11, 22, 24, 26, 27, 29, 36, 45, 47, 60, 63, 67, 70, 77, 78, 81, 88, 98, 103, 105, 106, 112, 125, 136 ], 
  [ 4, 5, 11, 12, 13, 15, 18, 22, 25, 26, 27, 29, 31, 34, 36, 40, 45, 47, 49, 54, 56, 59, 60, 63, 69, 70, 71, 75, 77, 78, 81, 
      86, 88, 89, 94, 96, 97, 98, 103, 105, 106, 111, 112, 120, 124, 125, 126, 130, 136, 137, 139, 143 ], 
  [ 11, 22, 25, 26, 27, 36, 40, 45, 54, 56, 59, 60, 70, 71, 78, 86, 88, 89, 91, 96, 98, 103, 105, 112, 120, 125, 136, 137 ], 
  [ 8, 10, 11, 19, 22, 24, 26, 29, 36, 39, 45, 57, 59, 60, 66, 70, 71, 78, 88, 91, 98, 103, 105, 112, 120, 125, 135, 136 ], 
  [ 5, 11, 23, 25, 27, 31, 37, 43, 47, 53, 63, 64, 65, 79, 80, 85, 86, 87, 96, 104, 110, 114, 123, 137 ], 
  [ 10, 12, 19, 24, 26, 29, 44, 45, 49, 57, 63, 66, 68, 70, 71, 85, 87, 98, 103, 104, 113, 120, 122, 125 ], 
  [ 4, 11, 22, 23, 24, 31, 57, 63, 65, 66, 68, 70, 98, 101, 103, 105, 111, 112, 117, 120, 122, 126, 127, 128, 130, 131 ], 
  [ 4, 5, 11, 12, 22, 25, 31, 34, 49, 56, 57, 63, 65, 68, 70, 86, 92, 94, 98, 101, 103, 111, 112, 117, 119, 120, 122, 126, 127, 
      128, 130, 131, 137, 141 ], [ 4, 5, 11, 22, 23, 25, 31, 40, 56, 57, 63, 65, 66, 70, 86, 98, 101, 103, 105, 111, 112, 117, 
      120, 122, 126, 127, 130, 131, 137 ], [ 4, 11, 22, 23, 24, 57, 65, 66, 68, 70, 88, 91, 92, 98, 101, 103, 105, 107, 112, 
      117, 119, 120, 121, 122, 127, 128, 131, 135, 141 ], [ 4, 7, 11, 22, 23, 24, 25, 31, 46, 56, 57, 63, 65, 66, 68, 70, 72, 
      101, 103, 105, 111, 112, 117, 120, 122, 127, 130, 131 ], [ 10, 12, 19, 24, 25, 26, 44, 45, 46, 49, 57, 63, 66, 68, 70, 71, 
      72, 85, 87, 93, 96, 103, 104, 113, 120, 122, 125 ], [ 23, 24, 27, 31, 47, 61, 63, 65, 68, 70, 85, 98, 99, 100, 103, 104, 
      105, 106, 109, 116, 120, 125, 138 ], [ 5, 23, 25, 27, 31, 40, 47, 61, 63, 65, 70, 85, 86, 89, 96, 98, 99, 103, 104, 105, 
      106, 109, 116, 120, 125, 137, 138 ], [ 2, 4, 5, 6, 7, 11, 12, 20, 22, 23, 24, 25, 28, 31, 32, 34, 35, 38, 46, 49, 51, 53, 
      54, 56, 57, 59, 62, 63, 64, 65, 66, 68, 72, 74, 77, 79, 85, 86, 87, 91, 92, 93, 94, 95, 96, 101, 103, 104, 111, 114, 117, 
      119, 120, 122, 126, 127, 128, 130, 131, 132, 134, 135, 137, 141, 143 ], 
  [ 2, 5, 7, 23, 25, 31, 32, 35, 47, 61, 64, 65, 66, 72, 73, 79, 85, 87, 93, 95, 96, 99, 102, 104, 113, 116, 122 ], 
  [ 2, 4, 5, 6, 7, 11, 12, 20, 22, 23, 24, 25, 28, 31, 32, 33, 34, 35, 38, 46, 47, 53, 56, 57, 63, 64, 65, 66, 67, 68, 72, 73, 
      77, 79, 85, 87, 92, 93, 95, 96, 102, 103, 107, 108, 113, 117, 119, 122, 134, 135, 137, 140 ], 
  [ 2, 5, 7, 11, 23, 25, 28, 31, 32, 35, 46, 47, 57, 64, 65, 66, 72, 73, 79, 85, 87, 93, 95, 96, 104, 113, 122 ], 
  [ 5, 23, 25, 31, 35, 40, 42, 47, 61, 63, 64, 65, 66, 67, 73, 79, 85, 86, 87, 90, 95, 96, 99, 102, 104, 108, 109, 113, 116, 
      122, 137, 138, 140 ], [ 7, 23, 24, 25, 31, 46, 47, 61, 63, 65, 66, 67, 68, 72, 73, 79, 85, 87, 93, 95, 96, 99, 102, 104, 
      109, 113, 116, 122, 138, 140 ], [ 7, 11, 23, 24, 25, 31, 46, 47, 57, 63, 65, 66, 68, 72, 79, 85, 87, 93, 95, 96, 104, 113, 
      122 ], [ 4, 7, 22, 23, 24, 25, 31, 47, 61, 63, 66, 67, 69, 70, 72, 77, 81, 96, 99, 102, 103, 105, 113, 124, 125 ], 
  [ 4, 7, 22, 23, 24, 25, 31, 47, 61, 63, 65, 66, 67, 68, 69, 70, 72, 99, 102, 103, 105, 107, 113, 122, 140 ], 
  [ 4, 7, 22, 23, 24, 25, 47, 61, 65, 66, 68, 69, 70, 72, 93, 99, 102, 103, 105, 107, 113, 116, 119, 121, 122 ], 
  [ 4, 7, 11, 22, 23, 24, 25, 47, 57, 65, 66, 68, 70, 72, 92, 93, 102, 103, 107, 113, 119, 122, 135 ], 
  [ 10, 12, 19, 22, 24, 25, 39, 44, 45, 57, 66, 68, 70, 71, 72, 92, 93, 102, 103, 107, 113, 119, 122, 135 ], 
  [ 4, 7, 11, 22, 25, 34, 47, 56, 57, 65, 68, 70, 72, 92, 93, 103, 107, 112, 113, 119, 122 ], 
  [ 12, 19, 22, 25, 34, 44, 45, 56, 57, 68, 70, 71, 72, 92, 93, 103, 107, 112, 113, 119, 122 ], 
  [ 4, 5, 11, 22, 23, 25, 31, 35, 38, 40, 56, 57, 63, 65, 66, 79, 86, 95, 101, 111, 117, 122, 126, 127, 130, 131, 132, 137 ], 
  [ 10, 24, 39, 41, 45, 63, 67, 72, 77, 78, 82, 85, 87, 96, 99, 102, 103, 106, 125 ], 
  [ 7, 20, 24, 39, 41, 61, 63, 67, 72, 77, 78, 82, 85, 87, 96, 99, 102, 103, 106, 125 ], 
  [ 10, 24, 29, 39, 41, 44, 45, 60, 63, 67, 68, 82, 84, 85, 87, 98, 99, 100, 102, 103, 106, 129, 140 ], 
  [ 7, 11, 20, 22, 27, 34, 36, 47, 56, 63, 65, 68, 72, 88, 92, 103, 106, 107, 112, 117, 129, 140 ], 
  [ 8, 19, 22, 29, 34, 36, 44, 45, 57, 60, 68, 71, 92, 98, 103, 107, 112, 113, 119, 122 ], 
  [ 8, 10, 19, 22, 24, 29, 39, 44, 45, 57, 60, 66, 68, 71, 92, 98, 102, 103, 107, 113, 119, 122, 135 ], 
  [ 2, 5, 15, 20, 23, 27, 60, 61, 64, 65, 82, 83, 85, 89, 97, 98, 99, 100, 101, 103, 108, 118, 119, 126, 128, 129, 131, 137 ], 
  [ 1, 3, 6, 8, 9, 10, 19, 28, 32, 33, 39, 41, 45, 57, 64, 66, 67, 72, 73, 77, 78, 87, 96, 102, 103, 113, 125, 135 ], 
  [ 8, 9, 10, 19, 39, 40, 41, 42, 45, 52, 60, 66, 67, 78, 81, 83, 97, 98, 99, 102, 105, 113, 124, 125 ], 
  [ 3, 8, 9, 10, 19, 35, 38, 39, 40, 41, 42, 44, 45, 55, 66, 67, 73, 79, 84, 90, 95, 99, 102, 107, 108, 113, 115, 122, 140 ], 
  [ 1, 3, 9, 10, 19, 32, 35, 39, 41, 44, 45, 55, 64, 66, 72, 79, 84, 85, 87, 95, 99, 104, 122, 131, 132 ], 
  [ 1, 3, 9, 10, 19, 32, 35, 39, 44, 45, 55, 64, 66, 72, 79, 84, 85, 99, 108, 119, 122, 131 ], 
  [ 1, 3, 9, 10, 12, 19, 25, 32, 35, 39, 44, 45, 64, 66, 72, 79, 84, 85, 99, 103, 108, 119, 122, 131, 137 ], 
  [ 8, 9, 10, 19, 22, 39, 40, 41, 44, 45, 60, 63, 66, 84, 86, 97, 98, 99, 103, 105, 120, 122, 126, 131, 137 ], 
  [ 2, 7, 11, 20, 21, 23, 27, 28, 36, 46, 47, 48, 56, 62, 65, 72, 73, 78, 88, 89, 93, 96, 103, 105, 106, 112, 120, 125 ], 
  [ 2, 7, 16, 23, 24, 27, 30, 31, 46, 47, 61, 65, 68, 70, 72, 74, 85, 93, 99, 100, 103, 104, 105, 106, 109, 116, 120, 125, 134, 
      138 ] ];
