return 
[ [ 1, 2, 5, 6, 8, 9, 10, 11, 13, 14, 16, 18, 19, 20, 21, 22, 23, 24, 26, 
      27, 28, 29, 30, 31, 32, 33, 36, 37, 38, 39, 40, 41, 42, 43, 44, 45, 
      46, 47, 48, 49, 50, 51, 52, 53, 54, 55, 56, 57, 58, 59, 60, 62, 63, 
      64, 65, 66, 67, 68, 69, 70, 71, 72, 73, 74, 75, 76, 77, 78, 79, 80, 
      81, 82, 83, 84, 86, 87, 88, 89, 90, 91 ], 
  [ 2, 6, 7, 8, 9, 10, 13, 16, 18, 21, 22, 23, 24, 25, 27, 28, 29, 30, 31, 
      32, 33, 36, 38, 39, 40, 41, 42, 43, 44, 45, 46, 47, 48, 49, 50, 51, 
      52, 53, 54, 55, 57, 58, 59, 60, 62, 63, 65, 66, 67, 68, 69, 70, 71, 
      72, 73, 74, 75, 76, 77, 78, 79, 80, 81, 82, 83, 84, 86, 87, 88, 89, 
      90, 91 ], 
  [ 3, 4, 5, 7, 8, 9, 10, 12, 13, 14, 15, 16, 17, 18, 19, 22, 23, 24, 25, 
      26, 27, 28, 29, 30, 31, 34, 35, 36, 37, 38, 39, 40, 41, 42, 43, 44, 
      45, 46, 48, 49, 50, 51, 52, 53, 54, 55, 56, 57, 58, 59, 60, 61, 62, 
      63, 64, 65, 66, 67, 68, 69, 70, 71, 72, 73, 74, 75, 76, 78, 79, 80, 
      81, 82, 83, 84, 85, 86, 87, 89, 90, 91 ], 
  [ 1, 2, 3, 4, 5, 6, 7, 8, 9, 10, 11, 12, 13, 14, 15, 16, 17, 19, 20, 21, 
      22, 23, 24, 26, 27, 28, 29, 30, 31, 32, 33, 34, 35, 36, 37, 38, 39, 
      40, 42, 43, 44, 45, 46, 47, 48, 49, 50, 51, 52, 53, 54, 56, 57, 58, 
      59, 61, 62, 63, 64, 65, 66, 68, 69, 70, 71, 72, 73, 74, 75, 76, 77, 
      78, 79, 80, 82, 83, 85, 86, 87, 89, 90, 91 ], 
  [ 1, 2, 3, 4, 5, 6, 7, 8, 10, 12, 13, 15, 17, 18, 19, 20, 21, 23, 24, 25, 
      27, 28, 29, 30, 31, 32, 33, 34, 35, 37, 38, 39, 40, 41, 42, 43, 45, 
      46, 47, 48, 49, 50, 51, 52, 53, 54, 55, 57, 58, 59, 60, 61, 62, 64, 
      65, 66, 67, 68, 69, 70, 71, 72, 73, 74, 75, 76, 77, 78, 79, 80, 81, 
      82, 83, 84, 86, 87, 88, 89, 90, 91 ], 
  [ 1, 2, 3, 4, 5, 6, 7, 8, 10, 13, 17, 18, 21, 22, 25, 28, 29, 30, 32, 33, 
      39, 40, 41, 42, 45, 48, 49, 51, 55, 57, 58, 59, 63, 65, 66, 67, 68, 
      69, 70, 71, 72, 75, 76, 77, 80, 81, 82, 83, 84, 86, 87, 88, 91 ], 
  [ 1, 2, 4, 6, 7, 9, 11, 12, 14, 16, 17, 20, 21, 22, 24, 25, 26, 28, 29, 
      32, 33, 34, 35, 36, 37, 39, 41, 42, 44, 45, 47, 48, 49, 50, 51, 54, 
      55, 56, 58, 59, 61, 62, 63, 64, 66, 67, 68, 69, 70, 71, 72, 74, 75, 
      76, 77, 78, 79, 80, 81, 82, 83, 84, 85, 87, 88, 90, 91 ], 
  [ 2, 3, 6, 7, 8, 9, 10, 13, 16, 17, 22, 23, 24, 25, 29, 31, 33, 34, 35, 
      36, 38, 39, 44, 45, 46, 47, 48, 49, 51, 52, 56, 57, 59, 62, 63, 68, 
      69, 72, 76, 79, 81, 82, 83, 85, 86, 90 ], 
  [ 2, 6, 7, 8, 9, 12, 23, 24, 25, 29, 34, 35, 47, 68, 69, 71, 79, 81, 82, 
      83 ], 
  [ 3, 7, 8, 13, 22, 25, 31, 33, 38, 46, 47, 48, 49, 52, 57, 60, 68, 81 ], 
  [ 3, 4, 6, 7, 17, 22, 25, 33, 34, 35, 39, 44, 46, 47, 48, 49, 52, 56, 57, 
      58, 68, 76, 81, 85 ], 
  [ 6, 7, 24, 25, 33, 34, 35, 39, 44, 46, 47, 48, 49, 52, 57, 58, 68, 76, 81 
     ], [ 2, 7, 10, 13, 17, 22, 25, 29, 31, 36, 42, 45, 51, 52, 55, 59, 67, 
      68, 76, 81 ], 
  [ 7, 9, 12, 16, 23, 24, 25, 31, 35, 38, 44, 46, 47, 50, 53, 54, 60, 62, 
      68, 71, 73, 79, 81, 83 ], 
  [ 7, 9, 10, 16, 18, 24, 25, 31, 33, 35, 38, 42, 44, 49, 51, 52, 55, 60, 
      62, 68, 81 ], 
  [ 3, 7, 8, 9, 22, 25, 31, 33, 34, 35, 38, 44, 46, 47, 48, 49, 52, 56, 57, 
      60, 68, 81, 85 ], 
  [ 7, 8, 9, 24, 25, 31, 33, 34, 35, 38, 44, 46, 47, 48, 49, 52, 57, 60, 68, 
      81 ], [ 7, 16, 24, 25, 28, 33, 35, 38, 39, 44, 46, 47, 49, 54, 58, 60, 
      62, 66, 68, 72, 73, 79, 81, 83 ], 
  [ 7, 9, 10, 16, 18, 24, 25, 31, 33, 35, 38, 42, 44, 49, 51, 54, 55, 60, 
      62, 68, 72, 73, 81, 83 ], 
  [ 7, 9, 10, 16, 18, 22, 25, 26, 31, 33, 35, 36, 38, 42, 44, 49, 51, 52, 
      55, 56, 60, 62, 68, 81, 85 ], 
  [ 4, 6, 7, 16, 17, 22, 25, 28, 36, 39, 44, 45, 46, 56, 58, 59, 63, 66, 68, 
      72, 76, 79, 80, 81, 84, 85 ], 
  [ 6, 7, 16, 24, 25, 28, 33, 35, 39, 44, 45, 46, 49, 54, 57, 58, 65, 66, 
      68, 72, 76, 81, 83, 86 ], 
  [ 3, 4, 6, 7, 8, 13, 18, 21, 22, 25, 28, 33, 38, 39, 41, 46, 47, 48, 49, 
      52, 57, 58, 60, 68, 81, 86, 87, 88 ], 
  [ 2, 7, 9, 24, 25, 29, 31, 34, 44, 48, 51, 54, 59, 67, 68, 72, 74, 76, 79, 
      80, 81, 82, 84, 90 ], 
  [ 2, 7, 9, 10, 16, 17, 22, 25, 26, 29, 31, 36, 42, 44, 45, 51, 52, 55, 56, 
      59, 67, 68, 76, 81, 85 ], 
  [ 2, 7, 9, 12, 23, 24, 25, 29, 31, 34, 35, 44, 47, 50, 53, 54, 62, 68, 71, 
      74, 76, 79, 81, 82, 83, 90 ], 
  [ 7, 9, 16, 24, 25, 31, 33, 35, 38, 44, 46, 47, 49, 54, 60, 62, 68, 72, 
      73, 79, 81, 83 ], 
  [ 2, 7, 9, 10, 16, 24, 25, 29, 33, 35, 42, 45, 49, 51, 55, 62, 68, 69, 72, 
      81, 83 ], 
  [ 7, 10, 16, 18, 24, 25, 28, 33, 35, 38, 39, 42, 45, 49, 51, 55, 62, 68, 
      69, 72, 81, 83, 86 ], 
  [ 7, 9, 12, 16, 23, 24, 25, 31, 34, 35, 36, 38, 44, 46, 47, 50, 52, 56, 
      60, 62, 68, 79, 81, 85, 90 ], 
  [ 2, 6, 7, 8, 9, 12, 20, 21, 24, 25, 29, 33, 34, 35, 41, 47, 48, 49, 54, 
      61, 64, 68, 69, 70, 71, 72, 77, 79, 81, 82, 83, 84, 87, 88, 91 ], 
  [ 7, 8, 9, 10, 16, 18, 24, 25, 31, 33, 35, 38, 44, 46, 49, 54, 57, 60, 65, 
      68, 72, 73, 81, 83, 86 ], 
  [ 6, 7, 24, 25, 33, 34, 35, 39, 44, 46, 47, 48, 49, 54, 57, 58, 66, 68, 
      72, 76, 79, 81, 82, 83 ], 
  [ 7, 8, 9, 10, 18, 24, 25, 31, 33, 34, 35, 38, 44, 48, 49, 51, 54, 57, 60, 
      68, 72, 73, 81, 82, 83 ], 
  [ 2, 7, 8, 9, 10, 24, 25, 29, 31, 34, 44, 48, 51, 54, 57, 59, 67, 68, 72, 
      76, 80, 81, 82, 84 ], 
  [ 6, 7, 16, 24, 25, 28, 33, 35, 39, 44, 45, 46, 47, 49, 54, 58, 62, 66, 
      68, 72, 76, 79, 81, 83 ], 
  [ 2, 7, 9, 10, 16, 24, 25, 29, 31, 33, 35, 42, 44, 45, 49, 51, 52, 55, 62, 
      68, 76, 81 ], 
  [ 3, 4, 6, 7, 16, 17, 22, 25, 28, 33, 35, 39, 44, 45, 46, 49, 56, 57, 58, 
      63, 65, 66, 68, 72, 76, 81, 83, 85, 86 ], 
  [ 2, 6, 7, 9, 12, 16, 17, 23, 25, 29, 31, 36, 44, 45, 46, 50, 53, 56, 59, 
      63, 68, 71, 76, 79, 80, 81, 84, 85 ], 
  [ 2, 7, 9, 10, 16, 17, 22, 25, 26, 29, 31, 36, 42, 44, 45, 51, 55, 56, 59, 
      63, 67, 68, 72, 76, 80, 81, 84, 85 ], 
  [ 2, 6, 7, 8, 9, 12, 23, 24, 25, 29, 31, 34, 35, 44, 46, 47, 53, 54, 57, 
      68, 71, 76, 79, 81, 82, 83 ], 
  [ 7, 8, 9, 24, 25, 31, 33, 34, 35, 38, 44, 46, 47, 48, 49, 54, 57, 60, 68, 
      72, 73, 79, 81, 82, 83 ], 
  [ 1, 2, 3, 4, 6, 7, 8, 9, 11, 12, 14, 15, 17, 19, 20, 21, 22, 25, 27, 29, 
      31, 32, 33, 34, 35, 41, 44, 46, 47, 48, 49, 52, 56, 57, 58, 60, 68, 
      76, 81, 85, 87, 88, 89 ], 
  [ 2, 6, 7, 8, 9, 12, 20, 21, 24, 25, 27, 29, 31, 32, 33, 34, 35, 41, 44, 
      46, 47, 48, 49, 52, 54, 57, 58, 60, 68, 76, 81, 87, 88, 89 ], 
  [ 3, 7, 8, 10, 13, 18, 22, 25, 31, 33, 38, 39, 46, 48, 49, 51, 52, 57, 60, 
      68, 72, 81, 86 ], 
  [ 2, 6, 7, 8, 9, 24, 25, 29, 31, 34, 44, 46, 48, 54, 57, 59, 68, 72, 76, 
      79, 80, 81, 82, 84 ], 
  [ 2, 6, 7, 9, 12, 16, 23, 24, 25, 29, 31, 35, 44, 45, 46, 47, 50, 53, 54, 
      62, 68, 71, 76, 79, 81, 83 ], 
  [ 6, 7, 16, 24, 25, 28, 33, 35, 38, 39, 45, 46, 47, 49, 62, 68, 69, 72, 
      79, 81, 83, 86 ], 
  [ 2, 7, 9, 10, 16, 24, 25, 29, 31, 33, 35, 42, 44, 45, 49, 51, 54, 55, 62, 
      68, 72, 76, 81, 83 ], 
  [ 7, 9, 24, 25, 31, 33, 34, 35, 38, 44, 47, 48, 49, 51, 54, 60, 62, 68, 
      72, 73, 74, 79, 81, 82, 83, 90 ], 
  [ 2, 7, 9, 10, 11, 12, 16, 18, 20, 21, 23, 24, 25, 26, 31, 33, 34, 35, 36, 
      37, 38, 42, 44, 47, 50, 51, 52, 55, 56, 60, 62, 67, 68, 81, 85, 88, 90 
     ], [ 2, 7, 9, 10, 16, 17, 22, 25, 26, 29, 31, 33, 35, 36, 42, 44, 45, 
      49, 51, 52, 55, 56, 62, 68, 76, 81, 85 ], 
  [ 2, 3, 6, 7, 8, 9, 12, 17, 23, 25, 29, 31, 34, 35, 44, 46, 47, 53, 56, 
      57, 63, 68, 71, 76, 79, 81, 82, 83, 85 ], 
  [ 3, 7, 8, 9, 10, 16, 18, 22, 25, 31, 33, 35, 38, 44, 46, 49, 56, 57, 60, 
      63, 65, 68, 72, 73, 81, 83, 85, 86 ], 
  [ 3, 7, 8, 9, 10, 18, 22, 25, 31, 33, 34, 35, 38, 44, 48, 49, 51, 56, 57, 
      60, 63, 68, 72, 73, 81, 82, 83, 85 ], 
  [ 2, 6, 7, 9, 16, 17, 22, 25, 29, 31, 36, 44, 45, 46, 56, 59, 63, 68, 72, 
      76, 79, 80, 81, 84, 85 ], 
  [ 2, 7, 8, 9, 10, 24, 25, 29, 31, 33, 34, 35, 44, 48, 49, 51, 54, 57, 68, 
      72, 76, 81, 82, 83 ], 
  [ 3, 4, 6, 7, 8, 9, 11, 12, 14, 16, 18, 20, 21, 22, 24, 25, 28, 33, 34, 
      35, 38, 39, 41, 44, 46, 47, 48, 49, 52, 56, 57, 58, 60, 68, 81, 85, 
      86, 87, 88 ], 
  [ 2, 7, 8, 9, 10, 23, 24, 25, 29, 31, 34, 44, 48, 51, 52, 57, 59, 67, 68, 
      76, 81, 82, 90 ], 
  [ 6, 7, 16, 24, 25, 28, 33, 35, 38, 39, 44, 45, 46, 47, 49, 52, 57, 58, 
      62, 68, 76, 81, 83, 86 ], 
  [ 2, 7, 9, 10, 12, 16, 17, 23, 24, 25, 26, 29, 31, 34, 35, 36, 37, 42, 44, 
      45, 50, 51, 52, 55, 56, 59, 62, 67, 68, 76, 81, 85, 90 ], 
  [ 3, 7, 8, 9, 22, 25, 31, 33, 34, 35, 38, 44, 46, 47, 48, 49, 56, 57, 60, 
      63, 68, 72, 73, 79, 81, 82, 83, 85 ], 
  [ 2, 6, 7, 9, 12, 16, 17, 23, 25, 29, 31, 35, 36, 44, 45, 46, 47, 50, 53, 
      56, 62, 63, 68, 71, 76, 79, 81, 83, 85 ], 
  [ 2, 6, 7, 8, 9, 10, 12, 16, 18, 21, 23, 24, 25, 27, 28, 29, 30, 31, 32, 
      41, 42, 43, 44, 45, 46, 50, 52, 53, 54, 55, 57, 58, 59, 60, 65, 67, 
      68, 71, 76, 80, 81, 84, 86, 87, 88, 89 ], 
  [ 2, 6, 7, 9, 16, 24, 25, 29, 31, 33, 35, 44, 45, 46, 47, 49, 54, 62, 68, 
      72, 76, 79, 81, 83 ], 
  [ 2, 7, 9, 24, 25, 29, 31, 33, 34, 35, 44, 47, 48, 49, 51, 54, 62, 68, 72, 
      74, 76, 79, 81, 82, 83, 90 ], 
  [ 1, 2, 3, 4, 5, 7, 8, 9, 10, 11, 12, 14, 15, 17, 18, 19, 20, 21, 22, 25, 
      26, 27, 29, 30, 31, 32, 33, 34, 35, 37, 40, 41, 42, 44, 48, 49, 51, 
      53, 54, 55, 56, 57, 58, 60, 61, 63, 64, 65, 66, 67, 68, 70, 71, 72, 
      73, 74, 75, 76, 77, 80, 81, 82, 83, 84, 85, 87, 88, 89, 91 ], 
  [ 2, 3, 6, 7, 8, 9, 10, 16, 17, 22, 25, 29, 31, 44, 45, 46, 56, 57, 59, 
      63, 65, 68, 72, 76, 80, 81, 84, 85, 86 ], 
  [ 2, 7, 9, 10, 16, 17, 22, 25, 26, 29, 31, 33, 35, 36, 42, 44, 45, 49, 51, 
      55, 56, 62, 63, 68, 72, 76, 81, 83, 85 ], 
  [ 2, 6, 7, 8, 9, 10, 16, 24, 25, 29, 31, 33, 35, 44, 45, 46, 49, 54, 57, 
      65, 68, 72, 76, 81, 83, 86 ], 
  [ 2, 6, 7, 8, 9, 24, 25, 29, 31, 33, 34, 35, 44, 46, 47, 48, 49, 54, 57, 
      68, 72, 76, 79, 81, 82, 83 ], 
  [ 3, 7, 8, 9, 10, 16, 18, 22, 24, 25, 31, 33, 34, 35, 38, 39, 44, 46, 48, 
      49, 51, 52, 56, 57, 60, 68, 72, 81, 85, 86 ], 
  [ 2, 6, 7, 8, 9, 12, 21, 23, 24, 25, 27, 29, 31, 32, 34, 41, 44, 46, 47, 
      48, 50, 52, 53, 54, 57, 58, 59, 60, 67, 68, 71, 74, 76, 79, 80, 81, 
      82, 84, 87, 88, 89, 90 ], 
  [ 2, 6, 7, 21, 24, 25, 31, 32, 33, 34, 39, 44, 46, 47, 48, 51, 52, 54, 57, 
      58, 59, 60, 66, 67, 68, 72, 74, 76, 79, 80, 81, 82, 84, 88, 89, 90 ], 
  [ 7, 10, 16, 18, 24, 25, 28, 30, 31, 33, 35, 38, 39, 42, 43, 44, 45, 46, 
      49, 51, 52, 54, 55, 57, 58, 60, 62, 65, 66, 68, 72, 73, 76, 81, 83, 
      86, 89 ], 
  [ 2, 6, 7, 9, 12, 16, 17, 23, 24, 25, 29, 31, 34, 35, 36, 44, 45, 46, 47, 
      50, 52, 56, 59, 62, 68, 76, 79, 81, 85, 90 ], 
  [ 7, 9, 16, 22, 24, 25, 31, 33, 34, 35, 36, 38, 39, 44, 46, 47, 48, 49, 
      51, 52, 56, 60, 62, 68, 72, 79, 81, 85, 90 ], 
  [ 7, 8, 9, 12, 23, 24, 25, 27, 29, 31, 34, 35, 38, 41, 44, 46, 47, 48, 49, 
      50, 52, 53, 54, 57, 58, 60, 62, 68, 71, 73, 74, 76, 79, 81, 82, 83, 
      87, 89, 90 ], 
  [ 7, 24, 25, 31, 33, 34, 35, 38, 39, 44, 46, 47, 48, 49, 51, 52, 54, 57, 
      58, 60, 62, 66, 68, 72, 73, 74, 76, 79, 81, 82, 83, 89, 90 ], 
  [ 2, 3, 6, 7, 8, 9, 10, 16, 17, 22, 25, 29, 31, 33, 35, 44, 45, 46, 49, 
      56, 57, 63, 65, 68, 72, 76, 81, 83, 85, 86 ], 
  [ 1, 2, 3, 4, 6, 7, 8, 9, 11, 12, 14, 15, 17, 19, 20, 21, 22, 25, 27, 29, 
      31, 32, 33, 34, 35, 40, 41, 44, 46, 47, 48, 49, 53, 54, 56, 57, 58, 
      60, 61, 63, 64, 65, 66, 68, 70, 71, 72, 73, 74, 76, 77, 79, 80, 81, 
      82, 83, 84, 85, 87, 88, 89, 91 ], 
  [ 3, 7, 8, 9, 10, 16, 18, 22, 24, 25, 33, 34, 35, 38, 39, 44, 48, 49, 51, 
      56, 57, 63, 68, 69, 72, 81, 82, 83, 85, 86 ], 
  [ 1, 2, 4, 6, 7, 9, 11, 12, 14, 15, 16, 17, 19, 20, 21, 22, 25, 26, 27, 
      28, 29, 31, 32, 33, 35, 36, 40, 41, 42, 43, 44, 45, 46, 47, 49, 50, 
      53, 54, 55, 56, 58, 60, 61, 62, 63, 64, 65, 66, 68, 70, 71, 72, 73, 
      74, 76, 77, 78, 79, 80, 81, 83, 84, 85, 87, 88, 89, 91 ], 
  [ 3, 4, 6, 7, 13, 16, 17, 22, 25, 28, 33, 35, 36, 38, 39, 44, 45, 46, 47, 
      49, 52, 56, 57, 58, 62, 63, 68, 76, 81, 83, 85, 86 ], 
  [ 1, 2, 3, 4, 5, 6, 7, 8, 10, 13, 15, 17, 18, 19, 21, 22, 25, 27, 28, 29, 
      30, 31, 32, 33, 39, 40, 41, 42, 43, 45, 46, 48, 49, 51, 52, 55, 57, 
      58, 59, 60, 65, 66, 67, 68, 70, 72, 76, 80, 81, 84, 86, 87, 88, 89 ], 
  [ 1, 2, 3, 4, 5, 6, 7, 8, 9, 10, 11, 12, 13, 14, 15, 16, 17, 18, 19, 21, 
      22, 23, 25, 26, 27, 28, 29, 30, 31, 32, 36, 40, 41, 42, 43, 44, 45, 
      46, 50, 52, 53, 55, 56, 57, 58, 59, 60, 63, 65, 67, 68, 71, 76, 80, 
      81, 84, 85, 86, 87, 88, 89 ], 
  [ 1, 2, 3, 4, 5, 6, 7, 10, 11, 13, 15, 16, 17, 18, 19, 21, 22, 25, 26, 28, 
      30, 31, 32, 33, 36, 39, 40, 42, 43, 44, 45, 46, 51, 52, 55, 56, 57, 
      58, 59, 60, 63, 65, 66, 67, 68, 72, 76, 80, 81, 84, 85, 86, 88, 89 ], 
  [ 2, 3, 6, 7, 8, 9, 10, 11, 12, 16, 18, 20, 21, 23, 24, 25, 31, 33, 34, 
      35, 38, 44, 46, 47, 53, 54, 56, 57, 60, 61, 63, 64, 65, 68, 69, 71, 
      72, 73, 77, 79, 81, 82, 83, 84, 85, 86, 88, 91 ], 
  [ 3, 4, 6, 7, 8, 9, 11, 12, 14, 16, 18, 20, 21, 22, 24, 25, 28, 33, 34, 
      35, 38, 39, 41, 44, 46, 47, 48, 49, 54, 56, 57, 58, 60, 61, 63, 64, 
      65, 66, 68, 69, 70, 71, 72, 73, 77, 79, 81, 82, 83, 84, 85, 86, 87, 
      88, 91 ], 
  [ 3, 4, 5, 7, 10, 13, 15, 16, 17, 18, 19, 22, 25, 26, 28, 30, 31, 33, 35, 
      36, 38, 39, 40, 42, 43, 44, 45, 46, 49, 51, 52, 55, 56, 57, 58, 60, 
      62, 63, 65, 66, 68, 72, 73, 76, 81, 83, 85, 86, 89 ], 
  [ 2, 6, 7, 8, 9, 10, 12, 16, 18, 20, 21, 23, 24, 25, 27, 28, 29, 30, 31, 
      32, 33, 35, 38, 41, 42, 43, 44, 45, 46, 47, 49, 50, 52, 53, 54, 55, 
      57, 58, 60, 62, 65, 68, 71, 73, 76, 77, 81, 83, 86, 87, 88, 89 ], 
  [ 2, 3, 6, 7, 8, 9, 10, 12, 16, 17, 23, 24, 25, 29, 31, 34, 35, 44, 45, 
      46, 53, 54, 56, 57, 59, 61, 63, 64, 65, 68, 69, 71, 72, 76, 79, 80, 
      81, 82, 83, 84, 85, 86, 91 ], 
  [ 3, 4, 6, 7, 8, 9, 12, 14, 16, 17, 22, 24, 25, 28, 29, 34, 35, 39, 41, 
      44, 45, 46, 48, 49, 54, 56, 57, 58, 59, 61, 63, 64, 65, 66, 68, 69, 
      70, 71, 72, 76, 79, 80, 81, 82, 83, 84, 85, 86, 87, 91 ], 
  [ 1, 2, 3, 4, 5, 6, 7, 8, 9, 10, 11, 12, 14, 15, 16, 17, 18, 19, 20, 21, 
      22, 24, 25, 26, 27, 28, 29, 30, 31, 32, 33, 34, 35, 37, 39, 41, 42, 
      43, 44, 45, 46, 48, 49, 51, 52, 54, 55, 56, 57, 58, 59, 60, 61, 64, 
      65, 66, 67, 68, 70, 72, 76, 80, 81, 84, 85, 86, 87, 88, 89 ], 
  [ 1, 2, 4, 6, 7, 9, 11, 12, 14, 15, 16, 17, 19, 20, 21, 22, 24, 25, 26, 
      27, 28, 29, 31, 32, 33, 34, 35, 36, 37, 39, 41, 42, 43, 44, 45, 46, 
      47, 48, 49, 50, 51, 52, 54, 55, 56, 58, 59, 60, 61, 62, 64, 66, 67, 
      68, 70, 72, 74, 76, 78, 79, 80, 81, 84, 85, 87, 88, 89, 90 ], 
  [ 2, 3, 6, 7, 8, 9, 10, 11, 13, 16, 18, 21, 22, 23, 24, 25, 31, 33, 34, 
      36, 38, 39, 44, 46, 47, 48, 51, 52, 56, 57, 59, 60, 63, 67, 68, 69, 
      72, 79, 81, 82, 84, 85, 86, 88, 90 ], 
  [ 3, 4, 6, 7, 8, 9, 12, 13, 14, 16, 17, 22, 23, 24, 25, 28, 29, 34, 35, 
      36, 38, 39, 41, 44, 45, 46, 47, 48, 49, 50, 52, 56, 57, 58, 59, 62, 
      63, 68, 69, 71, 76, 79, 81, 82, 83, 85, 86, 87, 90 ], 
  [ 2, 3, 6, 7, 8, 9, 10, 13, 15, 16, 17, 22, 23, 24, 25, 27, 29, 30, 31, 
      32, 33, 34, 35, 36, 38, 39, 40, 43, 44, 45, 46, 47, 48, 49, 51, 52, 
      53, 54, 57, 59, 61, 62, 63, 65, 66, 69, 70, 72, 73, 74, 75, 76, 77, 
      78, 79, 80, 82, 83, 85, 86, 89, 90, 91 ], 
  [ 2, 6, 7, 8, 9, 12, 23, 24, 25, 29, 34, 35, 47, 53, 54, 61, 69, 71, 77, 
      79, 82, 83, 91 ], 
  [ 2, 6, 8, 9, 12, 20, 23, 24, 25, 29, 34, 35, 41, 47, 53, 54, 61, 64, 69, 
      71, 77, 79, 81, 82, 83, 84, 88, 91 ], 
  [ 3, 7, 8, 13, 15, 22, 25, 27, 31, 33, 38, 40, 46, 47, 48, 49, 52, 57, 60, 
      73, 89 ], 
  [ 3, 4, 7, 8, 13, 15, 19, 21, 22, 27, 31, 33, 38, 40, 46, 47, 48, 49, 52, 
      57, 58, 60, 68, 73, 87, 89 ], 
  [ 3, 4, 6, 7, 15, 17, 22, 25, 32, 33, 34, 35, 39, 44, 46, 47, 48, 49, 52, 
      57, 58, 66, 76, 85, 89 ], 
  [ 6, 7, 24, 25, 32, 33, 34, 35, 39, 44, 46, 47, 48, 49, 52, 54, 57, 58, 
      66, 76, 89 ], 
  [ 6, 20, 24, 25, 32, 33, 34, 35, 39, 41, 44, 46, 47, 48, 49, 52, 54, 57, 
      58, 60, 66, 76, 81, 88, 89 ], 
  [ 3, 7, 8, 9, 15, 22, 25, 27, 31, 33, 34, 35, 38, 44, 46, 47, 48, 49, 52, 
      57, 60, 73, 85, 89 ], 
  [ 3, 4, 7, 8, 9, 11, 12, 14, 15, 19, 20, 21, 22, 27, 31, 33, 34, 35, 38, 
      44, 46, 47, 48, 49, 52, 56, 57, 58, 60, 68, 73, 85, 87, 89 ], 
  [ 7, 8, 9, 24, 25, 27, 31, 33, 34, 35, 38, 44, 46, 47, 48, 49, 52, 54, 57, 
      60, 73, 89 ], 
  [ 7, 8, 9, 12, 20, 21, 24, 27, 31, 33, 34, 35, 38, 44, 46, 47, 48, 49, 52, 
      54, 57, 58, 60, 68, 73, 87, 89 ], 
  [ 3, 4, 6, 7, 17, 22, 25, 32, 33, 34, 35, 39, 44, 47, 48, 49, 57, 58, 63, 
      66, 76, 77, 82, 83, 85 ], 
  [ 3, 4, 7, 13, 15, 17, 22, 25, 30, 32, 33, 34, 35, 36, 38, 39, 40, 44, 47, 
      48, 49, 51, 52, 57, 58, 62, 63, 66, 73, 74, 75, 76, 77, 82, 83, 85, 
      89, 90 ], 
  [ 3, 4, 6, 7, 8, 9, 11, 12, 14, 15, 16, 18, 20, 21, 22, 24, 25, 27, 28, 
      30, 32, 33, 34, 35, 38, 39, 41, 43, 44, 46, 47, 48, 49, 52, 54, 57, 
      58, 60, 61, 65, 66, 70, 73, 77, 85, 86, 87, 88, 89 ], 
  [ 3, 4, 6, 7, 13, 15, 16, 17, 22, 25, 28, 30, 32, 33, 35, 36, 38, 39, 40, 
      43, 44, 45, 46, 47, 49, 52, 57, 58, 62, 63, 65, 66, 73, 76, 77, 83, 
      85, 86, 89 ], 
  [ 3, 4, 6, 7, 8, 9, 12, 13, 14, 15, 16, 17, 22, 23, 24, 25, 27, 28, 29, 
      30, 32, 34, 35, 36, 38, 39, 40, 41, 43, 44, 45, 46, 47, 48, 49, 50, 
      52, 53, 54, 57, 58, 59, 61, 62, 63, 65, 66, 69, 70, 71, 73, 74, 75, 
      76, 77, 78, 79, 80, 82, 83, 85, 86, 87, 89, 90, 91 ], 
  [ 1, 2, 3, 4, 5, 7, 8, 9, 10, 11, 12, 13, 14, 15, 17, 19, 21, 22, 23, 26, 
      27, 29, 30, 31, 32, 34, 36, 37, 40, 42, 44, 48, 50, 51, 52, 53, 56, 
      57, 58, 59, 63, 67, 68, 71, 74, 75, 76, 80, 82, 85, 87, 89, 90 ], 
  [ 2, 6, 7, 8, 9, 12, 23, 24, 25, 29, 32, 34, 35, 44, 47, 53, 54, 57, 71, 
      76, 77, 82, 83 ], 
  [ 2, 6, 7, 8, 9, 12, 21, 23, 24, 25, 27, 29, 32, 34, 41, 47, 48, 50, 53, 
      54, 59, 61, 67, 69, 70, 71, 74, 75, 77, 78, 79, 80, 82, 84, 87, 88, 
      90, 91 ], 
  [ 3, 7, 8, 13, 15, 22, 25, 27, 31, 33, 38, 40, 46, 47, 48, 49, 60, 70, 72, 
      73, 79 ], 
  [ 7, 13, 15, 22, 25, 27, 31, 33, 36, 38, 39, 40, 43, 46, 47, 48, 49, 51, 
      52, 60, 62, 66, 70, 72, 73, 74, 78, 79, 89, 90 ], 
  [ 2, 3, 6, 7, 8, 9, 10, 11, 13, 15, 16, 18, 21, 22, 23, 24, 25, 27, 30, 
      31, 32, 33, 34, 36, 38, 39, 40, 43, 44, 46, 47, 48, 51, 52, 53, 54, 
      57, 59, 60, 61, 63, 65, 66, 67, 69, 70, 72, 73, 74, 75, 77, 78, 79, 
      80, 82, 84, 85, 86, 88, 89, 90, 91 ], 
  [ 3, 7, 8, 10, 13, 15, 18, 22, 25, 27, 30, 31, 33, 38, 39, 40, 43, 46, 48, 
      49, 51, 52, 57, 60, 65, 66, 70, 72, 73, 86, 89 ], 
  [ 6, 7, 24, 25, 32, 33, 34, 35, 39, 44, 47, 48, 49, 54, 57, 58, 66, 76, 
      77, 82, 83 ], 
  [ 7, 24, 25, 30, 32, 33, 34, 35, 38, 39, 44, 47, 48, 49, 51, 52, 54, 57, 
      58, 62, 66, 73, 74, 75, 76, 77, 82, 83, 89, 90 ], 
  [ 6, 7, 16, 24, 25, 28, 30, 32, 33, 35, 38, 39, 43, 44, 45, 46, 47, 49, 
      52, 54, 57, 58, 62, 65, 66, 73, 76, 77, 83, 86, 89 ], 
  [ 3, 7, 8, 9, 15, 22, 25, 27, 31, 33, 34, 35, 38, 46, 47, 48, 49, 60, 61, 
      70, 72, 73, 79, 85 ], 
  [ 7, 9, 15, 16, 22, 24, 25, 27, 31, 33, 34, 35, 36, 38, 39, 43, 44, 46, 
      47, 48, 49, 51, 52, 54, 60, 61, 62, 66, 70, 72, 73, 74, 78, 79, 85, 
      89, 90 ], 
  [ 3, 7, 8, 9, 10, 15, 16, 18, 22, 24, 25, 27, 30, 31, 33, 34, 35, 38, 39, 
      43, 44, 46, 48, 49, 51, 52, 54, 57, 60, 61, 65, 66, 70, 72, 73, 85, 
      86, 89 ], 
  [ 3, 4, 7, 8, 9, 12, 14, 15, 22, 25, 27, 34, 35, 38, 41, 46, 47, 48, 49, 
      60, 61, 70, 73, 79, 85, 87 ], 
  [ 3, 4, 7, 8, 9, 11, 12, 14, 15, 19, 20, 21, 22, 27, 31, 33, 34, 35, 38, 
      46, 47, 48, 49, 56, 60, 61, 64, 68, 70, 72, 73, 79, 85, 87 ], 
  [ 7, 8, 9, 24, 25, 27, 31, 33, 34, 35, 38, 46, 47, 48, 49, 54, 60, 61, 70, 
      72, 73, 79 ], 
  [ 3, 4, 6, 7, 8, 9, 11, 12, 13, 14, 15, 16, 18, 21, 22, 23, 24, 25, 27, 
      28, 30, 32, 34, 36, 38, 39, 40, 41, 43, 44, 46, 47, 48, 50, 52, 53, 
      54, 57, 58, 59, 60, 61, 63, 65, 66, 67, 69, 70, 71, 73, 74, 75, 77, 
      78, 79, 80, 82, 84, 85, 86, 87, 88, 89, 90, 91 ], 
  [ 7, 8, 9, 12, 24, 25, 27, 34, 35, 38, 41, 46, 47, 48, 49, 54, 60, 61, 70, 
      73, 79, 87 ], 
  [ 3, 4, 7, 8, 13, 15, 22, 25, 27, 38, 40, 41, 46, 47, 48, 49, 60, 70, 73, 
      79, 87 ], 
  [ 4, 7, 9, 12, 14, 15, 16, 22, 24, 25, 27, 28, 34, 35, 36, 38, 39, 41, 43, 
      44, 46, 47, 48, 49, 50, 52, 54, 58, 60, 61, 62, 66, 70, 73, 74, 78, 
      79, 85, 87, 89, 90 ], 
  [ 2, 6, 7, 8, 9, 12, 20, 21, 24, 25, 27, 29, 31, 33, 34, 35, 41, 46, 47, 
      48, 49, 54, 60, 61, 64, 68, 70, 72, 79, 81, 84, 87, 88 ], 
  [ 7, 8, 9, 12, 20, 21, 24, 27, 31, 33, 34, 35, 38, 46, 47, 48, 49, 54, 60, 
      61, 64, 68, 70, 72, 73, 79, 87 ], 
  [ 3, 4, 7, 8, 13, 15, 19, 21, 22, 27, 31, 33, 38, 40, 46, 47, 48, 49, 60, 
      68, 70, 72, 73, 79, 87 ], 
  [ 4, 7, 13, 15, 22, 25, 27, 28, 36, 38, 39, 40, 41, 43, 46, 47, 48, 49, 
      50, 52, 58, 60, 62, 66, 70, 73, 74, 78, 79, 87, 89, 90 ], 
  [ 3, 4, 6, 7, 11, 21, 22, 25, 32, 33, 34, 39, 44, 47, 48, 57, 58, 63, 66, 
      77, 82, 85, 88 ], 
  [ 1, 3, 4, 6, 11, 14, 17, 20, 22, 25, 32, 33, 34, 35, 39, 41, 44, 47, 48, 
      49, 56, 57, 58, 63, 66, 76, 77, 81, 82, 83, 85, 88 ], 
  [ 3, 4, 6, 7, 11, 13, 15, 16, 18, 21, 22, 25, 28, 30, 32, 33, 36, 38, 39, 
      40, 43, 44, 46, 47, 52, 57, 58, 60, 63, 65, 66, 73, 77, 85, 86, 88, 89 
     ], [ 6, 7, 21, 24, 25, 32, 33, 34, 39, 44, 47, 48, 54, 57, 58, 66, 77, 
      82, 88 ], 
  [ 3, 4, 6, 7, 13, 21, 22, 25, 32, 33, 39, 40, 47, 48, 57, 58, 63, 66, 77, 
      82, 88 ], 
  [ 3, 4, 7, 11, 13, 15, 18, 21, 22, 25, 30, 32, 33, 34, 36, 38, 39, 40, 44, 
      47, 48, 51, 52, 57, 58, 60, 63, 66, 67, 73, 74, 75, 77, 82, 85, 88, 
      89, 90 ], 
  [ 6, 20, 24, 25, 32, 33, 34, 35, 39, 41, 44, 47, 48, 49, 54, 57, 58, 66, 
      76, 77, 81, 82, 83, 88 ], 
  [ 7, 18, 21, 24, 25, 30, 32, 33, 34, 38, 39, 44, 47, 48, 51, 52, 54, 57, 
      58, 60, 66, 67, 73, 74, 75, 77, 82, 88, 89, 90 ], 
  [ 1, 3, 4, 6, 13, 17, 22, 25, 32, 33, 39, 40, 41, 47, 48, 49, 57, 58, 63, 
      66, 76, 77, 81, 82, 83, 88 ], 
  [ 3, 4, 5, 7, 8, 9, 10, 11, 12, 14, 15, 16, 18, 19, 20, 21, 22, 24, 26, 
      27, 28, 30, 31, 33, 34, 35, 37, 38, 39, 42, 43, 44, 46, 48, 49, 51, 
      52, 54, 56, 57, 58, 60, 61, 64, 65, 66, 68, 70, 72, 73, 85, 86, 87, 89 
     ], [ 4, 7, 9, 11, 12, 14, 16, 18, 20, 21, 22, 24, 25, 26, 28, 33, 34, 
      35, 36, 37, 38, 39, 41, 42, 44, 47, 48, 49, 50, 51, 52, 55, 56, 58, 
      60, 62, 67, 68, 81, 85, 87, 88, 90 ], 
  [ 7, 9, 11, 12, 16, 21, 23, 24, 31, 34, 36, 38, 44, 46, 47, 50, 52, 56, 
      60, 68, 79, 85, 90 ], 
  [ 9, 12, 14, 16, 23, 24, 25, 34, 35, 36, 38, 41, 44, 46, 47, 50, 52, 56, 
      60, 62, 79, 81, 85, 90 ], 
  [ 7, 9, 12, 15, 16, 23, 24, 25, 27, 31, 34, 35, 36, 38, 43, 44, 46, 47, 
      50, 52, 53, 54, 60, 61, 62, 73, 74, 78, 79, 85, 89, 90 ], 
  [ 2, 6, 7, 9, 11, 12, 16, 21, 23, 24, 25, 31, 34, 36, 44, 46, 47, 50, 52, 
      56, 59, 60, 67, 68, 79, 81, 84, 85, 88, 90 ], 
  [ 3, 4, 6, 7, 8, 9, 11, 12, 13, 14, 16, 18, 21, 22, 23, 24, 25, 28, 34, 
      36, 38, 39, 41, 44, 46, 47, 48, 50, 52, 56, 57, 58, 59, 60, 63, 67, 
      68, 69, 71, 79, 81, 82, 84, 85, 86, 87, 88, 90 ], 
  [ 4, 7, 9, 12, 14, 16, 22, 24, 25, 28, 34, 35, 36, 38, 39, 41, 44, 46, 47, 
      48, 49, 50, 52, 56, 58, 60, 62, 68, 79, 81, 85, 87, 90 ], 
  [ 7, 9, 12, 16, 21, 23, 24, 31, 38, 44, 46, 47, 50, 53, 54, 60, 68, 71, 
      73, 79 ], 
  [ 7, 9, 11, 12, 16, 21, 23, 31, 36, 38, 44, 46, 47, 50, 53, 56, 60, 63, 
      68, 71, 73, 79, 85 ], 
  [ 7, 8, 9, 12, 21, 23, 24, 27, 31, 34, 38, 44, 46, 47, 48, 50, 52, 53, 54, 
      57, 58, 60, 68, 71, 73, 74, 79, 82, 87, 89, 90 ], 
  [ 3, 4, 7, 8, 9, 11, 12, 13, 14, 15, 19, 21, 22, 23, 27, 31, 34, 36, 38, 
      40, 44, 46, 47, 48, 50, 52, 53, 56, 57, 58, 60, 63, 68, 71, 73, 74, 
      79, 82, 85, 87, 89, 90 ], 
  [ 7, 9, 11, 12, 15, 16, 21, 23, 24, 27, 31, 34, 36, 38, 43, 44, 46, 47, 
      50, 52, 53, 54, 60, 61, 73, 74, 78, 79, 85, 89, 90 ], 
  [ 3, 4, 5, 7, 8, 9, 10, 11, 12, 13, 14, 15, 16, 18, 19, 21, 22, 23, 24, 
      26, 27, 28, 30, 31, 34, 36, 37, 38, 39, 40, 42, 43, 44, 46, 48, 50, 
      51, 52, 53, 54, 56, 57, 58, 59, 60, 61, 63, 64, 65, 66, 67, 68, 69, 
      70, 71, 72, 73, 74, 75, 78, 79, 80, 82, 84, 85, 86, 87, 89, 90, 91 ], 
  [ 9, 12, 16, 23, 24, 25, 35, 38, 41, 44, 46, 47, 50, 53, 54, 60, 62, 71, 
      73, 79, 81, 83 ], 
  [ 9, 12, 14, 16, 23, 25, 35, 36, 38, 41, 44, 46, 47, 50, 53, 56, 60, 62, 
      63, 71, 73, 79, 81, 83, 85 ], 
  [ 9, 11, 12, 14, 16, 18, 20, 23, 24, 25, 26, 34, 35, 36, 37, 38, 41, 44, 
      47, 50, 52, 55, 56, 60, 62, 67, 81, 85, 88, 90 ], 
  [ 7, 9, 12, 16, 21, 24, 28, 38, 44, 46, 47, 50, 54, 58, 60, 68, 71, 73, 
      79, 87 ], 
  [ 2, 6, 7, 9, 12, 16, 21, 23, 24, 25, 31, 44, 46, 47, 50, 53, 54, 60, 68, 
      71, 79, 81, 84, 88 ], 
  [ 7, 9, 11, 16, 21, 22, 31, 33, 36, 38, 44, 46, 47, 56, 60, 63, 68, 72, 
      73, 79, 85 ], 
  [ 4, 7, 9, 11, 12, 14, 16, 21, 22, 28, 36, 38, 44, 46, 47, 50, 56, 58, 60, 
      63, 68, 71, 73, 79, 85, 87 ], 
  [ 2, 6, 7, 9, 11, 12, 16, 21, 23, 25, 31, 36, 44, 46, 47, 50, 53, 56, 60, 
      63, 68, 71, 79, 81, 84, 85, 88 ], 
  [ 7, 9, 10, 11, 16, 18, 21, 22, 26, 31, 33, 36, 38, 42, 44, 51, 56, 60, 
      63, 68, 72, 73, 85 ], 
  [ 3, 7, 8, 9, 10, 11, 16, 18, 21, 22, 31, 33, 38, 44, 46, 56, 57, 60, 63, 
      65, 68, 72, 73, 85, 86 ], 
  [ 3, 4, 5, 7, 10, 11, 13, 15, 16, 18, 19, 21, 22, 26, 28, 30, 31, 33, 36, 
      38, 39, 40, 42, 43, 44, 46, 51, 52, 56, 57, 58, 60, 63, 65, 66, 68, 
      72, 73, 85, 86, 89 ], 
  [ 7, 9, 11, 21, 22, 31, 33, 34, 36, 38, 44, 47, 48, 51, 56, 60, 63, 68, 
      72, 73, 74, 79, 82, 85, 90 ], 
  [ 3, 7, 8, 9, 11, 21, 22, 31, 33, 34, 38, 44, 46, 47, 48, 56, 57, 60, 63, 
      68, 72, 73, 79, 82, 85 ], 
  [ 4, 7, 11, 16, 21, 22, 28, 33, 36, 38, 39, 44, 46, 47, 56, 58, 60, 63, 
      66, 68, 72, 73, 79, 85 ], 
  [ 3, 4, 7, 11, 13, 15, 19, 21, 22, 31, 33, 34, 36, 38, 39, 40, 44, 46, 47, 
      48, 51, 52, 56, 57, 58, 60, 63, 66, 68, 72, 73, 74, 79, 82, 85, 89, 90 
     ], [ 6, 7, 9, 12, 16, 21, 24, 25, 28, 41, 44, 46, 47, 50, 54, 58, 60, 
      68, 71, 79, 81, 84, 87, 88 ], 
  [ 7, 9, 12, 16, 24, 25, 28, 35, 38, 41, 44, 46, 47, 49, 50, 54, 58, 60, 
      62, 68, 71, 73, 79, 81, 83, 87 ], 
  [ 7, 9, 10, 11, 16, 18, 21, 22, 26, 33, 36, 38, 42, 51, 56, 63, 68, 69, 
      72, 85 ], 
  [ 7, 9, 10, 11, 16, 18, 21, 22, 26, 31, 33, 36, 38, 42, 44, 51, 52, 56, 
      60, 68, 85 ], 
  [ 7, 9, 10, 11, 15, 16, 18, 21, 22, 26, 27, 31, 33, 36, 38, 42, 43, 51, 
      60, 61, 70, 72, 73, 78, 85 ], 
  [ 2, 7, 9, 10, 11, 16, 18, 21, 22, 25, 26, 31, 33, 36, 42, 44, 51, 55, 56, 
      60, 63, 67, 68, 72, 81, 84, 85, 88 ], 
  [ 2, 7, 9, 10, 11, 16, 18, 21, 22, 25, 26, 33, 36, 42, 51, 55, 56, 63, 67, 
      68, 69, 72, 81, 84, 85, 88 ], 
  [ 3, 4, 5, 7, 10, 11, 13, 16, 18, 21, 22, 26, 28, 33, 36, 38, 39, 42, 51, 
      56, 63, 68, 69, 72, 85, 86 ], 
  [ 3, 4, 5, 7, 8, 10, 13, 18, 21, 22, 28, 30, 33, 38, 39, 40, 42, 48, 49, 
      51, 57, 58, 63, 65, 66, 68, 69, 70, 71, 72, 73, 75, 77, 82, 83, 86, 
      87, 91 ], 
  [ 6, 9, 12, 16, 23, 24, 25, 41, 44, 46, 47, 50, 53, 54, 60, 71, 79, 81, 
      84, 88 ], 
  [ 6, 9, 12, 16, 23, 24, 25, 29, 35, 41, 44, 45, 46, 47, 50, 53, 54, 62, 
      71, 76, 79, 81, 83 ], 
  [ 6, 9, 12, 14, 16, 17, 23, 25, 29, 35, 36, 41, 44, 45, 46, 47, 50, 53, 
      56, 62, 63, 71, 76, 79, 81, 83, 85 ], 
  [ 4, 7, 9, 12, 14, 16, 22, 25, 28, 35, 36, 38, 41, 44, 46, 47, 49, 50, 56, 
      58, 60, 62, 63, 68, 71, 73, 79, 81, 83, 85, 87 ], 
  [ 4, 7, 13, 21, 22, 28, 36, 38, 40, 46, 47, 50, 58, 60, 63, 68, 71, 73, 
      79, 87 ], 
  [ 4, 7, 13, 21, 22, 28, 33, 36, 38, 39, 40, 46, 47, 58, 60, 63, 66, 68, 
      72, 73, 79 ], 
  [ 7, 8, 9, 21, 24, 31, 33, 34, 38, 44, 46, 47, 48, 54, 57, 60, 68, 72, 73, 
      79, 82 ], 
  [ 3, 7, 8, 13, 21, 22, 31, 33, 38, 40, 46, 47, 48, 57, 60, 63, 68, 72, 73, 
      79, 82 ], 
  [ 3, 4, 6, 7, 11, 13, 16, 18, 21, 22, 25, 28, 33, 36, 38, 39, 44, 46, 47, 
      52, 56, 57, 58, 60, 63, 68, 81, 85, 86, 88 ], 
  [ 4, 7, 11, 15, 16, 18, 21, 22, 26, 28, 33, 36, 38, 39, 42, 43, 51, 60, 
      61, 66, 70, 72, 73, 78, 85 ], 
  [ 7, 9, 10, 16, 18, 21, 24, 27, 31, 33, 38, 42, 43, 51, 54, 60, 61, 70, 
      72, 73, 78 ], 
  [ 7, 10, 13, 15, 18, 21, 22, 27, 31, 33, 36, 38, 40, 42, 43, 51, 60, 70, 
      72, 73, 78 ], 
  [ 4, 7, 11, 15, 16, 18, 21, 22, 25, 26, 28, 33, 36, 40, 42, 43, 55, 60, 
      61, 63, 65, 66, 70, 72, 73, 77, 78, 84, 85, 88, 91 ], 
  [ 4, 7, 11, 15, 16, 18, 21, 22, 25, 26, 28, 33, 36, 39, 42, 43, 51, 55, 
      60, 61, 66, 67, 70, 72, 78, 84, 85, 88 ], 
  [ 7, 16, 18, 21, 24, 28, 33, 38, 39, 42, 43, 51, 54, 60, 61, 66, 70, 72, 
      73, 78 ], 
  [ 4, 7, 15, 16, 18, 22, 25, 26, 28, 33, 35, 36, 38, 39, 42, 43, 49, 51, 
      55, 60, 61, 62, 66, 70, 72, 73, 78, 85 ], 
  [ 4, 7, 13, 15, 18, 21, 22, 28, 33, 36, 38, 39, 40, 42, 43, 51, 60, 66, 
      70, 72, 73, 78 ], 
  [ 7, 16, 18, 21, 25, 28, 33, 42, 43, 54, 55, 60, 61, 65, 66, 70, 72, 73, 
      77, 78, 84, 88, 91 ], 
  [ 7, 16, 18, 21, 24, 25, 28, 33, 39, 42, 43, 51, 54, 55, 60, 61, 66, 67, 
      70, 72, 78, 84, 88 ], 
  [ 7, 10, 16, 18, 21, 24, 28, 30, 33, 38, 39, 42, 43, 51, 54, 61, 65, 66, 
      69, 70, 72, 73, 75, 77, 78, 86, 91 ], 
  [ 7, 16, 18, 24, 25, 28, 33, 35, 38, 39, 42, 43, 49, 51, 54, 55, 60, 61, 
      62, 66, 70, 72, 73, 78 ], 
  [ 4, 7, 13, 22, 25, 28, 33, 36, 38, 39, 40, 46, 47, 49, 58, 60, 62, 63, 
      66, 68, 72, 73, 79, 81, 83 ], 
  [ 7, 9, 21, 24, 31, 33, 34, 38, 44, 47, 48, 51, 54, 60, 68, 72, 73, 74, 
      79, 82, 90 ], 
  [ 2, 6, 7, 8, 9, 21, 24, 25, 31, 33, 34, 44, 46, 47, 48, 54, 57, 60, 68, 
      72, 79, 81, 82, 84, 88 ], 
  [ 3, 4, 5, 7, 8, 10, 13, 15, 18, 19, 21, 22, 27, 28, 30, 31, 33, 38, 39, 
      40, 42, 43, 46, 48, 49, 51, 52, 57, 58, 60, 65, 66, 68, 70, 72, 73, 
      86, 87, 89 ], 
  [ 3, 7, 8, 10, 13, 18, 21, 22, 31, 33, 38, 40, 46, 57, 60, 63, 65, 68, 72, 
      73, 86 ], 
  [ 2, 7, 9, 10, 16, 18, 21, 24, 25, 27, 31, 33, 42, 43, 51, 54, 55, 60, 61, 
      67, 70, 72, 78, 84, 88 ], 
  [ 4, 7, 13, 15, 18, 21, 22, 25, 28, 33, 36, 39, 40, 42, 43, 51, 55, 60, 
      66, 67, 70, 72, 78, 84, 88 ], 
  [ 4, 7, 13, 15, 18, 22, 25, 28, 33, 36, 38, 39, 40, 42, 43, 49, 51, 55, 
      60, 62, 66, 70, 72, 73, 78 ], 
  [ 2, 7, 9, 21, 24, 25, 31, 33, 34, 44, 47, 48, 51, 54, 60, 67, 68, 72, 74, 
      79, 81, 82, 84, 88, 90 ], 
  [ 6, 16, 18, 20, 24, 25, 28, 33, 35, 38, 39, 41, 43, 45, 46, 47, 49, 54, 
      55, 60, 61, 62, 64, 65, 66, 69, 70, 72, 73, 77, 78, 79, 81, 83, 84, 
      86, 88, 91 ], 
  [ 3, 4, 6, 14, 17, 22, 25, 34, 35, 39, 41, 44, 46, 47, 48, 49, 56, 57, 58, 
      63, 66, 76, 79, 81, 82, 83, 85 ], 
  [ 6, 24, 25, 34, 35, 39, 41, 44, 46, 47, 48, 49, 54, 57, 58, 66, 76, 79, 
      81, 82, 83 ], 
  [ 3, 4, 6, 13, 17, 22, 25, 39, 40, 41, 46, 47, 48, 49, 57, 58, 63, 66, 76, 
      79, 81, 82, 83 ], 
  [ 6, 16, 18, 20, 24, 25, 28, 30, 32, 33, 35, 38, 39, 41, 43, 44, 45, 46, 
      47, 49, 52, 54, 55, 57, 58, 60, 62, 65, 66, 73, 76, 77, 81, 83, 86, 
      88, 89 ], 
  [ 6, 16, 24, 25, 28, 35, 39, 41, 44, 45, 46, 47, 49, 54, 58, 62, 66, 76, 
      79, 81, 83 ], 
  [ 6, 24, 25, 32, 34, 39, 41, 44, 46, 47, 48, 52, 54, 57, 58, 59, 60, 66, 
      67, 74, 76, 79, 80, 81, 82, 84, 88, 89, 90 ], 
  [ 24, 25, 34, 35, 38, 39, 41, 44, 46, 47, 48, 49, 52, 54, 57, 58, 60, 62, 
      66, 73, 74, 76, 79, 81, 82, 83, 89, 90 ], 
  [ 16, 24, 25, 28, 35, 38, 39, 41, 44, 46, 47, 49, 54, 58, 60, 62, 66, 73, 
      79, 81, 83 ], 
  [ 2, 3, 6, 7, 8, 9, 10, 11, 16, 18, 21, 22, 25, 31, 33, 44, 46, 56, 57, 
      60, 63, 65, 68, 72, 81, 84, 85, 86, 88 ], 
  [ 3, 4, 7, 13, 18, 22, 25, 33, 38, 39, 48, 49, 51, 52, 57, 58, 60, 68, 81 ]
    , [ 3, 4, 7, 13, 15, 18, 22, 25, 30, 33, 38, 39, 40, 48, 49, 51, 52, 57, 
      58, 60, 66, 73, 89 ], 
  [ 3, 4, 7, 18, 22, 25, 33, 34, 35, 38, 39, 44, 48, 49, 51, 52, 56, 57, 58, 
      60, 68, 81, 85 ], 
  [ 3, 4, 7, 15, 18, 22, 25, 30, 33, 34, 35, 38, 39, 44, 48, 49, 51, 52, 57, 
      58, 60, 66, 73, 85, 89 ], 
  [ 7, 18, 24, 25, 33, 34, 35, 38, 39, 44, 48, 49, 51, 52, 57, 58, 60, 68, 
      81 ], [ 7, 18, 24, 25, 30, 33, 34, 35, 38, 39, 44, 48, 49, 51, 52, 54, 
      57, 58, 60, 66, 73, 89 ], 
  [ 3, 4, 7, 18, 22, 25, 30, 33, 34, 35, 38, 39, 44, 48, 49, 51, 57, 58, 63, 
      66, 73, 75, 77, 82, 83, 85 ], 
  [ 3, 4, 7, 13, 18, 22, 25, 30, 33, 38, 39, 40, 48, 49, 51, 57, 58, 63, 66, 
      73, 75, 77, 82, 83 ], 
  [ 7, 18, 24, 25, 30, 33, 34, 35, 38, 39, 44, 48, 49, 51, 54, 57, 58, 66, 
      73, 75, 77, 82, 83 ], 
  [ 3, 4, 7, 16, 18, 22, 25, 28, 30, 33, 35, 38, 39, 44, 49, 57, 58, 63, 65, 
      66, 73, 77, 83, 85, 86 ], 
  [ 7, 16, 18, 24, 25, 28, 30, 33, 35, 38, 39, 44, 49, 54, 57, 58, 65, 66, 
      73, 77, 83, 86 ], 
  [ 4, 7, 16, 18, 22, 25, 26, 28, 30, 33, 35, 42, 44, 49, 55, 58, 63, 65, 
      66, 73, 77, 83, 85 ], 
  [ 3, 4, 7, 13, 18, 22, 25, 28, 30, 33, 38, 39, 40, 49, 57, 58, 63, 65, 66, 
      73, 77, 83, 86 ], 
  [ 7, 16, 18, 25, 28, 30, 33, 35, 42, 44, 49, 54, 55, 58, 65, 66, 73, 77, 
      83 ], [ 4, 7, 18, 22, 25, 28, 30, 33, 40, 42, 49, 55, 58, 63, 65, 66, 
      73, 77, 83 ], 
  [ 4, 11, 14, 15, 16, 18, 22, 25, 26, 28, 36, 39, 41, 43, 55, 60, 61, 66, 
      67, 70, 78, 84, 85, 88 ], 
  [ 16, 18, 24, 25, 28, 39, 41, 43, 54, 55, 60, 61, 66, 67, 70, 78, 84, 88 ],
  [ 4, 13, 15, 18, 22, 25, 28, 36, 39, 40, 41, 43, 55, 60, 66, 67, 70, 78, 
      84, 88 ], 
  [ 7, 13, 15, 21, 23, 27, 31, 36, 38, 40, 43, 46, 47, 50, 52, 53, 60, 73, 
      74, 78, 79, 89, 90 ], 
  [ 7, 13, 15, 23, 25, 27, 31, 36, 38, 40, 43, 46, 47, 50, 52, 53, 60, 62, 
      73, 74, 78, 79, 89, 90 ], 
  [ 13, 15, 23, 25, 27, 36, 38, 40, 41, 43, 46, 47, 50, 52, 53, 60, 62, 73, 
      74, 78, 79, 89, 90 ], 
  [ 2, 6, 7, 8, 9, 12, 20, 21, 24, 25, 27, 29, 32, 33, 34, 35, 41, 47, 48, 
      49, 54, 61, 70, 77, 87, 88 ], 
  [ 3, 8, 13, 19, 22, 31, 33, 38, 46, 47, 48, 49, 52, 56, 57, 60, 68, 81 ], 
  [ 3, 8, 11, 13, 19, 21, 22, 31, 33, 38, 46, 47, 48, 52, 56, 57, 60, 68 ], 
  [ 1, 2, 3, 6, 8, 13, 17, 19, 22, 29, 31, 33, 46, 47, 48, 49, 52, 56, 57, 
      68, 76, 81 ], 
  [ 1, 2, 3, 5, 6, 8, 10, 13, 17, 19, 20, 23, 24, 29, 31, 33, 34, 35, 37, 
      38, 39, 45, 46, 47, 48, 49, 51, 52, 56, 57, 59, 62, 64, 68, 69, 72, 
      76, 79, 81, 82, 83, 86, 90 ], 
  [ 1, 2, 3, 6, 8, 11, 13, 19, 21, 22, 31, 33, 46, 47, 48, 52, 56, 57, 60, 
      68, 81, 88 ], 
  [ 1, 2, 3, 5, 6, 8, 10, 11, 13, 18, 19, 20, 21, 23, 24, 31, 33, 34, 37, 
      38, 39, 46, 47, 48, 51, 52, 56, 57, 59, 60, 64, 67, 68, 69, 72, 79, 
      81, 82, 84, 86, 88, 90 ], 
  [ 3, 8, 19, 20, 31, 33, 34, 35, 38, 46, 47, 48, 49, 52, 56, 57, 60, 68, 81 
     ], [ 3, 8, 13, 19, 22, 31, 33, 38, 40, 46, 47, 48, 49, 56, 57, 60, 63, 
      68, 72, 73, 79, 81, 82, 83 ], 
  [ 3, 5, 8, 10, 13, 18, 19, 22, 31, 33, 38, 39, 46, 48, 49, 51, 52, 56, 57, 
      60, 68, 72, 81, 86 ], 
  [ 1, 3, 4, 5, 6, 8, 11, 13, 14, 18, 19, 20, 21, 22, 28, 33, 38, 39, 41, 
      46, 47, 48, 49, 52, 56, 57, 58, 60, 68, 81, 86, 87, 88 ], 
  [ 3, 8, 11, 13, 15, 19, 21, 22, 27, 31, 33, 38, 40, 46, 47, 48, 52, 57, 
      60, 73, 89 ], 
  [ 3, 8, 11, 13, 19, 21, 22, 31, 33, 38, 40, 46, 47, 48, 56, 57, 60, 63, 
      68, 72, 73, 79, 82 ], 
  [ 3, 5, 8, 10, 11, 13, 18, 19, 21, 22, 31, 33, 38, 39, 46, 48, 51, 52, 56, 
      57, 60, 68, 72, 86 ], 
  [ 6, 20, 24, 33, 34, 35, 39, 44, 46, 47, 48, 49, 52, 56, 57, 58, 68, 76, 
      81 ], [ 6, 11, 20, 21, 24, 32, 33, 34, 39, 44, 47, 48, 54, 57, 58, 66, 
      77, 82, 88 ], 
  [ 3, 4, 5, 13, 18, 19, 22, 33, 38, 39, 48, 49, 51, 52, 56, 57, 58, 60, 68, 
      81 ], 
  [ 18, 20, 24, 33, 34, 35, 37, 38, 39, 44, 48, 49, 51, 52, 56, 57, 58, 60, 
      68, 81 ], 
  [ 16, 18, 20, 26, 28, 30, 33, 35, 42, 44, 49, 54, 55, 58, 65, 66, 73, 77, 
      83 ], [ 4, 5, 18, 22, 26, 28, 30, 33, 40, 42, 49, 55, 58, 63, 65, 66, 
      73, 77, 83 ], 
  [ 3, 4, 19, 20, 33, 34, 35, 38, 39, 46, 47, 48, 49, 52, 56, 57, 58, 60, 
      68, 81 ], 
  [ 19, 20, 24, 31, 33, 34, 35, 37, 38, 39, 44, 46, 47, 48, 49, 51, 52, 54, 
      56, 57, 58, 60, 62, 64, 66, 68, 72, 73, 74, 76, 79, 81, 82, 83, 89, 90 
     ], [ 3, 8, 19, 20, 31, 33, 34, 35, 38, 46, 47, 48, 49, 56, 57, 60, 64, 
      68, 72, 73, 79, 81, 82, 83 ], 
  [ 3, 5, 8, 10, 18, 19, 20, 24, 31, 33, 34, 35, 37, 38, 39, 46, 48, 49, 51, 
      52, 56, 57, 60, 64, 68, 72, 81, 86 ], 
  [ 2, 6, 8, 9, 20, 24, 29, 31, 33, 34, 35, 44, 46, 47, 48, 49, 52, 56, 57, 
      68, 76, 81 ], 
  [ 1, 2, 6, 11, 19, 20, 21, 24, 31, 32, 33, 34, 37, 39, 44, 46, 47, 48, 51, 
      52, 54, 56, 57, 58, 59, 60, 64, 66, 67, 68, 72, 74, 76, 79, 80, 81, 
      82, 84, 88, 89, 90 ], 
  [ 6, 16, 20, 24, 28, 33, 35, 38, 39, 44, 45, 46, 47, 49, 52, 56, 57, 58, 
      62, 68, 76, 81, 83, 86 ], 
  [ 6, 20, 24, 33, 34, 35, 39, 44, 46, 47, 48, 49, 54, 56, 57, 58, 64, 66, 
      68, 72, 76, 79, 81, 82, 83 ], 
  [ 2, 6, 8, 9, 11, 20, 21, 24, 32, 33, 34, 44, 47, 48, 54, 57, 77, 82, 88 ],
  [ 1, 2, 3, 5, 6, 8, 10, 11, 13, 15, 18, 19, 20, 21, 23, 24, 27, 30, 31, 
      32, 33, 34, 37, 38, 39, 40, 43, 46, 47, 48, 51, 52, 53, 54, 57, 59, 
      60, 61, 64, 65, 66, 67, 69, 70, 72, 73, 74, 75, 77, 78, 79, 80, 82, 
      84, 86, 88, 89, 90, 91 ], 
  [ 11, 18, 20, 21, 24, 30, 32, 33, 34, 37, 38, 39, 44, 47, 48, 51, 52, 54, 
      57, 58, 60, 66, 67, 73, 74, 75, 77, 82, 88, 89, 90 ], 
  [ 9, 10, 16, 18, 20, 26, 30, 33, 35, 42, 44, 49, 54, 55, 65, 73, 77, 83 ], 
  [ 5, 10, 16, 18, 19, 20, 24, 26, 28, 30, 31, 33, 35, 37, 38, 39, 42, 43, 
      44, 45, 46, 49, 51, 52, 54, 55, 56, 57, 58, 60, 62, 64, 65, 66, 68, 
      72, 73, 76, 81, 83, 86, 89 ], 
  [ 16, 18, 20, 24, 26, 28, 30, 33, 35, 37, 38, 39, 42, 44, 49, 51, 54, 55, 
      58, 62, 66, 73, 75, 77, 83 ], 
  [ 9, 10, 16, 18, 20, 26, 27, 30, 31, 33, 35, 42, 43, 44, 49, 54, 55, 60, 
      65, 73, 89 ], 
  [ 9, 10, 16, 18, 20, 26, 31, 33, 35, 42, 44, 49, 54, 55, 56, 60, 64, 65, 
      68, 72, 73, 81, 83 ], 
  [ 9, 10, 16, 18, 20, 26, 33, 35, 42, 49, 54, 55, 61, 64, 65, 70, 72, 73, 
      77, 83, 91 ], 
  [ 9, 10, 16, 18, 20, 24, 26, 30, 33, 35, 37, 38, 42, 44, 49, 51, 54, 55, 
      62, 73, 75, 77, 83 ], 
  [ 2, 9, 10, 16, 20, 26, 27, 29, 30, 31, 32, 33, 35, 42, 43, 44, 45, 49, 
      53, 54, 55, 62, 65, 73, 76, 77, 83, 89 ], 
  [ 1, 4, 5, 11, 18, 21, 22, 26, 28, 30, 32, 33, 40, 42, 55, 58, 63, 65, 66, 
      77, 88 ], 
  [ 4, 5, 11, 18, 21, 22, 26, 28, 30, 33, 40, 42, 58, 63, 65, 66, 73, 77 ], 
  [ 1, 4, 5, 17, 22, 26, 28, 30, 32, 33, 40, 42, 45, 49, 55, 58, 63, 65, 66, 
      76, 77, 83 ], 
  [ 4, 5, 13, 18, 22, 26, 28, 30, 33, 36, 38, 39, 40, 42, 49, 51, 55, 58, 
      62, 63, 66, 73, 75, 77, 83 ], 
  [ 3, 4, 5, 11, 13, 18, 21, 22, 28, 30, 33, 38, 39, 40, 57, 58, 63, 65, 66, 
      73, 77, 86 ], 
  [ 4, 5, 11, 13, 18, 21, 22, 26, 28, 30, 33, 36, 38, 39, 40, 42, 51, 58, 
      63, 66, 73, 75, 77 ], 
  [ 2, 6, 8, 9, 11, 20, 21, 24, 27, 32, 33, 34, 47, 48, 54, 61, 70, 77, 88 ],
  [ 1, 2, 6, 8, 9, 11, 12, 14, 20, 21, 23, 24, 27, 29, 32, 34, 37, 41, 47, 
      48, 50, 53, 54, 59, 61, 64, 67, 69, 70, 71, 74, 75, 77, 78, 79, 80, 
      82, 84, 87, 88, 90, 91 ], 
  [ 2, 6, 8, 9, 11, 20, 21, 24, 33, 34, 47, 48, 54, 61, 64, 69, 70, 72, 77, 
      79, 82, 84, 88, 91 ], 
  [ 2, 6, 8, 9, 11, 20, 21, 24, 27, 31, 32, 33, 34, 44, 46, 47, 48, 52, 54, 
      57, 60, 88, 89 ], 
  [ 2, 6, 8, 9, 11, 20, 21, 24, 31, 33, 34, 44, 46, 47, 48, 54, 56, 57, 60, 
      64, 68, 72, 79, 81, 82, 84, 88 ], 
  [ 2, 6, 8, 9, 11, 12, 20, 21, 23, 24, 32, 34, 44, 47, 53, 54, 57, 71, 77, 
      82, 88 ], 
  [ 2, 8, 9, 10, 11, 18, 20, 21, 23, 24, 27, 30, 31, 32, 33, 34, 37, 38, 44, 
      47, 48, 51, 52, 53, 54, 57, 60, 67, 73, 74, 75, 77, 82, 88, 89, 90 ], 
  [ 2, 6, 8, 9, 11, 20, 21, 24, 27, 31, 33, 34, 46, 47, 48, 54, 60, 61, 64, 
      70, 72, 79, 84, 88 ], 
  [ 2, 8, 9, 10, 11, 18, 20, 21, 23, 24, 27, 31, 33, 34, 37, 38, 47, 48, 51, 
      53, 54, 60, 61, 64, 67, 69, 70, 72, 73, 74, 75, 77, 78, 79, 82, 84, 
      88, 90, 91 ], 
  [ 2, 6, 8, 9, 12, 20, 23, 24, 29, 34, 35, 47, 56, 64, 68, 69, 71, 79, 81, 
      82, 83 ], 
  [ 1, 2, 5, 10, 13, 17, 19, 22, 26, 29, 31, 36, 42, 45, 51, 52, 55, 56, 59, 
      67, 68, 76, 81 ], 
  [ 11, 16, 18, 20, 21, 24, 26, 28, 33, 37, 38, 39, 42, 43, 51, 54, 60, 61, 
      64, 66, 70, 72, 73, 78 ], 
  [ 1, 3, 4, 5, 13, 17, 19, 22, 33, 39, 48, 49, 51, 52, 56, 57, 58, 68, 76, 
      81 ], 
  [ 1, 3, 4, 5, 13, 17, 19, 20, 33, 34, 35, 37, 38, 39, 47, 48, 49, 51, 52, 
      56, 57, 58, 62, 68, 76, 81, 82, 83, 90 ], 
  [ 3, 4, 5, 11, 13, 18, 19, 21, 22, 33, 38, 39, 48, 51, 52, 56, 57, 58, 60, 
      68 ], 
  [ 1, 3, 4, 5, 11, 13, 18, 19, 21, 22, 33, 39, 48, 51, 52, 56, 57, 58, 60, 
      67, 68, 81, 88 ], 
  [ 1, 3, 4, 5, 11, 13, 18, 19, 20, 21, 33, 34, 37, 38, 39, 47, 48, 51, 52, 
      56, 57, 58, 60, 67, 68, 81, 82, 88, 90 ], 
  [ 3, 4, 5, 18, 19, 20, 33, 34, 35, 37, 38, 39, 48, 49, 51, 52, 56, 57, 58, 
      60, 68, 81 ], 
  [ 3, 4, 5, 13, 18, 19, 22, 33, 38, 39, 40, 48, 49, 51, 56, 57, 58, 60, 63, 
      66, 68, 72, 73, 81, 82, 83 ], 
  [ 11, 18, 20, 21, 24, 33, 34, 37, 38, 39, 44, 47, 48, 51, 52, 56, 57, 58, 
      60, 67, 68, 81, 82, 88, 90 ], 
  [ 18, 20, 24, 33, 34, 35, 37, 38, 39, 44, 48, 49, 51, 54, 56, 57, 58, 60, 
      64, 66, 68, 72, 73, 81, 82, 83 ], 
  [ 3, 4, 11, 19, 20, 21, 33, 34, 38, 39, 46, 47, 48, 52, 56, 57, 58, 60, 68 
     ], [ 1, 3, 4, 6, 11, 19, 20, 21, 33, 34, 39, 46, 47, 48, 52, 56, 57, 
      58, 60, 68, 81, 88 ], 
  [ 3, 4, 19, 20, 33, 34, 35, 38, 39, 46, 47, 48, 49, 56, 57, 58, 60, 64, 
      66, 68, 72, 73, 79, 81, 82, 83 ], 
  [ 3, 4, 11, 15, 19, 20, 21, 33, 34, 38, 39, 46, 47, 48, 52, 57, 58, 60, 
      66, 73, 89 ], 
  [ 11, 19, 20, 21, 24, 31, 33, 34, 37, 38, 39, 44, 46, 47, 48, 51, 52, 54, 
      56, 57, 58, 60, 64, 66, 68, 72, 73, 74, 79, 82, 89, 90 ], 
  [ 3, 4, 11, 19, 20, 21, 33, 34, 38, 39, 46, 47, 48, 56, 57, 58, 60, 64, 
      66, 68, 72, 73, 79, 82 ], 
  [ 1, 4, 5, 13, 17, 19, 22, 26, 28, 33, 36, 39, 42, 45, 49, 51, 52, 55, 56, 
      58, 62, 68, 76, 81 ], 
  [ 1, 4, 13, 17, 19, 22, 33, 36, 39, 47, 48, 49, 51, 52, 56, 58, 62, 68, 
      76, 81, 90 ], 
  [ 1, 2, 3, 5, 6, 8, 10, 13, 17, 19, 22, 29, 31, 33, 39, 45, 46, 48, 49, 
      51, 52, 56, 57, 59, 68, 72, 76, 81, 86 ], 
  [ 1, 3, 4, 5, 6, 13, 17, 19, 22, 28, 33, 39, 45, 46, 49, 52, 56, 57, 58, 
      68, 76, 81, 86 ], 
  [ 1, 3, 4, 5, 6, 8, 13, 14, 17, 19, 22, 28, 29, 39, 41, 45, 46, 48, 49, 
      52, 56, 57, 58, 59, 68, 76, 81, 86, 87 ], 
  [ 1, 3, 4, 5, 13, 17, 19, 22, 39, 48, 51, 52, 56, 57, 58, 59, 67, 68, 76, 
      81 ], 
  [ 1, 3, 4, 5, 13, 17, 19, 22, 33, 39, 40, 48, 49, 51, 56, 57, 58, 63, 66, 
      68, 72, 76, 81, 82, 83 ], 
  [ 3, 4, 5, 11, 13, 15, 18, 19, 21, 22, 30, 33, 38, 39, 40, 48, 51, 52, 57, 
      58, 60, 66, 73, 89 ], 
  [ 3, 4, 5, 11, 13, 18, 19, 21, 22, 33, 38, 39, 40, 48, 51, 56, 57, 58, 60, 
      63, 66, 68, 72, 73, 82 ], 
  [ 1, 2, 3, 5, 6, 8, 10, 11, 13, 18, 19, 21, 22, 31, 33, 39, 46, 48, 51, 
      52, 56, 57, 59, 60, 67, 68, 72, 81, 84, 86, 88 ], 
  [ 1, 3, 4, 5, 11, 13, 19, 21, 22, 39, 48, 51, 52, 56, 57, 58, 59, 67, 68 ],
  [ 1, 3, 4, 5, 6, 8, 11, 13, 14, 18, 19, 21, 22, 28, 39, 41, 46, 48, 52, 
      56, 57, 58, 59, 60, 67, 68, 81, 84, 86, 87, 88 ], 
  [ 1, 2, 3, 5, 8, 10, 13, 17, 19, 22, 29, 31, 48, 51, 52, 56, 57, 59, 67, 
      68, 76, 81 ], 
  [ 1, 3, 4, 5, 13, 14, 17, 19, 22, 39, 41, 48, 52, 56, 57, 58, 59, 67, 76, 
      81 ], [ 1, 3, 4, 5, 8, 13, 14, 17, 19, 22, 29, 41, 48, 52, 56, 57, 58, 
      59, 67, 68, 76, 81, 87 ], 
  [ 1, 3, 4, 5, 13, 17, 19, 34, 37, 39, 48, 51, 52, 56, 57, 58, 59, 67, 68, 
      76, 81, 82, 90 ], 
  [ 1, 3, 4, 5, 11, 13, 15, 19, 21, 22, 30, 32, 39, 40, 48, 51, 52, 57, 58, 
      59, 66, 67, 80, 89 ], 
  [ 1, 3, 4, 5, 11, 13, 19, 21, 34, 37, 39, 48, 51, 52, 56, 57, 58, 59, 67, 
      68, 82, 90 ], 
  [ 1, 3, 4, 5, 13, 14, 15, 17, 19, 22, 30, 32, 39, 40, 41, 48, 52, 57, 58, 
      59, 66, 67, 76, 80, 89 ], 
  [ 2, 9, 10, 16, 20, 24, 26, 29, 33, 35, 37, 42, 45, 49, 51, 55, 56, 62, 
      64, 68, 69, 72, 81, 83 ], 
  [ 3, 4, 7, 13, 15, 22, 25, 33, 38, 39, 40, 46, 47, 48, 49, 60, 66, 70, 72, 
      73, 79 ], 
  [ 3, 4, 13, 15, 22, 25, 38, 39, 40, 41, 46, 47, 48, 49, 60, 66, 70, 73, 79 
     ], [ 3, 4, 8, 13, 14, 15, 19, 22, 27, 38, 40, 41, 46, 47, 48, 49, 60, 
      70, 73, 79, 87 ], 
  [ 1, 3, 4, 6, 13, 15, 17, 19, 22, 25, 33, 39, 40, 41, 46, 47, 48, 49, 60, 
      66, 70, 72, 79, 81, 84, 88 ], 
  [ 3, 4, 13, 14, 15, 19, 22, 38, 39, 40, 41, 46, 47, 48, 49, 60, 66, 70, 
      73, 79 ], 
  [ 1, 3, 4, 6, 13, 14, 15, 17, 19, 22, 39, 40, 41, 46, 47, 48, 49, 66, 70, 
      79 ], 
  [ 1, 3, 4, 6, 11, 13, 14, 15, 19, 22, 39, 40, 41, 46, 47, 48, 60, 66, 70, 
      79, 84, 88 ], 
  [ 3, 4, 11, 13, 14, 15, 19, 22, 38, 39, 40, 46, 47, 48, 60, 66, 70, 73, 79 
     ], [ 3, 4, 13, 15, 19, 22, 33, 38, 39, 40, 46, 47, 48, 49, 60, 66, 70, 
      72, 73, 79 ], 
  [ 3, 4, 8, 11, 13, 14, 15, 19, 21, 22, 27, 38, 40, 46, 47, 48, 60, 70, 73, 
      79, 87 ], 
  [ 3, 4, 11, 13, 15, 19, 21, 22, 33, 38, 39, 40, 46, 47, 48, 60, 66, 70, 
      72, 73, 79 ], 
  [ 1, 3, 4, 6, 13, 14, 15, 17, 22, 32, 39, 40, 41, 47, 48, 49, 66, 70, 77 ],
  [ 1, 3, 4, 6, 13, 14, 15, 17, 19, 22, 32, 39, 40, 41, 46, 47, 48, 49, 52, 
      57, 58, 66, 76, 89 ], 
  [ 1, 3, 4, 5, 6, 8, 13, 14, 15, 17, 19, 22, 27, 28, 29, 30, 32, 39, 40, 
      41, 43, 45, 46, 48, 49, 52, 57, 58, 59, 65, 66, 70, 76, 80, 86, 87, 89 
     ], [ 1, 3, 4, 6, 8, 13, 14, 15, 17, 19, 22, 27, 29, 40, 41, 46, 47, 48, 
      49, 70, 79, 87 ], 
  [ 1, 3, 4, 6, 8, 13, 14, 15, 17, 22, 27, 29, 32, 40, 41, 47, 48, 49, 70, 
      77, 87 ], 
  [ 1, 3, 4, 6, 13, 15, 17, 22, 25, 32, 33, 39, 40, 41, 47, 48, 49, 66, 70, 
      77, 88 ], 
  [ 9, 10, 11, 16, 18, 20, 21, 24, 26, 27, 31, 33, 37, 38, 42, 43, 51, 54, 
      60, 61, 64, 70, 72, 73, 78 ], 
  [ 5, 10, 11, 13, 15, 18, 19, 21, 22, 26, 27, 31, 33, 36, 38, 40, 42, 43, 
      51, 60, 70, 72, 73, 78 ], 
  [ 9, 11, 20, 21, 24, 31, 33, 34, 37, 38, 44, 47, 48, 51, 54, 56, 60, 64, 
      68, 72, 73, 74, 79, 82, 90 ], 
  [ 3, 5, 8, 10, 11, 13, 18, 19, 21, 22, 31, 33, 38, 40, 46, 56, 57, 60, 63, 
      65, 68, 72, 73, 86 ], 
  [ 3, 8, 11, 13, 15, 19, 21, 22, 27, 31, 33, 38, 40, 46, 47, 48, 60, 70, 
      72, 73, 79 ], 
  [ 11, 13, 15, 19, 21, 22, 27, 31, 33, 36, 38, 39, 40, 43, 46, 47, 48, 51, 
      52, 60, 66, 70, 72, 73, 74, 78, 79, 89, 90 ], 
  [ 3, 5, 8, 10, 11, 13, 15, 18, 19, 21, 22, 27, 30, 31, 33, 38, 39, 40, 43, 
      46, 48, 51, 52, 57, 60, 65, 66, 70, 72, 73, 86, 89 ], 
  [ 9, 10, 16, 18, 20, 24, 26, 27, 30, 31, 33, 35, 37, 38, 42, 43, 44, 49, 
      51, 52, 54, 55, 60, 62, 73, 89 ], 
  [ 9, 10, 16, 18, 20, 24, 26, 33, 35, 37, 38, 42, 49, 51, 54, 55, 61, 62, 
      64, 69, 70, 72, 73, 75, 77, 78, 83, 91 ], 
  [ 1, 3, 4, 5, 6, 11, 13, 18, 21, 22, 28, 30, 32, 33, 39, 40, 57, 58, 63, 
      65, 66, 77, 86, 88 ], 
  [ 1, 4, 5, 11, 13, 18, 21, 22, 26, 28, 30, 32, 33, 36, 39, 40, 42, 51, 55, 
      58, 63, 66, 67, 75, 77, 88 ], 
  [ 2, 6, 9, 11, 12, 16, 20, 21, 23, 24, 32, 44, 47, 50, 53, 54, 71, 77, 88 ]
    , [ 2, 8, 9, 10, 11, 12, 18, 20, 21, 23, 24, 30, 32, 34, 37, 44, 53, 54, 
      57, 67, 71, 75, 77, 82, 88 ], 
  [ 2, 6, 8, 9, 10, 16, 20, 23, 24, 29, 31, 33, 35, 38, 45, 46, 47, 49, 56, 
      62, 64, 68, 69, 72, 79, 81, 83, 86 ], 
  [ 6, 8, 9, 12, 14, 20, 23, 24, 29, 34, 35, 41, 47, 56, 64, 69, 71, 79, 81, 
      82, 83 ], 
  [ 6, 8, 9, 12, 14, 20, 24, 29, 34, 35, 41, 47, 48, 49, 56, 64, 68, 69, 71, 
      79, 81, 82, 83, 87 ], 
  [ 2, 6, 8, 9, 12, 20, 23, 24, 29, 31, 34, 35, 44, 46, 47, 53, 54, 56, 57, 
      64, 68, 71, 76, 79, 81, 82, 83 ], 
  [ 3, 4, 11, 15, 19, 20, 21, 33, 34, 38, 39, 46, 47, 48, 60, 61, 64, 66, 
      70, 72, 73, 79 ], 
  [ 1, 4, 13, 17, 19, 22, 33, 36, 39, 40, 47, 48, 49, 51, 56, 58, 62, 63, 
      66, 68, 72, 74, 76, 79, 81, 82, 83, 90 ], 
  [ 3, 4, 7, 13, 15, 18, 22, 25, 33, 38, 39, 40, 48, 49, 51, 60, 66, 70, 72, 
      73 ], 
  [ 3, 4, 7, 11, 13, 15, 18, 21, 22, 25, 33, 34, 36, 38, 39, 40, 47, 48, 51, 
      60, 61, 63, 66, 67, 69, 70, 72, 73, 74, 75, 77, 78, 79, 82, 84, 85, 
      88, 90, 91 ], 
  [ 3, 4, 7, 13, 15, 21, 22, 33, 38, 39, 40, 46, 47, 48, 60, 66, 70, 72, 73, 
      79 ], 
  [ 3, 4, 7, 15, 22, 25, 33, 34, 35, 38, 39, 46, 47, 48, 49, 60, 61, 66, 70, 
      72, 73, 79, 85 ], 
  [ 3, 4, 7, 15, 18, 22, 25, 33, 34, 35, 38, 39, 48, 49, 51, 60, 61, 66, 70, 
      72, 73, 85 ], 
  [ 3, 4, 7, 11, 15, 21, 22, 33, 34, 38, 39, 46, 47, 48, 60, 61, 66, 70, 72, 
      73, 79, 85 ], 
  [ 1, 3, 4, 6, 8, 11, 13, 14, 15, 19, 21, 22, 27, 40, 41, 46, 47, 48, 60, 
      70, 79, 84, 87, 88 ], 
  [ 3, 4, 5, 11, 13, 15, 18, 19, 21, 22, 33, 38, 39, 40, 48, 51, 60, 66, 70, 
      72, 73 ], 
  [ 1, 3, 4, 6, 11, 13, 15, 19, 21, 22, 33, 39, 40, 46, 47, 48, 60, 66, 70, 
      72, 79, 84, 88 ], 
  [ 4, 11, 13, 15, 19, 21, 22, 28, 33, 36, 38, 39, 40, 43, 46, 47, 60, 66, 
      70, 72, 73, 78, 79 ], 
  [ 1, 3, 4, 6, 8, 13, 14, 15, 17, 19, 22, 27, 29, 32, 40, 41, 46, 47, 48, 
      49, 52, 57, 58, 76, 87, 89 ], 
  [ 1, 3, 4, 5, 11, 13, 15, 18, 19, 21, 22, 33, 39, 40, 48, 51, 60, 66, 67, 
      70, 72, 84, 88 ], 
  [ 2, 9, 10, 16, 20, 24, 26, 29, 31, 33, 35, 37, 42, 44, 45, 49, 51, 52, 
      55, 56, 62, 68, 76, 81 ], 
  [ 6, 16, 20, 24, 28, 33, 35, 38, 39, 45, 46, 47, 49, 56, 62, 64, 68, 69, 
      72, 79, 81, 83, 86 ], 
  [ 1, 2, 3, 6, 8, 13, 17, 19, 22, 29, 31, 33, 40, 46, 47, 48, 49, 56, 57, 
      63, 68, 72, 76, 79, 81, 82, 83 ], 
  [ 1, 4, 5, 13, 17, 22, 26, 28, 30, 32, 33, 36, 39, 40, 42, 45, 49, 51, 55, 
      58, 62, 63, 66, 75, 76, 77, 83 ], 
  [ 3, 4, 5, 18, 19, 20, 33, 34, 35, 37, 38, 39, 48, 49, 51, 56, 57, 58, 60, 
      64, 66, 68, 72, 73, 81, 82, 83 ], 
  [ 1, 2, 13, 17, 19, 22, 29, 31, 36, 48, 51, 52, 56, 59, 67, 68, 76, 81, 90 
     ], [ 1, 2, 3, 5, 8, 10, 13, 17, 19, 23, 29, 31, 34, 37, 48, 51, 52, 56, 
      57, 59, 67, 68, 76, 81, 82, 90 ], 
  [ 1, 2, 5, 10, 13, 17, 19, 23, 26, 29, 31, 36, 37, 42, 45, 50, 51, 52, 55, 
      56, 59, 62, 67, 68, 76, 81, 90 ], 
  [ 3, 4, 7, 18, 22, 25, 33, 34, 35, 38, 39, 48, 49, 51, 61, 63, 66, 69, 70, 
      72, 73, 75, 77, 82, 83, 85, 91 ], 
  [ 11, 16, 18, 20, 21, 24, 26, 28, 33, 37, 39, 42, 43, 51, 54, 55, 60, 61, 
      64, 66, 67, 70, 72, 78, 84, 88 ], 
  [ 11, 13, 15, 19, 21, 23, 27, 31, 36, 38, 40, 43, 46, 47, 50, 52, 53, 60, 
      73, 74, 78, 79, 89, 90 ], 
  [ 3, 8, 11, 19, 20, 21, 31, 33, 34, 38, 46, 47, 48, 56, 57, 60, 64, 68, 
      72, 73, 79, 82 ], 
  [ 3, 5, 8, 10, 11, 18, 19, 20, 21, 31, 33, 34, 37, 38, 48, 51, 56, 57, 60, 
      64, 68, 72, 73, 82 ], 
  [ 9, 10, 16, 18, 20, 24, 26, 31, 33, 35, 37, 38, 42, 44, 49, 51, 54, 55, 
      56, 60, 62, 64, 68, 72, 73, 81, 83 ], 
  [ 2, 9, 10, 16, 20, 24, 26, 29, 30, 32, 33, 35, 37, 42, 44, 45, 49, 51, 
      54, 55, 62, 75, 76, 77, 83 ], 
  [ 1, 3, 4, 5, 11, 13, 15, 18, 19, 21, 22, 30, 32, 33, 39, 40, 48, 51, 52, 
      57, 58, 60, 66, 67, 88, 89 ], 
  [ 1, 3, 4, 5, 11, 13, 18, 19, 21, 22, 33, 39, 40, 48, 51, 56, 57, 58, 60, 
      63, 66, 67, 68, 72, 81, 82, 84, 88 ], 
  [ 1, 4, 17, 19, 34, 37, 39, 48, 51, 56, 58, 59, 64, 66, 67, 68, 72, 74, 
      76, 79, 80, 81, 82, 84, 90 ], 
  [ 1, 3, 4, 5, 17, 19, 34, 37, 39, 48, 51, 56, 57, 58, 59, 64, 66, 67, 68, 
      72, 76, 80, 81, 82, 84 ], 
  [ 6, 16, 20, 24, 28, 33, 35, 39, 44, 45, 46, 49, 54, 56, 57, 58, 64, 65, 
      66, 68, 72, 76, 81, 83, 86 ], 
  [ 6, 16, 20, 24, 28, 33, 35, 39, 44, 45, 46, 47, 49, 54, 56, 58, 62, 64, 
      66, 68, 72, 76, 79, 81, 83 ], 
  [ 2, 9, 10, 16, 20, 24, 26, 29, 31, 33, 35, 37, 42, 44, 45, 49, 51, 54, 
      55, 56, 62, 64, 68, 72, 76, 81, 83 ], 
  [ 2, 8, 9, 10, 20, 24, 29, 31, 33, 34, 35, 37, 44, 48, 49, 51, 54, 56, 57, 
      64, 68, 72, 76, 81, 82, 83 ], 
  [ 13, 15, 19, 23, 27, 31, 36, 38, 40, 43, 46, 47, 50, 52, 53, 60, 62, 73, 
      74, 78, 79, 89, 90 ], 
  [ 3, 5, 8, 10, 18, 19, 20, 31, 33, 35, 38, 46, 49, 56, 57, 60, 64, 65, 68, 
      72, 73, 81, 83, 86 ], 
  [ 3, 5, 8, 10, 18, 19, 20, 31, 33, 34, 35, 37, 38, 48, 49, 51, 56, 57, 60, 
      64, 68, 72, 73, 81, 82, 83 ], 
  [ 1, 4, 5, 13, 17, 19, 22, 26, 28, 33, 36, 39, 40, 42, 45, 49, 51, 55, 56, 
      58, 62, 63, 66, 68, 72, 76, 81, 83 ], 
  [ 2, 9, 10, 16, 20, 24, 26, 29, 33, 35, 37, 42, 45, 49, 51, 54, 55, 61, 
      62, 64, 69, 70, 72, 75, 77, 78, 83, 91 ], 
  [ 1, 2, 5, 10, 17, 20, 26, 29, 33, 35, 37, 42, 45, 49, 51, 55, 56, 62, 64, 
      68, 69, 72, 81, 83 ], 
  [ 1, 2, 5, 10, 11, 13, 15, 18, 19, 21, 22, 26, 27, 31, 33, 36, 40, 42, 43, 
      51, 55, 60, 67, 70, 72, 78, 84, 88 ], 
  [ 1, 2, 3, 5, 6, 8, 10, 11, 13, 18, 19, 21, 22, 31, 33, 40, 46, 56, 57, 
      60, 63, 65, 68, 72, 81, 84, 86, 88 ], 
  [ 2, 9, 10, 16, 20, 24, 26, 27, 29, 30, 31, 32, 33, 35, 37, 42, 43, 44, 
      45, 49, 51, 52, 54, 55, 62, 76, 89 ], 
  [ 1, 2, 3, 5, 6, 8, 10, 17, 19, 20, 29, 31, 33, 35, 45, 46, 49, 56, 57, 
      64, 65, 68, 72, 76, 81, 83, 86 ], 
  [ 1, 2, 5, 10, 17, 19, 20, 26, 29, 31, 33, 35, 37, 42, 45, 49, 51, 55, 56, 
      62, 64, 68, 72, 76, 81, 83 ] ];
