return 
[ [ 3, 4, 5, 6, 7, 14, 15, 16, 17, 19, 22, 32, 38, 39, 42, 43, 57, 58 ], 
  [ 3, 4, 5, 6, 7, 14, 15, 16, 17, 19, 22, 23, 32, 33, 38, 39, 43, 57 ], 
  [ 3, 4, 5, 6, 7, 14, 15, 16, 17, 19, 21, 22, 23, 33, 38, 39, 43, 55 ], 
  [ 4, 5, 6, 7, 14, 15, 16, 17, 22, 23, 25, 32, 33, 38, 39, 43, 51, 57 ], 
  [ 3, 5, 6, 7, 14, 15, 16, 17, 19, 22, 28, 32, 38, 39, 42, 43, 57, 58 ], 
  [ 3, 5, 6, 7, 14, 15, 16, 17, 19, 22, 23, 28, 32, 33, 38, 39, 43, 57 ], 
  [ 3, 5, 6, 7, 14, 15, 16, 17, 19, 21, 22, 23, 28, 33, 38, 39, 43, 55 ], 
  [ 1, 4, 5, 6, 7, 10, 14, 16, 17, 22, 23, 25, 32, 33, 38, 43, 51, 57, 61 ], 
  [ 3, 4, 8, 12, 14, 16, 19, 24, 27, 31, 32, 36, 38, 42, 45, 50, 54, 57, 58 ]
    , [ 3, 8, 12, 14, 16, 19, 24, 27, 28, 31, 32, 36, 38, 42, 45, 50, 54, 
      57, 58 ], 
  [ 1, 3, 4, 5, 6, 7, 10, 12, 14, 16, 17, 19, 22, 32, 38, 42, 43, 57, 58, 61 
     ], [ 1, 3, 4, 5, 6, 7, 10, 12, 14, 16, 17, 19, 22, 23, 32, 33, 38, 43, 
      57, 61 ], 
  [ 1, 3, 4, 5, 6, 7, 10, 12, 14, 16, 17, 19, 21, 22, 23, 33, 38, 43, 55, 61 
     ], [ 1, 3, 4, 5, 8, 12, 14, 16, 19, 27, 32, 33, 38, 40, 45, 50, 54, 57, 
      59, 60 ], 
  [ 1, 3, 4, 5, 8, 12, 14, 16, 19, 27, 33, 38, 45, 48, 50, 55, 57, 59, 60, 
      66 ], [ 1, 3, 4, 5, 8, 12, 14, 16, 19, 21, 27, 33, 38, 40, 45, 50, 54, 
      55, 59, 60 ], 
  [ 3, 4, 8, 12, 14, 16, 19, 24, 27, 31, 32, 33, 36, 38, 44, 45, 50, 54, 57, 
      60 ], 
  [ 2, 3, 4, 8, 12, 13, 16, 18, 24, 26, 27, 31, 32, 41, 42, 45, 47, 54, 57, 
      58 ], 
  [ 2, 4, 8, 13, 16, 18, 24, 25, 26, 27, 32, 33, 35, 41, 44, 45, 47, 51, 57, 
      60 ], [ 3, 4, 5, 6, 7, 15, 16, 17, 19, 22, 28, 32, 34, 39, 42, 43, 49, 
      57, 58, 63 ], 
  [ 1, 3, 5, 8, 12, 14, 16, 19, 27, 28, 32, 33, 38, 40, 45, 50, 54, 57, 59, 
      60 ], 
  [ 1, 3, 5, 8, 12, 14, 16, 19, 27, 28, 33, 38, 45, 48, 50, 55, 57, 59, 60, 
      66 ], 
  [ 1, 3, 5, 8, 12, 14, 16, 19, 21, 27, 28, 33, 38, 40, 45, 50, 54, 55, 59, 
      60 ], [ 3, 8, 12, 14, 16, 19, 24, 27, 28, 31, 32, 33, 36, 38, 44, 45, 
      50, 54, 57, 60 ], 
  [ 2, 3, 8, 12, 13, 16, 18, 24, 26, 27, 28, 31, 32, 41, 42, 45, 47, 54, 57, 
      58 ], [ 1, 3, 5, 6, 7, 9, 10, 12, 14, 16, 17, 19, 22, 28, 32, 38, 42, 
      43, 57, 58, 61 ], 
  [ 1, 3, 5, 6, 7, 9, 10, 12, 14, 16, 17, 19, 22, 23, 28, 32, 33, 38, 43, 
      57, 61 ], 
  [ 1, 3, 5, 6, 7, 9, 10, 12, 14, 16, 17, 19, 21, 22, 23, 28, 33, 38, 43, 
      55, 61 ], 
  [ 2, 8, 9, 13, 18, 24, 25, 27, 28, 32, 33, 35, 36, 41, 44, 45, 50, 51, 57, 
      60, 63 ], 
  [ 3, 4, 5, 6, 7, 14, 15, 16, 19, 22, 23, 33, 38, 39, 43, 48, 50, 55, 57, 
      59, 60, 66 ], 
  [ 1, 4, 5, 8, 14, 16, 20, 25, 27, 38, 40, 45, 46, 48, 50, 51, 53, 55, 59, 
      60, 62, 66 ], 
  [ 1, 2, 3, 4, 8, 12, 13, 16, 26, 27, 32, 33, 34, 35, 40, 41, 45, 47, 54, 
      57, 59, 60 ], 
  [ 1, 2, 3, 4, 8, 12, 13, 16, 26, 27, 33, 34, 35, 45, 47, 48, 49, 55, 57, 
      59, 60, 66 ], 
  [ 1, 2, 3, 4, 8, 12, 13, 16, 21, 26, 27, 33, 34, 35, 40, 41, 45, 47, 54, 
      55, 59, 60 ], 
  [ 2, 3, 4, 8, 12, 13, 16, 18, 24, 26, 27, 31, 32, 33, 35, 41, 44, 45, 47, 
      54, 57, 60 ], 
  [ 3, 5, 6, 7, 14, 15, 16, 19, 22, 23, 28, 33, 38, 39, 43, 48, 50, 55, 57, 
      59, 60, 66 ], 
  [ 2, 3, 8, 9, 12, 13, 18, 19, 24, 27, 28, 31, 32, 36, 41, 42, 45, 50, 54, 
      57, 58, 63 ], 
  [ 1, 5, 8, 14, 16, 20, 25, 27, 28, 38, 40, 45, 46, 48, 50, 51, 53, 55, 59, 
      60, 62, 66 ], 
  [ 2, 4, 8, 13, 16, 18, 24, 25, 27, 28, 32, 33, 35, 36, 41, 44, 45, 50, 51, 
      57, 60, 63 ], 
  [ 1, 2, 3, 8, 12, 13, 16, 26, 27, 28, 32, 33, 34, 35, 40, 41, 45, 47, 54, 
      57, 59, 60 ], 
  [ 1, 2, 3, 8, 12, 13, 16, 21, 26, 27, 28, 33, 34, 35, 40, 41, 45, 47, 54, 
      55, 59, 60 ], 
  [ 2, 3, 8, 12, 13, 16, 18, 24, 26, 27, 28, 31, 32, 33, 35, 41, 44, 45, 47, 
      54, 57, 60 ], 
  [ 2, 3, 4, 8, 12, 13, 16, 18, 19, 24, 27, 28, 31, 32, 36, 41, 42, 45, 50, 
      54, 57, 58, 63 ], 
  [ 1, 3, 4, 5, 6, 7, 12, 14, 16, 19, 22, 23, 33, 38, 43, 45, 48, 50, 55, 
      57, 59, 60, 61, 66 ], 
  [ 1, 2, 3, 4, 12, 13, 16, 22, 23, 26, 33, 34, 35, 43, 45, 47, 48, 49, 55, 
      57, 59, 60, 61, 66 ], 
  [ 1, 3, 4, 5, 8, 14, 16, 25, 27, 32, 33, 38, 40, 45, 46, 48, 50, 51, 55, 
      57, 59, 60, 62, 66 ], 
  [ 1, 2, 3, 5, 8, 9, 12, 13, 19, 27, 28, 32, 33, 34, 35, 40, 41, 45, 50, 
      54, 57, 59, 60, 63 ], 
  [ 1, 2, 3, 5, 8, 9, 12, 13, 19, 21, 27, 28, 33, 34, 35, 40, 41, 45, 50, 
      54, 55, 59, 60, 63 ], 
  [ 2, 3, 8, 9, 12, 13, 18, 19, 24, 27, 28, 31, 32, 33, 35, 36, 41, 44, 45, 
      50, 54, 57, 60, 63 ], 
  [ 1, 3, 5, 8, 14, 16, 25, 27, 28, 32, 33, 38, 40, 45, 46, 48, 50, 51, 55, 
      57, 59, 60, 62, 66 ], 
  [ 1, 2, 3, 4, 5, 6, 7, 9, 10, 12, 13, 16, 17, 19, 22, 28, 32, 34, 42, 43, 
      49, 57, 58, 61, 63 ], 
  [ 1, 3, 5, 6, 7, 9, 12, 14, 16, 19, 22, 23, 28, 33, 38, 43, 45, 48, 50, 
      55, 57, 59, 60, 61, 66 ], 
  [ 3, 4, 5, 6, 7, 15, 16, 19, 22, 23, 28, 33, 34, 35, 39, 43, 48, 49, 50, 
      55, 57, 59, 60, 63, 66 ], 
  [ 1, 2, 3, 4, 5, 8, 12, 13, 16, 19, 27, 28, 32, 33, 34, 35, 40, 41, 45, 
      50, 54, 57, 59, 60, 63 ], 
  [ 1, 2, 3, 4, 5, 8, 12, 13, 16, 19, 21, 27, 28, 33, 34, 35, 40, 41, 45, 
      50, 54, 55, 59, 60, 63 ], 
  [ 2, 3, 4, 8, 12, 13, 16, 18, 19, 24, 27, 28, 31, 32, 33, 35, 36, 41, 44, 
      45, 50, 54, 57, 60, 63 ], 
  [ 1, 3, 4, 5, 8, 12, 14, 16, 19, 27, 31, 32, 38, 40, 42, 45, 46, 48, 50, 
      54, 57, 58, 59, 60, 62, 66 ], 
  [ 1, 3, 5, 8, 12, 14, 16, 19, 27, 28, 31, 32, 38, 40, 42, 45, 46, 48, 50, 
      54, 57, 58, 59, 60, 62, 66 ], 
  [ 2, 3, 4, 6, 7, 9, 11, 12, 13, 16, 18, 19, 24, 28, 30, 31, 32, 36, 41, 
      42, 45, 50, 54, 57, 58, 61, 63 ], 
  [ 1, 3, 4, 5, 8, 12, 14, 16, 19, 20, 21, 27, 31, 38, 40, 42, 45, 46, 48, 
      50, 53, 54, 55, 58, 59, 60, 62, 66 ], 
  [ 1, 3, 5, 8, 12, 14, 16, 19, 20, 21, 27, 28, 31, 38, 40, 42, 45, 46, 48, 
      50, 53, 54, 55, 58, 59, 60, 62, 66 ], 
  [ 3, 4, 8, 12, 14, 16, 19, 21, 24, 27, 31, 33, 36, 38, 42, 44, 45, 48, 50, 
      52, 53, 54, 55, 56, 57, 58, 59, 60, 65, 66 ], 
  [ 1, 2, 3, 4, 5, 6, 7, 9, 12, 13, 16, 19, 22, 23, 28, 33, 34, 35, 43, 45, 
      48, 49, 50, 55, 57, 59, 60, 61, 63, 66 ], 
  [ 3, 8, 12, 14, 16, 19, 21, 24, 27, 28, 31, 33, 36, 38, 42, 44, 45, 48, 
      50, 52, 53, 54, 55, 56, 57, 58, 59, 60, 65, 66 ], 
  [ 1, 2, 5, 8, 9, 13, 18, 20, 25, 26, 27, 28, 34, 35, 40, 41, 45, 46, 47, 
      48, 49, 50, 51, 53, 55, 59, 60, 62, 63, 66 ], 
  [ 1, 2, 4, 5, 8, 13, 16, 18, 20, 25, 26, 27, 28, 34, 35, 40, 41, 45, 46, 
      47, 48, 49, 50, 51, 53, 55, 59, 60, 62, 63, 66 ], 
  [ 1, 2, 3, 4, 8, 10, 12, 13, 16, 21, 22, 24, 26, 27, 33, 34, 42, 43, 45, 
      47, 48, 49, 52, 53, 55, 56, 57, 58, 59, 61, 65, 66 ], 
  [ 1, 2, 3, 5, 8, 9, 13, 18, 25, 26, 27, 28, 32, 33, 34, 35, 40, 41, 45, 
      46, 47, 48, 49, 50, 51, 55, 57, 59, 60, 62, 63, 66 ], 
  [ 2, 8, 9, 13, 18, 24, 25, 26, 27, 28, 33, 34, 35, 36, 41, 44, 45, 47, 48, 
      49, 50, 51, 52, 53, 55, 56, 57, 59, 60, 63, 65, 66 ], 
  [ 3, 4, 5, 6, 7, 14, 15, 16, 17, 19, 21, 22, 28, 33, 34, 36, 38, 39, 42, 
      43, 48, 49, 50, 52, 53, 55, 56, 57, 58, 59, 63, 65, 66 ], 
  [ 1, 2, 3, 4, 5, 8, 13, 16, 18, 25, 26, 27, 28, 32, 33, 34, 35, 40, 41, 
      45, 46, 47, 48, 49, 50, 51, 55, 57, 59, 60, 62, 63, 66 ], 
  [ 2, 4, 8, 13, 16, 18, 24, 25, 26, 27, 28, 33, 34, 35, 36, 41, 44, 45, 47, 
      48, 49, 50, 51, 52, 53, 55, 56, 57, 59, 60, 63, 65, 66 ], 
  [ 1, 2, 4, 8, 10, 12, 13, 16, 22, 23, 24, 25, 26, 27, 33, 34, 35, 43, 44, 
      45, 47, 48, 49, 51, 52, 53, 55, 56, 57, 59, 60, 61, 65, 66 ], 
  [ 1, 2, 3, 5, 8, 9, 12, 13, 18, 19, 26, 27, 28, 31, 32, 34, 35, 40, 41, 
      42, 45, 46, 47, 48, 49, 50, 54, 57, 58, 59, 60, 62, 63, 66 ], 
  [ 4, 5, 6, 7, 14, 15, 16, 17, 19, 22, 23, 25, 28, 33, 34, 35, 36, 38, 39, 
      43, 44, 48, 49, 50, 51, 52, 53, 55, 56, 57, 59, 60, 63, 65, 66 ], 
  [ 1, 2, 3, 4, 5, 8, 12, 13, 16, 18, 19, 26, 27, 28, 31, 32, 34, 35, 40, 
      41, 42, 45, 46, 47, 48, 49, 50, 54, 57, 58, 59, 60, 62, 63, 66 ], 
  [ 1, 2, 3, 5, 8, 9, 12, 13, 18, 19, 20, 21, 26, 27, 28, 31, 34, 35, 40, 
      41, 42, 45, 46, 47, 48, 49, 50, 53, 54, 55, 58, 59, 60, 62, 63, 66 ], 
  [ 1, 2, 3, 4, 5, 8, 12, 13, 16, 18, 19, 20, 21, 26, 27, 28, 31, 34, 35, 
      40, 41, 42, 45, 46, 47, 48, 49, 50, 53, 54, 55, 58, 59, 60, 62, 63, 66 
     ], [ 2, 3, 8, 9, 12, 13, 18, 19, 21, 24, 26, 27, 28, 31, 33, 34, 35, 
      36, 41, 42, 44, 45, 47, 48, 49, 50, 52, 53, 54, 55, 56, 57, 58, 59, 
      60, 63, 65, 66 ], 
  [ 2, 3, 4, 8, 12, 13, 16, 18, 19, 21, 24, 26, 27, 28, 31, 33, 34, 35, 36, 
      41, 42, 44, 45, 47, 48, 49, 50, 52, 53, 54, 55, 56, 57, 58, 59, 60, 
      63, 65, 66 ], 
  [ 1, 2, 3, 4, 5, 6, 7, 8, 9, 10, 11, 12, 13, 14, 16, 17, 18, 19, 24, 27, 
      28, 29, 31, 32, 36, 38, 42, 43, 45, 46, 48, 49, 50, 56, 57, 58, 61, 
      62, 63, 66 ], 
  [ 1, 2, 3, 4, 5, 6, 7, 8, 9, 10, 12, 13, 14, 16, 17, 19, 21, 22, 24, 27, 
      28, 33, 34, 36, 38, 42, 43, 45, 48, 49, 50, 52, 53, 55, 56, 57, 58, 
      59, 61, 63, 65, 66 ], 
  [ 1, 2, 3, 4, 5, 6, 7, 8, 9, 10, 11, 12, 13, 14, 16, 17, 18, 19, 20, 21, 
      24, 27, 28, 29, 31, 36, 38, 42, 43, 45, 46, 48, 49, 50, 53, 55, 56, 
      58, 61, 62, 63, 66 ], 
  [ 2, 4, 6, 7, 9, 11, 13, 15, 16, 18, 22, 23, 24, 25, 26, 28, 30, 33, 34, 
      35, 36, 39, 41, 43, 44, 45, 47, 48, 49, 50, 51, 52, 53, 55, 56, 57, 
      59, 60, 61, 63, 65, 66 ], 
  [ 1, 2, 4, 5, 6, 7, 8, 9, 10, 12, 13, 14, 16, 17, 19, 22, 23, 24, 25, 27, 
      28, 33, 34, 35, 36, 38, 43, 44, 45, 48, 49, 50, 51, 52, 53, 55, 56, 
      57, 59, 60, 61, 63, 65, 66 ], 
  [ 1, 2, 3, 4, 5, 6, 7, 8, 9, 10, 11, 12, 13, 14, 15, 16, 17, 18, 19, 22, 
      23, 24, 25, 26, 28, 29, 31, 32, 33, 34, 35, 36, 37, 42, 43, 44, 48, 
      49, 56, 57, 61, 62, 63, 65 ], 
  [ 1, 2, 4, 5, 6, 7, 8, 9, 10, 11, 12, 13, 14, 16, 17, 18, 19, 20, 23, 24, 
      25, 27, 28, 29, 31, 35, 36, 38, 43, 44, 45, 46, 48, 49, 50, 51, 53, 
      55, 56, 60, 61, 62, 63, 66 ], 
  [ 1, 2, 3, 4, 5, 6, 7, 8, 9, 10, 11, 12, 13, 14, 15, 16, 17, 18, 19, 20, 
      21, 22, 23, 24, 25, 26, 28, 29, 31, 33, 34, 35, 36, 37, 42, 43, 44, 
      48, 49, 53, 55, 56, 61, 62, 63, 65 ], 
  [ 1, 2, 3, 4, 5, 6, 7, 8, 9, 10, 11, 12, 13, 14, 16, 17, 18, 19, 23, 24, 
      25, 27, 28, 29, 31, 32, 33, 35, 36, 38, 43, 44, 45, 46, 48, 49, 50, 
      51, 55, 56, 57, 60, 61, 62, 63, 66 ], 
  [ 1, 2, 3, 4, 5, 6, 7, 8, 9, 11, 12, 13, 14, 15, 16, 18, 19, 22, 23, 24, 
      25, 26, 28, 30, 31, 32, 33, 34, 35, 36, 37, 40, 41, 42, 44, 45, 48, 
      50, 54, 57, 59, 60, 61, 62, 63, 65 ], 
  [ 2, 3, 4, 6, 7, 9, 11, 12, 13, 15, 16, 18, 19, 21, 22, 23, 24, 26, 28, 
      30, 31, 33, 34, 35, 36, 39, 41, 42, 43, 44, 45, 47, 48, 49, 50, 52, 
      53, 54, 55, 56, 57, 58, 59, 60, 61, 63, 65, 66 ], 
  [ 1, 2, 3, 4, 5, 6, 7, 8, 9, 11, 12, 13, 14, 15, 16, 18, 19, 20, 21, 22, 
      23, 24, 25, 26, 28, 30, 31, 33, 34, 35, 36, 37, 40, 41, 42, 44, 45, 
      48, 50, 53, 54, 55, 59, 60, 61, 62, 63, 65 ], 
  [ 1, 2, 3, 4, 7, 8, 10, 11, 12, 14, 15, 16, 18, 20, 21, 22, 23, 24, 25, 
      26, 27, 29, 30, 31, 32, 33, 36, 37, 38, 39, 40, 41, 42, 43, 44, 45, 
      46, 47, 48, 50, 51, 52, 53, 54, 55, 56, 57, 58, 59, 60, 61, 62, 64, 
      65, 66 ], 
  [ 3, 4, 5, 6, 8, 11, 13, 14, 15, 16, 17, 18, 19, 20, 21, 24, 25, 26, 27, 
      28, 29, 30, 31, 32, 33, 34, 35, 36, 37, 38, 39, 40, 41, 42, 44, 45, 
      46, 47, 48, 49, 50, 51, 52, 53, 54, 55, 56, 57, 58, 59, 60, 62, 63, 
      64, 65, 66 ], 
  [ 1, 2, 3, 5, 7, 8, 9, 10, 12, 14, 15, 17, 18, 19, 20, 21, 22, 23, 25, 26, 
      27, 28, 29, 31, 32, 33, 34, 35, 36, 37, 38, 39, 40, 41, 42, 43, 44, 
      46, 47, 48, 49, 50, 51, 52, 53, 54, 55, 56, 57, 58, 59, 60, 62, 63, 
      64, 65, 66 ], 
  [ 1, 2, 3, 4, 5, 7, 8, 10, 12, 14, 15, 16, 17, 18, 19, 20, 21, 22, 23, 25, 
      26, 27, 28, 29, 31, 32, 33, 34, 35, 36, 37, 38, 39, 40, 41, 42, 43, 
      44, 46, 47, 48, 49, 50, 51, 52, 53, 54, 55, 56, 57, 58, 59, 60, 62, 
      63, 64, 65, 66 ], 
  [ 1, 2, 3, 4, 5, 6, 7, 8, 9, 10, 11, 13, 14, 15, 16, 17, 18, 20, 21, 22, 
      24, 25, 26, 27, 28, 29, 30, 32, 33, 34, 36, 37, 38, 39, 40, 41, 42, 
      43, 45, 46, 47, 48, 49, 50, 51, 52, 53, 55, 56, 57, 58, 59, 61, 62, 
      63, 64, 65, 66 ], 
  [ 1, 2, 4, 5, 6, 7, 8, 9, 10, 11, 12, 13, 14, 15, 16, 17, 18, 19, 20, 22, 
      23, 24, 25, 26, 27, 28, 29, 30, 31, 32, 34, 35, 36, 37, 38, 39, 40, 
      41, 42, 43, 44, 45, 46, 47, 48, 49, 50, 51, 52, 53, 54, 56, 57, 58, 
      59, 60, 61, 62, 63, 64, 65, 66 ], 
  [ 1, 2, 3, 4, 5, 6, 7, 8, 9, 10, 11, 12, 13, 14, 15, 17, 18, 19, 20, 21, 
      22, 23, 24, 25, 26, 27, 29, 30, 31, 32, 33, 34, 35, 36, 37, 38, 39, 
      40, 41, 42, 43, 44, 45, 46, 47, 48, 49, 50, 51, 52, 53, 54, 55, 56, 
      57, 58, 59, 60, 61, 62, 63, 64, 65, 66 ] ];
