return [ [ 1, 2, 3, 4, 5, 6, 7, 8, 9, 10, 11, 12, 13, 14, 15, 16, 17, 18, 19, 20, 21, 22, 23, 24, 25, 26, 27, 28, 29, 30, 31, 
      32, 33, 34, 35, 37, 38, 40, 41, 42, 43, 44, 45, 46, 47, 48, 49, 51, 52, 53, 55, 56, 58, 59, 60, 61, 62, 63, 64, 65, 66, 
      68, 69, 70, 71, 72, 73, 74, 75, 76, 77, 78, 79, 80, 82, 83, 84, 85, 86, 88, 89, 92, 93, 94, 95, 96, 97, 98, 99, 100, 101, 
      102, 103, 104, 105, 106, 107, 110, 111, 112, 113, 114, 115, 116, 117, 118, 119, 120, 121, 122, 123, 124, 125, 126, 127, 
      129, 130 ], [ 5, 7, 9, 10, 15, 16, 18, 19, 20, 21, 22, 23, 28, 29, 30, 32, 33, 34, 35, 36, 38, 43, 44, 45, 46, 47, 48, 50, 
      51, 53, 55, 57, 59, 61, 63, 64, 67, 68, 71, 72, 73, 74, 75, 76, 77, 79, 81, 82, 87, 88, 89, 91, 93, 94, 95, 96, 97, 99, 
      100, 101, 104, 105, 108, 109, 110, 112, 113, 114, 115, 117, 118, 120, 123, 124, 126, 127, 128, 130 ], 
  [ 2, 3, 4, 5, 6, 7, 8, 9, 11, 13, 15, 18, 21, 22, 23, 24, 25, 26, 27, 29, 31, 32, 34, 35, 36, 37, 38, 39, 41, 42, 43, 46, 47, 
      48, 49, 50, 51, 52, 53, 54, 55, 56, 57, 58, 59, 60, 62, 63, 64, 65, 66, 67, 68, 70, 71, 72, 74, 76, 77, 78, 79, 80, 81, 
      82, 83, 85, 86, 87, 88, 90, 91, 92, 94, 95, 97, 98, 99, 100, 101, 103, 104, 106, 107, 108, 109, 110, 111, 112, 113, 114, 
      115, 116, 117, 118, 119, 120, 121, 123, 125, 126, 127, 128, 129, 130 ], 
  [ 1, 3, 4, 10, 11, 12, 13, 14, 15, 17, 19, 25, 28, 31, 33, 34, 35, 36, 37, 39, 40, 41, 42, 43, 45, 49, 50, 52, 53, 57, 58, 59, 
      61, 62, 63, 65, 66, 67, 68, 69, 70, 73, 74, 78, 81, 82, 83, 84, 86, 87, 89, 90, 92, 93, 94, 95, 96, 98, 99, 100, 104, 105, 
      106, 108, 109, 110, 111, 112, 113, 115, 117, 119, 121, 124, 125, 128, 129, 130 ], 
  [ 1, 3, 8, 9, 10, 11, 12, 13, 14, 16, 19, 20, 21, 22, 24, 25, 26, 27, 28, 30, 31, 32, 35, 37, 38, 40, 41, 44, 45, 46, 47, 48, 
      52, 53, 55, 56, 58, 59, 60, 61, 62, 63, 67, 68, 69, 71, 73, 74, 75, 76, 77, 78, 79, 80, 83, 84, 86, 88, 89, 92, 93, 94, 
      96, 97, 99, 100, 101, 102, 103, 104, 105, 106, 107, 110, 111, 112, 113, 114, 115, 116, 117, 118, 119, 120, 122, 124, 125, 
      126, 127, 129, 130 ], [ 3, 7, 8, 9, 10, 18, 19, 20, 21, 22, 23, 29, 30, 31, 32, 33, 34, 35, 36, 37, 43, 44, 45, 46, 47, 
      48, 50, 52, 55, 57, 58, 59, 61, 63, 64, 67, 68, 74, 75, 76, 77, 79, 81, 93, 94, 95, 96, 97, 101, 104, 105, 109, 110, 112, 
      113, 114, 115, 117, 118, 120, 123, 124, 126, 127, 130 ], [ 9, 21, 22, 35, 36, 37, 48, 50, 52, 53, 59, 63, 67, 68, 79, 81, 
      94, 96, 101, 110, 114, 115, 117 ], [ 1, 3, 9, 10, 11, 25, 26, 28, 29, 32, 44, 46, 47, 53, 55, 59, 67, 74, 88, 89, 97, 99, 
      100, 115 ], [ 8, 9, 20, 21, 22, 24, 32, 37, 40, 45, 48, 52, 53, 59, 67, 75, 79, 81, 88, 93, 96, 97, 99, 105, 111, 115 ], 
  [ 9, 10, 20, 21, 28, 32, 36, 37, 40, 45, 48, 53, 59, 61, 63, 67, 75, 79, 93, 94, 96, 99, 112, 115, 117 ], 
  [ 8, 9, 20, 21, 22, 24, 36, 37, 48, 50, 52, 53, 54, 59, 67, 75, 79, 81, 88, 96, 101, 111, 114, 115, 128 ], 
  [ 21, 31, 35, 36, 37, 48, 50, 52, 53, 57, 58, 59, 63, 67, 68, 79, 81, 83, 86, 87, 90, 94, 96, 101, 109, 110, 111, 114, 115, 
      117, 125, 128, 129 ], [ 2, 7, 8, 15, 17, 18, 23, 29, 30, 33, 44, 59, 64, 72, 75, 81, 82, 93, 105, 109, 115, 118 ], 
  [ 7, 15, 18, 19, 26, 28, 29, 30, 43, 44, 47, 55, 57, 59, 61, 74, 77, 100, 104, 109, 115 ], 
  [ 15, 25, 26, 28, 29, 32, 44, 46, 47, 53, 55, 59, 67, 72, 74, 88, 89, 97, 99, 100, 115, 128 ], 
  [ 2, 8, 15, 22, 23, 24, 25, 29, 32, 40, 44, 45, 46, 50, 53, 54, 55, 59, 72, 75, 81, 88, 99, 115, 128 ], 
  [ 2, 8, 15, 22, 23, 24, 25, 32, 40, 43, 45, 50, 52, 53, 55, 59, 61, 63, 74, 75, 79, 81, 93, 94, 96, 99, 112, 115, 117 ], 
  [ 9, 10, 20, 21, 28, 36, 37, 48, 53, 59, 61, 63, 67, 75, 79, 93, 94, 96, 101, 110, 114, 115, 117 ], 
  [ 2, 5, 7, 8, 15, 18, 23, 29, 30, 44, 55, 59, 72, 74, 75, 76, 81, 82, 93, 97, 105, 109, 113, 115, 118, 120, 127, 130 ], 
  [ 2, 8, 15, 22, 23, 24, 43, 50, 52, 53, 55, 59, 61, 63, 74, 75, 79, 81, 93, 94, 96, 101, 110, 114, 115, 117 ], 
  [ 8, 9, 20, 21, 22, 24, 37, 48, 52, 53, 59, 67, 75, 79, 81, 88, 93, 96, 97, 101, 105, 110, 111, 114, 115, 118 ], 
  [ 8, 9, 20, 21, 22, 24, 36, 37, 48, 50, 52, 53, 59, 61, 63, 67, 75, 79, 81, 93, 94, 96, 101, 110, 114, 115, 117 ], 
  [ 9, 10, 20, 21, 28, 36, 37, 43, 47, 48, 53, 59, 61, 63, 64, 77, 79, 80, 94, 95, 100, 101, 104, 110, 114, 115, 117, 123 ], 
  [ 7, 8, 18, 20, 23, 29, 30, 33, 44, 48, 59, 64, 72, 75, 76, 81, 82, 93, 95, 97, 105, 109, 113, 115, 118, 120, 123, 127, 130 ], 
  [ 2, 8, 15, 22, 23, 24, 25, 29, 32, 40, 43, 44, 45, 46, 50, 53, 55, 59, 61, 63, 74, 75, 81, 93, 99, 112, 115 ], 
  [ 3, 8, 9, 11, 22, 24, 29, 38, 44, 46, 53, 55, 59, 67, 74, 75, 81, 88, 93, 97, 99, 101, 105, 110, 113, 115, 118, 120, 127, 130 
     ], [ 8, 9, 20, 21, 22, 23, 24, 32, 33, 37, 40, 45, 48, 52, 53, 59, 72, 75, 79, 81, 88, 93, 96, 97, 99, 105, 111, 115, 123 ],
  [ 10, 19, 20, 21, 31, 35, 37, 47, 48, 52, 58, 59, 67, 68, 77, 79, 89, 96, 97, 101, 105, 109, 110, 111, 114, 115, 118, 124 ], 
  [ 1, 3, 6, 7, 8, 10, 14, 17, 18, 19, 20, 28, 29, 30, 31, 33, 36, 37, 43, 44, 57, 58, 59, 61, 64, 75, 93, 95, 109, 115, 122, 
      123 ], [ 1, 3, 9, 10, 11, 16, 28, 29, 38, 44, 46, 53, 55, 59, 67, 74, 75, 88, 89, 93, 97, 99, 100, 101, 105, 110, 113, 
      115, 118, 120, 127, 130 ], [ 9, 10, 20, 21, 28, 29, 36, 43, 44, 46, 47, 53, 59, 61, 63, 64, 77, 80, 95, 100, 101, 104, 
      110, 115, 123 ], [ 9, 10, 20, 21, 22, 35, 36, 37, 47, 48, 50, 52, 53, 59, 61, 63, 67, 68, 77, 79, 94, 96, 101, 104, 110, 
      114, 115, 117, 124 ], [ 9, 10, 20, 21, 28, 33, 36, 37, 43, 48, 53, 59, 61, 63, 64, 75, 79, 93, 94, 95, 96, 101, 110, 114, 
      115, 117, 123 ], [ 8, 9, 20, 21, 22, 23, 24, 33, 36, 37, 48, 50, 52, 53, 54, 59, 64, 72, 75, 79, 81, 88, 96, 101, 111, 
      114, 115, 123, 128 ], [ 8, 14, 20, 21, 24, 27, 28, 31, 36, 37, 40, 48, 50, 52, 53, 54, 56, 57, 58, 59, 61, 63, 67, 69, 75, 
      79, 80, 81, 83, 84, 86, 87, 90, 93, 94, 96, 101, 109, 110, 111, 114, 115, 117, 122, 125, 128, 129 ], 
  [ 15, 25, 28, 29, 32, 40, 44, 45, 46, 53, 55, 59, 67, 72, 74, 75, 81, 88, 89, 93, 97, 99, 105, 115, 128 ], 
  [ 8, 9, 20, 21, 22, 23, 24, 29, 32, 33, 40, 44, 45, 46, 53, 59, 72, 75, 81, 88, 93, 97, 99, 105, 115, 123 ], 
  [ 1, 3, 6, 8, 9, 10, 11, 14, 17, 20, 21, 24, 27, 28, 29, 31, 33, 36, 37, 40, 43, 44, 46, 49, 53, 59, 61, 63, 64, 66, 69, 75, 
      80, 93, 95, 101, 110, 115, 122, 123, 125 ], [ 8, 9, 20, 21, 22, 23, 24, 29, 33, 36, 38, 44, 46, 48, 50, 53, 54, 59, 64, 
      72, 75, 81, 82, 88, 91, 95, 99, 101, 115, 120, 123, 127, 128 ], 
  [ 7, 8, 20, 21, 23, 29, 31, 33, 44, 46, 48, 59, 64, 72, 75, 81, 82, 93, 95, 97, 101, 105, 109, 110, 113, 115, 118, 120, 123, 
      127, 130 ], [ 8, 9, 20, 21, 22, 23, 24, 33, 37, 48, 52, 53, 59, 64, 72, 75, 79, 81, 88, 93, 96, 97, 101, 105, 110, 111, 
      114, 115, 118, 123 ], [ 8, 9, 20, 21, 22, 23, 24, 33, 36, 37, 43, 48, 50, 52, 53, 59, 61, 63, 64, 75, 79, 81, 93, 94, 95, 
      96, 101, 110, 114, 115, 117, 123 ], [ 8, 9, 20, 21, 22, 23, 24, 29, 33, 38, 44, 46, 48, 53, 59, 64, 72, 75, 81, 82, 88, 
      93, 95, 97, 99, 101, 105, 110, 113, 115, 118, 120, 123, 127, 130 ], 
  [ 8, 9, 20, 21, 22, 23, 24, 29, 33, 36, 43, 44, 46, 50, 53, 59, 61, 63, 64, 75, 81, 93, 95, 101, 110, 115, 123 ], 
  [ 1, 2, 3, 4, 5, 6, 8, 11, 12, 13, 14, 15, 16, 17, 24, 25, 26, 27, 28, 29, 31, 38, 39, 40, 41, 42, 44, 46, 49, 53, 54, 55, 56, 
      59, 60, 62, 66, 67, 69, 72, 74, 75, 80, 81, 82, 83, 85, 88, 89, 90, 91, 93, 97, 98, 99, 100, 101, 102, 103, 105, 106, 107, 
      108, 109, 110, 111, 113, 115, 116, 118, 119, 120, 121, 122, 125, 127, 128, 130 ], 
  [ 2, 6, 7, 8, 15, 17, 18, 20, 23, 28, 29, 30, 33, 36, 43, 44, 50, 54, 57, 59, 61, 64, 72, 75, 81, 82, 93, 95, 109, 115, 122, 
      123, 128 ], [ 1, 3, 8, 10, 12, 14, 16, 19, 20, 26, 28, 30, 31, 36, 37, 39, 41, 44, 47, 48, 50, 52, 54, 55, 56, 57, 58, 59, 
      60, 61, 67, 68, 69, 73, 75, 76, 77, 78, 79, 80, 83, 84, 87, 89, 90, 91, 94, 96, 100, 101, 102, 104, 107, 109, 111, 114, 
      115, 116, 117, 120, 122, 124, 127, 128, 129 ], [ 10, 14, 19, 20, 21, 28, 31, 35, 36, 37, 47, 48, 50, 52, 53, 57, 58, 59, 
      61, 63, 67, 68, 69, 73, 77, 78, 79, 80, 83, 84, 86, 87, 89, 90, 94, 96, 100, 101, 104, 109, 110, 111, 114, 115, 117, 124, 
      125, 128, 129 ], [ 7, 8, 9, 18, 20, 21, 22, 23, 30, 32, 33, 37, 45, 48, 52, 58, 59, 64, 72, 75, 76, 79, 81, 88, 93, 96, 
      97, 105, 111, 114, 115, 118, 123, 126 ], [ 7, 9, 10, 18, 19, 20, 21, 28, 30, 32, 33, 36, 37, 43, 45, 48, 57, 58, 59, 61, 
      63, 64, 75, 76, 79, 93, 94, 95, 96, 112, 114, 115, 117, 123, 126 ], 
  [ 7, 8, 9, 18, 20, 21, 22, 23, 29, 30, 32, 33, 44, 45, 46, 48, 59, 64, 72, 75, 76, 81, 82, 88, 93, 95, 97, 99, 105, 112, 113, 
      115, 118, 120, 123, 126, 127, 130 ], [ 1, 3, 6, 7, 8, 9, 10, 14, 17, 18, 19, 20, 21, 27, 28, 29, 30, 31, 32, 33, 36, 37, 
      40, 43, 44, 45, 46, 57, 58, 59, 61, 63, 64, 75, 93, 95, 112, 115, 122, 123, 126 ], 
  [ 2, 4, 6, 7, 8, 14, 15, 17, 20, 21, 23, 24, 27, 28, 31, 33, 36, 37, 40, 43, 48, 49, 50, 51, 52, 53, 54, 56, 57, 58, 59, 61, 
      63, 64, 65, 66, 69, 70, 72, 75, 79, 80, 81, 82, 83, 84, 86, 87, 90, 93, 94, 95, 96, 101, 109, 110, 111, 114, 115, 117, 
      122, 123, 125, 128, 129 ], [ 7, 9, 10, 18, 19, 20, 21, 28, 30, 32, 33, 36, 37, 45, 48, 57, 58, 59, 64, 67, 72, 75, 76, 79, 
      81, 88, 89, 93, 96, 97, 105, 109, 111, 114, 115, 118, 123, 126, 128 ], 
  [ 3, 9, 10, 11, 25, 29, 32, 34, 35, 46, 47, 53, 55, 59, 67, 74, 88, 89, 97, 99, 100, 115 ], 
  [ 1, 3, 6, 9, 10, 11, 15, 18, 25, 26, 28, 29, 32, 34, 36, 37, 39, 43, 47, 49, 53, 55, 59, 67, 70, 72, 74, 79, 85, 88, 89, 97, 
      99, 100, 111, 115, 121, 123, 128 ], [ 9, 20, 21, 22, 24, 36, 38, 48, 50, 53, 54, 67, 71, 75, 79, 81, 87, 88, 91, 96, 99, 
      101, 114, 115, 117, 120, 128 ], [ 15, 25, 29, 32, 34, 35, 46, 47, 53, 55, 59, 67, 72, 74, 88, 89, 97, 99, 100, 115, 128 ], 
  [ 9, 10, 11, 25, 32, 34, 35, 38, 47, 53, 55, 67, 68, 71, 73, 74, 79, 88, 89, 97, 99, 100 ], 
  [ 9, 10, 11, 22, 34, 35, 38, 47, 53, 55, 67, 68, 71, 73, 74, 77, 79, 88, 89, 96, 97, 99, 100, 101, 104, 105, 110, 114, 115, 
      117, 118, 120, 124, 130 ], [ 3, 9, 10, 18, 32, 34, 37, 47, 55, 59, 67, 68, 74, 76, 79, 88, 89, 97, 99, 100, 111, 115 ], 
  [ 15, 18, 32, 34, 47, 55, 59, 67, 68, 72, 74, 76, 79, 88, 89, 97, 99, 100, 111, 115, 128 ], 
  [ 8, 9, 20, 22, 30, 32, 37, 45, 48, 52, 59, 67, 75, 76, 79, 81, 88, 93, 96, 97, 99, 105, 111, 115 ], 
  [ 3, 4, 7, 15, 18, 19, 26, 29, 31, 34, 43, 47, 55, 57, 58, 59, 74, 77, 100, 104, 109, 115, 121 ], 
  [ 5, 7, 15, 16, 18, 19, 26, 28, 29, 30, 43, 44, 47, 55, 57, 59, 60, 61, 74, 76, 77, 94, 100, 104, 109, 113, 127 ], 
  [ 3, 4, 5, 7, 15, 18, 19, 26, 29, 31, 34, 41, 42, 43, 47, 55, 57, 58, 59, 60, 68, 74, 76, 77, 78, 94, 100, 104, 109, 113, 121, 
      127 ], [ 3, 4, 7, 13, 15, 18, 19, 25, 26, 29, 31, 32, 34, 35, 43, 46, 47, 55, 57, 58, 59, 63, 74, 77, 100, 104, 112, 115, 
      121, 126 ], [ 7, 15, 18, 19, 34, 43, 47, 55, 57, 58, 59, 68, 74, 76, 77, 79, 94, 100, 104, 109, 114, 115, 117 ], 
  [ 4, 7, 15, 19, 29, 31, 34, 35, 43, 46, 47, 55, 57, 59, 63, 74, 77, 100, 101, 104, 109, 110, 115 ], 
  [ 9, 10, 11, 22, 25, 32, 34, 35, 38, 45, 47, 53, 55, 67, 68, 71, 73, 74, 79, 88, 89, 96, 97, 99, 105, 124 ], 
  [ 7, 15, 18, 19, 32, 34, 35, 47, 55, 57, 58, 59, 67, 68, 72, 74, 76, 77, 79, 88, 89, 97, 100, 109, 111, 114, 115, 118, 126, 
      128 ], [ 5, 25, 32, 34, 35, 38, 47, 51, 55, 68, 71, 72, 73, 79, 85, 88, 89, 91, 97, 99, 100, 103, 106, 116, 120 ], 
  [ 9, 10, 16, 32, 38, 47, 48, 55, 67, 68, 71, 73, 76, 79, 88, 89, 91, 97, 99, 100, 116, 120, 127 ], 
  [ 5, 9, 10, 16, 18, 29, 32, 34, 38, 47, 48, 51, 55, 68, 71, 72, 73, 76, 79, 85, 88, 89, 91, 97, 99, 100, 116, 120, 123, 127 ], 
  [ 9, 10, 16, 19, 21, 32, 35, 38, 46, 47, 48, 55, 67, 68, 71, 73, 76, 77, 79, 88, 89, 91, 97, 100, 101, 103, 114, 116, 118, 
      120, 126, 127 ], [ 9, 10, 11, 34, 35, 38, 39, 47, 55, 67, 68, 71, 73, 77, 79, 85, 88, 89, 91, 97, 100, 101, 103, 114, 116, 
      118, 120 ], [ 9, 10, 21, 32, 34, 35, 38, 47, 48, 51, 68, 71, 72, 73, 79, 85, 88, 89, 91, 97, 99, 100, 103, 106, 116, 120, 
      123 ], [ 5, 22, 23, 25, 32, 34, 35, 38, 45, 47, 51, 55, 68, 71, 72, 73, 79, 85, 88, 89, 91, 96, 97, 99, 102, 103, 105, 
      106, 116, 120, 124 ], [ 5, 22, 23, 25, 29, 32, 34, 35, 38, 44, 45, 46, 47, 55, 62, 68, 72, 85, 88, 89, 91, 97, 99, 102, 
      103, 105, 106, 116, 120, 124, 127 ], [ 5, 7, 9, 10, 16, 18, 19, 20, 21, 22, 23, 29, 30, 32, 33, 34, 35, 38, 44, 45, 46, 
      47, 48, 51, 55, 64, 68, 71, 72, 73, 75, 76, 77, 79, 85, 88, 89, 91, 96, 97, 101, 102, 103, 105, 114, 116, 118, 120, 123, 
      124, 126, 127 ], [ 2, 5, 8, 15, 22, 23, 24, 25, 29, 32, 38, 40, 43, 44, 45, 46, 50, 53, 55, 59, 61, 62, 63, 74, 75, 81, 
      93, 94, 99, 112, 113, 127 ], [ 8, 9, 20, 21, 22, 23, 24, 29, 32, 33, 36, 38, 40, 44, 45, 46, 48, 50, 54, 62, 75, 81, 91, 
      95, 99, 106, 112, 120, 123, 127 ], [ 2, 5, 15, 22, 23, 24, 38, 43, 50, 51, 53, 55, 61, 63, 71, 74, 75, 79, 81, 87, 93, 94, 
      96, 101, 110, 114, 117 ], [ 2, 5, 15, 22, 23, 24, 25, 32, 38, 40, 43, 45, 50, 51, 53, 55, 61, 63, 71, 74, 75, 79, 81, 87, 
      93, 94, 96, 99, 112, 117 ], [ 9, 11, 22, 24, 36, 38, 43, 50, 53, 55, 61, 63, 67, 71, 74, 75, 79, 81, 87, 93, 94, 96, 101, 
      110, 114, 117 ], [ 1, 6, 9, 10, 11, 14, 16, 17, 20, 21, 24, 27, 28, 33, 36, 37, 38, 40, 43, 48, 49, 51, 53, 56, 61, 63, 
      64, 65, 66, 69, 70, 71, 73, 75, 79, 80, 83, 84, 86, 87, 93, 94, 95, 96, 101, 110, 114, 117, 122, 123, 125, 129 ] ];
