return [ [ 2, 3, 6, 7, 8, 13, 18, 19, 30, 41, 44, 45, 48, 50, 51, 57, 62 ], 
  [ 1, 3, 4, 14, 18, 19, 23, 30, 35, 41, 44, 46, 47, 48, 57, 60, 62 ], 
  [ 1, 3, 4, 7, 14, 18, 19, 23, 30, 35, 41, 44, 47, 48, 57, 60, 62 ], 
  [ 3, 4, 10, 11, 15, 30, 37, 38, 40, 41, 44, 46, 48, 51, 53, 56, 57, 60 ], 
  [ 3, 4, 8, 10, 11, 15, 30, 37, 38, 40, 41, 44, 48, 51, 53, 56, 57, 60 ], 
  [ 2, 3, 6, 7, 8, 13, 18, 19, 30, 44, 45, 49, 50, 51, 54, 57, 62, 67 ], 
  [ 3, 6, 13, 16, 19, 20, 30, 32, 37, 41, 44, 45, 46, 48, 50, 51, 58, 62 ], 
  [ 4, 8, 9, 10, 15, 19, 21, 30, 37, 38, 40, 44, 48, 50, 51, 53, 57, 63 ], 
  [ 3, 4, 9, 10, 11, 13, 15, 22, 30, 33, 37, 40, 41, 44, 45, 46, 53, 57 ], 
  [ 3, 4, 8, 9, 10, 11, 13, 15, 22, 30, 33, 37, 40, 41, 44, 45, 53, 57 ], 
  [ 4, 5, 9, 10, 17, 22, 30, 32, 33, 36, 40, 41, 42, 45, 46, 53, 61, 66 ], 
  [ 3, 4, 9, 10, 13, 15, 19, 22, 30, 33, 37, 40, 41, 44, 45, 46, 53, 57 ], 
  [ 3, 4, 9, 13, 14, 15, 19, 22, 30, 33, 37, 40, 41, 44, 45, 46, 53, 57 ], 
  [ 1, 3, 4, 10, 11, 18, 23, 30, 38, 41, 44, 46, 47, 48, 51, 57, 60, 62 ], 
  [ 1, 3, 4, 5, 14, 18, 23, 30, 35, 41, 46, 47, 48, 56, 57, 60, 62, 64 ], 
  [ 1, 3, 4, 5, 7, 14, 18, 23, 30, 35, 41, 47, 48, 56, 57, 60, 62, 64 ], 
  [ 3, 13, 16, 19, 20, 23, 30, 31, 32, 34, 37, 41, 44, 45, 46, 58, 62, 65 ], 
  [ 3, 7, 13, 16, 19, 20, 23, 30, 31, 32, 34, 37, 41, 44, 45, 58, 62, 65 ], 
  [ 3, 4, 9, 13, 14, 16, 19, 22, 23, 30, 31, 32, 33, 37, 41, 44, 45, 46 ], 
  [ 3, 4, 7, 9, 13, 14, 16, 19, 22, 23, 30, 31, 32, 33, 37, 41, 44, 45 ], 
  [ 4, 5, 10, 16, 17, 27, 30, 32, 35, 36, 38, 41, 46, 48, 51, 58, 60, 61 ], 
  [ 3, 4, 10, 11, 16, 24, 27, 30, 32, 38, 41, 44, 46, 48, 51, 58, 60, 61 ], 
  [ 3, 4, 8, 10, 11, 16, 24, 27, 30, 32, 38, 41, 44, 48, 51, 58, 60, 61 ], 
  [ 4, 5, 10, 11, 16, 17, 24, 27, 30, 32, 38, 41, 46, 48, 51, 58, 60, 61 ], 
  [ 4, 5, 8, 10, 11, 16, 17, 24, 27, 30, 32, 38, 41, 48, 51, 58, 60, 61 ], 
  [ 3, 6, 11, 16, 20, 24, 27, 30, 32, 38, 41, 44, 46, 48, 51, 58, 60, 61 ], 
  [ 3, 6, 8, 11, 16, 20, 24, 27, 30, 32, 38, 41, 44, 48, 51, 58, 60, 61 ], 
  [ 3, 4, 10, 15, 19, 30, 35, 37, 38, 40, 41, 44, 46, 48, 51, 53, 56, 57, 60 ], 
  [ 3, 6, 13, 16, 19, 20, 30, 32, 37, 44, 45, 46, 49, 50, 51, 54, 59, 62, 67 ], 
  [ 3, 6, 7, 8, 13, 16, 19, 20, 30, 32, 37, 41, 44, 45, 48, 50, 51, 58, 62 ], 
  [ 3, 6, 13, 14, 16, 19, 20, 30, 31, 32, 37, 41, 44, 45, 46, 48, 50, 58, 62 ], 
  [ 3, 6, 7, 13, 14, 16, 19, 20, 30, 31, 32, 37, 41, 44, 45, 48, 50, 58, 62 ], 
  [ 4, 8, 9, 10, 15, 19, 21, 30, 36, 37, 39, 44, 45, 50, 51, 53, 58, 61, 66 ], 
  [ 3, 6, 7, 8, 13, 15, 19, 21, 30, 37, 40, 41, 44, 45, 48, 50, 51, 53, 57 ], 
  [ 4, 5, 9, 14, 17, 22, 30, 31, 32, 33, 36, 40, 41, 42, 45, 46, 53, 61, 66 ], 
  [ 3, 4, 7, 9, 13, 14, 15, 19, 21, 22, 30, 33, 37, 40, 41, 44, 45, 53, 57 ], 
  [ 1, 4, 5, 14, 17, 23, 30, 31, 35, 41, 46, 47, 48, 53, 56, 57, 58, 60, 62 ], 
  [ 4, 5, 9, 14, 16, 17, 23, 30, 31, 32, 33, 45, 46, 49, 50, 54, 59, 62, 67 ], 
  [ 4, 5, 7, 9, 14, 16, 17, 23, 30, 31, 32, 33, 45, 49, 50, 54, 59, 62, 67 ], 
  [ 1, 2, 3, 4, 8, 10, 11, 18, 23, 30, 38, 41, 44, 47, 48, 51, 57, 60, 62 ], 
  [ 1, 3, 4, 10, 18, 19, 23, 30, 35, 38, 41, 44, 46, 47, 48, 51, 57, 60, 62 ], 
  [ 3, 6, 11, 13, 16, 20, 24, 30, 32, 37, 41, 44, 45, 46, 48, 50, 51, 58, 62 ], 
  [ 3, 6, 8, 11, 13, 16, 20, 24, 30, 32, 37, 41, 44, 45, 48, 50, 51, 58, 62 ], 
  [ 4, 5, 9, 10, 11, 17, 22, 24, 30, 32, 33, 40, 41, 42, 45, 46, 53, 61, 66 ], 
  [ 4, 5, 8, 9, 10, 11, 17, 22, 24, 30, 32, 33, 40, 41, 42, 45, 53, 61, 66 ], 
  [ 6, 12, 15, 19, 20, 25, 26, 30, 35, 37, 38, 44, 46, 47, 52, 53, 56, 57, 60 ], 
  [ 1, 5, 12, 14, 17, 23, 25, 26, 30, 31, 33, 35, 46, 47, 52, 53, 56, 57, 60 ], 
  [ 1, 5, 12, 14, 17, 21, 23, 25, 26, 30, 31, 33, 35, 47, 52, 53, 56, 57, 60 ], 
  [ 4, 5, 7, 8, 10, 16, 17, 27, 30, 32, 35, 36, 38, 41, 48, 51, 58, 60, 61 ], 
  [ 3, 4, 10, 16, 19, 27, 30, 32, 35, 36, 38, 41, 44, 46, 48, 51, 58, 60, 61 ], 
  [ 3, 6, 16, 19, 20, 27, 30, 32, 35, 36, 38, 41, 44, 46, 48, 51, 58, 60, 61 ], 
  [ 1, 3, 4, 10, 11, 15, 24, 27, 30, 38, 41, 44, 46, 48, 51, 53, 58, 60, 61 ], 
  [ 3, 6, 7, 8, 13, 16, 19, 20, 30, 32, 37, 44, 45, 49, 50, 51, 54, 59, 62, 67 ], 
  [ 3, 6, 13, 14, 16, 19, 20, 30, 31, 32, 37, 44, 45, 46, 49, 50, 54, 59, 62, 67 ], 
  [ 3, 6, 7, 13, 14, 16, 19, 20, 30, 31, 32, 37, 44, 45, 49, 50, 54, 59, 62, 67 ], 
  [ 3, 6, 7, 8, 13, 15, 19, 21, 30, 37, 40, 44, 45, 49, 50, 51, 54, 57, 59, 67 ], 
  [ 4, 5, 7, 8, 9, 10, 17, 21, 22, 30, 32, 33, 36, 40, 41, 42, 45, 53, 61, 66 ], 
  [ 4, 5, 7, 9, 14, 17, 21, 22, 30, 31, 32, 33, 36, 40, 41, 42, 45, 53, 61, 66 ], 
  [ 3, 4, 7, 8, 9, 10, 13, 15, 19, 21, 22, 30, 33, 37, 40, 41, 44, 45, 53, 57 ], 
  [ 1, 4, 5, 10, 17, 23, 30, 35, 38, 41, 46, 47, 48, 51, 53, 56, 57, 58, 60, 62 ], 
  [ 3, 4, 9, 10, 13, 16, 19, 23, 30, 32, 37, 41, 44, 45, 46, 48, 50, 51, 58, 62 ], 
  [ 3, 4, 14, 16, 19, 23, 30, 31, 32, 35, 37, 41, 44, 46, 47, 48, 56, 58, 60, 62 ], 
  [ 3, 4, 7, 14, 16, 19, 23, 30, 31, 32, 35, 37, 41, 44, 47, 48, 56, 58, 60, 62 ], 
  [ 3, 4, 9, 13, 14, 16, 19, 23, 30, 31, 32, 37, 41, 44, 45, 46, 48, 50, 58, 62 ], 
  [ 3, 4, 7, 9, 13, 14, 16, 19, 23, 30, 31, 32, 37, 41, 44, 45, 48, 50, 58, 62 ], 
  [ 1, 3, 4, 14, 16, 18, 19, 23, 30, 31, 35, 41, 44, 46, 47, 48, 58, 60, 62, 65 ], 
  [ 1, 3, 4, 7, 14, 16, 18, 19, 23, 30, 31, 35, 41, 44, 47, 48, 58, 60, 62, 65 ], 
  [ 1, 4, 5, 7, 14, 17, 21, 23, 30, 31, 35, 41, 47, 48, 53, 56, 57, 58, 60, 62 ], 
  [ 3, 6, 15, 19, 20, 22, 26, 30, 35, 37, 38, 41, 44, 46, 47, 52, 53, 56, 57, 60 ], 
  [ 1, 4, 5, 14, 17, 22, 23, 26, 30, 31, 33, 35, 41, 46, 47, 52, 53, 56, 57, 60 ], 
  [ 1, 3, 4, 9, 10, 13, 15, 19, 22, 23, 26, 30, 33, 37, 41, 44, 45, 46, 53, 57 ], 
  [ 6, 12, 14, 15, 19, 20, 25, 26, 30, 31, 35, 37, 44, 46, 47, 52, 53, 56, 57, 60 ], 
  [ 2, 6, 12, 15, 19, 20, 21, 25, 26, 30, 35, 37, 38, 44, 47, 52, 53, 56, 57, 60 ], 
  [ 6, 12, 14, 15, 19, 20, 21, 25, 26, 30, 31, 35, 37, 44, 47, 52, 53, 56, 57, 60 ], 
  [ 1, 3, 4, 10, 15, 19, 27, 30, 35, 36, 38, 41, 44, 46, 48, 51, 53, 58, 60, 61 ], 
  [ 3, 4, 7, 8, 10, 16, 19, 27, 30, 32, 35, 36, 38, 41, 44, 48, 51, 58, 60, 61 ], 
  [ 3, 6, 7, 8, 16, 19, 20, 27, 30, 32, 35, 36, 38, 41, 44, 48, 51, 58, 60, 61 ], 
  [ 1, 2, 3, 4, 8, 10, 11, 15, 24, 27, 30, 38, 41, 44, 48, 51, 53, 58, 60, 61 ], 
  [ 2, 3, 6, 7, 8, 11, 13, 18, 30, 41, 44, 45, 48, 50, 51, 54, 57, 60, 62, 64, 67 ], 
  [ 3, 4, 7, 8, 10, 15, 19, 21, 30, 35, 37, 38, 40, 41, 44, 48, 51, 53, 56, 57, 60 ], 
  [ 3, 4, 7, 8, 9, 10, 13, 15, 19, 21, 30, 37, 40, 41, 44, 45, 48, 50, 51, 53, 57 ], 
  [ 3, 4, 6, 9, 13, 14, 15, 19, 22, 30, 37, 40, 41, 44, 45, 46, 48, 50, 53, 57, 63 ], 
  [ 1, 3, 4, 5, 10, 11, 18, 23, 30, 35, 38, 41, 46, 47, 48, 51, 56, 57, 60, 62, 64 ], 
  [ 3, 4, 10, 16, 19, 23, 30, 32, 35, 37, 38, 41, 44, 46, 47, 48, 51, 56, 58, 60, 62 ], 
  [ 3, 4, 7, 8, 9, 10, 13, 16, 19, 23, 30, 32, 37, 41, 44, 45, 48, 50, 51, 58, 62 ], 
  [ 1, 2, 3, 4, 7, 8, 10, 18, 19, 23, 30, 35, 38, 41, 44, 47, 48, 51, 57, 60, 62 ], 
  [ 1, 2, 3, 4, 7, 8, 9, 10, 13, 18, 19, 23, 30, 41, 44, 45, 48, 50, 51, 57, 62 ], 
  [ 1, 4, 5, 7, 14, 17, 21, 23, 30, 31, 33, 35, 47, 49, 52, 56, 57, 59, 60, 62, 67 ], 
  [ 4, 9, 10, 16, 17, 19, 22, 23, 30, 31, 32, 33, 36, 37, 39, 43, 45, 46, 49, 59, 66 ], 
  [ 3, 4, 10, 11, 16, 23, 24, 30, 32, 37, 38, 41, 44, 46, 47, 48, 51, 56, 58, 60, 62 ], 
  [ 3, 4, 8, 10, 11, 16, 23, 24, 30, 32, 37, 38, 41, 44, 47, 48, 51, 56, 58, 60, 62 ], 
  [ 3, 4, 9, 10, 11, 13, 16, 23, 24, 30, 32, 37, 41, 44, 45, 46, 48, 50, 51, 58, 62 ], 
  [ 3, 4, 8, 9, 10, 11, 13, 16, 23, 24, 30, 32, 37, 41, 44, 45, 48, 50, 51, 58, 62 ], 
  [ 1, 4, 5, 10, 11, 17, 23, 24, 30, 38, 41, 46, 47, 48, 51, 53, 56, 57, 58, 60, 62 ], 
  [ 1, 3, 4, 5, 10, 11, 15, 25, 30, 35, 38, 40, 41, 46, 48, 51, 53, 56, 57, 60, 64 ], 
  [ 1, 2, 5, 10, 12, 17, 21, 23, 25, 30, 35, 38, 47, 48, 51, 53, 56, 57, 58, 60, 62 ], 
  [ 3, 6, 14, 15, 19, 20, 22, 26, 30, 31, 35, 37, 41, 44, 46, 47, 52, 53, 56, 57, 60 ], 
  [ 1, 3, 4, 9, 13, 14, 15, 19, 22, 23, 26, 30, 31, 33, 37, 41, 44, 45, 46, 53, 57 ], 
  [ 1, 4, 5, 7, 14, 17, 21, 22, 23, 26, 30, 31, 33, 35, 41, 47, 52, 53, 56, 57, 60 ], 
  [ 1, 12, 14, 15, 19, 23, 25, 26, 30, 31, 33, 35, 37, 44, 46, 47, 52, 53, 56, 57, 60 ], 
  [ 1, 12, 14, 15, 19, 21, 23, 25, 26, 30, 31, 33, 35, 37, 44, 47, 52, 53, 56, 57, 60 ], 
  [ 4, 5, 7, 8, 9, 10, 17, 21, 30, 32, 36, 40, 41, 42, 45, 48, 50, 51, 53, 58, 61, 66 ], 
  [ 4, 8, 9, 10, 15, 19, 21, 30, 36, 37, 38, 39, 40, 44, 48, 50, 51, 53, 58, 61, 63, 66 ], 
  [ 2, 6, 8, 12, 15, 19, 20, 21, 30, 37, 38, 39, 44, 47, 48, 50, 51, 53, 57, 58, 62, 63 ], 
  [ 2, 3, 6, 7, 8, 13, 15, 19, 20, 21, 30, 37, 41, 44, 45, 48, 50, 51, 53, 57, 58, 62 ], 
  [ 2, 3, 6, 7, 8, 13, 15, 19, 20, 21, 30, 37, 44, 45, 49, 50, 51, 54, 57, 59, 62, 67 ], 
  [ 4, 5, 7, 14, 16, 17, 22, 30, 31, 32, 33, 35, 36, 41, 45, 46, 49, 52, 55, 60, 61, 67 ], 
  [ 3, 4, 9, 10, 13, 15, 19, 22, 30, 32, 33, 36, 37, 40, 41, 42, 44, 45, 46, 53, 61, 66 ], 
  [ 1, 3, 4, 14, 15, 19, 23, 30, 31, 35, 37, 41, 44, 46, 47, 48, 53, 56, 57, 58, 60, 62 ], 
  [ 3, 4, 7, 8, 10, 16, 19, 23, 30, 32, 35, 37, 38, 41, 44, 47, 48, 51, 56, 58, 60, 62 ], 
  [ 3, 4, 9, 13, 14, 16, 19, 23, 30, 31, 32, 33, 37, 44, 45, 46, 49, 50, 54, 59, 62, 67 ], 
  [ 3, 4, 7, 9, 13, 14, 16, 19, 23, 30, 31, 32, 33, 37, 44, 45, 49, 50, 54, 59, 62, 67 ], 
  [ 3, 4, 10, 11, 15, 24, 30, 32, 37, 38, 40, 41, 44, 46, 48, 51, 53, 56, 58, 60, 61, 66 ], 
  [ 3, 4, 8, 10, 11, 15, 24, 30, 32, 37, 38, 40, 41, 44, 48, 51, 53, 56, 58, 60, 61, 66 ], 
  [ 2, 3, 6, 8, 11, 15, 20, 24, 30, 37, 38, 41, 44, 47, 48, 51, 53, 56, 57, 58, 60, 62 ], 
  [ 3, 4, 9, 10, 11, 13, 15, 22, 24, 30, 32, 33, 37, 40, 41, 42, 44, 45, 46, 53, 61, 66 ], 
  [ 3, 4, 8, 9, 10, 11, 13, 15, 22, 24, 30, 32, 33, 37, 40, 41, 42, 44, 45, 53, 61, 66 ], 
  [ 1, 2, 4, 5, 8, 10, 11, 17, 23, 24, 30, 38, 41, 47, 48, 51, 53, 56, 57, 58, 60, 62 ], 
  [ 2, 6, 12, 15, 19, 20, 21, 25, 30, 35, 37, 38, 44, 47, 48, 51, 53, 56, 57, 58, 60, 62 ], 
  [ 3, 6, 7, 14, 15, 19, 20, 21, 22, 26, 30, 31, 35, 37, 41, 44, 47, 52, 53, 56, 57, 60 ], 
  [ 1, 3, 4, 7, 9, 13, 14, 15, 19, 21, 22, 23, 26, 30, 31, 33, 37, 41, 44, 45, 53, 57 ], 
  [ 1, 3, 4, 10, 16, 18, 19, 23, 27, 30, 35, 38, 41, 44, 46, 47, 48, 51, 58, 60, 62, 65 ], 
  [ 1, 3, 4, 10, 11, 16, 18, 23, 24, 27, 30, 38, 41, 44, 46, 47, 48, 51, 58, 60, 62, 65 ], 
  [ 3, 4, 10, 15, 19, 30, 32, 35, 36, 37, 38, 40, 41, 44, 46, 48, 51, 53, 56, 58, 60, 61, 66 ], 
  [ 4, 5, 7, 8, 9, 10, 17, 21, 30, 32, 33, 36, 40, 42, 45, 49, 50, 51, 54, 59, 61, 66, 67 ], 
  [ 3, 4, 7, 8, 9, 10, 13, 15, 19, 21, 30, 33, 37, 40, 44, 45, 49, 50, 51, 54, 57, 59, 67 ], 
  [ 3, 4, 9, 13, 14, 15, 19, 22, 30, 31, 32, 33, 36, 37, 40, 41, 42, 44, 45, 46, 53, 61, 66 ], 
  [ 3, 4, 7, 14, 16, 19, 22, 30, 31, 32, 33, 35, 36, 41, 44, 45, 46, 49, 52, 55, 60, 61, 67 ], 
  [ 3, 6, 7, 14, 16, 19, 20, 22, 30, 31, 32, 35, 36, 41, 44, 45, 46, 49, 52, 55, 60, 61, 67 ], 
  [ 3, 4, 6, 7, 8, 9, 13, 14, 15, 19, 21, 22, 30, 37, 40, 41, 44, 45, 48, 50, 53, 57, 63 ], 
  [ 1, 2, 3, 4, 5, 7, 8, 10, 11, 18, 23, 30, 35, 38, 41, 47, 48, 51, 56, 57, 60, 62, 64 ], 
  [ 1, 3, 4, 10, 15, 19, 23, 30, 35, 37, 38, 41, 44, 46, 47, 48, 51, 53, 56, 57, 58, 60, 62 ], 
  [ 1, 3, 4, 14, 15, 19, 23, 30, 31, 33, 35, 37, 44, 46, 47, 49, 52, 56, 57, 59, 60, 62, 67 ], 
  [ 1, 2, 4, 5, 7, 8, 10, 17, 21, 23, 30, 35, 38, 41, 47, 48, 51, 53, 56, 57, 58, 60, 62 ], 
  [ 1, 3, 4, 7, 14, 15, 19, 21, 23, 30, 31, 35, 37, 41, 44, 47, 48, 53, 56, 57, 58, 60, 62 ], 
  [ 4, 7, 8, 9, 10, 16, 17, 19, 21, 22, 23, 30, 31, 32, 33, 36, 37, 39, 43, 45, 49, 59, 66 ], 
  [ 1, 3, 4, 10, 11, 15, 23, 24, 30, 37, 38, 41, 44, 46, 47, 48, 51, 53, 56, 57, 58, 60, 62 ], 
  [ 3, 6, 10, 11, 13, 15, 19, 25, 30, 35, 37, 38, 40, 41, 44, 46, 48, 51, 53, 56, 57, 60, 64 ], 
  [ 2, 6, 12, 15, 19, 20, 21, 25, 30, 35, 37, 38, 44, 47, 49, 51, 52, 56, 57, 59, 60, 62, 67 ], 
  [ 1, 2, 10, 12, 15, 19, 21, 23, 25, 30, 35, 37, 38, 44, 47, 48, 51, 53, 56, 57, 58, 60, 62 ], 
  [ 2, 3, 6, 7, 8, 15, 19, 20, 21, 22, 26, 30, 35, 37, 38, 41, 44, 47, 52, 53, 56, 57, 60 ], 
  [ 1, 3, 4, 14, 15, 19, 22, 23, 26, 30, 31, 33, 35, 37, 41, 44, 46, 47, 52, 53, 56, 57, 60 ], 
  [ 1, 2, 3, 4, 7, 8, 9, 10, 13, 15, 19, 21, 22, 23, 26, 30, 33, 37, 41, 44, 45, 53, 57 ], 
  [ 1, 2, 3, 4, 7, 8, 10, 15, 19, 21, 27, 30, 35, 36, 38, 41, 44, 48, 51, 53, 58, 60, 61 ], 
  [ 1, 2, 3, 4, 8, 10, 11, 16, 18, 23, 24, 27, 30, 38, 41, 44, 47, 48, 51, 58, 60, 62, 65 ], 
  [ 2, 3, 6, 7, 8, 15, 19, 20, 21, 30, 35, 37, 38, 41, 44, 47, 48, 51, 53, 56, 57, 58, 60, 62 ], 
  [ 2, 3, 6, 7, 8, 15, 19, 20, 21, 30, 35, 37, 38, 44, 47, 49, 51, 52, 56, 57, 59, 60, 62, 67 ], 
  [ 3, 4, 7, 8, 9, 10, 13, 15, 19, 21, 22, 30, 32, 33, 36, 37, 40, 41, 42, 44, 45, 53, 61, 66 ], 
  [ 3, 4, 7, 9, 13, 14, 15, 19, 21, 22, 30, 31, 32, 33, 36, 37, 40, 41, 42, 44, 45, 53, 61, 66 ], 
  [ 1, 3, 4, 5, 14, 16, 17, 18, 23, 30, 31, 32, 34, 35, 41, 46, 47, 48, 56, 58, 60, 62, 64, 65 ], 
  [ 1, 3, 4, 5, 7, 14, 16, 17, 18, 23, 30, 31, 32, 34, 35, 41, 47, 48, 56, 58, 60, 62, 64, 65 ], 
  [ 1, 3, 4, 7, 14, 15, 19, 21, 23, 30, 31, 33, 35, 37, 44, 47, 49, 52, 56, 57, 59, 60, 62, 67 ], 
  [ 1, 2, 3, 4, 8, 10, 11, 15, 23, 24, 30, 37, 38, 41, 44, 47, 48, 51, 53, 56, 57, 58, 60, 62 ], 
  [ 1, 2, 3, 4, 5, 7, 8, 10, 11, 15, 21, 25, 30, 35, 38, 40, 41, 48, 51, 53, 56, 57, 60, 64 ], 
  [ 1, 3, 4, 7, 14, 15, 19, 21, 22, 23, 26, 30, 31, 33, 35, 37, 41, 44, 47, 52, 53, 56, 57, 60 ], 
  [ 1, 2, 3, 4, 7, 8, 10, 16, 18, 19, 23, 27, 30, 35, 38, 41, 44, 47, 48, 51, 58, 60, 62, 65 ], 
  [ 3, 4, 7, 8, 10, 15, 19, 21, 30, 32, 35, 36, 37, 38, 40, 41, 44, 48, 51, 53, 56, 58, 60, 61, 66 ], 
  [ 3, 6, 7, 8, 13, 15, 19, 20, 21, 30, 32, 36, 37, 40, 41, 42, 44, 45, 48, 50, 51, 53, 58, 61, 66 ], 
  [ 3, 6, 7, 8, 13, 15, 19, 20, 21, 30, 32, 36, 37, 40, 42, 44, 45, 49, 50, 51, 54, 59, 61, 66, 67 ], 
  [ 3, 4, 6, 8, 9, 10, 11, 13, 15, 19, 22, 30, 37, 38, 40, 41, 44, 45, 46, 48, 50, 51, 53, 57, 63 ], 
  [ 1, 3, 4, 5, 9, 10, 11, 13, 18, 23, 30, 33, 41, 44, 45, 46, 48, 50, 51, 54, 57, 60, 62, 64, 67 ], 
  [ 2, 3, 6, 7, 8, 10, 11, 13, 18, 19, 23, 30, 35, 37, 38, 41, 44, 47, 48, 51, 56, 57, 60, 62, 64 ], 
  [ 1, 2, 4, 8, 9, 10, 12, 15, 19, 21, 23, 30, 37, 38, 39, 44, 47, 48, 50, 51, 53, 57, 58, 62, 63 ], 
  [ 1, 2, 3, 4, 7, 8, 9, 10, 13, 15, 19, 21, 23, 30, 37, 41, 44, 45, 48, 50, 51, 53, 57, 58, 62 ], 
  [ 1, 5, 12, 14, 17, 18, 23, 25, 26, 30, 31, 34, 35, 41, 46, 47, 48, 53, 56, 57, 58, 60, 62, 64, 65 ], 
  [ 4, 5, 7, 8, 10, 16, 17, 22, 27, 30, 32, 33, 35, 36, 38, 41, 45, 46, 49, 51, 52, 55, 60, 61, 67 ], 
  [ 3, 4, 7, 8, 9, 10, 13, 15, 19, 21, 30, 32, 36, 37, 40, 41, 42, 44, 45, 48, 50, 51, 53, 58, 61, 66 ], 
  [ 3, 6, 13, 14, 16, 18, 19, 20, 23, 30, 31, 32, 34, 35, 37, 41, 44, 46, 47, 48, 56, 58, 60, 62, 64, 65 ], 
  [ 3, 6, 7, 13, 14, 16, 18, 19, 20, 23, 30, 31, 32, 34, 35, 37, 41, 44, 47, 48, 56, 58, 60, 62, 64, 65 ], 
  [ 1, 2, 3, 4, 7, 8, 10, 15, 19, 21, 23, 30, 35, 37, 38, 41, 44, 47, 48, 51, 53, 56, 57, 58, 60, 62 ], 
  [ 1, 2, 3, 4, 7, 8, 9, 10, 13, 15, 19, 21, 23, 30, 33, 37, 44, 45, 49, 50, 51, 54, 57, 59, 62, 67 ], 
  [ 2, 3, 6, 7, 8, 10, 11, 13, 15, 19, 21, 25, 30, 35, 37, 38, 40, 41, 44, 48, 51, 53, 56, 57, 60, 64 ], 
  [ 3, 4, 7, 8, 9, 10, 13, 15, 19, 21, 30, 32, 33, 36, 37, 40, 42, 44, 45, 49, 50, 51, 54, 59, 61, 66, 67 ], 
  [ 4, 9, 14, 15, 19, 21, 22, 30, 31, 33, 36, 37, 39, 40, 44, 45, 46, 49, 50, 52, 53, 57, 59, 61, 63, 66, 67 ], 
  [ 1, 2, 3, 4, 5, 7, 8, 9, 10, 11, 13, 18, 23, 30, 33, 41, 44, 45, 48, 50, 51, 54, 57, 60, 62, 64, 67 ], 
  [ 3, 4, 7, 14, 16, 19, 22, 23, 30, 31, 32, 33, 35, 37, 41, 44, 45, 46, 47, 49, 52, 56, 57, 59, 60, 62, 67 ], 
  [ 1, 3, 4, 7, 14, 15, 19, 21, 22, 26, 30, 31, 33, 35, 36, 41, 44, 45, 46, 49, 52, 53, 55, 57, 60, 61, 67 ], 
  [ 1, 2, 5, 7, 12, 14, 17, 18, 21, 23, 25, 26, 30, 31, 34, 35, 41, 47, 48, 53, 56, 57, 58, 60, 62, 64, 65 ], 
  [ 3, 4, 8, 10, 11, 15, 22, 24, 30, 32, 33, 37, 38, 40, 41, 44, 45, 46, 51, 52, 53, 56, 57, 59, 60, 61, 66, 67 ], 
  [ 1, 3, 4, 5, 10, 11, 16, 17, 18, 23, 24, 27, 30, 32, 34, 35, 38, 41, 46, 47, 48, 51, 56, 58, 60, 62, 64, 65 ], 
  [ 4, 8, 9, 10, 15, 19, 21, 22, 30, 33, 36, 37, 38, 39, 40, 44, 45, 46, 49, 50, 51, 52, 53, 57, 59, 61, 63, 66, 67 ], 
  [ 1, 3, 4, 5, 7, 9, 10, 13, 14, 18, 19, 23, 30, 33, 35, 41, 44, 45, 46, 48, 49, 50, 51, 54, 57, 60, 62, 64, 67 ], 
  [ 3, 4, 7, 14, 15, 19, 21, 22, 30, 31, 32, 33, 35, 36, 37, 40, 41, 44, 45, 46, 49, 52, 53, 56, 57, 59, 60, 61, 66, 67 ], 
  [ 6, 11, 12, 15, 20, 24, 25, 30, 37, 38, 39, 40, 44, 46, 47, 48, 50, 51, 52, 53, 56, 57, 58, 59, 60, 61, 62, 63, 66, 67 ], 
  [ 1, 2, 3, 4, 5, 7, 8, 10, 11, 16, 17, 18, 23, 24, 27, 30, 32, 34, 35, 38, 41, 47, 48, 51, 56, 58, 60, 62, 64, 65 ], 
  [ 3, 6, 10, 11, 13, 16, 18, 19, 20, 23, 24, 27, 30, 32, 34, 35, 37, 38, 41, 44, 46, 47, 48, 51, 56, 58, 60, 62, 64, 65 ], 
  [ 1, 3, 4, 5, 10, 11, 15, 17, 24, 25, 27, 30, 32, 34, 35, 36, 38, 40, 41, 42, 46, 48, 51, 53, 56, 58, 60, 61, 64, 66 ], 
  [ 1, 2, 5, 10, 11, 12, 17, 18, 23, 24, 25, 26, 27, 30, 34, 35, 38, 41, 46, 47, 48, 51, 53, 56, 57, 58, 60, 62, 64, 65 ], 
  [ 1, 3, 6, 12, 13, 14, 15, 18, 19, 20, 23, 25, 26, 30, 31, 34, 35, 37, 41, 44, 46, 47, 48, 53, 56, 57, 58, 60, 62, 64, 65 ], 
  [ 3, 4, 7, 8, 10, 15, 19, 21, 22, 30, 32, 33, 35, 36, 37, 38, 40, 41, 44, 45, 46, 49, 51, 52, 53, 56, 57, 59, 60, 61, 66, 67 ],
  [ 2, 6, 8, 11, 12, 15, 20, 21, 24, 25, 30, 37, 38, 39, 40, 44, 47, 48, 50, 51, 52, 53, 56, 57, 58, 59, 60, 61, 62, 63, 66, 67 ]
    , [ 2, 3, 6, 7, 8, 10, 11, 13, 16, 18, 19, 20, 23, 24, 27, 30, 32, 34, 35, 37, 38, 41, 44, 47, 48, 51, 56, 58, 60, 62, 64, 
      65 ], [ 3, 6, 10, 11, 13, 15, 19, 20, 24, 25, 27, 30, 32, 34, 35, 36, 37, 38, 40, 41, 42, 44, 46, 48, 51, 53, 56, 58, 60, 
      61, 64, 66 ], [ 3, 6, 11, 13, 15, 20, 24, 25, 30, 32, 34, 37, 40, 41, 42, 44, 45, 46, 48, 50, 51, 53, 54, 56, 57, 58, 59, 
      60, 61, 62, 64, 66, 67 ], [ 1, 2, 3, 6, 7, 12, 13, 14, 15, 18, 19, 20, 21, 23, 25, 26, 30, 31, 34, 35, 37, 41, 44, 47, 48, 
      53, 56, 57, 58, 60, 62, 64, 65 ], [ 1, 2, 3, 4, 5, 7, 8, 10, 11, 15, 17, 21, 24, 25, 27, 30, 32, 34, 35, 36, 38, 40, 41, 
      42, 48, 51, 53, 56, 58, 60, 61, 64, 66 ], [ 1, 3, 4, 6, 9, 12, 13, 14, 15, 16, 18, 19, 20, 22, 23, 26, 28, 30, 31, 37, 39, 
      41, 44, 45, 46, 47, 48, 50, 53, 57, 58, 62, 63, 65 ], [ 6, 12, 14, 15, 19, 20, 21, 25, 30, 31, 35, 36, 37, 38, 39, 40, 44, 
      46, 47, 48, 49, 50, 51, 52, 53, 56, 57, 58, 59, 60, 61, 62, 63, 66, 67 ], 
  [ 2, 3, 6, 7, 8, 10, 11, 13, 15, 19, 20, 21, 24, 25, 27, 30, 32, 34, 35, 36, 37, 38, 40, 41, 42, 44, 48, 51, 53, 56, 58, 60, 
      61, 64, 66 ], [ 3, 4, 6, 8, 11, 15, 16, 20, 22, 24, 30, 32, 37, 38, 39, 40, 41, 44, 45, 46, 47, 48, 50, 51, 52, 53, 56, 
      57, 58, 59, 60, 61, 62, 63, 66, 67 ], [ 2, 3, 6, 7, 8, 11, 13, 15, 20, 21, 24, 25, 30, 32, 34, 37, 40, 41, 42, 44, 45, 48, 
      50, 51, 53, 54, 56, 57, 58, 59, 60, 61, 62, 64, 66, 67 ], 
  [ 1, 4, 5, 9, 10, 11, 12, 15, 17, 23, 24, 25, 30, 33, 37, 38, 39, 40, 44, 46, 47, 48, 50, 51, 52, 53, 56, 57, 58, 59, 60, 61, 
      62, 63, 66, 67 ], [ 1, 2, 3, 6, 10, 11, 12, 13, 15, 18, 19, 20, 23, 24, 25, 26, 27, 30, 34, 35, 37, 38, 41, 44, 46, 47, 
      48, 51, 53, 56, 57, 58, 60, 62, 64, 65 ], [ 1, 2, 3, 4, 6, 7, 8, 9, 12, 13, 14, 15, 16, 18, 19, 20, 21, 22, 23, 26, 28, 
      30, 31, 37, 39, 41, 44, 45, 47, 48, 50, 53, 57, 58, 62, 63, 65 ], 
  [ 1, 3, 4, 9, 10, 13, 15, 16, 17, 19, 20, 22, 23, 24, 26, 27, 28, 30, 31, 32, 33, 34, 36, 37, 39, 41, 42, 43, 44, 45, 46, 53, 
      55, 58, 61, 65, 66 ], [ 4, 5, 8, 9, 10, 11, 16, 17, 22, 23, 24, 30, 32, 33, 37, 38, 39, 40, 41, 44, 45, 46, 47, 48, 50, 
      51, 52, 53, 56, 57, 58, 59, 60, 61, 62, 63, 66, 67 ], [ 1, 2, 4, 5, 8, 9, 10, 11, 12, 15, 17, 21, 23, 24, 25, 30, 33, 37, 
      38, 39, 40, 44, 47, 48, 50, 51, 52, 53, 56, 57, 58, 59, 60, 61, 62, 63, 66, 67 ], 
  [ 3, 6, 7, 13, 14, 15, 19, 20, 21, 25, 30, 31, 32, 34, 35, 36, 37, 40, 41, 42, 44, 45, 46, 48, 49, 50, 51, 53, 54, 56, 57, 58, 
      59, 60, 61, 62, 64, 66, 67 ], [ 1, 3, 4, 5, 9, 10, 11, 13, 15, 17, 23, 24, 25, 30, 32, 33, 34, 37, 40, 41, 42, 44, 45, 46, 
      48, 50, 51, 53, 54, 56, 57, 58, 59, 60, 61, 62, 64, 66, 67 ], 
  [ 1, 2, 3, 4, 6, 8, 11, 12, 15, 16, 18, 20, 22, 24, 26, 27, 28, 30, 38, 39, 41, 44, 45, 46, 47, 48, 50, 51, 52, 53, 55, 57, 
      58, 60, 61, 62, 63, 65, 67 ], [ 1, 3, 4, 9, 10, 13, 15, 16, 17, 19, 20, 23, 24, 27, 28, 30, 31, 32, 33, 34, 36, 37, 39, 
      42, 43, 44, 45, 46, 49, 50, 51, 54, 55, 58, 59, 61, 62, 65, 66, 67 ], 
  [ 1, 2, 3, 4, 6, 8, 9, 10, 11, 12, 13, 15, 16, 18, 19, 20, 22, 23, 24, 26, 27, 28, 30, 37, 38, 39, 41, 44, 45, 46, 47, 48, 50, 
      51, 53, 57, 58, 62, 63, 65 ], [ 1, 2, 3, 4, 7, 8, 9, 10, 13, 15, 16, 17, 19, 20, 21, 22, 23, 24, 26, 27, 28, 30, 31, 32, 
      33, 34, 36, 37, 39, 41, 42, 43, 44, 45, 53, 55, 58, 61, 65, 66 ], 
  [ 1, 4, 5, 9, 10, 12, 14, 15, 17, 19, 21, 23, 25, 30, 31, 33, 35, 36, 37, 38, 39, 40, 44, 46, 47, 48, 49, 50, 51, 52, 53, 56, 
      57, 58, 59, 60, 61, 62, 63, 66, 67 ], [ 1, 2, 4, 5, 8, 9, 10, 11, 12, 16, 17, 18, 22, 23, 24, 26, 27, 28, 30, 33, 38, 39, 
      41, 44, 45, 46, 47, 48, 50, 51, 52, 53, 55, 57, 58, 60, 61, 62, 63, 65, 67 ], 
  [ 3, 4, 6, 7, 8, 14, 15, 16, 19, 20, 21, 22, 30, 31, 32, 35, 36, 37, 38, 39, 40, 41, 44, 45, 46, 47, 48, 49, 50, 51, 52, 53, 
      56, 57, 58, 59, 60, 61, 62, 63, 66, 67 ], [ 1, 2, 3, 4, 5, 7, 8, 9, 10, 11, 13, 15, 17, 21, 23, 24, 25, 30, 32, 33, 34, 
      37, 40, 41, 42, 44, 45, 48, 50, 51, 53, 54, 56, 57, 58, 59, 60, 61, 62, 64, 66, 67 ], 
  [ 1, 2, 10, 12, 15, 17, 19, 20, 21, 23, 24, 25, 26, 27, 30, 31, 33, 34, 35, 36, 37, 38, 39, 43, 44, 46, 47, 49, 51, 52, 53, 
      55, 56, 57, 58, 59, 60, 61, 62, 65, 66, 67 ], [ 1, 2, 3, 4, 7, 8, 9, 10, 13, 15, 16, 17, 19, 20, 21, 23, 24, 27, 28, 30, 
      31, 32, 33, 34, 36, 37, 39, 42, 43, 44, 45, 49, 50, 51, 54, 55, 58, 59, 61, 62, 65, 66, 67 ], 
  [ 1, 2, 9, 10, 12, 13, 15, 17, 19, 20, 21, 23, 24, 25, 26, 27, 28, 30, 31, 33, 34, 36, 37, 39, 42, 43, 44, 45, 46, 49, 50, 51, 
      53, 54, 55, 57, 58, 59, 61, 62, 65, 66, 67 ], [ 4, 5, 7, 8, 9, 10, 14, 16, 17, 19, 21, 22, 23, 30, 31, 32, 33, 35, 36, 37, 
      38, 39, 40, 41, 44, 45, 46, 47, 48, 49, 50, 51, 52, 53, 56, 57, 58, 59, 60, 61, 62, 63, 66, 67 ], 
  [ 1, 3, 4, 5, 7, 9, 10, 13, 14, 15, 17, 19, 21, 23, 25, 30, 31, 32, 33, 34, 35, 36, 37, 40, 41, 42, 44, 45, 46, 48, 49, 50, 
      51, 53, 54, 56, 57, 58, 59, 60, 61, 62, 64, 66, 67 ], [ 1, 2, 3, 4, 6, 7, 8, 12, 14, 15, 16, 18, 19, 20, 21, 22, 26, 27, 
      28, 30, 31, 35, 36, 38, 39, 41, 44, 45, 46, 47, 48, 49, 50, 51, 52, 53, 55, 57, 58, 60, 61, 62, 63, 65, 67 ], 
  [ 1, 2, 4, 5, 7, 8, 9, 10, 12, 14, 16, 17, 18, 19, 21, 22, 23, 26, 27, 28, 30, 31, 33, 35, 36, 38, 39, 41, 44, 45, 46, 47, 48, 
      49, 50, 51, 52, 53, 55, 57, 58, 60, 61, 62, 63, 65, 67 ], [ 1, 2, 3, 4, 7, 8, 10, 15, 16, 17, 19, 20, 21, 22, 23, 24, 26, 
      27, 30, 31, 32, 33, 34, 35, 36, 37, 38, 39, 41, 43, 44, 45, 46, 47, 49, 51, 52, 53, 55, 56, 57, 58, 59, 60, 61, 62, 65, 
      66, 67 ], [ 1, 3, 4, 5, 6, 9, 10, 11, 12, 13, 14, 15, 16, 17, 18, 19, 20, 22, 23, 24, 25, 26, 27, 28, 29, 30, 31, 32, 33, 
      34, 35, 36, 37, 38, 39, 40, 41, 42, 43, 44, 46, 47, 48, 52, 53, 55, 56, 58, 60, 61, 63, 64, 65, 66 ], 
  [ 1, 3, 4, 5, 6, 9, 11, 12, 13, 14, 15, 16, 17, 18, 20, 22, 23, 24, 25, 26, 28, 29, 30, 31, 32, 33, 34, 37, 39, 40, 41, 42, 
      43, 44, 45, 46, 47, 48, 50, 52, 53, 54, 55, 56, 57, 58, 59, 60, 61, 62, 63, 64, 65, 66, 67 ], 
  [ 1, 3, 4, 5, 6, 9, 10, 11, 12, 13, 14, 15, 16, 17, 18, 19, 20, 23, 24, 25, 27, 28, 29, 30, 31, 32, 33, 34, 35, 36, 37, 38, 
      39, 40, 42, 43, 44, 46, 47, 48, 49, 50, 51, 52, 54, 55, 56, 58, 59, 60, 61, 62, 63, 64, 65, 66, 67 ], 
  [ 1, 2, 3, 4, 5, 6, 7, 8, 9, 10, 11, 12, 13, 14, 15, 16, 17, 18, 19, 20, 21, 22, 23, 24, 25, 26, 27, 28, 29, 30, 31, 32, 33, 
      34, 35, 36, 37, 38, 39, 40, 41, 42, 43, 44, 47, 48, 52, 53, 55, 56, 58, 60, 61, 63, 64, 65, 66 ], 
  [ 1, 2, 3, 4, 5, 6, 7, 8, 9, 11, 12, 13, 14, 15, 16, 17, 18, 20, 21, 22, 23, 24, 25, 26, 28, 29, 30, 31, 32, 33, 34, 37, 39, 
      40, 41, 42, 43, 44, 45, 47, 48, 50, 52, 53, 54, 55, 56, 57, 58, 59, 60, 61, 62, 63, 64, 65, 66, 67 ], 
  [ 1, 2, 3, 4, 5, 6, 7, 8, 11, 12, 14, 15, 16, 17, 18, 20, 21, 22, 24, 25, 26, 27, 28, 29, 30, 31, 32, 34, 35, 36, 38, 39, 40, 
      41, 42, 43, 45, 46, 47, 48, 49, 50, 51, 52, 53, 54, 55, 56, 57, 58, 59, 60, 61, 62, 63, 64, 65, 66, 67 ], 
  [ 1, 2, 3, 4, 5, 6, 7, 8, 9, 10, 11, 12, 13, 14, 15, 16, 17, 18, 19, 20, 21, 23, 24, 25, 27, 28, 29, 30, 31, 32, 33, 34, 35, 
      36, 37, 38, 39, 40, 42, 43, 44, 47, 48, 49, 50, 51, 52, 54, 55, 56, 58, 59, 60, 61, 62, 63, 64, 65, 66, 67 ], 
  [ 1, 2, 3, 4, 5, 6, 7, 8, 9, 10, 11, 12, 13, 14, 15, 16, 17, 18, 19, 20, 21, 22, 23, 24, 25, 26, 27, 28, 29, 30, 31, 32, 34, 
      35, 36, 37, 38, 39, 40, 41, 42, 43, 45, 46, 47, 48, 49, 50, 51, 53, 54, 56, 57, 58, 59, 62, 63, 64, 65, 66 ], 
  [ 2, 5, 6, 7, 8, 9, 10, 11, 12, 13, 14, 16, 17, 18, 19, 20, 21, 22, 23, 24, 25, 26, 27, 28, 29, 30, 31, 32, 33, 34, 35, 36, 
      37, 38, 39, 40, 41, 42, 43, 44, 45, 46, 47, 48, 49, 50, 51, 52, 53, 54, 55, 56, 57, 58, 59, 60, 61, 62, 63, 64, 65, 66, 67 
     ], [ 1, 2, 3, 4, 5, 6, 7, 8, 9, 10, 11, 12, 13, 14, 15, 16, 17, 18, 19, 20, 21, 22, 23, 24, 25, 26, 27, 28, 29, 31, 32, 33, 
      34, 35, 36, 37, 38, 39, 40, 41, 42, 43, 44, 45, 46, 47, 48, 49, 50, 51, 52, 53, 54, 55, 56, 57, 58, 59, 60, 61, 62, 63, 
      64, 65, 66, 67 ] ];
