return [ [ 1, 2, 6, 7, 14, 18, 19, 22, 25, 31, 35, 38, 41, 42, 46, 47 ], 
  [ 4, 10, 11, 12, 14, 16, 20, 24, 31, 33, 36, 37, 38, 42, 47, 49, 53 ], 
  [ 4, 5, 10, 11, 14, 16, 20, 21, 24, 36, 37, 38, 40, 42, 46, 47, 49, 51 ], 
  [ 4, 5, 10, 11, 14, 15, 16, 20, 21, 24, 30, 36, 37, 42, 46, 48, 50, 52 ], 
  [ 1, 2, 5, 6, 7, 14, 18, 19, 25, 30, 35, 40, 41, 42, 46, 47, 50, 52 ], 
  [ 1, 2, 6, 7, 14, 18, 19, 22, 25, 30, 31, 35, 41, 42, 46, 47, 50, 52 ], 
  [ 4, 10, 11, 14, 16, 20, 21, 24, 31, 33, 36, 37, 38, 39, 42, 46, 47, 49, 51 ], 
  [ 1, 2, 5, 6, 7, 14, 16, 18, 25, 35, 36, 38, 40, 41, 42, 46, 47, 49, 51 ], 
  [ 1, 6, 7, 8, 14, 17, 18, 22, 25, 31, 35, 36, 38, 39, 41, 43, 46, 47, 51 ], 
  [ 1, 2, 5, 6, 7, 12, 14, 18, 19, 20, 25, 29, 37, 38, 40, 41, 42, 46, 47 ], 
  [ 1, 2, 6, 7, 12, 14, 18, 19, 20, 22, 25, 29, 31, 37, 38, 41, 42, 46, 47 ], 
  [ 4, 10, 11, 12, 14, 16, 20, 24, 30, 31, 33, 36, 37, 42, 47, 48, 49, 50, 53 ], 
  [ 4, 5, 10, 11, 12, 14, 16, 20, 24, 30, 36, 37, 40, 42, 47, 48, 49, 50, 53 ], 
  [ 1, 5, 6, 7, 8, 14, 17, 18, 25, 30, 35, 36, 40, 41, 43, 46, 47, 51, 52 ], 
  [ 4, 5, 10, 11, 14, 16, 21, 24, 26, 35, 36, 37, 38, 40, 42, 46, 47, 49, 51, 53 ], 
  [ 1, 6, 7, 8, 14, 17, 18, 22, 25, 30, 31, 35, 36, 39, 41, 43, 46, 47, 51, 52 ], 
  [ 5, 7, 11, 12, 14, 17, 18, 20, 24, 25, 30, 36, 37, 40, 43, 46, 47, 48, 51, 52 ], 
  [ 4, 5, 10, 11, 14, 15, 16, 21, 24, 26, 30, 35, 36, 37, 42, 46, 48, 50, 52, 53 ], 
  [ 3, 5, 6, 9, 10, 14, 16, 21, 22, 33, 34, 35, 36, 38, 40, 41, 42, 47, 49, 51, 54 ], 
  [ 1, 2, 6, 7, 14, 16, 18, 22, 25, 31, 33, 35, 36, 38, 39, 41, 42, 46, 47, 49, 51 ], 
  [ 1, 2, 6, 7, 8, 14, 17, 18, 19, 22, 25, 31, 35, 38, 39, 41, 43, 46, 47, 51, 55 ], 
  [ 6, 8, 10, 14, 17, 19, 20, 21, 22, 25, 31, 35, 36, 38, 39, 41, 43, 46, 47, 51, 55 ], 
  [ 2, 4, 5, 7, 11, 12, 14, 16, 18, 20, 24, 25, 36, 37, 38, 40, 42, 46, 47, 49, 51 ], 
  [ 4, 10, 11, 14, 16, 21, 24, 26, 31, 33, 35, 36, 37, 38, 39, 42, 46, 47, 49, 51, 53 ], 
  [ 3, 5, 6, 9, 10, 14, 15, 16, 21, 22, 30, 32, 33, 34, 35, 36, 42, 44, 50, 52, 54 ], 
  [ 4, 5, 10, 11, 14, 16, 20, 21, 24, 30, 36, 37, 40, 42, 46, 47, 48, 49, 50, 51, 52 ], 
  [ 1, 2, 5, 6, 7, 14, 16, 18, 25, 30, 35, 36, 40, 41, 42, 46, 47, 49, 50, 51, 52 ], 
  [ 1, 2, 5, 6, 7, 8, 14, 17, 18, 19, 25, 30, 35, 40, 41, 43, 46, 47, 51, 52, 55 ], 
  [ 5, 6, 8, 10, 14, 17, 19, 20, 21, 25, 30, 35, 36, 40, 41, 43, 46, 47, 51, 52, 55 ], 
  [ 5, 7, 11, 12, 14, 17, 18, 20, 24, 25, 30, 34, 36, 40, 43, 44, 47, 48, 51, 52, 54 ], 
  [ 2, 4, 5, 7, 11, 12, 14, 18, 19, 20, 24, 25, 30, 37, 40, 42, 46, 47, 48, 50, 52 ], 
  [ 3, 5, 6, 9, 10, 14, 15, 19, 20, 22, 29, 30, 32, 34, 42, 44, 45, 48, 50, 52, 54 ], 
  [ 1, 2, 5, 6, 7, 12, 14, 15, 18, 19, 20, 25, 29, 30, 37, 42, 45, 46, 48, 50, 52 ], 
  [ 2, 4, 7, 11, 12, 14, 16, 18, 20, 24, 25, 31, 33, 36, 37, 38, 39, 42, 46, 47, 49, 51 ], 
  [ 3, 5, 6, 9, 10, 14, 16, 20, 21, 22, 29, 33, 34, 36, 38, 40, 41, 42, 47, 49, 51, 54 ], 
  [ 5, 7, 11, 12, 14, 16, 18, 20, 24, 29, 33, 34, 36, 37, 38, 40, 42, 47, 48, 49, 51, 54 ], 
  [ 1, 2, 5, 6, 7, 12, 14, 16, 18, 20, 25, 29, 36, 37, 38, 40, 41, 42, 46, 47, 49, 51 ], 
  [ 1, 2, 3, 5, 6, 7, 9, 12, 14, 18, 19, 20, 22, 25, 29, 34, 38, 40, 41, 42, 47, 54 ], 
  [ 4, 10, 11, 14, 16, 20, 21, 24, 30, 31, 33, 36, 37, 39, 42, 46, 47, 48, 49, 50, 51, 52 ], 
  [ 4, 5, 9, 10, 11, 14, 15, 16, 20, 21, 24, 30, 32, 33, 34, 36, 42, 44, 48, 50, 52, 54 ], 
  [ 1, 2, 6, 7, 8, 14, 17, 18, 19, 22, 25, 30, 31, 35, 39, 41, 43, 46, 47, 51, 52, 55 ], 
  [ 3, 5, 6, 9, 10, 14, 19, 20, 22, 25, 30, 34, 35, 36, 40, 41, 42, 44, 47, 50, 52, 54 ], 
  [ 6, 8, 10, 14, 17, 19, 20, 21, 22, 25, 30, 31, 35, 36, 39, 41, 43, 46, 47, 51, 52, 55 ], 
  [ 4, 5, 10, 11, 12, 14, 19, 20, 24, 25, 30, 35, 36, 37, 40, 42, 46, 47, 48, 50, 52, 53 ], 
  [ 3, 5, 6, 9, 10, 14, 19, 20, 22, 29, 30, 34, 40, 41, 42, 44, 45, 47, 48, 50, 52, 54 ], 
  [ 1, 2, 5, 6, 7, 12, 14, 15, 16, 18, 20, 25, 29, 30, 36, 37, 42, 45, 46, 48, 50, 52 ], 
  [ 2, 4, 5, 7, 9, 11, 12, 14, 16, 18, 20, 24, 25, 33, 34, 36, 38, 40, 42, 47, 49, 51, 54 ], 
  [ 3, 4, 5, 9, 10, 11, 14, 16, 21, 24, 26, 33, 34, 35, 36, 38, 40, 42, 47, 49, 51, 53, 54 ], 
  [ 1, 2, 6, 7, 14, 16, 18, 22, 25, 30, 31, 33, 35, 36, 39, 41, 42, 46, 47, 49, 50, 51, 52 ], 
  [ 1, 3, 5, 6, 7, 8, 14, 17, 18, 22, 25, 30, 34, 35, 36, 40, 41, 43, 44, 47, 51, 52, 54 ], 
  [ 1, 2, 3, 5, 6, 7, 9, 14, 18, 19, 22, 25, 30, 34, 35, 40, 41, 42, 44, 47, 50, 52, 54 ], 
  [ 1, 2, 4, 5, 7, 11, 12, 14, 18, 19, 24, 25, 30, 35, 37, 40, 42, 46, 47, 48, 50, 52, 53 ], 
  [ 2, 4, 5, 7, 9, 11, 12, 14, 18, 19, 20, 24, 25, 30, 34, 40, 42, 44, 47, 48, 50, 52, 54 ], 
  [ 4, 5, 10, 11, 14, 16, 21, 24, 26, 30, 35, 36, 37, 40, 42, 46, 47, 48, 49, 50, 51, 52, 53 ], 
  [ 1, 2, 5, 6, 7, 12, 14, 18, 19, 20, 25, 29, 30, 37, 40, 41, 42, 45, 46, 47, 48, 50, 52 ], 
  [ 1, 2, 6, 7, 12, 14, 18, 19, 20, 22, 25, 29, 30, 31, 37, 41, 42, 45, 46, 47, 48, 50, 52 ], 
  [ 1, 2, 3, 5, 6, 7, 9, 14, 16, 18, 22, 25, 33, 34, 35, 36, 38, 40, 41, 42, 47, 49, 51, 54 ], 
  [ 1, 2, 4, 5, 7, 11, 12, 14, 16, 18, 24, 25, 26, 35, 36, 37, 38, 40, 42, 46, 47, 49, 51, 53 ], 
  [ 1, 2, 6, 7, 12, 14, 16, 18, 20, 22, 25, 29, 31, 33, 36, 37, 38, 39, 41, 42, 46, 47, 49, 51 ], 
  [ 5, 7, 11, 12, 14, 17, 18, 20, 24, 25, 29, 34, 36, 37, 38, 40, 42, 43, 46, 47, 48, 51, 52, 54 ], 
  [ 3, 5, 6, 9, 10, 14, 16, 21, 22, 30, 33, 34, 35, 36, 40, 41, 42, 44, 47, 49, 50, 51, 52, 54 ], 
  [ 3, 4, 5, 9, 10, 11, 12, 14, 16, 20, 24, 30, 33, 34, 36, 40, 42, 44, 47, 48, 49, 50, 53, 54 ], 
  [ 4, 5, 9, 10, 11, 14, 16, 20, 21, 24, 30, 33, 34, 36, 40, 42, 44, 47, 48, 49, 50, 51, 52, 54 ], 
  [ 2, 4, 5, 7, 11, 12, 14, 16, 18, 20, 24, 25, 30, 36, 37, 40, 42, 46, 47, 48, 49, 50, 51, 52 ], 
  [ 4, 10, 11, 14, 16, 21, 24, 26, 30, 31, 33, 35, 36, 37, 39, 42, 46, 47, 48, 49, 50, 51, 52, 53 ], 
  [ 1, 2, 4, 5, 7, 11, 12, 14, 15, 16, 18, 24, 25, 26, 30, 35, 36, 37, 42, 46, 48, 50, 52, 53 ], 
  [ 1, 5, 7, 8, 11, 12, 14, 17, 18, 24, 25, 26, 30, 35, 36, 37, 40, 43, 46, 47, 48, 51, 52, 53 ], 
  [ 3, 5, 6, 9, 10, 14, 15, 16, 20, 21, 22, 29, 30, 32, 33, 34, 36, 42, 44, 45, 48, 50, 52, 54 ], 
  [ 1, 2, 4, 7, 11, 12, 14, 16, 18, 24, 25, 26, 31, 33, 35, 36, 37, 38, 39, 42, 46, 47, 49, 51, 53 ], 
  [ 1, 3, 5, 6, 7, 8, 14, 17, 18, 22, 25, 29, 34, 35, 36, 38, 40, 41, 42, 43, 46, 47, 51, 52, 54 ], 
  [ 2, 5, 6, 7, 9, 14, 17, 18, 19, 20, 22, 25, 29, 34, 38, 40, 41, 42, 43, 46, 47, 51, 52, 54, 55 ], 
  [ 2, 4, 7, 11, 12, 14, 16, 18, 20, 24, 25, 30, 31, 33, 36, 37, 39, 42, 46, 47, 48, 49, 50, 51, 52 ], 
  [ 3, 4, 5, 9, 10, 11, 12, 14, 19, 20, 24, 25, 30, 34, 35, 36, 40, 42, 44, 47, 48, 50, 52, 53, 54 ], 
  [ 3, 4, 5, 9, 10, 11, 14, 15, 16, 21, 24, 26, 30, 32, 33, 34, 35, 36, 42, 44, 48, 50, 52, 53, 54 ], 
  [ 1, 2, 3, 5, 6, 7, 9, 12, 14, 16, 18, 20, 22, 25, 29, 33, 34, 36, 38, 40, 41, 42, 47, 49, 51, 54 ], 
  [ 1, 2, 3, 5, 6, 7, 8, 9, 14, 17, 18, 19, 22, 25, 30, 34, 35, 40, 41, 43, 44, 47, 51, 52, 54, 55 ], 
  [ 3, 5, 6, 8, 9, 10, 14, 17, 19, 20, 21, 22, 25, 30, 34, 35, 36, 40, 41, 43, 44, 47, 51, 52, 54, 55 ], 
  [ 1, 2, 3, 4, 5, 7, 9, 11, 12, 14, 18, 19, 24, 25, 30, 34, 35, 40, 42, 44, 47, 48, 50, 52, 53, 54 ], 
  [ 1, 3, 5, 7, 8, 11, 12, 14, 17, 18, 24, 25, 26, 30, 34, 35, 36, 40, 43, 44, 47, 48, 51, 52, 53, 54 ], 
  [ 1, 2, 5, 6, 7, 12, 14, 16, 18, 20, 25, 29, 30, 36, 37, 40, 41, 42, 45, 46, 47, 48, 49, 50, 51, 52 ], 
  [ 1, 2, 3, 5, 6, 7, 9, 12, 14, 15, 18, 19, 20, 22, 25, 29, 30, 32, 34, 42, 44, 45, 48, 50, 52, 54 ], 
  [ 1, 2, 3, 4, 5, 7, 9, 11, 12, 14, 16, 18, 24, 25, 26, 33, 34, 35, 36, 38, 40, 42, 47, 49, 51, 53, 54 ], 
  [ 1, 2, 3, 5, 6, 7, 9, 14, 16, 18, 22, 25, 30, 33, 34, 35, 36, 40, 41, 42, 44, 47, 49, 50, 51, 52, 54 ], 
  [ 2, 4, 5, 7, 9, 11, 12, 14, 16, 18, 20, 24, 25, 30, 33, 34, 36, 40, 42, 44, 47, 48, 49, 50, 51, 52, 54 ], 
  [ 3, 4, 5, 9, 10, 11, 14, 16, 21, 24, 26, 30, 33, 34, 35, 36, 40, 42, 44, 47, 48, 49, 50, 51, 52, 53, 54 ], 
  [ 1, 2, 4, 5, 7, 11, 12, 14, 16, 18, 24, 25, 26, 30, 35, 36, 37, 40, 42, 46, 47, 48, 49, 50, 51, 52, 53 ], 
  [ 3, 5, 6, 9, 10, 14, 16, 20, 21, 22, 29, 30, 33, 34, 36, 40, 41, 42, 44, 45, 47, 48, 49, 50, 51, 52, 54 ], 
  [ 1, 2, 3, 5, 6, 7, 9, 12, 14, 18, 19, 20, 22, 25, 29, 30, 34, 40, 41, 42, 44, 45, 47, 48, 50, 52, 54 ], 
  [ 1, 2, 3, 5, 6, 7, 8, 9, 14, 17, 18, 19, 22, 25, 29, 34, 35, 38, 40, 41, 42, 43, 46, 47, 51, 52, 54, 55 ], 
  [ 3, 5, 6, 8, 9, 10, 14, 17, 19, 20, 21, 22, 25, 29, 34, 35, 36, 38, 40, 41, 42, 43, 46, 47, 51, 52, 54, 55 ], 
  [ 1, 2, 4, 7, 11, 12, 14, 16, 18, 24, 25, 26, 30, 31, 33, 35, 36, 37, 39, 42, 46, 47, 48, 49, 50, 51, 52, 53 ], 
  [ 3, 5, 6, 9, 10, 13, 14, 15, 16, 21, 22, 23, 27, 30, 32, 33, 34, 35, 36, 38, 40, 41, 42, 44, 49, 50, 54, 56 ], 
  [ 1, 2, 4, 5, 7, 8, 11, 12, 14, 17, 18, 19, 24, 25, 26, 28, 30, 35, 37, 40, 43, 46, 47, 48, 51, 52, 53, 55 ], 
  [ 4, 5, 8, 10, 11, 12, 14, 17, 19, 20, 21, 24, 25, 26, 28, 30, 35, 36, 37, 40, 43, 46, 47, 48, 51, 52, 53, 55 ], 
  [ 1, 2, 6, 7, 12, 14, 16, 18, 20, 22, 25, 29, 30, 31, 33, 36, 37, 39, 41, 42, 45, 46, 47, 48, 49, 50, 51, 52 ], 
  [ 1, 2, 3, 5, 6, 7, 9, 12, 14, 15, 16, 18, 20, 22, 25, 29, 30, 32, 33, 34, 36, 42, 44, 45, 48, 50, 52, 54 ], 
  [ 1, 3, 5, 7, 8, 11, 12, 14, 17, 18, 24, 25, 26, 29, 34, 35, 36, 37, 38, 40, 42, 43, 46, 47, 48, 51, 52, 53, 54 ], 
  [ 1, 2, 4, 5, 6, 7, 10, 11, 12, 14, 15, 16, 18, 19, 20, 24, 25, 30, 31, 35, 36, 37, 42, 46, 47, 48, 50, 52, 53 ], 
  [ 1, 2, 3, 4, 5, 7, 9, 11, 12, 14, 15, 16, 18, 24, 25, 26, 30, 32, 33, 34, 35, 36, 42, 44, 48, 50, 52, 53, 54 ], 
  [ 3, 4, 5, 9, 10, 11, 13, 14, 15, 16, 21, 23, 24, 26, 27, 30, 32, 33, 34, 35, 36, 38, 40, 42, 44, 49, 50, 53, 54, 56 ], 
  [ 3, 5, 6, 9, 10, 13, 14, 15, 16, 20, 21, 22, 23, 27, 29, 30, 32, 33, 34, 36, 38, 40, 41, 42, 44, 45, 49, 50, 54, 56 ], 
  [ 1, 2, 3, 4, 5, 7, 9, 11, 12, 14, 16, 18, 24, 25, 26, 30, 33, 34, 35, 36, 40, 42, 44, 47, 48, 49, 50, 51, 52, 53, 54 ], 
  [ 1, 2, 3, 4, 5, 7, 8, 9, 11, 12, 14, 17, 18, 19, 24, 25, 26, 28, 30, 34, 35, 40, 43, 44, 47, 48, 51, 52, 53, 54, 55 ], 
  [ 3, 4, 5, 8, 9, 10, 11, 12, 14, 17, 19, 20, 21, 24, 25, 26, 28, 30, 34, 35, 36, 40, 43, 44, 47, 48, 51, 52, 53, 54, 55 ], 
  [ 1, 2, 3, 5, 6, 7, 9, 12, 14, 16, 18, 20, 22, 25, 29, 30, 33, 34, 36, 40, 41, 42, 44, 45, 47, 48, 49, 50, 51, 52, 54 ], 
  [ 1, 2, 3, 5, 6, 7, 9, 12, 13, 14, 15, 18, 19, 20, 22, 23, 25, 27, 29, 30, 32, 34, 38, 40, 41, 42, 44, 45, 50, 54, 56 ], 
  [ 1, 3, 5, 7, 11, 12, 13, 14, 15, 16, 18, 23, 24, 26, 29, 30, 32, 33, 34, 36, 37, 38, 40, 42, 44, 45, 48, 49, 50, 53, 54, 56 ],
  [ 1, 2, 3, 4, 5, 7, 8, 9, 11, 12, 14, 17, 18, 19, 24, 25, 26, 28, 29, 34, 35, 37, 38, 40, 42, 43, 46, 47, 48, 51, 52, 53, 54, 
      55 ], [ 3, 4, 5, 8, 9, 10, 11, 12, 14, 17, 19, 20, 21, 24, 25, 26, 28, 29, 34, 35, 36, 37, 38, 40, 42, 43, 46, 47, 48, 51, 
      52, 53, 54, 55 ], [ 1, 2, 3, 4, 5, 7, 9, 11, 12, 13, 14, 15, 16, 18, 23, 24, 25, 26, 27, 30, 32, 33, 34, 35, 36, 38, 40, 
      42, 44, 49, 50, 53, 54, 56 ], [ 1, 2, 3, 5, 6, 7, 9, 12, 13, 14, 15, 16, 18, 20, 22, 23, 25, 27, 29, 30, 32, 33, 34, 36, 
      38, 40, 41, 42, 44, 45, 49, 50, 54, 56 ], [ 1, 2, 3, 4, 5, 6, 7, 9, 10, 11, 12, 14, 15, 16, 18, 19, 20, 22, 24, 25, 30, 
      31, 32, 33, 34, 35, 36, 42, 44, 47, 48, 50, 52, 53, 54 ], 
  [ 1, 2, 4, 5, 6, 7, 8, 10, 11, 12, 14, 15, 16, 17, 18, 19, 20, 21, 24, 25, 26, 28, 30, 31, 35, 36, 37, 39, 43, 46, 47, 48, 51, 
      52, 53, 55 ], [ 7, 11, 12, 14, 17, 18, 20, 22, 23, 24, 25, 29, 30, 31, 32, 33, 34, 36, 37, 38, 39, 40, 41, 42, 43, 44, 45, 
      46, 47, 48, 49, 50, 51, 52, 54, 56 ], [ 1, 3, 5, 7, 8, 11, 12, 13, 14, 15, 17, 18, 23, 24, 25, 26, 29, 30, 32, 34, 35, 36, 
      37, 38, 40, 42, 43, 44, 45, 46, 48, 50, 52, 53, 54, 56 ], 
  [ 1, 2, 3, 5, 6, 7, 8, 9, 13, 14, 15, 17, 18, 19, 22, 23, 25, 27, 29, 30, 32, 34, 35, 38, 40, 41, 42, 43, 44, 45, 46, 50, 52, 
      54, 55, 56 ], [ 3, 5, 6, 8, 9, 10, 13, 14, 15, 17, 19, 20, 21, 22, 23, 25, 27, 29, 30, 32, 34, 35, 36, 38, 40, 41, 42, 43, 
      44, 45, 46, 50, 52, 54, 55, 56 ], [ 2, 4, 5, 7, 9, 11, 14, 15, 16, 17, 18, 21, 23, 24, 25, 26, 27, 30, 32, 33, 34, 35, 36, 
      38, 39, 40, 42, 43, 44, 46, 49, 50, 51, 52, 54, 55, 56 ], [ 1, 3, 5, 6, 7, 10, 11, 12, 13, 14, 15, 16, 18, 20, 22, 23, 24, 
      29, 30, 31, 32, 33, 34, 36, 37, 38, 40, 41, 42, 44, 45, 47, 48, 49, 50, 53, 54, 56 ], 
  [ 1, 2, 3, 4, 5, 6, 7, 8, 9, 10, 11, 12, 13, 14, 15, 16, 17, 19, 20, 21, 22, 23, 25, 26, 27, 28, 29, 31, 32, 33, 35, 36, 37, 
      38, 39, 42, 46, 53, 54, 55 ], [ 5, 6, 7, 10, 11, 14, 15, 16, 17, 18, 20, 21, 22, 23, 24, 29, 30, 31, 32, 33, 34, 36, 37, 
      38, 39, 40, 41, 42, 43, 44, 45, 46, 47, 48, 49, 50, 51, 52, 54, 56 ], 
  [ 1, 2, 3, 4, 5, 6, 7, 9, 10, 11, 12, 13, 14, 15, 16, 18, 19, 20, 22, 23, 24, 25, 27, 30, 31, 32, 33, 34, 35, 36, 38, 40, 41, 
      42, 44, 47, 49, 50, 53, 54, 56 ], [ 1, 2, 3, 4, 5, 6, 7, 8, 9, 10, 11, 12, 14, 15, 16, 17, 18, 19, 20, 21, 22, 24, 25, 26, 
      28, 30, 31, 32, 33, 34, 35, 36, 39, 43, 44, 47, 48, 51, 52, 53, 54, 55 ], 
  [ 1, 3, 7, 8, 11, 12, 13, 14, 17, 18, 22, 23, 24, 25, 26, 29, 30, 31, 32, 33, 34, 35, 36, 37, 38, 39, 40, 41, 42, 43, 44, 45, 
      46, 47, 48, 49, 50, 51, 52, 53, 54, 56 ], [ 1, 2, 3, 4, 5, 7, 8, 9, 11, 12, 13, 14, 15, 17, 18, 19, 23, 24, 25, 26, 27, 
      28, 29, 30, 32, 34, 35, 37, 38, 40, 42, 43, 44, 45, 46, 48, 50, 52, 53, 54, 55, 56 ], 
  [ 3, 4, 5, 8, 9, 10, 11, 12, 13, 14, 15, 17, 19, 20, 21, 23, 24, 25, 26, 27, 28, 29, 30, 32, 34, 35, 36, 37, 38, 40, 42, 43, 
      44, 45, 46, 48, 50, 52, 53, 54, 55, 56 ], [ 1, 2, 3, 4, 5, 6, 7, 8, 9, 10, 11, 12, 13, 14, 16, 17, 19, 20, 21, 22, 23, 25, 
      26, 27, 28, 29, 31, 33, 35, 36, 37, 38, 39, 40, 41, 42, 46, 47, 49, 51, 53, 54, 55 ], 
  [ 1, 3, 5, 6, 7, 8, 10, 11, 12, 13, 14, 15, 17, 18, 19, 20, 22, 23, 24, 25, 29, 30, 31, 32, 34, 35, 36, 37, 38, 40, 41, 42, 
      43, 44, 45, 46, 47, 48, 50, 52, 53, 54, 56 ], [ 1, 2, 3, 5, 6, 7, 8, 9, 13, 14, 15, 16, 17, 18, 21, 22, 23, 25, 26, 27, 
      29, 30, 32, 33, 34, 35, 36, 38, 39, 40, 41, 42, 43, 44, 45, 46, 49, 50, 51, 52, 54, 55, 56 ], 
  [ 2, 4, 5, 6, 7, 9, 10, 11, 14, 15, 16, 17, 18, 19, 20, 21, 22, 23, 24, 25, 27, 30, 31, 32, 33, 34, 35, 36, 38, 39, 40, 41, 
      42, 43, 44, 46, 47, 49, 50, 51, 52, 54, 55, 56 ], [ 1, 2, 3, 4, 5, 6, 7, 8, 9, 10, 11, 12, 14, 15, 16, 17, 18, 19, 20, 21, 
      22, 24, 25, 26, 28, 29, 31, 32, 33, 34, 35, 36, 37, 38, 39, 42, 43, 46, 47, 48, 51, 52, 53, 54, 55 ], 
  [ 1, 2, 3, 4, 5, 6, 7, 8, 9, 10, 11, 12, 13, 14, 15, 16, 17, 19, 20, 21, 22, 23, 25, 26, 27, 28, 29, 30, 31, 32, 33, 35, 36, 
      37, 39, 42, 44, 45, 46, 48, 50, 52, 53, 54, 55 ], [ 1, 3, 5, 6, 7, 8, 10, 11, 13, 14, 15, 16, 17, 18, 21, 22, 23, 24, 26, 
      29, 30, 31, 32, 33, 34, 35, 36, 37, 38, 39, 40, 41, 42, 43, 44, 45, 46, 47, 48, 49, 50, 51, 52, 53, 54, 56 ], 
  [ 1, 2, 3, 4, 5, 6, 7, 8, 9, 10, 11, 12, 13, 14, 15, 16, 17, 18, 19, 20, 21, 22, 23, 24, 25, 26, 27, 28, 30, 31, 32, 33, 34, 
      35, 36, 38, 39, 40, 41, 43, 44, 47, 49, 51, 53, 54, 55, 56 ], 
  [ 1, 2, 3, 4, 5, 6, 7, 8, 9, 10, 11, 12, 13, 14, 16, 17, 19, 20, 21, 22, 23, 25, 26, 27, 28, 29, 30, 31, 33, 35, 36, 37, 39, 
      40, 41, 42, 44, 45, 46, 47, 48, 49, 50, 51, 52, 53, 54, 55 ], 
  [ 1, 2, 3, 4, 7, 8, 9, 11, 12, 13, 14, 17, 18, 19, 22, 23, 24, 25, 26, 27, 28, 29, 30, 31, 32, 33, 34, 35, 37, 38, 39, 40, 41, 
      42, 43, 44, 45, 46, 47, 48, 49, 50, 51, 52, 53, 54, 55, 56 ], 
  [ 3, 4, 8, 9, 10, 11, 12, 13, 14, 17, 19, 20, 21, 22, 23, 24, 25, 26, 27, 28, 29, 30, 31, 32, 33, 34, 35, 36, 37, 38, 39, 40, 
      41, 42, 43, 44, 45, 46, 47, 48, 49, 50, 51, 52, 53, 54, 55, 56 ], 
  [ 1, 2, 3, 4, 5, 6, 7, 8, 9, 10, 11, 13, 14, 15, 16, 17, 18, 19, 21, 22, 23, 24, 26, 27, 28, 29, 30, 31, 32, 33, 34, 35, 37, 
      38, 39, 40, 41, 42, 43, 44, 45, 46, 47, 48, 49, 50, 51, 52, 53, 54, 55, 56 ], 
  [ 1, 2, 3, 4, 5, 6, 7, 8, 9, 10, 11, 12, 13, 15, 16, 17, 18, 19, 20, 21, 22, 23, 24, 25, 26, 27, 28, 29, 31, 32, 33, 34, 35, 
      36, 37, 38, 39, 40, 41, 42, 43, 44, 45, 46, 47, 48, 49, 50, 51, 52, 53, 54, 55, 56 ] ];
