return [ [ 1, 4, 7, 8, 9, 10, 12, 13, 17, 18, 19, 20, 21, 22, 23, 24, 26, 28, 29, 30, 31, 32, 33, 34, 36, 37, 38, 40, 41, 42, 
      43, 44, 45, 46, 47, 48, 49, 50, 51, 52, 53, 54, 55, 56, 57, 58, 59, 60, 61, 62, 63, 64, 65, 66, 67, 68, 69, 70, 71, 72, 
      73, 74, 75, 76, 77, 78, 79, 80, 81, 82, 83, 84, 86, 87, 88, 89, 90, 91 ], 
  [ 1, 2, 3, 4, 6, 7, 8, 9, 10, 11, 12, 14, 15, 16, 17, 18, 20, 21, 22, 23, 24, 25, 26, 27, 28, 29, 30, 31, 32, 34, 35, 36, 37, 
      38, 39, 40, 41, 42, 44, 45, 46, 47, 49, 50, 51, 52, 53, 54, 55, 56, 58, 59, 60, 62, 63, 64, 65, 66, 67, 69, 70, 71, 73, 
      74, 75, 76, 77, 78, 80, 81, 82, 84, 85, 86, 87, 88, 90, 91 ], 
  [ 1, 3, 4, 5, 10, 11, 12, 13, 15, 16, 17, 19, 21, 22, 24, 25, 27, 29, 31, 34, 35, 36, 37, 38, 39, 40, 42, 43, 45, 47, 48, 49, 
      50, 51, 52, 54, 55, 56, 57, 59, 61, 63, 64, 65, 66, 67, 70, 71, 72, 73, 74, 75, 76, 77, 78, 79, 80, 82, 83, 84, 86, 87, 
      89, 90, 91 ], [ 1, 12, 16, 23, 24, 25, 26, 29, 34, 35, 36, 45, 48, 49, 52, 55, 68, 69, 71, 73, 79, 80 ], 
  [ 1, 3, 4, 17, 19, 20, 23, 28, 29, 30, 34, 36, 43, 46, 50, 56, 59, 61, 65, 67, 71, 78, 79, 80 ], 
  [ 3, 4, 10, 17, 19, 20, 23, 32, 34, 35, 36, 45, 46, 50, 56, 59, 60, 61, 65, 67, 73, 78, 79, 80 ], 
  [ 3, 4, 10, 15, 17, 19, 20, 32, 34, 35, 36, 45, 47, 50, 56, 59, 60, 65, 67, 78, 79, 80 ], 
  [ 1, 3, 17, 19, 20, 23, 24, 29, 34, 35, 36, 44, 45, 46, 50, 56, 59, 61, 65, 68, 69, 71, 73, 78, 79, 80 ], 
  [ 1, 3, 15, 17, 19, 20, 24, 29, 34, 35, 36, 44, 45, 47, 50, 56, 59, 65, 68, 69, 71, 78, 79, 80 ], 
  [ 1, 3, 4, 8, 10, 16, 17, 19, 20, 23, 32, 34, 35, 36, 40, 45, 46, 50, 56, 59, 61, 67, 73, 79, 80, 86 ], 
  [ 1, 3, 4, 10, 15, 16, 17, 19, 20, 32, 34, 35, 36, 40, 45, 47, 50, 56, 59, 67, 79, 80, 86 ], 
  [ 1, 3, 4, 17, 19, 20, 23, 29, 34, 35, 36, 45, 46, 50, 56, 59, 61, 65, 67, 71, 73, 78, 79, 80 ], 
  [ 1, 3, 4, 5, 6, 11, 12, 15, 16, 19, 20, 21, 25, 27, 29, 35, 39, 42, 45, 47, 55, 67, 71, 77, 85, 88 ], 
  [ 1, 3, 4, 17, 19, 20, 23, 29, 30, 34, 36, 40, 43, 45, 46, 55, 56, 59, 61, 65, 67, 71, 73, 78, 79, 80, 91 ], 
  [ 3, 4, 5, 10, 11, 19, 21, 23, 25, 34, 38, 42, 43, 45, 49, 60, 61, 65, 67, 73, 74, 75, 78, 80, 82, 91 ], 
  [ 1, 3, 4, 8, 10, 17, 19, 20, 23, 28, 30, 32, 34, 36, 38, 40, 43, 45, 46, 50, 56, 59, 60, 61, 65, 67, 73, 78, 79, 80, 86, 91 ],
  [ 1, 3, 4, 5, 6, 11, 12, 15, 16, 19, 20, 21, 23, 25, 27, 29, 34, 35, 42, 45, 47, 49, 55, 67, 69, 71, 75, 80, 85, 88 ], 
  [ 1, 3, 8, 12, 16, 17, 19, 20, 23, 24, 29, 32, 34, 35, 36, 40, 44, 45, 46, 50, 55, 56, 59, 61, 62, 67, 68, 69, 71, 73, 79, 80, 
      86, 88 ], [ 1, 3, 17, 19, 20, 24, 29, 35, 36, 44, 45, 46, 47, 50, 56, 59, 61, 64, 65, 68, 69, 70, 71, 73, 78, 79, 80, 83, 
      90 ], [ 1, 3, 5, 11, 12, 19, 23, 24, 25, 29, 34, 38, 43, 45, 49, 55, 61, 65, 69, 71, 73, 74, 75, 78, 80, 81, 82, 91 ], 
  [ 1, 2, 3, 4, 7, 8, 9, 10, 15, 16, 17, 20, 23, 25, 26, 28, 30, 32, 34, 35, 36, 38, 40, 45, 46, 50, 52, 56, 59, 60, 65, 67, 73, 
      78, 79, 80, 85, 86, 91 ], [ 1, 3, 8, 12, 17, 19, 20, 23, 24, 28, 29, 30, 32, 34, 36, 38, 40, 41, 43, 44, 45, 46, 50, 55, 
      56, 59, 60, 61, 62, 65, 67, 68, 69, 71, 73, 78, 79, 80, 81, 86, 88, 91 ], 
  [ 4, 10, 11, 19, 20, 21, 22, 23, 31, 32, 33, 34, 35, 42, 44, 45, 46, 47, 49, 50, 56, 58, 59, 60, 61, 62, 67, 69, 70, 71, 72, 
      73, 75, 77, 78, 80, 87, 88, 90 ], [ 1, 2, 3, 6, 7, 8, 9, 12, 14, 15, 16, 17, 18, 20, 23, 24, 25, 26, 28, 29, 30, 32, 34, 
      35, 36, 38, 40, 41, 44, 45, 46, 50, 52, 55, 56, 59, 60, 62, 65, 67, 68, 69, 71, 73, 78, 79, 80, 81, 85, 86, 88, 91 ], 
  [ 1, 4, 9, 17, 19, 20, 29, 31, 35, 42, 45, 46, 47, 50, 52, 54, 56, 59, 61, 64, 65, 67, 70, 71, 72, 73, 75, 77, 78, 79, 80, 83, 
      89, 90 ], [ 1, 4, 5, 6, 7, 8, 9, 12, 13, 16, 18, 19, 20, 21, 23, 25, 26, 27, 29, 33, 35, 37, 42, 45, 46, 47, 48, 49, 52, 
      54, 55, 57, 58, 61, 62, 64, 67, 68, 69, 71, 72, 73, 75, 76, 77, 79, 80, 83, 85, 88, 89, 90 ] ];
