return [ [ 1, 4, 7, 12, 21, 25, 29, 36, 37, 42, 43, 44, 45, 48, 49, 50, 51, 53 ], 
  [ 1, 3, 4, 7, 12, 21, 25, 29, 35, 37, 42, 43, 44, 45, 48, 50, 51, 53 ], 
  [ 5, 6, 9, 12, 13, 15, 19, 21, 26, 29, 32, 36, 40, 43, 45, 48, 49, 51 ], 
  [ 3, 5, 6, 9, 12, 13, 15, 19, 21, 26, 29, 32, 35, 40, 43, 45, 48, 51 ], 
  [ 5, 6, 8, 9, 12, 13, 15, 19, 21, 24, 26, 29, 32, 36, 40, 45, 48, 51 ], 
  [ 1, 3, 4, 7, 12, 14, 21, 25, 29, 37, 42, 43, 44, 45, 48, 49, 50, 51, 53 ], 
  [ 3, 5, 6, 9, 12, 13, 14, 15, 19, 21, 26, 29, 32, 40, 43, 45, 48, 49, 51 ], 
  [ 5, 6, 8, 9, 12, 13, 15, 19, 21, 23, 26, 29, 32, 36, 40, 45, 48, 49, 51 ], 
  [ 5, 6, 8, 9, 12, 15, 19, 20, 21, 24, 26, 29, 32, 36, 40, 42, 45, 48, 51, 52 ], 
  [ 5, 6, 8, 9, 12, 13, 15, 18, 19, 20, 21, 24, 26, 29, 32, 34, 36, 40, 48, 52, 55 ], 
  [ 1, 4, 5, 6, 8, 9, 12, 13, 15, 18, 19, 21, 24, 25, 26, 29, 34, 36, 37, 52, 53 ], 
  [ 3, 5, 6, 9, 12, 14, 15, 19, 20, 21, 26, 29, 32, 36, 40, 42, 43, 45, 48, 49, 51, 52 ], 
  [ 5, 6, 8, 9, 12, 14, 15, 19, 20, 21, 23, 26, 29, 32, 36, 40, 42, 45, 48, 49, 51, 52 ], 
  [ 3, 5, 6, 9, 13, 15, 16, 19, 21, 26, 27, 29, 31, 32, 35, 38, 40, 43, 45, 48, 51, 54 ], 
  [ 3, 5, 6, 9, 12, 13, 14, 15, 18, 19, 20, 21, 26, 29, 32, 34, 36, 40, 43, 48, 49, 52, 55 ], 
  [ 5, 6, 8, 9, 12, 13, 14, 15, 18, 19, 20, 21, 23, 26, 29, 32, 34, 36, 40, 48, 49, 52, 55 ], 
  [ 1, 3, 4, 5, 6, 9, 12, 13, 14, 15, 18, 19, 21, 25, 26, 29, 34, 36, 37, 43, 49, 52, 53 ], 
  [ 1, 4, 5, 6, 8, 9, 12, 13, 14, 15, 18, 19, 21, 23, 25, 26, 29, 34, 36, 37, 49, 52, 53 ], 
  [ 5, 6, 8, 9, 12, 13, 15, 18, 19, 20, 21, 24, 26, 32, 36, 40, 42, 44, 45, 48, 50, 51, 52, 55 ], 
  [ 2, 3, 9, 11, 14, 15, 16, 19, 20, 21, 22, 26, 27, 29, 31, 36, 38, 40, 42, 43, 48, 49, 51, 52 ], 
  [ 3, 5, 6, 9, 13, 14, 15, 16, 19, 21, 23, 26, 27, 29, 31, 32, 38, 40, 43, 45, 48, 49, 51, 54 ], 
  [ 3, 5, 6, 9, 12, 13, 14, 15, 18, 19, 20, 21, 26, 32, 36, 40, 42, 43, 44, 45, 48, 49, 50, 51, 52, 55 ], 
  [ 5, 6, 8, 9, 12, 13, 14, 15, 18, 19, 20, 21, 23, 26, 32, 36, 40, 42, 44, 45, 48, 49, 50, 51, 52, 55 ], 
  [ 1, 4, 5, 6, 8, 9, 12, 13, 15, 18, 19, 21, 24, 25, 26, 29, 36, 37, 42, 44, 45, 48, 50, 51, 52, 53 ], 
  [ 1, 3, 4, 5, 6, 9, 12, 13, 14, 15, 18, 19, 21, 25, 26, 29, 36, 37, 42, 43, 44, 45, 48, 49, 50, 51, 52, 53 ], 
  [ 1, 4, 5, 6, 8, 9, 12, 13, 14, 15, 18, 19, 21, 23, 25, 26, 29, 36, 37, 42, 44, 45, 48, 49, 50, 51, 52, 53 ], 
  [ 2, 3, 5, 6, 8, 9, 11, 15, 16, 19, 20, 21, 24, 26, 27, 29, 31, 32, 35, 36, 38, 40, 42, 43, 45, 48, 51, 52, 54 ], 
  [ 2, 3, 5, 6, 8, 9, 11, 14, 15, 16, 19, 20, 21, 23, 26, 27, 29, 31, 32, 36, 38, 40, 42, 43, 45, 48, 49, 51, 52, 54 ], 
  [ 1, 2, 3, 4, 5, 6, 7, 8, 9, 10, 11, 12, 16, 17, 20, 24, 28, 29, 32, 33, 35, 36, 39, 41, 42, 43, 44, 45, 48, 52, 53, 54 ], 
  [ 1, 4, 5, 6, 8, 9, 10, 12, 13, 14, 15, 17, 18, 19, 23, 24, 25, 26, 28, 29, 33, 34, 36, 37, 39, 41, 46, 47, 49, 52, 53, 56 ], 
  [ 1, 2, 3, 4, 5, 6, 7, 8, 9, 10, 11, 12, 14, 16, 17, 20, 23, 28, 29, 32, 33, 36, 39, 41, 42, 43, 44, 45, 48, 49, 52, 53, 54 ], 
  [ 1, 3, 4, 5, 6, 9, 10, 12, 13, 14, 15, 17, 18, 19, 24, 25, 26, 28, 29, 33, 34, 35, 36, 37, 39, 41, 43, 46, 47, 49, 52, 53, 56 
     ], [ 5, 6, 8, 9, 10, 12, 13, 14, 15, 17, 18, 19, 20, 23, 24, 26, 28, 32, 33, 36, 39, 40, 41, 42, 44, 45, 46, 47, 48, 49, 
      50, 51, 52, 55, 56 ], [ 3, 5, 6, 9, 10, 12, 13, 14, 15, 17, 18, 19, 20, 24, 26, 28, 32, 33, 35, 36, 39, 40, 41, 42, 43, 
      44, 45, 46, 47, 48, 49, 50, 51, 52, 55, 56 ], [ 1, 4, 5, 6, 8, 9, 10, 12, 13, 14, 15, 17, 18, 19, 23, 24, 25, 26, 28, 29, 
      33, 36, 37, 39, 41, 42, 44, 45, 46, 47, 48, 49, 50, 51, 52, 53, 56 ], 
  [ 1, 3, 4, 5, 6, 9, 10, 12, 13, 14, 15, 17, 18, 19, 24, 25, 26, 28, 29, 33, 35, 36, 37, 39, 41, 42, 43, 44, 45, 46, 47, 48, 
      49, 50, 51, 52, 53, 56 ], [ 2, 3, 5, 6, 8, 9, 10, 11, 14, 15, 16, 17, 19, 20, 23, 24, 26, 27, 28, 29, 31, 32, 33, 35, 36, 
      38, 40, 41, 42, 43, 45, 46, 48, 49, 51, 52, 54, 56 ], [ 1, 2, 3, 4, 5, 6, 7, 8, 9, 10, 11, 12, 14, 15, 16, 17, 19, 20, 21, 
      23, 24, 25, 27, 28, 29, 31, 32, 33, 35, 36, 40, 41, 42, 43, 44, 45, 48, 49, 51, 52, 53, 54, 56 ], 
  [ 1, 2, 3, 4, 5, 6, 7, 8, 10, 11, 12, 14, 15, 17, 18, 19, 20, 21, 23, 24, 25, 27, 30, 31, 32, 33, 35, 36, 40, 41, 42, 43, 44, 
      45, 47, 48, 49, 50, 51, 52, 54, 55, 56 ], [ 1, 2, 3, 4, 5, 6, 7, 8, 9, 11, 12, 13, 15, 16, 18, 20, 21, 22, 24, 25, 26, 27, 
      29, 30, 32, 33, 34, 35, 36, 37, 38, 39, 41, 42, 43, 44, 45, 47, 48, 50, 52, 53, 54, 55 ], 
  [ 1, 2, 3, 4, 5, 6, 7, 8, 9, 11, 12, 13, 14, 15, 16, 18, 20, 21, 22, 23, 25, 26, 27, 29, 30, 32, 33, 34, 36, 37, 38, 39, 41, 
      42, 43, 44, 45, 47, 48, 49, 50, 52, 53, 54, 55 ], [ 1, 2, 3, 4, 5, 6, 7, 8, 9, 10, 11, 12, 14, 15, 16, 17, 19, 20, 21, 23, 
      24, 25, 26, 27, 28, 29, 31, 32, 33, 34, 35, 36, 37, 38, 40, 41, 42, 43, 45, 46, 49, 51, 52, 53, 54, 56 ], 
  [ 1, 2, 6, 7, 8, 9, 10, 12, 13, 14, 15, 16, 18, 19, 20, 21, 22, 23, 24, 25, 26, 27, 28, 29, 32, 33, 34, 36, 37, 38, 39, 40, 
      41, 42, 44, 45, 46, 47, 48, 49, 50, 51, 52, 53, 55, 56 ], [ 1, 2, 3, 6, 7, 9, 10, 12, 13, 14, 15, 16, 18, 19, 20, 21, 22, 
      24, 25, 26, 27, 28, 29, 32, 33, 34, 35, 36, 37, 38, 39, 40, 41, 42, 43, 44, 45, 46, 47, 48, 49, 50, 51, 52, 53, 55, 56 ], 
  [ 1, 2, 3, 4, 5, 6, 7, 8, 10, 11, 12, 14, 15, 17, 18, 19, 20, 21, 23, 24, 25, 26, 27, 29, 30, 31, 32, 33, 34, 35, 36, 37, 38, 
      40, 41, 42, 43, 45, 46, 47, 48, 49, 50, 51, 52, 54, 55, 56 ], 
  [ 1, 2, 3, 4, 5, 6, 7, 8, 9, 10, 11, 12, 13, 14, 15, 16, 17, 18, 19, 20, 21, 22, 23, 24, 25, 27, 28, 29, 30, 31, 32, 33, 34, 
      35, 36, 39, 40, 41, 43, 44, 47, 48, 49, 52, 53, 54, 55, 56 ], 
  [ 1, 2, 3, 4, 5, 6, 7, 8, 9, 10, 11, 12, 13, 14, 15, 16, 17, 18, 19, 20, 21, 22, 23, 24, 25, 26, 27, 28, 29, 30, 31, 32, 33, 
      34, 35, 37, 38, 39, 40, 41, 42, 44, 45, 46, 47, 48, 50, 51, 52, 53, 54, 55, 56 ], 
  [ 1, 2, 3, 4, 5, 6, 7, 8, 9, 10, 11, 12, 13, 14, 15, 16, 17, 18, 19, 20, 21, 22, 23, 24, 25, 26, 27, 28, 30, 31, 32, 33, 34, 
      35, 36, 37, 38, 39, 40, 41, 42, 43, 44, 45, 46, 47, 49, 50, 51, 52, 53, 54, 55, 56 ] ];
