return rec(
  EXT := 
   [ [ 0, -1, 0, 0, 1, 0, 1, 0, 0, 1, 0, 0, 0, 0, 0, 0, 0, 0, 0, 0, 0 ], 
      [ 0, 0, -1, 0, 1, 0, 0, 1, 0, 1, 0, 0, 0, 0, 0, 0, 0, 0, 0, 0, 0 ], 
      [ 2, -1, 0, -1, 0, 0, 0, 0, 0, 0, 0, -1, 0, 1, 0, 0, 0, 0, 0, 0, 0 ], 
      [ 2, -1, 1, 0, 0, 0, 0, 0, 0, 0, 0, -1, -1, 0, 0, 0, 0, 0, 0, 0, 0 ], 
      [ 2, -1, 0, -1, 0, 0, 1, 0, -1, 0, 0, 0, 0, 0, 0, 0, 0, 0, 0, 0, 0 ], 
      [ 0, 0, 0, -1, 1, 0, 0, 0, 1, 1, 0, 0, 0, 0, 0, 0, 0, 0, 0, 0, 0 ], 
      [ 2, 0, 0, 0, 0, 0, -1, 1, 0, 0, 0, -1, -1, 0, 0, 0, 0, 0, 0, 0, 0 ], 
      [ 2, 0, -1, -1, 0, 0, 0, 0, 0, 0, 0, 0, -1, 1, 0, 0, 0, 0, 0, 0, 0 ], 
      [ 2, 1, -1, 0, 0, 0, 0, 0, 0, 0, 0, -1, -1, 0, 0, 0, 0, 0, 0, 0, 0 ], 
      [ 2, 0, -1, -1, 0, 0, 0, 1, -1, 0, 0, 0, 0, 0, 0, 0, 0, 0, 0, 0, 0 ], 
      [ 0, 0, 0, 0, 0, 0, 1, 0, 0, 1, 0, -1, 0, 0, 1, 0, 0, 0, 0, 0, 0 ], 
      [ 2, 0, 0, 0, 0, 0, 0, 0, 0, 0, 0, -1, -1, 0, 0, 0, -1, 1, 0, 0, 0 ], 
      [ 2, -1, 0, -1, 0, 0, 0, 0, 0, 0, 0, 0, 0, 0, 0, 0, 1, 0, -1, 0, 0 ], 
      [ 2, 0, 0, 0, 0, 0, 1, -1, 0, 0, 0, -1, -1, 0, 0, 0, 0, 0, 0, 0, 0 ], 
      [ 2, -1, 0, 0, 0, -1, 0, 0, 0, 0, 0, -1, 0, 0, 0, 1, 0, 0, 0, 0, 0 ], 
      [ 2, 1, 0, -1, 0, 0, 0, 0, 0, 0, 0, -1, 0, -1, 0, 0, 0, 0, 0, 0, 0 ], 
      [ 2, -1, 0, 0, 1, 0, 0, 0, 0, 0, 0, -1, 0, 0, -1, 0, 0, 0, 0, 0, 0 ], 
      [ 2, 0, 0, -1, -1, 0, 0, 0, -1, 1, 0, 0, 0, 0, 0, 0, 0, 0, 0, 0, 0 ], 
      [ 2, -1, 0, 0, 0, -1, 1, 0, 0, 0, -1, 0, 0, 0, 0, 0, 0, 0, 0, 0, 0 ], 
      [ 0, 0, 0, 0, 0, 0, 1, 0, 0, 1, 0, 0, 0, 0, 0, 0, -1, 0, 0, 1, 0 ], 
      [ 0, 0, 0, 0, 0, 0, 0, 1, 0, 1, 0, 0, -1, 0, 1, 0, 0, 0, 0, 0, 0 ], 
      [ 2, 0, 0, 0, 0, 0, 0, 0, 0, 0, 0, -1, -1, 0, 0, 0, 1, -1, 0, 0, 0 ], 
      [ 2, 0, -1, -1, 0, 0, 0, 0, 0, 0, 0, 0, 0, 0, 0, 0, 0, 1, -1, 0, 0 ], 
      [ 2, 1, 0, -1, 0, 0, 0, 0, 0, 0, 0, 0, 0, 0, 0, 0, -1, 0, -1, 0, 0 ], 
      [ 2, 0, 0, 0, 0, 0, -1, 0, 0, 1, 0, -1, 0, 0, -1, 0, 0, 0, 0, 0, 0 ], 
      [ 2, 0, 0, 0, 0, 0, 1, 0, -1, 0, 0, -1, 0, -1, 0, 0, 0, 0, 0, 0, 0 ], 
      [ 2, 0, -1, 0, 0, -1, 0, 0, 0, 0, 0, 0, -1, 0, 0, 1, 0, 0, 0, 0, 0 ], 
      [ 2, 0, 1, -1, 0, 0, 0, 0, 0, 0, 0, 0, -1, -1, 0, 0, 0, 0, 0, 0, 0 ], 
      [ 2, 0, -1, 0, 1, 0, 0, 0, 0, 0, 0, 0, -1, 0, -1, 0, 0, 0, 0, 0, 0 ], 
      [ 2, 0, 0, -1, 0, -1, 0, 0, -1, 0, 1, 0, 0, 0, 0, 0, 0, 0, 0, 0, 0 ], 
      [ 2, 0, -1, 0, 0, -1, 0, 1, 0, 0, -1, 0, 0, 0, 0, 0, 0, 0, 0, 0, 0 ], 
      [ 0, 0, 0, 0, 1, -1, 0, 0, 0, 1, 1, 0, 0, 0, 0, 0, 0, 0, 0, 0, 0 ], 
      [ 0, 0, 0, 0, 0, 0, 0, 1, 0, 1, 0, 0, 0, 0, 0, 0, 0, -1, 0, 1, 0 ], 
      [ 2, 0, 0, 0, 0, 0, 0, 0, 0, 0, 0, -1, 0, 1, 0, 0, -1, 0, -1, 0, 0 ], 
      [ 2, 0, 0, 0, 0, 0, 0, 0, 0, 0, 0, -1, 0, 0, -1, 0, -1, 0, 0, 1, 0 ], 
      [ 2, 0, 0, 0, 0, 0, 0, 0, 0, 0, 0, -1, 0, -1, 0, 0, 1, 0, -1, 0, 0 ], 
      [ 2, 0, 0, 0, 0, 0, 1, 0, -1, 0, 0, 0, 0, 0, 0, 0, -1, 0, -1, 0, 0 ], 
      [ 2, 0, 0, -1, -1, 0, 0, 0, 0, 0, 0, 0, 0, 0, 0, 0, 0, 0, -1, 1, 0 ], 
      [ 2, 0, 1, -1, 0, 0, 0, 0, 0, 0, 0, 0, 0, 0, 0, 0, 0, -1, -1, 0, 0 ], 
      [ 2, -1, 0, 0, 0, -1, 0, 0, 0, 0, 0, 0, 0, 0, 0, 0, 1, 0, 0, 0, -1 ], 
      [ 2, 0, 0, 0, 0, 0, 0, -1, 0, 1, 0, 0, -1, 0, -1, 0, 0, 0, 0, 0, 0 ], 
      [ 2, 0, 0, 0, 0, 0, 0, 1, -1, 0, 0, 0, -1, -1, 0, 0, 0, 0, 0, 0, 0 ], 
      [ 2, 0, 0, -1, 0, -1, 0, 0, 0, 0, 0, 0, 0, -1, 0, 1, 0, 0, 0, 0, 0 ], 
      [ 2, 1, 0, 0, 0, -1, 0, 0, 0, 0, 0, -1, 0, 0, 0, -1, 0, 0, 0, 0, 0 ], 
      [ 2, 0, 0, -1, 1, 0, 0, 0, 0, 0, 0, 0, 0, -1, -1, 0, 0, 0, 0, 0, 0 ], 
      [ 2, 0, 0, -1, 0, -1, 0, 0, 1, 0, -1, 0, 0, 0, 0, 0, 0, 0, 0, 0, 0 ], 
      [ 0, 0, 0, 0, 0, 0, 0, 0, 1, 1, 0, 0, 0, 0, 0, 0, 0, 0, -1, 1, 0 ], 
      [ 2, 0, 0, 0, 0, 0, 0, 0, 0, 0, 0, 0, -1, 1, 0, 0, 0, -1, -1, 0, 0 ], 
      [ 2, 0, 0, 0, 0, 0, 0, 0, 0, 0, 0, 0, -1, 0, -1, 0, 0, -1, 0, 1, 0 ], 
      [ 2, 0, 0, 0, 0, 0, 0, 0, 0, 0, 0, 0, -1, -1, 0, 0, 0, 1, -1, 0, 0 ], 
      [ 2, 0, 0, 0, 0, 0, 0, 1, -1, 0, 0, 0, 0, 0, 0, 0, 0, -1, -1, 0, 0 ], 
      [ 2, 0, 0, -1, 0, -1, 0, 0, 0, 0, 0, 0, 0, 0, 0, 0, 0, 0, -1, 0, 1 ], 
      [ 2, 0, -1, 0, 0, -1, 0, 0, 0, 0, 0, 0, 0, 0, 0, 0, 0, 1, 0, 0, -1 ], 
      [ 2, 1, 0, 0, 0, -1, 0, 0, 0, 0, 0, 0, 0, 0, 0, 0, -1, 0, 0, 0, -1 ], 
      [ 2, 0, 0, 0, 0, 0, 0, 0, -1, 1, 0, 0, 0, -1, -1, 0, 0, 0, 0, 0, 0 ], 
      [ 2, 0, 0, 0, 0, 0, 1, 0, 0, 0, -1, -1, 0, 0, 0, -1, 0, 0, 0, 0, 0 ], 
      [ 2, 0, 0, -1, 0, -1, 0, 0, 0, 0, 0, 0, 0, 1, 0, -1, 0, 0, 0, 0, 0 ], 
      [ 2, 0, 1, 0, 0, -1, 0, 0, 0, 0, 0, 0, -1, 0, 0, -1, 0, 0, 0, 0, 0 ], 
      [ 2, 0, 0, -1, 1, 0, 0, 0, 0, 0, 0, 0, 0, 0, 0, 0, 0, 0, -1, -1, 0 ], 
      [ 2, 0, 0, 0, -1, -1, 0, 0, 0, 1, -1, 0, 0, 0, 0, 0, 0, 0, 0, 0, 0 ], 
      [ 2, 0, 0, 0, 0, 0, 0, 0, 0, 0, 0, -1, 0, 0, 0, 1, -1, 0, 0, 0, -1 ], 
      [ 2, 0, 0, 0, 0, 0, 0, 0, 0, 0, 0, 0, 0, -1, -1, 0, 0, 0, -1, 1, 0 ], 
      [ 2, 0, 0, 0, 0, 0, 0, 0, 0, 0, 0, -1, 0, 0, 0, -1, 1, 0, 0, 0, -1 ], 
      [ 2, 0, 0, 0, 0, 0, 1, 0, 0, 0, -1, 0, 0, 0, 0, 0, -1, 0, 0, 0, -1 ], 
      [ 2, 0, 0, -1, 0, -1, 0, 0, 0, 0, 0, 0, 0, 0, 0, 0, 0, 0, 1, 0, -1 ], 
      [ 2, 0, 1, 0, 0, -1, 0, 0, 0, 0, 0, 0, 0, 0, 0, 0, 0, -1, 0, 0, -1 ], 
      [ 2, 0, 0, 0, 0, 0, 0, 0, -1, 1, 0, 0, 0, 0, 0, 0, 0, 0, -1, -1, 0 ], 
      [ 2, 0, 0, 0, 0, 0, 0, 1, 0, 0, -1, 0, -1, 0, 0, -1, 0, 0, 0, 0, 0 ], 
      [ 2, 0, 0, -1, 0, 1, 0, 0, 0, 0, 0, 0, 0, 0, 0, 0, 0, 0, -1, 0, -1 ], 
      [ 2, 0, 0, 0, 0, 0, 0, 0, 0, 0, 0, 0, -1, 0, 0, 1, 0, -1, 0, 0, -1 ], 
      [ 2, 0, 0, 0, 0, 0, 0, 0, 0, 0, 0, 0, -1, 0, 0, -1, 0, 1, 0, 0, -1 ], 
      [ 2, 0, 0, 0, 0, 0, 0, 1, 0, 0, -1, 0, 0, 0, 0, 0, 0, -1, 0, 0, -1 ], 
      [ 2, 0, 0, 0, -1, -1, 0, 0, 0, 0, 0, 0, 0, 0, 0, 0, 0, 0, 0, 1, -1 ], 
      [ 2, 0, 0, 1, 0, -1, 0, 0, 0, 0, 0, 0, 0, 0, 0, 0, 0, 0, -1, 0, -1 ], 
      [ 2, 0, 0, 0, 0, 0, 0, 0, -1, 0, 1, 0, 0, 0, 0, 0, 0, 0, -1, 0, -1 ], 
      [ 2, 0, 0, 0, 1, -1, 0, 0, 0, 0, 0, 0, 0, 0, -1, -1, 0, 0, 0, 0, 0 ], 
      [ 0, 0, 0, 0, 0, 0, 0, 0, 0, 1, 1, 0, 0, 0, 0, 0, 0, 0, 0, 1, -1 ], 
      [ 2, 0, 0, 0, 0, 0, 0, 0, 0, 0, 0, 0, 0, -1, 0, 1, 0, 0, -1, 0, -1 ], 
      [ 2, 0, 0, 0, 0, 0, 0, 0, 1, 0, -1, 0, 0, 0, 0, 0, 0, 0, -1, 0, -1 ], 
      [ 2, 0, 0, 0, 1, -1, 0, 0, 0, 0, 0, 0, 0, 0, 0, 0, 0, 0, 0, -1, -1 ], 
      [ 2, 0, 0, 0, 0, 0, 0, 0, 0, 1, -1, 0, 0, 0, -1, -1, 0, 0, 0, 0, 0 ], 
      [ 2, 0, 0, 0, 0, 0, 0, 0, 0, 0, 0, 0, 0, 1, 0, -1, 0, 0, -1, 0, -1 ], 
      [ 2, 0, 0, 0, 0, 0, 0, 0, 0, 0, 0, 0, 0, 0, -1, -1, 0, 0, 0, 1, -1 ], 
      [ 2, 0, 0, 0, 0, 0, 0, 0, 0, 1, -1, 0, 0, 0, 0, 0, 0, 0, 0, -1, -1 ], 
      [ 1, 0, 0, 0, 0, 0, 0, 0, 0, 0, 0, -1, 0, 0, 0, 0, 0, 0, 0, 0, 0 ], 
      [ 1, 0, 0, -1, 0, 0, 0, 0, 0, 0, 0, 0, 0, 0, 0, 0, 0, 0, 0, 0, 0 ], 
      [ 1, 0, 0, 0, 0, 0, 0, 0, 0, 0, 0, 0, -1, 0, 0, 0, 0, 0, 0, 0, 0 ], 
      [ 0, 0, 0, 0, 0, 0, 0, 0, 0, 1, 0, 0, 0, 0, 0, 0, 0, 0, 0, 0, 0 ], 
      [ 1, 0, 0, 0, 0, -1, 0, 0, 0, 0, 0, 0, 0, 0, 0, 0, 0, 0, 0, 0, 0 ], 
      [ 1, 0, 0, 0, 0, 0, 0, 0, 0, 0, 0, 0, 0, 0, 0, 0, 0, 0, -1, 0, 0 ], 
      [ 1, 0, 0, 0, 0, 0, 0, 0, 0, 0, 0, 0, 0, 0, 0, 0, 0, 0, 0, 0, -1 ] ],
  Group := 
   Group( [ ( 1,20)( 2,33)( 3,34)( 4,12)( 5,37)( 6,47)( 8,48)( 9,22)(10,51)
        (13,24)(15,61)(16,36)(17,35)(18,67)(19,64)(23,39)(27,70)(28,50)
        (29,49)(30,75)(31,72)(32,77)(38,59)(40,54)(43,78)(44,63)(45,62)
        (46,79)(52,69)(53,66)(57,82)(58,71)(60,84)(65,74)(73,80)(76,83)
        (86,90)(89,91), ( 1,33)( 2,20)( 3,48)( 4,22)( 5,51)( 6,47)( 7,14)
        ( 8,34)( 9,12)(10,37)(11,21)(13,39)(15,70)(16,50)(17,49)(18,67)
        (19,72)(23,24)(25,41)(26,42)(27,61)(28,36)(29,35)(30,75)(31,64)
        (32,77)(38,59)(40,66)(43,78)(44,71)(45,62)(46,79)(52,69)(53,54)
        (56,68)(57,82)(58,63)(60,84)(65,74)(73,80)(76,83)(85,87)(86,90)
        (89,91), ( 1,33)( 2,20)( 3,70)( 4,22)( 5,72)( 6,77)( 7,14)( 8,61)
        ( 9,12)(10,64)(11,21)(13,66)(15,48)(16,71)(17,49)(18,84)(19,51)
        (23,54)(24,53)(25,41)(26,68)(27,34)(28,63)(29,35)(30,79)(31,37)
        (32,47)(36,58)(38,80)(39,40)(42,56)(43,82)(44,50)(45,83)(46,75)
        (52,74)(55,81)(57,78)(59,73)(60,67)(62,76)(65,69)(85,87)(86,91)
        (89,90) ] ) );
