return [ [ 3, 5, 8, 10, 12, 18, 22, 40, 46, 47, 49, 51, 54, 55, 56, 59, 60, 62 ], 
  [ 1, 4, 5, 19, 20, 26, 30, 33, 35, 40, 48, 51, 53, 55, 56, 58, 60, 63 ], 
  [ 1, 3, 4, 5, 12, 13, 17, 19, 22, 40, 41, 46, 49, 51, 54, 55, 56, 59, 60 ], 
  [ 1, 5, 13, 19, 22, 30, 40, 41, 43, 46, 47, 48, 49, 51, 54, 55, 56, 57, 59 ], 
  [ 1, 3, 4, 5, 12, 17, 19, 40, 46, 47, 48, 49, 51, 54, 55, 56, 57, 58, 59, 60 ], 
  [ 3, 7, 8, 10, 13, 18, 22, 23, 40, 42, 47, 49, 51, 52, 54, 55, 56, 59, 60, 62 ], 
  [ 1, 5, 12, 14, 17, 19, 24, 27, 34, 38, 44, 45, 46, 51, 53, 56, 57, 58, 59, 60 ], 
  [ 1, 2, 5, 10, 12, 17, 24, 27, 28, 31, 35, 38, 40, 44, 45, 51, 53, 56, 57, 58 ], 
  [ 3, 5, 8, 10, 12, 18, 19, 22, 29, 40, 44, 46, 47, 50, 51, 54, 55, 56, 59, 60 ], 
  [ 2, 3, 7, 8, 10, 13, 20, 22, 29, 33, 40, 44, 47, 49, 52, 54, 55, 56, 58, 60 ], 
  [ 2, 3, 7, 10, 13, 17, 22, 23, 29, 32, 40, 42, 46, 49, 52, 54, 55, 59, 60, 61 ], 
  [ 1, 3, 4, 5, 13, 17, 19, 30, 40, 42, 43, 46, 47, 48, 49, 51, 54, 55, 57, 59 ], 
  [ 1, 3, 5, 8, 11, 12, 14, 19, 22, 30, 40, 44, 46, 47, 49, 51, 54, 56, 58, 60 ], 
  [ 4, 13, 19, 26, 30, 32, 39, 40, 41, 42, 43, 46, 48, 49, 50, 51, 54, 55, 59, 60 ], 
  [ 4, 13, 19, 26, 30, 32, 33, 39, 40, 41, 42, 46, 48, 50, 51, 52, 55, 56, 59, 60 ], 
  [ 1, 4, 6, 13, 19, 20, 26, 30, 33, 39, 40, 41, 48, 49, 51, 55, 56, 58, 60, 63 ], 
  [ 1, 5, 6, 13, 19, 22, 26, 30, 38, 39, 40, 41, 46, 49, 51, 55, 56, 59, 60, 62 ], 
  [ 1, 4, 5, 11, 19, 20, 24, 26, 30, 33, 35, 40, 46, 48, 52, 53, 55, 56, 58, 60 ], 
  [ 1, 4, 6, 12, 17, 19, 26, 38, 39, 40, 41, 46, 48, 49, 51, 55, 56, 57, 58, 59, 60 ], 
  [ 1, 6, 12, 14, 17, 19, 22, 27, 34, 38, 39, 41, 44, 46, 49, 51, 56, 57, 58, 59, 60 ], 
  [ 2, 7, 10, 17, 23, 27, 28, 31, 33, 35, 38, 40, 42, 44, 45, 51, 52, 53, 56, 57, 58 ], 
  [ 2, 3, 7, 10, 13, 15, 17, 22, 23, 29, 32, 33, 40, 42, 44, 49, 52, 54, 58, 60, 61 ], 
  [ 2, 3, 7, 8, 10, 13, 17, 22, 23, 27, 29, 40, 42, 43, 47, 49, 51, 54, 55, 57, 59 ], 
  [ 3, 4, 5, 13, 18, 19, 30, 33, 40, 42, 46, 47, 48, 50, 51, 52, 54, 55, 56, 59, 60 ], 
  [ 1, 3, 4, 5, 8, 13, 19, 20, 30, 33, 40, 47, 48, 49, 51, 54, 55, 56, 58, 60, 63 ], 
  [ 1, 3, 4, 5, 11, 13, 19, 20, 30, 33, 40, 46, 47, 48, 49, 52, 54, 55, 56, 58, 60 ], 
  [ 3, 5, 8, 10, 13, 18, 22, 30, 40, 42, 46, 47, 49, 51, 52, 54, 55, 56, 59, 60, 62 ], 
  [ 8, 9, 10, 16, 18, 22, 30, 37, 40, 42, 46, 47, 49, 51, 52, 54, 55, 56, 59, 60, 62 ], 
  [ 1, 3, 5, 8, 13, 18, 19, 22, 30, 33, 34, 40, 44, 47, 50, 51, 54, 56, 59, 60, 64 ], 
  [ 2, 6, 9, 11, 16, 20, 22, 30, 31, 32, 37, 40, 41, 44, 49, 52, 54, 56, 58, 60, 64 ], 
  [ 2, 6, 9, 11, 16, 20, 22, 30, 32, 37, 40, 41, 46, 49, 52, 54, 55, 56, 59, 60, 64 ], 
  [ 3, 8, 13, 18, 22, 23, 30, 33, 34, 40, 42, 44, 47, 50, 51, 52, 54, 56, 59, 60, 64 ], 
  [ 1, 4, 5, 13, 19, 20, 26, 30, 33, 35, 40, 41, 48, 49, 51, 54, 55, 56, 58, 60, 63 ], 
  [ 6, 13, 16, 22, 26, 30, 32, 38, 39, 40, 41, 42, 46, 49, 51, 52, 55, 56, 59, 60, 62 ], 
  [ 1, 3, 4, 5, 12, 13, 17, 19, 22, 40, 41, 43, 46, 47, 48, 49, 51, 54, 55, 56, 57, 59 ], 
  [ 2, 3, 6, 7, 8, 10, 13, 18, 20, 22, 23, 40, 47, 49, 52, 54, 55, 56, 59, 60, 62, 64 ], 
  [ 1, 4, 5, 12, 17, 19, 24, 26, 35, 38, 40, 41, 43, 45, 46, 48, 49, 51, 54, 55, 57, 59 ], 
  [ 1, 3, 5, 8, 12, 14, 17, 19, 22, 27, 34, 44, 46, 47, 49, 51, 54, 56, 57, 58, 59, 60 ], 
  [ 6, 13, 17, 22, 23, 27, 32, 33, 34, 38, 39, 41, 42, 44, 49, 51, 52, 56, 57, 58, 59, 60 ], 
  [ 2, 6, 7, 13, 17, 22, 23, 27, 31, 32, 33, 38, 40, 41, 42, 44, 49, 51, 52, 56, 57, 58 ], 
  [ 3, 5, 8, 10, 12, 18, 19, 22, 29, 39, 40, 43, 46, 47, 49, 50, 51, 54, 55, 59, 60, 62 ], 
  [ 3, 5, 8, 10, 12, 18, 19, 22, 29, 39, 40, 44, 46, 47, 50, 51, 53, 55, 56, 59, 60, 62 ], 
  [ 1, 2, 3, 5, 8, 10, 11, 12, 19, 20, 22, 29, 40, 44, 46, 47, 49, 54, 55, 56, 58, 60 ], 
  [ 3, 7, 8, 10, 13, 18, 22, 23, 29, 39, 40, 42, 43, 47, 49, 50, 51, 54, 55, 59, 60, 62 ], 
  [ 3, 7, 8, 10, 13, 18, 22, 23, 29, 33, 40, 42, 44, 47, 50, 51, 52, 54, 55, 56, 59, 60 ], 
  [ 2, 7, 9, 10, 11, 12, 16, 20, 24, 29, 35, 37, 40, 44, 46, 52, 53, 55, 56, 58, 60, 61 ], 
  [ 1, 2, 3, 5, 8, 10, 12, 17, 19, 22, 27, 29, 40, 43, 46, 47, 49, 51, 54, 55, 57, 59 ], 
  [ 2, 3, 7, 8, 10, 13, 15, 17, 22, 23, 25, 27, 29, 33, 40, 42, 44, 49, 51, 54, 58, 60 ], 
  [ 6, 16, 26, 30, 32, 37, 38, 39, 40, 41, 42, 46, 48, 49, 51, 52, 55, 56, 57, 58, 59, 60 ], 
  [ 1, 4, 6, 13, 17, 19, 26, 30, 32, 38, 39, 40, 41, 42, 43, 46, 48, 49, 51, 55, 57, 59 ], 
  [ 1, 4, 6, 13, 19, 20, 26, 30, 33, 34, 39, 40, 41, 48, 50, 51, 55, 56, 59, 60, 63, 64 ], 
  [ 1, 4, 6, 11, 13, 19, 20, 26, 30, 32, 33, 39, 40, 41, 46, 48, 49, 52, 55, 56, 58, 60 ], 
  [ 1, 4, 6, 11, 12, 14, 19, 20, 26, 30, 39, 40, 41, 46, 48, 49, 51, 55, 56, 58, 60, 63 ], 
  [ 4, 5, 18, 19, 24, 26, 30, 33, 35, 40, 42, 45, 46, 48, 50, 51, 52, 53, 55, 56, 59, 60 ], 
  [ 1, 4, 5, 11, 12, 14, 19, 20, 24, 26, 30, 35, 40, 41, 43, 46, 48, 49, 51, 54, 55, 63 ], 
  [ 1, 2, 3, 5, 6, 8, 10, 11, 12, 18, 20, 22, 40, 46, 47, 49, 54, 55, 56, 59, 60, 62, 64 ], 
  [ 1, 3, 4, 5, 6, 12, 13, 17, 19, 22, 26, 38, 39, 40, 41, 46, 49, 51, 55, 56, 59, 60, 62 ], 
  [ 1, 3, 4, 5, 8, 12, 13, 14, 17, 19, 22, 27, 34, 41, 46, 49, 51, 54, 55, 56, 59, 60, 63 ], 
  [ 1, 5, 12, 14, 17, 19, 22, 24, 27, 34, 38, 41, 44, 45, 46, 49, 51, 54, 56, 57, 58, 59, 60 ], 
  [ 3, 7, 8, 10, 13, 18, 22, 23, 28, 33, 40, 42, 44, 47, 49, 51, 52, 53, 54, 56, 58, 60, 62 ], 
  [ 7, 9, 10, 12, 16, 18, 23, 24, 28, 35, 37, 40, 42, 44, 45, 51, 52, 53, 54, 56, 58, 60, 61 ], 
  [ 7, 9, 10, 12, 16, 18, 22, 23, 24, 28, 32, 35, 37, 40, 41, 42, 44, 45, 51, 52, 54, 56, 61 ], 
  [ 1, 2, 5, 10, 12, 17, 22, 24, 27, 28, 31, 35, 38, 40, 41, 44, 45, 49, 51, 54, 56, 57, 58 ], 
  [ 2, 3, 6, 7, 8, 10, 13, 20, 22, 29, 33, 39, 40, 44, 47, 49, 52, 53, 55, 56, 58, 60, 62 ], 
  [ 2, 3, 7, 10, 13, 17, 22, 23, 29, 32, 37, 40, 42, 43, 46, 47, 49, 52, 54, 55, 57, 59, 61 ], 
  [ 2, 3, 7, 8, 10, 13, 18, 20, 22, 23, 29, 33, 40, 44, 47, 50, 52, 54, 55, 56, 59, 60, 64 ], 
  [ 2, 7, 10, 17, 23, 27, 29, 33, 35, 38, 40, 42, 44, 45, 51, 52, 53, 55, 56, 57, 58, 59, 60 ], 
  [ 2, 3, 7, 8, 9, 10, 12, 15, 17, 22, 23, 25, 27, 29, 40, 42, 44, 49, 51, 54, 58, 60, 61 ], 
  [ 1, 3, 4, 5, 8, 11, 12, 14, 19, 20, 30, 40, 46, 47, 48, 49, 51, 54, 55, 56, 58, 60, 63 ], 
  [ 1, 3, 4, 5, 11, 13, 18, 19, 20, 30, 33, 40, 46, 47, 48, 50, 52, 54, 55, 56, 59, 60, 64 ], 
  [ 6, 9, 11, 12, 14, 16, 22, 30, 32, 37, 39, 40, 41, 42, 44, 46, 49, 51, 52, 56, 58, 60, 61 ], 
  [ 1, 3, 5, 6, 8, 11, 12, 14, 19, 22, 30, 39, 40, 44, 46, 47, 49, 51, 53, 56, 58, 60, 62 ], 
  [ 1, 3, 5, 8, 11, 12, 14, 18, 19, 22, 30, 34, 40, 44, 46, 47, 50, 51, 54, 56, 59, 60, 64 ], 
  [ 6, 16, 26, 30, 37, 38, 39, 40, 42, 46, 47, 48, 49, 51, 52, 53, 55, 56, 57, 58, 59, 60, 62 ], 
  [ 3, 4, 5, 13, 18, 19, 26, 30, 39, 40, 42, 43, 46, 47, 48, 49, 50, 51, 54, 55, 59, 60, 62 ], 
  [ 1, 4, 6, 11, 13, 19, 20, 26, 30, 32, 39, 40, 41, 43, 46, 48, 49, 50, 54, 55, 59, 60, 64 ], 
  [ 1, 4, 6, 11, 13, 19, 20, 26, 30, 32, 33, 39, 40, 41, 46, 48, 50, 52, 55, 56, 59, 60, 64 ], 
  [ 1, 4, 5, 18, 19, 20, 26, 30, 33, 34, 35, 40, 45, 48, 50, 51, 53, 55, 56, 59, 60, 63, 64 ], 
  [ 1, 5, 6, 13, 19, 22, 26, 30, 38, 39, 40, 41, 43, 46, 47, 48, 49, 51, 55, 56, 57, 59, 62 ], 
  [ 1, 2, 5, 10, 17, 24, 27, 28, 30, 31, 33, 35, 38, 40, 42, 44, 45, 51, 52, 53, 56, 57, 58 ], 
  [ 2, 6, 7, 9, 11, 12, 16, 20, 22, 23, 31, 32, 37, 40, 41, 44, 49, 52, 54, 56, 58, 60, 61, 64 ], 
  [ 2, 6, 7, 9, 11, 12, 16, 20, 22, 23, 32, 37, 40, 41, 46, 49, 52, 54, 55, 56, 59, 60, 61, 64 ], 
  [ 4, 6, 7, 13, 17, 23, 26, 32, 33, 38, 39, 40, 41, 42, 48, 49, 51, 52, 55, 56, 57, 58, 59, 60 ], 
  [ 1, 4, 5, 12, 17, 19, 24, 26, 35, 38, 40, 41, 45, 46, 48, 49, 51, 54, 55, 56, 57, 58, 59, 60 ], 
  [ 1, 3, 4, 5, 8, 12, 14, 17, 19, 27, 34, 46, 47, 48, 49, 51, 54, 55, 56, 57, 58, 59, 60, 63 ], 
  [ 1, 4, 6, 12, 14, 17, 19, 26, 27, 34, 38, 39, 41, 46, 48, 49, 51, 55, 56, 57, 58, 59, 60, 63 ], 
  [ 2, 7, 9, 10, 11, 12, 16, 20, 22, 24, 28, 31, 32, 35, 37, 40, 41, 44, 49, 52, 54, 56, 58, 61 ], 
  [ 2, 3, 7, 8, 10, 13, 17, 22, 23, 27, 28, 31, 33, 40, 42, 44, 47, 49, 51, 52, 54, 56, 57, 58 ], 
  [ 2, 3, 7, 8, 9, 10, 11, 12, 20, 22, 29, 37, 40, 44, 46, 47, 49, 52, 54, 55, 56, 58, 60, 61 ], 
  [ 1, 2, 3, 5, 8, 10, 11, 12, 18, 19, 20, 22, 29, 40, 44, 46, 47, 50, 54, 55, 56, 59, 60, 64 ], 
  [ 2, 3, 6, 7, 10, 13, 16, 17, 22, 23, 29, 32, 38, 39, 40, 42, 46, 49, 52, 55, 59, 60, 61, 62 ], 
  [ 3, 7, 8, 10, 13, 18, 22, 23, 29, 33, 39, 40, 42, 44, 47, 50, 51, 52, 53, 55, 56, 59, 60, 62 ], 
  [ 2, 3, 6, 7, 8, 10, 13, 17, 22, 23, 27, 29, 38, 39, 40, 42, 43, 47, 49, 51, 55, 57, 59, 62 ], 
  [ 1, 2, 5, 10, 12, 17, 19, 24, 27, 29, 35, 38, 40, 44, 45, 46, 51, 53, 55, 56, 57, 58, 59, 60 ], 
  [ 1, 3, 4, 5, 13, 17, 19, 30, 33, 40, 42, 46, 47, 48, 49, 51, 52, 54, 55, 56, 57, 58, 59, 60 ], 
  [ 1, 3, 4, 5, 8, 13, 18, 19, 20, 30, 33, 34, 40, 47, 48, 50, 51, 54, 55, 56, 59, 60, 63, 64 ], 
  [ 1, 3, 5, 6, 8, 13, 18, 19, 22, 30, 33, 34, 39, 40, 44, 47, 50, 51, 53, 56, 59, 60, 62, 64 ], 
  [ 2, 6, 8, 9, 10, 11, 16, 18, 20, 22, 30, 37, 40, 46, 47, 49, 52, 54, 55, 56, 59, 60, 62, 64 ], 
  [ 3, 6, 8, 13, 18, 22, 23, 30, 33, 34, 39, 40, 42, 44, 47, 50, 51, 52, 53, 56, 59, 60, 62, 64 ], 
  [ 1, 3, 4, 5, 6, 13, 17, 19, 26, 30, 38, 39, 40, 42, 43, 46, 47, 48, 49, 51, 55, 57, 59, 62 ], 
  [ 3, 4, 5, 13, 18, 19, 26, 30, 33, 39, 40, 42, 46, 47, 48, 50, 51, 52, 53, 55, 56, 59, 60, 62 ], 
  [ 1, 4, 5, 11, 13, 19, 20, 24, 26, 30, 32, 33, 35, 40, 41, 46, 48, 49, 52, 54, 55, 56, 58, 60 ], 
  [ 1, 4, 5, 11, 12, 14, 19, 20, 24, 26, 30, 35, 40, 41, 46, 48, 49, 51, 54, 55, 56, 58, 60, 63 ], 
  [ 1, 4, 5, 11, 18, 19, 20, 24, 26, 30, 33, 35, 40, 45, 46, 48, 50, 52, 53, 55, 56, 59, 60, 64 ], 
  [ 3, 5, 8, 10, 13, 18, 19, 22, 29, 30, 39, 40, 42, 43, 46, 47, 49, 50, 51, 54, 55, 59, 60, 62 ], 
  [ 3, 5, 8, 10, 13, 18, 19, 22, 29, 30, 33, 40, 42, 44, 46, 47, 50, 51, 52, 54, 55, 56, 59, 60 ], 
  [ 1, 2, 3, 5, 8, 10, 13, 17, 19, 22, 27, 29, 30, 40, 42, 43, 46, 47, 49, 51, 54, 55, 57, 59 ], 
  [ 3, 7, 8, 9, 10, 12, 16, 18, 22, 23, 37, 40, 42, 46, 47, 49, 51, 52, 54, 55, 56, 59, 60, 61, 62 ], 
  [ 1, 3, 4, 5, 6, 12, 17, 19, 26, 38, 39, 40, 46, 47, 48, 49, 51, 53, 55, 56, 57, 58, 59, 60, 62 ], 
  [ 3, 6, 8, 13, 17, 22, 23, 27, 33, 34, 38, 39, 42, 44, 47, 49, 51, 52, 53, 56, 57, 58, 59, 60, 62 ], 
  [ 2, 6, 7, 9, 12, 16, 17, 22, 23, 27, 31, 32, 37, 38, 40, 41, 42, 44, 49, 51, 52, 56, 57, 58, 61 ], 
  [ 1, 3, 4, 5, 8, 12, 13, 14, 15, 17, 19, 22, 25, 27, 33, 34, 41, 44, 49, 51, 54, 56, 58, 60, 63 ], 
  [ 1, 4, 5, 12, 14, 17, 19, 24, 26, 27, 34, 35, 38, 41, 43, 45, 46, 48, 49, 51, 54, 55, 57, 59, 63 ], 
  [ 1, 2, 3, 5, 6, 8, 10, 11, 12, 18, 20, 22, 28, 31, 40, 44, 47, 49, 53, 54, 56, 58, 60, 62, 64 ], 
  [ 1, 2, 3, 5, 6, 8, 10, 11, 12, 19, 20, 22, 29, 39, 40, 44, 46, 47, 49, 53, 55, 56, 58, 60, 62 ], 
  [ 3, 7, 8, 9, 10, 12, 18, 22, 23, 29, 37, 40, 42, 44, 46, 47, 50, 51, 52, 54, 55, 56, 59, 60, 61 ], 
  [ 7, 9, 10, 12, 16, 18, 23, 24, 29, 35, 37, 40, 42, 44, 45, 46, 50, 51, 52, 53, 55, 56, 59, 60, 61 ], 
  [ 1, 2, 3, 5, 8, 10, 12, 17, 19, 22, 27, 29, 40, 44, 46, 47, 49, 51, 54, 55, 56, 57, 58, 59, 60 ], 
  [ 1, 2, 3, 5, 6, 8, 10, 12, 17, 19, 22, 27, 29, 38, 39, 40, 43, 46, 47, 49, 51, 55, 57, 59, 62 ], 
  [ 2, 3, 7, 8, 9, 10, 12, 17, 22, 23, 27, 29, 37, 40, 42, 43, 46, 47, 49, 51, 54, 55, 57, 59, 61 ], 
  [ 1, 2, 3, 5, 6, 8, 10, 11, 13, 18, 20, 22, 30, 40, 46, 47, 49, 52, 54, 55, 56, 59, 60, 62, 64 ], 
  [ 9, 11, 12, 14, 16, 18, 23, 24, 30, 34, 37, 40, 42, 44, 45, 46, 50, 51, 52, 53, 56, 59, 60, 61, 64 ], 
  [ 1, 3, 4, 5, 6, 8, 13, 19, 20, 26, 30, 33, 39, 40, 47, 48, 49, 51, 53, 55, 56, 58, 60, 62, 63 ], 
  [ 1, 3, 4, 5, 6, 11, 13, 19, 20, 26, 30, 33, 39, 40, 46, 47, 48, 49, 52, 53, 55, 56, 58, 60, 62 ], 
  [ 1, 4, 5, 13, 18, 19, 20, 26, 30, 33, 34, 35, 40, 41, 45, 48, 50, 51, 54, 55, 56, 59, 60, 63, 64 ], 
  [ 6, 13, 16, 22, 26, 30, 32, 37, 38, 39, 40, 41, 42, 43, 46, 47, 48, 49, 51, 52, 55, 56, 57, 59, 62 ], 
  [ 1, 4, 5, 17, 19, 24, 26, 30, 33, 35, 38, 40, 42, 45, 46, 48, 51, 52, 53, 55, 56, 57, 58, 59, 60 ], 
  [ 4, 5, 13, 18, 19, 24, 26, 30, 32, 33, 35, 40, 41, 42, 45, 46, 48, 50, 51, 52, 54, 55, 56, 59, 60 ], 
  [ 1, 2, 3, 5, 8, 10, 11, 13, 19, 20, 22, 29, 30, 33, 40, 44, 46, 47, 49, 52, 54, 55, 56, 58, 60 ], 
  [ 1, 3, 4, 5, 6, 12, 13, 17, 19, 22, 26, 38, 39, 40, 41, 43, 46, 47, 48, 49, 51, 55, 56, 57, 59, 62 ], 
  [ 3, 4, 6, 7, 13, 17, 23, 26, 33, 38, 39, 40, 42, 47, 48, 49, 51, 52, 53, 55, 56, 57, 58, 59, 60, 62 ], 
  [ 1, 3, 5, 6, 8, 12, 14, 17, 19, 22, 27, 34, 38, 39, 44, 46, 47, 49, 51, 53, 56, 57, 58, 59, 60, 62 ], 
  [ 1, 3, 4, 5, 8, 12, 13, 14, 17, 19, 22, 27, 34, 41, 43, 46, 47, 48, 49, 51, 54, 55, 56, 57, 59, 63 ], 
  [ 3, 7, 8, 9, 10, 12, 16, 18, 22, 23, 28, 37, 40, 42, 44, 47, 49, 51, 52, 53, 54, 56, 58, 60, 61, 62 ], 
  [ 2, 3, 6, 7, 8, 10, 13, 18, 20, 22, 23, 28, 31, 33, 40, 44, 47, 49, 52, 53, 54, 56, 58, 60, 62, 64 ], 
  [ 2, 7, 9, 10, 11, 12, 16, 18, 20, 23, 24, 28, 31, 35, 37, 40, 44, 45, 52, 53, 54, 56, 58, 60, 61, 64 ], 
  [ 2, 7, 9, 10, 11, 12, 16, 18, 20, 22, 23, 24, 28, 31, 32, 35, 37, 40, 41, 44, 45, 52, 54, 56, 61, 64 ], 
  [ 2, 3, 7, 8, 9, 10, 12, 17, 22, 23, 27, 28, 31, 37, 40, 42, 44, 47, 49, 51, 52, 54, 56, 57, 58, 61 ], 
  [ 2, 7, 10, 13, 17, 22, 23, 27, 28, 31, 32, 33, 35, 38, 40, 41, 42, 44, 45, 49, 51, 52, 54, 56, 57, 58 ], 
  [ 2, 7, 9, 10, 12, 16, 17, 23, 24, 27, 28, 31, 35, 37, 38, 40, 42, 44, 45, 51, 52, 53, 56, 57, 58, 61 ], 
  [ 2, 3, 6, 7, 8, 10, 13, 18, 20, 22, 23, 29, 33, 39, 40, 44, 47, 50, 52, 53, 55, 56, 59, 60, 62, 64 ], 
  [ 2, 7, 9, 10, 11, 12, 16, 20, 22, 24, 29, 32, 35, 37, 40, 41, 44, 46, 49, 52, 54, 55, 56, 58, 60, 61 ], 
  [ 2, 3, 7, 8, 10, 13, 17, 22, 23, 27, 29, 33, 40, 42, 44, 47, 49, 51, 52, 54, 55, 56, 57, 58, 59, 60 ], 
  [ 3, 6, 8, 9, 11, 12, 14, 16, 22, 30, 37, 39, 40, 42, 44, 46, 47, 49, 51, 52, 53, 56, 58, 60, 61, 62 ], 
  [ 1, 3, 5, 6, 8, 11, 12, 14, 18, 19, 22, 30, 34, 39, 40, 44, 46, 47, 50, 51, 53, 56, 59, 60, 62, 64 ], 
  [ 3, 4, 7, 8, 13, 18, 20, 21, 23, 30, 33, 34, 40, 42, 47, 48, 50, 51, 52, 54, 55, 56, 59, 60, 63, 64 ], 
  [ 6, 9, 11, 12, 14, 16, 22, 23, 30, 32, 34, 37, 39, 40, 41, 42, 44, 46, 50, 51, 52, 56, 59, 60, 61, 64 ], 
  [ 1, 4, 6, 13, 17, 19, 26, 30, 32, 33, 38, 39, 40, 41, 42, 46, 48, 49, 51, 52, 55, 56, 57, 58, 59, 60 ], 
  [ 1, 4, 6, 11, 13, 15, 19, 20, 26, 30, 31, 32, 33, 36, 39, 40, 41, 43, 48, 49, 50, 54, 58, 60, 64, 65 ], 
  [ 3, 5, 8, 10, 13, 18, 19, 22, 29, 30, 33, 39, 40, 42, 44, 46, 47, 50, 51, 52, 53, 55, 56, 59, 60, 62 ], 
  [ 4, 6, 7, 12, 16, 17, 23, 26, 32, 37, 38, 39, 40, 41, 42, 46, 48, 49, 51, 52, 55, 56, 57, 58, 59, 60, 61 ], 
  [ 3, 4, 6, 7, 12, 13, 16, 17, 22, 23, 26, 32, 38, 39, 40, 41, 42, 46, 49, 51, 52, 55, 56, 59, 60, 61, 62 ], 
  [ 6, 9, 12, 14, 16, 17, 22, 23, 27, 32, 34, 37, 38, 39, 41, 42, 44, 46, 49, 51, 52, 56, 57, 58, 59, 60, 61 ], 
  [ 1, 3, 4, 5, 6, 8, 12, 13, 14, 17, 19, 22, 26, 27, 34, 38, 39, 41, 46, 49, 51, 55, 56, 59, 60, 62, 63 ], 
  [ 1, 4, 5, 12, 14, 17, 19, 24, 26, 27, 34, 35, 38, 41, 45, 46, 48, 49, 51, 54, 55, 56, 57, 58, 59, 60, 63 ], 
  [ 2, 3, 6, 7, 8, 10, 13, 17, 22, 23, 27, 28, 31, 33, 38, 40, 42, 44, 47, 49, 51, 52, 53, 56, 57, 58, 62 ], 
  [ 1, 2, 3, 5, 6, 8, 10, 11, 12, 18, 19, 20, 22, 29, 39, 40, 43, 46, 47, 49, 50, 54, 55, 59, 60, 62, 64 ], 
  [ 1, 2, 3, 5, 6, 8, 10, 11, 12, 18, 19, 20, 22, 29, 39, 40, 44, 46, 47, 50, 53, 55, 56, 59, 60, 62, 64 ], 
  [ 2, 3, 6, 7, 10, 13, 16, 17, 22, 23, 29, 32, 37, 38, 39, 40, 42, 43, 46, 47, 49, 52, 55, 57, 59, 61, 62 ], 
  [ 2, 3, 6, 7, 10, 13, 15, 16, 17, 22, 23, 29, 32, 33, 36, 38, 39, 40, 42, 44, 49, 52, 53, 58, 60, 61, 62 ], 
  [ 3, 7, 8, 9, 10, 12, 16, 18, 22, 23, 29, 37, 39, 40, 42, 43, 46, 47, 49, 50, 51, 54, 55, 59, 60, 61, 62 ], 
  [ 2, 3, 7, 8, 9, 10, 11, 12, 18, 20, 22, 23, 29, 37, 40, 44, 46, 47, 50, 52, 54, 55, 56, 59, 60, 61, 64 ], 
  [ 2, 7, 9, 10, 11, 12, 16, 18, 20, 23, 24, 29, 35, 37, 40, 44, 45, 46, 50, 52, 53, 55, 56, 59, 60, 61, 64 ], 
  [ 1, 2, 5, 10, 12, 17, 19, 22, 24, 27, 29, 35, 38, 40, 41, 44, 45, 46, 49, 51, 54, 55, 56, 57, 58, 59, 60 ], 
  [ 2, 3, 6, 7, 8, 10, 13, 15, 17, 22, 23, 25, 27, 29, 33, 36, 38, 39, 40, 42, 44, 49, 51, 53, 58, 60, 62 ], 
  [ 1, 3, 4, 5, 6, 8, 11, 12, 14, 19, 20, 26, 30, 39, 40, 46, 47, 48, 49, 51, 53, 55, 56, 58, 60, 62, 63 ], 
  [ 1, 3, 4, 5, 6, 11, 13, 18, 19, 20, 26, 30, 33, 39, 40, 46, 47, 48, 50, 52, 53, 55, 56, 59, 60, 62, 64 ], 
  [ 1, 4, 5, 11, 13, 18, 19, 20, 24, 26, 30, 32, 33, 35, 40, 41, 45, 46, 48, 50, 52, 54, 55, 56, 59, 60, 64 ], 
  [ 1, 4, 5, 11, 12, 14, 18, 19, 20, 24, 26, 30, 34, 35, 40, 41, 43, 45, 46, 48, 50, 51, 54, 55, 59, 63, 64 ], 
  [ 1, 2, 3, 5, 8, 10, 11, 13, 18, 19, 20, 22, 29, 30, 33, 40, 44, 46, 47, 50, 52, 54, 55, 56, 59, 60, 64 ], 
  [ 1, 2, 3, 5, 6, 8, 10, 13, 17, 19, 22, 27, 29, 30, 38, 39, 40, 42, 43, 46, 47, 49, 51, 55, 57, 59, 62 ], 
  [ 1, 2, 5, 10, 17, 19, 24, 27, 29, 30, 33, 35, 38, 40, 42, 44, 45, 46, 51, 52, 53, 55, 56, 57, 58, 59, 60 ], 
  [ 2, 3, 6, 7, 8, 9, 10, 11, 12, 16, 18, 20, 22, 23, 37, 40, 46, 47, 49, 52, 54, 55, 56, 59, 60, 61, 62, 64 ], 
  [ 2, 3, 6, 7, 8, 9, 10, 11, 12, 16, 20, 22, 29, 37, 39, 40, 44, 46, 47, 49, 52, 53, 55, 56, 58, 60, 61, 62 ], 
  [ 3, 7, 8, 9, 10, 12, 16, 18, 22, 23, 29, 37, 39, 40, 42, 44, 46, 47, 50, 51, 52, 53, 55, 56, 59, 60, 61, 62 ], 
  [ 7, 9, 10, 12, 16, 18, 22, 23, 24, 29, 32, 35, 37, 40, 41, 42, 44, 45, 46, 50, 51, 52, 54, 55, 56, 59, 60, 61 ], 
  [ 2, 7, 10, 13, 17, 22, 23, 27, 29, 32, 33, 35, 38, 40, 41, 42, 44, 45, 49, 51, 52, 54, 55, 56, 57, 58, 59, 60 ], 
  [ 9, 11, 12, 14, 16, 18, 22, 23, 24, 30, 32, 34, 37, 40, 41, 42, 44, 45, 46, 50, 51, 52, 54, 56, 59, 60, 61, 64 ], 
  [ 1, 3, 4, 5, 6, 8, 13, 18, 19, 20, 26, 30, 33, 34, 39, 40, 47, 48, 50, 51, 53, 55, 56, 59, 60, 62, 63, 64 ], 
  [ 1, 4, 5, 11, 12, 14, 18, 19, 20, 24, 26, 30, 34, 35, 40, 41, 45, 46, 48, 50, 51, 54, 55, 56, 59, 60, 63, 64 ], 
  [ 1, 2, 3, 5, 6, 8, 10, 11, 13, 18, 20, 22, 28, 30, 31, 33, 40, 44, 47, 49, 52, 53, 54, 56, 58, 60, 62, 64 ], 
  [ 1, 2, 5, 10, 13, 17, 22, 24, 27, 28, 30, 31, 32, 33, 35, 38, 40, 41, 42, 44, 45, 49, 51, 52, 54, 56, 57, 58 ], 
  [ 1, 2, 3, 5, 6, 8, 10, 11, 13, 19, 20, 22, 29, 30, 33, 39, 40, 44, 46, 47, 49, 52, 53, 55, 56, 58, 60, 62 ], 
  [ 1, 2, 3, 5, 6, 8, 10, 11, 13, 18, 19, 20, 22, 29, 30, 39, 40, 43, 46, 47, 49, 50, 54, 55, 59, 60, 62, 64 ], 
  [ 3, 4, 6, 7, 12, 16, 17, 23, 26, 37, 38, 39, 40, 42, 46, 47, 48, 49, 51, 52, 53, 55, 56, 57, 58, 59, 60, 61, 62 ], 
  [ 1, 3, 4, 5, 6, 8, 12, 14, 17, 19, 26, 27, 34, 38, 39, 46, 47, 48, 49, 51, 53, 55, 56, 57, 58, 59, 60, 62, 63 ], 
  [ 1, 2, 3, 5, 6, 8, 10, 12, 17, 19, 22, 27, 29, 38, 39, 40, 44, 46, 47, 49, 51, 53, 55, 56, 57, 58, 59, 60, 62 ], 
  [ 2, 3, 7, 8, 9, 10, 12, 17, 22, 23, 27, 29, 37, 40, 42, 44, 46, 47, 49, 51, 52, 54, 55, 56, 57, 58, 59, 60, 61 ], 
  [ 2, 3, 6, 7, 8, 9, 10, 12, 16, 17, 22, 23, 27, 29, 37, 38, 39, 40, 42, 43, 46, 47, 49, 51, 55, 57, 59, 61, 62 ], 
  [ 2, 7, 9, 10, 12, 16, 17, 23, 24, 27, 29, 35, 37, 38, 40, 42, 44, 45, 46, 51, 52, 53, 55, 56, 57, 58, 59, 60, 61 ], 
  [ 2, 3, 6, 7, 8, 9, 10, 12, 15, 16, 17, 22, 23, 25, 27, 29, 36, 38, 39, 40, 42, 44, 49, 51, 53, 58, 60, 61, 62 ], 
  [ 3, 7, 8, 10, 13, 15, 18, 22, 23, 25, 28, 29, 33, 36, 39, 40, 42, 43, 44, 47, 49, 50, 51, 53, 54, 58, 60, 62, 65 ], 
  [ 1, 3, 4, 5, 6, 13, 17, 19, 26, 30, 33, 38, 39, 40, 42, 46, 47, 48, 49, 51, 52, 53, 55, 56, 57, 58, 59, 60, 62 ], 
  [ 4, 6, 7, 9, 11, 12, 14, 16, 20, 21, 26, 30, 32, 37, 39, 40, 41, 42, 46, 48, 49, 51, 52, 55, 56, 58, 60, 61, 63 ], 
  [ 1, 4, 5, 13, 17, 19, 24, 26, 30, 32, 33, 35, 38, 40, 41, 42, 45, 46, 48, 49, 51, 52, 54, 55, 56, 57, 58, 59, 60 ], 
  [ 1, 2, 6, 13, 17, 22, 23, 27, 30, 31, 32, 33, 34, 38, 40, 41, 42, 44, 45, 49, 51, 52, 54, 56, 57, 58, 59, 60, 64 ], 
  [ 1, 2, 3, 5, 8, 10, 13, 17, 19, 22, 27, 29, 30, 33, 40, 42, 44, 46, 47, 49, 51, 52, 54, 55, 56, 57, 58, 59, 60 ], 
  [ 3, 4, 6, 7, 12, 13, 15, 16, 17, 22, 23, 26, 32, 33, 36, 38, 39, 40, 41, 42, 44, 49, 51, 52, 53, 56, 58, 60, 61, 62 ], 
  [ 3, 6, 8, 9, 12, 14, 16, 17, 22, 23, 27, 34, 37, 38, 39, 42, 44, 46, 47, 49, 51, 52, 53, 56, 57, 58, 59, 60, 61, 62 ], 
  [ 1, 3, 4, 5, 6, 8, 12, 13, 14, 17, 19, 22, 26, 27, 34, 38, 39, 41, 43, 46, 47, 48, 49, 51, 55, 56, 57, 59, 62, 63 ], 
  [ 2, 3, 6, 7, 8, 9, 10, 11, 12, 16, 18, 20, 22, 23, 28, 31, 37, 40, 44, 47, 49, 52, 53, 54, 56, 58, 60, 61, 62, 64 ], 
  [ 2, 3, 6, 7, 8, 9, 10, 12, 16, 17, 22, 23, 27, 28, 31, 37, 38, 40, 42, 44, 47, 49, 51, 52, 53, 56, 57, 58, 61, 62 ], 
  [ 2, 7, 9, 10, 12, 16, 17, 22, 23, 24, 27, 28, 31, 32, 35, 37, 38, 40, 41, 42, 44, 45, 49, 51, 52, 54, 56, 57, 58, 61 ], 
  [ 2, 3, 6, 7, 8, 9, 10, 11, 12, 16, 18, 20, 22, 23, 29, 37, 39, 40, 43, 46, 47, 49, 50, 54, 55, 59, 60, 61, 62, 64 ], 
  [ 2, 7, 9, 10, 11, 12, 16, 18, 20, 22, 23, 24, 29, 32, 35, 37, 40, 41, 44, 45, 46, 50, 52, 54, 55, 56, 59, 60, 61, 64 ], 
  [ 2, 3, 6, 7, 8, 10, 13, 17, 22, 23, 27, 29, 33, 38, 39, 40, 42, 44, 47, 49, 51, 52, 53, 55, 56, 57, 58, 59, 60, 62 ], 
  [ 3, 6, 8, 9, 11, 12, 14, 16, 18, 22, 23, 30, 34, 37, 39, 40, 42, 44, 46, 47, 50, 51, 52, 53, 56, 59, 60, 61, 62, 64 ], 
  [ 1, 3, 4, 5, 6, 8, 11, 12, 14, 18, 19, 20, 26, 30, 34, 39, 40, 46, 47, 48, 50, 51, 53, 55, 56, 59, 60, 62, 63, 64 ], 
  [ 1, 2, 3, 5, 6, 8, 10, 11, 13, 18, 19, 20, 22, 29, 30, 33, 39, 40, 44, 46, 47, 50, 52, 53, 55, 56, 59, 60, 62, 64 ], 
  [ 3, 4, 6, 7, 12, 13, 16, 17, 22, 23, 26, 32, 37, 38, 39, 40, 41, 42, 43, 46, 47, 48, 49, 51, 52, 55, 56, 57, 59, 61, 62 ], 
  [ 1, 3, 4, 5, 6, 8, 12, 13, 14, 15, 17, 19, 22, 25, 26, 27, 33, 34, 36, 38, 39, 41, 44, 49, 51, 53, 56, 58, 60, 62, 63 ], 
  [ 2, 3, 6, 7, 8, 9, 10, 11, 12, 16, 18, 20, 22, 23, 29, 37, 39, 40, 44, 46, 47, 50, 52, 53, 55, 56, 59, 60, 61, 62, 64 ], 
  [ 4, 6, 7, 9, 12, 14, 16, 17, 21, 23, 26, 27, 32, 34, 37, 38, 39, 41, 42, 46, 48, 49, 51, 52, 55, 56, 57, 58, 59, 60, 61, 63 ],
  [ 3, 7, 8, 9, 10, 12, 15, 16, 18, 22, 23, 25, 28, 29, 36, 37, 39, 40, 42, 43, 44, 47, 49, 50, 51, 53, 54, 58, 60, 61, 62, 65 ],
  [ 2, 3, 6, 7, 8, 10, 13, 15, 17, 22, 23, 25, 27, 28, 29, 31, 33, 36, 38, 39, 40, 42, 43, 44, 47, 49, 51, 53, 57, 58, 62, 65 ], 
  [ 3, 4, 6, 7, 8, 9, 11, 12, 14, 16, 20, 21, 26, 30, 37, 39, 40, 42, 46, 47, 48, 49, 51, 52, 53, 55, 56, 58, 60, 61, 62, 63 ], 
  [ 1, 2, 5, 10, 13, 17, 19, 22, 24, 27, 29, 30, 32, 33, 35, 38, 40, 41, 42, 44, 45, 46, 49, 51, 52, 54, 55, 56, 57, 58, 59, 60 ]
    , [ 3, 4, 6, 7, 8, 9, 12, 13, 14, 16, 17, 21, 22, 23, 26, 27, 32, 34, 38, 39, 41, 42, 46, 49, 51, 52, 55, 56, 59, 60, 61, 
      62, 63 ], [ 2, 7, 9, 10, 12, 16, 17, 22, 23, 24, 27, 29, 32, 35, 37, 38, 40, 41, 42, 44, 45, 46, 49, 51, 52, 54, 55, 56, 
      57, 58, 59, 60, 61 ], [ 2, 3, 6, 7, 10, 13, 15, 16, 17, 22, 23, 28, 29, 31, 32, 33, 36, 37, 38, 39, 40, 42, 43, 44, 47, 
      49, 52, 53, 57, 58, 61, 62, 65 ], [ 1, 2, 3, 5, 6, 8, 10, 11, 12, 15, 18, 19, 20, 22, 25, 28, 29, 31, 36, 39, 40, 43, 44, 
      47, 49, 50, 53, 54, 58, 60, 62, 64, 65 ], [ 4, 7, 9, 11, 12, 14, 16, 18, 20, 21, 23, 24, 26, 30, 32, 34, 35, 37, 40, 41, 
      42, 43, 45, 46, 48, 50, 51, 54, 55, 59, 61, 63, 64 ], [ 1, 2, 3, 5, 6, 8, 10, 13, 17, 19, 22, 27, 29, 30, 33, 38, 39, 40, 
      42, 44, 46, 47, 49, 51, 52, 53, 55, 56, 57, 58, 59, 60, 62 ], 
  [ 2, 3, 6, 7, 8, 9, 10, 12, 16, 17, 22, 23, 27, 29, 37, 38, 39, 40, 42, 44, 46, 47, 49, 51, 52, 53, 55, 56, 57, 58, 59, 60, 
      61, 62 ], [ 3, 4, 6, 7, 8, 9, 12, 14, 16, 17, 21, 23, 26, 27, 34, 37, 38, 39, 42, 46, 47, 48, 49, 51, 52, 53, 55, 56, 57, 
      58, 59, 60, 61, 62, 63 ], [ 2, 3, 6, 7, 8, 9, 10, 12, 15, 16, 17, 22, 23, 25, 27, 28, 29, 31, 36, 37, 38, 39, 40, 42, 43, 
      44, 47, 49, 51, 53, 57, 58, 61, 62, 65 ], [ 1, 3, 4, 5, 6, 8, 11, 12, 13, 14, 18, 19, 20, 22, 26, 30, 34, 39, 40, 41, 43, 
      46, 47, 48, 49, 50, 51, 54, 55, 56, 59, 60, 62, 63, 64 ], 
  [ 4, 7, 9, 11, 12, 14, 16, 18, 20, 21, 23, 24, 26, 30, 32, 34, 35, 37, 40, 41, 42, 45, 46, 48, 50, 51, 52, 54, 55, 56, 59, 60, 
      61, 63, 64 ], [ 1, 2, 3, 5, 6, 8, 10, 11, 13, 15, 18, 19, 20, 22, 25, 28, 29, 30, 31, 33, 36, 39, 40, 43, 44, 47, 49, 50, 
      53, 54, 58, 60, 62, 64, 65 ], [ 2, 3, 6, 7, 8, 9, 10, 11, 12, 15, 16, 18, 20, 22, 23, 25, 28, 29, 31, 36, 37, 39, 40, 43, 
      44, 47, 49, 50, 53, 54, 58, 60, 61, 62, 64, 65 ], [ 3, 4, 6, 7, 8, 9, 11, 12, 14, 16, 18, 20, 21, 23, 26, 30, 34, 37, 39, 
      40, 42, 46, 47, 48, 50, 51, 52, 53, 55, 56, 59, 60, 61, 62, 63, 64 ], 
  [ 1, 2, 6, 9, 11, 12, 14, 16, 17, 22, 23, 24, 27, 30, 31, 32, 34, 37, 38, 40, 41, 42, 44, 45, 46, 49, 51, 52, 54, 56, 57, 58, 
      59, 60, 61, 64 ], [ 1, 2, 3, 5, 6, 8, 10, 13, 17, 18, 22, 23, 27, 28, 30, 31, 33, 34, 38, 40, 42, 44, 45, 47, 49, 51, 52, 
      53, 54, 56, 57, 58, 59, 60, 62, 64 ], [ 3, 4, 6, 7, 8, 9, 12, 13, 14, 16, 17, 21, 22, 23, 26, 27, 32, 34, 37, 38, 39, 41, 
      42, 43, 46, 47, 48, 49, 51, 52, 55, 56, 57, 59, 61, 62, 63 ], 
  [ 3, 4, 6, 7, 8, 9, 12, 13, 14, 15, 16, 17, 21, 22, 23, 25, 26, 27, 32, 33, 34, 36, 38, 39, 41, 42, 44, 49, 51, 52, 53, 56, 
      58, 60, 61, 62, 63 ], [ 3, 4, 6, 7, 12, 13, 15, 16, 17, 22, 23, 26, 28, 31, 32, 33, 36, 37, 38, 39, 40, 41, 42, 43, 44, 
      47, 48, 49, 51, 52, 53, 56, 57, 58, 61, 62, 65 ], [ 1, 3, 4, 5, 6, 8, 12, 13, 14, 15, 17, 19, 22, 25, 26, 27, 28, 31, 33, 
      34, 36, 38, 39, 41, 43, 44, 47, 48, 49, 51, 53, 56, 57, 58, 62, 63, 65 ], 
  [ 3, 4, 6, 7, 8, 9, 11, 12, 13, 14, 16, 18, 20, 21, 22, 23, 26, 30, 32, 34, 37, 39, 40, 41, 42, 43, 46, 47, 48, 49, 50, 51, 
      52, 54, 55, 56, 59, 60, 61, 62, 63, 64 ], [ 1, 3, 4, 5, 6, 8, 11, 12, 13, 14, 15, 18, 19, 20, 22, 25, 26, 28, 30, 31, 33, 
      34, 36, 39, 40, 41, 43, 44, 47, 48, 49, 50, 51, 53, 54, 56, 58, 60, 62, 63, 64, 65 ], 
  [ 1, 2, 3, 4, 5, 7, 8, 9, 10, 11, 12, 13, 14, 15, 17, 19, 20, 21, 22, 24, 25, 27, 29, 30, 32, 33, 35, 40, 41, 42, 44, 46, 49, 
      51, 52, 54, 55, 56, 58, 60, 61, 63 ], [ 5, 10, 13, 16, 18, 19, 22, 24, 26, 28, 29, 30, 32, 33, 35, 36, 37, 38, 39, 40, 41, 
      42, 43, 44, 45, 46, 47, 48, 49, 50, 51, 52, 53, 54, 55, 56, 57, 58, 59, 60, 62, 65 ], 
  [ 1, 2, 4, 6, 7, 9, 11, 12, 14, 16, 17, 20, 21, 23, 24, 26, 27, 30, 31, 32, 34, 35, 37, 38, 40, 41, 42, 45, 46, 48, 49, 51, 
      52, 54, 55, 56, 57, 58, 59, 60, 61, 63, 64 ], [ 1, 2, 3, 5, 6, 8, 9, 10, 11, 12, 14, 16, 17, 18, 22, 23, 24, 27, 28, 30, 
      31, 34, 37, 38, 40, 42, 44, 45, 46, 47, 49, 51, 52, 53, 54, 56, 57, 58, 59, 60, 61, 62, 64 ], 
  [ 1, 2, 3, 5, 6, 8, 10, 13, 15, 17, 18, 19, 22, 23, 25, 27, 28, 29, 30, 31, 33, 34, 36, 38, 39, 40, 42, 43, 44, 45, 47, 49, 
      50, 51, 53, 54, 57, 58, 59, 60, 62, 64, 65 ], [ 3, 4, 6, 7, 8, 9, 12, 13, 14, 15, 16, 17, 21, 22, 23, 25, 26, 27, 28, 31, 
      32, 33, 34, 36, 37, 38, 39, 41, 42, 43, 44, 47, 48, 49, 51, 52, 53, 56, 57, 58, 61, 62, 63, 65 ], 
  [ 2, 6, 7, 8, 9, 10, 12, 16, 18, 20, 22, 23, 25, 26, 27, 28, 29, 31, 34, 35, 36, 37, 38, 39, 40, 41, 43, 44, 45, 47, 48, 49, 
      50, 51, 53, 54, 55, 56, 57, 58, 59, 60, 62, 63, 64, 65 ], [ 1, 2, 3, 4, 5, 6, 7, 8, 9, 10, 11, 12, 13, 14, 16, 17, 18, 20, 
      21, 22, 23, 24, 26, 27, 30, 32, 34, 35, 38, 40, 41, 42, 45, 46, 49, 51, 52, 54, 55, 56, 59, 60, 61, 62, 63, 64 ], 
  [ 1, 2, 3, 4, 5, 6, 7, 8, 9, 10, 11, 12, 13, 14, 15, 16, 17, 18, 20, 21, 22, 23, 24, 25, 26, 27, 28, 30, 31, 32, 34, 35, 36, 
      38, 40, 41, 42, 43, 45, 49, 51, 54, 61, 62, 63, 64 ], [ 1, 2, 3, 5, 6, 10, 11, 13, 15, 16, 17, 18, 19, 22, 23, 24, 28, 29, 
      30, 31, 32, 33, 36, 37, 38, 39, 40, 42, 43, 44, 45, 46, 47, 49, 50, 52, 53, 54, 57, 58, 59, 60, 61, 62, 64, 65 ], 
  [ 1, 2, 3, 4, 5, 7, 8, 9, 10, 11, 12, 13, 14, 15, 17, 18, 19, 20, 21, 22, 23, 24, 25, 27, 29, 30, 32, 33, 34, 35, 40, 41, 42, 
      44, 45, 46, 50, 51, 52, 54, 55, 56, 59, 60, 61, 63, 64 ], 
  [ 1, 2, 5, 6, 10, 11, 13, 16, 18, 19, 20, 22, 24, 26, 28, 29, 30, 31, 32, 33, 35, 36, 37, 38, 39, 40, 41, 43, 44, 45, 46, 47, 
      48, 49, 50, 52, 53, 54, 55, 56, 57, 58, 59, 60, 62, 64, 65 ], 
  [ 3, 4, 5, 7, 10, 12, 13, 15, 16, 17, 18, 19, 22, 23, 24, 26, 28, 29, 32, 33, 35, 36, 37, 38, 39, 40, 41, 42, 43, 44, 45, 46, 
      47, 48, 49, 50, 51, 52, 53, 54, 55, 56, 57, 58, 59, 60, 61, 62, 65 ], 
  [ 3, 4, 6, 7, 8, 9, 11, 12, 13, 14, 15, 16, 18, 20, 21, 22, 23, 25, 26, 28, 30, 31, 32, 33, 34, 36, 37, 39, 40, 41, 42, 43, 
      44, 47, 48, 49, 50, 51, 52, 53, 54, 56, 58, 60, 61, 62, 63, 64, 65 ], 
  [ 1, 2, 3, 4, 5, 6, 7, 8, 9, 10, 11, 12, 13, 14, 15, 16, 17, 19, 20, 21, 22, 24, 25, 26, 27, 29, 30, 32, 33, 35, 36, 38, 39, 
      40, 41, 42, 44, 46, 49, 51, 52, 53, 55, 56, 58, 60, 61, 62, 63 ], 
  [ 1, 2, 3, 4, 5, 6, 7, 8, 9, 10, 11, 12, 14, 16, 17, 18, 20, 21, 23, 24, 26, 27, 28, 30, 31, 34, 35, 37, 38, 40, 42, 45, 46, 
      47, 48, 49, 51, 52, 53, 54, 55, 56, 57, 58, 59, 60, 61, 62, 63, 64 ], 
  [ 1, 2, 3, 5, 6, 8, 9, 10, 11, 12, 14, 15, 16, 17, 18, 19, 22, 23, 24, 25, 27, 28, 29, 30, 31, 34, 36, 37, 38, 39, 40, 42, 43, 
      44, 45, 46, 47, 49, 50, 51, 53, 54, 57, 58, 59, 60, 61, 62, 64, 65 ], 
  [ 1, 2, 3, 4, 5, 6, 7, 8, 10, 12, 13, 15, 17, 18, 19, 20, 22, 23, 25, 26, 27, 28, 29, 31, 33, 34, 35, 36, 38, 39, 40, 41, 43, 
      44, 45, 47, 48, 49, 50, 51, 53, 54, 55, 56, 57, 58, 59, 60, 62, 63, 64, 65 ], 
  [ 1, 3, 4, 5, 6, 11, 12, 13, 14, 15, 16, 17, 18, 19, 22, 23, 24, 26, 28, 30, 31, 32, 33, 34, 36, 37, 38, 39, 40, 41, 42, 43, 
      44, 45, 46, 47, 48, 49, 50, 51, 52, 53, 54, 56, 57, 58, 59, 60, 61, 62, 64, 65 ], 
  [ 1, 2, 3, 4, 5, 6, 7, 8, 9, 10, 11, 12, 13, 14, 16, 17, 18, 20, 21, 22, 23, 24, 26, 27, 28, 30, 31, 32, 34, 35, 37, 38, 40, 
      41, 42, 43, 45, 46, 47, 48, 49, 51, 52, 54, 55, 56, 57, 59, 61, 62, 63, 64 ], 
  [ 1, 2, 3, 4, 5, 6, 7, 8, 9, 10, 11, 12, 13, 14, 15, 16, 17, 18, 20, 21, 22, 23, 24, 25, 26, 27, 28, 30, 31, 32, 33, 34, 35, 
      36, 38, 40, 41, 42, 44, 45, 49, 51, 52, 53, 54, 56, 58, 60, 61, 62, 63, 64 ], 
  [ 1, 2, 3, 4, 5, 6, 7, 8, 9, 10, 11, 12, 13, 14, 15, 16, 17, 18, 19, 20, 21, 22, 23, 24, 25, 26, 27, 29, 30, 32, 34, 35, 36, 
      38, 39, 40, 41, 42, 43, 45, 46, 49, 50, 51, 54, 55, 59, 60, 61, 62, 63, 64 ], 
  [ 1, 2, 3, 4, 5, 6, 7, 10, 11, 13, 15, 16, 17, 18, 19, 20, 21, 23, 24, 26, 28, 29, 30, 31, 32, 33, 35, 36, 37, 38, 39, 40, 42, 
      43, 45, 46, 47, 48, 49, 50, 52, 53, 54, 55, 57, 58, 59, 60, 61, 62, 64, 65 ], 
  [ 3, 4, 5, 7, 8, 9, 10, 11, 12, 13, 14, 15, 16, 18, 19, 20, 21, 22, 24, 25, 26, 28, 29, 30, 32, 33, 35, 36, 37, 39, 40, 41, 
      42, 43, 44, 46, 47, 48, 49, 50, 51, 52, 53, 54, 55, 56, 58, 60, 61, 62, 63, 65 ], 
  [ 1, 2, 3, 4, 5, 6, 7, 10, 11, 12, 13, 15, 16, 17, 18, 19, 20, 22, 23, 24, 26, 28, 29, 31, 32, 33, 35, 36, 37, 38, 39, 40, 41, 
      43, 44, 45, 46, 47, 48, 49, 50, 52, 53, 54, 55, 56, 57, 58, 59, 60, 61, 62, 64, 65 ], 
  [ 1, 2, 3, 4, 5, 6, 7, 8, 9, 10, 11, 12, 13, 14, 15, 16, 17, 18, 19, 20, 21, 22, 23, 24, 25, 26, 27, 29, 30, 32, 33, 34, 35, 
      36, 38, 39, 40, 41, 42, 44, 45, 46, 50, 51, 52, 53, 55, 56, 59, 60, 61, 62, 63, 64 ], 
  [ 3, 4, 5, 7, 8, 9, 10, 12, 13, 14, 15, 16, 17, 18, 19, 21, 22, 23, 24, 25, 26, 27, 28, 29, 32, 33, 34, 35, 36, 37, 38, 39, 
      41, 42, 43, 44, 45, 46, 47, 48, 49, 50, 51, 52, 53, 54, 55, 56, 57, 58, 59, 60, 61, 62, 63, 65 ], 
  [ 1, 2, 3, 4, 5, 6, 7, 8, 9, 10, 11, 12, 13, 14, 15, 16, 17, 19, 20, 21, 22, 24, 25, 26, 27, 28, 29, 30, 31, 32, 33, 35, 36, 
      37, 38, 39, 40, 41, 42, 43, 44, 46, 47, 48, 49, 51, 52, 53, 55, 56, 57, 58, 61, 62, 63, 65 ], 
  [ 1, 2, 3, 4, 5, 6, 7, 8, 9, 10, 11, 12, 14, 15, 16, 17, 18, 19, 20, 21, 23, 24, 25, 26, 27, 28, 29, 30, 31, 34, 35, 36, 37, 
      38, 39, 40, 42, 43, 45, 46, 47, 48, 49, 50, 51, 53, 54, 55, 57, 58, 59, 60, 61, 62, 63, 64, 65 ], 
  [ 1, 2, 3, 4, 5, 6, 7, 8, 9, 10, 11, 12, 13, 14, 15, 16, 17, 18, 19, 20, 21, 22, 23, 24, 25, 26, 27, 28, 29, 31, 32, 33, 34, 
      35, 36, 37, 38, 39, 41, 43, 44, 45, 46, 47, 48, 49, 50, 52, 53, 54, 55, 56, 57, 58, 59, 60, 61, 62, 63, 64, 65 ], 
  [ 1, 2, 3, 4, 5, 6, 7, 8, 9, 10, 11, 12, 13, 14, 15, 16, 17, 18, 19, 20, 21, 22, 23, 24, 25, 26, 27, 28, 29, 30, 31, 32, 33, 
      34, 35, 36, 37, 38, 39, 40, 41, 42, 43, 44, 45, 46, 47, 48, 50, 51, 52, 53, 55, 56, 57, 59, 61, 62, 63, 64, 65 ] ];
