return [ [ 2, 3, 13, 14, 16, 17, 23, 27, 32, 36, 38, 42, 46, 47, 49, 52 ], 
  [ 2, 3, 13, 14, 16, 17, 23, 27, 32, 38, 42, 46, 47, 49, 50, 52 ], 
  [ 6, 7, 8, 9, 12, 15, 16, 18, 19, 21, 27, 32, 36, 38, 43, 44, 47, 49 ], 
  [ 6, 7, 8, 9, 12, 15, 16, 18, 19, 21, 27, 32, 38, 43, 44, 47, 49, 50 ], 
  [ 1, 5, 6, 7, 8, 9, 18, 19, 21, 22, 25, 27, 36, 38, 43, 44, 47, 49 ], 
  [ 6, 7, 8, 12, 15, 16, 18, 19, 21, 28, 31, 32, 36, 38, 43, 44, 47, 49 ], 
  [ 6, 7, 8, 12, 15, 16, 18, 19, 21, 28, 31, 32, 38, 43, 44, 47, 49, 50 ], 
  [ 1, 5, 6, 7, 8, 18, 19, 21, 22, 25, 28, 36, 38, 41, 43, 44, 47, 49 ], 
  [ 6, 8, 9, 12, 16, 18, 19, 21, 27, 32, 34, 36, 38, 43, 44, 46, 47, 49, 55 ], 
  [ 1, 5, 8, 9, 18, 19, 21, 24, 25, 27, 33, 35, 36, 38, 40, 46, 47, 49, 52 ], 
  [ 1, 5, 8, 9, 18, 19, 21, 24, 25, 27, 33, 35, 38, 40, 46, 47, 49, 50, 52 ], 
  [ 1, 5, 8, 9, 18, 19, 21, 24, 25, 26, 27, 33, 35, 38, 40, 46, 49, 50, 52 ], 
  [ 6, 8, 12, 16, 18, 19, 21, 28, 31, 32, 34, 36, 38, 43, 44, 46, 47, 49, 55 ], 
  [ 5, 6, 7, 8, 12, 15, 18, 19, 21, 22, 28, 31, 36, 38, 41, 43, 44, 47, 49 ], 
  [ 5, 6, 7, 8, 12, 15, 18, 19, 21, 22, 28, 31, 38, 41, 43, 44, 47, 49, 50 ], 
  [ 6, 8, 9, 12, 16, 18, 19, 21, 26, 27, 32, 34, 38, 43, 44, 46, 47, 49, 50, 55 ], 
  [ 5, 7, 8, 15, 18, 19, 21, 28, 31, 33, 36, 38, 40, 41, 44, 45, 47, 48, 49, 52 ], 
  [ 5, 7, 8, 15, 18, 19, 21, 28, 31, 33, 38, 40, 41, 44, 45, 47, 48, 49, 50, 52 ], 
  [ 6, 8, 12, 16, 18, 19, 21, 26, 28, 31, 32, 34, 38, 43, 44, 46, 47, 49, 50, 55 ], 
  [ 2, 3, 9, 13, 16, 17, 18, 21, 23, 27, 32, 33, 36, 38, 40, 42, 46, 47, 49, 52, 53 ], 
  [ 2, 3, 9, 13, 16, 17, 18, 21, 23, 27, 32, 33, 38, 40, 42, 46, 47, 49, 50, 52, 53 ], 
  [ 10, 13, 14, 17, 20, 23, 24, 25, 27, 34, 35, 36, 37, 38, 46, 47, 48, 51, 52, 55, 56 ], 
  [ 1, 5, 9, 13, 17, 18, 21, 23, 24, 25, 27, 33, 35, 36, 38, 40, 46, 47, 49, 52, 53 ], 
  [ 3, 4, 5, 13, 17, 18, 21, 23, 28, 31, 33, 36, 38, 40, 41, 45, 46, 47, 49, 52, 53 ], 
  [ 3, 4, 5, 13, 17, 18, 21, 23, 28, 31, 33, 38, 40, 41, 45, 46, 47, 49, 50, 52, 53 ], 
  [ 5, 6, 8, 12, 18, 19, 21, 22, 25, 28, 31, 34, 36, 38, 41, 43, 44, 46, 47, 49, 55 ], 
  [ 7, 8, 15, 16, 17, 21, 27, 32, 33, 36, 38, 42, 43, 44, 47, 48, 49, 50, 51, 52, 56, 57 ], 
  [ 2, 3, 6, 9, 10, 11, 12, 13, 14, 16, 17, 18, 23, 27, 34, 36, 37, 38, 46, 47, 53, 55 ], 
  [ 2, 3, 4, 6, 7, 11, 12, 15, 16, 17, 18, 21, 28, 31, 32, 36, 38, 43, 44, 47, 49, 53 ], 
  [ 2, 3, 4, 6, 7, 11, 12, 15, 16, 17, 18, 21, 28, 31, 32, 38, 43, 44, 47, 49, 50, 53 ], 
  [ 5, 6, 8, 12, 18, 19, 21, 22, 25, 26, 28, 31, 34, 38, 41, 43, 44, 46, 47, 49, 50, 55 ], 
  [ 1, 5, 6, 7, 8, 9, 11, 17, 18, 21, 22, 25, 27, 33, 36, 38, 43, 44, 47, 49, 50, 53, 57 ], 
  [ 2, 3, 4, 6, 10, 11, 12, 13, 14, 16, 17, 18, 23, 28, 31, 34, 36, 37, 38, 46, 47, 53, 55 ], 
  [ 3, 4, 5, 10, 13, 17, 18, 20, 23, 28, 31, 33, 36, 37, 38, 40, 41, 45, 46, 47, 51, 52, 53 ], 
  [ 3, 4, 5, 10, 13, 17, 18, 20, 23, 28, 31, 33, 37, 38, 40, 41, 45, 46, 47, 50, 51, 52, 53 ], 
  [ 3, 4, 5, 7, 15, 17, 18, 21, 23, 28, 31, 33, 36, 38, 40, 41, 44, 45, 47, 48, 49, 52, 53 ], 
  [ 6, 7, 8, 12, 15, 16, 17, 19, 21, 27, 31, 32, 34, 36, 38, 43, 44, 46, 47, 48, 49, 52, 55, 56 ], 
  [ 1, 4, 5, 6, 7, 8, 11, 17, 18, 21, 22, 25, 28, 33, 36, 38, 41, 43, 44, 47, 49, 50, 53, 57 ], 
  [ 6, 7, 8, 12, 15, 16, 17, 19, 21, 26, 27, 31, 32, 34, 38, 43, 44, 46, 47, 48, 49, 50, 52, 55, 56 ], 
  [ 1, 5, 6, 7, 8, 9, 17, 18, 19, 21, 23, 25, 27, 33, 35, 36, 38, 40, 44, 46, 47, 48, 49, 52, 53, 55 ], 
  [ 2, 3, 4, 6, 11, 12, 13, 14, 16, 17, 18, 21, 23, 28, 31, 32, 34, 36, 38, 43, 44, 46, 47, 49, 53, 55 ], 
  [ 1, 5, 6, 7, 8, 9, 17, 18, 19, 21, 23, 25, 26, 27, 33, 35, 38, 40, 44, 46, 47, 48, 49, 50, 52, 53, 55 ], 
  [ 3, 4, 5, 6, 7, 8, 11, 12, 15, 16, 17, 18, 21, 22, 28, 31, 33, 36, 38, 41, 43, 44, 47, 49, 50, 53, 57 ], 
  [ 6, 8, 11, 12, 14, 16, 18, 19, 22, 25, 26, 28, 30, 31, 34, 36, 37, 38, 41, 43, 44, 46, 47, 49, 50, 55, 57 ], 
  [ 1, 2, 3, 4, 5, 9, 13, 17, 18, 21, 23, 24, 27, 28, 32, 33, 35, 36, 38, 40, 42, 45, 46, 47, 49, 52, 53, 54 ], 
  [ 1, 2, 3, 4, 5, 9, 13, 17, 18, 21, 23, 24, 27, 28, 32, 33, 35, 38, 40, 42, 45, 46, 47, 49, 50, 52, 53, 54 ], 
  [ 1, 4, 5, 6, 7, 8, 17, 18, 19, 21, 23, 25, 28, 31, 33, 35, 36, 38, 40, 41, 44, 45, 46, 47, 48, 49, 52, 53, 55 ], 
  [ 1, 4, 5, 6, 7, 8, 17, 18, 19, 21, 23, 25, 26, 28, 31, 33, 35, 38, 40, 41, 44, 45, 46, 47, 48, 49, 50, 52, 53, 55 ], 
  [ 1, 2, 3, 4, 5, 6, 9, 10, 11, 12, 13, 14, 17, 18, 20, 22, 23, 24, 25, 27, 28, 34, 35, 36, 37, 38, 46, 47, 53, 54, 55 ], 
  [ 1, 2, 3, 4, 5, 6, 7, 8, 9, 11, 12, 15, 16, 17, 18, 21, 22, 27, 28, 32, 33, 36, 38, 42, 43, 44, 47, 49, 50, 53, 54, 57 ], 
  [ 2, 3, 4, 10, 12, 13, 14, 15, 16, 17, 20, 23, 24, 27, 28, 31, 32, 34, 35, 36, 37, 38, 39, 42, 45, 46, 47, 48, 51, 52, 54, 55, 
      56 ], [ 3, 4, 5, 6, 8, 11, 12, 13, 14, 16, 17, 18, 21, 22, 23, 25, 26, 28, 31, 33, 34, 36, 37, 38, 41, 43, 44, 46, 47, 49, 
      50, 53, 55, 57 ], [ 1, 4, 5, 7, 8, 15, 17, 20, 21, 22, 24, 25, 27, 28, 32, 33, 35, 36, 38, 39, 41, 42, 43, 44, 45, 47, 48, 
      49, 50, 51, 52, 54, 56, 57 ], [ 1, 4, 5, 6, 7, 8, 12, 15, 17, 19, 20, 21, 22, 24, 25, 27, 28, 31, 32, 34, 35, 36, 38, 39, 
      41, 43, 44, 45, 46, 47, 48, 49, 52, 54, 55, 56 ], [ 1, 2, 3, 4, 5, 6, 7, 8, 9, 12, 15, 16, 17, 18, 19, 21, 23, 27, 28, 31, 
      32, 33, 35, 36, 38, 40, 42, 44, 45, 46, 47, 48, 49, 52, 53, 54, 55 ], 
  [ 1, 4, 5, 6, 7, 8, 12, 15, 17, 19, 20, 21, 22, 24, 25, 26, 27, 28, 31, 32, 34, 35, 38, 39, 41, 43, 44, 45, 46, 47, 48, 49, 
      50, 52, 54, 55, 56 ], [ 1, 2, 3, 4, 5, 6, 7, 8, 9, 12, 15, 16, 17, 18, 19, 21, 23, 26, 27, 28, 31, 32, 33, 35, 38, 40, 42, 
      44, 45, 46, 47, 48, 49, 50, 52, 53, 54, 55 ], [ 1, 2, 3, 4, 5, 6, 8, 9, 11, 12, 13, 14, 16, 17, 18, 21, 22, 23, 24, 25, 
      26, 27, 28, 32, 33, 34, 35, 36, 37, 38, 42, 43, 44, 46, 47, 49, 50, 53, 54, 55, 57 ], 
  [ 3, 4, 5, 8, 12, 13, 14, 15, 16, 17, 20, 21, 22, 23, 24, 25, 26, 27, 28, 31, 32, 33, 34, 35, 36, 37, 38, 39, 41, 42, 43, 44, 
      45, 46, 47, 48, 49, 50, 51, 52, 54, 55, 56, 57 ], [ 1, 2, 3, 4, 5, 6, 7, 8, 9, 10, 12, 13, 15, 16, 17, 18, 19, 20, 21, 23, 
      24, 27, 28, 29, 31, 32, 33, 34, 35, 36, 37, 38, 39, 40, 42, 45, 46, 47, 48, 51, 52, 53, 54, 55, 56 ], 
  [ 1, 2, 3, 4, 5, 6, 7, 8, 9, 10, 12, 13, 15, 16, 17, 18, 19, 20, 21, 23, 24, 26, 27, 28, 29, 31, 32, 33, 34, 35, 37, 38, 39, 
      40, 42, 45, 46, 47, 48, 50, 51, 52, 53, 54, 55, 56 ], [ 1, 2, 4, 6, 7, 8, 10, 11, 12, 14, 15, 16, 17, 19, 20, 22, 24, 25, 
      26, 27, 28, 30, 31, 32, 34, 35, 36, 37, 38, 39, 41, 42, 43, 44, 45, 46, 47, 48, 49, 50, 51, 52, 54, 55, 56, 57 ], 
  [ 1, 2, 3, 4, 5, 6, 7, 8, 9, 10, 11, 12, 13, 14, 15, 16, 17, 18, 20, 21, 22, 23, 24, 25, 26, 27, 28, 29, 32, 33, 34, 35, 36, 
      37, 38, 39, 42, 43, 44, 47, 48, 50, 51, 53, 54, 55, 56, 57 ], 
  [ 1, 2, 3, 4, 5, 6, 7, 8, 9, 10, 11, 12, 14, 15, 16, 17, 18, 19, 20, 22, 23, 25, 26, 27, 28, 30, 31, 33, 35, 36, 37, 38, 40, 
      41, 42, 44, 45, 46, 47, 48, 49, 50, 51, 52, 53, 54, 55, 57 ], 
  [ 1, 2, 3, 4, 5, 6, 7, 9, 10, 11, 12, 13, 14, 15, 17, 18, 19, 20, 21, 22, 23, 24, 25, 27, 28, 29, 30, 31, 32, 34, 35, 36, 38, 
      39, 40, 41, 43, 44, 45, 46, 47, 48, 49, 52, 53, 54, 55, 56 ], 
  [ 1, 2, 3, 4, 5, 6, 7, 8, 9, 10, 11, 12, 13, 15, 16, 17, 18, 19, 20, 21, 22, 24, 27, 28, 29, 30, 31, 32, 33, 34, 36, 37, 38, 
      39, 40, 41, 42, 43, 45, 46, 47, 49, 50, 51, 52, 53, 54, 56, 57 ], 
  [ 1, 2, 3, 4, 5, 6, 7, 8, 9, 10, 11, 12, 13, 14, 15, 16, 17, 19, 20, 21, 22, 23, 24, 25, 26, 27, 29, 30, 31, 32, 33, 34, 35, 
      36, 37, 39, 40, 41, 42, 43, 44, 45, 46, 47, 48, 49, 50, 51, 52, 53, 54, 55, 56, 57 ], 
  [ 1, 2, 3, 4, 5, 6, 7, 8, 9, 10, 11, 12, 13, 14, 15, 16, 17, 18, 19, 20, 21, 22, 23, 24, 25, 26, 27, 28, 29, 30, 31, 32, 33, 
      34, 35, 36, 37, 38, 39, 40, 41, 42, 43, 44, 45, 46, 48, 49, 51, 52, 53, 54, 55, 56, 57 ] ];
