return [ [ 2, 7, 9, 17, 18, 21, 23, 24, 25, 26, 32, 36, 42, 44, 46 ], [ 1, 3, 4, 5, 6, 7, 13, 16, 19, 21, 28, 29, 33, 37, 38 ], 
  [ 5, 7, 9, 11, 16, 17, 18, 20, 31, 34, 36, 37, 39, 43, 47, 49 ], [ 2, 3, 4, 7, 9, 10, 12, 18, 23, 25, 33, 39, 44, 45, 47, 48 ], 
  [ 1, 2, 3, 4, 6, 7, 13, 21, 23, 25, 33, 38, 40, 44, 45, 47 ], [ 1, 3, 4, 9, 10, 12, 13, 16, 19, 27, 31, 37, 41, 43, 45, 47 ], 
  [ 1, 3, 4, 5, 6, 10, 13, 16, 19, 20, 27, 33, 37, 43, 45, 47 ], [ 1, 2, 3, 4, 5, 6, 13, 16, 21, 23, 27, 33, 38, 44, 45, 47 ], 
  [ 1, 3, 4, 6, 7, 13, 16, 19, 21, 28, 37, 38, 40, 41, 45, 47 ], [ 2, 3, 7, 9, 15, 17, 21, 23, 24, 25, 26, 29, 32, 38, 42, 46 ], 
  [ 2, 3, 8, 9, 15, 17, 21, 23, 24, 25, 26, 29, 32, 38, 42, 46 ], [ 5, 8, 9, 11, 17, 18, 20, 30, 31, 34, 36, 37, 39, 43, 47, 49 ],
  [ 2, 8, 9, 17, 18, 21, 23, 24, 25, 26, 30, 32, 36, 42, 44, 46 ], [ 1, 3, 4, 9, 10, 12, 13, 19, 27, 30, 31, 37, 41, 43, 45, 47 ],
  [ 3, 4, 5, 8, 9, 13, 21, 23, 24, 27, 30, 34, 35, 38, 44, 46 ], [ 1, 3, 4, 9, 10, 12, 14, 19, 28, 30, 31, 37, 39, 41, 43, 45 ], 
  [ 3, 9, 14, 15, 19, 21, 26, 28, 30, 31, 32, 35, 36, 41, 42, 50 ], [ 1, 2, 3, 4, 5, 6, 7, 13, 16, 21, 23, 33, 38, 40, 44, 45, 47 
     ], [ 2, 3, 5, 6, 7, 9, 11, 14, 15, 16, 17, 20, 24, 36, 39, 43, 49 ], 
  [ 1, 2, 3, 4, 7, 9, 10, 12, 13, 23, 25, 33, 39, 40, 44, 45, 47 ], 
  [ 5, 7, 9, 11, 16, 17, 18, 21, 23, 24, 26, 32, 34, 35, 36, 44, 46 ], 
  [ 1, 3, 4, 9, 10, 12, 13, 16, 27, 33, 37, 41, 43, 44, 45, 47, 51 ], 
  [ 1, 3, 4, 9, 12, 13, 16, 21, 24, 27, 35, 38, 41, 42, 44, 46, 51 ], 
  [ 1, 3, 4, 7, 9, 10, 12, 14, 16, 19, 28, 31, 37, 39, 41, 43, 45 ], 
  [ 1, 3, 4, 5, 6, 7, 10, 14, 16, 19, 20, 28, 33, 37, 39, 43, 45 ], 
  [ 1, 3, 4, 5, 6, 7, 13, 16, 19, 21, 28, 33, 37, 38, 40, 45, 47 ], 
  [ 3, 7, 9, 14, 15, 16, 19, 21, 26, 28, 31, 32, 35, 36, 41, 42, 50 ], 
  [ 3, 5, 8, 9, 11, 15, 17, 21, 23, 24, 26, 29, 32, 34, 35, 38, 46 ], 
  [ 2, 3, 7, 9, 14, 15, 17, 21, 23, 24, 25, 26, 29, 32, 36, 42, 50 ], 
  [ 1, 3, 4, 8, 9, 12, 13, 21, 25, 28, 29, 33, 37, 38, 42, 46, 51 ], 
  [ 3, 4, 5, 8, 9, 13, 15, 19, 21, 26, 28, 29, 31, 34, 35, 38, 46 ], 
  [ 1, 3, 4, 5, 6, 8, 13, 16, 19, 21, 27, 28, 29, 33, 37, 38, 51 ], [ 1, 2, 3, 4, 5, 6, 8, 13, 21, 23, 30, 33, 38, 40, 44, 45, 47 
     ], [ 2, 3, 5, 6, 8, 9, 11, 14, 15, 17, 20, 24, 30, 36, 39, 43, 49 ], 
  [ 2, 3, 4, 8, 9, 10, 12, 18, 23, 25, 30, 33, 39, 44, 45, 47, 48 ], 
  [ 1, 2, 3, 4, 6, 8, 13, 21, 23, 25, 30, 33, 38, 40, 44, 45, 47 ], 
  [ 5, 8, 9, 11, 17, 18, 21, 23, 24, 26, 30, 32, 34, 35, 36, 44, 46 ], 
  [ 3, 4, 8, 9, 13, 15, 21, 23, 24, 25, 26, 30, 34, 38, 40, 44, 46 ], 
  [ 1, 3, 4, 5, 6, 8, 10, 13, 19, 20, 27, 30, 33, 37, 43, 45, 47 ], [ 1, 2, 3, 4, 5, 6, 8, 13, 21, 23, 27, 30, 33, 38, 44, 45, 47 
     ], [ 1, 3, 4, 5, 6, 8, 10, 14, 19, 20, 28, 30, 33, 37, 39, 43, 45 ], 
  [ 3, 4, 9, 13, 15, 19, 21, 26, 28, 30, 31, 34, 35, 38, 40, 41, 46 ], 
  [ 7, 9, 14, 16, 18, 21, 31, 32, 34, 36, 37, 41, 42, 45, 46, 47, 49, 50 ], 
  [ 2, 3, 5, 6, 7, 11, 16, 17, 20, 23, 33, 36, 39, 40, 43, 44, 45, 47 ], 
  [ 2, 3, 5, 6, 7, 11, 16, 17, 21, 23, 32, 33, 36, 38, 40, 44, 45, 47 ], 
  [ 2, 5, 7, 9, 11, 16, 17, 18, 20, 22, 23, 33, 36, 39, 43, 44, 45, 47 ], 
  [ 2, 5, 7, 9, 11, 16, 17, 18, 21, 23, 24, 32, 34, 36, 44, 46, 47, 49 ], 
  [ 2, 3, 5, 7, 9, 11, 14, 15, 16, 17, 20, 22, 24, 26, 35, 36, 39, 43 ], 
  [ 2, 3, 7, 9, 15, 17, 21, 23, 24, 25, 26, 32, 36, 38, 40, 42, 44, 46 ], 
  [ 2, 3, 4, 5, 6, 7, 11, 16, 21, 23, 27, 32, 33, 38, 44, 45, 47, 48 ], 
  [ 1, 3, 4, 7, 9, 10, 12, 14, 16, 25, 28, 33, 37, 39, 41, 43, 45, 51 ], 
  [ 3, 4, 7, 9, 13, 15, 16, 19, 21, 26, 28, 31, 34, 35, 38, 40, 41, 46 ], 
  [ 3, 4, 5, 7, 9, 13, 15, 16, 19, 21, 26, 28, 31, 34, 35, 38, 40, 46 ], 
  [ 3, 5, 7, 9, 11, 15, 16, 17, 21, 23, 24, 26, 29, 32, 34, 35, 38, 46 ], 
  [ 3, 4, 5, 8, 9, 13, 16, 21, 23, 24, 27, 29, 34, 35, 38, 44, 46, 51 ], 
  [ 1, 3, 4, 7, 9, 12, 13, 16, 21, 25, 28, 29, 33, 37, 38, 42, 46, 51 ], 
  [ 3, 4, 5, 7, 9, 13, 15, 16, 19, 21, 26, 28, 29, 31, 34, 35, 38, 46 ], 
  [ 2, 3, 5, 6, 8, 11, 17, 20, 23, 30, 33, 36, 39, 40, 43, 44, 45, 47 ], 
  [ 2, 5, 8, 9, 11, 17, 18, 20, 22, 23, 30, 33, 36, 39, 43, 44, 45, 47 ], 
  [ 1, 2, 3, 4, 8, 9, 10, 12, 13, 23, 25, 30, 33, 39, 40, 44, 45, 47 ], 
  [ 2, 3, 5, 8, 9, 11, 14, 15, 17, 20, 22, 24, 26, 30, 35, 36, 39, 43 ], 
  [ 3, 4, 5, 8, 9, 13, 15, 21, 23, 24, 26, 30, 34, 35, 38, 40, 44, 46 ], 
  [ 1, 3, 4, 8, 9, 10, 12, 13, 27, 30, 33, 37, 41, 43, 44, 45, 47, 51 ], 
  [ 2, 3, 4, 5, 6, 8, 11, 21, 23, 27, 30, 32, 33, 38, 44, 45, 47, 48 ], 
  [ 1, 3, 4, 8, 9, 12, 13, 21, 24, 27, 30, 35, 38, 41, 42, 44, 46, 51 ], 
  [ 1, 3, 4, 9, 10, 12, 13, 19, 28, 30, 31, 37, 39, 40, 41, 43, 45, 47 ], 
  [ 1, 3, 4, 8, 9, 10, 12, 14, 25, 28, 30, 33, 37, 39, 41, 43, 45, 51 ], 
  [ 3, 4, 5, 8, 9, 13, 15, 19, 21, 26, 28, 30, 31, 34, 35, 38, 40, 46 ], 
  [ 2, 3, 8, 9, 14, 15, 17, 21, 23, 24, 25, 26, 29, 30, 32, 36, 42, 50 ], 
  [ 2, 3, 5, 7, 9, 11, 16, 17, 20, 22, 23, 33, 36, 39, 40, 43, 44, 45, 47 ], 
  [ 2, 5, 7, 9, 11, 16, 17, 18, 21, 22, 23, 32, 33, 36, 42, 44, 45, 46, 47 ], 
  [ 1, 2, 3, 4, 6, 7, 10, 12, 13, 23, 25, 33, 38, 39, 40, 44, 45, 47, 48 ], 
  [ 1, 2, 3, 4, 7, 9, 12, 13, 21, 23, 25, 33, 38, 40, 42, 44, 45, 46, 47 ], 
  [ 3, 5, 7, 9, 11, 15, 16, 17, 20, 23, 24, 26, 34, 35, 36, 39, 40, 43, 44 ], 
  [ 2, 5, 7, 9, 11, 16, 17, 18, 21, 22, 23, 24, 26, 32, 35, 36, 42, 44, 46 ], 
  [ 1, 3, 4, 5, 9, 10, 12, 13, 16, 19, 20, 22, 27, 31, 33, 37, 43, 45, 47 ], 
  [ 1, 2, 3, 4, 5, 9, 10, 12, 13, 16, 20, 22, 23, 27, 33, 43, 44, 45, 47 ], 
  [ 1, 3, 4, 7, 9, 10, 12, 13, 16, 19, 28, 31, 37, 39, 40, 41, 43, 45, 47 ], 
  [ 1, 3, 4, 5, 6, 7, 10, 13, 16, 19, 20, 28, 33, 37, 39, 40, 43, 45, 47 ], 
  [ 1, 3, 4, 7, 9, 10, 12, 13, 14, 16, 19, 21, 28, 31, 37, 41, 42, 45, 50 ], 
  [ 1, 3, 4, 6, 7, 13, 16, 21, 25, 28, 33, 37, 38, 40, 41, 44, 45, 47, 51 ], 
  [ 3, 5, 7, 9, 11, 15, 16, 17, 19, 20, 26, 28, 31, 34, 35, 36, 39, 40, 43 ], 
  [ 3, 5, 7, 9, 11, 15, 16, 17, 19, 20, 22, 26, 28, 31, 35, 36, 39, 40, 43 ], 
  [ 3, 5, 7, 9, 11, 14, 15, 16, 17, 19, 20, 22, 26, 28, 31, 35, 36, 39, 43 ], 
  [ 2, 3, 5, 6, 7, 9, 11, 15, 16, 17, 21, 23, 24, 29, 32, 34, 38, 46, 49 ], 
  [ 3, 5, 7, 9, 11, 15, 16, 17, 20, 21, 23, 24, 26, 29, 32, 34, 35, 36, 50 ], 
  [ 2, 3, 5, 8, 9, 11, 15, 17, 21, 22, 23, 24, 26, 29, 32, 35, 38, 42, 46 ], 
  [ 1, 3, 4, 5, 6, 7, 10, 13, 14, 16, 19, 20, 21, 28, 29, 33, 37, 45, 50 ], 
  [ 3, 4, 5, 7, 9, 10, 13, 15, 16, 19, 20, 21, 26, 28, 29, 31, 34, 35, 50 ], 
  [ 2, 3, 5, 8, 9, 11, 17, 20, 22, 23, 30, 33, 36, 39, 40, 43, 44, 45, 47 ], 
  [ 3, 5, 8, 9, 11, 15, 17, 20, 23, 24, 26, 30, 34, 35, 36, 39, 40, 43, 44 ], 
  [ 2, 5, 8, 9, 11, 17, 18, 21, 22, 23, 24, 26, 30, 32, 35, 36, 42, 44, 46 ], 
  [ 1, 2, 3, 4, 6, 8, 9, 10, 12, 14, 15, 18, 24, 25, 26, 30, 39, 48, 49 ], 
  [ 2, 3, 8, 9, 15, 17, 21, 23, 24, 25, 26, 30, 32, 36, 38, 40, 42, 44, 46 ], 
  [ 2, 3, 4, 8, 9, 12, 18, 21, 23, 24, 25, 26, 30, 32, 38, 42, 44, 46, 48 ], 
  [ 1, 3, 4, 5, 6, 8, 9, 10, 13, 19, 20, 27, 30, 31, 34, 37, 43, 47, 49 ], 
  [ 1, 3, 4, 5, 6, 8, 10, 13, 19, 20, 28, 30, 33, 37, 39, 40, 43, 45, 47 ], 
  [ 1, 3, 4, 5, 6, 8, 9, 10, 14, 15, 19, 20, 28, 30, 31, 37, 39, 43, 49 ], 
  [ 1, 3, 4, 6, 8, 13, 21, 25, 28, 30, 33, 37, 38, 40, 41, 44, 45, 47, 51 ], 
  [ 3, 4, 5, 8, 9, 10, 13, 15, 19, 20, 26, 28, 30, 31, 34, 35, 39, 40, 43 ], 
  [ 3, 5, 8, 9, 11, 15, 17, 19, 20, 26, 28, 30, 31, 34, 35, 36, 39, 40, 43 ], 
  [ 1, 3, 4, 9, 12, 13, 15, 19, 21, 26, 28, 30, 31, 35, 38, 40, 41, 42, 46 ], 
  [ 3, 5, 8, 9, 11, 15, 17, 19, 20, 22, 26, 28, 30, 31, 35, 36, 39, 40, 43 ], 
  [ 3, 5, 8, 9, 11, 14, 15, 17, 19, 20, 22, 26, 28, 30, 31, 35, 36, 39, 43 ], 
  [ 3, 5, 8, 9, 11, 15, 17, 20, 21, 23, 24, 26, 29, 30, 32, 34, 35, 36, 50 ], 
  [ 3, 4, 5, 8, 9, 10, 13, 15, 19, 20, 21, 26, 28, 29, 30, 31, 34, 35, 50 ], 
  [ 2, 5, 7, 9, 11, 14, 16, 17, 18, 20, 22, 31, 33, 36, 37, 39, 43, 45, 47, 49 ], 
  [ 2, 5, 7, 9, 11, 14, 15, 16, 17, 18, 20, 22, 24, 26, 31, 35, 36, 39, 43, 49 ], 
  [ 3, 5, 7, 9, 11, 15, 16, 17, 21, 23, 24, 26, 32, 34, 35, 36, 38, 40, 44, 46 ], 
  [ 2, 3, 5, 7, 9, 11, 15, 16, 17, 20, 22, 23, 24, 26, 35, 36, 39, 40, 43, 44 ], 
  [ 1, 2, 3, 4, 5, 9, 12, 13, 16, 21, 22, 23, 27, 33, 38, 42, 44, 45, 46, 47 ], 
  [ 1, 3, 4, 7, 9, 12, 13, 16, 19, 21, 28, 31, 37, 38, 40, 41, 42, 45, 46, 47 ], 
  [ 1, 3, 4, 5, 7, 9, 10, 12, 14, 16, 19, 20, 22, 28, 31, 33, 37, 39, 43, 45 ], 
  [ 1, 3, 4, 7, 9, 12, 13, 15, 16, 19, 21, 26, 28, 31, 35, 38, 40, 41, 42, 46 ], 
  [ 3, 4, 7, 9, 13, 15, 16, 21, 24, 25, 26, 28, 34, 35, 38, 40, 41, 44, 46, 51 ], 
  [ 2, 3, 5, 7, 9, 11, 15, 16, 17, 21, 22, 23, 24, 26, 29, 32, 35, 38, 42, 46 ], 
  [ 2, 7, 9, 14, 15, 17, 18, 21, 23, 24, 25, 26, 29, 32, 34, 36, 42, 46, 49, 50 ], 
  [ 1, 3, 4, 5, 6, 7, 9, 13, 15, 16, 19, 21, 28, 29, 31, 34, 37, 38, 46, 49 ], 
  [ 1, 3, 4, 5, 7, 9, 12, 13, 16, 19, 21, 22, 28, 29, 31, 33, 37, 38, 42, 46 ], 
  [ 1, 3, 4, 5, 8, 9, 12, 13, 15, 19, 21, 22, 26, 28, 29, 31, 35, 38, 42, 46 ], 
  [ 3, 7, 9, 14, 15, 16, 17, 21, 24, 25, 26, 28, 29, 32, 35, 36, 41, 42, 50, 51 ], 
  [ 2, 5, 8, 9, 11, 14, 17, 18, 20, 22, 30, 31, 33, 36, 37, 39, 43, 45, 47, 49 ], 
  [ 1, 2, 3, 4, 6, 8, 10, 12, 13, 23, 25, 30, 33, 38, 39, 40, 44, 45, 47, 48 ], 
  [ 1, 2, 3, 4, 8, 9, 12, 13, 21, 23, 25, 30, 33, 38, 40, 42, 44, 45, 46, 47 ], 
  [ 2, 5, 8, 9, 11, 14, 15, 17, 18, 20, 22, 24, 26, 30, 31, 35, 36, 39, 43, 49 ], 
  [ 3, 5, 8, 9, 11, 15, 17, 21, 23, 24, 26, 30, 32, 34, 35, 36, 38, 40, 44, 46 ], 
  [ 2, 3, 5, 8, 9, 11, 15, 17, 20, 22, 23, 24, 26, 30, 35, 36, 39, 40, 43, 44 ], 
  [ 1, 2, 3, 4, 8, 9, 12, 13, 15, 21, 23, 24, 25, 26, 30, 38, 40, 42, 44, 46 ], 
  [ 1, 3, 4, 5, 8, 9, 10, 12, 13, 19, 20, 22, 27, 30, 31, 33, 37, 43, 45, 47 ], 
  [ 1, 2, 3, 4, 5, 8, 9, 10, 12, 13, 20, 22, 23, 27, 30, 33, 43, 44, 45, 47 ], 
  [ 1, 2, 3, 4, 5, 6, 8, 9, 13, 21, 23, 24, 27, 30, 34, 38, 44, 46, 47, 49 ], 
  [ 1, 2, 3, 4, 5, 8, 9, 12, 13, 21, 22, 23, 24, 27, 30, 35, 38, 42, 44, 46 ], 
  [ 3, 4, 5, 8, 9, 11, 18, 21, 23, 24, 26, 27, 30, 32, 34, 35, 38, 44, 46, 48 ], 
  [ 1, 3, 4, 5, 8, 9, 10, 12, 14, 19, 20, 22, 28, 30, 31, 33, 37, 39, 43, 45 ], 
  [ 3, 9, 13, 15, 19, 21, 26, 28, 30, 31, 32, 34, 35, 36, 38, 40, 41, 42, 46, 50 ], 
  [ 1, 3, 4, 5, 8, 9, 10, 12, 14, 15, 19, 20, 22, 26, 28, 30, 31, 35, 39, 43 ], 
  [ 3, 4, 8, 9, 13, 15, 21, 24, 25, 26, 28, 30, 34, 35, 38, 40, 41, 44, 46, 51 ], 
  [ 3, 8, 9, 14, 15, 17, 21, 24, 25, 26, 28, 29, 30, 32, 35, 36, 41, 42, 50, 51 ], 
  [ 1, 2, 3, 4, 5, 7, 9, 10, 12, 13, 16, 20, 22, 23, 33, 39, 40, 43, 44, 45, 47 ], 
  [ 1, 2, 3, 4, 5, 7, 9, 12, 13, 16, 21, 22, 23, 33, 38, 40, 42, 44, 45, 46, 47 ], 
  [ 2, 3, 5, 7, 9, 11, 16, 17, 21, 22, 23, 32, 33, 36, 38, 40, 42, 44, 45, 46, 47 ], 
  [ 2, 3, 5, 6, 7, 9, 11, 15, 16, 17, 20, 23, 24, 34, 36, 39, 40, 43, 44, 47, 49 ], 
  [ 3, 5, 6, 7, 9, 11, 15, 16, 17, 19, 20, 28, 31, 34, 36, 37, 39, 40, 43, 47, 49 ], 
  [ 1, 3, 4, 6, 7, 9, 13, 15, 16, 19, 21, 28, 31, 34, 37, 38, 40, 41, 46, 47, 49 ], 
  [ 1, 3, 4, 5, 6, 7, 9, 13, 15, 16, 19, 21, 28, 31, 34, 37, 38, 40, 46, 47, 49 ], 
  [ 1, 3, 4, 7, 9, 10, 12, 13, 16, 25, 28, 33, 37, 39, 40, 41, 43, 44, 45, 47, 51 ], 
  [ 3, 7, 9, 13, 15, 16, 19, 21, 26, 28, 31, 32, 34, 35, 36, 38, 40, 41, 42, 46, 50 ], 
  [ 1, 3, 4, 5, 7, 9, 12, 13, 15, 16, 19, 21, 22, 26, 28, 31, 35, 38, 40, 42, 46 ], 
  [ 1, 3, 4, 6, 7, 10, 12, 14, 16, 19, 25, 27, 28, 33, 37, 39, 41, 43, 45, 48, 51 ], 
  [ 2, 3, 5, 6, 7, 9, 11, 14, 15, 16, 17, 20, 21, 23, 24, 29, 32, 34, 36, 49, 50 ], 
  [ 7, 9, 16, 17, 18, 21, 23, 24, 25, 26, 29, 32, 34, 35, 36, 41, 42, 44, 46, 50, 51 ], 
  [ 1, 3, 4, 7, 9, 10, 12, 13, 14, 16, 21, 25, 28, 29, 33, 37, 41, 42, 45, 50, 51 ], 
  [ 1, 3, 4, 5, 7, 9, 12, 13, 15, 16, 19, 21, 22, 26, 28, 29, 31, 35, 38, 42, 46 ], 
  [ 1, 2, 3, 4, 5, 8, 9, 10, 12, 13, 20, 22, 23, 30, 33, 39, 40, 43, 44, 45, 47 ], 
  [ 1, 2, 3, 4, 5, 8, 9, 12, 13, 21, 22, 23, 30, 33, 38, 40, 42, 44, 45, 46, 47 ], 
  [ 2, 3, 5, 6, 8, 9, 11, 15, 17, 20, 23, 24, 30, 34, 36, 39, 40, 43, 44, 47, 49 ], 
  [ 1, 2, 3, 4, 5, 6, 8, 9, 13, 15, 21, 23, 24, 30, 34, 38, 40, 44, 46, 47, 49 ], 
  [ 1, 2, 3, 4, 6, 8, 9, 13, 15, 21, 23, 24, 25, 30, 34, 38, 40, 44, 46, 47, 49 ], 
  [ 1, 3, 4, 6, 9, 10, 12, 14, 18, 19, 27, 30, 31, 37, 39, 41, 43, 45, 47, 48, 49 ], 
  [ 3, 4, 5, 6, 8, 9, 10, 11, 18, 19, 20, 27, 30, 31, 34, 37, 39, 43, 47, 48, 49 ], 
  [ 1, 2, 3, 4, 5, 8, 9, 12, 13, 21, 22, 23, 27, 30, 33, 38, 42, 44, 45, 46, 47 ], 
  [ 3, 5, 6, 8, 9, 11, 15, 17, 19, 20, 28, 30, 31, 34, 36, 37, 39, 40, 43, 47, 49 ], 
  [ 1, 3, 4, 8, 9, 10, 12, 13, 25, 28, 30, 33, 37, 39, 40, 41, 43, 44, 45, 47, 51 ], 
  [ 1, 3, 4, 5, 8, 9, 10, 12, 13, 15, 19, 20, 22, 26, 28, 30, 31, 35, 39, 40, 43 ], 
  [ 1, 3, 4, 5, 8, 9, 12, 13, 15, 19, 21, 22, 26, 28, 30, 31, 35, 38, 40, 42, 46 ], 
  [ 1, 3, 4, 6, 8, 10, 12, 14, 19, 25, 27, 28, 30, 33, 37, 39, 41, 43, 45, 48, 51 ], 
  [ 8, 9, 17, 18, 21, 23, 24, 25, 26, 29, 30, 32, 34, 35, 36, 41, 42, 44, 46, 50, 51 ], 
  [ 2, 8, 9, 14, 15, 17, 18, 21, 23, 24, 25, 26, 29, 30, 32, 34, 36, 42, 46, 49, 50 ], 
  [ 1, 3, 4, 8, 9, 10, 12, 13, 14, 21, 25, 28, 29, 30, 33, 37, 41, 42, 45, 50, 51 ], 
  [ 2, 3, 5, 6, 7, 9, 11, 15, 16, 17, 21, 23, 24, 32, 34, 36, 38, 40, 44, 46, 47, 49 ], 
  [ 2, 3, 5, 7, 9, 11, 15, 16, 17, 21, 22, 23, 24, 26, 32, 35, 36, 38, 40, 42, 44, 46 ], 
  [ 1, 3, 4, 6, 7, 9, 10, 12, 14, 16, 18, 19, 27, 31, 37, 39, 41, 43, 45, 47, 48, 49 ], 
  [ 2, 3, 4, 5, 7, 9, 10, 11, 12, 16, 18, 20, 22, 23, 27, 33, 39, 43, 44, 45, 47, 48 ], 
  [ 1, 3, 4, 5, 7, 9, 10, 12, 13, 16, 19, 20, 22, 28, 31, 33, 37, 39, 40, 43, 45, 47 ], 
  [ 1, 3, 4, 5, 7, 9, 12, 13, 16, 19, 21, 22, 28, 31, 33, 37, 38, 40, 42, 45, 46, 47 ], 
  [ 1, 3, 4, 7, 9, 12, 13, 16, 21, 25, 28, 33, 37, 38, 40, 41, 42, 44, 45, 46, 47, 51 ], 
  [ 1, 3, 4, 7, 9, 12, 13, 15, 16, 21, 24, 25, 26, 28, 35, 38, 40, 41, 42, 44, 46, 51 ], 
  [ 2, 3, 5, 7, 9, 11, 14, 15, 16, 17, 20, 21, 22, 23, 24, 26, 29, 32, 35, 36, 42, 50 ], 
  [ 1, 3, 4, 5, 6, 7, 9, 10, 13, 14, 15, 16, 19, 20, 21, 28, 29, 31, 34, 37, 49, 50 ], 
  [ 3, 5, 7, 9, 11, 14, 15, 16, 17, 19, 20, 21, 22, 26, 28, 29, 31, 32, 35, 36, 42, 50 ], 
  [ 1, 2, 3, 4, 5, 8, 9, 12, 13, 15, 21, 22, 23, 24, 26, 30, 35, 38, 40, 42, 44, 46 ], 
  [ 2, 3, 5, 8, 9, 11, 15, 17, 21, 22, 23, 24, 26, 30, 32, 35, 36, 38, 40, 42, 44, 46 ], 
  [ 2, 3, 4, 5, 8, 9, 10, 11, 12, 18, 20, 22, 23, 27, 30, 33, 39, 43, 44, 45, 47, 48 ], 
  [ 2, 3, 4, 5, 6, 8, 9, 11, 18, 21, 23, 24, 27, 30, 32, 34, 38, 44, 46, 47, 48, 49 ], 
  [ 1, 3, 4, 5, 6, 8, 9, 10, 13, 15, 19, 20, 28, 30, 31, 34, 37, 39, 40, 43, 47, 49 ], 
  [ 1, 3, 4, 5, 8, 9, 10, 12, 13, 19, 20, 22, 28, 30, 31, 33, 37, 39, 40, 43, 45, 47 ], 
  [ 1, 3, 4, 8, 9, 12, 13, 21, 25, 28, 30, 33, 37, 38, 40, 41, 42, 44, 45, 46, 47, 51 ], 
  [ 1, 3, 4, 8, 9, 12, 13, 15, 21, 24, 25, 26, 28, 30, 35, 38, 40, 41, 42, 44, 46, 51 ], 
  [ 2, 3, 5, 8, 9, 11, 14, 15, 17, 20, 21, 22, 23, 24, 26, 29, 30, 32, 35, 36, 42, 50 ], 
  [ 3, 4, 5, 8, 9, 10, 13, 16, 20, 21, 23, 24, 27, 29, 30, 34, 35, 41, 43, 44, 50, 51 ], 
  [ 3, 5, 8, 9, 11, 14, 15, 17, 19, 20, 21, 22, 26, 28, 29, 30, 31, 32, 35, 36, 42, 50 ], 
  [ 2, 3, 4, 5, 7, 9, 11, 12, 16, 18, 21, 22, 23, 27, 32, 33, 38, 42, 44, 45, 46, 47, 48 ], 
  [ 1, 3, 4, 6, 7, 9, 13, 15, 16, 21, 24, 25, 28, 34, 37, 38, 40, 41, 44, 46, 47, 49, 51 ], 
  [ 1, 2, 3, 4, 5, 8, 9, 12, 13, 16, 21, 22, 23, 24, 27, 29, 33, 35, 38, 42, 44, 46, 51 ], 
  [ 1, 3, 4, 5, 7, 9, 10, 12, 13, 14, 16, 19, 20, 21, 22, 28, 29, 31, 33, 37, 42, 45, 50 ], 
  [ 1, 3, 4, 5, 7, 9, 10, 12, 13, 14, 15, 16, 19, 20, 21, 22, 26, 28, 29, 31, 35, 42, 50 ], 
  [ 1, 3, 4, 5, 8, 9, 12, 13, 16, 19, 21, 22, 27, 28, 29, 31, 33, 35, 37, 38, 42, 46, 51 ], 
  [ 2, 3, 4, 5, 6, 7, 8, 11, 17, 21, 23, 25, 30, 32, 33, 36, 38, 39, 40, 44, 45, 47, 48 ], 
  [ 2, 3, 4, 5, 8, 9, 11, 12, 18, 21, 22, 23, 27, 30, 32, 33, 38, 42, 44, 45, 46, 47, 48 ], 
  [ 2, 3, 4, 5, 8, 9, 11, 12, 18, 21, 22, 23, 24, 26, 27, 30, 32, 35, 38, 42, 44, 46, 48 ], 
  [ 1, 3, 4, 6, 8, 9, 13, 15, 21, 24, 25, 28, 30, 34, 37, 38, 40, 41, 44, 46, 47, 49, 51 ], 
  [ 1, 3, 4, 5, 6, 8, 13, 16, 19, 21, 27, 28, 30, 33, 37, 38, 40, 41, 43, 44, 45, 47, 51 ], 
  [ 1, 3, 4, 5, 8, 9, 10, 12, 13, 14, 15, 19, 20, 21, 22, 26, 28, 29, 30, 31, 35, 42, 50 ], 
  [ 2, 3, 4, 5, 6, 7, 8, 9, 11, 15, 17, 18, 21, 23, 24, 25, 26, 29, 32, 34, 38, 46, 48, 49 ], 
  [ 1, 2, 3, 4, 5, 6, 8, 9, 13, 16, 21, 23, 24, 27, 29, 33, 34, 37, 38, 44, 46, 47, 49, 51 ], 
  [ 3, 4, 5, 7, 8, 9, 13, 15, 16, 17, 21, 23, 24, 25, 26, 28, 29, 34, 35, 38, 40, 44, 46, 51 ], 
  [ 1, 3, 4, 5, 6, 8, 9, 13, 15, 16, 19, 21, 24, 27, 28, 29, 31, 34, 35, 37, 38, 46, 49, 51 ], 
  [ 1, 3, 4, 5, 6, 9, 10, 13, 14, 16, 19, 20, 21, 27, 30, 31, 34, 37, 41, 43, 45, 47, 49, 50 ], 
  [ 3, 4, 5, 7, 9, 10, 13, 15, 16, 19, 20, 21, 26, 28, 30, 31, 34, 35, 36, 39, 40, 41, 43, 50 ], 
  [ 1, 3, 4, 5, 6, 8, 10, 13, 14, 16, 19, 20, 21, 27, 28, 29, 30, 33, 37, 41, 43, 45, 50, 51 ], 
  [ 2, 5, 7, 9, 11, 15, 16, 17, 18, 20, 22, 23, 24, 26, 31, 34, 35, 36, 39, 40, 43, 44, 46, 47, 49 ], 
  [ 1, 3, 4, 6, 7, 10, 12, 13, 16, 19, 25, 27, 28, 33, 37, 38, 39, 40, 41, 43, 44, 45, 47, 48, 51 ], 
  [ 3, 4, 5, 7, 8, 9, 11, 16, 17, 18, 21, 23, 24, 25, 26, 27, 29, 32, 34, 35, 38, 44, 46, 48, 51 ], 
  [ 7, 9, 14, 15, 16, 17, 18, 21, 24, 25, 26, 28, 29, 31, 32, 34, 35, 36, 37, 41, 42, 46, 49, 50, 51 ], 
  [ 2, 5, 8, 9, 11, 15, 17, 18, 20, 22, 23, 24, 26, 30, 31, 34, 35, 36, 39, 40, 43, 44, 46, 47, 49 ], 
  [ 1, 3, 4, 6, 8, 10, 12, 13, 19, 25, 27, 28, 30, 33, 37, 38, 39, 40, 41, 43, 44, 45, 47, 48, 51 ], 
  [ 8, 9, 14, 15, 17, 18, 21, 24, 25, 26, 28, 29, 30, 31, 32, 34, 35, 36, 37, 41, 42, 46, 49, 50, 51 ], 
  [ 1, 2, 3, 4, 5, 6, 7, 10, 11, 12, 13, 16, 19, 20, 22, 23, 27, 33, 38, 39, 40, 43, 44, 45, 47, 48 ], 
  [ 1, 2, 3, 4, 6, 7, 9, 10, 12, 14, 16, 18, 24, 25, 27, 33, 37, 39, 41, 43, 44, 45, 47, 48, 49, 51 ], 
  [ 1, 3, 6, 7, 9, 13, 14, 15, 16, 19, 21, 28, 31, 32, 34, 36, 37, 38, 40, 41, 42, 45, 46, 47, 49, 50 ], 
  [ 1, 2, 3, 5, 6, 7, 9, 11, 14, 15, 16, 17, 19, 20, 22, 28, 31, 33, 36, 37, 39, 40, 43, 45, 47, 49 ], 
  [ 2, 5, 7, 9, 11, 14, 16, 17, 18, 20, 21, 22, 23, 29, 31, 32, 33, 34, 36, 37, 42, 45, 46, 47, 49, 50 ], 
  [ 2, 7, 9, 14, 16, 17, 18, 21, 23, 24, 25, 29, 32, 33, 34, 36, 37, 41, 42, 44, 45, 46, 47, 49, 50, 51 ], 
  [ 2, 5, 7, 9, 11, 14, 15, 16, 17, 18, 20, 21, 22, 23, 24, 26, 29, 31, 32, 34, 35, 36, 42, 46, 49, 50 ], 
  [ 3, 7, 9, 13, 15, 16, 17, 21, 23, 24, 25, 26, 28, 29, 32, 34, 35, 36, 38, 40, 41, 42, 44, 46, 50, 51 ], 
  [ 1, 3, 4, 6, 7, 10, 12, 13, 14, 16, 19, 21, 25, 27, 28, 29, 32, 33, 37, 38, 41, 42, 45, 48, 50, 51 ], 
  [ 1, 2, 3, 4, 6, 8, 9, 10, 12, 13, 15, 18, 23, 24, 25, 26, 30, 34, 38, 39, 40, 44, 46, 47, 48, 49 ], 
  [ 1, 2, 3, 4, 5, 6, 8, 10, 11, 12, 13, 19, 20, 22, 23, 27, 30, 33, 38, 39, 40, 43, 44, 45, 47, 48 ], 
  [ 1, 2, 3, 4, 6, 8, 9, 10, 12, 14, 18, 24, 25, 27, 30, 33, 37, 39, 41, 43, 44, 45, 47, 48, 49, 51 ], 
  [ 1, 2, 3, 5, 6, 8, 9, 11, 14, 15, 17, 19, 20, 22, 28, 30, 31, 33, 36, 37, 39, 40, 43, 45, 47, 49 ], 
  [ 2, 8, 9, 14, 17, 18, 21, 23, 24, 25, 29, 30, 32, 33, 34, 36, 37, 41, 42, 44, 45, 46, 47, 49, 50, 51 ], 
  [ 2, 5, 8, 9, 11, 14, 15, 17, 18, 20, 21, 22, 23, 24, 26, 29, 30, 31, 32, 34, 35, 36, 42, 46, 49, 50 ], 
  [ 3, 8, 9, 13, 15, 17, 21, 23, 24, 25, 26, 28, 29, 30, 32, 34, 35, 36, 38, 40, 41, 42, 44, 46, 50, 51 ], 
  [ 1, 3, 4, 6, 8, 10, 12, 13, 14, 19, 21, 25, 27, 28, 29, 30, 32, 33, 37, 38, 41, 42, 45, 48, 50, 51 ], 
  [ 1, 2, 3, 4, 5, 6, 7, 9, 10, 11, 12, 14, 16, 18, 19, 20, 22, 27, 31, 33, 37, 39, 43, 45, 47, 48, 49 ], 
  [ 1, 3, 4, 6, 7, 9, 10, 12, 14, 15, 16, 18, 19, 24, 25, 26, 27, 28, 31, 35, 37, 39, 41, 43, 48, 49, 51 ], 
  [ 1, 2, 3, 4, 6, 7, 9, 10, 12, 13, 14, 15, 18, 21, 23, 24, 25, 26, 29, 32, 34, 38, 42, 46, 48, 49, 50 ], 
  [ 3, 4, 7, 9, 10, 12, 13, 16, 18, 21, 23, 24, 25, 26, 27, 29, 32, 34, 35, 38, 41, 42, 44, 46, 48, 50, 51 ], 
  [ 3, 5, 7, 9, 11, 13, 15, 16, 17, 19, 20, 21, 22, 23, 26, 28, 29, 31, 32, 34, 35, 36, 38, 40, 42, 46, 50 ], 
  [ 1, 3, 4, 6, 9, 10, 12, 13, 14, 18, 19, 21, 27, 30, 31, 32, 34, 37, 38, 41, 42, 45, 46, 47, 48, 49, 50 ], 
  [ 1, 2, 3, 4, 5, 6, 8, 9, 10, 11, 12, 14, 18, 19, 20, 22, 27, 30, 31, 33, 37, 39, 43, 45, 47, 48, 49 ], 
  [ 1, 2, 3, 4, 5, 6, 8, 9, 10, 11, 12, 14, 15, 18, 19, 20, 22, 24, 26, 27, 30, 31, 35, 39, 43, 48, 49 ], 
  [ 1, 3, 4, 6, 8, 9, 10, 12, 14, 15, 18, 19, 24, 25, 26, 27, 28, 30, 31, 35, 37, 39, 41, 43, 48, 49, 51 ], 
  [ 3, 4, 8, 9, 10, 12, 13, 18, 21, 23, 24, 25, 26, 27, 29, 30, 32, 34, 35, 38, 41, 42, 44, 46, 48, 50, 51 ], 
  [ 3, 5, 8, 9, 11, 13, 15, 17, 19, 20, 21, 22, 23, 26, 28, 29, 30, 31, 32, 34, 35, 36, 38, 40, 42, 46, 50 ], 
  [ 1, 3, 4, 6, 7, 9, 10, 12, 13, 14, 16, 18, 19, 21, 27, 31, 32, 34, 37, 38, 41, 42, 45, 46, 47, 48, 49, 50 ], 
  [ 1, 2, 3, 4, 6, 8, 9, 10, 12, 13, 14, 15, 18, 21, 23, 24, 25, 26, 29, 30, 32, 34, 38, 42, 46, 48, 49, 50 ], 
  [ 2, 3, 4, 5, 6, 7, 8, 9, 11, 16, 17, 18, 21, 23, 24, 25, 27, 29, 32, 33, 34, 37, 38, 44, 46, 47, 48, 49, 51 ], 
  [ 2, 3, 4, 5, 7, 8, 9, 11, 12, 16, 17, 18, 21, 22, 23, 24, 25, 26, 27, 29, 32, 33, 35, 38, 42, 44, 46, 48, 51 ], 
  [ 1, 2, 3, 4, 5, 6, 7, 8, 9, 13, 15, 16, 17, 21, 23, 24, 25, 28, 29, 33, 34, 37, 38, 40, 44, 46, 47, 49, 51 ], 
  [ 1, 2, 3, 4, 5, 7, 8, 9, 12, 13, 15, 16, 17, 21, 22, 23, 24, 25, 26, 28, 29, 33, 35, 38, 40, 42, 44, 46, 51 ], 
  [ 2, 3, 4, 5, 7, 8, 9, 11, 12, 17, 18, 21, 22, 23, 25, 26, 30, 32, 33, 36, 38, 39, 40, 42, 44, 45, 46, 47, 48 ], 
  [ 2, 3, 4, 5, 6, 7, 8, 9, 11, 15, 17, 18, 21, 23, 24, 25, 26, 30, 32, 34, 36, 38, 39, 40, 44, 46, 47, 48, 49 ], 
  [ 3, 4, 5, 6, 7, 9, 10, 11, 14, 16, 18, 19, 20, 21, 27, 30, 31, 32, 34, 36, 37, 39, 41, 43, 45, 47, 48, 49, 50 ], 
  [ 1, 3, 4, 5, 6, 7, 9, 10, 13, 14, 15, 16, 19, 20, 21, 28, 30, 31, 34, 36, 37, 39, 40, 41, 43, 45, 47, 49, 50 ], 
  [ 1, 3, 4, 5, 7, 9, 10, 12, 13, 14, 15, 16, 19, 20, 21, 22, 26, 28, 30, 31, 35, 36, 39, 40, 41, 42, 43, 45, 50 ], 
  [ 1, 3, 4, 5, 8, 9, 12, 13, 16, 19, 21, 22, 27, 28, 30, 31, 33, 35, 37, 38, 40, 41, 42, 43, 44, 45, 46, 47, 51 ], 
  [ 1, 3, 4, 5, 6, 8, 9, 13, 15, 16, 19, 21, 24, 27, 28, 30, 31, 34, 35, 37, 38, 40, 41, 43, 44, 46, 47, 49, 51 ], 
  [ 2, 3, 4, 5, 6, 7, 8, 9, 10, 11, 14, 15, 17, 18, 20, 21, 23, 24, 25, 26, 29, 30, 32, 34, 36, 39, 48, 49, 50 ], 
  [ 1, 2, 3, 4, 5, 8, 9, 10, 12, 13, 14, 16, 20, 21, 22, 23, 24, 27, 29, 30, 33, 35, 41, 42, 43, 44, 45, 50, 51 ], 
  [ 1, 3, 4, 5, 8, 9, 10, 12, 13, 14, 16, 19, 20, 21, 22, 27, 28, 29, 30, 31, 33, 35, 37, 41, 42, 43, 45, 50, 51 ], 
  [ 1, 3, 4, 5, 6, 8, 9, 10, 13, 14, 15, 16, 19, 20, 21, 24, 27, 28, 29, 30, 31, 34, 35, 37, 41, 43, 49, 50, 51 ], 
  [ 3, 4, 5, 6, 7, 8, 9, 11, 15, 16, 17, 18, 19, 21, 24, 25, 26, 27, 28, 29, 31, 32, 34, 35, 37, 38, 46, 48, 49, 51 ], 
  [ 1, 2, 3, 4, 5, 6, 8, 9, 10, 13, 14, 16, 20, 21, 23, 24, 27, 29, 30, 33, 34, 37, 41, 43, 44, 45, 47, 49, 50, 51 ], 
  [ 3, 4, 5, 7, 8, 9, 10, 13, 15, 16, 17, 20, 21, 23, 24, 25, 26, 28, 29, 30, 34, 35, 36, 39, 40, 41, 43, 44, 50, 51 ], 
  [ 3, 4, 5, 6, 7, 8, 10, 11, 14, 16, 17, 19, 20, 21, 25, 27, 28, 29, 30, 32, 33, 36, 37, 39, 41, 43, 45, 48, 50, 51 ], 
  [ 3, 4, 5, 7, 8, 9, 10, 11, 16, 17, 18, 20, 21, 23, 24, 25, 26, 27, 29, 30, 32, 34, 35, 36, 39, 41, 43, 44, 48, 50, 51 ], 
  [ 1, 3, 4, 6, 7, 9, 10, 12, 13, 15, 16, 18, 19, 24, 25, 26, 27, 28, 31, 34, 35, 37, 38, 39, 40, 41, 43, 44, 46, 47, 48, 49, 51 ]
    , [ 1, 2, 3, 6, 7, 9, 13, 14, 15, 16, 17, 21, 23, 24, 25, 28, 29, 32, 33, 34, 36, 37, 38, 40, 41, 42, 44, 45, 46, 47, 49, 50, 
      51 ], [ 1, 3, 4, 6, 8, 9, 10, 12, 13, 15, 18, 19, 24, 25, 26, 27, 28, 30, 31, 34, 35, 37, 38, 39, 40, 41, 43, 44, 46, 47, 
      48, 49, 51 ], [ 1, 2, 3, 6, 8, 9, 13, 14, 15, 17, 21, 23, 24, 25, 28, 29, 30, 32, 33, 34, 36, 37, 38, 40, 41, 42, 44, 45, 
      46, 47, 49, 50, 51 ], [ 1, 2, 3, 4, 6, 7, 9, 10, 12, 13, 14, 16, 18, 21, 23, 24, 25, 27, 29, 32, 33, 34, 37, 38, 41, 42, 
      44, 45, 46, 47, 48, 49, 50, 51 ], [ 1, 2, 3, 5, 6, 7, 9, 11, 13, 14, 15, 16, 17, 19, 20, 21, 22, 23, 28, 29, 31, 32, 33, 
      34, 36, 37, 38, 40, 42, 45, 46, 47, 49, 50 ], [ 1, 3, 4, 6, 7, 9, 10, 12, 13, 14, 15, 16, 18, 19, 21, 24, 25, 26, 27, 28, 
      29, 31, 32, 34, 35, 37, 38, 41, 42, 46, 48, 49, 50, 51 ], 
  [ 1, 2, 3, 4, 6, 7, 9, 10, 12, 13, 14, 15, 18, 21, 23, 24, 25, 26, 30, 32, 34, 36, 38, 39, 40, 41, 42, 44, 45, 46, 47, 48, 49, 
      50 ], [ 1, 2, 3, 4, 5, 6, 8, 9, 10, 11, 12, 13, 15, 18, 19, 20, 22, 23, 24, 26, 27, 30, 31, 34, 35, 38, 39, 40, 43, 44, 46, 
      47, 48, 49 ], [ 1, 3, 4, 6, 7, 9, 10, 12, 13, 14, 15, 18, 19, 21, 25, 26, 28, 30, 31, 32, 34, 36, 37, 38, 39, 40, 41, 42, 
      45, 46, 47, 48, 49, 50 ], [ 2, 5, 8, 9, 11, 14, 16, 17, 18, 20, 21, 22, 23, 24, 27, 29, 30, 31, 32, 33, 34, 35, 36, 37, 41, 
      42, 43, 44, 45, 46, 47, 49, 50, 51 ], [ 1, 2, 3, 4, 6, 8, 9, 10, 12, 13, 14, 18, 21, 23, 24, 25, 27, 29, 30, 32, 33, 34, 
      37, 38, 41, 42, 44, 45, 46, 47, 48, 49, 50, 51 ], [ 1, 3, 4, 6, 8, 9, 10, 12, 13, 14, 15, 18, 19, 21, 24, 25, 26, 27, 28, 
      29, 30, 31, 32, 34, 35, 37, 38, 41, 42, 46, 48, 49, 50, 51 ], 
  [ 1, 2, 3, 4, 5, 6, 7, 9, 10, 11, 12, 13, 14, 16, 18, 19, 20, 21, 22, 23, 27, 29, 31, 32, 33, 34, 37, 38, 42, 45, 46, 47, 48, 
      49, 50 ], [ 1, 2, 3, 4, 5, 6, 7, 9, 10, 11, 12, 13, 14, 15, 16, 18, 19, 20, 21, 22, 23, 24, 26, 27, 29, 31, 32, 34, 35, 38, 
      42, 46, 48, 49, 50 ], [ 1, 2, 3, 4, 5, 6, 7, 8, 9, 10, 11, 12, 14, 15, 16, 17, 18, 19, 20, 22, 24, 25, 26, 27, 28, 29, 31, 
      33, 35, 37, 39, 43, 48, 49, 51 ], [ 1, 2, 3, 4, 5, 6, 8, 9, 10, 11, 12, 13, 14, 18, 19, 20, 21, 22, 23, 27, 29, 30, 31, 32, 
      33, 34, 37, 38, 42, 45, 46, 47, 48, 49, 50 ], [ 1, 2, 4, 5, 8, 9, 10, 12, 13, 14, 16, 18, 20, 21, 22, 23, 24, 27, 29, 30, 
      31, 33, 34, 35, 37, 41, 42, 43, 44, 45, 46, 47, 49, 50, 51 ], 
  [ 1, 2, 3, 4, 5, 6, 8, 9, 10, 11, 12, 13, 14, 15, 18, 19, 20, 21, 22, 23, 24, 26, 27, 29, 30, 31, 32, 34, 35, 38, 42, 46, 48, 
      49, 50 ], [ 1, 2, 3, 4, 5, 6, 7, 8, 9, 11, 12, 14, 15, 16, 17, 18, 19, 21, 22, 24, 25, 26, 27, 28, 29, 31, 32, 33, 35, 37, 
      38, 42, 46, 48, 49, 51 ], [ 3, 4, 5, 6, 7, 8, 10, 11, 13, 16, 17, 19, 20, 21, 23, 25, 27, 28, 29, 30, 32, 33, 34, 36, 37, 
      38, 39, 40, 41, 43, 44, 45, 47, 48, 50, 51 ], [ 3, 4, 5, 6, 7, 8, 10, 11, 13, 15, 16, 17, 19, 20, 21, 23, 24, 25, 26, 27, 
      28, 29, 30, 32, 34, 35, 36, 38, 39, 40, 41, 43, 44, 48, 50, 51 ], 
  [ 3, 4, 5, 6, 7, 8, 9, 11, 15, 16, 17, 18, 19, 21, 24, 25, 26, 27, 28, 30, 31, 32, 34, 35, 36, 37, 38, 39, 40, 41, 43, 44, 46, 
      47, 48, 49, 51 ], [ 2, 3, 4, 5, 6, 7, 8, 9, 10, 11, 14, 16, 17, 18, 20, 21, 23, 24, 25, 27, 29, 30, 32, 33, 34, 36, 37, 39, 
      41, 43, 44, 45, 47, 48, 49, 50, 51 ], [ 2, 3, 4, 5, 7, 8, 9, 10, 11, 12, 14, 16, 17, 18, 20, 21, 22, 23, 24, 25, 26, 27, 
      29, 30, 32, 33, 35, 36, 39, 41, 42, 43, 44, 45, 48, 50, 51 ], 
  [ 1, 2, 3, 4, 5, 6, 7, 8, 9, 10, 13, 14, 15, 16, 17, 20, 21, 23, 24, 25, 28, 29, 30, 33, 34, 36, 37, 39, 40, 41, 43, 44, 45, 
      47, 49, 50, 51 ], [ 1, 2, 3, 4, 5, 7, 8, 9, 10, 12, 13, 14, 15, 16, 17, 20, 21, 22, 23, 24, 25, 26, 28, 29, 30, 33, 35, 36, 
      39, 40, 41, 42, 43, 44, 45, 50, 51 ], [ 3, 4, 5, 7, 8, 9, 10, 11, 12, 14, 16, 17, 18, 19, 20, 21, 22, 25, 26, 27, 28, 29, 
      30, 31, 32, 33, 35, 36, 37, 39, 41, 42, 43, 45, 48, 50, 51 ], 
  [ 3, 4, 5, 6, 7, 8, 9, 10, 11, 14, 15, 16, 17, 18, 19, 20, 21, 24, 25, 26, 27, 28, 29, 30, 31, 32, 34, 35, 36, 37, 39, 41, 43, 
      48, 49, 50, 51 ], [ 1, 2, 3, 4, 5, 6, 7, 8, 9, 10, 11, 12, 13, 15, 16, 17, 18, 19, 20, 22, 23, 24, 25, 26, 27, 28, 29, 31, 
      33, 34, 35, 37, 38, 39, 40, 43, 44, 46, 47, 48, 49, 51 ], 
  [ 1, 2, 3, 5, 6, 8, 9, 11, 13, 14, 15, 16, 17, 19, 20, 21, 22, 23, 24, 27, 28, 29, 30, 31, 32, 33, 34, 35, 36, 37, 38, 40, 41, 
      42, 43, 44, 45, 46, 47, 49, 50, 51 ], [ 1, 2, 3, 4, 5, 6, 7, 9, 10, 11, 12, 13, 14, 15, 16, 18, 19, 20, 21, 22, 23, 24, 26, 
      27, 30, 31, 32, 34, 35, 36, 38, 39, 40, 41, 42, 43, 44, 45, 46, 47, 48, 49, 50 ], 
  [ 1, 2, 3, 4, 5, 6, 7, 8, 9, 10, 11, 12, 13, 14, 15, 17, 18, 19, 20, 21, 22, 23, 25, 26, 28, 29, 30, 31, 32, 33, 34, 36, 37, 
      38, 39, 40, 42, 45, 46, 47, 48, 49, 50 ], [ 1, 2, 4, 5, 7, 8, 9, 10, 12, 13, 14, 15, 16, 17, 18, 20, 21, 22, 23, 24, 25, 
      26, 28, 29, 30, 31, 33, 34, 35, 36, 37, 39, 40, 41, 42, 43, 44, 45, 46, 47, 49, 50, 51 ], 
  [ 1, 2, 3, 4, 5, 6, 7, 8, 10, 11, 12, 13, 14, 15, 16, 17, 19, 20, 21, 22, 23, 24, 25, 26, 27, 28, 29, 30, 32, 33, 35, 36, 38, 
      39, 40, 41, 42, 43, 44, 45, 48, 50, 51 ], [ 1, 2, 3, 4, 5, 6, 7, 8, 9, 11, 12, 14, 15, 16, 17, 18, 19, 21, 22, 24, 25, 26, 
      27, 28, 30, 31, 32, 33, 35, 36, 37, 38, 39, 40, 41, 42, 43, 44, 45, 46, 47, 48, 49, 51 ], 
  [ 3, 4, 5, 7, 8, 9, 10, 11, 12, 13, 16, 17, 18, 19, 20, 21, 22, 23, 25, 26, 27, 28, 29, 30, 31, 32, 33, 34, 35, 36, 37, 38, 39, 
      40, 41, 42, 43, 44, 45, 46, 47, 48, 50, 51 ], [ 1, 2, 3, 6, 7, 9, 10, 11, 12, 13, 14, 15, 16, 17, 18, 19, 20, 22, 23, 24, 
      25, 26, 27, 28, 29, 31, 32, 33, 34, 35, 36, 37, 38, 39, 40, 41, 42, 43, 44, 45, 46, 47, 48, 49, 50, 51 ], 
  [ 1, 2, 3, 6, 8, 9, 10, 11, 12, 13, 14, 15, 17, 18, 19, 20, 22, 23, 24, 25, 26, 27, 28, 29, 30, 31, 32, 33, 34, 35, 36, 37, 38, 
      39, 40, 41, 42, 43, 44, 45, 46, 47, 48, 49, 50, 51 ], [ 1, 2, 4, 5, 6, 7, 8, 10, 11, 12, 13, 14, 15, 16, 17, 18, 19, 20, 
      21, 22, 23, 24, 25, 26, 27, 28, 29, 30, 31, 32, 33, 34, 35, 36, 37, 38, 39, 40, 41, 42, 43, 44, 45, 46, 47, 48, 49, 50, 51 
     ] ];
