return rec(
  EXT := [ [ 0, 1, 1, 0, 0, 0, -1, 1, 0, 0, 0, 0, 0, 0, 0, 0, 0, 0, 0, 0, 0 ], 
      [ 0, 1, 1, 0, 0, 0, 0, 0, 0, 0, 0, -1, 1, 0, 0, 0, 0, 0, 0, 0, 0 ], 
      [ 0, 0, 1, -1, 0, 0, 0, 1, 1, 0, 0, 0, 0, 0, 0, 0, 0, 0, 0, 0, 0 ], 
      [ 0, 1, 0, 0, 1, 0, -1, 0, 0, 1, 0, 0, 0, 0, 0, 0, 0, 0, 0, 0, 0 ], 
      [ 2, -1, 1, 0, 0, 0, 0, 0, 0, 0, 0, -1, -1, 0, 0, 0, 0, 0, 0, 0, 0 ], 
      [ 0, 1, 1, 0, 0, 0, 0, 0, 0, 0, 0, 0, 0, 0, 0, 0, 1, -1, 0, 0, 0 ], 
      [ 0, 1, 0, 0, 1, 0, 0, 0, 0, 0, 0, -1, 0, 0, 1, 0, 0, 0, 0, 0, 0 ], 
      [ 0, 0, 1, 0, 1, 0, 0, -1, 0, 1, 0, 0, 0, 0, 0, 0, 0, 0, 0, 0, 0 ], 
      [ 0, 0, 0, -1, 1, 0, 0, 0, 1, 1, 0, 0, 0, 0, 0, 0, 0, 0, 0, 0, 0 ], 
      [ 2, 0, 0, 0, 0, 0, -1, 1, 0, 0, 0, -1, -1, 0, 0, 0, 0, 0, 0, 0, 0 ], 
      [ 0, 0, 1, 0, 1, 0, 0, 1, 0, -1, 0, 0, 0, 0, 0, 0, 0, 0, 0, 0, 0 ], 
      [ 0, 0, 1, 0, 1, 0, 0, 0, 0, 0, 0, 0, -1, 0, 1, 0, 0, 0, 0, 0, 0 ], 
      [ 2, 0, 0, 0, 0, 0, -1, 0, 1, 0, 0, -1, 0, -1, 0, 0, 0, 0, 0, 0, 0 ], 
      [ 2, 1, 0, -1, 0, 0, 0, 0, 0, 0, 0, -1, 0, -1, 0, 0, 0, 0, 0, 0, 0 ], 
      [ 2, -1, 0, 0, 1, 0, 0, 0, 0, 0, 0, -1, 0, 0, -1, 0, 0, 0, 0, 0, 0 ], [ 0, 
          1, 0, 0, 1, 0, 0, 0, 0, 0, 0, 0, 0, 0, 0, 0, 1, 0, 0, -1, 0 ], 
      [ 0, 0, 1, 0, 1, 0, 0, 0, 0, 0, 0, 0, 1, 0, -1, 0, 0, 0, 0, 0, 0 ], 
      [ 0, 0, 1, 0, 0, 1, 0, 1, 0, 0, -1, 0, 0, 0, 0, 0, 0, 0, 0, 0, 0 ], 
      [ 0, 0, 1, 0, 1, 0, 0, 0, 0, 0, 0, 0, 0, 0, 0, 0, 0, -1, 0, 1, 0 ], 
      [ 2, 0, 0, 0, 0, 0, 0, 0, 0, 0, 0, -1, -1, 0, 0, 0, 1, -1, 0, 0, 0 ], 
      [ 2, 0, 0, 0, 0, 0, -1, 0, 0, 1, 0, -1, 0, 0, -1, 0, 0, 0, 0, 0, 0 ], 
      [ 2, 0, 0, 0, 0, 0, -1, 0, 0, 0, -1, -1, 0, 0, 0, 1, 0, 0, 0, 0, 0 ], 
      [ 2, 0, 1, -1, 0, 0, 0, 0, 0, 0, 0, 0, -1, -1, 0, 0, 0, 0, 0, 0, 0 ], 
      [ 2, 1, 0, 0, 0, -1, -1, 0, 0, 0, -1, 0, 0, 0, 0, 0, 0, 0, 0, 0, 0 ], 
      [ 0, 0, 1, 0, 1, 0, 0, 0, 0, 0, 0, 0, 0, 0, 0, 0, 0, 1, 0, -1, 0 ], 
      [ 2, 0, 0, 0, 0, 0, 0, 0, 0, 0, 0, -1, 0, -1, 0, 0, 1, 0, -1, 0, 0 ], 
      [ 2, 0, 1, -1, 0, 0, 0, 0, 0, 0, 0, 0, 0, 0, 0, 0, 0, -1, -1, 0, 0 ], 
      [ 2, 1, 0, 0, 0, -1, 0, 0, 0, 0, 0, -1, 0, 0, 0, -1, 0, 0, 0, 0, 0 ], 
      [ 2, 0, 1, 0, 0, -1, 0, -1, 0, 0, -1, 0, 0, 0, 0, 0, 0, 0, 0, 0, 0 ], 
      [ 2, 0, 0, -1, 1, 0, 0, 0, 0, 0, 0, 0, 0, -1, -1, 0, 0, 0, 0, 0, 0 ], 
      [ 2, 0, 0, -1, 0, -1, 0, 0, 1, 0, -1, 0, 0, 0, 0, 0, 0, 0, 0, 0, 0 ], 
      [ 0, 0, 0, 0, 1, 1, 0, 0, 0, 1, -1, 0, 0, 0, 0, 0, 0, 0, 0, 0, 0 ], [ 
          2, 0, 0, 0, 0, 0, 0, 0, 0, 0, 0, -1, 0, 0, -1, 0, 1, 0, 0, -1, 0 ], 
      [ 2, 0, 0, 0, 0, 0, -1, 0, 0, 0, -1, 0, 0, 0, 0, 0, 1, 0, 0, 0, -1 ], 
      [ 2, 0, 0, 0, 0, 0, 1, 0, 0, 0, -1, -1, 0, 0, 0, -1, 0, 0, 0, 0, 0 ], 
      [ 2, 0, 1, 0, 0, -1, 0, 0, 0, 0, 0, 0, -1, 0, 0, -1, 0, 0, 0, 0, 0 ], 
      [ 2, 0, 0, -1, 1, 0, 0, 0, 0, 0, 0, 0, 0, 0, 0, 0, 0, 0, -1, -1, 0 ], 
      [ 2, 0, 0, 0, 0, 0, 0, 0, 0, 0, 0, -1, 0, 0, 0, -1, 1, 0, 0, 0, -1 ], 
      [ 2, 0, 1, 0, 0, -1, 0, 0, 0, 0, 0, 0, 0, 0, 0, 0, 0, -1, 0, 0, -1 ], 
      [ 2, 0, 0, 0, 0, 0, 0, 1, 0, 0, -1, 0, -1, 0, 0, -1, 0, 0, 0, 0, 0 ], 
      [ 2, 0, 0, 0, 1, -1, 0, 0, 0, -1, -1, 0, 0, 0, 0, 0, 0, 0, 0, 0, 0 ], 
      [ 2, 0, 0, 0, 0, 0, 0, 1, 0, 0, -1, 0, 0, 0, 0, 0, 0, -1, 0, 0, -1 ], 
      [ 2, 0, 0, 0, 0, 0, 0, 0, 1, 0, -1, 0, 0, -1, 0, -1, 0, 0, 0, 0, 0 ], 
      [ 2, 0, 0, 0, 1, -1, 0, 0, 0, 0, 0, 0, 0, 0, -1, -1, 0, 0, 0, 0, 0 ], 
      [ 2, 0, 0, 0, 0, 0, 0, 0, 1, 0, -1, 0, 0, 0, 0, 0, 0, 0, -1, 0, -1 ], 
      [ 2, 0, 0, 0, 1, -1, 0, 0, 0, 0, 0, 0, 0, 0, 0, 0, 0, 0, 0, -1, -1 ], 
      [ 2, 0, 0, 0, 0, 0, 0, 0, 0, 1, -1, 0, 0, 0, -1, -1, 0, 0, 0, 0, 0 ], 
      [ 2, 0, 0, 0, 0, 0, 0, 0, 0, 1, -1, 0, 0, 0, 0, 0, 0, 0, 0, -1, -1 ], 
      [ 0, 0, 1, 0, 0, 0, 0, 0, 0, 0, 0, 0, 0, 0, 0, 0, 0, 0, 0, 0, 0 ], 
      [ 1, 0, 0, 0, 0, 0, 0, 0, 0, 0, 0, -1, 0, 0, 0, 0, 0, 0, 0, 0, 0 ], 
      [ 0, 0, 0, 0, 1, 0, 0, 0, 0, 0, 0, 0, 0, 0, 0, 0, 0, 0, 0, 0, 0 ], 
      [ 1, 0, 0, 0, 0, 0, 0, 0, 0, 0, -1, 0, 0, 0, 0, 0, 0, 0, 0, 0, 0 ] ],
  Group := Group( [ ( 1, 4)( 2, 7)( 3, 9)( 5,15)( 6,16)( 8,11)(10,21)(12,17)(18,32)(19,25)(20,33)(23,30)(27,37)(29,41)(36,44)
        (39,46)(40,47)(42,48)(49,51), ( 1,36)( 2,29)( 3,23)( 4,44)( 5,18)( 6,39)( 7,41)( 8,17)( 9,30)(10,40)(11,12)(13,43)(14,31)
        (15,32)(16,46)(20,42)(21,47)(22,35)(24,28)(26,45)(33,48)(34,38)(50,52) ] ) );
