return [ [ 3, 7, 9, 10, 13, 14, 16, 18, 21, 22, 32, 33, 39, 40, 41, 47, 51, 52 ], 
  [ 2, 10, 13, 15, 26, 32, 33, 35, 37, 38, 48, 50, 51, 52, 54, 55, 57, 58 ], 
  [ 3, 7, 9, 10, 13, 14, 16, 17, 32, 33, 38, 39, 48, 50, 51, 52, 55, 57, 58 ], 
  [ 7, 9, 13, 14, 17, 18, 22, 32, 33, 36, 38, 39, 40, 41, 45, 46, 51, 52, 55 ], 
  [ 3, 7, 9, 10, 13, 16, 17, 18, 22, 32, 33, 38, 39, 40, 41, 44, 51, 55, 56 ], 
  [ 3, 7, 9, 10, 13, 14, 16, 17, 18, 22, 32, 33, 38, 39, 40, 41, 51, 52, 55 ], 
  [ 2, 4, 10, 12, 13, 15, 20, 21, 26, 32, 33, 35, 40, 47, 48, 51, 52, 54, 61 ], 
  [ 1, 3, 5, 7, 9, 10, 14, 16, 17, 32, 38, 39, 48, 50, 51, 52, 53, 55, 57, 58 ], 
  [ 5, 7, 9, 10, 14, 16, 22, 23, 32, 38, 39, 42, 48, 51, 52, 53, 55, 57, 58, 60 ], 
  [ 7, 9, 10, 13, 14, 16, 22, 23, 32, 33, 38, 39, 42, 48, 51, 52, 55, 57, 58, 60 ], 
  [ 2, 5, 9, 11, 18, 22, 25, 32, 34, 36, 38, 39, 41, 42, 44, 51, 53, 55, 56, 62 ], 
  [ 2, 5, 9, 11, 18, 21, 22, 25, 32, 34, 36, 39, 41, 42, 45, 47, 51, 52, 57, 62 ], 
  [ 3, 7, 13, 14, 16, 17, 24, 26, 32, 33, 35, 37, 43, 48, 50, 51, 52, 54, 57, 58 ], 
  [ 1, 5, 7, 8, 9, 11, 14, 18, 21, 22, 27, 32, 36, 39, 42, 45, 47, 51, 52, 57 ], 
  [ 2, 4, 5, 8, 9, 11, 18, 21, 22, 25, 27, 32, 36, 39, 42, 45, 47, 51, 52, 57 ], 
  [ 1, 5, 7, 8, 9, 14, 17, 32, 36, 38, 39, 45, 46, 48, 50, 51, 52, 53, 55, 57, 58 ], 
  [ 2, 5, 9, 11, 18, 22, 25, 32, 34, 36, 38, 39, 41, 42, 45, 51, 52, 53, 55, 57, 62 ], 
  [ 3, 7, 10, 13, 14, 16, 17, 26, 32, 33, 35, 37, 38, 48, 50, 51, 52, 54, 55, 57, 58 ], 
  [ 2, 4, 13, 18, 19, 20, 21, 26, 32, 33, 35, 36, 40, 41, 45, 47, 49, 51, 52, 54, 59 ], 
  [ 3, 7, 10, 13, 16, 17, 18, 22, 26, 31, 32, 33, 37, 38, 40, 41, 44, 49, 51, 55, 56 ], 
  [ 3, 7, 9, 10, 13, 14, 16, 17, 18, 22, 27, 32, 33, 38, 39, 42, 51, 52, 55, 57, 58 ], 
  [ 2, 4, 9, 13, 17, 18, 19, 20, 32, 33, 36, 38, 39, 40, 41, 45, 46, 50, 51, 52, 55, 59 ], 
  [ 7, 9, 13, 14, 16, 17, 18, 22, 32, 33, 34, 36, 38, 39, 41, 42, 45, 51, 52, 55, 57, 62 ], 
  [ 2, 4, 10, 12, 13, 15, 20, 26, 32, 33, 35, 38, 40, 46, 48, 50, 51, 52, 54, 55, 58, 61 ], 
  [ 7, 13, 14, 17, 18, 22, 26, 31, 32, 33, 35, 36, 38, 40, 41, 45, 46, 49, 51, 52, 54, 55 ], 
  [ 3, 7, 10, 13, 14, 16, 18, 21, 22, 26, 31, 32, 33, 35, 37, 40, 41, 47, 49, 51, 52, 54 ], 
  [ 1, 5, 7, 8, 9, 11, 17, 18, 22, 27, 32, 36, 38, 39, 42, 44, 46, 51, 53, 55, 56, 58 ], 
  [ 2, 4, 5, 8, 9, 11, 18, 22, 25, 27, 32, 36, 38, 39, 42, 44, 46, 51, 53, 55, 56, 58 ], 
  [ 1, 5, 7, 8, 11, 17, 18, 22, 26, 27, 31, 32, 36, 38, 42, 44, 46, 51, 53, 55, 56, 58 ], 
  [ 3, 7, 10, 13, 14, 16, 18, 21, 22, 26, 27, 31, 32, 33, 35, 37, 42, 47, 51, 52, 54, 57 ], 
  [ 1, 2, 5, 9, 11, 17, 18, 19, 32, 34, 36, 38, 39, 41, 45, 50, 51, 52, 53, 55, 57, 59, 62 ], 
  [ 5, 7, 8, 9, 14, 22, 23, 25, 32, 36, 38, 39, 42, 45, 46, 48, 51, 52, 53, 55, 57, 58, 60 ], 
  [ 3, 7, 10, 13, 14, 16, 17, 18, 22, 26, 31, 32, 33, 35, 37, 38, 40, 41, 49, 51, 52, 54, 55 ], 
  [ 1, 3, 5, 7, 9, 10, 11, 14, 16, 17, 18, 22, 27, 32, 38, 39, 42, 51, 52, 53, 55, 57, 58 ], 
  [ 2, 4, 5, 8, 9, 11, 18, 22, 25, 27, 32, 36, 38, 39, 42, 45, 46, 51, 52, 53, 55, 57, 58 ], 
  [ 1, 5, 7, 8, 9, 11, 14, 17, 18, 22, 29, 32, 36, 38, 39, 40, 41, 45, 46, 51, 52, 53, 55 ], 
  [ 1, 5, 7, 9, 11, 14, 16, 17, 18, 22, 32, 34, 36, 38, 39, 41, 42, 45, 51, 52, 53, 55, 57, 62 ], 
  [ 2, 4, 13, 17, 18, 19, 20, 26, 32, 33, 35, 36, 38, 40, 41, 45, 46, 49, 50, 51, 52, 54, 55, 59 ], 
  [ 5, 7, 10, 14, 15, 16, 22, 23, 26, 31, 32, 35, 37, 38, 42, 48, 51, 52, 53, 54, 55, 57, 58, 60 ], 
  [ 7, 10, 13, 14, 15, 16, 22, 23, 26, 31, 32, 33, 35, 37, 38, 42, 48, 51, 52, 54, 55, 57, 58, 60 ], 
  [ 1, 5, 7, 8, 9, 11, 14, 17, 18, 22, 27, 32, 36, 38, 39, 42, 45, 46, 51, 52, 53, 55, 57, 58 ], 
  [ 3, 7, 10, 13, 14, 16, 17, 18, 22, 26, 27, 31, 32, 33, 35, 37, 38, 42, 51, 52, 54, 55, 57, 58 ], 
  [ 2, 5, 11, 15, 18, 21, 22, 25, 26, 31, 32, 34, 35, 36, 37, 41, 42, 45, 47, 49, 51, 52, 54, 57, 62 ], 
  [ 2, 4, 9, 11, 13, 18, 19, 21, 22, 25, 27, 32, 33, 34, 36, 39, 41, 42, 45, 47, 51, 52, 57, 59, 62 ], 
  [ 1, 2, 3, 4, 5, 8, 10, 11, 12, 18, 19, 20, 21, 26, 27, 29, 32, 35, 40, 47, 51, 52, 54, 59, 61 ], 
  [ 1, 2, 5, 11, 17, 18, 19, 26, 32, 34, 35, 36, 37, 38, 41, 45, 49, 50, 51, 52, 53, 54, 55, 57, 59, 62 ], 
  [ 7, 13, 14, 16, 17, 18, 22, 26, 31, 32, 33, 34, 35, 36, 37, 38, 41, 42, 45, 49, 51, 52, 54, 55, 57, 62 ], 
  [ 1, 5, 7, 11, 14, 16, 18, 21, 22, 26, 31, 32, 34, 35, 36, 37, 41, 42, 45, 47, 49, 51, 52, 54, 57, 62 ], 
  [ 2, 5, 11, 15, 18, 22, 25, 26, 31, 32, 34, 35, 36, 37, 38, 41, 42, 45, 49, 51, 52, 53, 54, 55, 57, 62 ], 
  [ 1, 5, 7, 11, 14, 16, 17, 18, 22, 26, 31, 32, 34, 35, 36, 37, 38, 41, 42, 45, 49, 51, 52, 53, 54, 55, 57, 62 ], 
  [ 3, 7, 9, 10, 12, 13, 14, 16, 17, 18, 22, 23, 27, 31, 32, 33, 38, 39, 40, 42, 44, 46, 51, 55, 56, 58, 60, 61 ], 
  [ 2, 3, 4, 10, 12, 13, 15, 19, 20, 21, 24, 26, 27, 32, 33, 35, 37, 43, 47, 48, 50, 51, 52, 54, 57, 58, 59, 61 ], 
  [ 3, 7, 9, 10, 12, 13, 14, 16, 18, 21, 22, 23, 27, 31, 32, 33, 39, 40, 42, 47, 48, 51, 52, 54, 55, 57, 58, 60, 61 ], 
  [ 3, 7, 10, 12, 13, 14, 15, 16, 21, 22, 23, 24, 26, 27, 31, 32, 33, 35, 37, 42, 43, 47, 48, 51, 52, 54, 57, 58, 60, 61 ], 
  [ 1, 2, 3, 4, 5, 8, 10, 11, 12, 17, 18, 19, 20, 26, 27, 29, 32, 35, 38, 40, 46, 50, 51, 52, 53, 54, 55, 58, 59, 61 ], 
  [ 1, 3, 4, 6, 8, 11, 12, 14, 17, 18, 19, 20, 21, 24, 27, 28, 29, 31, 32, 35, 40, 43, 45, 46, 47, 49, 51, 54, 59, 61 ], 
  [ 2, 4, 9, 11, 13, 17, 18, 19, 22, 25, 27, 32, 33, 34, 36, 38, 39, 41, 42, 44, 45, 46, 50, 51, 52, 53, 55, 56, 57, 58, 59, 62 ]
    , [ 1, 3, 4, 7, 8, 12, 13, 14, 17, 19, 20, 21, 24, 26, 27, 32, 33, 35, 36, 43, 45, 46, 47, 48, 50, 51, 52, 54, 57, 58, 59, 
      61 ], [ 2, 4, 11, 13, 15, 18, 19, 21, 22, 24, 25, 26, 27, 31, 32, 33, 34, 35, 36, 37, 41, 42, 43, 45, 47, 49, 51, 52, 54, 
      57, 59, 62 ], [ 1, 2, 3, 4, 5, 6, 8, 9, 10, 11, 12, 17, 18, 19, 20, 27, 28, 29, 32, 38, 39, 40, 44, 46, 50, 51, 53, 55, 
      56, 58, 59, 61 ], [ 1, 3, 4, 6, 8, 11, 12, 14, 17, 19, 20, 21, 24, 27, 28, 29, 32, 35, 43, 45, 46, 47, 48, 50, 51, 52, 53, 
      54, 57, 58, 59, 61 ], [ 1, 3, 7, 11, 13, 14, 16, 17, 18, 19, 21, 22, 24, 26, 27, 31, 32, 33, 34, 35, 36, 37, 41, 42, 43, 
      45, 47, 49, 51, 52, 54, 57, 59, 62 ], [ 1, 2, 3, 4, 5, 6, 8, 10, 11, 12, 15, 19, 20, 21, 24, 26, 27, 28, 29, 32, 35, 37, 
      43, 47, 48, 50, 51, 52, 53, 54, 57, 58, 59, 61 ], [ 1, 2, 3, 5, 7, 9, 10, 11, 13, 14, 16, 17, 18, 19, 21, 22, 26, 27, 32, 
      33, 34, 35, 36, 37, 38, 39, 41, 42, 45, 47, 51, 52, 57, 59, 62 ], 
  [ 1, 2, 3, 5, 7, 9, 10, 11, 13, 16, 17, 18, 19, 22, 26, 27, 32, 33, 34, 36, 37, 38, 39, 41, 42, 44, 50, 51, 52, 53, 55, 56, 
      57, 58, 59, 62 ], [ 1, 3, 4, 7, 8, 11, 12, 13, 14, 17, 18, 19, 20, 21, 22, 24, 26, 27, 29, 31, 32, 33, 35, 36, 40, 41, 43, 
      45, 46, 47, 49, 51, 52, 54, 59, 61 ], [ 1, 2, 3, 4, 5, 7, 8, 9, 10, 11, 12, 13, 14, 17, 18, 19, 20, 21, 22, 26, 27, 29, 
      32, 33, 35, 36, 38, 39, 40, 41, 45, 46, 47, 51, 52, 59, 61 ], 
  [ 1, 2, 3, 4, 5, 7, 8, 9, 10, 11, 12, 13, 17, 18, 19, 20, 22, 26, 27, 29, 32, 33, 36, 38, 39, 40, 41, 44, 46, 50, 51, 52, 53, 
      55, 56, 58, 59, 61 ], [ 1, 2, 3, 4, 5, 7, 8, 9, 10, 12, 13, 14, 17, 18, 19, 20, 21, 26, 27, 32, 33, 35, 36, 38, 39, 40, 
      45, 46, 47, 48, 50, 51, 52, 54, 55, 57, 58, 59, 61 ], [ 2, 4, 5, 7, 8, 9, 10, 12, 13, 14, 15, 18, 21, 22, 23, 25, 26, 27, 
      31, 32, 33, 35, 36, 38, 39, 40, 42, 45, 46, 47, 48, 51, 52, 54, 55, 57, 58, 60, 61 ], 
  [ 1, 2, 3, 4, 5, 6, 8, 9, 10, 11, 12, 14, 17, 18, 19, 20, 21, 27, 28, 29, 32, 35, 38, 39, 40, 45, 46, 47, 48, 50, 51, 52, 53, 
      54, 55, 57, 58, 59, 61 ], [ 1, 2, 3, 5, 6, 7, 9, 10, 11, 12, 13, 14, 15, 16, 17, 18, 21, 22, 24, 26, 27, 31, 32, 34, 35, 
      37, 38, 42, 44, 48, 50, 51, 52, 53, 54, 55, 57, 58, 59, 60 ], 
  [ 1, 2, 4, 5, 6, 7, 8, 9, 11, 12, 13, 14, 15, 17, 18, 21, 22, 24, 25, 26, 27, 31, 32, 34, 35, 36, 38, 42, 44, 45, 46, 48, 50, 
      51, 52, 53, 54, 55, 57, 58, 59, 60 ], [ 1, 3, 5, 7, 8, 10, 11, 14, 16, 17, 18, 19, 22, 23, 26, 27, 28, 29, 31, 32, 33, 35, 
      36, 37, 38, 39, 40, 41, 42, 43, 45, 46, 47, 49, 51, 52, 53, 54, 55, 56, 57, 58, 61, 62 ], 
  [ 1, 3, 4, 6, 7, 8, 9, 11, 12, 13, 14, 16, 17, 18, 19, 20, 21, 22, 23, 24, 25, 27, 28, 29, 30, 31, 32, 33, 34, 36, 39, 40, 41, 
      42, 43, 44, 45, 46, 47, 48, 49, 50, 51, 52, 53, 54, 55, 56, 57, 58, 59, 60, 61, 62 ], 
  [ 1, 2, 3, 4, 5, 6, 7, 8, 9, 10, 12, 13, 14, 15, 16, 17, 18, 19, 20, 21, 23, 24, 25, 26, 27, 28, 30, 31, 32, 33, 34, 35, 36, 
      37, 38, 39, 40, 42, 43, 44, 45, 46, 47, 48, 49, 50, 51, 54, 55, 56, 57, 58, 59, 60, 61, 62 ], 
  [ 1, 2, 3, 4, 5, 6, 7, 8, 9, 10, 11, 12, 13, 14, 15, 16, 17, 19, 20, 21, 22, 23, 24, 25, 26, 27, 28, 29, 30, 32, 33, 34, 35, 
      36, 37, 38, 39, 41, 42, 43, 44, 45, 46, 47, 48, 50, 51, 52, 53, 56, 57, 58, 59, 60, 61, 62 ], 
  [ 1, 2, 3, 4, 5, 6, 7, 8, 9, 10, 11, 12, 13, 14, 15, 16, 17, 18, 19, 20, 21, 22, 23, 24, 25, 26, 27, 28, 29, 30, 31, 32, 33, 
      34, 35, 36, 37, 38, 39, 40, 41, 42, 43, 44, 45, 46, 47, 48, 49, 50, 52, 53, 54, 55, 56, 57, 58, 59, 60, 61, 62 ] ];
