return [ [ 2, 3, 4, 5, 7, 8, 9, 10, 12, 15, 16, 17, 20, 21, 22, 23, 25, 26, 27, 28, 29, 30, 31, 32, 34, 35, 36, 37, 38, 39, 40, 
      41, 43, 44, 45, 46, 47, 48, 49, 50, 51, 53, 54, 55, 56, 57, 58, 59, 60, 61, 62, 63, 64, 65, 66, 67, 68, 69, 70, 71, 72, 
      73, 75, 76, 77, 78 ], [ 2, 4, 5, 7, 9, 10, 11, 12, 13, 15, 16, 17, 18, 19, 21, 22, 24, 25, 27, 28, 30, 31, 32, 33, 34, 35, 
      36, 38, 39, 40, 41, 42, 43, 44, 45, 46, 48, 49, 50, 51, 52, 53, 55, 56, 57, 58, 59, 60, 61, 62, 63, 64, 65, 66, 67, 68, 
      69, 70, 71, 72, 74, 75, 76, 77, 78 ], [ 2, 3, 4, 5, 6, 7, 8, 10, 12, 15, 16, 17, 18, 20, 21, 22, 23, 25, 26, 28, 29, 30, 
      31, 32, 33, 34, 35, 36, 37, 38, 40, 41, 43, 44, 45, 46, 47, 48, 50, 51, 53, 54, 55, 56, 57, 59, 61, 62, 63, 64, 65, 66, 
      67, 68, 69, 70, 71, 72, 73, 75, 76, 77, 78 ], [ 1, 3, 7, 8, 9, 10, 11, 13, 15, 16, 17, 18, 19, 21, 22, 24, 25, 27, 28, 30, 
      32, 33, 34, 35, 36, 38, 39, 41, 42, 43, 46, 48, 49, 52, 53, 55, 56, 57, 58, 59, 60, 61, 62, 65, 66, 67, 68, 69, 70, 71, 
      72, 74, 75, 76, 78 ], [ 1, 3, 8, 16, 23, 24, 36, 38, 47, 48, 49, 53, 55, 58, 59, 60, 61, 66, 69, 71 ], 
  [ 3, 7, 8, 15, 16, 23, 24, 31, 36, 38, 44, 47, 48, 53, 55, 58, 59, 60, 61, 66, 69, 71 ], 
  [ 1, 3, 6, 8, 16, 17, 23, 29, 33, 35, 36, 38, 46, 47, 53, 55, 56, 61, 62, 66, 69, 71 ], 
  [ 1, 3, 8, 16, 17, 23, 25, 33, 35, 36, 38, 46, 55, 56, 61, 62, 66, 69, 71 ], 
  [ 1, 3, 8, 16, 23, 24, 29, 36, 38, 39, 46, 47, 49, 53, 55, 58, 60, 61, 66, 69, 71 ], 
  [ 3, 7, 8, 15, 16, 23, 24, 29, 31, 36, 38, 39, 44, 46, 47, 53, 55, 58, 60, 61, 66, 69, 71 ], 
  [ 1, 9, 10, 11, 13, 19, 25, 38, 41, 49, 52, 56, 60, 63, 64, 65, 67, 70, 71, 78 ], 
  [ 1, 3, 6, 8, 12, 16, 17, 19, 20, 23, 29, 30, 32, 34, 38, 40, 41, 47, 48, 49, 53, 55, 56, 66, 68, 73, 77 ], 
  [ 1, 3, 6, 8, 16, 17, 18, 19, 20, 28, 30, 32, 34, 38, 41, 48, 53, 55, 56, 68 ], 
  [ 1, 3, 6, 8, 10, 12, 16, 17, 18, 19, 20, 23, 28, 30, 32, 34, 38, 41, 48, 55, 56, 68, 73, 77 ], 
  [ 8, 9, 10, 15, 16, 22, 24, 25, 30, 36, 38, 41, 44, 48, 52, 55, 60, 63, 67, 71 ], 
  [ 1, 3, 8, 9, 16, 23, 24, 25, 36, 38, 39, 46, 49, 55, 58, 60, 61, 66, 69, 71 ], 
  [ 3, 7, 8, 9, 15, 16, 23, 24, 25, 31, 36, 38, 39, 44, 46, 55, 58, 60, 61, 66, 69, 71 ], 
  [ 3, 7, 8, 9, 10, 15, 16, 23, 24, 25, 31, 36, 38, 44, 48, 55, 58, 59, 60, 61, 66, 69, 71 ], 
  [ 3, 7, 8, 15, 16, 21, 23, 24, 29, 31, 36, 38, 39, 44, 46, 47, 50, 53, 58, 59, 60, 61, 66, 69, 71, 75 ], 
  [ 1, 3, 8, 9, 10, 12, 16, 17, 19, 23, 25, 30, 32, 34, 38, 41, 48, 49, 55, 56, 66, 68, 73, 77 ], 
  [ 1, 3, 8, 9, 10, 12, 16, 17, 19, 20, 23, 27, 28, 30, 32, 34, 38, 41, 48, 49, 55, 56, 68, 73, 77 ], 
  [ 1, 6, 8, 13, 16, 17, 18, 19, 22, 30, 33, 35, 36, 38, 41, 48, 53, 55, 56, 63, 67, 71 ], 
  [ 1, 3, 8, 11, 16, 21, 23, 24, 29, 36, 38, 39, 46, 47, 49, 50, 53, 58, 59, 60, 61, 66, 69, 71, 75 ], 
  [ 1, 8, 9, 10, 13, 16, 19, 22, 24, 25, 30, 36, 38, 41, 48, 49, 52, 55, 60, 63, 67, 71 ], 
  [ 1, 8, 10, 13, 16, 17, 18, 19, 22, 25, 30, 33, 35, 36, 38, 41, 48, 55, 56, 63, 67, 71 ], 
  [ 3, 7, 8, 9, 10, 15, 16, 21, 23, 24, 25, 31, 36, 38, 39, 44, 46, 50, 58, 59, 60, 61, 66, 69, 71, 75 ], 
  [ 8, 15, 16, 22, 23, 24, 29, 30, 31, 36, 38, 39, 40, 44, 46, 47, 48, 49, 50, 51, 53, 55, 58, 59, 60, 61, 63, 66, 69, 71, 75, 
      77 ], [ 1, 8, 9, 10, 13, 19, 22, 25, 30, 38, 41, 48, 49, 52, 55, 56, 60, 63, 65, 67, 70, 71, 78 ], 
  [ 1, 3, 6, 8, 10, 16, 17, 18, 20, 23, 28, 32, 38, 41, 47, 48, 53, 54, 55, 56, 59, 61, 62, 68, 70, 72, 73, 78 ], 
  [ 1, 3, 8, 9, 10, 12, 14, 16, 19, 23, 24, 25, 26, 30, 34, 36, 38, 41, 44, 48, 49, 52, 55, 60, 63, 66, 67, 71, 73, 77 ], 
  [ 1, 3, 8, 9, 10, 12, 16, 17, 19, 23, 25, 26, 30, 34, 35, 36, 38, 41, 48, 49, 55, 56, 63, 66, 67, 71, 73, 77 ], 
  [ 1, 3, 6, 8, 10, 12, 16, 17, 18, 19, 23, 25, 26, 30, 33, 34, 35, 36, 38, 41, 48, 55, 56, 63, 66, 67, 71, 73, 77 ], 
  [ 1, 3, 8, 9, 10, 11, 16, 21, 23, 24, 25, 36, 38, 39, 46, 49, 50, 58, 59, 60, 61, 66, 69, 71, 75 ], 
  [ 1, 3, 6, 7, 8, 15, 16, 17, 23, 24, 29, 31, 33, 35, 36, 38, 39, 46, 47, 53, 55, 58, 61, 62, 66, 69, 71, 74 ], 
  [ 1, 6, 8, 13, 15, 16, 17, 18, 19, 22, 24, 30, 33, 35, 36, 38, 41, 48, 52, 53, 55, 63, 67, 71, 74 ], 
  [ 1, 3, 6, 7, 8, 15, 16, 17, 18, 23, 24, 31, 33, 35, 36, 38, 47, 48, 53, 55, 58, 59, 61, 62, 66, 69, 71, 74 ], 
  [ 8, 9, 10, 15, 16, 22, 23, 24, 25, 30, 31, 36, 38, 39, 44, 46, 48, 49, 50, 51, 55, 58, 59, 60, 61, 63, 66, 69, 71, 75, 77 ], 
  [ 1, 3, 7, 8, 9, 15, 16, 17, 23, 24, 25, 31, 33, 35, 36, 38, 39, 46, 55, 58, 61, 62, 66, 69, 71, 74 ], 
  [ 1, 3, 8, 9, 10, 12, 14, 19, 23, 25, 26, 30, 34, 37, 38, 41, 44, 45, 48, 49, 52, 54, 55, 56, 60, 63, 64, 65, 66, 67, 68, 70, 
      71, 73, 77, 78 ], [ 1, 3, 6, 8, 13, 16, 17, 18, 19, 20, 22, 28, 30, 32, 33, 34, 35, 36, 38, 41, 48, 53, 55, 56, 67, 76 ], 
  [ 1, 3, 6, 7, 8, 15, 16, 17, 18, 19, 24, 30, 33, 34, 35, 36, 38, 41, 48, 52, 53, 55, 66, 67, 71, 74 ], 
  [ 1, 3, 5, 6, 8, 10, 12, 13, 16, 17, 18, 19, 20, 22, 23, 25, 26, 28, 30, 32, 33, 34, 35, 36, 38, 41, 48, 51, 55, 56, 63, 67, 
      73, 76, 77 ], [ 1, 3, 5, 6, 8, 13, 16, 17, 20, 22, 23, 25, 26, 29, 32, 33, 35, 36, 38, 41, 46, 47, 51, 53, 54, 55, 56, 61, 
      62, 63, 67, 69, 71, 72, 73, 76, 78 ], [ 1, 3, 5, 8, 9, 10, 12, 13, 16, 17, 19, 20, 22, 23, 25, 26, 27, 28, 30, 32, 34, 35, 
      36, 38, 41, 48, 49, 51, 55, 56, 63, 67, 73, 76, 77 ], [ 1, 2, 3, 6, 7, 8, 9, 10, 12, 14, 15, 16, 17, 18, 19, 23, 24, 25, 
      26, 30, 31, 33, 34, 35, 36, 38, 41, 44, 48, 52, 55, 63, 66, 67, 71, 73, 74, 77 ], 
  [ 1, 3, 5, 6, 8, 12, 13, 16, 17, 19, 20, 22, 23, 25, 26, 29, 30, 32, 33, 34, 35, 36, 38, 40, 41, 46, 47, 48, 49, 51, 53, 55, 
      56, 63, 66, 67, 69, 71, 73, 76, 77 ], [ 1, 3, 8, 11, 13, 16, 20, 21, 22, 23, 24, 27, 28, 29, 32, 36, 38, 39, 42, 46, 47, 
      49, 50, 51, 53, 57, 58, 59, 60, 61, 69, 72, 75, 76 ], [ 1, 3, 8, 9, 10, 11, 13, 16, 21, 22, 23, 24, 25, 27, 28, 32, 36, 
      38, 39, 42, 46, 49, 50, 51, 57, 58, 59, 60, 61, 69, 72, 75, 76 ], 
  [ 1, 3, 6, 7, 8, 13, 15, 16, 17, 18, 19, 20, 22, 24, 27, 28, 30, 32, 33, 34, 35, 36, 38, 41, 42, 48, 52, 53, 55, 67, 74, 76 ], 
  [ 1, 3, 5, 6, 8, 10, 13, 16, 17, 18, 20, 22, 23, 25, 26, 28, 32, 33, 35, 36, 38, 41, 47, 48, 51, 53, 54, 55, 56, 59, 61, 62, 
      63, 67, 69, 70, 71, 72, 73, 76, 78 ], [ 1, 3, 4, 8, 9, 10, 11, 12, 14, 16, 19, 21, 23, 24, 25, 26, 29, 30, 34, 36, 37, 38, 
      39, 41, 44, 45, 46, 49, 50, 52, 54, 55, 56, 60, 61, 63, 64, 65, 66, 67, 68, 71, 73, 75, 77, 78 ], 
  [ 1, 2, 3, 5, 6, 7, 8, 9, 10, 12, 13, 14, 15, 16, 17, 18, 19, 20, 22, 23, 24, 25, 26, 27, 28, 30, 31, 32, 33, 34, 35, 36, 38, 
      41, 42, 44, 48, 51, 52, 55, 63, 67, 73, 74, 76, 77 ], [ 3, 7, 8, 15, 16, 20, 21, 22, 23, 24, 27, 28, 29, 30, 31, 32, 34, 
      36, 38, 39, 40, 42, 44, 46, 47, 48, 49, 50, 51, 53, 55, 57, 58, 59, 60, 61, 66, 68, 69, 72, 75, 76, 77 ], 
  [ 1, 2, 3, 5, 6, 7, 8, 9, 13, 14, 15, 16, 17, 20, 22, 23, 24, 25, 26, 27, 29, 31, 32, 33, 35, 36, 38, 39, 41, 42, 44, 46, 47, 
      51, 52, 53, 54, 55, 58, 60, 61, 62, 63, 67, 69, 71, 72, 73, 74, 76, 78 ], 
  [ 1, 3, 4, 5, 8, 9, 10, 11, 12, 13, 14, 16, 19, 20, 21, 22, 23, 24, 25, 26, 27, 28, 29, 30, 32, 34, 36, 37, 38, 39, 41, 42, 
      44, 45, 46, 49, 50, 51, 52, 54, 55, 56, 57, 60, 61, 63, 64, 65, 67, 68, 72, 73, 75, 76, 77, 78 ], 
  [ 1, 2, 3, 5, 6, 7, 8, 9, 10, 13, 14, 15, 16, 17, 18, 20, 22, 23, 24, 25, 26, 27, 28, 31, 32, 33, 35, 36, 38, 41, 42, 44, 47, 
      48, 51, 52, 53, 54, 55, 58, 59, 60, 61, 62, 63, 67, 69, 70, 71, 72, 73, 74, 76, 78 ], 
  [ 1, 2, 3, 4, 5, 6, 7, 8, 9, 10, 11, 12, 13, 14, 15, 16, 17, 18, 19, 20, 21, 22, 23, 24, 25, 26, 27, 28, 29, 30, 31, 32, 33, 
      34, 35, 36, 37, 38, 39, 41, 42, 43, 44, 45, 46, 50, 51, 52, 54, 55, 56, 57, 61, 62, 63, 64, 65, 67, 68, 72, 73, 74, 75, 
      76, 77, 78 ], [ 1, 2, 3, 4, 5, 6, 7, 8, 9, 10, 11, 13, 14, 15, 16, 17, 18, 20, 21, 22, 23, 24, 25, 26, 27, 28, 29, 31, 32, 
      33, 35, 36, 37, 38, 39, 41, 42, 43, 44, 46, 47, 50, 51, 52, 53, 54, 57, 58, 59, 60, 61, 62, 63, 64, 65, 67, 69, 70, 71, 
      72, 73, 74, 75, 76, 78 ], [ 1, 2, 3, 4, 5, 6, 7, 8, 9, 10, 11, 12, 13, 14, 15, 16, 17, 18, 19, 20, 21, 22, 23, 24, 25, 26, 
      27, 28, 29, 30, 31, 32, 33, 34, 35, 36, 37, 38, 39, 40, 41, 42, 43, 44, 46, 47, 48, 49, 50, 51, 52, 53, 57, 58, 59, 60, 
      63, 64, 65, 66, 67, 69, 70, 71, 73, 74, 75, 76, 77 ], [ 1, 3, 6, 8, 16, 17, 23, 25, 26, 29, 33, 35, 36, 46, 47, 54, 55, 
      56, 61, 62, 66, 69, 71, 73 ], [ 1, 9, 10, 11, 13, 19, 27, 28, 38, 41, 49, 52, 56, 60, 63, 64, 65, 67, 70, 78 ], 
  [ 4, 11, 16, 21, 24, 29, 36, 39, 40, 46, 47, 49, 50, 53, 58, 59, 60, 61, 66, 69, 71, 75 ], 
  [ 1, 3, 4, 8, 9, 10, 11, 14, 16, 21, 23, 24, 25, 26, 29, 36, 37, 39, 46, 47, 49, 50, 54, 58, 59, 60, 61, 66, 69, 71, 73, 75 ], 
  [ 1, 3, 6, 8, 16, 17, 20, 23, 29, 32, 38, 41, 47, 53, 54, 55, 56, 61, 62, 68, 72, 73, 78 ], 
  [ 1, 3, 4, 5, 8, 9, 10, 11, 13, 14, 16, 20, 21, 22, 23, 24, 25, 26, 27, 28, 29, 32, 36, 37, 39, 42, 46, 47, 49, 50, 51, 54, 
      57, 58, 59, 60, 61, 69, 72, 73, 75, 76 ] ];
