return [ [ 8, 9, 17, 18, 19, 22, 32, 36, 37, 41, 44, 51, 52, 56, 58, 61, 67 ], 
  [ 6, 9, 13, 14, 18, 21, 25, 27, 34, 35, 37, 39, 42, 45, 48, 51, 66 ], 
  [ 6, 9, 10, 13, 14, 18, 21, 25, 27, 35, 36, 37, 39, 42, 45, 51, 66 ], 
  [ 8, 9, 10, 17, 18, 31, 32, 35, 41, 44, 52, 54, 56, 58, 59, 60, 61, 63 ], 
  [ 8, 9, 17, 18, 19, 31, 32, 41, 44, 49, 52, 54, 56, 58, 59, 60, 61, 63 ], 
  [ 8, 9, 10, 17, 18, 21, 32, 35, 36, 37, 41, 44, 51, 52, 56, 58, 61, 67 ], 
  [ 1, 8, 9, 19, 22, 23, 32, 36, 37, 41, 43, 44, 51, 52, 56, 58, 61, 67 ], 
  [ 1, 5, 8, 9, 19, 22, 23, 24, 32, 37, 41, 43, 44, 51, 56, 58, 61, 67 ], 
  [ 6, 8, 9, 10, 13, 14, 17, 18, 21, 25, 35, 36, 39, 51, 55, 56, 60, 66 ], 
  [ 8, 9, 10, 17, 18, 26, 31, 32, 35, 40, 41, 44, 52, 54, 56, 58, 59, 60 ], 
  [ 8, 9, 17, 18, 19, 26, 31, 32, 40, 41, 44, 49, 52, 54, 56, 58, 59, 60 ], 
  [ 1, 5, 8, 9, 19, 23, 26, 31, 32, 41, 43, 44, 49, 50, 56, 58, 59, 60 ], 
  [ 8, 9, 10, 13, 17, 18, 21, 25, 26, 35, 36, 40, 41, 52, 54, 55, 56, 60 ], 
  [ 3, 4, 7, 11, 15, 18, 28, 31, 34, 38, 41, 45, 48, 49, 52, 59, 61, 63 ], 
  [ 2, 3, 4, 7, 11, 12, 15, 18, 28, 31, 34, 38, 45, 48, 52, 59, 61, 63 ], 
  [ 3, 4, 7, 11, 15, 18, 20, 28, 31, 34, 38, 41, 45, 47, 49, 52, 59, 61 ], 
  [ 2, 3, 4, 7, 11, 12, 15, 18, 20, 28, 31, 34, 38, 45, 47, 52, 59, 61 ], 
  [ 2, 3, 4, 7, 11, 12, 15, 18, 25, 28, 34, 37, 39, 45, 48, 51, 52, 61 ], 
  [ 2, 3, 4, 11, 12, 14, 17, 18, 19, 31, 38, 44, 46, 48, 58, 59, 60, 62, 63 ], 
  [ 1, 5, 6, 8, 9, 10, 13, 21, 24, 35, 39, 50, 51, 53, 55, 57, 60, 62, 63 ], 
  [ 1, 5, 6, 8, 9, 13, 22, 24, 39, 46, 49, 50, 51, 53, 55, 57, 60, 62, 63 ], 
  [ 6, 8, 9, 13, 14, 17, 18, 21, 25, 34, 35, 39, 48, 51, 55, 57, 60, 62, 63 ], 
  [ 2, 3, 4, 7, 11, 12, 15, 18, 25, 28, 34, 38, 39, 45, 48, 51, 52, 61, 63 ], 
  [ 3, 4, 7, 11, 13, 15, 18, 22, 25, 28, 34, 37, 39, 41, 45, 48, 51, 52, 61 ], 
  [ 7, 11, 12, 15, 16, 20, 23, 24, 28, 29, 31, 33, 38, 43, 45, 47, 50, 59, 61 ], 
  [ 7, 11, 16, 23, 27, 30, 31, 38, 44, 46, 49, 50, 53, 54, 57, 59, 60, 62, 63 ], 
  [ 2, 7, 11, 16, 23, 27, 30, 31, 38, 40, 44, 46, 50, 53, 54, 57, 59, 60, 62 ], 
  [ 7, 11, 12, 16, 23, 24, 27, 30, 38, 39, 44, 46, 50, 51, 53, 57, 60, 62, 63 ], 
  [ 2, 3, 11, 12, 14, 17, 18, 19, 31, 32, 38, 44, 46, 53, 54, 58, 59, 60, 62, 63 ], 
  [ 1, 8, 9, 19, 23, 31, 32, 41, 43, 44, 49, 50, 52, 54, 56, 58, 59, 60, 61, 63 ], 
  [ 1, 5, 8, 9, 19, 23, 24, 31, 32, 41, 43, 44, 49, 50, 56, 58, 59, 60, 61, 63 ], 
  [ 1, 6, 8, 9, 10, 13, 21, 25, 35, 36, 39, 50, 51, 53, 54, 55, 57, 60, 62, 63 ], 
  [ 8, 9, 10, 13, 17, 18, 21, 25, 35, 36, 39, 41, 51, 52, 54, 55, 56, 60, 61, 63 ], 
  [ 1, 6, 8, 9, 13, 22, 25, 36, 39, 46, 49, 50, 51, 53, 54, 55, 57, 60, 62, 63 ], 
  [ 1, 5, 8, 9, 19, 22, 23, 26, 32, 41, 43, 44, 49, 50, 55, 56, 58, 59, 60, 67 ], 
  [ 7, 11, 12, 15, 16, 23, 24, 27, 29, 38, 39, 42, 45, 46, 50, 51, 53, 57, 62, 63 ], 
  [ 2, 7, 11, 12, 16, 23, 27, 30, 31, 38, 44, 46, 50, 53, 54, 57, 59, 60, 62, 63 ], 
  [ 2, 3, 4, 6, 8, 12, 14, 17, 18, 19, 31, 35, 44, 46, 48, 58, 59, 60, 62, 63, 64 ], 
  [ 1, 5, 6, 8, 10, 12, 13, 21, 24, 35, 39, 46, 50, 51, 53, 55, 57, 60, 62, 63, 64 ], 
  [ 1, 5, 6, 8, 9, 19, 22, 23, 24, 32, 37, 43, 44, 50, 51, 55, 56, 58, 60, 66, 67 ], 
  [ 6, 8, 9, 10, 13, 14, 17, 18, 21, 25, 35, 36, 39, 51, 53, 54, 55, 57, 60, 62, 63 ], 
  [ 3, 13, 14, 15, 18, 22, 25, 36, 38, 39, 42, 45, 46, 49, 51, 53, 54, 55, 57, 62, 63 ], 
  [ 8, 9, 10, 17, 18, 21, 26, 32, 35, 36, 40, 41, 44, 52, 54, 55, 56, 58, 59, 60, 67 ], 
  [ 8, 9, 17, 18, 19, 22, 26, 32, 36, 40, 41, 44, 49, 52, 54, 55, 56, 58, 59, 60, 67 ], 
  [ 1, 4, 5, 8, 9, 13, 17, 22, 25, 26, 34, 40, 41, 43, 48, 49, 52, 55, 56, 60, 65 ], 
  [ 6, 9, 13, 14, 18, 21, 25, 27, 34, 35, 39, 42, 45, 48, 51, 55, 57, 60, 62, 63, 66 ], 
  [ 3, 4, 7, 11, 13, 14, 15, 18, 20, 22, 25, 27, 34, 38, 39, 42, 45, 46, 47, 49, 57 ], 
  [ 6, 9, 13, 14, 18, 21, 22, 25, 27, 34, 36, 37, 39, 42, 45, 47, 51, 55, 57, 66, 67 ], 
  [ 2, 3, 7, 10, 12, 13, 15, 18, 21, 25, 28, 35, 36, 37, 39, 41, 45, 51, 52, 61, 64 ], 
  [ 3, 4, 7, 11, 13, 15, 18, 22, 25, 28, 34, 38, 39, 41, 45, 48, 49, 51, 52, 61, 63 ], 
  [ 2, 3, 4, 7, 11, 12, 14, 15, 18, 25, 27, 28, 34, 37, 38, 39, 42, 45, 48, 51, 66 ], 
  [ 3, 4, 7, 11, 13, 14, 15, 18, 22, 25, 27, 28, 34, 37, 38, 39, 42, 45, 48, 51, 66 ], 
  [ 2, 7, 11, 12, 15, 16, 23, 27, 29, 31, 38, 42, 45, 46, 50, 53, 54, 57, 59, 62, 63 ], 
  [ 7, 11, 15, 16, 20, 23, 28, 29, 31, 33, 38, 41, 43, 45, 47, 49, 50, 52, 54, 59, 61 ], 
  [ 2, 7, 11, 12, 15, 16, 20, 23, 28, 29, 31, 33, 38, 43, 45, 47, 50, 52, 54, 59, 61 ], 
  [ 2, 3, 4, 7, 11, 16, 17, 28, 30, 31, 34, 38, 40, 43, 44, 48, 52, 56, 59, 60, 65 ], 
  [ 8, 9, 10, 17, 18, 21, 32, 35, 36, 41, 44, 51, 52, 54, 55, 56, 58, 59, 60, 61, 63, 67 ], 
  [ 8, 9, 17, 18, 19, 22, 32, 36, 41, 44, 49, 51, 52, 54, 55, 56, 58, 59, 60, 61, 63, 67 ], 
  [ 1, 2, 6, 8, 10, 12, 19, 23, 31, 32, 35, 44, 46, 50, 53, 54, 58, 59, 60, 62, 63, 64 ], 
  [ 2, 3, 4, 11, 12, 14, 17, 19, 24, 31, 32, 38, 44, 46, 48, 53, 58, 59, 60, 62, 63, 65 ], 
  [ 1, 4, 5, 6, 8, 9, 13, 14, 17, 22, 24, 25, 34, 39, 43, 48, 51, 55, 56, 60, 65, 66 ], 
  [ 1, 4, 5, 8, 9, 17, 19, 26, 31, 32, 40, 41, 43, 44, 48, 49, 52, 56, 58, 59, 60, 65 ], 
  [ 8, 9, 10, 13, 17, 18, 21, 25, 26, 33, 35, 36, 39, 40, 41, 47, 52, 54, 55, 56, 61, 68 ], 
  [ 8, 9, 13, 17, 18, 20, 22, 25, 26, 33, 36, 39, 40, 41, 47, 49, 52, 54, 55, 56, 61, 68 ], 
  [ 2, 3, 7, 11, 12, 14, 15, 18, 25, 27, 36, 38, 39, 42, 45, 46, 51, 53, 54, 57, 62, 63 ], 
  [ 2, 3, 4, 7, 11, 12, 14, 15, 18, 25, 27, 34, 38, 39, 42, 45, 46, 48, 51, 57, 62, 63 ], 
  [ 2, 3, 4, 7, 12, 13, 15, 18, 21, 25, 28, 34, 35, 39, 41, 45, 48, 51, 52, 61, 63, 64 ], 
  [ 2, 3, 4, 7, 12, 13, 15, 18, 21, 25, 28, 34, 35, 37, 39, 41, 45, 48, 51, 52, 61, 64 ], 
  [ 2, 3, 7, 10, 12, 13, 15, 18, 21, 25, 28, 35, 36, 39, 41, 45, 51, 52, 54, 61, 63, 64 ], 
  [ 2, 7, 11, 12, 15, 16, 20, 23, 27, 29, 31, 33, 38, 42, 45, 46, 47, 50, 53, 54, 57, 59 ], 
  [ 2, 3, 4, 7, 11, 12, 15, 16, 24, 28, 29, 31, 34, 38, 43, 45, 48, 52, 59, 61, 63, 65 ], 
  [ 1, 5, 7, 10, 12, 13, 15, 16, 21, 23, 24, 28, 29, 35, 37, 39, 41, 43, 45, 51, 61, 64 ], 
  [ 5, 7, 11, 13, 16, 22, 23, 24, 27, 30, 38, 39, 44, 46, 49, 50, 51, 53, 57, 60, 62, 63 ], 
  [ 2, 3, 6, 8, 10, 12, 14, 17, 18, 19, 31, 32, 35, 44, 46, 53, 54, 58, 59, 60, 62, 63, 64 ], 
  [ 2, 3, 4, 11, 12, 14, 17, 18, 19, 34, 38, 44, 46, 48, 51, 55, 57, 58, 59, 60, 62, 63, 67 ], 
  [ 1, 4, 5, 8, 9, 17, 19, 24, 31, 32, 41, 43, 44, 48, 49, 52, 56, 58, 59, 60, 61, 63, 65 ], 
  [ 1, 4, 5, 8, 9, 17, 19, 22, 24, 32, 34, 37, 41, 43, 44, 48, 51, 52, 56, 58, 61, 65, 67 ], 
  [ 1, 5, 8, 9, 19, 22, 23, 24, 32, 41, 43, 44, 49, 50, 51, 55, 56, 58, 59, 60, 61, 63, 67 ], 
  [ 1, 2, 6, 8, 10, 12, 13, 21, 25, 35, 36, 39, 46, 50, 51, 53, 54, 55, 57, 60, 62, 63, 64 ], 
  [ 8, 9, 10, 17, 18, 21, 26, 32, 33, 35, 36, 40, 41, 47, 52, 54, 55, 56, 58, 59, 61, 67, 68 ], 
  [ 3, 7, 11, 13, 14, 15, 18, 22, 25, 27, 36, 38, 39, 42, 45, 46, 49, 51, 53, 54, 57, 62, 63 ], 
  [ 3, 4, 7, 11, 13, 14, 15, 18, 22, 25, 27, 34, 38, 39, 42, 45, 46, 48, 49, 51, 57, 62, 63 ], 
  [ 2, 3, 4, 7, 11, 12, 15, 18, 19, 20, 28, 31, 38, 41, 45, 46, 49, 52, 54, 59, 61, 63, 64 ], 
  [ 2, 3, 4, 7, 11, 12, 15, 18, 19, 20, 21, 28, 31, 34, 37, 41, 45, 47, 52, 59, 61, 64, 67 ], 
  [ 2, 3, 6, 7, 10, 12, 13, 14, 15, 18, 21, 25, 27, 28, 35, 36, 37, 39, 42, 45, 51, 64, 66 ], 
  [ 5, 7, 11, 13, 15, 16, 22, 23, 24, 27, 29, 38, 39, 42, 45, 46, 49, 50, 51, 53, 57, 62, 63 ], 
  [ 5, 7, 11, 13, 15, 16, 20, 22, 23, 24, 27, 29, 33, 38, 39, 42, 45, 46, 47, 49, 50, 53, 57 ], 
  [ 1, 2, 7, 10, 12, 15, 16, 21, 23, 28, 29, 31, 35, 41, 43, 45, 50, 52, 54, 59, 61, 63, 64 ], 
  [ 2, 3, 4, 7, 11, 12, 15, 16, 20, 24, 28, 29, 31, 33, 34, 38, 43, 45, 47, 52, 59, 61, 65 ], 
  [ 1, 5, 7, 10, 12, 13, 15, 16, 21, 23, 24, 28, 29, 35, 39, 41, 43, 45, 50, 51, 61, 63, 64 ], 
  [ 7, 11, 13, 16, 22, 23, 25, 27, 30, 36, 38, 39, 44, 46, 49, 50, 51, 53, 54, 57, 60, 62, 63 ], 
  [ 2, 3, 11, 12, 14, 17, 18, 19, 32, 36, 38, 44, 46, 51, 53, 54, 55, 57, 58, 59, 60, 62, 63, 67 ], 
  [ 1, 8, 9, 19, 22, 23, 32, 36, 41, 43, 44, 49, 50, 51, 52, 54, 55, 56, 58, 59, 60, 61, 63, 67 ], 
  [ 2, 3, 4, 6, 8, 12, 13, 14, 17, 18, 21, 25, 34, 35, 39, 46, 48, 51, 55, 57, 60, 62, 63, 64 ], 
  [ 1, 4, 5, 8, 9, 13, 17, 22, 24, 25, 34, 39, 41, 43, 48, 49, 51, 52, 55, 56, 60, 61, 63, 65 ], 
  [ 8, 9, 17, 18, 19, 20, 22, 26, 32, 33, 36, 40, 41, 47, 49, 52, 54, 55, 56, 58, 59, 61, 67, 68 ], 
  [ 6, 9, 10, 13, 14, 18, 21, 25, 27, 35, 36, 39, 42, 45, 50, 51, 53, 54, 55, 57, 60, 62, 63, 66 ], 
  [ 2, 11, 18, 19, 23, 28, 31, 32, 36, 37, 38, 40, 43, 44, 50, 52, 54, 55, 56, 58, 59, 60, 66, 67 ], 
  [ 2, 3, 4, 6, 7, 12, 13, 14, 15, 18, 21, 25, 27, 28, 34, 35, 37, 39, 42, 45, 48, 51, 64, 66 ], 
  [ 7, 11, 13, 15, 16, 22, 23, 25, 27, 29, 36, 38, 39, 42, 45, 46, 49, 50, 51, 53, 54, 57, 62, 63 ], 
  [ 7, 11, 13, 15, 16, 20, 22, 23, 25, 27, 29, 33, 36, 38, 39, 42, 45, 46, 47, 49, 50, 53, 54, 57 ], 
  [ 1, 2, 7, 10, 12, 15, 16, 20, 21, 23, 28, 29, 31, 33, 41, 43, 45, 47, 50, 52, 54, 59, 61, 64 ], 
  [ 1, 2, 7, 10, 12, 13, 15, 16, 21, 23, 25, 28, 29, 35, 36, 37, 39, 41, 43, 45, 51, 52, 61, 64 ], 
  [ 2, 3, 4, 7, 11, 12, 16, 17, 24, 28, 30, 31, 34, 38, 43, 44, 48, 52, 56, 59, 60, 61, 63, 65 ], 
  [ 2, 3, 4, 11, 14, 17, 18, 19, 31, 32, 38, 40, 44, 46, 48, 49, 52, 53, 54, 58, 59, 60, 62, 63, 65 ], 
  [ 1, 4, 5, 6, 8, 9, 14, 17, 19, 22, 24, 32, 34, 37, 43, 44, 48, 51, 55, 56, 58, 60, 65, 66, 67 ], 
  [ 2, 3, 6, 8, 10, 12, 13, 14, 17, 18, 21, 25, 35, 36, 39, 46, 51, 53, 54, 55, 57, 60, 62, 63, 64 ], 
  [ 1, 4, 5, 8, 9, 17, 19, 22, 26, 32, 34, 40, 41, 43, 44, 48, 49, 52, 55, 56, 58, 59, 60, 65, 67 ], 
  [ 6, 9, 13, 14, 18, 22, 25, 27, 36, 38, 39, 42, 45, 46, 49, 50, 51, 53, 54, 55, 57, 60, 62, 63, 66 ], 
  [ 1, 5, 6, 8, 9, 10, 12, 13, 21, 24, 28, 35, 39, 41, 43, 45, 50, 51, 55, 56, 60, 61, 63, 64, 66 ], 
  [ 1, 2, 6, 7, 10, 12, 15, 16, 21, 23, 27, 29, 31, 35, 42, 45, 46, 50, 53, 54, 57, 59, 62, 63, 64 ], 
  [ 1, 2, 6, 7, 10, 12, 15, 16, 20, 21, 23, 27, 29, 31, 33, 42, 45, 46, 47, 50, 53, 54, 57, 59, 64 ], 
  [ 1, 5, 6, 7, 10, 12, 13, 15, 16, 21, 23, 24, 27, 28, 29, 35, 37, 39, 42, 43, 45, 50, 51, 64, 66 ], 
  [ 1, 2, 6, 7, 8, 10, 12, 16, 21, 23, 27, 30, 31, 35, 44, 46, 50, 53, 54, 57, 59, 60, 62, 63, 64 ], 
  [ 2, 3, 4, 7, 11, 12, 14, 16, 17, 24, 27, 30, 31, 34, 38, 44, 46, 48, 53, 57, 59, 60, 62, 63, 65 ], 
  [ 1, 2, 7, 8, 10, 12, 16, 21, 23, 28, 30, 31, 35, 41, 43, 44, 50, 52, 54, 56, 59, 60, 61, 63, 64 ], 
  [ 2, 3, 4, 6, 8, 12, 14, 17, 18, 19, 21, 34, 35, 44, 46, 48, 51, 55, 57, 58, 59, 60, 62, 63, 64, 67 ], 
  [ 2, 3, 4, 11, 12, 14, 17, 19, 24, 32, 34, 38, 44, 46, 48, 51, 53, 55, 57, 58, 59, 60, 62, 63, 65, 67 ], 
  [ 1, 5, 6, 7, 10, 12, 13, 15, 16, 21, 23, 24, 27, 29, 35, 39, 42, 45, 46, 50, 51, 53, 57, 62, 63, 64 ], 
  [ 1, 2, 7, 10, 12, 13, 15, 16, 21, 23, 25, 28, 29, 35, 36, 39, 41, 43, 45, 50, 51, 52, 54, 61, 63, 64 ], 
  [ 1, 2, 6, 7, 10, 12, 13, 15, 16, 21, 23, 25, 27, 28, 29, 35, 36, 37, 39, 42, 43, 45, 50, 51, 64, 66 ], 
  [ 1, 5, 6, 7, 8, 10, 12, 13, 16, 21, 23, 24, 27, 30, 35, 39, 44, 46, 50, 51, 53, 57, 60, 62, 63, 64 ], 
  [ 2, 3, 4, 7, 11, 14, 16, 17, 18, 25, 27, 28, 30, 31, 34, 37, 38, 40, 43, 44, 48, 52, 56, 60, 65, 66 ], 
  [ 1, 2, 6, 8, 10, 12, 19, 21, 23, 32, 35, 36, 44, 46, 50, 51, 53, 54, 55, 57, 58, 59, 60, 62, 63, 64, 67 ], 
  [ 1, 2, 3, 4, 5, 6, 8, 10, 12, 14, 17, 19, 24, 31, 32, 35, 44, 46, 48, 53, 58, 59, 60, 62, 63, 64, 65 ], 
  [ 1, 4, 5, 8, 9, 17, 19, 22, 24, 32, 34, 41, 43, 44, 48, 49, 51, 52, 55, 56, 58, 59, 60, 61, 63, 65, 67 ], 
  [ 2, 3, 4, 11, 14, 17, 18, 19, 28, 31, 32, 34, 37, 38, 40, 43, 44, 48, 52, 55, 56, 58, 59, 60, 65, 66, 67 ], 
  [ 2, 3, 4, 7, 11, 12, 15, 18, 19, 21, 28, 31, 34, 35, 37, 41, 44, 45, 48, 51, 52, 58, 59, 61, 63, 64, 67 ], 
  [ 2, 3, 4, 7, 11, 12, 13, 15, 18, 19, 20, 21, 22, 25, 28, 34, 36, 37, 39, 41, 45, 47, 51, 52, 61, 64, 67 ], 
  [ 1, 2, 6, 7, 10, 12, 13, 15, 16, 20, 21, 23, 25, 27, 29, 33, 36, 39, 42, 45, 46, 47, 50, 53, 54, 57, 64 ], 
  [ 2, 3, 6, 8, 10, 12, 14, 17, 18, 19, 21, 32, 35, 36, 44, 46, 51, 53, 54, 55, 57, 58, 59, 60, 62, 63, 64, 67 ], 
  [ 2, 11, 12, 18, 19, 23, 28, 31, 32, 36, 37, 38, 43, 44, 45, 50, 51, 52, 54, 55, 56, 58, 59, 60, 61, 63, 66, 67 ], 
  [ 2, 3, 8, 10, 12, 13, 15, 17, 18, 20, 21, 25, 26, 28, 33, 35, 36, 39, 40, 41, 47, 52, 54, 55, 56, 61, 64, 68 ], 
  [ 1, 2, 6, 7, 10, 12, 13, 15, 16, 21, 23, 25, 27, 29, 35, 36, 39, 42, 45, 46, 50, 51, 53, 54, 57, 62, 63, 64 ], 
  [ 1, 2, 6, 7, 8, 10, 12, 13, 16, 21, 23, 25, 27, 30, 35, 36, 39, 44, 46, 50, 51, 53, 54, 57, 60, 62, 63, 64 ], 
  [ 1, 2, 3, 4, 5, 7, 8, 10, 16, 17, 21, 26, 28, 30, 31, 34, 35, 40, 41, 43, 44, 48, 52, 56, 59, 60, 64, 65 ], 
  [ 1, 2, 3, 4, 5, 6, 8, 10, 12, 13, 14, 17, 21, 24, 25, 34, 35, 39, 46, 48, 51, 53, 55, 57, 60, 62, 63, 64, 65 ], 
  [ 2, 3, 7, 10, 11, 12, 15, 18, 19, 21, 23, 28, 31, 32, 35, 36, 37, 41, 44, 45, 51, 52, 54, 58, 59, 61, 63, 64, 67 ], 
  [ 1, 2, 6, 8, 9, 10, 12, 13, 18, 21, 25, 28, 35, 36, 39, 41, 43, 45, 50, 51, 52, 54, 55, 56, 60, 61, 63, 64, 66 ], 
  [ 2, 3, 4, 11, 14, 17, 18, 19, 22, 25, 28, 32, 34, 36, 37, 38, 40, 43, 44, 48, 51, 52, 55, 56, 58, 60, 65, 66, 67 ], 
  [ 2, 3, 4, 6, 7, 11, 12, 14, 15, 18, 19, 20, 21, 27, 28, 31, 34, 37, 38, 42, 45, 46, 47, 55, 57, 59, 64, 66, 67 ], 
  [ 1, 2, 3, 4, 5, 7, 10, 12, 13, 15, 16, 21, 24, 25, 28, 29, 34, 35, 39, 41, 43, 45, 48, 51, 52, 61, 63, 64, 65 ], 
  [ 1, 2, 3, 4, 5, 7, 10, 12, 13, 15, 16, 21, 24, 25, 28, 29, 34, 35, 37, 39, 41, 43, 45, 48, 51, 52, 61, 64, 65 ], 
  [ 2, 3, 4, 7, 11, 14, 16, 17, 18, 25, 27, 30, 31, 34, 38, 40, 44, 46, 48, 49, 52, 53, 54, 57, 59, 60, 62, 63, 65 ], 
  [ 9, 11, 18, 19, 22, 23, 28, 31, 32, 36, 37, 38, 41, 43, 44, 45, 49, 50, 51, 52, 54, 55, 56, 58, 59, 60, 61, 63, 66, 67 ], 
  [ 2, 3, 8, 10, 12, 15, 17, 18, 19, 20, 21, 26, 28, 32, 33, 35, 36, 40, 41, 47, 52, 54, 55, 56, 58, 59, 61, 64, 67, 68 ], 
  [ 2, 3, 4, 6, 7, 12, 13, 14, 15, 18, 21, 25, 27, 28, 34, 35, 38, 39, 42, 45, 46, 48, 51, 55, 57, 60, 62, 63, 64, 66 ], 
  [ 1, 2, 3, 4, 5, 7, 8, 10, 12, 16, 17, 21, 24, 28, 30, 31, 34, 35, 41, 43, 44, 48, 52, 56, 59, 60, 61, 63, 64, 65 ], 
  [ 1, 2, 3, 4, 5, 6, 7, 10, 12, 13, 14, 15, 16, 21, 24, 25, 27, 28, 29, 34, 35, 37, 39, 42, 43, 45, 48, 51, 64, 65, 66 ], 
  [ 1, 2, 3, 4, 5, 6, 7, 8, 10, 12, 14, 16, 17, 21, 24, 27, 30, 31, 34, 35, 44, 46, 48, 53, 57, 59, 60, 62, 63, 64, 65 ], 
  [ 1, 2, 3, 4, 5, 6, 8, 10, 12, 14, 17, 19, 21, 24, 32, 34, 35, 44, 46, 48, 51, 53, 55, 57, 58, 59, 60, 62, 63, 64, 65, 67 ], 
  [ 2, 3, 4, 11, 14, 17, 18, 19, 22, 25, 32, 34, 36, 38, 40, 44, 46, 48, 49, 51, 52, 53, 54, 55, 57, 58, 59, 60, 62, 63, 65, 67 ]
    , [ 2, 3, 4, 11, 12, 14, 17, 18, 19, 24, 28, 31, 32, 34, 37, 38, 43, 44, 45, 48, 51, 52, 55, 56, 58, 59, 60, 61, 63, 65, 66, 
      67 ], [ 2, 3, 6, 7, 10, 12, 13, 14, 15, 18, 21, 25, 27, 28, 35, 36, 38, 39, 42, 45, 46, 50, 51, 53, 54, 55, 57, 60, 62, 
      63, 64, 66 ], [ 1, 5, 6, 7, 8, 9, 10, 12, 13, 16, 21, 23, 24, 27, 28, 30, 31, 35, 37, 39, 41, 43, 44, 45, 50, 51, 56, 60, 
      61, 63, 64, 66 ], [ 1, 2, 3, 4, 5, 6, 8, 9, 10, 14, 17, 18, 19, 26, 31, 32, 35, 40, 41, 44, 46, 48, 49, 52, 53, 54, 58, 
      59, 60, 62, 63, 64, 65 ], [ 2, 3, 4, 6, 7, 11, 12, 13, 14, 15, 18, 19, 20, 21, 22, 25, 27, 28, 34, 36, 37, 38, 39, 42, 45, 
      46, 47, 51, 55, 57, 64, 66, 67 ], [ 1, 2, 3, 4, 5, 7, 10, 11, 12, 15, 16, 19, 20, 21, 23, 24, 28, 29, 31, 32, 33, 34, 37, 
      41, 43, 45, 47, 52, 59, 61, 64, 65, 67 ], [ 1, 2, 3, 4, 5, 6, 7, 8, 10, 12, 13, 14, 16, 17, 21, 24, 25, 27, 30, 34, 35, 
      39, 44, 46, 48, 51, 53, 57, 60, 62, 63, 64, 65 ], [ 2, 3, 4, 7, 11, 12, 13, 15, 18, 19, 20, 21, 22, 25, 28, 34, 36, 38, 
      39, 41, 45, 46, 47, 49, 51, 52, 54, 55, 57, 59, 61, 63, 64, 67 ], 
  [ 1, 2, 6, 8, 9, 10, 12, 18, 19, 21, 23, 28, 31, 32, 35, 36, 37, 41, 43, 44, 45, 50, 51, 52, 54, 55, 56, 58, 59, 60, 61, 63, 
      64, 66, 67 ], [ 1, 2, 3, 4, 5, 6, 8, 9, 10, 12, 13, 14, 17, 18, 21, 24, 25, 28, 34, 35, 39, 41, 43, 45, 48, 51, 52, 55, 
      56, 60, 61, 63, 64, 65, 66 ], [ 2, 3, 4, 6, 7, 11, 12, 14, 15, 18, 19, 21, 27, 28, 31, 34, 35, 37, 38, 42, 44, 45, 46, 48, 
      51, 55, 57, 58, 59, 60, 62, 63, 64, 66, 67 ], [ 1, 2, 3, 4, 5, 7, 10, 11, 12, 15, 16, 19, 20, 23, 24, 28, 29, 31, 32, 33, 
      38, 41, 43, 45, 46, 49, 50, 52, 53, 54, 59, 61, 63, 64, 65 ], 
  [ 1, 2, 3, 4, 5, 6, 8, 9, 10, 14, 17, 18, 19, 21, 26, 28, 31, 32, 34, 35, 37, 40, 41, 43, 44, 48, 52, 55, 56, 58, 59, 60, 64, 
      65, 66, 67 ], [ 1, 2, 3, 4, 5, 7, 10, 11, 12, 15, 16, 19, 21, 23, 24, 28, 29, 31, 32, 34, 35, 37, 41, 43, 44, 45, 48, 51, 
      52, 58, 59, 61, 63, 64, 65, 67 ], [ 1, 2, 6, 7, 8, 9, 10, 12, 13, 16, 18, 21, 23, 25, 27, 28, 30, 31, 35, 36, 37, 39, 41, 
      43, 44, 45, 50, 51, 52, 54, 56, 60, 61, 63, 64, 66 ], [ 1, 2, 3, 4, 5, 6, 7, 8, 9, 10, 13, 14, 16, 17, 18, 21, 25, 26, 27, 
      28, 30, 31, 34, 35, 37, 40, 41, 43, 44, 48, 52, 56, 60, 64, 65, 66 ], 
  [ 1, 2, 3, 4, 5, 7, 10, 11, 12, 13, 15, 16, 19, 20, 21, 22, 23, 24, 25, 28, 29, 32, 33, 34, 36, 37, 39, 41, 43, 45, 47, 51, 
      52, 61, 64, 65, 67 ], [ 1, 2, 3, 4, 5, 6, 8, 9, 10, 13, 14, 17, 18, 19, 21, 22, 25, 26, 28, 32, 34, 35, 36, 37, 40, 41, 
      43, 44, 48, 51, 52, 55, 56, 58, 60, 64, 65, 66, 67 ], [ 2, 3, 6, 7, 10, 11, 12, 14, 15, 18, 19, 21, 23, 27, 28, 31, 32, 
      35, 36, 37, 38, 42, 44, 45, 46, 50, 51, 53, 54, 55, 57, 58, 59, 60, 62, 63, 64, 66, 67 ], 
  [ 1, 2, 3, 4, 5, 6, 7, 10, 12, 13, 14, 15, 16, 21, 24, 25, 27, 28, 29, 34, 35, 38, 39, 42, 43, 45, 46, 48, 50, 51, 53, 55, 57, 
      60, 62, 63, 64, 65, 66 ], [ 1, 2, 3, 4, 5, 6, 7, 8, 9, 10, 13, 14, 16, 17, 18, 21, 25, 26, 27, 30, 31, 34, 35, 40, 41, 44, 
      46, 48, 49, 52, 53, 54, 57, 59, 60, 62, 63, 64, 65 ], [ 1, 2, 3, 4, 5, 6, 8, 9, 10, 12, 14, 17, 18, 19, 21, 24, 28, 31, 
      32, 34, 35, 37, 41, 43, 44, 45, 48, 51, 52, 55, 56, 58, 59, 60, 61, 63, 64, 65, 66, 67 ], 
  [ 1, 2, 3, 4, 5, 6, 7, 10, 11, 12, 14, 15, 16, 19, 20, 21, 23, 24, 27, 28, 29, 31, 32, 33, 34, 37, 38, 42, 43, 45, 46, 47, 50, 
      53, 55, 57, 59, 64, 65, 66, 67 ], [ 1, 2, 3, 4, 5, 6, 7, 8, 9, 10, 12, 13, 14, 16, 17, 18, 21, 24, 25, 27, 28, 30, 31, 34, 
      35, 37, 39, 41, 43, 44, 45, 48, 51, 52, 56, 60, 61, 63, 64, 65, 66 ], 
  [ 1, 2, 3, 4, 5, 6, 8, 9, 10, 13, 14, 17, 18, 19, 21, 22, 25, 26, 32, 34, 35, 36, 40, 41, 44, 46, 48, 49, 51, 52, 53, 54, 55, 
      57, 58, 59, 60, 62, 63, 64, 65, 67 ], [ 1, 2, 3, 4, 5, 7, 8, 10, 11, 12, 15, 16, 17, 19, 20, 21, 23, 24, 26, 28, 29, 30, 
      31, 32, 33, 34, 35, 37, 40, 41, 43, 44, 47, 48, 52, 56, 58, 59, 61, 64, 65, 67, 68 ], 
  [ 1, 2, 3, 4, 5, 6, 8, 9, 10, 12, 14, 15, 17, 18, 19, 20, 21, 24, 26, 28, 29, 31, 32, 33, 34, 35, 37, 40, 41, 42, 43, 45, 47, 
      48, 52, 55, 56, 58, 59, 61, 64, 65, 66, 67, 68 ], [ 1, 2, 3, 4, 5, 6, 7, 10, 11, 12, 13, 14, 15, 16, 19, 20, 21, 22, 23, 
      24, 25, 27, 28, 29, 32, 33, 34, 36, 37, 38, 39, 42, 43, 45, 46, 47, 50, 51, 53, 55, 57, 64, 65, 66, 67 ], 
  [ 1, 2, 3, 4, 5, 7, 10, 11, 12, 13, 15, 16, 19, 20, 21, 22, 23, 24, 25, 28, 29, 32, 33, 34, 36, 38, 39, 41, 43, 45, 46, 47, 
      49, 50, 51, 52, 53, 54, 55, 57, 59, 61, 63, 64, 65, 67 ], 
  [ 1, 2, 3, 4, 5, 6, 7, 10, 11, 12, 14, 15, 16, 19, 21, 23, 24, 27, 28, 29, 31, 32, 34, 35, 37, 38, 42, 43, 44, 45, 46, 48, 50, 
      51, 53, 55, 57, 58, 59, 60, 62, 63, 64, 65, 66, 67 ], [ 1, 2, 3, 4, 5, 6, 7, 8, 9, 10, 12, 13, 14, 15, 16, 17, 18, 20, 21, 
      24, 25, 26, 27, 28, 29, 30, 31, 33, 34, 35, 37, 39, 40, 41, 42, 43, 45, 47, 48, 52, 56, 61, 64, 65, 66, 68 ], 
  [ 1, 2, 3, 4, 5, 7, 8, 10, 11, 12, 15, 16, 17, 19, 20, 23, 24, 26, 28, 29, 30, 31, 32, 33, 35, 38, 40, 41, 43, 44, 46, 48, 49, 
      50, 52, 53, 54, 56, 58, 59, 60, 61, 62, 63, 64, 65, 68 ], 
  [ 1, 2, 3, 4, 5, 7, 8, 10, 11, 12, 13, 15, 16, 17, 19, 20, 21, 22, 23, 24, 25, 26, 28, 29, 30, 32, 33, 34, 35, 36, 37, 39, 40, 
      41, 43, 44, 47, 48, 51, 52, 56, 58, 61, 64, 65, 67, 68 ], 
  [ 1, 2, 3, 4, 5, 6, 8, 9, 10, 12, 14, 15, 17, 18, 19, 20, 24, 26, 28, 29, 31, 32, 33, 35, 38, 40, 41, 42, 43, 45, 46, 48, 49, 
      50, 52, 53, 54, 55, 56, 58, 59, 60, 61, 62, 63, 64, 65, 66, 68 ], 
  [ 1, 2, 3, 4, 5, 6, 8, 9, 10, 12, 13, 14, 15, 17, 18, 19, 20, 21, 22, 24, 25, 26, 28, 29, 32, 33, 34, 35, 36, 37, 39, 40, 41, 
      42, 43, 45, 47, 48, 51, 52, 55, 56, 58, 61, 64, 65, 66, 67, 68 ], 
  [ 1, 2, 3, 4, 5, 6, 7, 9, 10, 11, 13, 14, 15, 16, 18, 19, 20, 21, 22, 23, 25, 26, 27, 28, 29, 31, 32, 33, 34, 36, 37, 38, 40, 
      41, 42, 43, 45, 46, 47, 49, 50, 52, 53, 54, 55, 57, 59, 64, 65, 66, 67 ], 
  [ 1, 2, 3, 4, 5, 6, 8, 9, 10, 12, 13, 14, 15, 17, 18, 19, 20, 21, 22, 24, 25, 26, 29, 32, 33, 34, 35, 36, 39, 40, 41, 42, 45, 
      46, 47, 48, 49, 51, 52, 53, 54, 55, 57, 58, 59, 61, 62, 63, 64, 65, 67, 68 ], 
  [ 1, 2, 3, 4, 5, 6, 8, 9, 10, 12, 13, 14, 15, 17, 18, 19, 20, 22, 24, 25, 26, 28, 29, 32, 33, 35, 36, 38, 39, 40, 41, 42, 43, 
      45, 46, 48, 49, 50, 51, 52, 53, 54, 55, 56, 58, 60, 61, 62, 63, 64, 65, 66, 68 ], 
  [ 1, 2, 3, 4, 5, 6, 7, 8, 9, 10, 11, 13, 14, 16, 17, 18, 19, 20, 21, 22, 23, 25, 26, 27, 28, 30, 31, 32, 33, 34, 36, 37, 38, 
      40, 41, 43, 44, 46, 47, 49, 50, 52, 53, 54, 55, 56, 57, 59, 60, 64, 65, 66, 67 ], 
  [ 1, 2, 3, 4, 5, 6, 7, 8, 10, 11, 12, 14, 15, 16, 17, 19, 20, 21, 23, 24, 26, 27, 28, 29, 30, 31, 32, 33, 34, 35, 37, 38, 40, 
      42, 43, 44, 46, 47, 48, 50, 53, 55, 56, 57, 58, 59, 60, 62, 64, 65, 66, 67, 68 ], 
  [ 1, 2, 3, 4, 5, 6, 7, 9, 10, 11, 13, 14, 15, 16, 18, 19, 21, 22, 23, 25, 26, 27, 28, 29, 31, 32, 34, 35, 36, 37, 38, 40, 41, 
      42, 43, 44, 45, 46, 48, 49, 50, 51, 52, 53, 54, 55, 57, 58, 59, 60, 62, 63, 64, 65, 66, 67 ], 
  [ 1, 2, 3, 4, 5, 6, 7, 8, 9, 10, 12, 13, 14, 15, 16, 17, 18, 20, 21, 24, 25, 26, 27, 28, 29, 30, 31, 33, 34, 35, 38, 39, 40, 
      41, 42, 43, 45, 46, 47, 48, 49, 50, 52, 53, 54, 55, 56, 57, 59, 60, 61, 62, 63, 64, 65, 66, 68 ], 
  [ 1, 2, 3, 4, 5, 6, 7, 8, 10, 11, 12, 13, 14, 15, 16, 17, 19, 20, 21, 22, 23, 24, 25, 26, 27, 28, 29, 30, 32, 33, 34, 35, 36, 
      37, 38, 39, 40, 42, 43, 44, 46, 47, 48, 50, 51, 53, 55, 56, 57, 58, 60, 62, 64, 65, 66, 67, 68 ], 
  [ 1, 2, 3, 4, 5, 6, 7, 8, 9, 10, 11, 12, 13, 14, 16, 17, 18, 19, 20, 21, 22, 23, 24, 25, 27, 28, 30, 31, 32, 33, 34, 36, 37, 
      38, 39, 41, 43, 44, 45, 46, 47, 49, 50, 51, 52, 53, 54, 55, 56, 57, 59, 60, 61, 63, 64, 65, 66, 67 ], 
  [ 1, 2, 3, 4, 5, 7, 8, 10, 11, 12, 13, 15, 16, 17, 19, 20, 21, 22, 23, 24, 25, 26, 28, 29, 30, 32, 33, 34, 35, 36, 38, 39, 40, 
      41, 43, 44, 46, 47, 48, 49, 50, 51, 52, 53, 54, 55, 56, 57, 58, 59, 60, 61, 62, 63, 64, 65, 67, 68 ], 
  [ 1, 2, 3, 4, 5, 6, 7, 8, 9, 10, 11, 12, 13, 14, 15, 16, 17, 18, 19, 20, 21, 22, 23, 24, 25, 26, 27, 29, 30, 31, 32, 33, 34, 
      35, 36, 37, 39, 40, 41, 42, 44, 45, 46, 47, 48, 49, 51, 52, 53, 54, 57, 58, 59, 61, 62, 63, 64, 65, 67, 68 ], 
  [ 1, 2, 3, 4, 5, 6, 7, 8, 9, 10, 11, 12, 13, 14, 15, 16, 17, 18, 19, 20, 22, 23, 24, 25, 26, 27, 28, 29, 30, 31, 32, 33, 35, 
      36, 37, 38, 39, 40, 41, 42, 43, 44, 45, 46, 48, 49, 50, 51, 52, 53, 54, 56, 58, 60, 61, 62, 63, 64, 65, 66, 68 ] ];
