return [ [ 1, 11, 19, 31, 32, 33, 39, 40, 41, 43, 44, 46, 49, 50, 54, 57, 63 ], 
  [ 1, 4, 17, 19, 23, 31, 32, 33, 39, 40, 41, 43, 44, 45, 49, 50, 63 ], 
  [ 1, 4, 19, 31, 32, 33, 39, 40, 41, 43, 44, 45, 49, 50, 53, 54, 57, 63 ], 
  [ 5, 11, 15, 20, 26, 33, 34, 39, 40, 41, 43, 44, 46, 49, 50, 54, 57, 63 ], 
  [ 1, 4, 6, 7, 13, 14, 17, 19, 31, 33, 35, 43, 45, 47, 48, 51, 55, 56, 58 ], 
  [ 5, 9, 11, 18, 21, 37, 39, 42, 44, 46, 47, 48, 50, 51, 52, 54, 55, 57, 58 ], 
  [ 1, 11, 13, 18, 19, 31, 37, 39, 43, 44, 46, 47, 48, 50, 51, 52, 54, 55, 57, 58 ], 
  [ 3, 6, 7, 13, 14, 17, 24, 31, 33, 34, 35, 42, 43, 45, 47, 48, 51, 55, 56, 58 ], 
  [ 4, 8, 13, 14, 17, 18, 19, 23, 25, 31, 35, 39, 43, 45, 47, 50, 51, 55, 56, 58 ], 
  [ 7, 10, 16, 17, 24, 29, 31, 32, 33, 34, 40, 41, 42, 45, 48, 49, 52, 56, 62, 63 ], 
  [ 5, 11, 13, 18, 31, 34, 37, 39, 42, 43, 44, 46, 47, 48, 50, 51, 52, 54, 55, 57, 58 ], 
  [ 1, 4, 13, 19, 20, 31, 32, 33, 39, 43, 44, 45, 47, 48, 52, 53, 54, 55, 56, 59, 63 ], 
  [ 5, 9, 10, 11, 16, 21, 24, 32, 33, 39, 40, 41, 42, 44, 46, 48, 49, 52, 54, 62, 63 ], 
  [ 5, 11, 13, 15, 18, 20, 26, 34, 37, 39, 43, 44, 46, 48, 50, 51, 52, 54, 55, 57, 58 ], 
  [ 1, 4, 9, 15, 17, 19, 20, 23, 26, 32, 33, 39, 40, 41, 43, 44, 45, 49, 50, 59, 63 ], 
  [ 1, 11, 19, 31, 32, 33, 39, 40, 43, 44, 46, 47, 48, 49, 50, 51, 52, 54, 55, 57, 58, 63 ], 
  [ 1, 6, 11, 13, 18, 19, 31, 33, 35, 37, 39, 43, 44, 46, 47, 48, 50, 51, 54, 55, 57, 58 ], 
  [ 5, 11, 15, 20, 26, 33, 34, 39, 40, 43, 44, 46, 48, 49, 50, 51, 52, 54, 55, 57, 58, 63 ], 
  [ 1, 5, 9, 10, 11, 13, 15, 16, 18, 19, 20, 21, 26, 37, 39, 44, 46, 48, 52, 54, 59, 62 ], 
  [ 2, 3, 8, 13, 14, 15, 17, 18, 20, 23, 25, 26, 34, 35, 39, 43, 45, 50, 51, 55, 56, 58 ], 
  [ 10, 16, 24, 29, 31, 32, 33, 34, 39, 40, 41, 42, 44, 45, 48, 49, 52, 53, 54, 56, 62, 63 ], 
  [ 9, 10, 16, 21, 24, 29, 32, 33, 39, 40, 41, 42, 44, 45, 48, 49, 52, 53, 54, 56, 62, 63 ], 
  [ 1, 4, 17, 19, 23, 31, 32, 33, 39, 40, 43, 44, 45, 47, 48, 49, 50, 51, 52, 55, 56, 58, 63 ], 
  [ 1, 4, 6, 13, 14, 17, 18, 19, 23, 31, 33, 35, 39, 43, 44, 45, 47, 48, 50, 51, 55, 56, 58 ], 
  [ 1, 3, 4, 6, 7, 13, 14, 15, 17, 19, 20, 26, 33, 35, 43, 45, 47, 48, 51, 55, 56, 58, 59 ], 
  [ 1, 4, 9, 15, 19, 20, 21, 26, 32, 33, 39, 40, 41, 43, 44, 45, 49, 50, 53, 54, 57, 59, 63 ], 
  [ 1, 5, 9, 11, 15, 19, 20, 21, 26, 32, 33, 39, 40, 41, 43, 44, 46, 49, 50, 54, 57, 59, 63 ], 
  [ 1, 4, 9, 13, 15, 17, 18, 19, 20, 23, 26, 39, 43, 44, 47, 48, 50, 51, 52, 55, 56, 58, 59 ], 
  [ 1, 4, 19, 31, 32, 33, 39, 40, 43, 44, 45, 47, 48, 49, 50, 51, 52, 53, 54, 55, 56, 57, 58, 63 ], 
  [ 1, 4, 7, 13, 15, 19, 20, 31, 32, 33, 39, 40, 43, 45, 47, 48, 51, 52, 53, 54, 55, 56, 59, 63 ], 
  [ 1, 4, 13, 19, 20, 21, 22, 31, 32, 33, 37, 38, 39, 43, 44, 47, 48, 52, 53, 54, 55, 57, 59, 63 ], 
  [ 3, 6, 9, 14, 18, 21, 24, 33, 35, 37, 39, 42, 44, 45, 47, 48, 50, 51, 53, 54, 55, 56, 57, 58 ], 
  [ 3, 5, 6, 11, 13, 15, 18, 20, 26, 33, 34, 35, 37, 39, 43, 44, 46, 48, 50, 51, 54, 55, 57, 58 ], 
  [ 1, 4, 6, 13, 14, 18, 19, 31, 33, 35, 37, 39, 43, 44, 45, 47, 48, 50, 51, 53, 54, 55, 56, 57, 58 ], 
  [ 13, 18, 19, 25, 31, 34, 35, 37, 39, 42, 43, 44, 46, 47, 48, 50, 51, 52, 53, 54, 55, 56, 57, 58, 62 ], 
  [ 1, 5, 9, 10, 11, 15, 16, 19, 20, 21, 26, 32, 33, 39, 40, 41, 44, 46, 48, 49, 52, 54, 59, 62, 63 ], 
  [ 1, 3, 5, 6, 9, 11, 13, 15, 18, 19, 20, 21, 26, 33, 35, 37, 39, 41, 43, 44, 46, 50, 54, 57, 59 ], 
  [ 3, 6, 13, 14, 18, 24, 31, 33, 34, 35, 37, 39, 42, 43, 44, 45, 47, 48, 50, 51, 53, 54, 55, 56, 57, 58 ], 
  [ 1, 4, 9, 13, 15, 18, 19, 20, 21, 26, 37, 39, 43, 44, 47, 48, 50, 51, 52, 53, 54, 55, 56, 57, 58, 59 ], 
  [ 1, 5, 9, 11, 13, 15, 18, 19, 20, 21, 26, 37, 39, 43, 44, 46, 47, 48, 50, 51, 52, 54, 55, 57, 58, 59 ], 
  [ 1, 3, 5, 6, 9, 10, 11, 13, 15, 16, 18, 19, 20, 21, 26, 33, 35, 37, 39, 41, 44, 46, 48, 54, 59, 62 ], 
  [ 2, 3, 4, 8, 9, 13, 14, 15, 17, 18, 19, 20, 23, 25, 26, 35, 39, 43, 45, 47, 50, 51, 55, 56, 58, 59 ], 
  [ 1, 4, 9, 10, 15, 16, 17, 19, 20, 23, 26, 29, 32, 33, 39, 40, 41, 44, 45, 48, 49, 52, 56, 59, 62, 63 ], 
  [ 1, 4, 7, 13, 15, 17, 19, 20, 26, 31, 32, 33, 39, 40, 43, 45, 47, 48, 49, 51, 52, 54, 55, 56, 58, 59, 63 ], 
  [ 1, 4, 9, 15, 17, 19, 20, 23, 26, 32, 33, 39, 40, 43, 44, 45, 47, 48, 49, 50, 51, 52, 55, 56, 58, 59, 63 ], 
  [ 2, 3, 5, 9, 10, 13, 15, 18, 19, 20, 21, 25, 26, 34, 35, 37, 39, 41, 43, 44, 46, 50, 53, 54, 57, 59, 62 ], 
  [ 1, 4, 9, 10, 15, 16, 19, 20, 21, 26, 29, 32, 33, 39, 40, 41, 44, 45, 48, 49, 52, 53, 54, 56, 59, 62, 63 ], 
  [ 1, 5, 9, 11, 15, 19, 20, 21, 26, 32, 33, 39, 40, 43, 44, 46, 47, 48, 49, 50, 51, 52, 54, 55, 57, 58, 59, 63 ], 
  [ 1, 3, 4, 6, 9, 13, 14, 15, 17, 18, 19, 20, 23, 26, 33, 35, 39, 43, 44, 45, 47, 48, 50, 51, 55, 56, 58, 59 ], 
  [ 1, 4, 9, 15, 19, 20, 21, 26, 32, 33, 39, 40, 43, 44, 45, 47, 48, 49, 50, 51, 52, 53, 54, 55, 56, 57, 58, 59, 63 ], 
  [ 1, 3, 5, 6, 9, 11, 13, 15, 18, 19, 20, 21, 26, 33, 35, 37, 39, 43, 44, 46, 47, 48, 50, 51, 54, 55, 57, 58, 59 ], 
  [ 5, 9, 11, 12, 18, 21, 22, 23, 24, 27, 31, 32, 36, 37, 38, 39, 42, 44, 46, 47, 49, 50, 52, 54, 55, 57, 58, 61, 63 ], 
  [ 1, 2, 4, 7, 8, 9, 12, 15, 19, 20, 21, 25, 26, 27, 28, 32, 36, 40, 41, 43, 45, 49, 50, 53, 54, 57, 59, 60, 63 ], 
  [ 19, 24, 25, 31, 32, 33, 34, 35, 39, 40, 41, 42, 43, 44, 45, 46, 47, 48, 49, 50, 51, 52, 53, 54, 55, 56, 57, 58, 62, 63 ], 
  [ 1, 3, 4, 6, 9, 13, 14, 15, 18, 19, 20, 21, 26, 33, 35, 37, 39, 43, 44, 45, 47, 48, 50, 51, 53, 54, 55, 56, 57, 58, 59 ], 
  [ 1, 4, 5, 11, 13, 17, 19, 20, 21, 22, 26, 31, 32, 33, 37, 38, 39, 43, 44, 46, 47, 48, 49, 52, 54, 55, 57, 58, 59, 61, 63 ], 
  [ 1, 4, 7, 10, 13, 15, 16, 17, 19, 20, 26, 29, 31, 32, 33, 34, 39, 40, 41, 43, 44, 45, 48, 49, 52, 53, 54, 56, 59, 62, 63 ], 
  [ 1, 2, 3, 4, 6, 7, 8, 9, 12, 13, 14, 15, 17, 18, 19, 20, 23, 25, 26, 27, 35, 36, 43, 45, 47, 50, 51, 55, 56, 58, 59, 60 ], 
  [ 1, 2, 4, 7, 8, 9, 12, 13, 15, 18, 19, 20, 21, 25, 26, 27, 28, 36, 37, 43, 47, 50, 51, 52, 53, 54, 55, 56, 57, 58, 59, 60 ], 
  [ 1, 2, 4, 7, 8, 9, 10, 12, 15, 16, 19, 20, 21, 25, 26, 27, 28, 29, 32, 36, 40, 41, 45, 49, 52, 53, 54, 56, 59, 60, 62, 63 ], 
  [ 2, 3, 5, 9, 10, 13, 15, 18, 19, 20, 21, 25, 26, 34, 35, 37, 39, 42, 43, 44, 46, 47, 48, 50, 51, 52, 53, 54, 55, 56, 57, 58, 
      59, 62 ], [ 1, 2, 4, 7, 8, 9, 12, 15, 19, 20, 21, 25, 26, 27, 28, 32, 36, 40, 43, 45, 47, 49, 50, 51, 52, 53, 54, 55, 56, 
      57, 58, 59, 60, 63 ], [ 1, 4, 5, 9, 11, 12, 13, 17, 18, 19, 20, 21, 22, 23, 26, 27, 31, 32, 36, 37, 38, 39, 43, 44, 46, 
      47, 49, 50, 52, 54, 55, 57, 58, 59, 61, 63 ], [ 1, 2, 4, 7, 8, 9, 12, 13, 15, 17, 18, 19, 20, 23, 25, 26, 27, 31, 32, 36, 
      39, 40, 43, 45, 47, 49, 50, 51, 52, 54, 55, 56, 58, 59, 60, 63 ], 
  [ 1, 2, 3, 4, 6, 7, 8, 9, 12, 13, 14, 15, 18, 19, 20, 21, 25, 26, 27, 28, 35, 36, 37, 43, 45, 47, 50, 51, 53, 54, 55, 56, 57, 
      58, 59, 60 ], [ 2, 3, 5, 9, 10, 15, 19, 20, 21, 24, 25, 26, 32, 33, 34, 35, 39, 40, 41, 42, 43, 44, 45, 46, 47, 48, 49, 
      50, 51, 52, 53, 54, 55, 56, 57, 58, 59, 62, 63 ], [ 1, 2, 4, 7, 8, 9, 10, 12, 13, 15, 16, 17, 18, 19, 20, 23, 25, 26, 27, 
      29, 31, 32, 34, 36, 39, 40, 41, 43, 44, 45, 49, 50, 52, 53, 54, 56, 59, 60, 62, 63 ], 
  [ 1, 2, 3, 6, 7, 9, 10, 12, 13, 15, 16, 18, 19, 20, 24, 25, 27, 31, 32, 33, 34, 35, 39, 40, 41, 42, 43, 44, 45, 47, 48, 50, 
      51, 52, 53, 54, 55, 56, 59, 60, 62, 63 ], [ 1, 3, 4, 5, 6, 9, 11, 12, 13, 14, 17, 18, 19, 20, 21, 22, 23, 24, 26, 27, 31, 
      32, 33, 35, 36, 37, 38, 39, 41, 43, 44, 45, 46, 47, 49, 50, 54, 55, 57, 58, 59, 61, 63 ], 
  [ 1, 2, 4, 5, 7, 8, 9, 11, 12, 13, 15, 17, 18, 19, 20, 21, 22, 23, 25, 26, 27, 28, 30, 31, 32, 36, 37, 38, 39, 40, 43, 46, 47, 
      49, 50, 51, 52, 54, 55, 57, 58, 59, 60, 61, 63 ], [ 2, 3, 4, 5, 7, 8, 10, 12, 13, 14, 17, 19, 20, 21, 22, 24, 25, 26, 27, 
      28, 29, 31, 32, 34, 35, 36, 37, 38, 41, 42, 43, 45, 46, 47, 49, 52, 53, 54, 55, 56, 57, 58, 59, 61, 62, 63 ], 
  [ 1, 2, 3, 5, 6, 7, 9, 10, 11, 12, 15, 16, 19, 20, 21, 24, 25, 26, 27, 28, 32, 33, 34, 35, 36, 40, 41, 42, 43, 44, 45, 46, 47, 
      48, 49, 50, 51, 52, 53, 54, 55, 56, 57, 58, 59, 60, 62, 63 ], 
  [ 1, 2, 4, 5, 7, 8, 9, 10, 11, 12, 13, 15, 16, 17, 18, 19, 20, 21, 22, 23, 25, 26, 27, 28, 29, 30, 31, 32, 34, 36, 37, 38, 39, 
      40, 41, 43, 44, 46, 49, 50, 52, 53, 54, 57, 59, 60, 61, 62, 63 ], 
  [ 1, 2, 3, 5, 6, 7, 9, 10, 11, 12, 13, 15, 16, 17, 18, 19, 20, 23, 24, 25, 26, 27, 31, 32, 33, 34, 35, 36, 39, 40, 41, 42, 43, 
      44, 45, 46, 47, 48, 49, 50, 51, 52, 54, 55, 56, 58, 59, 60, 62, 63 ], 
  [ 2, 3, 4, 5, 8, 9, 10, 12, 13, 14, 17, 18, 19, 20, 21, 22, 23, 24, 25, 26, 27, 29, 31, 32, 34, 35, 36, 37, 38, 39, 41, 42, 
      43, 44, 45, 46, 47, 49, 50, 52, 53, 54, 55, 56, 57, 58, 59, 61, 62, 63 ], 
  [ 1, 2, 4, 5, 7, 8, 9, 10, 11, 12, 13, 15, 16, 17, 18, 19, 21, 22, 23, 25, 26, 28, 29, 30, 31, 32, 34, 36, 37, 39, 40, 42, 43, 
      44, 46, 47, 48, 49, 50, 51, 52, 53, 54, 56, 57, 58, 59, 60, 61, 62 ], 
  [ 1, 2, 3, 4, 5, 6, 7, 8, 9, 11, 12, 13, 14, 15, 17, 18, 19, 20, 21, 22, 23, 24, 25, 26, 27, 28, 30, 31, 32, 33, 35, 36, 37, 
      38, 39, 40, 41, 43, 45, 46, 47, 49, 50, 51, 54, 55, 57, 58, 59, 60, 61, 63 ], 
  [ 1, 2, 3, 4, 5, 6, 7, 8, 9, 10, 11, 12, 13, 14, 15, 16, 17, 18, 19, 21, 22, 23, 24, 25, 26, 28, 29, 30, 31, 32, 33, 34, 35, 
      36, 37, 39, 40, 41, 42, 43, 44, 45, 46, 47, 48, 49, 50, 51, 53, 54, 56, 57, 58, 59, 60, 61, 62 ], 
  [ 1, 2, 3, 4, 5, 6, 7, 8, 9, 10, 11, 12, 14, 15, 16, 17, 19, 20, 21, 22, 23, 24, 25, 26, 27, 28, 29, 30, 32, 33, 34, 35, 36, 
      38, 40, 41, 42, 43, 44, 45, 46, 47, 48, 49, 50, 51, 52, 53, 55, 56, 57, 58, 59, 60, 61, 62, 63 ] ];
