return rec(
  EXT := [ [ 2, -1, 1, 0, 0, 0, 0, 0, 0, 0, 0, -1, -1, 0, 0, 0, 0, 0, 0, 0, 0 ], 
      [ 2, 0, 0, 0, 0, 0, -1, 1, 0, 0, 0, -1, -1, 0, 0, 0, 0, 0, 0, 0, 0 ], 
      [ 2, 1, -1, 0, 0, 0, 0, 0, 0, 0, 0, -1, -1, 0, 0, 0, 0, 0, 0, 0, 0 ], 
      [ 2, 0, 0, 0, 0, 0, 0, 0, 0, 0, 0, -1, -1, 0, 0, 0, -1, 1, 0, 0, 0 ], 
      [ 2, 0, 0, 0, 0, 0, 1, -1, 0, 0, 0, -1, -1, 0, 0, 0, 0, 0, 0, 0, 0 ], 
      [ 2, -1, 0, 0, 0, -1, 0, 0, 0, 0, 0, -1, 0, 0, 0, 1, 0, 0, 0, 0, 0 ], 
      [ 2, 1, 0, -1, 0, 0, 0, 0, 0, 0, 0, -1, 0, -1, 0, 0, 0, 0, 0, 0, 0 ], 
      [ 2, -1, 0, 0, 1, 0, 0, 0, 0, 0, 0, -1, 0, 0, -1, 0, 0, 0, 0, 0, 0 ], 
      [ 2, -1, 0, 0, 0, -1, 1, 0, 0, 0, -1, 0, 0, 0, 0, 0, 0, 0, 0, 0, 0 ], 
      [ 2, 0, 0, 0, 0, 0, 0, 0, 0, 0, 0, -1, -1, 0, 0, 0, 1, -1, 0, 0, 0 ], 
      [ 2, 1, 0, -1, 0, 0, 0, 0, 0, 0, 0, 0, 0, 0, 0, 0, -1, 0, -1, 0, 0 ], 
      [ 2, 0, 0, 0, 0, 0, -1, 0, 0, 1, 0, -1, 0, 0, -1, 0, 0, 0, 0, 0, 0 ], 
      [ 2, 0, 0, 0, 0, 0, 1, 0, -1, 0, 0, -1, 0, -1, 0, 0, 0, 0, 0, 0, 0 ], 
      [ 2, 0, -1, 0, 0, -1, 0, 0, 0, 0, 0, 0, -1, 0, 0, 1, 0, 0, 0, 0, 0 ], 
      [ 2, 1, 0, 0, -1, 0, 0, 0, 0, 0, 0, -1, 0, 0, -1, 0, 0, 0, 0, 0, 0 ], 
      [ 2, 0, 1, -1, 0, 0, 0, 0, 0, 0, 0, 0, -1, -1, 0, 0, 0, 0, 0, 0, 0 ], 
      [ 2, 0, -1, 0, 1, 0, 0, 0, 0, 0, 0, 0, -1, 0, -1, 0, 0, 0, 0, 0, 0 ], 
      [ 2, 0, -1, 0, 0, -1, 0, 1, 0, 0, -1, 0, 0, 0, 0, 0, 0, 0, 0, 0, 0 ], 
      [ 2, 0, 0, 0, 0, 0, 0, 0, 0, 0, 0, -1, 0, 1, 0, 0, -1, 0, -1, 0, 0 ], 
      [ 2, 0, 0, 0, 0, 0, 0, 0, 0, 0, 0, -1, 0, 0, -1, 0, -1, 0, 0, 1, 0 ], 
      [ 2, 0, 0, 0, 0, 0, 0, 0, 0, 0, 0, -1, 0, -1, 0, 0, 1, 0, -1, 0, 0 ], 
      [ 2, 0, 0, 0, 0, 0, 1, 0, -1, 0, 0, 0, 0, 0, 0, 0, -1, 0, -1, 0, 0 ], 
      [ 2, 0, 1, -1, 0, 0, 0, 0, 0, 0, 0, 0, 0, 0, 0, 0, 0, -1, -1, 0, 0 ], 
      [ 2, 0, 0, 0, 0, 0, 0, -1, 0, 1, 0, 0, -1, 0, -1, 0, 0, 0, 0, 0, 0 ], 
      [ 2, 0, 0, 0, 0, 0, 0, 1, -1, 0, 0, 0, -1, -1, 0, 0, 0, 0, 0, 0, 0 ], 
      [ 2, 0, 0, 0, 0, 0, 1, 0, 0, -1, 0, -1, 0, 0, -1, 0, 0, 0, 0, 0, 0 ], 
      [ 2, 0, 0, -1, 0, -1, 0, 0, 0, 0, 0, 0, 0, -1, 0, 1, 0, 0, 0, 0, 0 ], 
      [ 2, 1, 0, 0, 0, -1, 0, 0, 0, 0, 0, -1, 0, 0, 0, -1, 0, 0, 0, 0, 0 ], 
      [ 2, 0, 1, 0, -1, 0, 0, 0, 0, 0, 0, 0, -1, 0, -1, 0, 0, 0, 0, 0, 0 ], 
      [ 2, 0, 0, -1, 1, 0, 0, 0, 0, 0, 0, 0, 0, -1, -1, 0, 0, 0, 0, 0, 0 ], 
      [ 2, 0, 0, -1, 0, -1, 0, 0, 1, 0, -1, 0, 0, 0, 0, 0, 0, 0, 0, 0, 0 ], 
      [ 2, 0, 0, 0, 0, 0, 0, 0, 0, 0, 0, 0, -1, 1, 0, 0, 0, -1, -1, 0, 0 ], [ 
          2, 0, 0, 0, 0, 0, 0, 0, 0, 0, 0, 0, -1, 0, -1, 0, 0, -1, 0, 1, 0 ], 
      [ 2, 0, 0, 0, 0, 0, 0, 0, 0, 0, 0, 0, -1, -1, 0, 0, 0, 1, -1, 0, 0 ], 
      [ 2, 0, 0, 0, 0, 0, 0, 0, 0, 0, 0, -1, 0, 0, -1, 0, 1, 0, 0, -1, 0 ], 
      [ 2, 0, 0, 0, 0, 0, 0, 1, -1, 0, 0, 0, 0, 0, 0, 0, 0, -1, -1, 0, 0 ], 
      [ 2, 0, 0, -1, 0, -1, 0, 0, 0, 0, 0, 0, 0, 0, 0, 0, 0, 0, -1, 0, 1 ], 
      [ 2, 1, 0, 0, 0, -1, 0, 0, 0, 0, 0, 0, 0, 0, 0, 0, -1, 0, 0, 0, -1 ], 
      [ 2, 0, 0, 0, 0, 0, 0, 0, -1, 1, 0, 0, 0, -1, -1, 0, 0, 0, 0, 0, 0 ], 
      [ 2, 0, 0, 0, 0, 0, 0, 1, 0, -1, 0, 0, -1, 0, -1, 0, 0, 0, 0, 0, 0 ], 
      [ 2, 0, 0, 0, 0, 0, 1, 0, 0, 0, -1, -1, 0, 0, 0, -1, 0, 0, 0, 0, 0 ], 
      [ 2, 0, 0, 0, -1, -1, 0, 0, 0, 0, 0, 0, 0, 0, -1, 1, 0, 0, 0, 0, 0 ], 
      [ 2, 0, 1, 0, 0, -1, 0, 0, 0, 0, 0, 0, -1, 0, 0, -1, 0, 0, 0, 0, 0 ], 
      [ 2, 0, 0, -1, 1, 0, 0, 0, 0, 0, 0, 0, 0, 0, 0, 0, 0, 0, -1, -1, 0 ], 
      [ 2, 0, 0, 0, -1, -1, 0, 0, 0, 1, -1, 0, 0, 0, 0, 0, 0, 0, 0, 0, 0 ], 
      [ 2, 0, 0, 0, 0, 0, 0, 0, 0, 0, 0, -1, 0, 0, 0, 1, -1, 0, 0, 0, -1 ], 
      [ 2, 0, 0, 0, 0, 0, 0, 0, 0, 0, 0, 0, 0, -1, -1, 0, 0, 0, -1, 1, 0 ], 
      [ 2, 0, 0, 0, 0, 0, 0, 0, 0, 0, 0, 0, -1, 0, -1, 0, 0, 1, 0, -1, 0 ], 
      [ 2, 0, 0, 0, 0, 0, 1, 0, 0, 0, -1, 0, 0, 0, 0, 0, -1, 0, 0, 0, -1 ], 
      [ 2, 0, 1, 0, 0, -1, 0, 0, 0, 0, 0, 0, 0, 0, 0, 0, 0, -1, 0, 0, -1 ], 
      [ 2, 0, 0, 0, 0, 0, 0, 0, -1, 1, 0, 0, 0, 0, 0, 0, 0, 0, -1, -1, 0 ], 
      [ 2, 0, 0, 0, 0, 0, 0, 1, 0, 0, -1, 0, -1, 0, 0, -1, 0, 0, 0, 0, 0 ], 
      [ 2, 0, 0, 0, 0, 0, 0, 0, 0, 0, 0, 0, -1, 0, 0, 1, 0, -1, 0, 0, -1 ], [ 
          2, 0, 0, 0, 0, 0, 0, 1, 0, 0, -1, 0, 0, 0, 0, 0, 0, -1, 0, 0, -1 ], 
      [ 2, 0, 0, 1, 0, -1, 0, 0, 0, 0, 0, 0, 0, 0, 0, 0, 0, 0, -1, 0, -1 ], 
      [ 2, 0, 0, 0, 1, -1, 0, 0, 0, 0, 0, 0, 0, 0, -1, -1, 0, 0, 0, 0, 0 ], 
      [ 2, 0, 0, 0, 0, 0, 0, 0, 0, 0, 0, 0, 0, -1, 0, 1, 0, 0, -1, 0, -1 ], [ 
          2, 0, 0, 0, 0, 0, 0, 0, 0, 0, 0, 0, 0, 1, -1, 0, 0, 0, -1, -1, 0 ], 
      [ 2, 0, 0, 0, 0, 0, 0, 0, 1, 0, -1, 0, 0, 0, 0, 0, 0, 0, -1, 0, -1 ], 
      [ 2, 0, 0, 0, 1, -1, 0, 0, 0, 0, 0, 0, 0, 0, 0, 0, 0, 0, 0, -1, -1 ], 
      [ 2, 0, 0, 0, 0, 0, 0, 0, 0, 1, -1, 0, 0, 0, -1, -1, 0, 0, 0, 0, 0 ], 
      [ 2, 0, 0, 0, 0, 0, 0, 0, 0, 0, 0, 0, 0, 0, -1, 1, 0, 0, 0, -1, -1 ], 
      [ 2, 0, 0, 0, 0, 0, 0, 0, 0, 1, -1, 0, 0, 0, 0, 0, 0, 0, 0, -1, -1 ], 
      [ 1, 0, 0, 0, 0, 0, 0, 0, 0, 0, 0, -1, 0, 0, 0, 0, 0, 0, 0, 0, 0 ], 
      [ 1, 0, 0, 0, 0, 0, 0, 0, 0, 0, 0, 0, -1, 0, 0, 0, 0, 0, 0, 0, 0 ], 
      [ 1, 0, 0, 0, 0, -1, 0, 0, 0, 0, 0, 0, 0, 0, 0, 0, 0, 0, 0, 0, 0 ], 
      [ 1, 0, 0, 0, 0, 0, 0, 0, 0, 0, 0, 0, 0, 0, 0, 0, 0, 0, -1, 0, 0 ], 
      [ 1, 0, 0, 0, 0, 0, 0, 0, 0, 0, 0, 0, 0, 0, -1, 0, 0, 0, 0, 0, 0 ] ],
  Group := Group( [ ( 1, 8)( 2,12)( 3,15)( 4,20)( 5,26)(10,35)(14,42)(16,30)(17,29)(18,45)(23,44)(24,40)(25,39)(32,58)(33,48)
        (34,47)(36,51)(43,56)(50,60)(52,61)(53,62)(54,63)(65,68), ( 1,15,17)( 2,26,24)( 3, 8,29)( 4,35,33)( 5,12,40)( 6,42,14)
        ( 7,30,16)( 9,45,18)(10,20,48)(11,44,23)(13,39,25)(19,58,32)(21,47,34)(22,51,36)(28,56,43)(38,60,50)(41,61,52)(46,62,53)
        (49,63,54)(64,68,65) ] ) );
