return [ [ 1, 2, 6, 7, 12, 14, 18, 20, 25, 31, 32, 33, 34, 41, 43, 44, 45, 48 ], 
  [ 1, 2, 3, 4, 5, 8, 11, 12, 13, 20, 25, 26, 35, 39, 41, 48, 49, 54 ], 
  [ 1, 2, 3, 7, 8, 11, 14, 18, 20, 25, 26, 31, 32, 34, 36, 41, 43, 45 ], 
  [ 2, 6, 12, 14, 18, 19, 20, 21, 25, 27, 31, 32, 33, 37, 43, 44, 45, 48 ], 
  [ 1, 2, 3, 6, 7, 8, 12, 14, 16, 18, 24, 33, 34, 38, 39, 41, 46, 50, 51 ], 
  [ 1, 2, 3, 4, 5, 8, 11, 12, 13, 20, 25, 26, 31, 32, 35, 41, 43, 48, 49 ], 
  [ 2, 6, 12, 14, 18, 19, 20, 21, 27, 31, 32, 33, 37, 43, 44, 45, 46, 48, 50 ], 
  [ 1, 2, 4, 5, 6, 10, 12, 13, 15, 19, 27, 28, 35, 38, 39, 42, 46, 48, 49 ], 
  [ 2, 4, 5, 8, 13, 15, 18, 20, 21, 25, 26, 29, 31, 32, 35, 36, 37, 43, 45 ], 
  [ 1, 2, 3, 4, 6, 8, 10, 12, 18, 19, 31, 33, 35, 38, 39, 42, 46, 48, 50, 51 ], 
  [ 1, 2, 3, 4, 5, 8, 11, 12, 13, 20, 33, 35, 38, 39, 41, 42, 45, 48, 50, 54 ], 
  [ 1, 2, 6, 7, 12, 14, 18, 20, 31, 32, 33, 34, 38, 41, 43, 44, 45, 46, 48, 50 ], 
  [ 1, 2, 3, 7, 8, 10, 11, 12, 18, 20, 25, 31, 32, 33, 35, 38, 41, 43, 45, 48 ], 
  [ 1, 2, 3, 4, 5, 8, 11, 12, 13, 20, 26, 31, 32, 35, 38, 41, 43, 46, 48, 49 ], 
  [ 1, 2, 3, 7, 8, 11, 14, 18, 20, 26, 31, 32, 34, 36, 38, 41, 43, 45, 46, 50 ], 
  [ 1, 3, 7, 11, 12, 14, 18, 20, 22, 23, 26, 31, 32, 34, 38, 41, 44, 46, 48, 50 ], 
  [ 2, 7, 8, 9, 11, 14, 17, 18, 20, 21, 25, 26, 31, 32, 34, 36, 41, 43, 45, 52 ], 
  [ 1, 2, 6, 7, 10, 12, 14, 18, 19, 20, 25, 27, 31, 32, 33, 37, 43, 44, 45, 48 ], 
  [ 2, 8, 12, 14, 18, 19, 20, 21, 26, 27, 31, 32, 33, 37, 43, 44, 45, 46, 48, 50 ], 
  [ 2, 4, 8, 9, 10, 11, 13, 15, 17, 20, 26, 28, 31, 35, 36, 38, 42, 43, 46, 49 ], 
  [ 2, 4, 6, 9, 10, 12, 13, 15, 17, 20, 27, 28, 31, 35, 38, 42, 43, 46, 48, 49 ], 
  [ 2, 4, 5, 6, 8, 12, 13, 15, 16, 18, 19, 21, 24, 29, 33, 35, 39, 46, 50, 51 ], 
  [ 2, 4, 5, 8, 13, 15, 18, 20, 21, 26, 29, 31, 32, 35, 36, 37, 43, 45, 46, 50 ], 
  [ 2, 6, 7, 8, 9, 12, 14, 16, 17, 18, 21, 24, 33, 34, 38, 39, 41, 46, 50, 51, 52 ], 
  [ 1, 2, 3, 4, 5, 8, 11, 12, 13, 20, 26, 35, 38, 39, 41, 42, 46, 48, 49, 50, 54 ], 
  [ 1, 2, 3, 4, 8, 10, 11, 13, 20, 25, 26, 31, 35, 36, 37, 42, 43, 45, 48, 49, 54 ], 
  [ 1, 2, 3, 7, 8, 11, 12, 14, 18, 20, 25, 26, 31, 32, 33, 34, 41, 43, 44, 45, 48 ], 
  [ 1, 2, 3, 4, 5, 8, 10, 11, 13, 15, 20, 25, 26, 28, 31, 32, 35, 36, 37, 43, 49 ], 
  [ 1, 2, 3, 4, 5, 8, 10, 11, 13, 15, 20, 25, 26, 28, 35, 36, 37, 40, 42, 49, 54 ], 
  [ 2, 4, 5, 8, 12, 13, 15, 19, 20, 21, 26, 27, 28, 31, 32, 35, 37, 43, 46, 48, 49 ], 
  [ 2, 4, 5, 8, 12, 13, 15, 19, 20, 21, 25, 26, 27, 28, 31, 32, 35, 37, 43, 48, 49 ], 
  [ 2, 4, 5, 8, 12, 13, 15, 19, 20, 21, 25, 26, 27, 28, 35, 37, 39, 40, 48, 49, 54 ], 
  [ 1, 2, 3, 4, 5, 6, 8, 12, 16, 18, 19, 31, 32, 33, 35, 38, 39, 41, 46, 48, 50, 51 ], 
  [ 1, 2, 3, 6, 7, 8, 12, 14, 16, 18, 20, 24, 25, 31, 32, 33, 34, 36, 41, 43, 45, 51 ], 
  [ 2, 6, 8, 12, 14, 16, 18, 19, 20, 21, 24, 25, 33, 36, 37, 39, 40, 45, 47, 50, 51, 54 ], 
  [ 2, 7, 8, 9, 11, 14, 17, 18, 20, 21, 26, 31, 32, 34, 36, 38, 41, 43, 45, 46, 50, 52 ], 
  [ 1, 2, 3, 4, 5, 8, 11, 13, 20, 25, 26, 31, 32, 35, 36, 37, 41, 43, 45, 48, 49, 54 ], 
  [ 1, 2, 3, 7, 8, 10, 11, 12, 14, 18, 20, 25, 26, 31, 32, 35, 38, 41, 43, 46, 48, 49 ], 
  [ 2, 6, 7, 9, 12, 14, 17, 18, 20, 21, 25, 27, 31, 32, 33, 34, 41, 43, 44, 45, 48, 52 ], 
  [ 1, 2, 4, 5, 6, 12, 14, 18, 19, 20, 21, 22, 23, 26, 27, 31, 32, 37, 44, 46, 48, 50 ], 
  [ 1, 2, 3, 4, 5, 6, 8, 10, 12, 13, 15, 16, 19, 24, 28, 35, 38, 39, 42, 46, 49, 51 ], 
  [ 2, 4, 6, 8, 9, 10, 12, 13, 15, 17, 20, 24, 28, 31, 35, 36, 38, 42, 43, 46, 49, 51 ], 
  [ 1, 2, 3, 4, 5, 8, 10, 11, 12, 13, 15, 19, 26, 27, 28, 35, 38, 39, 42, 46, 48, 49 ], 
  [ 2, 4, 8, 9, 10, 11, 12, 13, 15, 17, 20, 26, 27, 28, 31, 35, 38, 42, 43, 46, 48, 49 ], 
  [ 1, 2, 3, 4, 5, 8, 10, 11, 13, 15, 18, 20, 25, 26, 29, 31, 32, 35, 36, 37, 43, 45 ], 
  [ 1, 3, 6, 7, 10, 12, 14, 16, 18, 19, 20, 22, 23, 25, 36, 37, 39, 40, 42, 47, 50, 51, 54 ], 
  [ 1, 2, 3, 7, 8, 11, 12, 14, 18, 20, 26, 31, 32, 33, 34, 38, 41, 43, 44, 45, 46, 48, 50 ], 
  [ 1, 2, 4, 5, 6, 7, 9, 11, 12, 18, 20, 27, 31, 32, 33, 34, 38, 41, 44, 45, 48, 50, 52 ], 
  [ 1, 2, 6, 7, 10, 12, 14, 18, 19, 20, 27, 31, 32, 33, 37, 38, 42, 43, 44, 45, 46, 48, 50 ], 
  [ 1, 2, 3, 4, 5, 8, 10, 11, 13, 15, 20, 26, 28, 31, 32, 35, 36, 37, 38, 42, 43, 46, 49 ], 
  [ 1, 2, 4, 5, 6, 10, 12, 13, 15, 19, 20, 27, 28, 31, 32, 35, 37, 38, 42, 43, 46, 48, 49 ], 
  [ 2, 4, 5, 8, 12, 13, 15, 19, 20, 21, 26, 27, 28, 35, 37, 39, 40, 42, 46, 48, 49, 50, 54 ], 
  [ 2, 4, 5, 6, 12, 13, 15, 18, 19, 20, 21, 25, 27, 29, 31, 32, 33, 35, 37, 43, 44, 45, 48 ], 
  [ 1, 2, 3, 6, 7, 8, 12, 14, 16, 18, 20, 24, 31, 32, 33, 34, 36, 38, 41, 43, 45, 46, 50, 51 ], 
  [ 2, 6, 7, 8, 9, 12, 14, 16, 17, 18, 20, 21, 24, 25, 31, 32, 33, 34, 36, 41, 43, 45, 51, 52 ], 
  [ 2, 4, 5, 8, 9, 11, 12, 13, 15, 17, 20, 27, 33, 35, 38, 39, 40, 41, 42, 45, 48, 50, 52, 54 ], 
  [ 2, 6, 7, 9, 12, 14, 17, 18, 20, 21, 27, 31, 32, 33, 34, 38, 41, 43, 44, 45, 46, 48, 50, 52 ], 
  [ 1, 2, 3, 4, 5, 8, 10, 11, 12, 13, 15, 19, 20, 25, 26, 27, 28, 31, 32, 35, 37, 43, 48, 49 ], 
  [ 2, 4, 5, 8, 9, 11, 12, 13, 15, 17, 20, 21, 25, 26, 27, 28, 31, 32, 35, 41, 43, 48, 49, 52 ], 
  [ 2, 4, 5, 8, 9, 11, 12, 13, 15, 17, 20, 21, 25, 26, 27, 28, 35, 39, 40, 41, 48, 49, 52, 54 ], 
  [ 1, 2, 3, 4, 5, 6, 8, 10, 12, 13, 15, 16, 18, 19, 24, 29, 33, 35, 38, 39, 42, 46, 50, 51 ], 
  [ 2, 4, 5, 8, 9, 11, 13, 15, 17, 18, 20, 21, 25, 26, 29, 31, 32, 34, 35, 36, 41, 43, 45, 52 ], 
  [ 2, 4, 5, 6, 12, 13, 15, 18, 19, 20, 21, 27, 29, 31, 32, 33, 35, 37, 43, 44, 45, 46, 48, 50 ], 
  [ 1, 2, 4, 5, 6, 10, 12, 13, 15, 18, 19, 20, 25, 27, 29, 31, 32, 33, 35, 37, 43, 44, 45, 48 ], 
  [ 1, 2, 3, 4, 5, 6, 7, 8, 9, 11, 12, 16, 18, 20, 31, 32, 33, 34, 36, 38, 41, 45, 50, 51, 52 ], 
  [ 1, 2, 3, 4, 5, 8, 11, 13, 20, 26, 31, 32, 35, 36, 37, 38, 41, 42, 43, 45, 46, 48, 49, 50, 54 ], 
  [ 2, 4, 5, 6, 8, 9, 12, 15, 16, 18, 19, 21, 27, 31, 32, 33, 35, 38, 39, 41, 46, 48, 50, 51, 52 ], 
  [ 2, 4, 6, 8, 9, 10, 12, 13, 15, 17, 19, 24, 27, 28, 31, 33, 35, 38, 39, 42, 43, 46, 48, 49, 51 ], 
  [ 2, 4, 5, 8, 9, 11, 12, 13, 15, 17, 20, 21, 26, 27, 28, 31, 32, 35, 38, 41, 43, 46, 48, 49, 52 ], 
  [ 1, 2, 3, 4, 5, 8, 10, 11, 12, 13, 15, 19, 20, 25, 26, 27, 28, 35, 37, 39, 40, 42, 48, 49, 54 ], 
  [ 2, 4, 5, 6, 8, 9, 12, 13, 15, 16, 17, 18, 21, 24, 29, 33, 34, 35, 38, 39, 41, 46, 50, 51, 52 ], 
  [ 2, 4, 5, 6, 8, 12, 13, 15, 16, 18, 19, 20, 21, 24, 25, 29, 31, 32, 33, 35, 36, 37, 43, 45, 51 ], 
  [ 1, 2, 3, 4, 5, 8, 10, 11, 13, 15, 18, 20, 26, 29, 31, 32, 35, 36, 37, 38, 42, 43, 45, 46, 50 ], 
  [ 2, 4, 5, 8, 12, 13, 15, 18, 19, 20, 21, 26, 27, 29, 31, 32, 33, 35, 37, 43, 44, 45, 46, 48, 50 ], 
  [ 2, 6, 7, 8, 9, 12, 14, 16, 17, 18, 20, 21, 24, 31, 32, 33, 34, 36, 38, 41, 43, 45, 46, 50, 51, 52 ], 
  [ 1, 2, 3, 6, 7, 8, 10, 12, 14, 16, 18, 19, 20, 24, 25, 33, 36, 37, 39, 40, 42, 45, 47, 50, 51, 54 ], 
  [ 2, 6, 7, 8, 9, 12, 14, 16, 17, 18, 20, 21, 24, 25, 33, 34, 36, 39, 40, 41, 45, 47, 50, 51, 52, 54 ], 
  [ 1, 2, 3, 7, 8, 10, 11, 12, 14, 18, 19, 20, 26, 27, 31, 32, 33, 37, 38, 42, 43, 44, 45, 46, 48, 50 ], 
  [ 2, 7, 8, 9, 11, 12, 14, 17, 18, 20, 21, 26, 27, 31, 32, 33, 34, 38, 41, 43, 44, 45, 46, 48, 50, 52 ], 
  [ 1, 2, 3, 4, 5, 8, 10, 11, 12, 13, 15, 19, 20, 26, 27, 28, 31, 32, 35, 37, 38, 42, 43, 46, 48, 49 ], 
  [ 2, 4, 5, 6, 8, 12, 13, 15, 16, 18, 19, 20, 21, 24, 29, 31, 32, 33, 35, 36, 37, 43, 45, 46, 50, 51 ], 
  [ 2, 4, 5, 8, 9, 11, 13, 15, 17, 18, 20, 21, 26, 29, 31, 32, 34, 35, 36, 38, 41, 43, 45, 46, 50, 52 ], 
  [ 2, 4, 5, 6, 9, 12, 13, 15, 17, 18, 20, 21, 25, 27, 29, 31, 32, 33, 34, 35, 41, 43, 44, 45, 48, 52 ], 
  [ 1, 2, 3, 7, 8, 10, 11, 14, 18, 20, 25, 26, 31, 32, 35, 36, 37, 38, 41, 42, 43, 45, 46, 48, 49, 50, 54 ], 
  [ 1, 2, 4, 5, 6, 7, 9, 11, 12, 14, 18, 20, 21, 22, 23, 26, 27, 31, 32, 34, 38, 41, 44, 46, 48, 50, 52 ], 
  [ 1, 2, 3, 4, 5, 6, 8, 10, 12, 13, 15, 16, 19, 20, 24, 28, 31, 32, 35, 36, 37, 38, 42, 43, 46, 49, 51 ], 
  [ 2, 4, 5, 8, 9, 11, 12, 13, 15, 17, 20, 21, 26, 27, 28, 35, 38, 39, 40, 41, 42, 46, 48, 49, 50, 52, 54 ], 
  [ 1, 2, 3, 4, 5, 6, 8, 10, 12, 13, 15, 16, 18, 19, 20, 24, 25, 29, 31, 32, 33, 35, 36, 37, 43, 45, 51 ], 
  [ 2, 4, 5, 6, 8, 12, 13, 15, 16, 18, 19, 20, 21, 24, 25, 29, 33, 35, 36, 37, 39, 40, 45, 47, 50, 51, 54 ], 
  [ 1, 2, 4, 5, 6, 10, 12, 13, 15, 18, 19, 20, 27, 29, 31, 32, 33, 35, 37, 38, 42, 43, 44, 45, 46, 48, 50 ], 
  [ 2, 4, 5, 8, 9, 11, 13, 15, 17, 20, 21, 25, 26, 27, 28, 31, 32, 35, 36, 37, 40, 41, 43, 45, 48, 49, 52, 54 ], 
  [ 2, 4, 5, 6, 8, 9, 12, 13, 15, 16, 17, 18, 20, 21, 24, 25, 29, 31, 32, 33, 34, 35, 36, 41, 43, 45, 51, 52 ], 
  [ 2, 4, 5, 6, 9, 12, 13, 15, 17, 18, 20, 21, 27, 29, 31, 32, 33, 34, 35, 38, 41, 43, 44, 45, 46, 48, 50, 52 ], 
  [ 1, 2, 3, 4, 5, 6, 7, 8, 9, 11, 12, 14, 16, 18, 20, 21, 22, 23, 26, 31, 32, 34, 36, 38, 41, 46, 50, 51, 52 ], 
  [ 2, 4, 5, 6, 8, 9, 12, 15, 16, 18, 19, 20, 21, 25, 27, 31, 32, 33, 35, 36, 37, 39, 40, 41, 45, 48, 50, 51, 52, 54 ], 
  [ 1, 2, 3, 4, 5, 6, 8, 10, 12, 13, 15, 16, 18, 19, 20, 24, 29, 31, 32, 33, 35, 36, 37, 38, 42, 43, 45, 46, 50, 51 ], 
  [ 2, 4, 5, 6, 8, 9, 12, 13, 15, 16, 17, 18, 20, 21, 24, 29, 31, 32, 33, 34, 35, 36, 38, 41, 43, 45, 46, 50, 51, 52 ], 
  [ 1, 2, 3, 4, 5, 6, 8, 10, 12, 13, 15, 16, 18, 19, 20, 24, 25, 29, 33, 35, 36, 37, 39, 40, 42, 45, 47, 50, 51, 54 ], 
  [ 2, 4, 5, 6, 8, 9, 12, 13, 15, 16, 17, 18, 20, 21, 24, 25, 29, 33, 34, 35, 36, 39, 40, 41, 45, 47, 50, 51, 52, 54 ], 
  [ 1, 2, 3, 4, 5, 8, 10, 11, 12, 13, 15, 18, 19, 20, 26, 27, 29, 31, 32, 33, 35, 37, 38, 42, 43, 44, 45, 46, 48, 50 ], 
  [ 2, 4, 5, 8, 9, 11, 12, 13, 15, 17, 18, 20, 21, 26, 27, 29, 31, 32, 33, 34, 35, 38, 41, 43, 44, 45, 46, 48, 50, 52 ], 
  [ 1, 2, 3, 4, 5, 6, 8, 12, 13, 16, 19, 20, 24, 31, 32, 33, 35, 36, 37, 38, 39, 41, 42, 43, 45, 46, 48, 49, 50, 51, 54 ], 
  [ 2, 4, 5, 8, 9, 11, 13, 15, 17, 20, 21, 26, 27, 28, 31, 32, 35, 36, 37, 38, 40, 41, 42, 43, 45, 46, 48, 49, 50, 52, 54 ], 
  [ 1, 2, 4, 5, 6, 10, 12, 13, 14, 15, 18, 19, 20, 21, 22, 23, 25, 26, 27, 28, 29, 31, 32, 35, 37, 43, 44, 46, 48, 49, 53 ], 
  [ 1, 2, 3, 6, 7, 8, 10, 12, 14, 16, 18, 19, 20, 24, 25, 31, 32, 33, 35, 36, 37, 38, 39, 41, 42, 43, 45, 46, 48, 49, 50, 51, 54 
     ], [ 1, 2, 3, 4, 5, 6, 7, 8, 9, 11, 12, 14, 16, 18, 19, 21, 22, 23, 26, 27, 31, 32, 33, 34, 38, 39, 41, 44, 46, 48, 50, 51, 
      52 ], [ 2, 4, 5, 6, 8, 9, 12, 13, 15, 16, 17, 19, 20, 21, 24, 25, 27, 28, 31, 32, 33, 35, 36, 37, 39, 40, 41, 43, 45, 48, 
      49, 51, 52, 54 ], [ 1, 2, 3, 4, 5, 6, 8, 10, 12, 13, 14, 15, 16, 18, 19, 20, 21, 22, 23, 24, 25, 26, 28, 29, 31, 32, 35, 
      36, 37, 43, 46, 49, 51, 53 ], [ 2, 4, 6, 8, 9, 12, 13, 14, 17, 18, 20, 21, 22, 24, 25, 26, 29, 31, 33, 34, 35, 36, 39, 41, 
      43, 44, 45, 46, 47, 48, 49, 50, 51, 53, 54 ], [ 1, 2, 3, 4, 5, 6, 7, 8, 9, 10, 11, 12, 15, 16, 18, 19, 20, 25, 27, 31, 32, 
      33, 35, 36, 37, 38, 39, 40, 41, 42, 45, 48, 50, 51, 52, 54 ], 
  [ 2, 4, 5, 6, 8, 9, 12, 13, 15, 16, 17, 19, 20, 21, 24, 27, 28, 31, 32, 33, 35, 36, 37, 38, 39, 40, 41, 42, 43, 45, 46, 48, 
      49, 50, 51, 52, 54 ], [ 1, 2, 3, 4, 5, 6, 8, 10, 12, 13, 14, 15, 16, 18, 19, 20, 21, 22, 23, 24, 25, 26, 28, 29, 35, 36, 
      37, 39, 40, 42, 46, 47, 49, 50, 51, 53, 54 ], [ 1, 2, 5, 6, 7, 10, 13, 14, 15, 16, 17, 18, 20, 21, 23, 24, 25, 28, 29, 30, 
      32, 34, 35, 36, 37, 38, 40, 41, 42, 43, 45, 46, 47, 49, 50, 52, 53, 54 ], 
  [ 1, 2, 4, 5, 6, 7, 9, 10, 11, 12, 13, 14, 15, 17, 18, 20, 21, 22, 23, 25, 26, 27, 28, 29, 30, 31, 32, 34, 35, 38, 41, 43, 44, 
      46, 48, 49, 52, 53 ], [ 1, 2, 3, 4, 5, 6, 7, 8, 9, 11, 12, 14, 16, 18, 19, 20, 21, 22, 23, 25, 26, 27, 31, 32, 33, 34, 36, 
      37, 39, 40, 41, 44, 45, 47, 48, 50, 51, 52, 54 ], [ 4, 5, 6, 9, 12, 13, 15, 16, 17, 19, 20, 21, 22, 23, 24, 25, 27, 28, 
      29, 30, 31, 32, 33, 34, 35, 36, 37, 39, 40, 41, 43, 44, 45, 47, 48, 49, 51, 52, 53, 54 ], 
  [ 1, 2, 3, 4, 5, 6, 8, 12, 13, 14, 16, 18, 19, 20, 21, 22, 23, 24, 25, 26, 29, 31, 32, 33, 34, 35, 36, 37, 39, 41, 43, 44, 45, 
      46, 47, 48, 49, 50, 51, 53, 54 ], [ 1, 2, 3, 5, 7, 8, 10, 11, 13, 14, 15, 16, 17, 18, 20, 21, 23, 24, 25, 26, 28, 29, 30, 
      32, 34, 35, 36, 37, 38, 40, 41, 42, 43, 45, 46, 47, 49, 50, 52, 53, 54 ], 
  [ 1, 2, 3, 4, 5, 6, 7, 8, 9, 10, 11, 12, 13, 14, 15, 16, 17, 18, 20, 21, 22, 23, 24, 25, 26, 28, 29, 30, 31, 32, 34, 35, 36, 
      38, 41, 43, 46, 49, 51, 52, 53 ], [ 1, 2, 3, 4, 5, 6, 7, 8, 9, 10, 11, 12, 14, 15, 16, 18, 19, 20, 21, 22, 23, 25, 26, 27, 
      28, 31, 32, 35, 36, 37, 38, 39, 40, 41, 42, 46, 48, 49, 50, 51, 52, 54 ], 
  [ 4, 5, 6, 9, 12, 13, 15, 16, 17, 19, 20, 21, 22, 23, 24, 27, 28, 29, 30, 31, 32, 33, 34, 35, 36, 37, 38, 39, 40, 41, 42, 43, 
      44, 45, 46, 47, 48, 49, 50, 51, 52, 53, 54 ], [ 1, 2, 3, 4, 5, 6, 7, 8, 9, 10, 11, 12, 13, 14, 15, 16, 17, 18, 20, 21, 22, 
      23, 24, 25, 26, 28, 29, 30, 34, 35, 36, 38, 39, 40, 41, 42, 46, 47, 49, 50, 51, 52, 53, 54 ], 
  [ 1, 2, 5, 6, 7, 10, 12, 13, 14, 15, 16, 17, 18, 19, 20, 21, 23, 24, 25, 27, 28, 29, 30, 32, 33, 34, 35, 37, 38, 39, 40, 41, 
      42, 43, 44, 45, 46, 47, 48, 49, 50, 52, 53, 54 ], [ 1, 2, 3, 4, 5, 6, 7, 8, 9, 11, 12, 13, 14, 16, 17, 19, 20, 21, 22, 23, 
      24, 25, 26, 27, 28, 30, 31, 32, 33, 34, 36, 37, 39, 40, 41, 43, 44, 45, 47, 48, 49, 51, 52, 53, 54 ], 
  [ 1, 2, 4, 5, 6, 7, 9, 10, 11, 13, 14, 15, 17, 18, 20, 21, 22, 23, 25, 26, 27, 28, 29, 30, 31, 32, 34, 35, 36, 37, 38, 40, 41, 
      42, 43, 44, 45, 46, 47, 48, 49, 50, 52, 53, 54 ], [ 3, 4, 5, 8, 9, 11, 12, 13, 15, 16, 17, 19, 20, 21, 22, 23, 24, 26, 27, 
      28, 29, 30, 31, 32, 33, 34, 35, 36, 37, 38, 39, 40, 41, 42, 43, 44, 45, 46, 47, 48, 49, 50, 51, 52, 53, 54 ], 
  [ 1, 2, 3, 4, 5, 6, 7, 8, 9, 10, 11, 12, 13, 14, 15, 16, 17, 18, 19, 20, 21, 22, 23, 24, 26, 27, 28, 29, 30, 31, 32, 33, 34, 
      36, 37, 38, 40, 42, 43, 44, 45, 46, 47, 50, 51, 52, 53 ], [ 1, 2, 3, 4, 5, 6, 7, 8, 9, 11, 12, 13, 14, 16, 17, 19, 20, 21, 
      22, 23, 24, 26, 27, 28, 30, 31, 32, 33, 34, 36, 37, 38, 39, 40, 41, 42, 43, 44, 45, 46, 47, 48, 49, 50, 51, 52, 53, 54 ], 
  [ 1, 2, 3, 4, 5, 6, 7, 8, 9, 10, 11, 13, 14, 15, 16, 17, 18, 19, 21, 22, 23, 24, 25, 26, 27, 28, 29, 30, 31, 32, 33, 34, 35, 
      36, 37, 38, 39, 40, 41, 42, 43, 44, 45, 46, 47, 48, 49, 50, 51, 52, 53, 54 ] ];
