return rec(
  EXT := 
   [ [ 1, 0, 0, 0, 0, 0, 0, 0, 0, 0 ], [ 1, -1, 0, 0, 0, 0, 0, 0, 0, 1 ], 
      [ 1, 0, -1, 0, 0, 0, 0, 0, 0, 1 ], [ 1, 0, 0, -1, 0, 0, 0, 0, 0, 1 ], 
      [ 1, 0, 0, 0, -1, 0, 0, 0, 0, 1 ], [ 1, 0, 0, 0, 0, -1, 0, 0, 0, 1 ], 
      [ 1, 0, 0, 0, 0, 0, -1, 0, 0, 1 ], [ 1, 0, 0, 0, 0, 0, 0, -1, 0, 1 ], 
      [ 1, 0, 0, 0, 0, 0, 0, 0, -1, 1 ], [ 1, 1, 1, 1, 1, 1, 1, 1, 1, -6 ], 
      [ 1, 0, 1, 1, 1, 1, 1, 1, 1, -5 ], [ 1, 1, 0, 1, 1, 1, 1, 1, 1, -5 ], 
      [ 1, 1, 1, 0, 1, 1, 1, 1, 1, -5 ], [ 1, 1, 1, 1, 0, 1, 1, 1, 1, -5 ], 
      [ 1, 1, 1, 1, 1, 0, 1, 1, 1, -5 ], [ 1, 1, 1, 1, 1, 1, 0, 1, 1, -5 ], 
      [ 1, 1, 1, 1, 1, 1, 1, 0, 1, -5 ], [ 1, 1, 1, 1, 1, 1, 1, 1, 0, -5 ], 
      [ 1, 1, 1, 0, 0, 0, 0, 0, 0, -1 ], [ 1, 0, 1, 1, 0, 0, 0, 0, 0, -1 ], 
      [ 1, 0, 0, 1, 1, 0, 0, 0, 0, -1 ], [ 1, 1, 0, 1, 0, 0, 0, 0, 0, -1 ], 
      [ 1, 0, 0, 0, 1, 1, 0, 0, 0, -1 ], [ 1, 0, 1, 0, 1, 0, 0, 0, 0, -1 ], 
      [ 1, 0, 0, 0, 0, 1, 1, 0, 0, -1 ], [ 1, 0, 0, 1, 0, 1, 0, 0, 0, -1 ], 
      [ 1, 1, 0, 0, 1, 0, 0, 0, 0, -1 ], [ 1, 0, 0, 0, 0, 0, 1, 1, 0, -1 ], 
      [ 1, 0, 0, 0, 1, 0, 1, 0, 0, -1 ], [ 1, 0, 1, 0, 0, 1, 0, 0, 0, -1 ], 
      [ 1, 0, 0, 0, 0, 0, 0, 1, 1, -1 ], [ 1, 0, 0, 0, 0, 1, 0, 1, 0, -1 ], 
      [ 1, 0, 0, 1, 0, 0, 1, 0, 0, -1 ], [ 1, 1, 0, 0, 0, 1, 0, 0, 0, -1 ], 
      [ 1, 1, 0, 0, 0, 0, 0, 0, 1, -1 ], [ 1, 0, 0, 0, 0, 0, 1, 0, 1, -1 ], 
      [ 1, 0, 0, 0, 1, 0, 0, 1, 0, -1 ], [ 1, 0, 1, 0, 0, 0, 1, 0, 0, -1 ], 
      [ 1, 0, 1, 0, 0, 0, 0, 0, 1, -1 ], [ 1, 1, 0, 0, 0, 0, 0, 1, 0, -1 ], 
      [ 1, 0, 0, 0, 0, 1, 0, 0, 1, -1 ], [ 1, 0, 0, 1, 0, 0, 0, 1, 0, -1 ], 
      [ 1, 1, 0, 0, 0, 0, 1, 0, 0, -1 ], [ 1, 0, 1, 0, 0, 0, 0, 1, 0, -1 ], 
      [ 1, 0, 0, 0, 1, 0, 0, 0, 1, -1 ], [ 1, 0, 0, 1, 0, 0, 0, 0, 1, -1 ], 
      [ 1, 1, 0, 0, 0, 0, 0, 0, 0, 0 ], [ 1, 0, 1, 0, 0, 0, 0, 0, 0, 0 ], 
      [ 1, 0, 0, 1, 0, 0, 0, 0, 0, 0 ], [ 1, 0, 0, 0, 1, 0, 0, 0, 0, 0 ], 
      [ 1, 0, 0, 0, 0, 1, 0, 0, 0, 0 ], [ 1, 0, 0, 0, 0, 0, 1, 0, 0, 0 ], 
      [ 1, 0, 0, 0, 0, 0, 0, 1, 0, 0 ], [ 1, 0, 0, 0, 0, 0, 0, 0, 1, 0 ] ],
  eInv := rec(
      DistDistrib := [ [ 5, 72 ], [ 8, 261 ], [ 11, 336 ], [ 13, 184 ], 
          [ 14, 168 ], [ 16, 266 ], [ 19, 128 ], [ 22, 16 ] ],
      TheDet := 393216,
      TheMin := rec(
          min := 5,
          MinSiz := 16 ),
      eLcm := 24 ),
  Status := "YES" );
