return [ [ 64, 65, 77, 92, 118, 123, 124, 125, 127, 128, 132, 134, 136, 137, 139, 141, 145, 146, 167, 170, 176, 177, 
      182, 185, 191, 192, 197, 199, 200, 204, 230, 245 ], 
  [ 63, 68, 77, 81, 91, 95, 98, 112, 121, 122, 126, 127, 128, 129, 141, 169, 172, 173, 176, 183, 185, 186, 190, 195, 
      196, 201, 203, 204, 208, 218, 232, 239, 248, 249 ], 
  [ 31, 32, 37, 38, 39, 42, 45, 46, 47, 48, 62, 63, 69, 74, 84, 89, 90, 91, 94, 95, 97, 98, 100, 105, 158, 159, 164, 
      165, 166, 169, 172, 173, 174, 175, 189, 190, 196, 201, 211, 216, 217, 218, 221, 222, 224, 225, 227, 232 ], 
  [ 62, 65, 67, 79, 80, 82, 83, 84, 85, 92, 94, 95, 97, 98, 125, 128, 133, 134, 136, 137, 139, 140, 143, 144, 146, 
      147, 148, 149, 167, 170, 174, 177, 179, 180, 181, 182, 184, 185, 189, 192, 196, 197, 199, 200, 202, 203, 206, 
      207, 209, 210, 211, 212 ], [ 36, 37, 38, 39, 40, 41, 42, 43, 44, 45, 46, 47, 48, 49, 50, 51, 67, 68, 69, 70, 
      71, 72, 73, 74, 75, 76, 77, 78, 79, 80, 81, 82, 83, 84, 85, 86, 87, 88, 89, 90, 91, 92, 93, 94, 95, 96, 97, 
      98, 99, 100, 101, 102, 103, 104, 105, 106, 107, 108, 109, 110, 111, 112, 113, 114, 130, 131, 148, 149, 150, 
      151, 152, 153, 154, 155, 156, 157, 158, 159, 160, 161, 162, 163, 164, 165, 166, 167, 168, 169, 170, 171, 172, 
      173, 174, 175, 176, 177, 178, 179, 180, 181, 182, 183, 184, 185, 186, 187, 188, 189, 190, 191, 192, 193, 194, 
      211, 212, 213, 214, 215, 216, 217, 218, 219, 220, 221, 222, 223, 224, 225 ], 
  [ 1, 2, 67, 68, 69, 70, 71, 72, 73, 74, 75, 76, 77, 78, 79, 80, 81, 82, 83, 84, 85, 86, 87, 88, 89, 90, 91, 92, 
      93, 94, 95, 96, 97, 98, 99, 100, 101, 102, 103, 104, 105, 106, 107, 108, 109, 110, 111, 112, 113, 114, 115, 
      116, 117, 118, 119, 120, 121, 122, 123, 124, 125, 126, 127, 128, 129, 130, 131, 132, 133, 134, 135, 136, 137, 
      138, 139, 140, 141, 142, 143, 144, 145, 146, 147, 148, 149, 150, 151, 152, 153, 154, 155, 156, 157, 158, 159, 
      160, 161, 162, 163, 164, 165, 166, 167, 168, 169, 170, 171, 172, 173, 174, 175, 176, 177, 178, 179, 180, 181, 
      182, 183, 184, 185, 186, 187, 188, 189, 190, 191, 192, 193, 194, 195, 196, 197, 198, 199, 200, 201, 202, 203, 
      204, 205, 206, 207, 208, 209, 210, 211, 212, 213, 214, 215, 216, 217, 218, 219, 220, 221, 222, 223, 224, 225, 
      226, 227, 228, 229, 230, 231, 232, 233, 234, 235, 236, 237, 238, 239, 240, 241, 242, 243, 244, 245, 246, 247, 
      248, 249, 250, 251, 252, 253, 254, 255, 256 ] ];
