return [ [ 1, 2, 3, 4, 5, 6, 7, 8, 9, 10, 11, 12, 13, 14, 15, 16, 17, 18, 19, 20, 21, 22, 23, 24, 25, 26, 27, 28, 
      29, 30, 31, 32, 33, 34, 35, 44, 45, 46, 47, 48, 49, 50, 59, 60, 61, 62, 63, 64, 65, 68, 69, 70, 71, 72, 73, 
      74, 75, 83, 84, 85, 86, 87, 88, 89, 90, 98, 99, 100, 101, 102, 103, 104, 105, 106, 107, 108, 109, 110, 111, 
      112, 113, 114, 115, 116, 117, 118, 119, 120, 121, 122, 123, 124, 125, 126, 127, 128 ], 
  [ 1, 2, 3, 20, 21, 22, 23, 24, 25, 26, 27, 28, 29, 30, 31, 32, 33, 34, 35, 36, 37, 38, 39, 40, 41, 42, 43, 44, 45, 
      46, 47, 48, 49, 50, 51, 52, 53, 54, 55, 56, 57, 58, 59, 60, 61, 62, 63, 64, 65, 66, 83, 84, 85, 86, 87, 88, 
      89, 90, 91, 92, 93, 94, 95, 96, 97, 98, 99, 100, 101, 102, 103, 104, 105, 106, 107, 108, 109, 110, 111, 112, 
      113, 114, 115, 116, 117, 118, 119, 120, 121, 122, 123, 124, 125, 126, 127, 128 ], 
  [ 1, 2, 3, 4, 5, 6, 7, 8, 9, 10, 11, 12, 13, 14, 15, 16, 17, 18, 19, 20, 21, 22, 23, 24, 25, 26, 27, 28, 29, 30, 
      31, 32, 33, 34, 35, 36, 41, 42, 43, 48, 49, 50, 51, 56, 57, 58, 63, 64, 65, 69, 70, 71, 72, 76, 77, 78, 79, 
      84, 85, 86, 87, 91, 92, 93, 94, 98, 99, 100, 101, 102, 103, 104, 105, 106, 107, 108, 109, 110, 111, 112, 113, 
      114, 115, 116, 117, 118, 119, 120, 121, 122, 123, 124, 125, 126, 127, 128 ], 
  [ 1, 2, 3, 8, 9, 11, 12, 14, 15, 17, 18, 20, 21, 24, 27, 28, 29, 32, 40, 43, 46, 47, 49, 50, 55, 58, 59, 62, 65, 
      70, 71, 73, 74, 77, 80, 83, 84, 85, 88, 92, 95, 102, 103, 105, 106, 108, 109, 111, 112, 114, 115, 118, 121, 
      122, 123, 126 ], [ 1, 2, 3, 8, 9, 11, 12, 14, 15, 17, 18, 20, 21, 24, 27, 28, 29, 32, 39, 40, 42, 43, 45, 46, 
      48, 49, 51, 52, 55, 58, 59, 60, 63, 66, 71, 72, 74, 75, 77, 78, 80, 81, 83, 84, 87, 90, 91, 92, 95, 102, 103, 
      105, 106, 108, 109, 111, 112, 114, 115, 118, 121, 122, 123, 126 ], 
  [ 5, 6, 7, 10, 14, 15, 17, 18, 20, 21, 24, 27, 30, 31, 33, 34, 35, 36, 37, 44, 45, 46, 47, 48, 49, 50, 62, 65, 70, 
      73, 83, 84, 85, 86, 87, 88, 89, 90, 93, 96, 99, 100, 101, 104, 108, 109, 111, 112, 114, 115, 118, 121, 124, 
      125, 127, 128 ], [ 14, 15, 17, 18, 35, 36, 43, 44, 45, 46, 47, 48, 49, 50, 59, 62, 73, 74, 77, 78, 80, 81, 92, 
      93, 99, 104, 105, 106, 108, 109, 111, 112, 114, 115, 118, 121, 122, 123, 124, 125 ] ];
