return 
[ [ 5, 11, 12, 18, 19, 20, 21, 22, 23, 25, 26, 27, 28, 29, 30, 34, 35, 36, 37, 38, 39, 41, 42, 43, 44, 
      45, 46, 48, 49, 52, 53, 54, 55, 56, 59, 60, 61, 62 ], 
  [ 1, 6, 8, 9, 12, 13, 15, 16, 17, 18, 19, 20, 21, 22, 23, 24, 25, 26, 27, 28, 29, 30, 31, 36, 37, 39, 
      40, 43, 44, 46, 47, 48, 49, 50, 51, 52, 53, 54, 55, 56, 57, 58, 59, 60, 61, 62 ], 
  [ 1, 2, 3, 4, 5, 6, 9, 10, 11, 12, 13, 16, 17, 19, 20, 22, 23, 24, 26, 27, 29, 30, 31, 32, 33, 34, 
      35, 36, 37, 40, 41, 42, 43, 44, 47, 48, 50, 51, 53, 54, 55, 57, 58, 60, 61, 62 ], 
  [ 6, 12, 18, 20, 21, 23, 37, 41, 43, 44, 46, 48, 49, 52, 54, 55, 56, 60, 61 ], 
  [ 12, 18, 19, 20, 21, 23, 24, 26, 29, 30, 36, 37, 42, 43, 46, 48, 49, 55, 60 ], 
  [ 11, 12, 18, 19, 20, 23, 26, 41, 42, 43, 46, 48, 49, 54, 55, 56, 57, 60, 61 ], 
  [ 11, 12, 20, 21, 23, 27, 41, 42, 43, 45, 48, 52, 54, 55, 56, 58, 59, 60, 61 ], 
  [ 12, 20, 21, 23, 26, 27, 37, 39, 40, 41, 42, 43, 44, 45, 46, 48, 55, 56, 60 ], 
  [ 17, 18, 20, 21, 22, 23, 29, 36, 37, 39, 43, 45, 46, 48, 52, 54, 55, 60, 61 ], 
  [ 18, 19, 20, 21, 23, 26, 34, 37, 39, 40, 41, 42, 45, 46, 48, 49, 55, 56, 60 ], 
  [ 11, 12, 15, 20, 21, 23, 30, 41, 42, 45, 46, 49, 52, 54, 55, 56, 60, 61, 62 ], 
  [ 12, 20, 21, 26, 27, 30, 36, 37, 42, 43, 46, 49, 52, 55, 56, 57, 60, 61, 62 ], 
  [ 12, 19, 20, 21, 23, 36, 42, 43, 44, 46, 49, 50, 52, 53, 54, 55, 56, 60, 62 ], 
  [ 11, 12, 18, 20, 21, 23, 24, 25, 26, 27, 30, 41, 42, 43, 46, 55, 56, 61, 62 ], 
  [ 11, 12, 13, 18, 19, 21, 25, 29, 36, 37, 44, 46, 49, 52, 53, 54, 55, 60, 62 ], 
  [ 8, 12, 21, 23, 27, 29, 30, 37, 39, 43, 45, 46, 48, 52, 55, 56, 59, 60, 61 ], 
  [ 12, 19, 20, 21, 23, 35, 36, 37, 39, 41, 42, 44, 45, 46, 47, 48, 49, 53, 55 ], 
  [ 11, 12, 14, 18, 20, 21, 23, 25, 27, 29, 30, 41, 43, 45, 46, 52, 56, 59, 61 ], 
  [ 11, 12, 13, 18, 19, 21, 25, 29, 35, 36, 37, 41, 42, 44, 45, 46, 49, 53, 60 ], 
  [ 11, 12, 13, 18, 19, 21, 23, 25, 41, 42, 44, 46, 49, 53, 54, 55, 56, 60, 62 ], 
  [ 18, 20, 21, 23, 24, 30, 34, 36, 37, 41, 42, 43, 46, 49, 52, 55, 56, 61, 62 ], 
  [ 18, 19, 21, 22, 23, 24, 29, 36, 37, 42, 43, 44, 46, 49, 52, 55, 56, 60, 62 ], 
  [ 2, 3, 4, 6, 8, 9, 10, 11, 12, 14, 15, 17, 18, 19, 20, 22, 23, 26, 29, 32, 37, 40, 41, 43, 44, 46, 
      47, 48, 49, 51, 52, 54, 55, 56, 57, 58, 60, 61 ], 
  [ 12, 18, 19, 21, 22, 23, 24, 25, 26, 28, 29, 30, 31, 35, 36, 37, 39, 42, 43, 44, 46, 48, 49, 53, 55, 
      56, 60, 62 ], [ 11, 12, 13, 18, 19, 21, 23, 25, 29, 30, 31, 35, 36, 37, 41, 42, 44, 46, 49, 53, 
      54, 55, 60, 62 ], [ 4, 7, 8, 11, 12, 14, 17, 18, 21, 23, 25, 27, 29, 30, 33, 34, 37, 39, 41, 43, 
      45, 46, 48, 52, 55, 56, 59, 61 ], 
  [ 11, 12, 13, 15, 19, 20, 21, 23, 25, 26, 28, 29, 30, 31, 35, 36, 37, 39, 41, 42, 44, 45, 46, 47, 49, 
      50, 52, 53, 54, 55, 56, 60, 62 ], 
  [ 11, 12, 18, 19, 20, 22, 26, 43, 44, 46, 48, 52, 54, 55, 56, 58, 59, 60, 61 ], 
  [ 11, 12, 13, 18, 19, 21, 25, 30, 34, 35, 37, 41, 46, 49, 53, 54, 55, 60, 62 ], 
  [ 5, 12, 18, 19, 20, 22, 36, 43, 44, 46, 48, 49, 51, 52, 53, 54, 59, 61, 62 ], 
  [ 19, 20, 21, 23, 27, 34, 35, 37, 38, 39, 40, 42, 43, 44, 46, 48, 56, 60, 62 ], 
  [ 19, 21, 22, 23, 26, 27, 30, 34, 37, 38, 40, 42, 44, 45, 46, 48, 56, 60, 62 ], 
  [ 21, 22, 23, 24, 27, 28, 30, 34, 35, 37, 38, 42, 43, 44, 48, 56, 59, 60, 62 ], 
  [ 18, 19, 21, 22, 23, 24, 26, 27, 28, 30, 34, 35, 37, 38, 39, 40, 42, 43, 44, 46, 48, 56, 60, 62 ], 
  [ 1, 4, 5, 10, 12, 13, 14, 18, 20, 21, 22, 28, 29, 30, 32, 34, 36, 37, 38, 44, 45, 46, 48, 52, 53, 
      54, 61, 62 ], [ 12, 18, 19, 21, 22, 23, 24, 26, 27, 28, 30, 42, 43, 44, 46, 48, 56, 60, 62 ], 
  [ 17, 18, 22, 24, 25, 26, 28, 29, 30, 31, 35, 36, 37, 39, 43, 48, 56, 60, 62 ] ];
