return rec(
  isGraph := true,
  order := 364,
  group := 
   Group( [ ( 33, 39)( 34, 36)( 35, 37)( 38, 40)( 65, 71)( 66, 68)( 67, 69)
        ( 70, 72)( 89, 95)( 90, 92)( 91, 93)( 94, 96)(105,111)(106,108)
        (107,109)(110,112)(113,119)(114,116)(115,117)(118,120)(145,151)
        (146,148)(147,149)(150,152)(169,175)(170,172)(171,173)(174,176)
        (185,191)(186,188)(187,189)(190,192)(193,199)(194,196)(195,197)
        (198,200)(217,223)(218,220)(219,221)(222,224)(233,239)(234,236)
        (235,237)(238,240)(241,247)(242,244)(243,245)(246,248)(257,263)
        (258,260)(259,261)(262,264)(265,271)(266,268)(267,269)(270,272)
        (273,279)(274,276)(275,277)(278,280)(291,354)(292,353)(303,356)
        (304,355)(315,358)(316,357)(327,360)(328,359)(339,362)(340,361)
        (351,364)(352,363), ( 25, 31)( 26, 28)( 27, 29)( 30, 32)( 57, 63)
        ( 58, 60)( 59, 61)( 62, 64)( 81, 87)( 82, 84)( 83, 85)( 86, 88)
        ( 97,103)( 98,100)( 99,101)(102,104)(113,117)(114,118)(115,119)
        (116,120)(137,143)(138,140)(139,141)(142,144)(161,167)(162,164)
        (163,165)(166,168)(177,183)(178,180)(179,181)(182,184)(193,197)
        (194,198)(195,199)(196,200)(209,215)(210,212)(211,213)(214,216)
        (225,231)(226,228)(227,229)(230,232)(241,245)(242,246)(243,247)
        (244,248)(249,255)(250,252)(251,253)(254,256)(265,269)(266,270)
        (267,271)(268,272)(273,277)(274,278)(275,279)(276,280)(289,342)
        (290,341)(301,344)(302,343)(313,346)(314,345)(325,348)(326,347)
        (337,350)(338,349)(351,364)(352,363), 
      ( 25, 33)( 26, 34)( 27, 35)( 28, 36)( 29, 37)( 30, 38)( 31, 39)( 32, 40)
        ( 57, 65)( 58, 66)( 59, 67)( 60, 68)( 61, 69)( 62, 70)( 63, 71)
        ( 64, 72)( 81, 89)( 82, 90)( 83, 91)( 84, 92)( 85, 93)( 86, 94)
        ( 87, 95)( 88, 96)( 97,105)( 98,106)( 99,107)(100,108)(101,109)
        (102,110)(103,111)(104,112)(113,116)(114,117)(115,118)(119,120)
        (137,145)(138,146)(139,147)(140,148)(141,149)(142,150)(143,151)
        (144,152)(161,169)(162,170)(163,171)(164,172)(165,173)(166,174)
        (167,175)(168,176)(177,185)(178,186)(179,187)(180,188)(181,189)
        (182,190)(183,191)(184,192)(193,196)(194,197)(195,198)(199,200)
        (209,217)(210,218)(211,219)(212,220)(213,221)(214,222)(215,223)
        (216,224)(225,233)(226,234)(227,235)(228,236)(229,237)(230,238)
        (231,239)(232,240)(241,244)(242,245)(243,246)(247,248)(249,257)
        (250,258)(251,259)(252,260)(253,261)(254,262)(255,263)(256,264)
        (265,268)(266,269)(267,270)(271,272)(273,276)(274,277)(275,278)
        (279,280)(289,291)(290,292)(301,303)(302,304)(313,315)(314,316)
        (325,327)(326,328)(337,339)(338,340)(341,353)(342,354)(343,355)
        (344,356)(345,357)(346,358)(347,359)(348,360)(349,361)(350,362)
        (351,363)(352,364), ( 17, 23)( 18, 20)( 19, 21)( 22, 24)( 49, 55)
        ( 50, 52)( 51, 53)( 54, 56)( 73, 79)( 74, 76)( 75, 77)( 78, 80)
        ( 97,101)( 98,102)( 99,103)(100,104)(105,109)(106,110)(107,111)
        (108,112)(129,135)(130,132)(131,133)(134,136)(153,159)(154,156)
        (155,157)(158,160)(177,181)(178,182)(179,183)(180,184)(185,189)
        (186,190)(187,191)(188,192)(201,207)(202,204)(203,205)(206,208)
        (225,229)(226,230)(227,231)(228,232)(233,237)(234,238)(235,239)
        (236,240)(249,253)(250,254)(251,255)(252,256)(257,261)(258,262)
        (259,263)(260,264)(273,275)(274,280)(276,278)(277,279)(287,330)
        (288,329)(299,332)(300,331)(311,334)(312,333)(323,336)(324,335)
        (337,350)(338,349)(339,362)(340,361), 
      ( 17, 25)( 18, 26)( 19, 27)( 20, 28)( 21, 29)( 22, 30)( 23, 31)( 24, 32)
        ( 49, 57)( 50, 58)( 51, 59)( 52, 60)( 53, 61)( 54, 62)( 55, 63)
        ( 56, 64)( 73, 81)( 74, 82)( 75, 83)( 76, 84)( 77, 85)( 78, 86)
        ( 79, 87)( 80, 88)( 97,100)( 98,101)( 99,102)(103,104)(105,113)
        (106,114)(107,115)(108,116)(109,117)(110,118)(111,119)(112,120)
        (129,137)(130,138)(131,139)(132,140)(133,141)(134,142)(135,143)
        (136,144)(153,161)(154,162)(155,163)(156,164)(157,165)(158,166)
        (159,167)(160,168)(177,180)(178,181)(179,182)(183,184)(185,193)
        (186,194)(187,195)(188,196)(189,197)(190,198)(191,199)(192,200)
        (201,209)(202,210)(203,211)(204,212)(205,213)(206,214)(207,215)
        (208,216)(225,228)(226,229)(227,230)(231,232)(233,241)(234,242)
        (235,243)(236,244)(237,245)(238,246)(239,247)(240,248)(249,252)
        (250,253)(251,254)(255,256)(257,265)(258,266)(259,267)(260,268)
        (261,269)(262,270)(263,271)(264,272)(273,278)(274,275)(276,277)
        (279,280)(287,289)(288,290)(299,301)(300,302)(311,313)(312,314)
        (323,325)(324,326)(329,341)(330,342)(331,343)(332,344)(333,345)
        (334,346)(335,347)(336,348)(337,349)(338,350)(339,351)(340,352)
        (361,363)(362,364), (  1, 15,  7,  9)(  2, 12,  4, 10)(  3, 13,  5, 11
         )(  6, 16,  8, 14)( 41, 42, 43, 48)( 44, 47, 46, 45)( 49, 77, 53, 73)
        ( 50, 78, 54, 74)( 51, 79, 55, 75)( 52, 80, 56, 76)( 57, 85, 61, 81)
        ( 58, 86, 62, 82)( 59, 87, 63, 83)( 60, 88, 64, 84)( 65, 93, 69, 89)
        ( 66, 94, 70, 90)( 67, 95, 71, 91)( 68, 96, 72, 92)(121,122,123,128)
        (124,127,126,125)(129,157,133,153)(130,158,134,154)(131,159,135,155)
        (132,160,136,156)(137,165,141,161)(138,166,142,162)(139,167,143,163)
        (140,168,144,164)(145,173,149,169)(146,174,150,170)(147,175,151,171)
        (148,176,152,172)(201,202,207,204)(203,206,205,208)(209,210,215,212)
        (211,214,213,216)(217,218,223,220)(219,222,221,224)(225,251,227,249)
        (226,256,232,250)(228,254,230,252)(229,255,231,253)(233,259,235,257)
        (234,264,240,258)(236,262,238,260)(237,263,239,261)(241,267,243,265)
        (242,272,248,266)(244,270,246,268)(245,271,247,269)(283,318,306,285)
        (284,317,305,286)(295,320,308,297)(296,319,307,298)(309,310)
        (311,336,334,323)(312,335,333,324)(313,348,346,325)(314,347,345,326)
        (315,360,358,327)(316,359,357,328)(321,322), 
      (  1,  9)(  2, 10)(  3, 11)(  4, 12)(  5, 13)(  6, 14)(  7, 15)(  8, 16)
        ( 41, 44)( 42, 45)( 43, 46)( 47, 48)( 49, 73)( 50, 74)( 51, 75)
        ( 52, 76)( 53, 77)( 54, 78)( 55, 79)( 56, 80)( 57, 81)( 58, 82)
        ( 59, 83)( 60, 84)( 61, 85)( 62, 86)( 63, 87)( 64, 88)( 65, 89)
        ( 66, 90)( 67, 91)( 68, 92)( 69, 93)( 70, 94)( 71, 95)( 72, 96)
        (121,124)(122,125)(123,126)(127,128)(129,153)(130,154)(131,155)
        (132,156)(133,157)(134,158)(135,159)(136,160)(137,161)(138,162)
        (139,163)(140,164)(141,165)(142,166)(143,167)(144,168)(145,169)
        (146,170)(147,171)(148,172)(149,173)(150,174)(151,175)(152,176)
        (201,206)(202,203)(204,205)(207,208)(209,214)(210,211)(212,213)
        (215,216)(217,222)(218,219)(220,221)(223,224)(225,249)(226,250)
        (227,251)(228,252)(229,253)(230,254)(231,255)(232,256)(233,257)
        (234,258)(235,259)(236,260)(237,261)(238,262)(239,263)(240,264)
        (241,265)(242,266)(243,267)(244,268)(245,269)(246,270)(247,271)
        (248,272)(283,285)(284,286)(295,297)(296,298)(305,317)(306,318)
        (307,319)(308,320)(309,321)(310,322)(311,323)(312,324)(313,325)
        (314,326)(315,327)(316,328)(333,335)(334,336)(345,347)(346,348)
        (357,359)(358,360), (  9, 17)( 10, 18)( 11, 19)( 12, 20)( 13, 21)
        ( 14, 22)( 15, 23)( 16, 24)( 41, 49)( 42, 50)( 43, 51)( 44, 52)
        ( 45, 53)( 46, 54)( 47, 55)( 48, 56)( 73, 76)( 74, 77)( 75, 78)
        ( 79, 80)( 81, 97)( 82, 98)( 83, 99)( 84,100)( 85,101)( 86,102)
        ( 87,103)( 88,104)( 89,105)( 90,106)( 91,107)( 92,108)( 93,109)
        ( 94,110)( 95,111)( 96,112)(121,129)(122,130)(123,131)(124,132)
        (125,133)(126,134)(127,135)(128,136)(153,156)(154,157)(155,158)
        (159,160)(161,177)(162,178)(163,179)(164,180)(165,181)(166,182)
        (167,183)(168,184)(169,185)(170,186)(171,187)(172,188)(173,189)
        (174,190)(175,191)(176,192)(201,204)(202,205)(203,206)(207,208)
        (209,225)(210,226)(211,227)(212,228)(213,229)(214,230)(215,231)
        (216,232)(217,233)(218,234)(219,235)(220,236)(221,237)(222,238)
        (223,239)(224,240)(249,254)(250,251)(252,253)(255,256)(257,262)
        (258,259)(260,261)(263,264)(265,273)(266,274)(267,275)(268,276)
        (269,277)(270,278)(271,279)(272,280)(285,287)(286,288)(297,299)
        (298,300)(309,311)(310,312)(317,329)(318,330)(319,331)(320,332)
        (321,333)(322,334)(323,335)(324,336)(325,337)(326,338)(327,339)
        (328,340)(347,349)(348,350)(359,361)(360,362), 
      (  1, 15)(  2, 10)(  3, 11)(  4, 12)(  5, 13)(  6, 16)(  7,  9)(  8, 14)
        ( 17, 23)( 22, 24)( 25, 31)( 30, 32)( 33, 39)( 38, 40)( 41,121)
        ( 42,128)( 43,123)( 44,124)( 45,127)( 46,126)( 47,125)( 48,122)
        ( 49,156)( 50,159)( 51,158)( 52,153)( 53,160)( 54,155)( 55,154)
        ( 56,157)( 57,164)( 58,167)( 59,166)( 60,161)( 61,168)( 62,163)
        ( 63,162)( 64,165)( 65,172)( 66,175)( 67,174)( 68,169)( 69,176)
        ( 70,171)( 71,170)( 72,173)( 73,132)( 74,135)( 75,134)( 76,129)
        ( 77,136)( 78,131)( 79,130)( 80,133)( 81,140)( 82,143)( 83,142)
        ( 84,137)( 85,144)( 86,139)( 87,138)( 88,141)( 89,148)( 90,151)
        ( 91,150)( 92,145)( 93,152)( 94,147)( 95,146)( 96,149)( 97,180)
        ( 98,183)( 99,182)(100,177)(101,184)(102,179)(103,178)(104,181)
        (105,188)(106,191)(107,190)(108,185)(109,192)(110,187)(111,186)
        (112,189)(113,196)(114,199)(115,198)(116,193)(117,200)(118,195)
        (119,194)(120,197)(202,204)(203,205)(210,212)(211,213)(218,220)
        (219,221)(225,254)(226,253)(227,252)(228,251)(229,250)(230,249)
        (231,256)(232,255)(233,262)(234,261)(235,260)(236,259)(237,258)
        (238,257)(239,264)(240,263)(241,270)(242,269)(243,268)(244,267)
        (245,266)(246,265)(247,272)(248,271)(273,278)(274,277)(275,276)
        (279,280)(283,298)(284,297)(285,296)(286,295)(287,300)(288,299)
        (289,302)(290,301)(291,304)(292,303)(305,320)(306,319)(307,318)
        (308,317)(311,335)(312,336)(313,347)(314,348)(315,359)(316,360)
        (323,333)(324,334)(325,345)(326,346)(327,357)(328,358)(329,332)
        (330,331)(337,349)(338,350)(339,361)(340,362)(341,344)(342,343)
        (351,363)(352,364)(353,356)(354,355), 
      (  1, 12)(  2, 15)(  3, 14)(  4,  9)(  5, 16)(  6, 11)(  7, 10)(  8, 13)
        ( 17, 18)( 19, 24)( 20, 23)( 21, 22)( 25, 26)( 27, 32)( 28, 31)
        ( 29, 30)( 33, 34)( 35, 40)( 36, 39)( 37, 38)( 42, 48)( 45, 47)
        ( 49, 74)( 50, 73)( 51, 80)( 52, 79)( 53, 78)( 54, 77)( 55, 76)
        ( 56, 75)( 57, 82)( 58, 81)( 59, 88)( 60, 87)( 61, 86)( 62, 85)
        ( 63, 84)( 64, 83)( 65, 90)( 66, 89)( 67, 96)( 68, 95)( 69, 94)
        ( 70, 93)( 71, 92)( 72, 91)( 97,102)( 98,101)( 99,100)(103,104)
        (105,110)(106,109)(107,108)(111,112)(113,118)(114,117)(115,116)
        (119,120)(121,123)(124,126)(129,160)(130,155)(131,154)(132,157)
        (133,156)(134,159)(135,158)(136,153)(137,168)(138,163)(139,162)
        (140,165)(141,164)(142,167)(143,166)(144,161)(145,176)(146,171)
        (147,170)(148,173)(149,172)(150,175)(151,174)(152,169)(177,180)
        (178,183)(179,182)(181,184)(185,188)(186,191)(187,190)(189,192)
        (193,196)(194,199)(195,198)(197,200)(201,207)(206,208)(209,215)
        (214,216)(217,223)(222,224)(225,252)(226,255)(227,254)(228,249)
        (229,256)(230,251)(231,250)(232,253)(233,260)(234,263)(235,262)
        (236,257)(237,264)(238,259)(239,258)(240,261)(241,268)(242,271)
        (243,270)(244,265)(245,272)(246,267)(247,266)(248,269)(273,278)
        (274,277)(275,276)(279,280)(281,282)(283,286)(284,285)(287,329)
        (288,330)(289,341)(290,342)(291,353)(292,354)(293,294)(295,319)
        (296,320)(297,307)(298,308)(299,300)(301,302)(303,304)(305,318)
        (306,317)(311,324)(312,323)(313,326)(314,325)(315,328)(316,327)
        (331,332)(333,336)(334,335)(337,349)(338,350)(339,361)(340,362)
        (343,344)(345,348)(346,347)(351,363)(352,364)(355,356)(357,360)
        (358,359), (  1,  4)(  2,  5)(  3,  6)(  7,  8)(  9, 41)( 10, 42)
        ( 11, 43)( 12, 44)( 13, 45)( 14, 46)( 15, 47)( 16, 48)( 17, 49)
        ( 18, 50)( 19, 51)( 20, 52)( 21, 53)( 22, 54)( 23, 55)( 24, 56)
        ( 25, 57)( 26, 58)( 27, 59)( 28, 60)( 29, 61)( 30, 62)( 31, 63)
        ( 32, 64)( 33, 65)( 34, 66)( 35, 67)( 36, 68)( 37, 69)( 38, 70)
        ( 39, 71)( 40, 72)(121,126)(122,123)(124,125)(127,128)(129,134)
        (130,131)(132,133)(135,136)(137,142)(138,139)(140,141)(143,144)
        (145,150)(146,147)(148,149)(151,152)(153,201)(154,202)(155,203)
        (156,204)(157,205)(158,206)(159,207)(160,208)(161,209)(162,210)
        (163,211)(164,212)(165,213)(166,214)(167,215)(168,216)(169,217)
        (170,218)(171,219)(172,220)(173,221)(174,222)(175,223)(176,224)
        (177,225)(178,226)(179,227)(180,228)(181,229)(182,230)(183,231)
        (184,232)(185,233)(186,234)(187,235)(188,236)(189,237)(190,238)
        (191,239)(192,240)(193,241)(194,242)(195,243)(196,244)(197,245)
        (198,246)(199,247)(200,248)(281,283)(282,284)(293,305)(294,306)
        (295,307)(296,308)(297,309)(298,310)(299,311)(300,312)(301,313)
        (302,314)(303,315)(304,316)(319,321)(320,322)(331,333)(332,334)
        (343,345)(344,346)(355,357)(356,358) ] ),
  schreierVector := [ -1, 10, 10, 11, 11, 6, 6, 11, 7, 6, 6, 10, 10, 6, 6, 7, 
      8, 10, 8, 8, 8, 8, 8, 8, 5, 10, 5, 5, 5, 5, 5, 5, 3, 10, 3, 3, 3, 3, 3, 
      3, 11, 6, 7, 11, 10, 6, 11, 7, 11, 11, 6, 11, 8, 8, 11, 8, 11, 11, 6, 
      11, 5, 5, 11, 5, 11, 11, 6, 11, 3, 3, 11, 3, 7, 10, 6, 10, 6, 8, 7, 6, 
      7, 10, 6, 10, 6, 5, 7, 6, 7, 10, 6, 10, 6, 3, 7, 6, 8, 8, 8, 8, 8, 5, 
      8, 8, 8, 8, 8, 8, 8, 3, 8, 8, 5, 5, 5, 5, 5, 3, 5, 5, 9, 9, 10, 9, 9, 
      9, 9, 9, 8, 9, 10, 8, 8, 9, 8, 9, 5, 9, 10, 5, 5, 9, 5, 9, 3, 9, 10, 3, 
      3, 9, 3, 9, 9, 9, 9, 9, 8, 9, 9, 9, 9, 9, 9, 9, 5, 9, 9, 9, 9, 9, 9, 9, 
      3, 9, 9, 9, 8, 8, 8, 8, 5, 9, 10, 8, 8, 8, 8, 8, 3, 9, 10, 8, 5, 5, 5, 
      5, 3, 9, 10, 5, 11, 11, 7, 11, 11, 7, 6, 11, 11, 11, 7, 11, 11, 7, 6, 
      11, 11, 11, 7, 11, 11, 7, 6, 11, 11, 11, 8, 11, 11, 11, 11, 11, 11, 11, 
      8, 11, 11, 11, 11, 11, 11, 11, 5, 11, 11, 11, 11, 11, 10, 7, 9, 7, 9, 
      6, 10, 6, 10, 7, 9, 7, 9, 6, 10, 6, 10, 7, 9, 7, 9, 6, 10, 6, 8, 8, 8, 
      8, 8, 8, 8, 8, -2, 10, 11, 11, 7, 10, 8, 8, 5, 5, 3, 3, 11, 11, 9, 9, 
      9, 9, 8, 8, 5, 5, 3, 3, 10, 6, 9, 10, 11, 11, 11, 11, 11, 11, 11, 11, 
      6, 6, 9, 9, 7, 7, 10, 7, 10, 7, 10, 7, 8, 8, 9, 9, 11, 8, 6, 9, 8, 8, 
      8, 8, 5, 5, 9, 9, 11, 5, 6, 9, 8, 8, 5, 5, 3, 3, 9, 9, 11, 3, 6, 9, 8, 
      8, 5, 5 ],
  adjacencies := 
   [ [ 3, 5, 6, 7, 9, 11, 13, 14, 15, 16, 17, 19, 21, 22, 23, 24, 25, 27, 29, 
          30, 31, 32, 33, 35, 37, 38, 39, 40, 42, 43, 44, 45, 46, 48, 50, 51, 
          52, 53, 54, 56, 58, 59, 60, 61, 62, 64, 66, 67, 68, 69, 70, 72, 73, 
          74, 75, 76, 77, 78, 79, 80, 81, 82, 83, 84, 85, 86, 87, 88, 89, 90, 
          91, 92, 93, 94, 95, 96, 97, 98, 99, 100, 101, 102, 103, 104, 105, 
          106, 107, 108, 109, 110, 111, 112, 113, 114, 115, 116, 117, 118, 
          119, 120, 121, 122, 123, 124, 125, 127, 129, 130, 131, 132, 133, 
          135, 137, 138, 139, 140, 141, 143, 145, 146, 147, 148, 149, 151, 
          153, 154, 155, 156, 157, 158, 159, 160, 161, 162, 163, 164, 165, 
          166, 167, 168, 169, 170, 171, 172, 173, 174, 175, 176, 177, 178, 
          179, 180, 181, 182, 183, 184, 185, 186, 187, 188, 189, 190, 191, 
          192, 193, 194, 195, 196, 197, 198, 199, 200, 201, 202, 203, 204, 
          205, 206, 207, 208, 209, 210, 211, 212, 213, 214, 215, 216, 217, 
          218, 219, 220, 221, 222, 223, 224, 225, 226, 227, 228, 229, 230, 
          231, 232, 233, 234, 235, 236, 237, 238, 239, 240, 241, 242, 243, 
          244, 245, 246, 247, 248, 249, 250, 251, 252, 253, 254, 255, 256, 
          257, 258, 259, 260, 261, 262, 263, 264, 265, 266, 267, 268, 269, 
          270, 271, 272, 273, 274, 275, 276, 277, 278, 279, 280, 282, 283, 
          285, 286, 287, 288, 289, 290, 291, 292, 293, 294, 295, 296, 297, 
          298, 299, 300, 301, 302, 303, 304, 305, 306, 307, 309, 310, 311, 
          312, 313, 314, 315, 316, 317, 318, 319, 320, 321, 322, 323, 324, 
          325, 326, 327, 328, 329, 330, 331, 332, 333, 334, 335, 336, 337, 
          338, 339, 340, 341, 342, 343, 344, 345, 346, 347, 348, 349, 350, 
          351, 352, 353, 354, 355, 356, 357, 358, 359, 360, 361, 362, 363, 
          364 ], 
      [ 2, 3, 4, 5, 6, 8, 10, 11, 12, 13, 14, 16, 18, 19, 20, 21, 22, 24, 26, 
          27, 28, 29, 30, 32, 34, 35, 36, 37, 38, 40, 41, 42, 43, 44, 45, 46, 
          47, 48, 49, 50, 51, 52, 53, 54, 55, 56, 57, 58, 59, 60, 61, 62, 63, 
          64, 65, 66, 67, 68, 69, 70, 71, 72, 73, 74, 75, 76, 77, 78, 79, 80, 
          81, 82, 83, 84, 85, 86, 87, 88, 89, 90, 91, 92, 93, 94, 95, 96, 97, 
          98, 99, 100, 101, 102, 103, 104, 105, 106, 107, 108, 109, 110, 111, 
          112, 113, 114, 115, 116, 117, 118, 119, 120, 121, 122, 123, 124, 
          125, 126, 127, 128, 129, 130, 131, 132, 133, 134, 135, 136, 137, 
          138, 139, 140, 141, 142, 143, 144, 145, 146, 147, 148, 149, 150, 
          151, 152, 153, 154, 155, 156, 157, 158, 159, 160, 161, 162, 163, 
          164, 165, 166, 167, 168, 169, 170, 171, 172, 173, 174, 175, 176, 
          177, 178, 179, 180, 181, 182, 183, 184, 185, 186, 187, 188, 189, 
          190, 191, 192, 193, 194, 195, 196, 197, 198, 199, 200, 201, 202, 
          203, 204, 205, 206, 207, 208, 209, 210, 211, 212, 213, 214, 215, 
          216, 217, 218, 219, 220, 221, 222, 223, 224, 225, 226, 227, 228, 
          229, 230, 231, 232, 233, 234, 235, 236, 237, 238, 239, 240, 241, 
          242, 243, 244, 245, 246, 247, 248, 249, 250, 251, 252, 253, 254, 
          255, 256, 257, 258, 259, 260, 261, 262, 263, 264, 265, 266, 267, 
          268, 269, 270, 271, 272, 273, 274, 275, 276, 277, 278, 279, 280, 
          282, 283, 285, 287, 289, 291, 294, 296, 298, 300, 302, 304, 306, 
          307, 309, 310, 311, 312, 313, 314, 315, 316, 318, 319, 321, 322, 
          323, 324, 325, 326, 327, 328, 330, 331, 333, 334, 335, 336, 337, 
          338, 339, 340, 342, 343, 345, 346, 347, 348, 349, 350, 351, 352, 
          354, 355, 357, 358, 359, 360, 361, 362, 363, 364 ] ],
  representatives := [ 1, 281 ] );
