return 
[ [ 2, 3, 4, 5, 7, 8, 9, 10, 17, 19, 20, 21, 22, 23, 24, 26, 29, 30, 31, 32, 
      33, 35, 36, 37, 38, 39, 40, 42, 45, 46, 47, 48, 51, 52, 57, 58, 59, 60, 
      61, 62 ], 
  [ 3, 4, 5, 11, 12, 14, 15, 17, 18, 19, 20, 22, 23, 25, 27, 28, 29, 30, 31, 
      32, 34, 35, 36, 38, 39, 41, 43, 44, 45, 46, 47, 48, 51, 52, 53, 54, 55, 
      56, 59, 62 ], 
  [ 1, 2, 5, 6, 7, 11, 12, 13, 14, 18, 19, 20, 21, 22, 23, 24, 25, 26, 27, 
      28, 29, 30, 31, 32, 35, 36, 37, 38, 42, 43, 44, 45, 49, 50, 51, 52, 53, 
      54, 55, 56, 57, 58, 59, 60, 61, 62, 63 ], 
  [ 1, 2, 3, 4, 6, 7, 8, 10, 12, 13, 14, 15, 17, 18, 20, 21, 22, 23, 25, 27, 
      28, 29, 30, 32, 33, 34, 36, 37, 38, 39, 41, 43, 44, 45, 46, 48, 49, 51, 
      52, 53, 54, 56, 58, 59, 60, 61, 63 ], 
  [ 2, 3, 4, 5, 7, 10, 11, 14, 17, 18, 19, 20, 21, 22, 23, 24, 25, 26, 27, 
      28, 29, 30, 31, 32, 33, 34, 35, 36, 37, 38, 39, 40, 41, 42, 43, 44, 45, 
      46, 47, 48, 51, 52, 54, 55, 58, 59, 61, 62 ], 
  [ 1, 6, 7, 8, 9, 10, 13, 16, 18, 19, 20, 22, 23, 25, 27, 28, 29, 30, 31, 
      32, 34, 35, 36, 38, 39, 41, 43, 44, 45, 46, 47, 48, 49, 50, 57, 58, 60, 
      61, 63 ], 
  [ 1, 9, 13, 16, 20, 21, 22, 23, 24, 25, 27, 28, 29, 30, 31, 32, 36, 37, 38, 
      39, 40, 41, 43, 44, 45, 46, 47, 48, 49, 50, 51, 53, 54, 56, 57, 58, 60, 
      61, 63 ], 
  [ 1, 2, 4, 6, 7, 8, 10, 13, 15, 16, 17, 18, 19, 20, 22, 27, 28, 29, 30, 32, 
      33, 34, 35, 36, 38, 43, 44, 45, 46, 48, 50, 57, 58, 60 ], 
  [ 1, 10, 13, 16, 22, 25, 28, 30, 32, 38, 41, 44, 46, 48, 49, 53, 58, 60, 
      61, 63 ], 
  [ 1, 21, 22, 23, 25, 28, 31, 32, 34, 36, 38, 39, 44, 45, 46, 48, 49, 60, 
      61, 63 ], 
  [ 1, 7, 8, 10, 13, 16, 17, 32, 34, 36, 38, 39, 44, 45, 46, 48, 49, 60, 61, 
      63 ], [ 1, 2, 6, 7, 8, 13, 18, 29, 30, 32, 34, 38, 39, 41, 44, 45, 46, 
      47, 48, 63 ], 
  [ 1, 7, 13, 22, 27, 28, 29, 32, 36, 37, 38, 41, 43, 44, 46, 47, 48, 58, 61, 
      63 ], [ 1, 9, 10, 13, 23, 25, 28, 29, 32, 39, 41, 44, 45, 48, 49, 54, 
      58, 60, 61, 63 ], 
  [ 1, 8, 9, 10, 16, 25, 31, 32, 33, 34, 35, 36, 38, 43, 44, 45, 46, 48, 60, 
      63 ], [ 1, 6, 7, 9, 13, 25, 29, 31, 32, 34, 35, 39, 41, 42, 43, 45, 46, 
      47, 48, 63 ], 
  [ 1, 13, 16, 27, 28, 31, 32, 35, 36, 37, 38, 41, 43, 44, 47, 48, 50, 57, 
      58, 63 ], 
  [ 1, 6, 7, 13, 22, 28, 29, 32, 33, 34, 35, 36, 38, 43, 44, 45, 46, 48, 60, 
      63 ], [ 1, 7, 13, 22, 25, 27, 28, 29, 38, 41, 43, 44, 45, 49, 56, 57, 
      58, 60, 61, 63 ], 
  [ 1, 6, 7, 13, 19, 26, 27, 29, 32, 35, 36, 38, 41, 43, 44, 45, 47, 48, 57, 
      63 ], [ 1, 9, 10, 16, 25, 30, 31, 32, 36, 37, 38, 41, 43, 44, 46, 47, 
      48, 58, 61, 63 ], 
  [ 1, 8, 9, 13, 20, 21, 23, 25, 27, 28, 29, 32, 39, 43, 44, 46, 48, 58, 60, 
      63 ], [ 1, 9, 10, 21, 22, 23, 25, 31, 34, 35, 36, 38, 44, 45, 46, 48, 
      50, 58, 60, 61 ], 
  [ 1, 6, 7, 9, 13, 19, 22, 23, 25, 27, 29, 30, 31, 34, 35, 41, 42, 45, 46, 
      48 ], [ 1, 6, 8, 9, 10, 13, 18, 20, 23, 25, 27, 28, 29, 32, 39, 49, 54, 
      58, 61, 63 ], 
  [ 1, 8, 9, 10, 18, 20, 21, 22, 23, 25, 31, 32, 34, 35, 36, 38, 48, 50, 60, 
      63 ], 
  [ 1, 2, 6, 10, 13, 16, 18, 19, 27, 32, 34, 35, 36, 38, 41, 43, 44, 48, 50, 
      57 ], [ 1, 2, 6, 8, 10, 12, 13, 15, 17, 18, 20, 22, 25, 27, 29, 32, 33, 
      34, 36, 38, 41, 43, 45, 48, 49, 50, 53, 57, 60 ], 
  [ 1, 6, 8, 10, 13, 15, 16, 18, 20, 22, 25, 27, 28, 30, 32, 33, 34, 35, 38, 
      43, 45, 48, 50, 57, 60 ], 
  [ 1, 6, 7, 9, 13, 18, 19, 23, 25, 26, 27, 29, 30, 31, 32, 34, 35, 39, 41, 
      42, 43, 45, 46, 47, 48 ], 
  [ 1, 6, 8, 10, 13, 15, 16, 18, 20, 22, 25, 27, 28, 30, 32, 34, 36, 38, 41, 
      43, 44, 46, 48, 49, 50, 53, 58, 60, 63 ], 
  [ 1, 6, 7, 9, 13, 18, 19, 23, 25, 26, 27, 29, 30, 31, 32, 35, 36, 38, 39, 
      40, 41, 43, 44, 45, 47, 49, 57, 61, 63 ], 
  [ 9, 10, 13, 16, 23, 25, 28, 29, 31, 32, 39, 41, 44, 45, 47, 48, 49, 54, 
      58, 60, 61, 63 ], 
  [ 9, 10, 16, 23, 25, 31, 32, 36, 38, 39, 41, 44, 45, 47, 48, 49, 50, 51, 
      54, 58, 60, 61, 63 ], 
  [ 3, 4, 8, 9, 10, 15, 16, 17, 24, 25, 31, 32, 33, 34, 35, 36, 37, 38, 39, 
      40, 41, 42, 43, 44, 45, 46, 47, 48, 52, 53, 55, 56, 59, 60, 62, 63 ], 
  [ 5, 6, 7, 8, 9, 10, 12, 13, 14, 16, 25, 29, 31, 32, 34, 35, 39, 41, 42, 
      43, 45, 46, 47, 48, 63 ], 
  [ 7, 13, 19, 22, 25, 27, 28, 29, 31, 35, 38, 41, 43, 44, 45, 47, 49, 50, 
      56, 57, 58, 60, 61, 62, 63 ], 
  [ 5, 6, 7, 10, 12, 13, 14, 16, 17, 19, 26, 27, 29, 32, 35, 36, 38, 41, 43, 
      44, 45, 47, 48, 50, 57, 58, 60, 63 ], 
  [ 8, 9, 12, 13, 15, 16, 17, 20, 21, 23, 24, 25, 27, 28, 29, 32, 39, 40, 43, 
      44, 46, 47, 48, 51, 52, 54, 55, 56, 58, 59, 60, 63 ], 
  [ 7, 8, 9, 10, 16, 25, 35, 36, 38, 39, 43, 44, 45, 46, 47, 49, 50, 53, 54, 
      56, 60, 61, 62, 63 ], 
  [ 9, 10, 21, 22, 23, 24, 25, 31, 34, 35, 36, 38, 39, 44, 45, 46, 47, 48, 
      50, 51, 58, 59, 60, 61 ], 
  [ 6, 7, 8, 9, 12, 13, 16, 19, 22, 23, 25, 27, 29, 30, 31, 34, 35, 41, 42, 
      45, 46, 48 ], 
  [ 6, 8, 9, 10, 13, 16, 18, 19, 20, 23, 25, 27, 28, 29, 31, 32, 39, 47, 49, 
      54, 58, 61, 62, 63 ], 
  [ 2, 4, 6, 8, 10, 12, 13, 15, 16, 17, 18, 19, 26, 27, 29, 32, 34, 35, 36, 
      38, 41, 43, 44, 45, 48, 50, 57, 60 ], 
  [ 8, 9, 13, 16, 20, 23, 25, 27, 28, 39, 41, 43, 44, 46, 47, 48, 49, 56, 58, 
      60, 63 ], 
  [ 7, 8, 9, 10, 16, 25, 31, 32, 35, 36, 38, 39, 43, 44, 45, 46, 47, 60, 61, 
      62, 63 ], 
  [ 9, 10, 16, 22, 23, 25, 31, 32, 36, 38, 39, 44, 45, 46, 47, 48, 50, 51, 
      58, 60, 61 ], 
  [ 6, 7, 8, 9, 12, 13, 16, 19, 22, 23, 25, 27, 29, 30, 31, 41, 45, 46, 47, 
      48, 63 ], 
  [ 10, 19, 22, 25, 28, 29, 32, 34, 35, 36, 41, 43, 44, 47, 48, 50, 57, 58, 
      59, 60, 63 ], 
  [ 6, 8, 9, 10, 13, 23, 27, 28, 31, 34, 39, 41, 43, 44, 45, 47, 48, 58, 61, 
      62, 63 ], 
  [ 6, 7, 9, 10, 13, 14, 16, 19, 20, 23, 25, 27, 29, 31, 32, 35, 36, 39, 41, 
      43, 45, 47, 48, 49, 50, 54, 57, 58, 61, 63 ], 
  [ 8, 9, 16, 20, 23, 24, 25, 27, 28, 29, 31, 32, 39, 43, 46, 47, 48, 58, 60, 
      63 ], 
  [ 7, 8, 9, 10, 16, 25, 35, 38, 39, 41, 43, 45, 46, 47, 49, 50, 56, 60, 61, 
      63 ], [ 9, 10, 22, 23, 24, 25, 31, 34, 35, 38, 39, 41, 45, 46, 47, 48, 
      50, 58, 60, 61 ], 
  [ 7, 8, 9, 10, 16, 19, 22, 23, 25, 27, 29, 30, 31, 34, 35, 41, 42, 45, 46, 
      48 ], 
  [ 6, 8, 9, 10, 13, 14, 16, 23, 27, 29, 31, 32, 39, 43, 45, 47, 48, 58, 61, 
      63 ], [ 5, 6, 7, 8, 9, 10, 12, 13, 14, 16, 18, 19, 23, 25, 26, 27, 29, 
      30, 31, 32, 34, 35, 39, 41, 42, 43, 45, 46, 47, 48 ], 
  [ 8, 9, 10, 16, 25, 28, 31, 32, 34, 36, 39, 41, 43, 44, 46, 47, 48, 58, 59, 
      60, 63 ], 
  [ 6, 8, 9, 10, 12, 13, 16, 25, 27, 28, 29, 31, 32, 34, 39, 41, 43, 46, 47, 
      48, 63 ], 
  [ 9, 10, 16, 23, 25, 29, 31, 32, 39, 41, 45, 47, 48, 49, 50, 54, 58, 60, 
      61, 63 ], 
  [ 8, 9, 10, 16, 25, 29, 31, 32, 34, 35, 39, 41, 42, 43, 45, 46, 47, 48, 60, 
      63 ], [ 1, 7, 8, 9, 13, 25, 29, 31, 32, 34, 35, 38, 39, 42, 43, 44, 45, 
      46, 60, 63 ], 
  [ 1, 6, 7, 10, 18, 20, 23, 25, 27, 34, 35, 36, 38, 41, 42, 43, 45, 49, 57, 
      58 ], [ 1, 6, 7, 9, 10, 13, 18, 23, 25, 27, 30, 31, 32, 34, 35, 41, 42, 
      43, 45, 48 ], 
  [ 8, 12, 15, 16, 17, 20, 23, 24, 25, 27, 28, 29, 31, 32, 39, 43, 46, 47, 
      48, 51, 54, 55, 56, 58, 59, 60, 62, 63 ], 
  [ 10, 22, 23, 24, 25, 31, 34, 35, 38, 39, 41, 45, 46, 47, 48, 50, 51, 53, 
      54, 58, 59, 60, 61, 62 ], 
  [ 5, 7, 8, 10, 12, 14, 15, 16, 19, 22, 23, 25, 27, 29, 30, 31, 34, 35, 41, 
      42, 45, 46, 48 ], 
  [ 9, 10, 16, 23, 25, 28, 31, 32, 39, 41, 44, 47, 48, 49, 51, 54, 58, 59, 
      60, 61, 63 ], 
  [ 8, 9, 10, 16, 20, 21, 22, 23, 24, 25, 28, 31, 34, 39, 41, 46, 47, 48, 49, 
      50, 51, 53, 54, 56, 58, 59, 60, 61, 62, 63 ], 
  [ 9, 10, 16, 21, 22, 23, 25, 28, 31, 32, 39, 41, 47, 48, 49, 51, 53, 54, 
      59, 60, 61, 63 ], 
  [ 9, 16, 21, 23, 24, 25, 28, 31, 39, 41, 44, 46, 47, 48, 49, 51, 53, 54, 
      56, 58, 59, 60, 61, 63 ], 
  [ 9, 16, 21, 23, 25, 28, 31, 32, 37, 39, 41, 44, 47, 48, 49, 51, 53, 54, 
      59, 60, 61, 63 ], 
  [ 9, 16, 21, 23, 24, 25, 28, 30, 31, 32, 37, 39, 40, 41, 44, 46, 47, 48, 
      51, 52, 53, 54, 56, 58, 59, 60, 61, 63 ], 
  [ 9, 10, 16, 21, 22, 23, 25, 28, 31, 32, 37, 38, 39, 41, 44, 47, 48, 49, 
      51, 53, 54, 59, 60, 61 ], 
  [ 6, 7, 8, 9, 12, 13, 16, 19, 22, 23, 25, 27, 29, 30, 31, 33, 34, 42, 46, 
      48 ], [ 5, 6, 7, 8, 9, 10, 12, 13, 14, 16, 18, 19, 23, 25, 26, 27, 29, 
      30, 31, 32, 33, 34, 42, 46, 48 ], 
  [ 5, 6, 7, 8, 9, 10, 12, 13, 14, 16, 19, 20, 22, 23, 24, 25, 27, 28, 29, 
      31, 33, 34, 42, 46, 48 ], 
  [ 8, 9, 10, 16, 21, 22, 23, 25, 28, 31, 32, 39, 49, 51, 53, 54, 59, 60, 61, 
      63 ], [ 9, 10, 16, 21, 23, 25, 31, 32, 37, 39, 41, 47, 48, 49, 51, 52, 
      53, 54, 59, 61, 63 ], 
  [ 8, 9, 10, 16, 21, 23, 24, 25, 31, 34, 39, 41, 46, 47, 48, 49, 51, 52, 53, 
      54, 56, 59, 61, 62, 63 ], 
  [ 9, 10, 21, 23, 24, 25, 31, 34, 37, 38, 39, 41, 47, 48, 49, 51, 52, 53, 
      54, 59, 61, 62, 63 ], 
  [ 1, 9, 16, 21, 23, 28, 31, 32, 37, 39, 44, 47, 48, 49, 51, 54, 59, 60, 61, 
      63 ], [ 9, 16, 21, 23, 25, 28, 31, 37, 39, 41, 44, 47, 49, 51, 53, 54, 
      56, 59, 61, 63 ], 
  [ 9, 10, 16, 20, 23, 25, 31, 32, 36, 39, 41, 47, 48, 49, 50, 51, 54, 58, 
      61, 63 ], 
  [ 9, 10, 16, 23, 25, 31, 32, 36, 38, 44, 45, 47, 50, 51, 54, 58, 60, 61, 
      62, 63 ], 
  [ 9, 10, 16, 23, 25, 31, 32, 36, 38, 40, 41, 44, 45, 47, 50, 51, 54, 56, 
      58, 60, 62, 63 ], 
  [ 9, 10, 16, 23, 25, 31, 32, 36, 38, 39, 40, 41, 44, 45, 47, 50, 51, 54, 
      58, 60 ], 
  [ 9, 10, 16, 23, 25, 29, 31, 32, 38, 39, 40, 41, 44, 45, 47, 50, 51, 54, 
      58, 60 ], 
  [ 9, 10, 16, 23, 25, 31, 32, 36, 38, 40, 44, 45, 50, 51, 54, 55, 56, 58, 
      60, 62 ], 
  [ 8, 9, 10, 16, 23, 36, 38, 40, 41, 44, 45, 47, 50, 51, 54, 56, 58, 60, 62, 
      63 ], [ 9, 23, 24, 25, 31, 36, 38, 40, 41, 44, 45, 47, 50, 51, 54, 56, 
      58, 60, 62, 63 ], 
  [ 5, 6, 8, 10, 12, 14, 16, 17, 18, 19, 23, 26, 27, 30, 32, 36, 38, 40, 41, 
      44, 45, 47, 50, 51, 54, 56, 58, 60, 62, 63 ], 
  [ 10, 18, 19, 23, 25, 32, 36, 38, 40, 41, 44, 45, 47, 50, 51, 54, 56, 58, 
      60, 62, 63 ], 
  [ 8, 9, 10, 16, 18, 23, 25, 30, 31, 32, 36, 37, 38, 40, 44, 50, 51, 53, 54, 
      55, 56, 58, 59, 60, 62 ], 
  [ 6, 8, 9, 10, 16, 23, 36, 38, 40, 41, 44, 45, 47, 50, 51, 54, 56, 58, 62, 
      63 ], [ 20, 23, 24, 25, 31, 36, 38, 40, 41, 44, 45, 47, 50, 51, 54, 56, 
      58, 60, 62, 63 ], 
  [ 6, 8, 9, 10, 16, 18, 23, 30, 36, 37, 38, 40, 41, 44, 47, 49, 50, 51, 54, 
      56, 58, 61, 62, 63 ], 
  [ 5, 6, 8, 9, 10, 12, 16, 23, 35, 36, 38, 40, 41, 43, 44, 45, 47, 50, 51, 
      54, 55, 56, 58, 62 ], 
  [ 20, 22, 24, 25, 28, 29, 31, 36, 38, 40, 41, 44, 45, 47, 50, 51, 54, 56, 
      58, 60, 62, 63 ], 
  [ 19, 20, 22, 23, 24, 25, 27, 28, 29, 31, 35, 36, 38, 39, 40, 41, 43, 44, 
      45, 47, 50, 51, 53, 54, 55, 56, 58, 59, 60, 62 ], 
  [ 20, 22, 24, 25, 28, 29, 31, 36, 37, 38, 40, 44, 50, 51, 54, 56, 58, 60, 
      62, 63 ], 
  [ 19, 20, 22, 23, 24, 25, 27, 28, 29, 31, 36, 37, 38, 40, 44, 50, 51, 53, 
      54, 55, 56, 58, 59, 60, 62 ], 
  [ 5, 7, 8, 10, 12, 14, 15, 16, 23, 27, 30, 31, 34, 35, 41, 42, 45, 46, 48, 
      61 ], 
  [ 4, 5, 8, 10, 15, 19, 22, 23, 25, 27, 29, 30, 31, 34, 35, 41, 42, 45, 46, 
      48 ], [ 4, 5, 10, 11, 14, 15, 17, 19, 22, 23, 25, 27, 29, 30, 31, 34, 
      35, 41, 42, 45, 46, 48 ], 
  [ 3, 4, 11, 15, 17, 19, 22, 23, 25, 27, 29, 30, 31, 34, 35, 41, 42, 45, 46, 
      48 ], [ 4, 5, 10, 11, 14, 15, 17, 19, 22, 23, 25, 27, 29, 30, 31, 34, 
      35, 39, 41, 46 ], 
  [ 4, 5, 10, 11, 14, 15, 17, 19, 22, 23, 25, 27, 29, 30, 31, 35, 38, 39, 41, 
      43, 45, 46, 47, 51, 53, 54, 55, 58, 59, 62 ], 
  [ 4, 5, 10, 11, 14, 15, 17, 19, 22, 23, 25, 27, 29, 30, 31, 33, 34, 42, 46, 
      48 ], [ 3, 4, 11, 15, 17, 18, 19, 23, 25, 26, 27, 29, 30, 31, 32, 34, 
      35, 39, 41, 42, 43, 45, 46, 47, 48 ], 
  [ 4, 5, 10, 11, 14, 15, 17, 19, 22, 23, 25, 27, 30, 31, 34, 35, 39, 41, 46, 
      54 ], 
  [ 4, 5, 8, 10, 11, 12, 14, 15, 16, 17, 19, 20, 22, 23, 24, 25, 27, 28, 29, 
      31, 33, 34, 42, 46, 48 ], 
  [ 4, 5, 10, 11, 12, 14, 15, 16, 17, 18, 19, 23, 25, 27, 30, 31, 34, 35, 39, 
      41, 43, 46, 47, 54 ], 
  [ 9, 10, 16, 21, 23, 24, 31, 34, 38, 41, 47, 48, 49, 50, 51, 52, 53, 54, 
      59, 61, 62 ], 
  [ 10, 21, 23, 24, 25, 31, 34, 38, 41, 48, 49, 51, 52, 53, 54, 56, 59, 61, 
      62, 63 ], 
  [ 1, 9, 10, 21, 23, 24, 31, 34, 37, 38, 41, 48, 49, 51, 52, 54, 59, 61, 62, 
      63 ], [ 9, 21, 23, 24, 25, 31, 37, 39, 40, 41, 47, 49, 51, 52, 53, 54, 
      56, 59, 61, 62, 63 ], 
  [ 10, 21, 22, 23, 24, 25, 31, 34, 38, 39, 41, 46, 47, 48, 51, 52, 53, 54, 
      59, 61, 62 ], 
  [ 7, 8, 9, 10, 16, 25, 31, 32, 35, 36, 38, 39, 49, 50, 53, 54, 56, 60, 61, 
      62, 63 ], 
  [ 7, 8, 9, 10, 16, 24, 25, 35, 42, 43, 45, 46, 49, 50, 53, 54, 56, 60, 61, 
      62, 63 ], 
  [ 5, 6, 7, 8, 9, 10, 16, 25, 35, 36, 39, 43, 46, 47, 49, 50, 54, 56, 61, 
      62, 63 ], 
  [ 7, 8, 9, 10, 16, 25, 36, 37, 38, 39, 44, 46, 47, 49, 53, 54, 56, 61, 62, 
      63 ], [ 5, 7, 8, 9, 10, 16, 25, 35, 36, 38, 43, 44, 45, 47, 50, 53, 56, 
      60, 62, 63 ], 
  [ 7, 8, 9, 10, 16, 25, 35, 36, 38, 39, 43, 44, 45, 46, 47, 53, 54, 55, 56, 
      62 ], [ 8, 9, 10, 16, 24, 25, 35, 36, 38, 39, 43, 44, 45, 46, 47, 53, 
      54, 55, 56, 62 ], 
  [ 7, 8, 9, 10, 16, 24, 33, 34, 35, 42, 45, 46, 48, 49, 50, 53, 54, 56, 60, 
      61, 62, 63 ], 
  [ 7, 8, 9, 10, 16, 21, 22, 24, 33, 34, 46, 48, 49, 50, 53, 54, 56, 60, 61, 
      62, 63 ], 
  [ 5, 6, 7, 8, 9, 10, 12, 13, 14, 16, 20, 21, 22, 24, 28, 33, 34, 42, 46, 
      48, 49, 50, 54, 56, 57, 58, 60, 61, 62, 63 ], 
  [ 7, 8, 9, 10, 16, 24, 33, 34, 35, 38, 45, 46, 48, 49, 53, 54, 56, 61, 62, 
      63 ], 
  [ 7, 8, 9, 10, 16, 24, 34, 35, 41, 42, 45, 46, 48, 50, 53, 54, 56, 60, 61, 
      62 ], [ 8, 9, 10, 16, 24, 34, 35, 41, 42, 45, 46, 48, 50, 53, 54, 56, 
      58, 60, 61, 62 ], 
  [ 9, 21, 23, 24, 25, 31, 34, 36, 38, 39, 44, 45, 46, 48, 49, 50, 51, 58, 
      60, 61 ], 
  [ 8, 10, 22, 23, 24, 25, 31, 34, 35, 39, 46, 50, 51, 53, 54, 58, 59, 60, 
      61, 62 ], 
  [ 10, 22, 23, 24, 25, 31, 34, 35, 41, 45, 46, 48, 50, 53, 54, 56, 58, 60, 
      61, 62 ], 
  [ 10, 19, 20, 22, 23, 24, 25, 31, 35, 38, 41, 45, 47, 48, 50, 51, 53, 58, 
      59, 60, 62 ], 
  [ 4, 8, 10, 22, 23, 24, 25, 31, 34, 35, 39, 46, 50, 51, 53, 54, 58, 59, 61, 
      62 ], [ 9, 16, 21, 23, 24, 25, 31, 44, 46, 47, 48, 49, 50, 51, 53, 58, 
      59, 60, 61, 63 ], 
  [ 1, 2, 6, 7, 9, 13, 18, 26, 30, 32, 34, 35, 39, 41, 42, 43, 45, 46, 47, 48 
     ], [ 5, 6, 7, 8, 9, 10, 12, 13, 14, 16, 25, 29, 31, 32, 34, 35, 39, 41, 
      49, 56, 63 ], 
  [ 6, 8, 9, 12, 13, 14, 16, 23, 26, 27, 29, 30, 31, 32, 33, 34, 39, 42, 46, 
      48 ], [ 2, 5, 6, 7, 8, 9, 10, 12, 13, 14, 16, 18, 26, 30, 32, 33, 34, 
      42, 46, 48 ], 
  [ 1, 6, 7, 9, 13, 19, 20, 22, 23, 24, 25, 27, 28, 29, 31, 33, 34, 42, 46, 
      48 ], [ 8, 9, 10, 16, 21, 22, 25, 39, 46, 47, 49, 51, 52, 53, 54, 56, 
      59, 61, 62, 63 ], 
  [ 8, 9, 10, 16, 21, 24, 34, 39, 41, 46, 47, 48, 51, 52, 53, 54, 55, 56, 59, 
      62 ], [ 8, 9, 10, 16, 18, 23, 25, 40, 44, 47, 50, 51, 53, 54, 55, 56, 
      58, 59, 60, 62 ], 
  [ 8, 9, 10, 18, 23, 25, 30, 37, 38, 40, 44, 53, 54, 55, 56, 58, 59, 60, 61, 
      62 ], [ 8, 9, 10, 16, 18, 19, 23, 25, 40, 47, 50, 51, 53, 54, 55, 56, 
      58, 59, 60, 62 ], 
  [ 20, 21, 22, 24, 28, 36, 37, 38, 40, 44, 50, 51, 53, 54, 55, 56, 58, 59, 
      60, 62 ], 
  [ 19, 20, 22, 23, 24, 25, 27, 28, 29, 31, 36, 37, 38, 40, 44, 51, 52, 53, 
      55, 59 ], 
  [ 3, 4, 5, 11, 15, 17, 18, 19, 23, 25, 30, 31, 32, 35, 42, 43, 45, 46, 47, 
      48 ], [ 3, 4, 11, 15, 17, 19, 20, 22, 23, 24, 25, 27, 28, 29, 31, 33, 
      34, 42, 46, 48 ], 
  [ 2, 6, 12, 13, 15, 16, 17, 18, 19, 20, 27, 30, 32, 35, 36, 38, 43, 44, 45, 
      48, 50 ], 
  [ 9, 24, 25, 28, 30, 31, 32, 37, 39, 40, 41, 43, 44, 46, 56, 58, 59, 60, 
      61, 63 ], 
  [ 5, 11, 12, 13, 14, 16, 18, 19, 23, 26, 27, 30, 31, 34, 35, 41, 42, 45, 
      47, 48 ], 
  [ 1, 8, 9, 16, 21, 22, 28, 31, 34, 39, 46, 47, 49, 50, 53, 59, 60, 61, 62, 
      63 ] ];
