return [ [ 31, 36, 40, 42, 43, 47, 62, 66, 68, 73, 74, 83, 88, 89, 91, 93, 94, 95, 96, 99, 104, 105 ], 
  [ 31, 37, 40, 42, 43, 47, 62, 69, 70, 73, 74, 84, 85, 88, 89, 91, 92, 93, 94, 96, 100, 101, 104, 105 ], 
  [ 32, 33, 37, 38, 39, 40, 41, 42, 48, 49, 63, 64, 66, 69, 72, 84, 87, 91, 94, 95, 96, 97, 100, 103 ], 
  [ 31, 37, 40, 42, 43, 44, 47, 62, 69, 70, 73, 74, 76, 77, 89, 91, 92, 93, 94, 96, 100, 101, 104, 105, 107, 108 ], 
  [ 31, 35, 36, 40, 42, 43, 44, 47, 62, 66, 67, 68, 73, 74, 76, 80, 89, 91, 93, 94, 95, 96, 98, 99, 104, 105, 107, 
      111 ], [ 1, 2, 35, 36, 37, 38, 39, 40, 41, 42, 43, 44, 45, 46, 47, 48, 49, 50, 51, 52, 53, 54, 55, 56, 57, 58, 
      59, 60, 61, 62, 63, 64, 65, 66, 67, 68, 69, 70, 71, 72, 73, 74, 75, 76, 77, 78, 79, 80, 81, 82, 83, 84, 85, 
      86, 87, 88, 89, 90, 91, 92, 93, 94, 95, 96, 97, 98, 99, 100, 101, 102, 103, 104, 105, 106, 107, 108, 109, 110, 
      111, 112, 113, 114, 115, 116, 117, 118, 119, 120, 121, 122, 123, 124, 125, 126, 127, 128 ], 
  [ 1, 2, 3, 4, 5, 6, 7, 10, 13, 14, 17, 20, 21, 22, 25, 28, 29, 32, 35, 36, 37, 38, 41, 44, 45, 48, 51, 52, 53, 56, 
      59, 60, 63, 66, 67, 68, 69, 70, 71, 72, 73, 74, 75, 76, 77, 78, 79, 80, 81, 82, 83, 84, 85, 86, 87, 88, 89, 
      90, 91, 92, 93, 94, 95, 96, 97, 98, 99, 100, 101, 102, 103, 104, 105, 106, 107, 108, 109, 110, 111, 112, 113, 
      114, 115, 116, 117, 118, 119, 120, 121, 122, 123, 124, 125, 126, 127, 128 ] ];
