return 
[ [ 2, 3, 11, 13, 14, 16, 20, 22, 23, 24, 26, 27, 29, 32, 33, 35, 36, 40, 43 
     ], [ 1, 3, 8, 11, 13, 14, 17, 20, 21, 22, 25, 26, 30, 34, 37, 38, 40, 
      41, 42 ], 
  [ 1, 3, 8, 11, 13, 14, 17, 18, 20, 21, 22, 27, 28, 34, 35, 39, 40, 41, 43 ]
    , [ 1, 3, 8, 9, 11, 13, 15, 17, 20, 21, 22, 25, 26, 30, 34, 37, 38, 41, 
      42 ], 
  [ 5, 6, 7, 8, 14, 17, 18, 20, 21, 22, 24, 25, 26, 28, 31, 34, 37, 38, 40, 
      41 ], 
  [ 2, 3, 6, 10, 13, 14, 16, 20, 22, 23, 24, 26, 27, 29, 32, 33, 35, 36, 40, 
      43 ], 
  [ 2, 4, 6, 7, 10, 13, 14, 16, 22, 23, 24, 26, 27, 29, 32, 33, 35, 36, 40, 
      43 ], 
  [ 1, 3, 6, 8, 10, 13, 14, 17, 20, 21, 22, 25, 26, 30, 34, 37, 38, 40, 41, 
      42 ], 
  [ 1, 3, 6, 8, 10, 13, 14, 17, 18, 20, 21, 22, 27, 28, 34, 35, 39, 40, 41, 
      43 ], [ 1, 4, 6, 7, 8, 10, 13, 14, 17, 21, 22, 25, 26, 30, 34, 37, 38, 
      40, 41, 42 ], 
  [ 1, 4, 6, 7, 8, 10, 13, 14, 17, 18, 21, 22, 27, 28, 34, 35, 39, 40, 41, 
      43 ], 
  [ 5, 6, 7, 8, 10, 14, 17, 18, 21, 22, 24, 25, 26, 28, 31, 34, 37, 38, 40, 
      41 ], [ 4, 5, 6, 7, 8, 10, 14, 17, 18, 21, 24, 25, 26, 28, 31, 34, 37, 
      38, 40, 41 ], 
  [ 1, 3, 6, 8, 9, 10, 13, 15, 17, 20, 21, 22, 25, 26, 30, 34, 37, 38, 41, 
      42 ], [ 1, 4, 6, 7, 8, 9, 10, 13, 15, 17, 21, 22, 25, 26, 30, 34, 37, 
      38, 41, 42 ], 
  [ 2, 3, 11, 13, 14, 16, 20, 22, 23, 24, 27, 28, 29, 32, 33, 35, 36, 39, 
      40, 43 ], 
  [ 1, 3, 8, 11, 13, 14, 17, 20, 21, 22, 25, 28, 30, 34, 37, 38, 39, 40, 41, 
      42 ], 
  [ 1, 3, 8, 9, 11, 13, 15, 17, 20, 21, 22, 25, 26, 29, 30, 33, 36, 37, 38, 
      42 ], 
  [ 1, 3, 8, 9, 11, 13, 15, 17, 18, 20, 21, 22, 26, 27, 30, 33, 34, 39, 42, 
      43 ], 
  [ 1, 3, 8, 9, 11, 13, 15, 17, 18, 19, 20, 21, 22, 27, 28, 29, 33, 35, 39, 
      43 ], 
  [ 1, 3, 8, 9, 11, 13, 15, 16, 20, 21, 22, 23, 25, 26, 27, 30, 34, 37, 41, 
      42 ], 
  [ 2, 3, 6, 10, 13, 14, 16, 20, 22, 23, 24, 27, 28, 29, 32, 33, 35, 36, 39, 
      40, 43 ], 
  [ 2, 4, 6, 7, 10, 13, 14, 16, 22, 23, 24, 27, 28, 29, 32, 33, 35, 36, 39, 
      40, 43 ], 
  [ 1, 3, 6, 8, 10, 13, 14, 17, 20, 21, 22, 25, 28, 30, 34, 37, 38, 39, 40, 
      41, 42 ], 
  [ 3, 5, 6, 8, 10, 14, 17, 18, 20, 21, 22, 24, 25, 26, 28, 31, 34, 37, 38, 
      40, 41 ], 
  [ 1, 4, 6, 7, 8, 10, 13, 14, 17, 21, 22, 25, 28, 30, 34, 37, 38, 39, 40, 
      41, 42 ], 
  [ 1, 3, 6, 8, 9, 10, 13, 15, 17, 20, 21, 22, 25, 26, 29, 30, 33, 36, 37, 
      38, 42 ], 
  [ 1, 3, 6, 8, 9, 10, 13, 15, 17, 18, 20, 21, 22, 26, 27, 30, 33, 34, 39, 
      42, 43 ], 
  [ 1, 3, 6, 8, 9, 10, 13, 15, 17, 18, 19, 20, 21, 22, 27, 28, 29, 33, 35, 
      39, 43 ], 
  [ 1, 3, 6, 8, 9, 10, 13, 15, 16, 20, 21, 22, 23, 25, 26, 27, 30, 34, 37, 
      41, 42 ], 
  [ 1, 4, 6, 7, 8, 9, 10, 13, 15, 17, 21, 22, 25, 26, 29, 30, 33, 36, 37, 
      38, 42 ], 
  [ 1, 4, 6, 7, 8, 9, 10, 13, 15, 17, 18, 21, 22, 26, 27, 30, 33, 34, 39, 
      42, 43 ], 
  [ 1, 4, 6, 7, 8, 9, 10, 13, 15, 17, 18, 19, 21, 22, 27, 28, 29, 33, 35, 
      39, 43 ], 
  [ 1, 4, 6, 7, 8, 9, 10, 13, 15, 16, 21, 22, 23, 25, 26, 27, 30, 34, 37, 
      41, 42 ], 
  [ 2, 4, 6, 7, 11, 13, 14, 16, 20, 22, 23, 24, 26, 27, 29, 32, 33, 35, 36, 
      40, 43 ], 
  [ 1, 3, 8, 11, 13, 14, 17, 20, 21, 22, 25, 26, 30, 33, 34, 38, 39, 40, 41, 
      42, 43 ], 
  [ 1, 3, 8, 11, 13, 14, 17, 18, 20, 21, 22, 26, 27, 30, 34, 37, 38, 40, 41, 
      42, 43 ], 
  [ 2, 3, 8, 11, 13, 14, 17, 18, 20, 22, 23, 24, 27, 28, 29, 33, 35, 36, 39, 
      40, 43 ], 
  [ 1, 4, 6, 7, 8, 11, 13, 14, 17, 20, 21, 22, 25, 26, 30, 34, 37, 38, 40, 
      41, 42 ], 
  [ 1, 4, 6, 7, 8, 11, 13, 14, 17, 18, 20, 21, 22, 27, 28, 34, 35, 39, 40, 
      41, 43 ], 
  [ 1, 3, 8, 9, 11, 13, 15, 17, 20, 21, 22, 25, 26, 30, 33, 34, 38, 39, 41, 
      42, 43 ], 
  [ 1, 3, 8, 9, 11, 13, 15, 17, 18, 20, 21, 22, 26, 27, 30, 34, 37, 38, 41, 
      42, 43 ], 
  [ 1, 4, 6, 7, 8, 9, 11, 13, 15, 17, 20, 21, 22, 25, 26, 30, 34, 37, 38, 
      41, 42 ], 
  [ 1, 3, 6, 8, 10, 13, 14, 17, 20, 21, 22, 25, 26, 30, 33, 34, 38, 39, 40, 
      41, 42, 43 ], 
  [ 1, 3, 6, 8, 10, 13, 14, 17, 18, 20, 21, 22, 26, 27, 30, 34, 37, 38, 40, 
      41, 42, 43 ], 
  [ 2, 3, 6, 8, 10, 13, 14, 17, 18, 20, 22, 23, 24, 27, 28, 29, 33, 35, 36, 
      39, 40, 43 ], 
  [ 1, 4, 6, 7, 8, 10, 13, 14, 17, 21, 22, 25, 26, 30, 33, 34, 38, 39, 40, 
      41, 42, 43 ], 
  [ 1, 4, 6, 7, 8, 10, 13, 14, 17, 18, 21, 22, 26, 27, 30, 34, 37, 38, 40, 
      41, 42, 43 ], 
  [ 2, 4, 6, 7, 8, 10, 13, 14, 17, 18, 22, 23, 24, 27, 28, 29, 33, 35, 36, 
      39, 40, 43 ], 
  [ 1, 3, 6, 8, 9, 10, 13, 15, 17, 20, 21, 22, 25, 26, 30, 33, 34, 38, 39, 
      41, 42, 43 ], 
  [ 1, 3, 6, 8, 9, 10, 13, 15, 17, 18, 20, 21, 22, 26, 27, 30, 34, 37, 38, 
      41, 42, 43 ], 
  [ 1, 4, 6, 7, 8, 9, 10, 13, 15, 17, 21, 22, 25, 26, 30, 33, 34, 38, 39, 
      41, 42, 43 ], 
  [ 1, 4, 6, 7, 8, 9, 10, 13, 15, 17, 18, 21, 22, 26, 27, 30, 34, 37, 38, 
      41, 42, 43 ], 
  [ 2, 3, 5, 11, 13, 15, 16, 20, 21, 22, 23, 25, 26, 27, 31, 32, 34, 35, 37, 
      40, 41, 42 ], 
  [ 2, 4, 6, 7, 11, 13, 14, 16, 20, 22, 23, 24, 27, 28, 29, 32, 33, 35, 36, 
      39, 40, 43 ], 
  [ 1, 3, 8, 11, 13, 14, 17, 18, 20, 21, 22, 27, 28, 30, 34, 37, 38, 39, 40, 
      41, 42, 43 ], 
  [ 1, 4, 6, 7, 8, 11, 13, 14, 17, 20, 21, 22, 25, 28, 30, 34, 37, 38, 39, 
      40, 41, 42 ], 
  [ 1, 3, 8, 9, 11, 13, 15, 17, 18, 20, 21, 22, 26, 27, 29, 33, 34, 35, 39, 
      40, 42, 43 ], 
  [ 1, 3, 8, 9, 11, 13, 15, 17, 18, 20, 21, 22, 26, 27, 29, 30, 33, 36, 37, 
      38, 42, 43 ], 
  [ 1, 3, 8, 9, 11, 13, 15, 16, 20, 21, 22, 23, 25, 26, 27, 30, 33, 34, 39, 
      41, 42, 43 ], 
  [ 1, 3, 8, 9, 11, 13, 15, 16, 19, 20, 21, 22, 23, 25, 27, 28, 30, 34, 37, 
      39, 41, 42 ], 
  [ 1, 4, 6, 7, 8, 9, 11, 13, 15, 17, 20, 21, 22, 25, 26, 29, 30, 33, 36, 
      37, 38, 42 ], 
  [ 1, 4, 6, 7, 8, 9, 11, 13, 15, 17, 18, 20, 21, 22, 26, 27, 30, 33, 34, 
      39, 42, 43 ], 
  [ 1, 4, 6, 7, 8, 9, 11, 13, 15, 17, 18, 19, 20, 21, 22, 27, 28, 29, 33, 
      35, 39, 43 ], 
  [ 1, 4, 6, 7, 8, 9, 11, 13, 15, 16, 20, 21, 22, 23, 25, 26, 27, 30, 34, 
      37, 41, 42 ], 
  [ 2, 3, 5, 6, 10, 13, 15, 16, 20, 21, 22, 23, 25, 26, 27, 31, 32, 34, 35, 
      37, 40, 41, 42 ], 
  [ 2, 4, 5, 6, 7, 10, 13, 15, 16, 21, 22, 23, 25, 26, 27, 31, 32, 34, 35, 
      37, 40, 41, 42 ], 
  [ 1, 3, 6, 8, 10, 13, 14, 17, 18, 20, 21, 22, 27, 28, 30, 34, 37, 38, 39, 
      40, 41, 42, 43 ], 
  [ 1, 4, 6, 7, 8, 10, 13, 14, 17, 18, 21, 22, 27, 28, 30, 34, 37, 38, 39, 
      40, 41, 42, 43 ], 
  [ 1, 3, 6, 8, 9, 10, 13, 15, 17, 18, 20, 21, 22, 26, 27, 29, 33, 34, 35, 
      39, 40, 42, 43 ], 
  [ 1, 3, 6, 8, 9, 10, 13, 15, 17, 18, 20, 21, 22, 26, 27, 29, 30, 33, 36, 
      37, 38, 42, 43 ], 
  [ 1, 3, 6, 8, 9, 10, 13, 15, 16, 20, 21, 22, 23, 25, 26, 27, 30, 33, 34, 
      39, 41, 42, 43 ], 
  [ 1, 3, 6, 8, 9, 10, 13, 15, 16, 19, 20, 21, 22, 23, 25, 27, 28, 30, 34, 
      37, 39, 41, 42 ], 
  [ 1, 4, 6, 7, 8, 9, 10, 13, 15, 17, 18, 21, 22, 26, 27, 29, 33, 34, 35, 
      39, 40, 42, 43 ], 
  [ 1, 4, 6, 7, 8, 9, 10, 13, 15, 17, 18, 21, 22, 26, 27, 29, 30, 33, 36, 
      37, 38, 42, 43 ], 
  [ 1, 4, 6, 7, 8, 9, 10, 13, 15, 16, 21, 22, 23, 25, 26, 27, 30, 33, 34, 
      39, 41, 42, 43 ], 
  [ 1, 4, 6, 7, 8, 9, 10, 13, 15, 16, 19, 21, 22, 23, 25, 27, 28, 30, 34, 
      37, 39, 41, 42 ], 
  [ 2, 3, 5, 11, 13, 15, 16, 20, 21, 22, 23, 25, 26, 27, 32, 33, 34, 35, 39, 
      40, 41, 42, 43 ], 
  [ 2, 3, 5, 11, 13, 14, 16, 20, 21, 22, 23, 24, 25, 26, 27, 28, 31, 32, 34, 
      35, 37, 40, 41 ], 
  [ 2, 3, 8, 11, 13, 14, 17, 20, 22, 23, 24, 25, 28, 29, 32, 33, 35, 36, 38, 
      39, 40, 41, 43 ], 
  [ 1, 4, 6, 7, 8, 11, 13, 14, 17, 20, 21, 22, 25, 26, 30, 33, 34, 38, 39, 
      40, 41, 42, 43 ], 
  [ 1, 4, 6, 7, 8, 11, 13, 14, 17, 18, 20, 21, 22, 26, 27, 30, 34, 37, 38, 
      40, 41, 42, 43 ], 
  [ 2, 4, 6, 7, 8, 11, 13, 14, 17, 18, 20, 22, 23, 24, 27, 28, 29, 33, 35, 
      36, 39, 40, 43 ], 
  [ 1, 3, 8, 9, 11, 13, 15, 17, 20, 21, 22, 25, 26, 29, 31, 32, 34, 35, 37, 
      38, 40, 41, 42 ], 
  [ 1, 3, 8, 9, 11, 13, 15, 17, 18, 19, 20, 21, 22, 27, 28, 30, 34, 37, 38, 
      39, 41, 42, 43 ], 
  [ 1, 3, 8, 9, 11, 13, 15, 16, 19, 20, 21, 22, 23, 25, 27, 28, 29, 32, 33, 
      35, 39, 41, 43 ], 
  [ 1, 4, 6, 7, 8, 9, 11, 13, 15, 17, 20, 21, 22, 25, 26, 30, 33, 34, 38, 
      39, 41, 42, 43 ], 
  [ 1, 4, 6, 7, 8, 9, 11, 13, 15, 17, 18, 20, 21, 22, 26, 27, 30, 34, 37, 
      38, 41, 42, 43 ], 
  [ 2, 3, 5, 6, 10, 13, 15, 16, 20, 21, 22, 23, 25, 26, 27, 32, 33, 34, 35, 
      39, 40, 41, 42, 43 ], 
  [ 2, 3, 5, 6, 10, 13, 14, 16, 20, 21, 22, 23, 24, 25, 26, 27, 28, 31, 32, 
      34, 35, 37, 40, 41 ], 
  [ 2, 4, 5, 6, 7, 10, 13, 15, 16, 21, 22, 23, 25, 26, 27, 32, 33, 34, 35, 
      39, 40, 41, 42, 43 ], 
  [ 2, 4, 5, 6, 7, 10, 13, 14, 16, 21, 22, 23, 24, 25, 26, 27, 28, 31, 32, 
      34, 35, 37, 40, 41 ], 
  [ 2, 3, 6, 8, 10, 13, 14, 17, 20, 22, 23, 24, 25, 28, 29, 32, 33, 35, 36, 
      38, 39, 40, 41, 43 ], 
  [ 2, 4, 6, 7, 8, 10, 13, 14, 17, 22, 23, 24, 25, 28, 29, 32, 33, 35, 36, 
      38, 39, 40, 41, 43 ], 
  [ 1, 3, 6, 8, 9, 10, 13, 15, 17, 20, 21, 22, 25, 26, 29, 31, 32, 34, 35, 
      37, 38, 40, 41, 42 ], 
  [ 1, 3, 6, 8, 9, 10, 13, 15, 17, 18, 19, 20, 21, 22, 27, 28, 30, 34, 37, 
      38, 39, 41, 42, 43 ], 
  [ 1, 3, 6, 8, 9, 10, 13, 15, 16, 19, 20, 21, 22, 23, 25, 27, 28, 29, 32, 
      33, 35, 39, 41, 43 ], 
  [ 1, 4, 6, 7, 8, 9, 10, 13, 15, 17, 21, 22, 25, 26, 29, 31, 32, 34, 35, 
      37, 38, 40, 41, 42 ], 
  [ 1, 4, 6, 7, 8, 9, 10, 13, 15, 17, 18, 19, 21, 22, 27, 28, 30, 34, 37, 
      38, 39, 41, 42, 43 ], 
  [ 1, 4, 6, 7, 8, 9, 10, 13, 15, 16, 19, 21, 22, 23, 25, 27, 28, 29, 32, 
      33, 35, 39, 41, 43 ], 
  [ 2, 3, 5, 11, 13, 15, 16, 19, 20, 21, 22, 23, 25, 27, 28, 31, 32, 34, 35, 
      37, 39, 40, 41, 42 ], 
  [ 2, 3, 5, 11, 13, 14, 16, 20, 21, 22, 23, 24, 25, 26, 27, 28, 32, 33, 34, 
      35, 39, 40, 41, 43 ], 
  [ 2, 3, 5, 11, 13, 14, 16, 20, 21, 22, 23, 24, 25, 26, 27, 28, 29, 31, 32, 
      33, 35, 36, 37, 40 ], 
  [ 2, 4, 5, 6, 7, 11, 13, 15, 16, 20, 21, 22, 23, 25, 26, 27, 31, 32, 34, 
      35, 37, 40, 41, 42 ], 
  [ 2, 3, 5, 8, 11, 13, 14, 17, 18, 20, 21, 22, 23, 24, 25, 26, 27, 28, 31, 
      34, 35, 37, 40, 41 ], 
  [ 1, 4, 6, 7, 8, 11, 13, 14, 17, 18, 20, 21, 22, 27, 28, 30, 34, 37, 38, 
      39, 40, 41, 42, 43 ], 
  [ 1, 3, 8, 9, 11, 13, 15, 17, 20, 21, 22, 25, 26, 29, 32, 33, 34, 35, 38, 
      39, 40, 41, 42, 43 ], 
  [ 1, 3, 8, 9, 11, 13, 15, 17, 18, 19, 20, 21, 22, 27, 28, 29, 30, 33, 36, 
      37, 38, 39, 42, 43 ], 
  [ 1, 3, 8, 9, 11, 13, 15, 16, 20, 21, 22, 23, 25, 26, 27, 29, 31, 32, 34, 
      35, 37, 40, 41, 42 ], 
  [ 1, 4, 6, 7, 8, 9, 11, 13, 15, 17, 18, 20, 21, 22, 26, 27, 29, 33, 34, 
      35, 39, 40, 42, 43 ], 
  [ 1, 4, 6, 7, 8, 9, 11, 13, 15, 17, 18, 20, 21, 22, 26, 27, 29, 30, 33, 
      36, 37, 38, 42, 43 ], 
  [ 1, 4, 6, 7, 8, 9, 11, 13, 15, 16, 20, 21, 22, 23, 25, 26, 27, 30, 33, 
      34, 39, 41, 42, 43 ], 
  [ 1, 4, 6, 7, 8, 9, 11, 13, 15, 16, 19, 20, 21, 22, 23, 25, 27, 28, 30, 
      34, 37, 39, 41, 42 ], 
  [ 2, 3, 5, 6, 10, 13, 15, 16, 19, 20, 21, 22, 23, 25, 27, 28, 31, 32, 34, 
      35, 37, 39, 40, 41, 42 ], 
  [ 2, 3, 5, 6, 10, 13, 14, 16, 20, 21, 22, 23, 24, 25, 26, 27, 28, 32, 33, 
      34, 35, 39, 40, 41, 43 ], 
  [ 2, 3, 5, 6, 10, 13, 14, 16, 20, 21, 22, 23, 24, 25, 26, 27, 28, 29, 31, 
      32, 33, 35, 36, 37, 40 ], 
  [ 2, 4, 5, 6, 7, 10, 13, 15, 16, 19, 21, 22, 23, 25, 27, 28, 31, 32, 34, 
      35, 37, 39, 40, 41, 42 ], 
  [ 2, 4, 5, 6, 7, 10, 13, 14, 16, 21, 22, 23, 24, 25, 26, 27, 28, 32, 33, 
      34, 35, 39, 40, 41, 43 ], 
  [ 2, 4, 5, 6, 7, 10, 13, 14, 16, 21, 22, 23, 24, 25, 26, 27, 28, 29, 31, 
      32, 33, 35, 36, 37, 40 ], 
  [ 2, 3, 5, 6, 8, 10, 13, 14, 17, 18, 20, 21, 22, 23, 24, 25, 26, 27, 28, 
      31, 34, 35, 37, 40, 41 ], 
  [ 2, 4, 5, 6, 7, 8, 10, 13, 14, 17, 18, 21, 22, 23, 24, 25, 26, 27, 28, 
      31, 34, 35, 37, 40, 41 ], 
  [ 1, 3, 6, 8, 9, 10, 13, 15, 17, 20, 21, 22, 25, 26, 29, 32, 33, 34, 35, 
      38, 39, 40, 41, 42, 43 ], 
  [ 1, 3, 6, 8, 9, 10, 13, 15, 17, 18, 19, 20, 21, 22, 27, 28, 29, 30, 33, 
      36, 37, 38, 39, 42, 43 ], 
  [ 1, 3, 6, 8, 9, 10, 13, 15, 16, 20, 21, 22, 23, 25, 26, 27, 29, 31, 32, 
      34, 35, 37, 40, 41, 42 ], 
  [ 1, 4, 6, 7, 8, 9, 10, 13, 15, 17, 21, 22, 25, 26, 29, 32, 33, 34, 35, 
      38, 39, 40, 41, 42, 43 ], 
  [ 1, 4, 6, 7, 8, 9, 10, 13, 15, 17, 18, 19, 21, 22, 27, 28, 29, 30, 33, 
      36, 37, 38, 39, 42, 43 ], 
  [ 1, 4, 6, 7, 8, 9, 10, 13, 15, 16, 21, 22, 23, 25, 26, 27, 29, 31, 32, 
      34, 35, 37, 40, 41, 42 ], 
  [ 2, 4, 5, 6, 7, 11, 13, 15, 16, 20, 21, 22, 23, 25, 26, 27, 32, 33, 34, 
      35, 39, 40, 41, 42, 43 ], 
  [ 2, 4, 5, 6, 7, 11, 13, 14, 16, 20, 21, 22, 23, 24, 25, 26, 27, 28, 31, 
      32, 34, 35, 37, 40, 41 ], 
  [ 2, 3, 5, 8, 11, 13, 14, 17, 18, 20, 21, 22, 23, 24, 25, 26, 27, 28, 33, 
      34, 35, 39, 40, 41, 43 ], 
  [ 2, 4, 6, 7, 8, 11, 13, 14, 17, 20, 22, 23, 24, 25, 28, 29, 32, 33, 35, 
      36, 38, 39, 40, 41, 43 ], 
  [ 1, 3, 8, 9, 11, 13, 15, 17, 18, 20, 21, 22, 26, 27, 29, 31, 32, 34, 35, 
      37, 38, 40, 41, 42, 43 ], 
  [ 1, 3, 8, 9, 11, 13, 15, 16, 20, 21, 22, 23, 25, 26, 27, 29, 32, 33, 34, 
      35, 39, 40, 41, 42, 43 ], 
  [ 1, 3, 8, 9, 11, 13, 15, 16, 20, 21, 22, 23, 25, 26, 27, 29, 30, 32, 33, 
      36, 37, 38, 41, 42, 43 ], 
  [ 1, 3, 8, 9, 11, 13, 14, 16, 20, 21, 22, 23, 24, 25, 26, 27, 28, 29, 31, 
      32, 34, 35, 37, 40, 41 ], 
  [ 1, 4, 6, 7, 8, 9, 11, 13, 15, 17, 20, 21, 22, 25, 26, 29, 31, 32, 34, 
      35, 37, 38, 40, 41, 42 ], 
  [ 1, 4, 6, 7, 8, 9, 11, 13, 15, 17, 18, 19, 20, 21, 22, 27, 28, 30, 34, 
      37, 38, 39, 41, 42, 43 ], 
  [ 1, 4, 6, 7, 8, 9, 11, 13, 15, 16, 19, 20, 21, 22, 23, 25, 27, 28, 29, 
      32, 33, 35, 39, 41, 43 ], 
  [ 2, 3, 5, 6, 8, 10, 13, 14, 17, 18, 20, 21, 22, 23, 24, 25, 26, 27, 28, 
      33, 34, 35, 39, 40, 41, 43 ], 
  [ 2, 4, 5, 6, 7, 8, 10, 13, 14, 17, 18, 21, 22, 23, 24, 25, 26, 27, 28, 
      33, 34, 35, 39, 40, 41, 43 ], 
  [ 1, 3, 6, 8, 9, 10, 13, 15, 17, 18, 20, 21, 22, 26, 27, 29, 31, 32, 34, 
      35, 37, 38, 40, 41, 42, 43 ], 
  [ 1, 3, 6, 8, 9, 10, 13, 15, 16, 20, 21, 22, 23, 25, 26, 27, 29, 32, 33, 
      34, 35, 39, 40, 41, 42, 43 ], 
  [ 1, 3, 6, 8, 9, 10, 13, 15, 16, 20, 21, 22, 23, 25, 26, 27, 29, 30, 32, 
      33, 36, 37, 38, 41, 42, 43 ], 
  [ 1, 3, 6, 8, 9, 10, 13, 14, 16, 20, 21, 22, 23, 24, 25, 26, 27, 28, 29, 
      31, 32, 34, 35, 37, 40, 41 ], 
  [ 1, 4, 6, 7, 8, 9, 10, 13, 15, 17, 18, 21, 22, 26, 27, 29, 31, 32, 34, 
      35, 37, 38, 40, 41, 42, 43 ], 
  [ 1, 4, 6, 7, 8, 9, 10, 13, 15, 16, 21, 22, 23, 25, 26, 27, 29, 32, 33, 
      34, 35, 39, 40, 41, 42, 43 ], 
  [ 1, 4, 6, 7, 8, 9, 10, 13, 15, 16, 21, 22, 23, 25, 26, 27, 29, 30, 32, 
      33, 36, 37, 38, 41, 42, 43 ], 
  [ 1, 4, 6, 7, 8, 9, 10, 13, 14, 16, 21, 22, 23, 24, 25, 26, 27, 28, 29, 
      31, 32, 34, 35, 37, 40, 41 ], 
  [ 2, 4, 5, 6, 7, 11, 13, 15, 16, 19, 20, 21, 22, 23, 25, 27, 28, 31, 32, 
      34, 35, 37, 39, 40, 41, 42 ], 
  [ 2, 4, 5, 6, 7, 11, 13, 14, 16, 20, 21, 22, 23, 24, 25, 26, 27, 28, 32, 
      33, 34, 35, 39, 40, 41, 43 ], 
  [ 2, 4, 5, 6, 7, 11, 13, 14, 16, 20, 21, 22, 23, 24, 25, 26, 27, 28, 29, 
      31, 32, 33, 35, 36, 37, 40 ], 
  [ 2, 4, 5, 6, 7, 8, 11, 13, 14, 17, 18, 20, 21, 22, 23, 24, 25, 26, 27, 
      28, 31, 34, 35, 37, 40, 41 ], 
  [ 1, 3, 8, 9, 11, 13, 15, 16, 19, 20, 21, 22, 23, 25, 27, 28, 29, 31, 32, 
      34, 35, 37, 39, 40, 41, 42 ], 
  [ 1, 3, 8, 9, 11, 13, 14, 16, 20, 21, 22, 23, 24, 25, 26, 27, 28, 29, 32, 
      33, 34, 35, 39, 40, 41, 43 ], 
  [ 1, 4, 6, 7, 8, 9, 11, 13, 15, 17, 20, 21, 22, 25, 26, 29, 32, 33, 34, 
      35, 38, 39, 40, 41, 42, 43 ], 
  [ 1, 4, 6, 7, 8, 9, 11, 13, 15, 17, 18, 19, 20, 21, 22, 27, 28, 29, 30, 
      33, 36, 37, 38, 39, 42, 43 ], 
  [ 1, 4, 6, 7, 8, 9, 11, 13, 15, 16, 20, 21, 22, 23, 25, 26, 27, 29, 31, 
      32, 34, 35, 37, 40, 41, 42 ], 
  [ 1, 3, 6, 8, 9, 10, 13, 15, 16, 19, 20, 21, 22, 23, 25, 27, 28, 29, 31, 
      32, 34, 35, 37, 39, 40, 41, 42 ], 
  [ 1, 3, 6, 8, 9, 10, 13, 14, 16, 20, 21, 22, 23, 24, 25, 26, 27, 28, 29, 
      32, 33, 34, 35, 39, 40, 41, 43 ], 
  [ 1, 4, 6, 7, 8, 9, 10, 13, 15, 16, 19, 21, 22, 23, 25, 27, 28, 29, 31, 
      32, 34, 35, 37, 39, 40, 41, 42 ], 
  [ 1, 4, 6, 7, 8, 9, 10, 13, 14, 16, 21, 22, 23, 24, 25, 26, 27, 28, 29, 
      32, 33, 34, 35, 39, 40, 41, 43 ], 
  [ 2, 4, 5, 6, 7, 8, 11, 13, 14, 17, 18, 20, 21, 22, 23, 24, 25, 26, 27, 
      28, 33, 34, 35, 39, 40, 41, 43 ], 
  [ 1, 3, 8, 9, 11, 13, 15, 17, 18, 19, 20, 21, 22, 27, 28, 29, 31, 32, 34, 
      35, 37, 38, 39, 40, 41, 42, 43 ], 
  [ 1, 3, 8, 9, 11, 13, 15, 16, 19, 20, 21, 22, 23, 25, 27, 28, 29, 30, 32, 
      33, 36, 37, 38, 39, 41, 42, 43 ], 
  [ 1, 4, 6, 7, 8, 9, 11, 13, 15, 17, 18, 20, 21, 22, 26, 27, 29, 31, 32, 
      34, 35, 37, 38, 40, 41, 42, 43 ], 
  [ 1, 4, 6, 7, 8, 9, 11, 13, 15, 16, 20, 21, 22, 23, 25, 26, 27, 29, 32, 
      33, 34, 35, 39, 40, 41, 42, 43 ], 
  [ 1, 4, 6, 7, 8, 9, 11, 13, 15, 16, 20, 21, 22, 23, 25, 26, 27, 29, 30, 
      32, 33, 36, 37, 38, 41, 42, 43 ], 
  [ 1, 4, 6, 7, 8, 9, 11, 13, 14, 16, 20, 21, 22, 23, 24, 25, 26, 27, 28, 
      29, 31, 32, 34, 35, 37, 40, 41 ], 
  [ 1, 3, 6, 8, 9, 10, 13, 15, 17, 18, 19, 20, 21, 22, 27, 28, 29, 31, 32, 
      34, 35, 37, 38, 39, 40, 41, 42, 43 ], 
  [ 1, 3, 6, 8, 9, 10, 13, 15, 16, 19, 20, 21, 22, 23, 25, 27, 28, 29, 30, 
      32, 33, 36, 37, 38, 39, 41, 42, 43 ], 
  [ 1, 4, 6, 7, 8, 9, 10, 13, 15, 17, 18, 19, 21, 22, 27, 28, 29, 31, 32, 
      34, 35, 37, 38, 39, 40, 41, 42, 43 ], 
  [ 1, 4, 6, 7, 8, 9, 10, 13, 15, 16, 19, 21, 22, 23, 25, 27, 28, 29, 30, 
      32, 33, 36, 37, 38, 39, 41, 42, 43 ], 
  [ 2, 3, 5, 11, 13, 14, 16, 20, 21, 22, 23, 24, 25, 26, 27, 28, 30, 32, 33, 
      34, 36, 37, 38, 39, 40, 41, 42, 43 ], 
  [ 1, 4, 6, 7, 8, 9, 11, 13, 15, 16, 19, 20, 21, 22, 23, 25, 27, 28, 29, 
      31, 32, 34, 35, 37, 39, 40, 41, 42 ], 
  [ 1, 4, 6, 7, 8, 9, 11, 13, 14, 16, 20, 21, 22, 23, 24, 25, 26, 27, 28, 
      29, 32, 33, 34, 35, 39, 40, 41, 43 ], 
  [ 2, 3, 5, 6, 10, 13, 14, 16, 20, 21, 22, 23, 24, 25, 26, 27, 28, 30, 32, 
      33, 34, 36, 37, 38, 39, 40, 41, 42, 43 ], 
  [ 2, 4, 5, 6, 7, 10, 13, 14, 16, 21, 22, 23, 24, 25, 26, 27, 28, 30, 32, 
      33, 34, 36, 37, 38, 39, 40, 41, 42, 43 ], 
  [ 2, 3, 5, 8, 11, 13, 14, 17, 18, 20, 21, 22, 23, 24, 25, 26, 27, 28, 30, 
      33, 34, 36, 37, 38, 39, 40, 41, 42, 43 ], 
  [ 2, 3, 5, 8, 11, 13, 14, 17, 18, 20, 21, 22, 23, 24, 25, 26, 27, 28, 29, 
      31, 32, 33, 35, 36, 37, 38, 40, 41, 43 ], 
  [ 1, 4, 6, 7, 8, 9, 11, 13, 15, 17, 18, 19, 20, 21, 22, 27, 28, 29, 31, 
      32, 34, 35, 37, 38, 39, 40, 41, 42, 43 ], 
  [ 1, 4, 6, 7, 8, 9, 11, 13, 15, 16, 19, 20, 21, 22, 23, 25, 27, 28, 29, 
      30, 32, 33, 36, 37, 38, 39, 41, 42, 43 ], 
  [ 2, 3, 5, 6, 8, 10, 13, 14, 17, 18, 20, 21, 22, 23, 24, 25, 26, 27, 28, 
      30, 33, 34, 36, 37, 38, 39, 40, 41, 42, 43 ], 
  [ 2, 3, 5, 6, 8, 10, 13, 14, 17, 18, 20, 21, 22, 23, 24, 25, 26, 27, 28, 
      29, 31, 32, 33, 35, 36, 37, 38, 40, 41, 43 ], 
  [ 2, 4, 5, 6, 7, 8, 10, 13, 14, 17, 18, 21, 22, 23, 24, 25, 26, 27, 28, 
      30, 33, 34, 36, 37, 38, 39, 40, 41, 42, 43 ], 
  [ 2, 4, 5, 6, 7, 8, 10, 13, 14, 17, 18, 21, 22, 23, 24, 25, 26, 27, 28, 
      29, 31, 32, 33, 35, 36, 37, 38, 40, 41, 43 ], 
  [ 2, 4, 5, 6, 7, 11, 13, 14, 16, 20, 21, 22, 23, 24, 25, 26, 27, 28, 30, 
      32, 33, 34, 36, 37, 38, 39, 40, 41, 42, 43 ], 
  [ 1, 3, 8, 9, 11, 13, 14, 16, 20, 21, 22, 23, 24, 25, 26, 27, 28, 29, 30, 
      32, 33, 34, 36, 37, 38, 39, 40, 41, 42, 43 ], 
  [ 2, 3, 5, 8, 9, 11, 13, 15, 17, 18, 19, 20, 21, 22, 23, 24, 25, 26, 27, 
      28, 30, 33, 34, 36, 37, 38, 39, 41, 42, 43 ], 
  [ 1, 2, 3, 4, 5, 6, 7, 10, 11, 12, 13, 14, 15, 16, 17, 20, 21, 22, 25, 26, 
      30, 31, 32, 34, 35, 37, 38, 40, 41, 42 ], 
  [ 1, 3, 6, 8, 9, 10, 13, 14, 16, 20, 21, 22, 23, 24, 25, 26, 27, 28, 29, 
      30, 32, 33, 34, 36, 37, 38, 39, 40, 41, 42, 43 ], 
  [ 2, 3, 5, 6, 8, 9, 10, 13, 15, 17, 18, 19, 20, 21, 22, 23, 24, 25, 26, 
      27, 28, 30, 33, 34, 36, 37, 38, 39, 41, 42, 43 ], 
  [ 1, 4, 6, 7, 8, 9, 10, 13, 14, 16, 21, 22, 23, 24, 25, 26, 27, 28, 29, 
      30, 32, 33, 34, 36, 37, 38, 39, 40, 41, 42, 43 ], 
  [ 2, 4, 5, 6, 7, 8, 9, 10, 13, 15, 17, 18, 19, 21, 22, 23, 24, 25, 26, 27, 
      28, 30, 33, 34, 36, 37, 38, 39, 41, 42, 43 ], 
  [ 2, 4, 5, 6, 7, 8, 11, 13, 14, 17, 18, 20, 21, 22, 23, 24, 25, 26, 27, 
      28, 30, 33, 34, 36, 37, 38, 39, 40, 41, 42, 43 ], 
  [ 2, 4, 5, 6, 7, 8, 11, 13, 14, 17, 18, 20, 21, 22, 23, 24, 25, 26, 27, 
      28, 29, 31, 32, 33, 35, 36, 37, 38, 40, 41, 43 ], 
  [ 1, 2, 3, 4, 5, 6, 7, 10, 11, 12, 13, 14, 15, 16, 17, 20, 21, 22, 25, 26, 
      30, 32, 33, 34, 35, 38, 39, 40, 41, 42, 43 ], 
  [ 1, 2, 3, 4, 6, 7, 8, 9, 10, 11, 12, 13, 14, 15, 16, 17, 18, 19, 20, 22, 
      23, 24, 27, 28, 29, 30, 33, 35, 36, 39, 43 ], 
  [ 1, 4, 6, 7, 8, 9, 11, 13, 14, 16, 20, 21, 22, 23, 24, 25, 26, 27, 28, 
      29, 30, 32, 33, 34, 36, 37, 38, 39, 40, 41, 42, 43 ], 
  [ 2, 4, 5, 6, 7, 8, 9, 11, 13, 15, 17, 18, 19, 20, 21, 22, 23, 24, 25, 26, 
      27, 28, 30, 33, 34, 36, 37, 38, 39, 41, 42, 43 ], 
  [ 1, 2, 3, 4, 5, 6, 7, 10, 11, 12, 13, 14, 15, 16, 17, 18, 20, 21, 22, 26, 
      27, 30, 31, 32, 34, 35, 37, 38, 40, 41, 42, 43 ], 
  [ 1, 2, 3, 4, 5, 6, 7, 8, 10, 11, 12, 13, 14, 15, 16, 17, 18, 20, 21, 22, 
      23, 25, 26, 27, 30, 31, 34, 35, 37, 40, 41, 42 ], 
  [ 1, 2, 3, 4, 5, 6, 7, 8, 10, 11, 12, 13, 14, 15, 16, 17, 18, 20, 21, 22, 
      23, 25, 26, 27, 30, 33, 34, 35, 39, 40, 41, 42, 43 ], 
  [ 1, 2, 3, 4, 6, 7, 8, 9, 10, 11, 12, 13, 14, 15, 16, 17, 18, 20, 22, 23, 
      24, 26, 27, 29, 30, 33, 34, 35, 36, 39, 40, 42, 43 ], 
  [ 2, 3, 5, 8, 9, 11, 13, 15, 17, 18, 19, 20, 21, 22, 23, 24, 25, 26, 27, 
      28, 29, 31, 32, 33, 34, 35, 36, 37, 38, 39, 40, 41, 42, 43 ], 
  [ 1, 2, 3, 4, 5, 6, 7, 10, 11, 12, 13, 14, 15, 16, 17, 18, 19, 20, 21, 22, 
      27, 28, 30, 31, 32, 34, 35, 37, 38, 39, 40, 41, 42, 43 ], 
  [ 1, 2, 3, 4, 5, 6, 7, 8, 10, 11, 12, 13, 14, 15, 16, 17, 18, 19, 20, 21, 
      22, 23, 25, 27, 28, 30, 31, 34, 35, 37, 39, 40, 41, 42 ], 
  [ 1, 2, 3, 4, 6, 7, 8, 9, 10, 11, 12, 13, 14, 15, 16, 17, 20, 22, 23, 24, 
      25, 26, 29, 30, 31, 32, 34, 35, 36, 37, 38, 40, 41, 42 ], 
  [ 1, 2, 3, 4, 5, 6, 7, 8, 9, 10, 11, 12, 13, 14, 15, 16, 17, 18, 19, 20, 
      21, 22, 23, 24, 25, 26, 27, 28, 30, 31, 34, 35, 37, 41 ], 
  [ 2, 3, 5, 6, 8, 9, 10, 13, 15, 17, 18, 19, 20, 21, 22, 23, 24, 25, 26, 
      27, 28, 29, 31, 32, 33, 34, 35, 36, 37, 38, 39, 40, 41, 42, 43 ], 
  [ 2, 4, 5, 6, 7, 8, 9, 10, 13, 15, 17, 18, 19, 21, 22, 23, 24, 25, 26, 27, 
      28, 29, 31, 32, 33, 34, 35, 36, 37, 38, 39, 40, 41, 42, 43 ], 
  [ 1, 2, 3, 4, 6, 7, 8, 9, 10, 11, 12, 13, 14, 15, 16, 17, 20, 22, 23, 24, 
      25, 26, 29, 30, 32, 33, 34, 35, 36, 38, 39, 40, 41, 42, 43 ], 
  [ 1, 2, 3, 4, 5, 6, 7, 8, 9, 10, 11, 12, 13, 14, 15, 16, 17, 18, 19, 20, 
      21, 22, 23, 24, 25, 26, 27, 28, 30, 33, 34, 35, 39, 41, 43 ], 
  [ 2, 4, 5, 6, 7, 8, 9, 11, 13, 15, 17, 18, 19, 20, 21, 22, 23, 24, 25, 26, 
      27, 28, 29, 31, 32, 33, 34, 35, 36, 37, 38, 39, 40, 41, 42, 43 ], 
  [ 1, 2, 3, 4, 6, 7, 8, 9, 10, 11, 12, 13, 14, 15, 16, 17, 18, 20, 22, 23, 
      24, 26, 27, 29, 30, 31, 32, 34, 35, 36, 37, 38, 40, 41, 42, 43 ], 
  [ 1, 2, 3, 4, 5, 6, 7, 8, 10, 11, 12, 13, 14, 15, 16, 17, 18, 20, 21, 22, 
      23, 25, 26, 27, 29, 30, 31, 32, 33, 35, 36, 37, 38, 40, 41, 42, 43 ], 
  [ 1, 2, 3, 4, 6, 7, 8, 9, 10, 11, 12, 13, 14, 15, 16, 17, 18, 19, 20, 22, 
      23, 24, 27, 28, 29, 30, 31, 32, 34, 35, 36, 37, 38, 39, 40, 41, 42, 43 
     ], [ 1, 2, 3, 4, 5, 6, 7, 8, 10, 11, 12, 13, 14, 15, 16, 17, 18, 19, 
      20, 21, 22, 23, 25, 27, 28, 29, 30, 31, 32, 33, 35, 36, 37, 38, 39, 
      40, 41, 42, 43 ], 
  [ 1, 2, 3, 4, 5, 6, 7, 8, 9, 10, 11, 12, 13, 14, 15, 16, 17, 18, 19, 20, 
      21, 22, 23, 24, 25, 26, 27, 28, 29, 30, 31, 32, 33, 35, 36, 37, 38, 
      41, 43 ], 
  [ 1, 2, 3, 4, 5, 6, 8, 9, 10, 11, 12, 13, 14, 15, 16, 17, 18, 19, 20, 21, 
      23, 24, 25, 26, 27, 28, 29, 30, 31, 32, 33, 34, 35, 36, 37, 38, 39, 
      40, 41, 42, 43 ], 
  [ 1, 2, 3, 4, 5, 7, 8, 9, 10, 11, 12, 13, 14, 15, 16, 17, 18, 19, 21, 22, 
      23, 24, 25, 26, 27, 28, 29, 30, 31, 32, 33, 34, 35, 36, 37, 38, 39, 
      40, 41, 42, 43 ] ];
