return 
[ [ 1, 2, 3, 4, 5, 6, 7, 8, 9, 10, 11, 12, 13, 14, 15, 16, 17, 18, 19, 20, 
      21, 22, 23, 24, 25, 26, 27, 28, 29, 30, 31, 32, 33, 35, 36, 37, 38, 
      40, 41, 42, 43, 44 ], 
  [ 1, 2, 3, 4, 6, 7, 8, 9, 11, 12, 15, 16, 17, 18, 19, 20, 21, 22, 23, 24, 
      25, 26, 31, 32, 33, 34, 35, 37, 38, 41, 42, 43 ], 
  [ 3, 4, 6, 8, 9, 10, 11, 12, 13, 14, 15, 16, 17, 18, 23, 24, 25, 26, 27, 
      28, 29, 30, 31, 32, 33, 34, 35, 36, 38, 39, 40, 41, 42, 43, 44 ], 
  [ 2, 3, 5, 6, 7, 8, 9, 10, 11, 12, 13, 14, 15, 16, 17, 19, 21, 23, 25, 26, 
      27, 28, 29, 30, 31, 32, 33, 34, 35, 36, 38, 39, 40, 41, 42, 43, 44 ], 
  [ 1, 2, 3, 4, 6, 8, 9, 11, 13, 14, 15, 16, 17, 18, 19, 20, 21, 22, 23, 24, 
      25, 26, 27, 28, 29, 30, 31, 32, 33, 34, 35, 36, 37, 38, 39, 40, 41, 
      42, 43, 44 ], 
  [ 1, 2, 3, 4, 6, 7, 8, 9, 11, 12, 15, 16, 17, 18, 19, 20, 21, 22, 23, 24, 
      25, 26, 31, 32, 33, 34, 35, 36, 37, 38, 39, 40, 43, 44 ], 
  [ 1, 2, 3, 4, 5, 6, 7, 8, 9, 10, 11, 12, 14, 15, 17, 18, 19, 20, 21, 22, 
      23, 24, 25, 26, 31, 32, 33, 34, 35, 37, 38, 39, 41, 42, 43 ], 
  [ 2, 3, 7, 8, 9, 10, 11, 12, 13, 16, 17, 18, 21, 23, 25, 26, 29, 32, 33, 
      34, 35, 36, 38, 39, 40, 42, 43, 44 ], 
  [ 2, 3, 7, 8, 9, 10, 11, 12, 13, 16, 17, 18, 21, 23, 25, 26, 29, 32, 34, 
      35, 38, 41, 42, 43 ], 
  [ 3, 4, 6, 8, 11, 12, 13, 16, 17, 19, 23, 24, 25, 28, 31, 32, 33, 34, 35, 
      36, 38, 39, 40, 42, 43, 44 ], 
  [ 3, 4, 6, 8, 11, 12, 13, 16, 17, 19, 23, 24, 25, 28, 31, 32, 34, 35, 38, 
      41, 42, 43 ], 
  [ 3, 4, 6, 12, 15, 16, 17, 19, 23, 24, 25, 28, 31, 32, 33, 34, 35, 38, 41, 
      42, 43 ], 
  [ 2, 3, 6, 9, 11, 12, 15, 16, 17, 19, 23, 24, 25, 28, 31, 32, 33, 34, 35, 
      38, 41, 42, 43 ], 
  [ 1, 2, 3, 4, 7, 8, 11, 12, 13, 16, 17, 18, 19, 20, 21, 22, 23, 24, 25, 
      26, 31, 32, 33, 34, 35, 36, 37, 38, 39, 40, 42, 43, 44 ], 
  [ 1, 2, 3, 4, 7, 8, 11, 12, 13, 16, 17, 18, 19, 20, 21, 22, 23, 24, 25, 
      26, 31, 32, 34, 35, 37, 38, 41, 42, 43 ], 
  [ 1, 2, 3, 4, 5, 6, 7, 8, 9, 10, 11, 12, 13, 16, 17, 18, 19, 20, 21, 22, 
      23, 24, 25, 28, 29, 32, 33, 34, 35, 36, 37, 38, 39, 40, 42, 43, 44 ], 
  [ 1, 2, 3, 4, 5, 6, 7, 8, 9, 10, 11, 12, 13, 16, 17, 18, 19, 20, 21, 22, 
      23, 24, 25, 28, 29, 32, 34, 35, 37, 38, 41, 42, 43 ], 
  [ 1, 2, 3, 4, 5, 6, 7, 9, 10, 12, 15, 16, 17, 18, 19, 20, 21, 22, 23, 24, 
      25, 28, 29, 32, 33, 34, 35, 37, 38, 41, 42, 43 ], 
  [ 3, 4, 6, 8, 9, 10, 11, 12, 13, 14, 15, 16, 18, 20, 22, 24, 25, 26, 27, 
      28, 29, 30, 31, 32, 33, 34, 35, 36, 39, 41, 42, 43, 44 ], 
  [ 3, 4, 6, 8, 9, 11, 12, 15, 16, 17, 18, 22, 24, 25, 26, 30, 31, 33, 34, 
      37, 38, 40, 41, 42, 43 ], 
  [ 3, 4, 6, 8, 9, 11, 12, 15, 16, 17, 18, 22, 24, 25, 26, 30, 31, 33, 34, 
      35, 41, 42, 43 ], 
  [ 3, 4, 6, 7, 8, 9, 10, 12, 15, 16, 17, 18, 21, 23, 25, 26, 29, 32, 33, 
      34, 35, 38, 41, 42, 43 ], 
  [ 2, 3, 9, 10, 11, 12, 13, 14, 15, 16, 17, 18, 23, 24, 25, 26, 27, 28, 29, 
      30, 31, 32, 33, 34, 35, 36, 38, 39, 40, 41, 42, 43, 44 ], 
  [ 1, 2, 3, 4, 5, 6, 7, 8, 9, 10, 11, 12, 13, 14, 15, 16, 17, 18, 19, 20, 
      21, 22, 23, 24, 25, 26, 27, 28, 29, 30, 31, 32, 33, 34, 35, 37, 39, 
      41, 42, 44 ], 
  [ 1, 2, 3, 4, 6, 7, 8, 9, 11, 12, 15, 16, 17, 18, 19, 20, 21, 22, 23, 24, 
      26, 27, 30, 31, 33, 34, 35, 36, 37, 38, 40, 41, 42, 43 ], 
  [ 3, 4, 6, 8, 11, 12, 13, 16, 19, 20, 22, 24, 25, 28, 31, 32, 33, 34, 35, 
      36, 39, 42, 43, 44 ], 
  [ 3, 4, 6, 8, 11, 12, 16, 17, 19, 22, 24, 25, 31, 33, 34, 37, 38, 40, 42, 
      43 ], 
  [ 3, 4, 6, 8, 11, 12, 13, 16, 19, 20, 22, 24, 25, 28, 31, 32, 34, 35, 41, 
      42, 43 ], 
  [ 3, 4, 6, 8, 11, 12, 13, 16, 17, 19, 22, 24, 25, 28, 30, 31, 34, 37, 38, 
      40, 41, 42, 43 ], 
  [ 3, 4, 6, 8, 11, 12, 13, 16, 17, 19, 22, 24, 25, 28, 30, 31, 33, 34, 35, 
      36, 39, 40, 42, 43, 44 ], 
  [ 3, 4, 6, 8, 11, 12, 13, 16, 17, 19, 22, 24, 25, 28, 30, 31, 34, 35, 41, 
      42, 43 ], 
  [ 3, 4, 6, 7, 8, 12, 15, 16, 17, 19, 21, 22, 25, 26, 30, 31, 33, 34, 35, 
      41, 42, 43 ], 
  [ 2, 3, 6, 7, 8, 9, 11, 12, 15, 16, 17, 19, 21, 22, 25, 26, 30, 31, 33, 
      34, 35, 41, 42, 43 ], 
  [ 3, 4, 6, 12, 15, 16, 17, 19, 22, 24, 25, 28, 30, 31, 33, 34, 35, 41, 42, 
      43 ], 
  [ 2, 3, 6, 9, 11, 12, 15, 16, 17, 19, 22, 24, 25, 28, 30, 31, 33, 34, 35, 
      41, 42, 43 ], 
  [ 1, 4, 5, 6, 7, 8, 11, 12, 13, 16, 17, 19, 22, 24, 25, 28, 30, 31, 33, 
      34, 35, 36, 39, 40, 42, 43, 44 ], 
  [ 1, 4, 5, 6, 7, 8, 11, 12, 13, 16, 17, 19, 22, 24, 25, 28, 30, 31, 34, 
      35, 41, 42, 43 ], 
  [ 3, 4, 6, 12, 15, 16, 19, 20, 22, 24, 25, 28, 31, 32, 33, 34, 35, 41, 42, 
      43 ], 
  [ 3, 4, 6, 12, 15, 16, 17, 19, 22, 24, 25, 28, 30, 31, 33, 34, 37, 38, 40, 
      41, 42, 43 ], 
  [ 1, 4, 5, 6, 7, 12, 15, 16, 17, 19, 22, 24, 25, 28, 30, 31, 33, 34, 35, 
      41, 42, 43 ], 
  [ 3, 4, 6, 7, 8, 12, 15, 16, 17, 19, 21, 22, 25, 26, 30, 31, 33, 34, 37, 
      38, 40, 41, 42, 43 ], 
  [ 2, 3, 5, 6, 7, 8, 9, 10, 11, 12, 13, 14, 15, 16, 19, 20, 21, 22, 25, 26, 
      27, 28, 29, 30, 31, 32, 33, 34, 35, 36, 39, 41, 42, 43, 44 ], 
  [ 2, 3, 6, 7, 8, 9, 11, 12, 15, 16, 17, 19, 21, 22, 25, 26, 30, 31, 33, 
      34, 37, 38, 40, 41, 42, 43 ], 
  [ 2, 3, 6, 9, 11, 12, 15, 16, 19, 20, 22, 24, 25, 28, 31, 32, 33, 34, 35, 
      41, 42, 43 ], 
  [ 2, 3, 6, 9, 11, 12, 15, 16, 17, 19, 22, 24, 25, 28, 30, 31, 33, 34, 37, 
      38, 40, 41, 42, 43 ], 
  [ 1, 4, 5, 6, 7, 8, 11, 12, 13, 16, 19, 20, 22, 24, 25, 28, 31, 32, 33, 
      34, 35, 36, 39, 42, 43, 44 ], 
  [ 1, 4, 6, 7, 8, 11, 12, 16, 17, 19, 22, 24, 25, 31, 33, 34, 37, 38, 40, 
      42, 43 ], 
  [ 1, 4, 5, 6, 7, 8, 11, 12, 13, 16, 19, 20, 22, 24, 25, 28, 31, 32, 34, 
      35, 41, 42, 43 ], 
  [ 1, 4, 5, 6, 7, 8, 11, 12, 13, 16, 17, 19, 22, 24, 25, 28, 30, 31, 34, 
      37, 38, 40, 41, 42, 43 ], 
  [ 1, 4, 6, 7, 8, 15, 16, 17, 19, 21, 22, 25, 26, 30, 31, 33, 34, 35, 41, 
      42, 43 ], 
  [ 1, 2, 5, 6, 7, 9, 11, 12, 15, 16, 17, 19, 22, 24, 25, 28, 30, 31, 33, 
      34, 35, 41, 42, 43 ], 
  [ 1, 4, 5, 6, 7, 12, 15, 16, 19, 20, 22, 24, 25, 28, 31, 32, 33, 34, 35, 
      41, 42, 43 ], 
  [ 1, 4, 5, 6, 7, 12, 15, 16, 17, 19, 22, 24, 25, 28, 30, 31, 33, 34, 37, 
      38, 40, 41, 42, 43 ], 
  [ 1, 4, 5, 6, 7, 12, 15, 16, 17, 19, 23, 24, 25, 28, 31, 32, 33, 34, 35, 
      38, 41, 42, 43 ], 
  [ 1, 4, 5, 6, 7, 8, 13, 14, 15, 16, 19, 20, 21, 22, 25, 26, 27, 28, 29, 
      30, 31, 32, 33, 34, 35, 36, 39, 41, 42, 43, 44 ], 
  [ 1, 4, 6, 7, 8, 15, 16, 17, 19, 21, 22, 25, 26, 30, 31, 33, 34, 37, 38, 
      40, 41, 42, 43 ], 
  [ 1, 2, 5, 6, 7, 9, 11, 12, 15, 16, 19, 20, 22, 24, 25, 28, 31, 32, 33, 
      34, 35, 41, 42, 43 ], 
  [ 1, 2, 5, 6, 7, 9, 11, 12, 15, 16, 17, 19, 22, 24, 25, 28, 30, 31, 33, 
      34, 37, 38, 40, 41, 42, 43 ], 
  [ 3, 4, 6, 8, 11, 12, 13, 16, 17, 19, 22, 24, 25, 28, 30, 31, 33, 34, 37, 
      39, 40, 42, 44 ], 
  [ 3, 4, 6, 8, 11, 12, 17, 19, 22, 24, 25, 31, 33, 34, 37, 38, 39, 40, 42, 
      43 ], 
  [ 3, 4, 6, 12, 15, 16, 17, 19, 23, 24, 27, 28, 30, 31, 33, 34, 35, 36, 38, 
      40, 41, 42, 43 ], 
  [ 3, 4, 6, 12, 15, 16, 19, 20, 22, 24, 27, 28, 30, 31, 33, 34, 35, 36, 41, 
      42, 43 ], 
  [ 3, 4, 5, 6, 7, 10, 12, 15, 16, 17, 19, 21, 22, 25, 28, 29, 30, 33, 34, 
      35, 41, 42, 43 ], 
  [ 3, 4, 6, 9, 10, 12, 15, 16, 17, 18, 22, 24, 25, 28, 29, 30, 33, 34, 35, 
      41, 42, 43 ], 
  [ 3, 4, 5, 6, 10, 12, 14, 15, 19, 20, 22, 24, 25, 28, 31, 32, 33, 34, 35, 
      39, 41, 42, 43 ], 
  [ 3, 4, 5, 6, 7, 8, 10, 12, 14, 15, 17, 19, 21, 22, 25, 26, 30, 31, 33, 
      34, 37, 38, 39, 40, 41, 42, 43 ], 
  [ 2, 3, 5, 6, 7, 8, 9, 10, 11, 12, 14, 15, 17, 19, 21, 22, 25, 26, 30, 31, 
      33, 34, 37, 38, 39, 40, 41, 42, 43 ], 
  [ 1, 4, 5, 6, 7, 8, 11, 12, 17, 19, 22, 24, 25, 31, 33, 34, 37, 38, 39, 
      40, 42, 43 ], 
  [ 3, 4, 5, 6, 8, 10, 11, 12, 14, 17, 19, 22, 24, 25, 31, 33, 37, 38, 39, 
      40, 42, 43 ], 
  [ 3, 4, 5, 6, 10, 12, 14, 15, 17, 19, 23, 24, 25, 28, 31, 32, 33, 34, 35, 
      38, 39, 41, 42, 43 ], 
  [ 2, 3, 11, 12, 13, 16, 19, 20, 22, 24, 25, 28, 31, 32, 34, 35, 41, 42, 43 
     ], [ 3, 4, 6, 8, 11, 12, 13, 16, 19, 20, 22, 24, 27, 28, 30, 31, 34, 
      35, 36, 41, 42, 43 ], 
  [ 2, 3, 11, 12, 13, 16, 19, 20, 23, 24, 27, 28, 31, 32, 34, 35, 36, 38, 
      41, 42, 43 ], 
  [ 2, 3, 11, 12, 13, 16, 19, 20, 22, 24, 27, 28, 30, 31, 34, 35, 36, 41, 
      42, 43 ], 
  [ 2, 3, 11, 12, 13, 16, 17, 19, 23, 24, 25, 28, 31, 32, 34, 35, 38, 41, 
      42, 43 ], 
  [ 2, 3, 11, 12, 13, 16, 17, 19, 22, 24, 25, 28, 30, 31, 34, 35, 41, 42, 43 
     ], [ 2, 3, 11, 12, 13, 16, 19, 20, 22, 24, 25, 28, 31, 32, 33, 34, 35, 
      36, 39, 42, 43, 44 ], 
  [ 1, 2, 3, 4, 7, 8, 11, 12, 13, 16, 17, 18, 19, 20, 21, 22, 23, 24, 26, 
      27, 30, 31, 34, 35, 36, 37, 38, 40, 41, 42, 43 ], 
  [ 2, 3, 7, 8, 11, 12, 13, 16, 17, 19, 21, 22, 25, 26, 30, 31, 34, 35, 41, 
      42, 43 ], 
  [ 2, 3, 11, 12, 13, 16, 17, 18, 22, 24, 25, 26, 30, 31, 34, 35, 41, 42, 43 
     ], [ 2, 3, 11, 12, 13, 16, 17, 19, 23, 24, 27, 28, 30, 31, 34, 35, 36, 
      38, 40, 41, 42, 43 ], 
  [ 1, 2, 3, 4, 5, 6, 7, 8, 9, 10, 11, 12, 13, 16, 17, 18, 19, 20, 21, 22, 
      23, 24, 27, 28, 29, 30, 34, 35, 36, 37, 38, 40, 41, 42, 43 ], 
  [ 2, 3, 5, 6, 7, 8, 9, 10, 11, 12, 13, 16, 17, 19, 21, 22, 25, 28, 29, 30, 
      34, 35, 41, 42, 43 ], 
  [ 2, 3, 9, 10, 11, 12, 13, 16, 17, 18, 22, 24, 25, 28, 29, 30, 34, 35, 41, 
      42, 43 ], 
  [ 2, 3, 11, 12, 13, 16, 17, 19, 22, 24, 25, 28, 30, 31, 33, 34, 35, 36, 
      39, 40, 42, 43, 44 ], 
  [ 1, 2, 7, 11, 12, 13, 16, 17, 18, 22, 24, 25, 26, 30, 31, 34, 35, 41, 42, 
      43 ], [ 2, 3, 11, 12, 13, 16, 17, 18, 22, 24, 25, 26, 30, 31, 33, 34, 
      35, 36, 39, 40, 42, 43, 44 ], 
  [ 2, 3, 11, 12, 13, 16, 17, 18, 22, 24, 25, 26, 30, 31, 34, 37, 38, 40, 
      41, 42, 43 ], 
  [ 2, 3, 11, 12, 13, 16, 19, 20, 22, 24, 27, 28, 30, 31, 33, 34, 35, 36, 
      39, 42, 44 ], 
  [ 2, 3, 5, 10, 11, 12, 13, 14, 19, 20, 22, 24, 27, 28, 30, 31, 34, 35, 36, 
      39, 41, 42, 43 ], 
  [ 2, 3, 11, 12, 13, 16, 17, 19, 23, 24, 25, 28, 31, 32, 33, 34, 35, 36, 
      38, 39, 40, 42, 43, 44 ], 
  [ 1, 2, 5, 7, 9, 10, 11, 12, 13, 16, 17, 18, 22, 24, 25, 28, 29, 30, 34, 
      35, 41, 42, 43 ], 
  [ 1, 2, 7, 11, 12, 13, 16, 17, 18, 22, 24, 25, 26, 30, 31, 33, 34, 35, 36, 
      39, 40, 42, 43, 44 ], 
  [ 1, 2, 7, 11, 12, 13, 16, 17, 18, 22, 24, 25, 26, 30, 31, 34, 37, 38, 40, 
      41, 42, 43 ], 
  [ 3, 4, 6, 8, 11, 12, 13, 16, 17, 19, 23, 24, 27, 28, 30, 31, 34, 35, 36, 
      38, 40, 41, 42, 43 ], 
  [ 1, 4, 5, 6, 7, 8, 11, 12, 13, 16, 17, 19, 22, 24, 25, 28, 30, 31, 33, 
      34, 37, 39, 40, 42, 44 ], 
  [ 1, 4, 5, 6, 7, 8, 13, 16, 17, 19, 21, 22, 25, 28, 29, 30, 33, 34, 35, 
      36, 39, 40, 42, 43, 44 ], 
  [ 1, 4, 5, 6, 7, 15, 16, 17, 19, 21, 22, 25, 28, 29, 30, 33, 34, 35, 41, 
      42, 43 ], 
  [ 1, 4, 6, 7, 8, 15, 16, 17, 19, 21, 22, 25, 26, 30, 31, 33, 34, 35, 36, 
      39, 40, 43, 44 ], 
  [ 1, 4, 5, 6, 7, 8, 14, 15, 17, 19, 21, 22, 25, 26, 30, 31, 33, 34, 35, 
      39, 41, 42, 43 ], 
  [ 1, 4, 5, 6, 7, 12, 15, 16, 19, 20, 22, 24, 27, 28, 30, 31, 33, 34, 35, 
      36, 41, 42, 43 ], 
  [ 2, 3, 11, 12, 13, 16, 19, 20, 23, 24, 27, 28, 31, 32, 33, 34, 35, 36, 
      39, 42, 44 ], 
  [ 2, 3, 7, 8, 11, 12, 13, 16, 19, 20, 21, 23, 26, 27, 31, 32, 34, 35, 36, 
      38, 41, 42, 43 ], 
  [ 2, 3, 5, 6, 7, 8, 9, 10, 11, 12, 13, 16, 19, 20, 21, 23, 27, 28, 29, 32, 
      34, 35, 36, 38, 41, 42, 43 ], 
  [ 2, 3, 9, 10, 11, 12, 13, 16, 18, 20, 23, 24, 27, 28, 29, 32, 34, 35, 36, 
      38, 41, 42, 43 ], 
  [ 2, 3, 7, 8, 11, 12, 13, 16, 17, 19, 21, 22, 25, 26, 30, 31, 33, 34, 35, 
      36, 39, 40, 42, 43, 44 ], 
  [ 2, 3, 11, 12, 13, 16, 17, 18, 22, 24, 25, 26, 30, 31, 33, 34, 37, 39, 
      40, 42, 44 ], 
  [ 2, 3, 11, 12, 13, 16, 17, 19, 23, 24, 27, 28, 30, 31, 33, 34, 35, 36, 
      39, 40, 42, 44 ], 
  [ 1, 2, 3, 4, 7, 8, 11, 12, 13, 16, 17, 18, 19, 20, 21, 22, 23, 24, 26, 
      27, 30, 31, 33, 34, 35, 36, 37, 39, 40, 42, 44 ], 
  [ 1, 4, 5, 6, 7, 9, 10, 12, 15, 16, 17, 18, 22, 24, 25, 28, 29, 30, 33, 
      34, 35, 41, 42, 43 ], 
  [ 2, 3, 7, 8, 11, 12, 13, 16, 19, 20, 21, 23, 26, 27, 31, 32, 33, 34, 35, 
      36, 39, 42, 44 ], 
  [ 2, 3, 5, 6, 7, 8, 9, 10, 11, 12, 13, 16, 19, 20, 21, 23, 27, 28, 29, 32, 
      33, 34, 35, 36, 39, 42, 44 ], 
  [ 1, 2, 7, 11, 12, 13, 16, 17, 18, 22, 24, 25, 26, 30, 31, 33, 34, 37, 39, 
      40, 42, 44 ], 
  [ 3, 4, 6, 7, 8, 12, 15, 16, 17, 19, 21, 22, 25, 26, 30, 31, 33, 34, 35, 
      36, 39, 40, 43, 44 ], 
  [ 3, 4, 5, 6, 7, 8, 10, 12, 14, 15, 17, 19, 21, 22, 25, 26, 30, 31, 33, 
      34, 35, 39, 41, 42, 43 ], 
  [ 2, 3, 6, 9, 11, 12, 16, 17, 19, 22, 24, 28, 30, 33, 34, 35, 36, 40, 42, 
      43 ], 
  [ 2, 3, 6, 9, 11, 12, 15, 16, 17, 19, 23, 24, 27, 28, 30, 31, 33, 34, 35, 
      36, 38, 40, 41, 42, 43 ], 
  [ 3, 4, 5, 6, 7, 10, 12, 15, 16, 17, 19, 21, 22, 25, 28, 29, 30, 33, 34, 
      37, 38, 40, 41, 42, 43 ], 
  [ 1, 4, 5, 6, 7, 12, 15, 16, 17, 19, 23, 24, 27, 28, 30, 31, 33, 34, 35, 
      36, 38, 40, 41, 42, 43 ], 
  [ 2, 3, 5, 6, 9, 10, 11, 12, 14, 15, 19, 20, 22, 24, 25, 28, 31, 32, 33, 
      34, 35, 39, 41, 42, 43 ], 
  [ 3, 4, 5, 6, 8, 10, 11, 12, 13, 14, 17, 19, 23, 24, 25, 28, 31, 32, 33, 
      37, 38, 39, 40, 42, 44 ], 
  [ 3, 4, 5, 6, 8, 10, 11, 12, 13, 14, 17, 19, 23, 24, 25, 28, 31, 32, 33, 
      35, 36, 38, 39, 40, 42, 43, 44 ], 
  [ 1, 4, 5, 6, 7, 8, 11, 12, 13, 16, 19, 20, 22, 24, 27, 28, 30, 31, 34, 
      35, 36, 41, 42, 43 ], 
  [ 1, 2, 5, 7, 9, 10, 11, 12, 13, 16, 17, 18, 22, 24, 25, 28, 29, 30, 34, 
      37, 38, 40, 41, 42, 43 ], 
  [ 2, 3, 5, 6, 9, 10, 11, 12, 14, 15, 17, 19, 23, 24, 25, 28, 31, 32, 33, 
      34, 35, 38, 39, 41, 42, 43 ], 
  [ 1, 4, 5, 6, 7, 8, 11, 12, 13, 16, 17, 19, 23, 24, 27, 28, 30, 31, 34, 
      35, 36, 38, 40, 41, 42, 43 ], 
  [ 1, 4, 6, 7, 8, 9, 11, 12, 15, 16, 17, 18, 22, 24, 25, 26, 30, 31, 33, 
      34, 35, 36, 39, 40, 43, 44 ] ];
