return 
[ [ 1, 2, 3, 4, 5, 7, 8, 9, 10, 11, 12, 13, 14, 15, 16, 18, 19, 22, 23, 24, 
      25, 28, 30, 31, 33, 34, 35, 36, 39, 40, 41, 42, 43, 44, 45, 46, 48 ], 
  [ 1, 2, 3, 4, 6, 8, 9, 10, 11, 12, 13, 14, 15, 16, 17, 18, 19, 20, 21, 23, 
      25, 26, 27, 28, 29, 30, 31, 32, 34, 35, 36, 37, 38, 39, 41, 42, 43, 
      44, 45, 46, 47, 48, 49, 50 ], 
  [ 2, 4, 5, 6, 7, 8, 10, 12, 14, 16, 17, 18, 19, 20, 21, 22, 23, 24, 25, 
      26, 27, 28, 29, 30, 31, 32, 33, 35, 36, 37, 38, 39, 40, 41, 42, 43, 
      44, 45, 46, 47, 48, 49, 50 ], 
  [ 2, 3, 6, 7, 8, 10, 11, 13, 16, 17, 20, 22, 23, 24, 25, 28, 30, 31, 35, 
      37, 40, 42, 45, 47, 48 ], 
  [ 1, 2, 3, 4, 5, 6, 7, 8, 9, 10, 11, 12, 13, 14, 15, 16, 17, 18, 19, 20, 
      21, 22, 23, 24, 25, 26, 27, 28, 29, 30, 31, 32, 34, 37, 38, 39, 43, 
      44, 45, 46, 47, 48, 49, 50 ], 
  [ 2, 3, 5, 6, 7, 8, 9, 12, 13, 16, 17, 18, 19, 20, 21, 22, 23, 24, 25, 26, 
      27, 28, 29, 30, 31, 32, 34, 37, 38, 40, 41, 42, 43, 44, 45, 46, 47, 
      48, 49, 50 ], 
  [ 5, 7, 8, 9, 12, 18, 19, 21, 23, 24, 27, 28, 29, 32, 33, 36, 37, 38, 40, 
      41, 42, 43, 47, 48, 49, 50 ], 
  [ 2, 6, 8, 10, 11, 16, 17, 22, 23, 25, 30, 31, 35, 37, 38, 40, 42, 45 ], 
  [ 2, 3, 6, 8, 10, 11, 14, 16, 17, 18, 22, 25, 26, 30, 31, 35, 37, 40, 42, 
      45 ], 
  [ 6, 7, 8, 10, 11, 16, 17, 22, 23, 25, 30, 31, 33, 35, 37, 38, 40, 42, 45 ]
    , [ 3, 6, 7, 8, 10, 11, 16, 17, 22, 25, 30, 31, 33, 35, 37, 40, 42, 45 ],
  [ 2, 10, 11, 13, 16, 17, 20, 23, 25, 28, 30, 31, 35, 37, 38, 40, 42, 45, 
      47 ], [ 1, 2, 3, 4, 9, 10, 11, 12, 13, 14, 15, 16, 17, 18, 19, 20, 25, 
      26, 27, 28, 29, 30, 31, 32, 33, 34, 35, 36, 37, 38, 39, 40, 41, 42, 
      43, 45, 46, 47, 49, 50 ], 
  [ 7, 10, 11, 13, 16, 17, 20, 23, 25, 28, 30, 31, 33, 35, 37, 38, 40, 42, 
      45, 47 ], 
  [ 1, 2, 3, 4, 5, 6, 8, 9, 10, 11, 12, 13, 14, 15, 16, 18, 19, 21, 22, 23, 
      25, 26, 30, 31, 33, 34, 35, 36, 37, 38, 39, 40, 41, 42, 43, 44, 45, 46 
     ], [ 3, 6, 7, 8, 10, 11, 13, 16, 22, 23, 25, 30, 31, 33, 35, 37, 40, 
      42, 45 ], 
  [ 2, 4, 6, 8, 10, 11, 14, 16, 17, 18, 21, 22, 23, 25, 26, 30, 31, 35, 36, 
      37, 38, 39, 42, 43, 44, 45, 47, 48, 49, 50 ], 
  [ 2, 3, 6, 8, 10, 11, 14, 16, 17, 18, 22, 25, 26, 30, 31, 35, 36, 37, 39, 
      42, 43, 44, 45, 47, 48, 49, 50 ], 
  [ 1, 4, 5, 6, 7, 8, 10, 11, 14, 16, 17, 18, 21, 22, 23, 25, 26, 30, 31, 
      33, 35, 36, 37, 38, 39, 42, 43, 44, 45, 47, 48, 49, 50 ], 
  [ 1, 3, 5, 6, 7, 8, 10, 11, 14, 16, 17, 18, 22, 25, 26, 30, 31, 33, 35, 
      36, 37, 39, 42, 43, 44, 45, 47, 48, 49, 50 ], 
  [ 2, 3, 6, 8, 9, 11, 13, 16, 17, 18, 21, 22, 23, 25, 26, 30, 31, 34, 35, 
      37, 38, 40, 41, 42, 43, 44, 45, 46 ], 
  [ 1, 3, 5, 6, 7, 8, 9, 11, 13, 16, 17, 18, 21, 22, 23, 25, 26, 30, 31, 33, 
      34, 35, 37, 38, 40, 41, 42, 43, 44, 45, 46 ], 
  [ 2, 6, 10, 11, 13, 16, 17, 20, 22, 23, 25, 30, 31, 35, 42, 44, 45, 47, 48 
     ], [ 2, 3, 6, 10, 11, 13, 16, 17, 20, 22, 25, 30, 31, 35, 42, 44, 45, 
      47, 48 ], 
  [ 6, 7, 10, 11, 13, 16, 17, 20, 22, 23, 25, 30, 31, 35, 42, 44, 45, 47, 48 
     ], [ 2, 3, 6, 8, 10, 11, 13, 16, 22, 23, 25, 30, 31, 35, 36, 37, 39, 
      42, 43, 44, 45, 47, 48 ], 
  [ 1, 3, 5, 6, 7, 8, 10, 11, 13, 16, 22, 23, 25, 30, 31, 33, 35, 36, 37, 
      39, 42, 43, 44, 45, 47, 48 ], 
  [ 2, 3, 6, 8, 11, 13, 16, 17, 22, 23, 25, 30, 31, 35, 37, 42, 43, 44, 45, 
      47, 48 ], 
  [ 3, 6, 7, 8, 11, 13, 16, 17, 22, 23, 25, 30, 31, 35, 37, 42, 43, 44, 45, 
      47, 48 ], 
  [ 2, 6, 10, 11, 13, 16, 17, 20, 22, 23, 25, 30, 31, 35, 37, 38, 40, 42, 
      45, 47 ], 
  [ 2, 3, 6, 10, 11, 13, 16, 17, 20, 22, 25, 26, 30, 31, 35, 37, 40, 42, 45, 
      47 ], [ 6, 7, 10, 11, 13, 16, 17, 20, 22, 23, 25, 30, 31, 33, 35, 37, 
      38, 40, 42, 45, 47 ], 
  [ 2, 3, 6, 8, 10, 11, 13, 16, 17, 20, 23, 25, 28, 30, 31, 34, 35, 37, 38, 
      40, 41, 42, 45, 46 ], 
  [ 1, 3, 6, 7, 8, 10, 11, 13, 16, 17, 20, 23, 25, 28, 30, 31, 33, 34, 35, 
      37, 38, 40, 41, 42, 45, 46 ], 
  [ 1, 2, 3, 4, 7, 8, 9, 10, 11, 12, 13, 14, 15, 16, 17, 18, 23, 24, 25, 28, 
      29, 30, 33, 34, 35, 36, 37, 38, 39, 40, 41, 42, 43, 45, 47, 48, 49, 50 
     ], [ 2, 3, 6, 8, 10, 11, 13, 15, 17, 20, 23, 24, 25, 28, 29, 30, 34, 
      35, 36, 37, 38, 40, 41, 42, 45, 47, 48, 49, 50 ], 
  [ 1, 3, 6, 7, 8, 10, 11, 13, 15, 17, 20, 23, 24, 25, 28, 29, 30, 33, 34, 
      35, 36, 37, 38, 40, 41, 42, 45, 47, 48, 49, 50 ], 
  [ 1, 3, 6, 7, 8, 10, 11, 13, 16, 17, 20, 23, 25, 28, 30, 31, 35, 37, 42, 
      45, 47, 48 ], 
  [ 2, 6, 8, 10, 11, 17, 20, 22, 23, 24, 25, 28, 30, 31, 35, 36, 37, 38, 40, 
      42, 45, 47, 48, 49, 50 ], 
  [ 2, 3, 6, 8, 10, 11, 17, 20, 22, 24, 25, 28, 30, 31, 35, 36, 37, 40, 42, 
      45, 47, 48, 49, 50 ], 
  [ 2, 3, 6, 7, 8, 10, 13, 16, 17, 20, 23, 24, 25, 28, 30, 35, 37, 40, 41, 
      42, 45, 47, 48 ], 
  [ 2, 3, 6, 7, 8, 10, 11, 13, 16, 17, 20, 23, 24, 25, 28, 34, 35, 37, 38, 
      40, 41, 42, 45, 47, 48, 49 ], 
  [ 1, 2, 3, 4, 5, 6, 7, 8, 9, 10, 11, 12, 13, 14, 15, 16, 17, 18, 21, 22, 
      23, 24, 25, 26, 29, 30, 33, 34, 35, 36, 37, 38, 39, 40, 41, 42, 43, 
      44, 45, 47, 48, 49, 50 ], 
  [ 2, 3, 6, 8, 10, 11, 13, 20, 22, 23, 24, 25, 28, 30, 31, 35, 36, 37, 40, 
      42, 45, 47, 48 ], 
  [ 3, 6, 7, 8, 10, 11, 13, 20, 22, 23, 24, 25, 28, 30, 31, 33, 35, 36, 37, 
      40, 42, 45, 47, 48 ], 
  [ 2, 3, 6, 8, 9, 11, 13, 15, 17, 18, 19, 20, 21, 22, 23, 24, 25, 26, 27, 
      28, 29, 30, 31, 32, 34, 35, 36, 37, 38, 40, 41, 42, 43, 44, 45, 46, 
      47, 48, 49, 50 ], 
  [ 2, 3, 6, 7, 8, 10, 11, 13, 16, 17, 20, 22, 23, 24, 25, 28, 30, 31, 35, 
      37, 40, 45, 46 ], 
  [ 2, 3, 6, 7, 8, 13, 16, 17, 20, 22, 23, 24, 25, 28, 30, 31, 35, 37, 40, 
      41, 42, 43, 44, 45, 46, 47, 48 ], 
  [ 2, 3, 6, 7, 8, 10, 11, 13, 16, 17, 20, 22, 23, 24, 25, 28, 30, 31, 34, 
      35, 40, 41, 42, 44, 45, 46, 48 ], 
  [ 2, 3, 6, 7, 8, 10, 11, 13, 16, 17, 20, 22, 23, 24, 25, 28, 30, 31, 33, 
      35, 36, 37, 39, 40, 42, 47, 48, 50 ], 
  [ 2, 6, 8, 10, 11, 14, 16, 17, 18, 22, 25, 26, 30, 31, 35, 37, 38, 40, 42, 
      45 ], 
  [ 2, 4, 6, 8, 10, 11, 14, 16, 17, 18, 21, 22, 23, 25, 26, 30, 31, 33, 35, 
      36, 37, 38, 39, 40, 42, 50 ], 
  [ 2, 6, 8, 10, 11, 16, 17, 22, 23, 25, 30, 31, 35, 37, 38, 40, 45, 46 ], 
  [ 2, 4, 6, 8, 10, 11, 14, 16, 17, 18, 21, 22, 23, 25, 26, 30, 31, 34, 35, 
      38, 40, 41, 42, 44, 45, 46 ], 
  [ 3, 6, 7, 8, 10, 11, 14, 16, 17, 22, 25, 31, 33, 35, 37, 40, 42, 45, 49 ],
  [ 3, 6, 8, 10, 11, 14, 16, 17, 18, 22, 25, 26, 30, 31, 33, 35, 37, 40, 42, 
      45 ], 
  [ 3, 6, 7, 8, 10, 11, 16, 17, 22, 25, 30, 31, 33, 35, 37, 40, 45, 46 ], 
  [ 1, 3, 5, 6, 7, 8, 10, 11, 14, 16, 17, 18, 22, 25, 26, 30, 31, 33, 34, 
      35, 40, 41, 42, 44, 45, 46 ], 
  [ 1, 3, 5, 6, 7, 8, 10, 11, 14, 16, 17, 18, 22, 25, 26, 30, 31, 33, 34, 
      37, 38, 40, 42, 45, 49, 50 ], 
  [ 1, 2, 3, 4, 5, 6, 7, 8, 9, 10, 11, 12, 13, 14, 15, 16, 17, 18, 21, 22, 
      23, 24, 25, 26, 29, 30, 33, 34, 35, 37, 38, 39, 40, 41, 43, 44, 45, 46 
     ], [ 2, 6, 7, 8, 10, 11, 16, 17, 20, 22, 23, 24, 25, 28, 31, 35, 37, 
      38, 40, 45, 46 ], 
  [ 2, 6, 8, 10, 11, 14, 16, 17, 18, 22, 25, 26, 30, 31, 35, 37, 38, 40, 45, 
      46 ], 
  [ 2, 6, 8, 10, 11, 17, 20, 22, 23, 24, 25, 28, 30, 31, 35, 37, 38, 40, 45, 
      46 ], [ 2, 6, 10, 11, 13, 16, 17, 20, 22, 23, 25, 30, 31, 35, 37, 38, 
      40, 45, 46 ], 
  [ 2, 4, 7, 8, 10, 11, 14, 16, 17, 18, 22, 23, 24, 25, 28, 30, 31, 33, 35, 
      37, 38, 39, 40, 43, 45, 46 ], 
  [ 6, 7, 8, 10, 11, 16, 17, 22, 23, 25, 30, 31, 33, 35, 37, 38, 40, 45, 46 ]
    , [ 2, 4, 6, 8, 10, 11, 14, 16, 17, 18, 21, 22, 23, 25, 26, 30, 31, 33, 
      35, 37, 38, 39, 40, 46 ], 
  [ 2, 4, 6, 8, 10, 11, 14, 16, 17, 18, 21, 22, 23, 25, 26, 30, 31, 35, 37, 
      38, 39, 43, 44, 45, 46 ], 
  [ 2, 3, 6, 7, 8, 10, 11, 13, 16, 17, 20, 22, 23, 24, 25, 28, 30, 31, 34, 
      37, 38, 40, 45, 46 ], 
  [ 3, 6, 7, 8, 10, 11, 14, 16, 17, 22, 25, 31, 33, 35, 37, 40, 45, 46 ], 
  [ 3, 6, 7, 8, 10, 11, 13, 16, 22, 23, 25, 30, 31, 33, 35, 37, 40, 45, 46 ],
  [ 3, 6, 8, 10, 11, 14, 16, 17, 18, 22, 25, 26, 30, 31, 33, 35, 37, 40, 45, 
      46 ], 
  [ 2, 3, 7, 8, 10, 11, 14, 16, 17, 18, 22, 24, 25, 28, 30, 31, 33, 35, 37, 
      39, 40, 43, 45, 46 ], 
  [ 1, 3, 5, 6, 7, 8, 10, 11, 14, 16, 17, 18, 22, 25, 26, 30, 31, 33, 35, 
      37, 39, 43, 44, 45, 46 ], 
  [ 1, 3, 5, 6, 7, 8, 10, 11, 14, 16, 17, 18, 22, 25, 26, 30, 31, 33, 34, 
      37, 38, 40, 45, 46 ], 
  [ 1, 3, 6, 7, 8, 10, 11, 14, 16, 17, 20, 25, 28, 31, 32, 33, 34, 35, 37, 
      38, 40, 41, 42, 45, 46, 49 ], 
  [ 3, 6, 7, 8, 10, 11, 14, 17, 20, 22, 24, 25, 28, 31, 32, 33, 35, 37, 40, 
      45, 46, 49 ], 
  [ 1, 3, 5, 6, 7, 8, 9, 11, 14, 16, 17, 18, 21, 22, 25, 26, 31, 32, 33, 34, 
      35, 37, 38, 40, 41, 42, 43, 44, 45, 46, 49 ], 
  [ 3, 6, 7, 10, 11, 14, 16, 17, 20, 22, 25, 31, 32, 33, 35, 37, 40, 45, 46, 
      49 ], 
  [ 6, 7, 8, 10, 11, 14, 16, 17, 22, 25, 31, 33, 35, 37, 38, 40, 45, 46 ], 
  [ 2, 3, 6, 7, 8, 10, 11, 14, 16, 17, 20, 22, 24, 25, 28, 31, 32, 33, 35, 
      37, 39, 40, 46 ], 
  [ 2, 3, 6, 7, 8, 10, 11, 14, 16, 17, 20, 22, 24, 25, 28, 31, 32, 35, 37, 
      40, 45, 46, 49 ], 
  [ 2, 6, 7, 8, 10, 11, 14, 16, 17, 20, 22, 24, 25, 28, 31, 32, 35, 37, 38, 
      40, 45, 46, 49 ], 
  [ 6, 7, 8, 10, 11, 14, 17, 20, 22, 24, 25, 28, 31, 32, 33, 35, 37, 38, 40, 
      45, 46, 49 ], 
  [ 6, 7, 10, 11, 14, 16, 17, 20, 22, 25, 31, 32, 33, 35, 37, 38, 40, 45, 
      46, 49 ], 
  [ 6, 8, 10, 11, 14, 16, 17, 18, 22, 25, 26, 30, 31, 33, 35, 37, 38, 40, 
      45, 46 ], 
  [ 6, 7, 8, 10, 11, 14, 16, 17, 22, 25, 31, 33, 35, 37, 38, 40, 42, 45, 49 ]
    , [ 2, 4, 6, 7, 8, 10, 11, 14, 16, 17, 20, 21, 22, 23, 24, 25, 28, 31, 
      32, 33, 35, 37, 38, 39, 40, 46 ], 
  [ 1, 4, 5, 6, 7, 8, 10, 11, 14, 16, 17, 18, 21, 22, 23, 25, 26, 30, 31, 
      33, 35, 37, 38, 39, 43, 44, 45, 46 ], 
  [ 1, 4, 5, 6, 7, 8, 10, 11, 14, 16, 17, 18, 21, 22, 23, 25, 26, 30, 31, 
      33, 34, 35, 38, 40, 41, 42, 44, 45, 46 ], 
  [ 6, 8, 10, 11, 14, 16, 17, 18, 22, 25, 26, 30, 31, 33, 35, 37, 38, 40, 
      42, 45 ], 
  [ 1, 3, 5, 6, 7, 8, 10, 11, 13, 16, 22, 23, 25, 30, 31, 33, 34, 37, 38, 
      40, 42, 45 ], 
  [ 6, 7, 8, 10, 11, 16, 17, 22, 23, 25, 30, 31, 33, 37, 38, 40, 42, 50 ], 
  [ 1, 3, 6, 7, 8, 10, 11, 13, 16, 17, 20, 23, 25, 28, 30, 31, 33, 34, 37, 
      38, 40, 42, 50 ], 
  [ 1, 3, 5, 6, 7, 8, 10, 11, 13, 16, 22, 23, 25, 30, 31, 33, 34, 37, 38, 
      40, 42, 50 ], 
  [ 6, 7, 10, 11, 13, 16, 17, 20, 22, 23, 25, 30, 31, 33, 37, 38, 40, 42, 
      47, 50 ], 
  [ 1, 2, 3, 4, 5, 6, 7, 8, 9, 10, 11, 12, 13, 14, 15, 16, 17, 18, 19, 20, 
      21, 22, 23, 24, 25, 26, 27, 28, 29, 30, 31, 32, 33, 34, 37, 38, 39, 
      40, 46, 50 ], 
  [ 1, 4, 5, 6, 7, 8, 10, 11, 14, 16, 17, 18, 21, 22, 23, 25, 26, 30, 31, 
      33, 34, 38, 40, 42, 50 ], 
  [ 2, 10, 13, 16, 17, 20, 23, 25, 28, 30, 35, 37, 38, 40, 41, 42, 45, 47 ], 
  [ 2, 4, 10, 11, 13, 16, 23, 25, 28, 30, 31, 33, 35, 36, 37, 38, 39, 40, 
      42, 43, 45, 47 ], 
  [ 2, 11, 13, 16, 17, 23, 25, 28, 30, 31, 35, 37, 38, 40, 42, 43, 45, 47 ], 
  [ 2, 10, 11, 13, 20, 23, 25, 28, 30, 31, 35, 36, 37, 38, 40, 42, 45, 47 ], 
  [ 2, 4, 10, 12, 13, 16, 19, 20, 23, 25, 28, 30, 31, 33, 35, 36, 37, 38, 
      39, 40, 41, 42, 43, 45, 46, 47 ], 
  [ 2, 13, 16, 17, 20, 23, 25, 28, 30, 31, 35, 37, 38, 40, 41, 42, 43, 45, 
      46, 47 ], 
  [ 2, 4, 10, 11, 13, 16, 17, 20, 23, 25, 28, 30, 31, 33, 35, 36, 37, 38, 
      39, 40, 42, 47, 50 ], 
  [ 2, 4, 10, 11, 13, 16, 17, 20, 23, 25, 28, 30, 31, 35, 38, 40, 42, 45, 47 
     ], [ 2, 4, 10, 13, 16, 17, 20, 23, 25, 28, 30, 35, 38, 40, 41, 42, 45, 
      47 ], [ 2, 3, 6, 7, 8, 10, 12, 13, 16, 17, 20, 23, 24, 25, 28, 29, 30, 
      34, 37, 38, 40, 41, 42, 45, 47, 48, 49, 50 ], 
  [ 2, 6, 10, 13, 16, 17, 20, 23, 25, 30, 35, 37, 38, 40, 41, 42, 45, 47 ], 
  [ 7, 10, 13, 16, 17, 20, 23, 25, 28, 30, 33, 35, 37, 38, 40, 41, 42, 45, 
      47 ], [ 2, 4, 10, 12, 13, 16, 17, 20, 23, 25, 28, 29, 30, 33, 35, 36, 
      37, 38, 39, 40, 41, 42, 47, 50 ], 
  [ 2, 4, 7, 10, 12, 13, 16, 17, 20, 23, 24, 25, 28, 29, 30, 33, 35, 37, 38, 
      39, 40, 41, 43, 45, 46, 47 ], 
  [ 2, 4, 11, 13, 16, 17, 23, 25, 28, 30, 31, 35, 38, 40, 42, 43, 45, 47 ], 
  [ 2, 3, 7, 8, 9, 11, 13, 16, 17, 18, 22, 23, 24, 25, 28, 30, 31, 34, 37, 
      38, 40, 42, 43, 45, 47, 48, 49, 50 ], 
  [ 2, 11, 13, 16, 17, 22, 23, 25, 30, 31, 35, 37, 38, 40, 42, 43, 45, 47 ], 
  [ 2, 3, 8, 9, 11, 13, 16, 17, 18, 23, 25, 28, 30, 31, 34, 35, 37, 38, 40, 
      41, 42, 43, 45, 46 ], 
  [ 2, 4, 9, 11, 13, 16, 17, 18, 23, 25, 28, 30, 31, 33, 35, 36, 37, 38, 39, 
      40, 42, 43, 47, 50 ], 
  [ 2, 3, 6, 8, 10, 11, 13, 15, 19, 20, 22, 23, 24, 25, 28, 30, 31, 34, 36, 
      37, 38, 40, 42, 45, 47, 48, 49, 50 ], 
  [ 2, 6, 10, 11, 13, 20, 22, 23, 25, 30, 31, 35, 36, 37, 38, 40, 42, 45, 47 
     ], [ 10, 11, 13, 20, 23, 25, 28, 30, 31, 33, 35, 36, 37, 38, 40, 42, 
      45, 47 ], 
  [ 2, 3, 6, 8, 10, 11, 13, 15, 19, 20, 23, 25, 28, 30, 31, 34, 35, 36, 37, 
      38, 40, 41, 42, 45, 46 ], 
  [ 2, 4, 10, 11, 13, 20, 23, 25, 28, 30, 31, 35, 36, 38, 40, 42, 45, 47 ], 
  [ 2, 4, 7, 10, 12, 13, 16, 17, 20, 23, 24, 25, 28, 29, 30, 34, 38, 40, 41, 
      42, 45, 47, 48, 49, 50 ], 
  [ 2, 4, 7, 10, 11, 13, 16, 17, 20, 23, 24, 25, 28, 34, 35, 38, 40, 41, 42, 
      45, 47, 48, 49 ], 
  [ 2, 4, 6, 10, 13, 16, 17, 20, 21, 22, 23, 25, 26, 30, 35, 38, 40, 41, 42, 
      44, 45, 47 ], 
  [ 2, 4, 10, 11, 13, 15, 17, 20, 23, 24, 25, 28, 29, 30, 34, 35, 36, 38, 
      40, 41, 42, 45, 47, 48, 49, 50 ], 
  [ 2, 4, 13, 16, 17, 20, 23, 25, 28, 30, 31, 35, 38, 40, 41, 42, 43, 45, 
      46, 47 ], 
  [ 4, 7, 10, 13, 16, 17, 20, 23, 25, 28, 30, 33, 35, 38, 40, 41, 42, 45, 47 
     ], [ 2, 4, 10, 11, 13, 16, 17, 20, 23, 25, 28, 30, 31, 34, 35, 38, 40, 
      41, 42, 45, 46 ], 
  [ 2, 4, 7, 10, 13, 16, 17, 20, 23, 24, 25, 28, 30, 35, 40, 41, 42, 45, 47, 
      48 ], [ 2, 6, 10, 13, 16, 17, 20, 25, 26, 30, 35, 37, 38, 40, 41, 42, 
      45, 47 ], 
  [ 2, 6, 13, 16, 17, 20, 21, 22, 23, 25, 26, 30, 31, 35, 37, 38, 40, 41, 
      42, 43, 44, 45, 46, 47 ], 
  [ 6, 7, 10, 13, 16, 17, 20, 23, 25, 30, 33, 35, 37, 38, 40, 41, 42, 45, 47 
     ], [ 2, 4, 6, 10, 12, 13, 16, 17, 20, 21, 23, 25, 26, 29, 30, 33, 35, 
      36, 37, 38, 39, 40, 41, 42, 47, 50 ], 
  [ 2, 4, 7, 9, 11, 13, 16, 17, 18, 22, 23, 24, 25, 28, 30, 31, 34, 38, 40, 
      42, 43, 45, 47, 48, 49, 50 ], 
  [ 2, 4, 11, 13, 16, 17, 22, 23, 25, 30, 31, 35, 38, 40, 42, 43, 45, 47 ], 
  [ 2, 4, 9, 11, 13, 15, 17, 18, 19, 20, 21, 22, 23, 24, 25, 26, 27, 28, 29, 
      30, 31, 32, 34, 35, 36, 38, 40, 41, 42, 43, 44, 45, 46, 47, 48, 49, 50 
     ], [ 4, 7, 11, 13, 16, 17, 23, 25, 28, 30, 31, 33, 35, 38, 40, 42, 43, 
      45, 47 ], 
  [ 2, 4, 9, 11, 13, 16, 17, 18, 23, 25, 28, 30, 31, 34, 35, 38, 40, 41, 42, 
      43, 45, 46 ], 
  [ 2, 4, 7, 11, 13, 16, 17, 22, 23, 24, 25, 28, 30, 31, 35, 40, 42, 43, 45, 
      47, 48 ], 
  [ 2, 11, 13, 16, 17, 22, 25, 26, 30, 31, 35, 37, 38, 40, 42, 43, 45, 47 ], 
  [ 2, 4, 10, 11, 13, 16, 22, 23, 25, 30, 31, 33, 35, 36, 37, 38, 39, 40, 
      42, 43, 45, 47 ], 
  [ 2, 6, 11, 13, 16, 17, 21, 22, 23, 25, 26, 30, 31, 35, 37, 38, 42, 43, 
      44, 45, 47 ], 
  [ 2, 4, 10, 11, 13, 15, 19, 20, 22, 23, 24, 25, 28, 30, 31, 34, 36, 38, 
      40, 42, 45, 47, 48, 49, 50 ], 
  [ 2, 4, 10, 11, 17, 20, 22, 23, 24, 25, 28, 30, 31, 35, 36, 38, 40, 42, 
      45, 47, 48, 49, 50 ], 
  [ 2, 4, 10, 11, 13, 15, 19, 20, 23, 25, 28, 30, 31, 34, 35, 36, 38, 40, 
      41, 42, 45, 46 ], 
  [ 2, 4, 10, 11, 13, 20, 22, 23, 24, 25, 28, 30, 31, 35, 36, 40, 42, 45, 
      47, 48 ], 
  [ 2, 3, 6, 10, 12, 13, 16, 17, 20, 25, 26, 29, 30, 34, 37, 38, 40, 41, 42, 
      45, 47, 49, 50 ], 
  [ 2, 3, 6, 10, 11, 13, 16, 17, 20, 25, 26, 34, 35, 37, 38, 40, 41, 42, 45, 
      47, 49 ], 
  [ 2, 3, 6, 10, 11, 13, 15, 17, 20, 25, 26, 29, 30, 34, 35, 36, 37, 38, 40, 
      41, 42, 45, 47, 49, 50 ], 
  [ 2, 3, 6, 10, 11, 13, 16, 17, 20, 25, 26, 30, 31, 34, 35, 37, 38, 40, 41, 
      42, 45, 46 ], 
  [ 2, 6, 10, 11, 13, 16, 17, 20, 22, 25, 26, 30, 31, 35, 37, 38, 40, 42, 
      45, 47 ], 
  [ 2, 3, 6, 10, 13, 16, 17, 20, 25, 26, 30, 35, 37, 40, 41, 42, 45, 47 ], 
  [ 2, 4, 10, 11, 13, 16, 17, 20, 22, 23, 25, 30, 31, 35, 38, 40, 42, 45, 47 
     ], [ 2, 3, 9, 11, 13, 16, 17, 18, 22, 25, 26, 30, 31, 34, 37, 38, 40, 
      42, 43, 45, 47, 49, 50 ], 
  [ 2, 3, 6, 9, 11, 13, 16, 17, 20, 21, 22, 25, 26, 31, 32, 34, 35, 37, 38, 
      40, 41, 42, 43, 44, 45, 46, 47, 49 ], 
  [ 2, 3, 6, 13, 16, 17, 20, 22, 25, 26, 30, 31, 35, 37, 40, 41, 42, 43, 44, 
      45, 46, 47 ], 
  [ 2, 3, 6, 10, 13, 16, 17, 20, 22, 25, 26, 30, 35, 40, 41, 42, 44, 45, 47 ]
    , [ 1, 3, 5, 6, 7, 8, 10, 11, 13, 16, 22, 23, 25, 30, 31, 33, 34, 35, 
      40, 41, 42, 44, 45, 46 ], 
  [ 2, 4, 6, 10, 11, 16, 17, 20, 21, 22, 23, 25, 31, 35, 38, 42, 44, 45, 47, 
      48, 49 ], 
  [ 2, 6, 10, 11, 13, 20, 22, 23, 25, 30, 31, 35, 36, 42, 44, 45, 47, 48 ], 
  [ 2, 4, 6, 10, 11, 17, 20, 21, 22, 23, 25, 26, 30, 31, 35, 36, 38, 42, 44, 
      45, 47, 48, 49, 50 ], 
  [ 2, 4, 10, 11, 13, 16, 17, 20, 22, 23, 25, 30, 31, 35, 42, 44, 45, 47, 48 
     ], [ 2, 4, 6, 10, 11, 13, 16, 17, 20, 21, 22, 23, 25, 26, 30, 31, 35, 
      36, 39, 42, 44, 47, 48, 50 ], 
  [ 2, 4, 6, 10, 11, 13, 16, 17, 20, 21, 22, 23, 25, 26, 30, 31, 34, 38, 42, 
      44, 45, 47, 48, 49, 50 ], 
  [ 2, 4, 6, 10, 11, 13, 15, 19, 20, 21, 22, 23, 25, 26, 30, 31, 34, 36, 38, 
      42, 44, 45, 47, 48, 49, 50 ], 
  [ 2, 3, 6, 10, 11, 13, 20, 22, 25, 30, 31, 35, 36, 42, 44, 45, 47, 48 ], 
  [ 2, 4, 10, 11, 13, 20, 22, 23, 25, 30, 31, 35, 36, 42, 44, 45, 47, 48 ], 
  [ 2, 3, 6, 8, 10, 11, 13, 15, 19, 20, 22, 23, 24, 25, 28, 30, 31, 34, 35, 
      36, 40, 41, 42, 44, 45, 46, 48 ], 
  [ 2, 3, 6, 8, 10, 11, 13, 15, 19, 20, 22, 23, 24, 25, 28, 30, 31, 35, 36, 
      37, 39, 43, 44, 45, 46, 47, 48 ], 
  [ 2, 3, 6, 10, 11, 13, 15, 19, 20, 22, 25, 26, 30, 31, 34, 36, 42, 44, 45, 
      47, 48, 49, 50 ], 
  [ 2, 3, 6, 10, 11, 17, 20, 22, 25, 26, 30, 31, 35, 36, 42, 44, 45, 47, 48, 
      49, 50 ], 
  [ 2, 3, 6, 10, 11, 13, 20, 22, 25, 26, 30, 31, 35, 36, 42, 44, 45, 47 ], 
  [ 2, 3, 6, 10, 11, 13, 16, 17, 20, 22, 25, 26, 30, 31, 35, 36, 39, 42, 44, 
      47, 48, 50 ], 
  [ 2, 4, 10, 11, 13, 16, 22, 23, 25, 30, 31, 35, 36, 39, 42, 43, 44, 45, 
      47, 48 ], 
  [ 2, 4, 10, 11, 13, 15, 19, 20, 22, 23, 24, 25, 28, 30, 31, 34, 35, 36, 
      40, 41, 42, 44, 45, 46, 48 ], 
  [ 2, 4, 10, 11, 13, 15, 19, 20, 22, 23, 24, 25, 28, 30, 31, 35, 36, 39, 
      43, 44, 45, 46, 47, 48 ], 
  [ 2, 3, 6, 10, 11, 13, 16, 22, 25, 26, 30, 31, 35, 36, 37, 39, 42, 43, 44, 
      45, 47 ], 
  [ 2, 3, 6, 10, 11, 13, 15, 19, 20, 22, 25, 26, 30, 31, 34, 35, 36, 40, 41, 
      42, 44, 45, 46 ], 
  [ 2, 3, 6, 10, 11, 13, 20, 22, 25, 26, 30, 31, 35, 36, 37, 40, 42, 45, 47 ]
    , [ 2, 3, 6, 10, 11, 13, 15, 19, 20, 22, 25, 26, 30, 31, 35, 36, 37, 39, 
      43, 44, 45, 46, 47 ], 
  [ 2, 3, 6, 10, 11, 13, 16, 17, 20, 22, 25, 26, 30, 31, 35, 42, 44, 45, 47 ]
    , [ 3, 6, 8, 10, 11, 14, 17, 18, 22, 25, 26, 30, 31, 33, 35, 36, 37, 40, 
      42, 45, 49, 50 ], 
  [ 1, 3, 5, 6, 7, 8, 10, 11, 14, 15, 17, 18, 19, 20, 22, 24, 25, 26, 27, 
      28, 29, 30, 31, 32, 33, 34, 35, 36, 40, 41, 42, 44, 45, 46, 48, 49, 50 
     ], [ 3, 6, 10, 11, 14, 16, 17, 22, 25, 26, 31, 33, 35, 37, 40, 42, 45, 
      49 ], [ 1, 3, 5, 6, 7, 10, 11, 14, 16, 17, 20, 22, 25, 26, 31, 32, 33, 
      34, 35, 40, 41, 42, 44, 45, 46, 49 ], 
  [ 2, 3, 6, 8, 10, 11, 14, 16, 17, 22, 25, 31, 35, 37, 40, 42, 45, 49 ], 
  [ 2, 3, 6, 10, 11, 14, 16, 17, 22, 25, 26, 31, 35, 37, 40, 42, 45, 49 ], 
  [ 6, 10, 11, 14, 16, 17, 22, 25, 26, 31, 33, 35, 37, 38, 40, 42, 45, 49 ], 
  [ 2, 3, 6, 10, 11, 14, 16, 17, 20, 22, 25, 26, 31, 32, 33, 35, 36, 37, 39, 
      40, 42, 47, 49, 50 ], 
  [ 3, 6, 10, 11, 14, 16, 17, 20, 22, 25, 26, 31, 32, 33, 35, 37, 40, 45, 
      46, 49 ], 
  [ 2, 3, 6, 8, 10, 11, 14, 16, 17, 20, 25, 28, 31, 32, 34, 35, 37, 38, 40, 
      41, 42, 45, 46, 49 ], 
  [ 2, 3, 6, 8, 10, 11, 14, 17, 18, 22, 25, 26, 30, 31, 35, 36, 37, 40, 42, 
      45, 49, 50 ], 
  [ 2, 3, 6, 8, 9, 11, 14, 16, 17, 18, 21, 22, 25, 26, 31, 32, 34, 35, 37, 
      38, 40, 41, 42, 43, 44, 45, 46, 49 ], 
  [ 2, 6, 8, 10, 11, 14, 16, 17, 22, 25, 31, 35, 37, 38, 40, 42, 45, 49 ], 
  [ 2, 3, 6, 8, 10, 11, 14, 16, 17, 18, 22, 25, 26, 30, 31, 34, 37, 38, 40, 
      42, 45, 49, 50 ], 
  [ 2, 3, 6, 10, 11, 14, 16, 17, 20, 25, 26, 31, 32, 34, 35, 37, 38, 40, 41, 
      42, 45, 46, 49 ], 
  [ 2, 6, 10, 11, 14, 16, 17, 22, 25, 26, 31, 35, 37, 38, 40, 42, 45, 49 ], 
  [ 2, 3, 6, 10, 11, 14, 16, 17, 20, 22, 25, 26, 31, 32, 35, 37, 40, 45, 46, 
      49 ], [ 6, 8, 10, 11, 14, 17, 18, 22, 25, 26, 30, 31, 33, 35, 36, 37, 
      38, 40, 42, 45, 49, 50 ], 
  [ 6, 10, 11, 14, 16, 17, 20, 22, 25, 26, 31, 32, 33, 35, 37, 38, 40, 45, 
      46, 49 ], 
  [ 2, 6, 8, 10, 11, 14, 17, 18, 22, 25, 26, 30, 31, 35, 36, 37, 38, 40, 42, 
      45, 49, 50 ], 
  [ 2, 4, 6, 7, 8, 10, 11, 14, 16, 17, 20, 21, 22, 23, 24, 25, 28, 31, 32, 
      34, 35, 38, 40, 41, 42, 44, 45, 46, 48, 49 ], 
  [ 2, 6, 10, 11, 14, 16, 17, 20, 22, 25, 26, 31, 32, 35, 37, 38, 40, 45, 
      46, 49 ], 
  [ 2, 6, 10, 11, 13, 16, 17, 20, 22, 25, 26, 30, 31, 35, 37, 38, 40, 45, 46 
     ], [ 2, 4, 6, 10, 11, 13, 16, 17, 20, 21, 22, 23, 25, 26, 30, 31, 35, 
      37, 38, 39, 43, 44, 45, 46, 47 ], 
  [ 2, 4, 6, 10, 11, 13, 16, 17, 20, 21, 22, 23, 25, 26, 30, 31, 34, 35, 38, 
      40, 41, 42, 44, 45, 46 ], 
  [ 6, 7, 8, 10, 11, 17, 20, 22, 23, 24, 25, 28, 30, 31, 33, 35, 37, 38, 40, 
      45, 46 ], 
  [ 2, 3, 7, 8, 10, 11, 13, 16, 22, 23, 24, 25, 28, 30, 31, 33, 35, 37, 39, 
      40, 43, 45, 46 ], 
  [ 1, 3, 5, 6, 7, 8, 10, 11, 13, 16, 22, 23, 25, 30, 31, 33, 35, 37, 39, 
      43, 44, 45, 46 ], 
  [ 7, 13, 16, 17, 20, 23, 25, 28, 30, 31, 33, 35, 37, 38, 40, 41, 42, 43, 
      45, 46, 47 ], 
  [ 2, 4, 6, 10, 11, 13, 16, 21, 22, 23, 25, 26, 30, 31, 35, 36, 37, 38, 39, 
      42, 43, 44, 45, 47 ], 
  [ 2, 4, 7, 10, 12, 13, 16, 17, 20, 23, 24, 25, 28, 29, 30, 33, 35, 36, 39, 
      40, 41, 42, 47, 48, 50 ], 
  [ 4, 7, 13, 16, 17, 20, 23, 25, 28, 30, 31, 33, 35, 38, 40, 41, 42, 43, 
      45, 46, 47 ], 
  [ 1, 4, 7, 10, 11, 13, 16, 17, 20, 23, 25, 28, 30, 31, 33, 34, 35, 38, 40, 
      41, 42, 45, 46 ], 
  [ 1, 4, 7, 9, 11, 13, 16, 17, 18, 25, 28, 30, 31, 33, 34, 38, 40, 42, 43, 
      45, 47, 49, 50 ], 
  [ 2, 3, 6, 10, 11, 13, 16, 17, 20, 22, 25, 26, 30, 31, 34, 35, 40, 41, 42, 
      44, 45, 46 ], 
  [ 2, 3, 5, 6, 7, 10, 12, 13, 16, 17, 20, 22, 24, 25, 26, 29, 30, 33, 35, 
      36, 39, 40, 41, 42, 44, 47, 48, 50 ], 
  [ 2, 3, 5, 6, 7, 10, 12, 13, 16, 17, 20, 22, 24, 25, 26, 29, 30, 34, 40, 
      41, 42, 44, 45, 47, 48, 49, 50 ], 
  [ 2, 3, 6, 10, 11, 17, 20, 22, 25, 26, 30, 31, 35, 36, 37, 40, 42, 45, 47, 
      49, 50 ], 
  [ 2, 6, 8, 10, 11, 14, 15, 17, 18, 19, 20, 22, 24, 25, 26, 27, 28, 29, 30, 
      31, 32, 35, 36, 37, 38, 40, 45, 46, 49, 50 ], 
  [ 6, 10, 11, 13, 16, 17, 20, 22, 25, 26, 30, 31, 33, 35, 37, 38, 40, 45, 
      46 ], 
  [ 2, 3, 6, 10, 11, 13, 16, 17, 20, 22, 25, 26, 30, 31, 35, 37, 40, 45, 46 ]
    , [ 2, 3, 6, 10, 11, 13, 16, 17, 20, 22, 25, 26, 30, 31, 34, 37, 38, 40, 
      45, 46 ], 
  [ 6, 8, 10, 11, 14, 15, 17, 18, 19, 20, 22, 24, 25, 26, 27, 28, 29, 30, 
      31, 32, 33, 35, 36, 37, 38, 40, 45, 46, 49, 50 ], 
  [ 2, 3, 6, 8, 10, 11, 14, 16, 17, 18, 22, 25, 26, 30, 31, 35, 37, 40, 45, 
      46 ], 
  [ 2, 3, 6, 8, 10, 11, 14, 15, 17, 18, 19, 20, 22, 24, 25, 26, 27, 28, 29, 
      30, 31, 32, 35, 36, 37, 40, 45, 46, 49, 50 ], 
  [ 2, 3, 6, 8, 10, 11, 14, 16, 17, 18, 25, 26, 30, 31, 34, 35, 37, 38, 40, 
      41, 42, 45, 46 ], 
  [ 2, 3, 6, 8, 10, 11, 14, 16, 17, 18, 22, 25, 26, 30, 31, 33, 35, 36, 37, 
      39, 40, 42, 50 ], 
  [ 2, 3, 6, 8, 10, 11, 14, 16, 17, 18, 22, 25, 26, 30, 31, 34, 35, 40, 41, 
      42, 44, 45, 46 ], 
  [ 1, 3, 6, 8, 10, 11, 14, 16, 17, 18, 25, 26, 30, 31, 33, 34, 35, 37, 38, 
      40, 41, 42, 45, 46 ], 
  [ 2, 4, 10, 11, 14, 16, 17, 18, 22, 25, 26, 30, 31, 33, 35, 37, 38, 39, 
      40, 43, 45, 46 ], 
  [ 2, 3, 6, 8, 10, 11, 14, 16, 17, 18, 22, 25, 26, 30, 31, 34, 37, 38, 40, 
      45, 46 ], 
  [ 2, 4, 6, 8, 10, 11, 14, 15, 17, 18, 19, 20, 21, 22, 23, 24, 25, 26, 27, 
      28, 29, 30, 31, 32, 33, 35, 36, 37, 38, 39, 40, 46, 50 ], 
  [ 2, 4, 6, 8, 10, 11, 14, 15, 17, 18, 19, 20, 21, 22, 23, 24, 25, 26, 27, 
      28, 29, 30, 31, 32, 34, 35, 36, 38, 40, 41, 42, 44, 45, 46, 48, 49, 50 
     ], [ 2, 3, 10, 11, 14, 16, 17, 18, 22, 25, 26, 30, 31, 33, 35, 37, 39, 
      40, 43, 45, 46 ], 
  [ 2, 3, 6, 8, 10, 11, 14, 16, 17, 18, 22, 25, 26, 30, 31, 33, 35, 37, 39, 
      40, 46 ], 
  [ 1, 3, 5, 6, 7, 10, 11, 14, 16, 17, 20, 22, 25, 26, 31, 32, 33, 34, 37, 
      38, 40, 45, 46, 49 ], 
  [ 2, 4, 9, 12, 13, 16, 17, 18, 19, 20, 21, 23, 25, 26, 27, 28, 29, 30, 31, 
      32, 33, 35, 36, 37, 38, 39, 40, 41, 42, 43, 46, 47, 50 ], 
  [ 2, 4, 7, 10, 12, 13, 16, 17, 20, 23, 24, 25, 28, 29, 30, 35, 39, 41, 43, 
      44, 45, 46, 47, 48 ], 
  [ 2, 3, 6, 10, 11, 14, 16, 17, 20, 22, 25, 26, 31, 32, 33, 35, 37, 39, 40, 
      46 ], 
  [ 2, 3, 6, 10, 11, 14, 16, 17, 20, 22, 25, 26, 31, 32, 34, 37, 38, 40, 45, 
      46, 49 ], 
  [ 2, 4, 6, 10, 11, 14, 16, 17, 20, 21, 22, 25, 26, 31, 32, 33, 35, 37, 38, 
      39, 40, 46 ], 
  [ 2, 3, 5, 6, 10, 12, 13, 16, 19, 20, 22, 25, 26, 30, 31, 34, 37, 38, 40, 
      45, 46 ], 
  [ 2, 3, 6, 8, 10, 11, 14, 15, 17, 18, 19, 20, 22, 24, 25, 26, 27, 28, 29, 
      30, 31, 32, 34, 37, 38, 40, 45, 46, 49, 50 ], 
  [ 2, 3, 5, 6, 7, 8, 10, 12, 14, 16, 17, 18, 19, 20, 22, 24, 25, 26, 27, 
      28, 29, 30, 31, 32, 34, 37, 38, 40, 45, 46, 49, 50 ], 
  [ 2, 3, 5, 6, 7, 10, 12, 13, 16, 17, 20, 22, 24, 25, 26, 29, 30, 34, 37, 
      38, 40, 45, 46 ], 
  [ 1, 2, 3, 4, 5, 7, 9, 10, 11, 12, 13, 14, 15, 16, 17, 18, 19, 20, 22, 24, 
      25, 26, 27, 28, 29, 30, 31, 32, 33, 34, 37, 38, 39, 40, 43, 45, 46, 
      47, 49, 50 ], 
  [ 2, 3, 6, 8, 10, 11, 14, 16, 17, 18, 22, 25, 26, 30, 31, 35, 37, 39, 43, 
      44, 45, 46 ], 
  [ 2, 3, 6, 8, 9, 11, 14, 16, 17, 18, 21, 22, 25, 26, 31, 32, 33, 35, 37, 
      39, 40, 46 ], 
  [ 2, 3, 7, 8, 9, 11, 13, 16, 17, 18, 22, 23, 24, 25, 28, 30, 31, 34, 35, 
      40, 41, 42, 43, 44, 45, 46, 48 ], 
  [ 1, 3, 5, 6, 7, 8, 9, 11, 13, 16, 17, 18, 21, 22, 23, 25, 26, 30, 31, 34, 
      37, 38, 42, 43, 44, 45, 47, 48, 49, 50 ], 
  [ 2, 4, 7, 10, 12, 13, 16, 17, 20, 23, 24, 25, 28, 29, 30, 34, 38, 40, 41, 
      45, 46 ], 
  [ 2, 4, 7, 10, 11, 13, 16, 17, 20, 23, 24, 25, 28, 34, 35, 38, 40, 41, 45, 
      46 ], 
  [ 1, 2, 3, 4, 7, 8, 9, 10, 11, 12, 13, 14, 15, 16, 17, 18, 23, 24, 25, 28, 
      29, 30, 33, 34, 35, 37, 38, 39, 40, 41, 43, 45, 46 ], 
  [ 2, 4, 10, 12, 13, 16, 19, 20, 23, 25, 28, 30, 31, 34, 38, 40, 41, 42, 
      45, 46 ], 
  [ 2, 4, 10, 11, 13, 15, 17, 20, 23, 24, 25, 28, 29, 30, 34, 35, 38, 40, 
      41, 45, 46 ], 
  [ 2, 4, 5, 6, 7, 8, 10, 12, 14, 16, 17, 18, 19, 20, 21, 22, 23, 24, 25, 
      26, 27, 28, 29, 30, 31, 32, 34, 38, 40, 41, 42, 44, 45, 46, 48, 49, 50 
     ], [ 2, 4, 7, 10, 11, 13, 16, 17, 20, 22, 23, 24, 25, 28, 30, 31, 34, 
      38, 40, 45, 46 ], 
  [ 1, 2, 3, 4, 8, 9, 10, 11, 12, 13, 14, 15, 16, 18, 19, 23, 25, 28, 30, 
      31, 33, 34, 35, 36, 37, 38, 39, 40, 41, 42, 43, 45, 46 ], 
  [ 2, 4, 8, 10, 11, 14, 16, 17, 18, 23, 25, 28, 30, 31, 34, 35, 38, 40, 41, 
      42, 45, 46 ], 
  [ 1, 4, 7, 10, 11, 13, 15, 17, 20, 23, 24, 25, 28, 29, 30, 33, 34, 35, 38, 
      40, 41, 45, 46 ], 
  [ 1, 2, 3, 4, 6, 7, 8, 9, 10, 11, 12, 13, 14, 15, 16, 17, 20, 21, 23, 24, 
      25, 28, 29, 32, 33, 34, 35, 37, 38, 39, 40, 41, 46 ], 
  [ 2, 4, 10, 12, 13, 15, 19, 20, 23, 24, 25, 28, 29, 30, 34, 36, 38, 40, 
      41, 42, 45, 47, 48, 49, 50 ], 
  [ 2, 4, 10, 12, 13, 15, 19, 20, 23, 24, 25, 28, 29, 30, 34, 38, 40, 41, 
      45, 46 ], 
  [ 2, 4, 5, 7, 10, 12, 13, 16, 19, 20, 22, 23, 24, 25, 28, 30, 31, 34, 38, 
      40, 45, 46 ], 
  [ 2, 4, 5, 6, 10, 12, 13, 16, 19, 20, 21, 22, 23, 25, 26, 30, 31, 34, 38, 
      40, 41, 42, 44, 45, 46 ], 
  [ 2, 3, 6, 8, 10, 12, 13, 16, 19, 20, 23, 25, 28, 30, 31, 34, 37, 38, 40, 
      41, 42, 45, 46 ], 
  [ 2, 4, 5, 7, 10, 12, 13, 16, 19, 20, 22, 23, 24, 25, 28, 30, 31, 34, 40, 
      41, 42, 44, 45, 46, 48 ], 
  [ 2, 4, 10, 11, 13, 15, 19, 20, 22, 23, 24, 25, 28, 30, 31, 34, 38, 40, 
      45, 46 ], 
  [ 2, 4, 10, 12, 13, 15, 19, 20, 23, 24, 25, 28, 29, 30, 34, 41, 44, 45, 
      46, 48 ], 
  [ 2, 4, 5, 6, 10, 12, 13, 15, 19, 20, 21, 22, 23, 24, 25, 26, 29, 30, 34, 
      38, 40, 41, 44, 45, 46 ], 
  [ 2, 3, 6, 8, 10, 12, 13, 15, 19, 20, 23, 24, 25, 28, 29, 30, 34, 37, 38, 
      40, 41, 45, 46 ], 
  [ 2, 4, 10, 12, 13, 15, 19, 20, 23, 24, 25, 28, 29, 30, 33, 35, 36, 37, 
      38, 39, 40, 41, 43, 45, 46, 47 ], 
  [ 1, 4, 5, 7, 10, 11, 13, 15, 19, 20, 22, 23, 24, 25, 28, 30, 31, 33, 34, 
      38, 40, 45, 46 ], 
  [ 2, 4, 5, 6, 10, 12, 13, 15, 19, 20, 21, 22, 23, 24, 25, 26, 29, 30, 34, 
      36, 38, 40, 41, 42, 44, 45, 47, 48, 49, 50 ], 
  [ 1, 2, 3, 4, 7, 8, 9, 10, 11, 12, 13, 14, 15, 16, 17, 18, 23, 24, 25, 28, 
      29, 30, 34, 35, 39, 41, 43, 44, 45, 46, 48 ], 
  [ 2, 4, 8, 10, 12, 14, 15, 18, 19, 23, 24, 25, 28, 29, 30, 34, 41, 44, 45, 
      46, 48 ], 
  [ 2, 4, 9, 12, 13, 15, 18, 19, 23, 24, 25, 28, 29, 30, 34, 41, 43, 44, 45, 
      46, 48 ], 
  [ 2, 3, 6, 8, 10, 12, 13, 15, 19, 20, 23, 24, 25, 28, 29, 30, 34, 41, 44, 
      45, 46, 48 ], 
  [ 2, 4, 10, 12, 13, 15, 19, 20, 23, 24, 25, 28, 29, 30, 35, 36, 39, 41, 
      43, 44, 45, 46, 47, 48 ], 
  [ 2, 3, 6, 8, 10, 11, 14, 15, 17, 18, 19, 20, 22, 24, 25, 26, 27, 28, 29, 
      30, 31, 32, 34, 35, 36, 40, 41, 42, 44, 45, 46, 48, 49, 50 ], 
  [ 1, 4, 5, 7, 9, 12, 13, 16, 17, 18, 19, 20, 25, 26, 27, 28, 29, 30, 31, 
      32, 33, 34, 38, 40, 41, 42, 43, 45, 46, 47, 49, 50 ], 
  [ 2, 3, 6, 7, 8, 10, 11, 14, 16, 17, 20, 22, 24, 25, 28, 31, 32, 34, 37, 
      38, 40, 45, 46, 49 ], 
  [ 2, 3, 7, 8, 10, 11, 14, 16, 17, 18, 22, 24, 25, 28, 30, 31, 34, 37, 38, 
      40, 45, 46 ], 
  [ 2, 3, 9, 11, 14, 16, 17, 18, 22, 25, 26, 31, 32, 33, 35, 37, 39, 40, 43, 
      46 ], 
  [ 2, 3, 9, 11, 13, 16, 17, 18, 22, 25, 26, 30, 31, 33, 35, 37, 39, 40, 43, 
      46 ], 
  [ 2, 3, 9, 11, 14, 15, 17, 18, 22, 24, 25, 26, 29, 32, 33, 35, 37, 39, 40, 
      43, 46 ], 
  [ 2, 3, 9, 11, 13, 16, 17, 20, 22, 25, 26, 31, 32, 33, 35, 37, 39, 40, 43, 
      46, 47 ], 
  [ 2, 3, 9, 11, 14, 15, 18, 19, 22, 25, 26, 31, 32, 33, 35, 36, 37, 39, 40, 
      43, 46 ], 
  [ 2, 3, 9, 11, 13, 15, 17, 18, 19, 20, 22, 24, 25, 26, 27, 28, 29, 30, 31, 
      32, 33, 35, 36, 37, 39, 40, 43, 46, 47, 50 ], 
  [ 2, 3, 6, 8, 9, 11, 14, 16, 17, 18, 21, 22, 25, 26, 31, 32, 35, 37, 39, 
      43, 44, 46 ], 
  [ 2, 4, 9, 11, 14, 16, 17, 18, 21, 22, 25, 26, 31, 32, 33, 35, 37, 38, 39, 
      40, 43, 46 ], 
  [ 2, 3, 9, 11, 14, 16, 17, 18, 22, 25, 26, 31, 32, 33, 35, 36, 37, 39, 40, 
      42, 43, 47, 49, 50 ], 
  [ 1, 3, 5, 6, 7, 8, 9, 11, 13, 16, 17, 18, 21, 22, 23, 25, 26, 30, 31, 33, 
      35, 37, 39, 43, 44, 46 ], 
  [ 2, 3, 6, 8, 9, 11, 13, 16, 17, 18, 21, 22, 23, 25, 26, 30, 31, 35, 37, 
      39, 43, 44, 46 ], 
  [ 2, 3, 7, 8, 9, 11, 13, 16, 17, 18, 22, 23, 24, 25, 28, 30, 31, 33, 35, 
      37, 39, 40, 43, 46 ], 
  [ 2, 4, 9, 11, 13, 16, 17, 18, 21, 22, 23, 25, 26, 30, 31, 33, 35, 37, 38, 
      39, 40, 43, 46 ], 
  [ 2, 3, 6, 10, 11, 14, 16, 17, 20, 22, 25, 26, 31, 32, 34, 37, 38, 40, 49, 
      50 ], 
  [ 2, 3, 6, 10, 11, 14, 16, 17, 20, 22, 25, 26, 31, 32, 34, 40, 42, 49, 50 ]
    , [ 2, 3, 6, 7, 8, 10, 11, 14, 16, 17, 20, 22, 24, 25, 28, 31, 32, 34, 
      37, 38, 40, 49, 50 ], 
  [ 2, 3, 6, 10, 11, 14, 16, 17, 20, 25, 26, 31, 32, 34, 37, 38, 40, 42, 49, 
      50 ], [ 1, 3, 5, 6, 7, 10, 11, 14, 16, 17, 20, 22, 25, 26, 31, 32, 33, 
      34, 37, 38, 40, 49, 50 ], 
  [ 2, 3, 6, 7, 8, 10, 11, 14, 16, 17, 20, 22, 24, 25, 28, 31, 32, 34, 40, 
      42, 48, 49, 50 ], 
  [ 2, 3, 5, 6, 7, 8, 10, 12, 14, 16, 17, 18, 19, 20, 22, 24, 25, 26, 27, 
      28, 29, 30, 31, 32, 34, 40, 41, 42, 44, 45, 46, 48, 49, 50 ], 
  [ 1, 3, 5, 6, 7, 10, 11, 14, 16, 17, 20, 22, 25, 26, 31, 32, 33, 34, 40, 
      42, 49, 50 ], 
  [ 2, 3, 6, 10, 11, 14, 16, 17, 20, 22, 25, 26, 31, 32, 34, 42, 44, 48, 49, 
      50 ], 
  [ 1, 3, 6, 10, 11, 14, 16, 17, 20, 25, 26, 31, 32, 33, 34, 37, 38, 40, 42, 
      49, 50 ], 
  [ 2, 3, 6, 8, 10, 11, 14, 16, 17, 18, 22, 25, 26, 30, 31, 34, 42, 44, 45, 
      48, 49, 50 ], 
  [ 2, 3, 6, 9, 11, 13, 16, 17, 20, 21, 22, 25, 26, 31, 32, 34, 42, 44, 47, 
      48, 49, 50 ], 
  [ 1, 3, 5, 6, 7, 10, 11, 14, 16, 17, 20, 22, 25, 26, 31, 32, 34, 42, 44, 
      48, 49, 50 ], 
  [ 1, 3, 5, 6, 10, 12, 13, 16, 19, 20, 25, 26, 30, 31, 33, 34, 37, 38, 40, 
      41, 42, 45, 46 ], 
  [ 2, 3, 5, 6, 10, 12, 13, 16, 19, 20, 22, 25, 26, 30, 31, 34, 40, 41, 42, 
      44, 45, 46 ], 
  [ 2, 3, 5, 6, 10, 12, 13, 16, 19, 20, 22, 25, 26, 30, 31, 34, 37, 38, 40, 
      42, 45, 47, 49, 50 ], 
  [ 2, 4, 10, 11, 13, 15, 17, 20, 24, 25, 28, 29, 30, 33, 35, 37, 38, 39, 
      40, 43, 45, 46, 47 ], 
  [ 2, 4, 10, 11, 13, 15, 17, 20, 23, 24, 25, 28, 29, 30, 33, 35, 37, 38, 
      39, 40, 46 ], 
  [ 2, 4, 10, 11, 13, 15, 17, 20, 23, 24, 25, 28, 29, 30, 35, 37, 38, 39, 
      43, 45, 46, 47 ], 
  [ 2, 4, 7, 8, 10, 11, 14, 16, 17, 18, 22, 23, 24, 25, 28, 30, 31, 34, 38, 
      40, 45, 46 ], 
  [ 2, 4, 7, 9, 11, 13, 16, 17, 18, 22, 23, 24, 25, 28, 30, 31, 34, 38, 40, 
      43, 45, 46 ], 
  [ 1, 4, 5, 7, 8, 10, 12, 14, 15, 18, 19, 23, 24, 25, 28, 29, 30, 34, 41, 
      44, 45, 46, 48 ], 
  [ 2, 4, 9, 12, 13, 15, 18, 19, 23, 24, 25, 28, 29, 30, 35, 36, 39, 41, 43, 
      44, 46, 48 ], 
  [ 1, 4, 5, 7, 9, 12, 13, 15, 18, 19, 23, 24, 25, 28, 29, 30, 34, 41, 43, 
      44, 45, 46, 48 ], 
  [ 2, 3, 9, 11, 14, 15, 18, 19, 22, 25, 26, 31, 32, 33, 36, 37, 39, 40, 43, 
      47, 49, 50 ], 
  [ 2, 3, 6, 8, 9, 11, 14, 15, 18, 19, 21, 22, 25, 26, 31, 32, 35, 36, 37, 
      39, 43, 44, 46 ], 
  [ 2, 3, 6, 8, 9, 11, 14, 15, 18, 19, 21, 22, 25, 26, 31, 32, 33, 35, 36, 
      37, 39, 40, 46 ], 
  [ 1, 3, 5, 6, 7, 8, 9, 11, 14, 16, 17, 18, 21, 22, 25, 26, 31, 32, 33, 34, 
      37, 38, 40, 42, 49, 50 ], 
  [ 1, 3, 5, 6, 7, 8, 10, 12, 14, 16, 17, 18, 19, 20, 25, 26, 27, 28, 29, 
      30, 31, 32, 33, 34, 37, 38, 40, 41, 42, 45, 46, 49, 50 ], 
  [ 3, 7, 8, 11, 14, 17, 18, 22, 24, 25, 28, 31, 32, 33, 35, 37, 40, 43, 45, 
      46, 49 ], 
  [ 1, 3, 6, 7, 8, 10, 11, 14, 15, 17, 20, 24, 25, 28, 29, 32, 33, 34, 35, 
      37, 38, 40, 41, 45, 46, 49 ], 
  [ 2, 3, 7, 8, 11, 14, 16, 17, 22, 24, 25, 28, 31, 32, 35, 37, 40, 43, 45, 
      46, 49 ], 
  [ 2, 3, 8, 11, 14, 17, 18, 22, 24, 25, 28, 31, 32, 35, 37, 40, 43, 45, 46, 
      49 ], [ 2, 3, 7, 8, 9, 11, 14, 16, 17, 18, 22, 24, 25, 28, 31, 32, 34, 
      35, 40, 41, 42, 43, 44, 45, 46, 48, 49 ], 
  [ 2, 3, 7, 8, 9, 11, 14, 16, 17, 18, 22, 24, 25, 28, 31, 32, 34, 37, 38, 
      40, 43, 45, 46, 49 ], 
  [ 7, 8, 11, 14, 17, 18, 22, 24, 25, 28, 31, 32, 33, 35, 37, 38, 40, 43, 
      45, 46, 49 ], 
  [ 2, 8, 11, 14, 17, 18, 22, 24, 25, 28, 31, 32, 35, 37, 38, 40, 43, 45, 
      46, 49 ], 
  [ 2, 7, 8, 11, 14, 16, 17, 22, 24, 25, 28, 31, 32, 35, 37, 38, 40, 43, 45, 
      46, 49 ], 
  [ 2, 3, 6, 7, 8, 9, 11, 14, 16, 17, 21, 22, 24, 25, 32, 34, 35, 37, 38, 
      40, 41, 43, 44, 45, 46, 49 ], 
  [ 2, 3, 7, 8, 9, 11, 14, 16, 17, 24, 25, 28, 32, 34, 35, 37, 38, 40, 41, 
      43, 45, 46, 49 ], 
  [ 4, 7, 11, 14, 17, 18, 22, 24, 25, 28, 31, 32, 33, 35, 38, 40, 43, 45, 
      46, 49 ], 
  [ 2, 3, 6, 9, 11, 13, 16, 17, 20, 21, 22, 25, 26, 31, 32, 35, 36, 39, 42, 
      44, 47, 48, 50 ], 
  [ 2, 3, 6, 8, 10, 11, 14, 15, 18, 19, 22, 25, 26, 30, 31, 34, 36, 37, 38, 
      40, 42, 45, 49, 50 ], 
  [ 2, 3, 6, 7, 8, 9, 11, 14, 16, 17, 21, 22, 24, 25, 32, 33, 35, 37, 39, 
      40, 46 ], 
  [ 2, 3, 6, 7, 8, 9, 11, 14, 16, 17, 21, 22, 24, 25, 32, 35, 37, 39, 43, 
      44, 46 ], 
  [ 2, 4, 7, 8, 9, 11, 14, 16, 17, 18, 21, 22, 23, 24, 25, 28, 31, 32, 35, 
      39, 43, 44, 46, 48 ], 
  [ 2, 3, 6, 7, 8, 9, 11, 13, 16, 17, 20, 21, 22, 23, 24, 25, 28, 31, 32, 
      35, 37, 39, 43, 44, 46, 47, 48 ], 
  [ 2, 3, 6, 7, 8, 9, 11, 14, 16, 17, 21, 22, 24, 25, 32, 35, 37, 39, 43, 
      44, 47, 48, 49 ], 
  [ 2, 4, 7, 8, 10, 11, 14, 16, 17, 18, 22, 23, 24, 25, 28, 30, 31, 34, 35, 
      40, 41, 42, 44, 45, 46, 48 ], 
  [ 2, 3, 7, 8, 9, 11, 13, 16, 17, 18, 22, 23, 24, 25, 28, 30, 31, 34, 37, 
      38, 40, 43, 45, 46 ], 
  [ 2, 3, 7, 8, 10, 11, 14, 16, 17, 18, 22, 24, 25, 28, 30, 31, 34, 35, 40, 
      41, 42, 44, 45, 46, 48 ], 
  [ 2, 4, 9, 11, 14, 16, 17, 18, 21, 22, 25, 26, 31, 32, 35, 39, 43, 44, 46 ]
    , [ 2, 4, 9, 11, 13, 16, 17, 20, 21, 22, 25, 26, 31, 32, 35, 39, 43, 44, 
      46, 47 ], 
  [ 2, 4, 9, 11, 13, 15, 17, 18, 19, 20, 21, 22, 23, 24, 25, 26, 27, 28, 29, 
      30, 31, 32, 35, 36, 39, 43, 44, 46, 47, 48, 50 ], 
  [ 2, 4, 9, 11, 14, 15, 17, 18, 21, 22, 24, 25, 26, 29, 32, 35, 39, 43, 44, 
      46 ], 
  [ 2, 4, 7, 9, 11, 13, 16, 17, 20, 21, 22, 23, 24, 25, 28, 31, 32, 35, 39, 
      43, 44, 46, 47, 48 ], 
  [ 1, 3, 5, 6, 7, 9, 11, 13, 16, 17, 20, 21, 22, 25, 26, 31, 32, 34, 42, 
      44, 47, 48, 49, 50 ], 
  [ 2, 3, 6, 7, 8, 10, 13, 16, 17, 20, 23, 24, 25, 28, 30, 35, 37, 40, 41, 
      45, 46 ], 
  [ 2, 3, 6, 7, 8, 10, 11, 14, 16, 17, 20, 24, 25, 28, 32, 34, 35, 37, 38, 
      40, 41, 45, 46, 49 ], 
  [ 1, 3, 6, 7, 8, 10, 11, 17, 20, 25, 28, 30, 31, 33, 34, 37, 38, 40, 42, 
      45, 49, 50 ], 
  [ 2, 3, 5, 6, 7, 10, 12, 13, 16, 17, 20, 22, 24, 25, 26, 29, 30, 34, 37, 
      38, 40, 45, 47, 49, 50 ], 
  [ 2, 3, 5, 6, 8, 10, 12, 14, 16, 18, 19, 22, 25, 26, 30, 31, 34, 37, 38, 
      40, 42, 45, 49, 50 ], 
  [ 2, 4, 7, 9, 11, 14, 16, 17, 21, 22, 24, 25, 32, 35, 39, 43, 44, 47, 48, 
      49 ], [ 1, 3, 5, 6, 7, 8, 10, 11, 13, 16, 22, 23, 25, 30, 31, 34, 42, 
      44, 45, 48 ] ];
