return 
[ [ 1, 3, 6, 10, 11, 13, 14, 15, 16, 17, 18, 23, 29, 31, 32, 36, 38, 40 ], 
  [ 1, 3, 6, 10, 11, 13, 14, 15, 16, 17, 18, 23, 29, 31, 32, 36, 38, 41 ], 
  [ 1, 5, 6, 10, 11, 13, 16, 21, 26, 29, 31, 32, 34, 35, 36, 38, 39, 41 ], 
  [ 1, 5, 6, 10, 11, 13, 16, 17, 21, 26, 29, 31, 32, 35, 36, 38, 39, 41 ], 
  [ 1, 5, 6, 10, 11, 13, 21, 22, 26, 29, 31, 32, 34, 35, 36, 38, 39, 41 ], 
  [ 1, 5, 6, 10, 11, 13, 17, 21, 22, 26, 29, 31, 32, 35, 36, 38, 39, 41 ], 
  [ 1, 5, 6, 10, 11, 13, 16, 21, 23, 29, 31, 32, 34, 35, 36, 38, 39, 41 ], 
  [ 1, 5, 6, 10, 11, 13, 16, 17, 21, 23, 29, 31, 32, 35, 36, 38, 39, 41 ], 
  [ 1, 5, 6, 10, 11, 13, 16, 18, 21, 23, 29, 31, 32, 34, 36, 38, 39, 41 ], 
  [ 1, 5, 6, 10, 11, 13, 16, 17, 18, 21, 23, 29, 31, 32, 36, 38, 39, 41 ], 
  [ 1, 3, 5, 6, 10, 11, 13, 16, 26, 29, 31, 32, 34, 35, 36, 38, 39, 41 ], 
  [ 1, 3, 5, 6, 10, 11, 13, 15, 16, 17, 26, 31, 32, 35, 37, 39, 41, 42 ], 
  [ 1, 3, 5, 6, 10, 11, 13, 22, 26, 29, 31, 32, 34, 35, 36, 38, 39, 41 ], 
  [ 1, 3, 5, 6, 10, 11, 13, 15, 17, 22, 26, 31, 32, 35, 37, 39, 41, 42 ], 
  [ 1, 3, 5, 6, 10, 11, 13, 16, 23, 29, 31, 32, 34, 35, 36, 38, 39, 41 ], 
  [ 1, 3, 5, 6, 10, 11, 13, 15, 16, 17, 23, 31, 32, 35, 37, 39, 41, 42 ], 
  [ 1, 3, 5, 6, 10, 11, 13, 16, 18, 23, 29, 31, 32, 34, 36, 38, 39, 41 ], 
  [ 1, 3, 5, 6, 10, 11, 13, 15, 16, 17, 18, 23, 31, 32, 37, 39, 41, 42 ], 
  [ 1, 3, 5, 6, 10, 11, 13, 15, 16, 17, 18, 23, 29, 31, 32, 36, 38, 40 ], 
  [ 1, 3, 5, 6, 10, 11, 16, 24, 26, 29, 31, 32, 34, 35, 36, 38, 39, 41 ], 
  [ 1, 3, 5, 6, 10, 11, 22, 24, 26, 29, 31, 32, 34, 35, 36, 38, 39, 41 ], 
  [ 1, 3, 5, 6, 10, 11, 16, 23, 24, 29, 31, 32, 34, 35, 36, 38, 39, 41 ], 
  [ 1, 3, 5, 6, 10, 11, 16, 18, 23, 24, 29, 31, 32, 34, 36, 38, 39, 41 ], 
  [ 1, 3, 5, 6, 10, 11, 15, 16, 17, 18, 23, 24, 29, 31, 32, 36, 38, 40 ], 
  [ 1, 3, 5, 6, 9, 10, 11, 15, 16, 17, 26, 31, 32, 35, 37, 39, 41, 42 ], 
  [ 1, 3, 5, 6, 9, 10, 11, 15, 17, 22, 26, 31, 32, 35, 37, 39, 41, 42 ], 
  [ 1, 3, 5, 6, 9, 10, 11, 15, 16, 17, 23, 31, 32, 35, 37, 39, 41, 42 ], 
  [ 1, 3, 5, 6, 9, 10, 11, 15, 16, 17, 18, 23, 31, 32, 37, 39, 41, 42 ], 
  [ 1, 3, 5, 6, 9, 10, 11, 16, 24, 26, 31, 32, 34, 35, 36, 38, 39, 41 ], 
  [ 1, 3, 5, 6, 9, 10, 11, 15, 16, 17, 24, 26, 31, 32, 35, 37, 39, 41 ], 
  [ 1, 3, 5, 6, 9, 10, 11, 22, 24, 26, 31, 32, 34, 35, 36, 38, 39, 41 ], 
  [ 1, 3, 5, 6, 9, 10, 11, 15, 17, 22, 24, 26, 31, 32, 35, 37, 39, 41 ], 
  [ 1, 3, 5, 6, 9, 10, 11, 16, 23, 24, 31, 32, 34, 35, 36, 38, 39, 41 ], 
  [ 1, 3, 5, 6, 9, 10, 11, 15, 16, 17, 23, 24, 31, 32, 35, 37, 39, 41 ], 
  [ 1, 3, 5, 6, 9, 10, 11, 16, 18, 23, 24, 31, 32, 34, 36, 38, 39, 41 ], 
  [ 1, 3, 5, 6, 9, 10, 11, 15, 16, 17, 18, 23, 24, 31, 32, 37, 39, 41 ], 
  [ 1, 3, 5, 6, 9, 10, 11, 15, 16, 17, 18, 23, 24, 31, 32, 36, 38, 40 ], 
  [ 1, 2, 8, 10, 12, 14, 16, 20, 21, 25, 26, 29, 30, 32, 34, 35, 36, 38 ], 
  [ 1, 2, 8, 10, 12, 14, 20, 21, 22, 25, 26, 29, 30, 32, 34, 35, 36, 38 ], 
  [ 1, 2, 8, 10, 12, 14, 16, 20, 21, 23, 25, 29, 30, 32, 34, 35, 36, 38 ], 
  [ 1, 2, 3, 4, 8, 10, 12, 14, 16, 20, 25, 26, 29, 30, 33, 35, 36, 38 ], 
  [ 1, 2, 3, 4, 8, 10, 12, 14, 20, 22, 25, 26, 29, 30, 33, 35, 36, 38 ], 
  [ 1, 2, 3, 4, 8, 10, 12, 14, 16, 20, 23, 25, 29, 30, 33, 35, 36, 38 ], 
  [ 1, 2, 8, 9, 10, 12, 14, 16, 20, 21, 25, 26, 30, 32, 34, 35, 36, 38 ], 
  [ 1, 2, 8, 9, 10, 12, 14, 20, 21, 22, 25, 26, 30, 32, 34, 35, 36, 38 ], 
  [ 1, 2, 8, 9, 10, 12, 14, 16, 20, 21, 23, 25, 30, 32, 34, 35, 36, 38 ], 
  [ 1, 2, 3, 8, 9, 10, 12, 14, 16, 20, 25, 26, 30, 32, 34, 35, 36, 38 ], 
  [ 1, 2, 3, 8, 9, 10, 12, 14, 20, 22, 25, 26, 30, 32, 34, 35, 36, 38 ], 
  [ 1, 2, 3, 8, 9, 10, 12, 14, 16, 20, 23, 25, 30, 32, 34, 35, 36, 38 ], 
  [ 1, 3, 5, 6, 9, 10, 14, 16, 18, 20, 21, 23, 25, 31, 32, 34, 36, 38, 40 ], 
  [ 1, 2, 5, 8, 9, 10, 16, 18, 20, 21, 23, 25, 28, 29, 30, 33, 36, 38, 39 ], 
  [ 2, 3, 5, 8, 9, 10, 19, 20, 22, 24, 26, 30, 33, 34, 35, 36, 38, 39, 41 ], 
  [ 1, 2, 3, 5, 8, 9, 10, 14, 16, 18, 20, 21, 23, 25, 32, 34, 36, 38, 40 ], 
  [ 1, 3, 6, 10, 11, 13, 14, 15, 16, 17, 18, 22, 26, 29, 31, 32, 36, 38, 40 ]
    , [ 1, 3, 6, 10, 11, 13, 14, 15, 16, 17, 18, 22, 26, 29, 31, 32, 36, 38, 
      41 ], 
  [ 1, 5, 6, 10, 11, 13, 16, 18, 21, 22, 26, 29, 31, 32, 34, 36, 38, 39, 41 ]
    , [ 1, 5, 6, 10, 11, 13, 16, 17, 18, 21, 22, 26, 29, 31, 32, 36, 38, 39, 
      41 ], 
  [ 1, 5, 6, 10, 11, 13, 16, 17, 18, 21, 23, 29, 32, 33, 35, 36, 38, 39, 41 ]
    , [ 1, 3, 5, 6, 10, 11, 13, 15, 16, 17, 26, 29, 31, 32, 35, 36, 38, 39, 
      41 ], 
  [ 1, 3, 5, 6, 10, 11, 13, 15, 17, 22, 26, 29, 31, 32, 35, 36, 38, 39, 41 ],
  [ 1, 3, 5, 6, 10, 11, 13, 16, 18, 22, 26, 29, 31, 32, 34, 36, 38, 39, 41 ],
  [ 1, 3, 5, 6, 10, 11, 13, 15, 16, 17, 18, 22, 26, 31, 32, 37, 39, 41, 42 ],
  [ 1, 3, 5, 6, 10, 11, 13, 15, 16, 17, 18, 22, 26, 29, 31, 32, 36, 38, 40 ],
  [ 1, 3, 5, 6, 10, 11, 13, 15, 16, 17, 23, 29, 31, 32, 35, 36, 38, 39, 41 ],
  [ 1, 3, 5, 6, 10, 11, 13, 15, 16, 17, 18, 23, 29, 31, 32, 36, 38, 39, 41 ],
  [ 1, 3, 5, 6, 10, 11, 15, 16, 17, 24, 26, 29, 31, 32, 35, 36, 38, 39, 41 ],
  [ 1, 3, 5, 6, 10, 11, 15, 17, 22, 24, 26, 29, 31, 32, 35, 36, 38, 39, 41 ],
  [ 1, 3, 5, 6, 10, 11, 16, 18, 22, 24, 26, 29, 31, 32, 34, 36, 38, 39, 41 ],
  [ 1, 3, 5, 6, 10, 11, 15, 16, 17, 18, 22, 24, 26, 29, 31, 32, 36, 38, 40 ],
  [ 1, 3, 5, 6, 10, 11, 15, 16, 17, 23, 24, 29, 31, 32, 35, 36, 38, 39, 41 ],
  [ 1, 3, 5, 6, 10, 11, 16, 17, 18, 23, 24, 29, 31, 32, 34, 36, 38, 40, 41 ],
  [ 1, 3, 5, 6, 10, 11, 15, 16, 17, 18, 23, 24, 29, 31, 32, 36, 38, 39, 41 ],
  [ 1, 3, 4, 5, 6, 10, 11, 13, 15, 16, 17, 18, 23, 24, 29, 32, 36, 38, 40 ], 
  [ 1, 3, 4, 5, 6, 10, 11, 13, 15, 16, 17, 18, 23, 24, 28, 29, 33, 36, 39 ], 
  [ 1, 3, 5, 6, 9, 10, 11, 15, 16, 17, 18, 22, 26, 31, 32, 37, 39, 41, 42 ], 
  [ 1, 3, 5, 6, 9, 10, 11, 15, 16, 24, 26, 31, 32, 34, 35, 37, 38, 39, 41 ], 
  [ 1, 3, 5, 6, 9, 10, 11, 15, 16, 17, 24, 26, 31, 32, 35, 36, 38, 39, 41 ], 
  [ 1, 3, 5, 6, 9, 10, 11, 15, 22, 24, 26, 31, 32, 34, 35, 37, 38, 39, 41 ], 
  [ 1, 3, 5, 6, 9, 10, 11, 15, 17, 22, 24, 26, 31, 32, 35, 36, 38, 39, 41 ], 
  [ 1, 3, 5, 6, 9, 10, 11, 16, 18, 22, 24, 26, 31, 32, 34, 36, 38, 39, 41 ], 
  [ 1, 3, 5, 6, 9, 10, 11, 15, 16, 17, 18, 22, 24, 26, 31, 32, 37, 39, 41 ], 
  [ 1, 3, 5, 6, 9, 10, 11, 15, 16, 17, 18, 22, 24, 26, 31, 32, 36, 38, 40 ], 
  [ 1, 3, 5, 6, 9, 10, 11, 15, 16, 23, 24, 31, 32, 34, 35, 37, 38, 39, 41 ], 
  [ 1, 3, 5, 6, 9, 10, 11, 15, 16, 17, 23, 24, 31, 32, 35, 36, 38, 39, 41 ], 
  [ 1, 3, 5, 6, 9, 10, 11, 15, 16, 18, 23, 24, 31, 32, 34, 37, 38, 39, 41 ], 
  [ 1, 3, 5, 6, 9, 10, 11, 16, 17, 18, 23, 24, 31, 32, 34, 36, 38, 40, 41 ], 
  [ 1, 3, 5, 6, 9, 10, 11, 15, 16, 17, 18, 23, 24, 28, 29, 31, 36, 38, 40 ], 
  [ 1, 3, 5, 6, 9, 10, 11, 15, 16, 17, 18, 23, 24, 31, 32, 36, 38, 39, 41 ], 
  [ 1, 2, 3, 4, 8, 10, 12, 14, 16, 20, 25, 26, 29, 30, 32, 34, 35, 36, 38 ], 
  [ 1, 2, 3, 4, 8, 10, 12, 14, 20, 22, 25, 26, 29, 30, 32, 34, 35, 36, 38 ], 
  [ 1, 2, 3, 4, 8, 10, 12, 14, 16, 20, 23, 25, 29, 30, 32, 34, 35, 36, 38 ], 
  [ 1, 3, 5, 6, 10, 13, 14, 15, 16, 17, 18, 21, 23, 25, 29, 31, 32, 36, 38, 
      40 ], 
  [ 1, 3, 5, 6, 10, 13, 14, 16, 18, 20, 21, 23, 25, 29, 31, 32, 34, 36, 38, 
      40 ], 
  [ 1, 3, 5, 8, 10, 14, 16, 18, 20, 21, 23, 25, 29, 30, 31, 32, 34, 36, 38, 
      40 ], 
  [ 2, 4, 5, 8, 10, 13, 16, 18, 20, 21, 23, 25, 27, 29, 32, 34, 36, 38, 39, 
      40 ], [ 1, 3, 4, 5, 8, 10, 15, 16, 17, 18, 23, 24, 30, 32, 33, 35, 37, 
      39, 41, 42 ], 
  [ 2, 3, 4, 5, 8, 10, 19, 20, 22, 24, 26, 29, 30, 33, 34, 35, 36, 38, 39, 
      41 ], 
  [ 2, 4, 7, 8, 10, 13, 14, 16, 18, 20, 21, 23, 25, 27, 29, 32, 34, 36, 38, 
      40 ], 
  [ 2, 4, 7, 8, 10, 19, 20, 22, 24, 26, 27, 29, 30, 33, 34, 35, 36, 38, 39, 
      41 ], [ 1, 3, 5, 6, 9, 10, 14, 16, 18, 20, 21, 22, 25, 26, 31, 32, 34, 
      36, 38, 40 ], 
  [ 1, 2, 3, 4, 8, 9, 10, 15, 16, 18, 23, 24, 30, 32, 33, 35, 36, 38, 39, 41 
     ], [ 1, 2, 5, 8, 9, 10, 16, 18, 20, 21, 22, 25, 26, 28, 29, 30, 33, 36, 
      38, 39 ], 
  [ 1, 3, 5, 8, 9, 10, 14, 16, 18, 20, 21, 23, 25, 30, 31, 32, 34, 36, 38, 
      40 ], [ 1, 3, 5, 8, 9, 10, 15, 16, 17, 18, 23, 24, 30, 32, 33, 35, 37, 
      39, 41, 42 ], 
  [ 1, 3, 5, 8, 9, 10, 15, 16, 17, 18, 23, 24, 30, 32, 33, 35, 36, 38, 39, 
      41 ], [ 1, 3, 5, 8, 9, 10, 15, 16, 18, 20, 23, 24, 25, 30, 32, 33, 35, 
      36, 38, 39 ], 
  [ 2, 3, 5, 8, 9, 10, 16, 19, 20, 23, 24, 26, 30, 33, 34, 35, 36, 38, 39, 
      41 ], [ 1, 2, 3, 5, 8, 9, 10, 14, 16, 18, 20, 21, 22, 25, 26, 32, 34, 
      36, 38, 40 ], 
  [ 1, 2, 3, 5, 8, 9, 10, 14, 16, 18, 20, 21, 23, 25, 28, 30, 33, 36, 39, 42 
     ], [ 1, 2, 3, 5, 8, 9, 10, 14, 16, 18, 20, 21, 23, 25, 28, 29, 30, 33, 
      36, 38 ], 
  [ 1, 5, 6, 10, 11, 13, 16, 17, 18, 21, 22, 26, 29, 32, 33, 35, 36, 38, 39, 
      41 ], 
  [ 1, 3, 5, 6, 10, 11, 13, 15, 16, 17, 18, 22, 26, 29, 31, 32, 36, 38, 39, 
      41 ], 
  [ 1, 3, 5, 6, 10, 11, 16, 17, 18, 22, 24, 26, 29, 31, 32, 34, 36, 38, 40, 
      41 ], 
  [ 1, 3, 5, 6, 10, 11, 15, 16, 17, 18, 22, 24, 26, 29, 31, 32, 36, 38, 39, 
      41 ], [ 1, 3, 4, 5, 6, 10, 11, 13, 15, 16, 17, 24, 26, 29, 31, 32, 35, 
      37, 39, 41 ], 
  [ 1, 3, 4, 5, 6, 10, 11, 13, 15, 17, 22, 24, 26, 29, 31, 32, 35, 37, 39, 
      41 ], [ 1, 3, 4, 5, 6, 10, 11, 13, 15, 16, 17, 18, 22, 24, 26, 29, 32, 
      36, 38, 40 ], 
  [ 1, 3, 4, 5, 6, 10, 11, 13, 15, 16, 17, 18, 22, 24, 26, 28, 29, 33, 36, 
      39 ], [ 1, 3, 4, 5, 6, 10, 11, 13, 15, 16, 17, 23, 24, 29, 31, 32, 35, 
      37, 39, 41 ], 
  [ 1, 3, 4, 5, 6, 10, 11, 13, 15, 16, 17, 18, 23, 24, 29, 31, 32, 37, 39, 
      41 ], [ 1, 2, 4, 5, 8, 10, 11, 16, 17, 18, 23, 24, 29, 32, 33, 35, 36, 
      38, 39, 41 ], 
  [ 1, 3, 5, 6, 9, 10, 11, 13, 14, 16, 18, 21, 23, 25, 31, 32, 34, 36, 38, 
      40 ], [ 1, 3, 5, 6, 9, 10, 11, 14, 16, 17, 18, 21, 23, 31, 32, 34, 36, 
      38, 40, 41 ], 
  [ 1, 3, 5, 6, 9, 10, 11, 15, 16, 18, 22, 24, 26, 31, 32, 34, 37, 38, 39, 
      41 ], [ 1, 3, 5, 6, 9, 10, 11, 16, 17, 18, 22, 24, 26, 31, 32, 34, 36, 
      38, 40, 41 ], 
  [ 1, 3, 5, 6, 9, 10, 11, 15, 16, 17, 18, 22, 24, 26, 28, 29, 31, 36, 38, 
      40 ], [ 1, 3, 5, 6, 9, 10, 11, 15, 16, 17, 18, 22, 24, 26, 31, 32, 36, 
      38, 39, 41 ], 
  [ 1, 3, 5, 6, 9, 10, 11, 15, 16, 17, 18, 23, 24, 31, 32, 34, 37, 38, 40, 
      41 ], [ 1, 3, 5, 6, 9, 10, 11, 15, 16, 17, 18, 23, 24, 32, 33, 35, 37, 
      39, 41, 42 ], 
  [ 1, 3, 5, 6, 9, 10, 11, 15, 16, 17, 18, 23, 24, 32, 33, 35, 36, 38, 39, 
      41 ], [ 1, 2, 3, 5, 8, 10, 12, 14, 19, 20, 21, 22, 25, 26, 29, 30, 33, 
      35, 36, 38 ], 
  [ 1, 2, 3, 5, 8, 10, 12, 14, 19, 20, 21, 22, 25, 26, 29, 30, 34, 35, 36, 
      38 ], [ 1, 2, 3, 5, 8, 10, 12, 19, 20, 22, 24, 26, 29, 30, 33, 34, 35, 
      36, 38, 41 ], 
  [ 1, 2, 3, 4, 5, 8, 10, 12, 19, 20, 22, 24, 26, 29, 30, 33, 34, 35, 38, 41 
     ], [ 1, 2, 7, 8, 10, 12, 14, 16, 18, 20, 21, 23, 25, 29, 30, 32, 33, 
      35, 36, 38 ], 
  [ 1, 2, 4, 7, 8, 10, 12, 14, 16, 18, 20, 23, 25, 29, 30, 32, 33, 35, 36, 
      38 ], [ 1, 2, 4, 7, 8, 10, 12, 13, 14, 16, 18, 20, 21, 23, 25, 29, 32, 
      34, 38, 40 ], 
  [ 1, 2, 4, 7, 8, 10, 12, 13, 14, 16, 18, 20, 21, 23, 25, 29, 32, 36, 38, 
      40 ], [ 1, 2, 3, 5, 8, 9, 10, 12, 14, 19, 20, 21, 22, 25, 26, 30, 33, 
      35, 36, 38 ], 
  [ 1, 2, 3, 5, 8, 9, 10, 12, 14, 19, 20, 21, 22, 25, 26, 30, 34, 35, 36, 38 
     ], [ 1, 2, 3, 5, 8, 9, 10, 12, 19, 20, 22, 24, 26, 30, 33, 34, 35, 36, 
      38, 41 ], 
  [ 1, 2, 7, 8, 9, 10, 12, 14, 16, 18, 20, 21, 23, 25, 28, 29, 30, 33, 36, 
      38 ], [ 1, 2, 7, 8, 9, 10, 12, 14, 16, 18, 20, 21, 23, 25, 30, 32, 33, 
      35, 36, 38 ], 
  [ 1, 3, 5, 6, 10, 13, 14, 15, 16, 17, 18, 21, 22, 25, 26, 29, 31, 32, 36, 
      38, 40 ], 
  [ 1, 3, 5, 6, 10, 13, 14, 16, 18, 20, 21, 22, 25, 26, 29, 31, 32, 34, 36, 
      38, 40 ], 
  [ 1, 3, 5, 6, 10, 15, 16, 17, 18, 23, 24, 29, 30, 31, 32, 33, 35, 36, 38, 
      39, 41 ], 
  [ 1, 3, 5, 6, 10, 16, 18, 20, 23, 24, 29, 30, 31, 32, 33, 34, 35, 36, 38, 
      39, 41 ], 
  [ 1, 3, 5, 6, 10, 15, 16, 18, 20, 23, 24, 25, 29, 30, 31, 32, 33, 35, 36, 
      38, 39 ], 
  [ 1, 3, 4, 5, 6, 10, 13, 15, 16, 18, 20, 23, 24, 25, 29, 32, 33, 35, 36, 
      38, 39 ], 
  [ 1, 3, 5, 8, 10, 14, 16, 18, 20, 21, 22, 25, 26, 29, 30, 31, 32, 34, 36, 
      38, 40 ], 
  [ 2, 4, 5, 8, 10, 13, 16, 18, 20, 21, 22, 25, 26, 27, 29, 32, 34, 36, 38, 
      39, 40 ], 
  [ 2, 4, 5, 8, 10, 13, 19, 20, 21, 22, 25, 26, 27, 29, 32, 34, 35, 36, 38, 
      39, 40 ], 
  [ 1, 3, 4, 5, 8, 10, 15, 16, 17, 18, 22, 24, 26, 30, 32, 33, 35, 37, 39, 
      41, 42 ], 
  [ 1, 3, 4, 5, 8, 10, 15, 16, 17, 18, 23, 24, 29, 30, 32, 33, 35, 36, 38, 
      39, 41 ], 
  [ 1, 3, 4, 5, 8, 10, 15, 16, 18, 20, 23, 24, 25, 29, 30, 32, 33, 35, 36, 
      38, 39 ], 
  [ 2, 3, 4, 5, 8, 10, 16, 19, 20, 23, 24, 26, 29, 30, 33, 34, 35, 36, 38, 
      39, 41 ], 
  [ 1, 2, 3, 4, 5, 8, 10, 13, 14, 16, 18, 20, 21, 23, 25, 29, 32, 34, 36, 
      38, 40 ], 
  [ 2, 4, 7, 8, 10, 13, 14, 16, 18, 20, 21, 22, 25, 26, 27, 29, 32, 34, 36, 
      38, 40 ], 
  [ 2, 4, 7, 8, 10, 16, 18, 20, 23, 24, 27, 29, 30, 32, 33, 34, 35, 36, 38, 
      39, 41 ], 
  [ 2, 4, 7, 8, 10, 16, 19, 20, 23, 24, 26, 27, 29, 30, 33, 34, 35, 36, 38, 
      39, 41 ], 
  [ 1, 3, 5, 6, 9, 10, 15, 16, 17, 18, 23, 24, 30, 31, 32, 33, 35, 37, 39, 
      41, 42 ], 
  [ 1, 3, 5, 6, 9, 10, 15, 16, 17, 18, 23, 24, 30, 31, 32, 33, 35, 36, 38, 
      39, 41 ], 
  [ 1, 3, 5, 6, 9, 10, 16, 18, 20, 23, 24, 30, 31, 32, 33, 34, 35, 36, 38, 
      39, 41 ], 
  [ 1, 3, 5, 6, 9, 10, 15, 16, 18, 20, 23, 24, 25, 28, 29, 30, 31, 33, 36, 
      38, 39 ], 
  [ 1, 3, 5, 6, 9, 10, 15, 16, 18, 20, 23, 24, 25, 30, 31, 32, 33, 35, 36, 
      38, 39 ], 
  [ 1, 2, 3, 4, 8, 9, 10, 15, 16, 18, 22, 24, 26, 30, 32, 33, 35, 36, 38, 
      39, 41 ], 
  [ 1, 2, 3, 4, 8, 9, 10, 15, 16, 18, 20, 23, 24, 25, 30, 32, 33, 35, 36, 
      38, 39 ], 
  [ 1, 3, 5, 8, 9, 10, 14, 16, 18, 20, 21, 22, 25, 26, 30, 31, 32, 34, 36, 
      38, 40 ], 
  [ 1, 3, 5, 8, 9, 10, 15, 16, 17, 18, 22, 24, 26, 30, 32, 33, 35, 37, 39, 
      41, 42 ], 
  [ 1, 3, 5, 8, 9, 10, 15, 16, 17, 18, 22, 24, 26, 30, 32, 33, 35, 36, 38, 
      39, 41 ], 
  [ 1, 3, 5, 8, 9, 10, 15, 16, 18, 20, 22, 24, 25, 26, 30, 32, 33, 35, 36, 
      38, 39 ], 
  [ 1, 2, 3, 5, 8, 9, 10, 14, 16, 18, 20, 21, 22, 25, 26, 28, 30, 33, 36, 
      39, 42 ], 
  [ 1, 2, 3, 5, 8, 9, 10, 14, 16, 18, 20, 21, 22, 25, 26, 28, 29, 30, 33, 
      36, 38 ], 
  [ 1, 2, 3, 5, 8, 9, 10, 16, 18, 20, 23, 24, 30, 32, 33, 34, 35, 36, 38, 
      39, 41 ], 
  [ 1, 2, 3, 4, 5, 8, 9, 10, 15, 16, 18, 20, 23, 24, 25, 28, 30, 33, 37, 39, 
      42 ], 
  [ 1, 2, 3, 4, 5, 8, 9, 10, 15, 16, 18, 20, 23, 24, 25, 32, 33, 35, 36, 38, 
      39 ], 
  [ 1, 2, 5, 6, 10, 11, 13, 16, 18, 20, 21, 23, 29, 32, 33, 34, 35, 36, 38, 
      39, 41 ], 
  [ 1, 3, 5, 6, 10, 11, 13, 14, 16, 17, 18, 21, 23, 29, 31, 32, 34, 36, 38, 
      40, 41 ], 
  [ 1, 3, 4, 5, 6, 10, 11, 13, 15, 16, 24, 26, 29, 31, 32, 34, 35, 37, 38, 
      39, 41 ], 
  [ 1, 3, 4, 5, 6, 10, 11, 13, 15, 22, 24, 26, 29, 31, 32, 34, 35, 37, 38, 
      39, 41 ], 
  [ 1, 3, 4, 5, 6, 10, 11, 13, 15, 16, 17, 18, 22, 24, 26, 29, 31, 32, 37, 
      39, 41 ], 
  [ 1, 3, 4, 5, 6, 10, 11, 13, 15, 16, 23, 24, 29, 31, 32, 34, 35, 37, 38, 
      39, 41 ], 
  [ 1, 3, 4, 5, 6, 10, 11, 13, 15, 16, 18, 23, 24, 29, 31, 32, 34, 37, 38, 
      39, 41 ], 
  [ 1, 3, 4, 5, 6, 10, 11, 13, 15, 16, 17, 18, 23, 24, 32, 33, 35, 37, 39, 
      41, 42 ], 
  [ 2, 3, 4, 5, 6, 10, 11, 13, 19, 20, 22, 24, 26, 29, 33, 34, 35, 36, 38, 
      39, 41 ], 
  [ 1, 2, 4, 5, 8, 10, 11, 13, 16, 17, 18, 21, 23, 29, 32, 33, 35, 36, 38, 
      39, 41 ], 
  [ 1, 2, 4, 5, 8, 10, 11, 16, 17, 18, 22, 24, 26, 29, 32, 33, 35, 36, 38, 
      39, 41 ], 
  [ 1, 5, 6, 9, 10, 11, 15, 16, 17, 18, 23, 24, 27, 28, 29, 31, 32, 36, 38, 
      39, 40 ], 
  [ 1, 3, 5, 6, 9, 10, 11, 13, 15, 16, 25, 26, 31, 32, 34, 35, 37, 38, 39, 
      41, 42 ], 
  [ 1, 3, 5, 6, 9, 10, 11, 13, 15, 22, 25, 26, 31, 32, 34, 35, 37, 38, 39, 
      41, 42 ], 
  [ 1, 3, 5, 6, 9, 10, 11, 13, 14, 16, 18, 21, 22, 25, 26, 31, 32, 34, 36, 
      38, 40 ], 
  [ 1, 3, 5, 6, 9, 10, 11, 14, 16, 17, 18, 21, 22, 26, 31, 32, 34, 36, 38, 
      40, 41 ], 
  [ 1, 3, 5, 6, 9, 10, 11, 13, 15, 16, 23, 25, 31, 32, 34, 35, 37, 38, 39, 
      41, 42 ], 
  [ 1, 3, 5, 6, 9, 10, 11, 13, 15, 16, 18, 23, 25, 31, 32, 34, 37, 38, 39, 
      41, 42 ], 
  [ 1, 3, 5, 6, 9, 10, 11, 13, 14, 15, 16, 17, 18, 21, 23, 25, 31, 32, 36, 
      38, 40 ], 
  [ 1, 3, 5, 6, 9, 10, 11, 15, 16, 17, 18, 22, 24, 26, 31, 32, 34, 37, 38, 
      40, 41 ], 
  [ 1, 3, 5, 6, 9, 10, 11, 15, 16, 17, 18, 22, 24, 26, 32, 33, 35, 37, 39, 
      41, 42 ], 
  [ 1, 3, 5, 6, 9, 10, 11, 15, 16, 17, 18, 22, 24, 26, 32, 33, 35, 36, 38, 
      39, 41 ], 
  [ 1, 3, 5, 6, 9, 10, 11, 15, 16, 17, 18, 23, 24, 28, 30, 31, 33, 37, 39, 
      41, 42 ], 
  [ 1, 3, 5, 6, 9, 10, 11, 15, 16, 17, 18, 23, 24, 27, 28, 31, 32, 36, 37, 
      39, 40 ], 
  [ 1, 2, 3, 5, 6, 9, 10, 11, 13, 14, 16, 18, 20, 21, 23, 25, 32, 34, 36, 
      38, 40 ], 
  [ 1, 2, 3, 5, 6, 9, 10, 11, 16, 18, 20, 23, 24, 32, 33, 34, 35, 36, 38, 
      39, 41 ], 
  [ 1, 2, 3, 5, 8, 10, 12, 14, 19, 20, 21, 22, 26, 29, 30, 33, 34, 35, 36, 
      38, 41 ], 
  [ 1, 2, 3, 5, 8, 10, 12, 14, 16, 19, 20, 21, 23, 25, 26, 29, 30, 33, 35, 
      36, 38 ], 
  [ 1, 2, 3, 5, 8, 10, 12, 14, 16, 19, 20, 21, 23, 25, 26, 29, 30, 34, 35, 
      36, 38 ], 
  [ 1, 2, 3, 5, 8, 10, 12, 16, 19, 20, 23, 24, 26, 29, 30, 33, 34, 35, 36, 
      38, 41 ], 
  [ 1, 2, 3, 4, 5, 8, 10, 12, 13, 14, 19, 20, 21, 22, 25, 26, 29, 33, 35, 
      36, 38 ], 
  [ 1, 2, 3, 4, 5, 8, 10, 12, 16, 19, 20, 23, 24, 26, 29, 30, 33, 34, 35, 
      38, 41 ], 
  [ 1, 2, 7, 8, 10, 12, 14, 16, 18, 20, 21, 22, 25, 26, 29, 30, 32, 33, 35, 
      36, 38 ], 
  [ 1, 2, 7, 8, 10, 12, 14, 16, 18, 20, 21, 23, 29, 30, 32, 33, 34, 35, 36, 
      38, 41 ], 
  [ 1, 2, 4, 7, 8, 10, 12, 14, 16, 18, 20, 22, 25, 26, 29, 30, 32, 33, 35, 
      36, 38 ], 
  [ 1, 2, 4, 7, 8, 10, 12, 13, 14, 16, 18, 20, 21, 22, 25, 26, 29, 32, 34, 
      38, 40 ], 
  [ 1, 2, 4, 7, 8, 10, 12, 13, 14, 16, 18, 20, 21, 22, 25, 26, 29, 32, 36, 
      38, 40 ], 
  [ 1, 2, 4, 7, 8, 10, 12, 13, 14, 16, 18, 20, 21, 23, 25, 27, 28, 29, 32, 
      36, 40 ], 
  [ 1, 2, 4, 7, 8, 10, 12, 13, 14, 16, 18, 20, 21, 23, 25, 29, 32, 33, 35, 
      36, 38 ], 
  [ 1, 3, 5, 6, 9, 10, 12, 14, 19, 20, 21, 22, 25, 26, 31, 32, 34, 35, 36, 
      38, 40 ], 
  [ 1, 2, 5, 8, 9, 10, 12, 19, 20, 21, 22, 25, 26, 28, 29, 30, 33, 35, 36, 
      38, 39 ], 
  [ 1, 2, 3, 5, 8, 9, 10, 12, 14, 19, 20, 21, 22, 25, 26, 28, 29, 30, 33, 
      36, 38 ], 
  [ 1, 2, 3, 5, 8, 9, 10, 12, 14, 19, 20, 21, 22, 25, 26, 32, 34, 35, 36, 
      38, 40 ], 
  [ 1, 2, 3, 5, 8, 9, 10, 12, 14, 19, 20, 21, 22, 26, 30, 33, 34, 35, 36, 
      38, 41 ], 
  [ 1, 2, 3, 5, 8, 9, 10, 12, 14, 16, 19, 20, 21, 23, 25, 26, 30, 33, 35, 
      36, 38 ], 
  [ 1, 2, 3, 5, 8, 9, 10, 12, 14, 16, 19, 20, 21, 23, 25, 26, 30, 34, 35, 
      36, 38 ], 
  [ 1, 2, 3, 5, 8, 9, 10, 12, 16, 19, 20, 23, 24, 26, 30, 33, 34, 35, 36, 
      38, 41 ], 
  [ 1, 2, 7, 8, 9, 10, 12, 14, 16, 18, 20, 21, 22, 25, 26, 28, 29, 30, 33, 
      36, 38 ], 
  [ 1, 2, 7, 8, 9, 10, 12, 14, 16, 18, 20, 21, 22, 25, 26, 30, 32, 33, 35, 
      36, 38 ], 
  [ 1, 2, 7, 8, 9, 10, 12, 14, 16, 18, 20, 21, 23, 30, 32, 33, 34, 35, 36, 
      38, 41 ], 
  [ 1, 3, 5, 6, 10, 15, 16, 17, 18, 22, 24, 26, 29, 30, 31, 32, 33, 35, 36, 
      38, 39, 41 ], 
  [ 1, 3, 5, 6, 10, 16, 18, 20, 22, 24, 26, 29, 30, 31, 32, 33, 34, 35, 36, 
      38, 39, 41 ], 
  [ 1, 3, 5, 6, 10, 15, 16, 18, 20, 22, 24, 25, 26, 29, 30, 31, 32, 33, 35, 
      36, 38, 39 ], 
  [ 1, 3, 4, 5, 6, 10, 13, 15, 16, 18, 20, 22, 24, 25, 26, 29, 32, 33, 35, 
      36, 38, 39 ], 
  [ 2, 4, 5, 8, 10, 13, 16, 19, 20, 21, 23, 25, 26, 27, 29, 32, 34, 35, 36, 
      38, 39, 40 ], 
  [ 1, 3, 4, 5, 8, 10, 15, 16, 17, 18, 22, 24, 26, 29, 30, 32, 33, 35, 36, 
      38, 39, 41 ], 
  [ 1, 3, 4, 5, 8, 10, 15, 16, 18, 20, 22, 24, 25, 26, 29, 30, 32, 33, 35, 
      36, 38, 39 ], 
  [ 1, 2, 3, 4, 5, 8, 10, 13, 14, 16, 18, 20, 21, 22, 25, 26, 29, 32, 34, 
      36, 38, 40 ], 
  [ 1, 2, 3, 4, 5, 8, 10, 13, 14, 16, 18, 20, 21, 23, 25, 28, 29, 30, 33, 
      36, 39, 42 ], 
  [ 1, 2, 3, 4, 5, 8, 10, 16, 18, 20, 23, 24, 29, 30, 32, 33, 34, 35, 36, 
      38, 39, 41 ], 
  [ 2, 4, 7, 8, 10, 16, 18, 20, 22, 24, 26, 27, 29, 30, 32, 33, 34, 35, 36, 
      38, 39, 41 ], 
  [ 1, 3, 5, 6, 9, 10, 15, 16, 17, 18, 22, 24, 26, 30, 31, 32, 33, 35, 37, 
      39, 41, 42 ], 
  [ 1, 3, 5, 6, 9, 10, 15, 16, 17, 18, 22, 24, 26, 30, 31, 32, 33, 35, 36, 
      38, 39, 41 ], 
  [ 1, 3, 5, 6, 9, 10, 16, 18, 20, 22, 24, 26, 30, 31, 32, 33, 34, 35, 36, 
      38, 39, 41 ], 
  [ 1, 3, 5, 6, 9, 10, 15, 16, 18, 20, 22, 24, 25, 26, 28, 29, 30, 31, 33, 
      36, 38, 39 ], 
  [ 1, 3, 5, 6, 9, 10, 15, 16, 18, 20, 22, 24, 25, 26, 30, 31, 32, 33, 35, 
      36, 38, 39 ], 
  [ 1, 2, 3, 4, 8, 9, 10, 14, 15, 16, 18, 23, 25, 30, 32, 33, 35, 36, 38, 
      39, 41, 42 ], 
  [ 1, 2, 3, 4, 8, 9, 10, 15, 16, 18, 20, 22, 24, 25, 26, 30, 32, 33, 35, 
      36, 38, 39 ], 
  [ 2, 3, 5, 8, 9, 10, 14, 19, 20, 21, 22, 25, 26, 30, 33, 34, 35, 36, 38, 
      39, 41, 42 ], 
  [ 1, 2, 3, 5, 8, 9, 10, 14, 16, 18, 20, 21, 23, 25, 28, 29, 30, 31, 34, 
      36, 38, 40 ], 
  [ 1, 2, 3, 5, 8, 9, 10, 16, 18, 20, 22, 24, 26, 30, 32, 33, 34, 35, 36, 
      38, 39, 41 ], 
  [ 1, 2, 3, 4, 5, 8, 9, 10, 15, 16, 18, 20, 22, 24, 25, 26, 28, 30, 33, 37, 
      39, 42 ], 
  [ 1, 2, 3, 4, 5, 8, 9, 10, 15, 16, 18, 20, 22, 24, 25, 26, 32, 33, 35, 36, 
      38, 39 ], 
  [ 1, 2, 3, 4, 5, 8, 9, 10, 15, 16, 18, 20, 23, 24, 25, 28, 29, 30, 33, 36, 
      38, 39 ], 
  [ 2, 7, 8, 9, 10, 14, 19, 20, 21, 22, 25, 26, 27, 30, 33, 34, 35, 36, 38, 
      39, 41, 42 ], 
  [ 1, 2, 5, 6, 10, 11, 13, 16, 18, 20, 21, 22, 26, 29, 32, 33, 34, 35, 36, 
      38, 39, 41 ], 
  [ 1, 3, 5, 6, 10, 11, 13, 14, 16, 17, 18, 21, 22, 26, 29, 31, 32, 34, 36, 
      38, 40, 41 ], 
  [ 1, 3, 4, 5, 6, 10, 11, 13, 15, 16, 18, 22, 24, 26, 29, 31, 32, 34, 37, 
      38, 39, 41 ], 
  [ 1, 3, 4, 5, 6, 10, 11, 13, 15, 16, 17, 18, 22, 24, 26, 32, 33, 35, 37, 
      39, 41, 42 ], 
  [ 1, 3, 4, 5, 6, 10, 11, 13, 15, 16, 17, 18, 23, 24, 29, 31, 32, 34, 37, 
      38, 40, 41 ], 
  [ 1, 3, 4, 5, 6, 10, 11, 13, 15, 16, 17, 18, 23, 24, 29, 32, 33, 35, 36, 
      38, 39, 41 ], 
  [ 2, 3, 4, 5, 6, 10, 11, 13, 16, 19, 20, 23, 24, 26, 29, 33, 34, 35, 36, 
      38, 39, 41 ], 
  [ 1, 2, 4, 5, 8, 10, 11, 13, 16, 17, 18, 21, 22, 26, 29, 32, 33, 35, 36, 
      38, 39, 41 ], 
  [ 1, 5, 6, 9, 10, 11, 15, 16, 17, 18, 22, 24, 26, 27, 28, 29, 31, 32, 36, 
      38, 39, 40 ], 
  [ 1, 3, 5, 6, 9, 10, 11, 13, 14, 16, 21, 25, 26, 31, 32, 34, 35, 36, 38, 
      39, 41, 42 ], 
  [ 1, 3, 5, 6, 9, 10, 11, 13, 15, 16, 18, 22, 25, 26, 31, 32, 34, 37, 38, 
      39, 41, 42 ], 
  [ 1, 3, 5, 6, 9, 10, 11, 13, 14, 21, 22, 25, 26, 31, 32, 34, 35, 36, 38, 
      39, 41, 42 ], 
  [ 1, 3, 5, 6, 9, 10, 11, 13, 14, 15, 16, 17, 18, 21, 22, 25, 26, 31, 32, 
      36, 38, 40 ], 
  [ 1, 3, 5, 6, 9, 10, 11, 13, 14, 16, 21, 23, 25, 31, 32, 34, 35, 36, 38, 
      39, 41, 42 ], 
  [ 1, 3, 5, 6, 9, 10, 11, 13, 14, 16, 18, 21, 23, 25, 31, 32, 34, 36, 38, 
      39, 41, 42 ], 
  [ 1, 3, 5, 6, 9, 10, 11, 13, 14, 15, 16, 17, 18, 21, 23, 25, 28, 29, 31, 
      36, 38, 40 ], 
  [ 1, 3, 5, 6, 9, 10, 11, 15, 16, 17, 18, 22, 24, 26, 28, 30, 31, 33, 37, 
      39, 41, 42 ], 
  [ 1, 3, 5, 6, 9, 10, 11, 15, 16, 17, 18, 22, 24, 26, 27, 28, 31, 32, 36, 
      37, 39, 40 ], 
  [ 1, 3, 5, 6, 9, 10, 11, 15, 16, 17, 18, 23, 24, 28, 29, 30, 31, 33, 36, 
      38, 39, 41 ], 
  [ 1, 2, 3, 5, 6, 9, 10, 11, 13, 14, 16, 18, 20, 21, 22, 25, 26, 32, 34, 
      36, 38, 40 ], 
  [ 1, 2, 3, 5, 6, 9, 10, 11, 16, 18, 20, 22, 24, 26, 32, 33, 34, 35, 36, 
      38, 39, 41 ], 
  [ 1, 2, 3, 4, 5, 8, 9, 10, 11, 15, 16, 17, 18, 23, 24, 28, 30, 33, 37, 39, 
      41, 42 ], 
  [ 1, 2, 3, 4, 5, 8, 9, 10, 11, 15, 16, 17, 18, 23, 24, 32, 33, 35, 37, 39, 
      41, 42 ], 
  [ 1, 2, 3, 4, 5, 8, 9, 10, 11, 15, 16, 17, 18, 23, 24, 32, 33, 35, 36, 38, 
      39, 41 ], 
  [ 1, 3, 5, 6, 10, 12, 13, 14, 15, 17, 19, 21, 22, 25, 26, 29, 31, 32, 35, 
      36, 38, 40 ], 
  [ 1, 3, 5, 6, 10, 12, 13, 14, 19, 20, 21, 22, 25, 26, 29, 31, 32, 34, 35, 
      36, 38, 40 ], 
  [ 1, 3, 6, 7, 10, 12, 14, 15, 16, 17, 18, 23, 24, 29, 30, 31, 32, 33, 35, 
      36, 38, 41 ], 
  [ 1, 2, 3, 5, 8, 10, 12, 14, 16, 19, 20, 21, 23, 26, 29, 30, 33, 34, 35, 
      36, 38, 41 ], 
  [ 1, 2, 3, 4, 5, 8, 10, 12, 13, 14, 16, 19, 20, 21, 23, 25, 26, 29, 33, 
      35, 36, 38 ], 
  [ 1, 2, 7, 8, 10, 12, 14, 16, 18, 20, 21, 22, 26, 29, 30, 32, 33, 34, 35, 
      36, 38, 41 ], 
  [ 1, 2, 4, 7, 8, 10, 12, 13, 14, 16, 18, 20, 21, 22, 25, 26, 27, 28, 29, 
      32, 36, 40 ], 
  [ 1, 2, 4, 7, 8, 10, 12, 13, 14, 16, 18, 20, 21, 22, 25, 26, 29, 32, 33, 
      35, 36, 38 ], 
  [ 1, 3, 5, 6, 9, 10, 12, 14, 16, 19, 20, 21, 23, 25, 26, 31, 32, 34, 35, 
      36, 38, 40 ], 
  [ 1, 3, 6, 7, 9, 10, 12, 14, 15, 16, 17, 18, 23, 24, 30, 31, 32, 33, 35, 
      36, 38, 41 ], 
  [ 1, 2, 5, 8, 9, 10, 12, 16, 19, 20, 21, 23, 25, 26, 28, 29, 30, 33, 35, 
      36, 38, 39 ], 
  [ 1, 2, 3, 5, 8, 9, 10, 12, 14, 19, 20, 21, 22, 25, 26, 30, 33, 34, 35, 
      38, 41, 42 ], 
  [ 1, 2, 3, 5, 8, 9, 10, 12, 14, 19, 20, 21, 22, 25, 26, 28, 30, 33, 35, 
      36, 39, 42 ], 
  [ 1, 2, 3, 5, 8, 9, 10, 12, 14, 16, 19, 20, 21, 23, 25, 26, 28, 29, 30, 
      33, 36, 38 ], 
  [ 1, 2, 3, 5, 8, 9, 10, 12, 14, 16, 19, 20, 21, 23, 25, 26, 32, 34, 35, 
      36, 38, 40 ], 
  [ 1, 2, 3, 5, 8, 9, 10, 12, 14, 16, 19, 20, 21, 23, 26, 30, 33, 34, 35, 
      36, 38, 41 ], 
  [ 1, 2, 7, 8, 9, 10, 12, 14, 16, 18, 20, 21, 22, 26, 30, 32, 33, 34, 35, 
      36, 38, 41 ], 
  [ 1, 2, 7, 8, 9, 10, 12, 14, 16, 18, 20, 21, 23, 25, 30, 32, 33, 34, 35, 
      38, 41, 42 ], 
  [ 1, 2, 3, 7, 8, 9, 10, 12, 14, 16, 18, 20, 23, 24, 30, 32, 33, 34, 35, 
      36, 38, 41 ], 
  [ 1, 2, 3, 4, 7, 8, 9, 10, 12, 14, 15, 16, 18, 23, 24, 30, 32, 33, 35, 36, 
      38, 41 ], 
  [ 1, 3, 4, 5, 6, 10, 13, 15, 16, 17, 18, 23, 24, 29, 30, 31, 32, 33, 35, 
      37, 39, 41, 42 ], 
  [ 1, 2, 3, 4, 5, 8, 10, 13, 14, 16, 18, 20, 21, 22, 25, 26, 28, 29, 30, 
      33, 36, 39, 42 ], 
  [ 1, 2, 3, 4, 5, 8, 10, 16, 18, 20, 22, 24, 26, 29, 30, 32, 33, 34, 35, 
      36, 38, 39, 41 ], 
  [ 1, 2, 3, 4, 8, 9, 10, 14, 15, 16, 18, 22, 25, 26, 30, 32, 33, 35, 36, 
      38, 39, 41, 42 ], 
  [ 1, 2, 5, 8, 9, 10, 16, 18, 20, 21, 23, 25, 27, 28, 29, 30, 31, 32, 34, 
      36, 38, 39, 40 ], 
  [ 1, 3, 5, 8, 9, 10, 14, 15, 16, 17, 18, 21, 23, 25, 30, 32, 33, 35, 36, 
      38, 39, 41, 42 ], 
  [ 2, 3, 5, 8, 9, 10, 14, 16, 19, 20, 21, 23, 25, 26, 30, 33, 34, 35, 36, 
      38, 39, 41, 42 ], 
  [ 1, 2, 3, 5, 8, 9, 10, 14, 16, 18, 20, 21, 22, 25, 26, 28, 29, 30, 31, 
      34, 36, 38, 40 ], 
  [ 2, 3, 4, 5, 8, 9, 10, 15, 19, 20, 22, 24, 25, 26, 30, 33, 34, 35, 37, 
      38, 39, 41, 42 ], 
  [ 1, 2, 3, 4, 5, 8, 9, 10, 15, 16, 18, 20, 22, 24, 25, 26, 28, 29, 30, 33, 
      36, 38, 39 ], 
  [ 2, 7, 8, 9, 10, 14, 16, 18, 20, 21, 23, 25, 27, 30, 32, 33, 34, 35, 36, 
      38, 39, 41, 42 ], 
  [ 2, 7, 8, 9, 10, 14, 16, 19, 20, 21, 23, 25, 26, 27, 30, 33, 34, 35, 36, 
      38, 39, 41, 42 ], 
  [ 1, 3, 4, 5, 6, 10, 11, 13, 15, 16, 17, 18, 22, 24, 26, 29, 31, 32, 34, 
      37, 38, 40, 41 ], 
  [ 1, 3, 4, 5, 6, 10, 11, 13, 15, 16, 17, 18, 22, 24, 26, 29, 32, 33, 35, 
      36, 38, 39, 41 ], 
  [ 1, 3, 4, 5, 6, 10, 11, 13, 15, 16, 17, 18, 23, 24, 28, 29, 30, 31, 33, 
      37, 39, 41, 42 ], 
  [ 1, 3, 4, 5, 6, 10, 11, 13, 15, 16, 17, 18, 23, 24, 27, 28, 29, 31, 32, 
      36, 37, 39, 40 ], 
  [ 1, 2, 3, 4, 5, 6, 10, 11, 13, 16, 18, 20, 23, 24, 29, 32, 33, 34, 35, 
      36, 38, 39, 41 ], 
  [ 1, 5, 6, 9, 10, 11, 13, 15, 16, 17, 18, 21, 23, 25, 27, 28, 29, 31, 32, 
      36, 38, 39, 40 ], 
  [ 1, 3, 5, 6, 9, 10, 11, 13, 14, 15, 16, 17, 21, 25, 26, 31, 32, 35, 36, 
      38, 39, 41, 42 ], 
  [ 1, 3, 5, 6, 9, 10, 11, 13, 14, 15, 17, 21, 22, 25, 26, 31, 32, 35, 36, 
      38, 39, 41, 42 ], 
  [ 1, 3, 5, 6, 9, 10, 11, 13, 14, 16, 18, 21, 22, 25, 26, 31, 32, 34, 36, 
      38, 39, 41, 42 ], 
  [ 1, 3, 5, 6, 9, 10, 11, 13, 14, 15, 16, 17, 18, 21, 22, 25, 26, 28, 29, 
      31, 36, 38, 40 ], 
  [ 1, 3, 5, 6, 9, 10, 11, 13, 14, 15, 16, 17, 21, 23, 25, 31, 32, 35, 36, 
      38, 39, 41, 42 ], 
  [ 1, 3, 5, 6, 9, 10, 11, 13, 14, 15, 16, 17, 18, 21, 23, 25, 31, 32, 36, 
      38, 39, 41, 42 ], 
  [ 1, 3, 5, 6, 9, 10, 11, 15, 16, 17, 18, 22, 24, 26, 28, 29, 30, 31, 33, 
      36, 38, 39, 41 ], 
  [ 1, 2, 3, 5, 6, 9, 10, 11, 13, 14, 16, 18, 20, 21, 23, 25, 28, 29, 31, 
      34, 36, 38, 40 ], 
  [ 1, 2, 3, 5, 6, 9, 10, 11, 16, 18, 20, 23, 24, 28, 29, 30, 31, 33, 34, 
      36, 38, 39, 41 ], 
  [ 1, 2, 3, 4, 5, 6, 9, 10, 11, 13, 15, 16, 18, 20, 23, 24, 25, 28, 29, 33, 
      36, 38, 39 ], 
  [ 1, 2, 3, 4, 5, 6, 9, 10, 11, 13, 15, 16, 18, 20, 23, 24, 25, 32, 33, 35, 
      36, 38, 39 ], 
  [ 1, 2, 3, 4, 5, 8, 9, 10, 11, 15, 16, 17, 18, 22, 24, 26, 28, 30, 33, 37, 
      39, 41, 42 ], 
  [ 1, 2, 3, 4, 5, 8, 9, 10, 11, 15, 16, 17, 18, 22, 24, 26, 32, 33, 35, 37, 
      39, 41, 42 ], 
  [ 1, 2, 3, 4, 5, 8, 9, 10, 11, 15, 16, 17, 18, 22, 24, 26, 32, 33, 35, 36, 
      38, 39, 41 ], 
  [ 1, 2, 3, 4, 5, 8, 9, 10, 11, 15, 16, 17, 18, 23, 24, 28, 29, 30, 33, 36, 
      38, 39, 41 ], 
  [ 1, 3, 5, 6, 10, 12, 13, 14, 15, 16, 17, 19, 21, 23, 25, 26, 29, 31, 32, 
      35, 36, 38, 40 ], 
  [ 1, 3, 5, 6, 10, 12, 13, 14, 16, 19, 20, 21, 23, 25, 26, 29, 31, 32, 34, 
      35, 36, 38, 40 ], 
  [ 1, 3, 6, 7, 10, 12, 14, 15, 16, 17, 18, 22, 24, 26, 29, 30, 31, 32, 33, 
      35, 36, 38, 41 ], 
  [ 1, 2, 3, 4, 5, 8, 10, 12, 13, 14, 19, 20, 21, 22, 25, 26, 29, 32, 34, 
      35, 36, 38, 40 ], 
  [ 1, 2, 3, 4, 7, 8, 10, 12, 14, 16, 18, 20, 23, 24, 29, 30, 32, 33, 34, 
      35, 36, 38, 41 ], 
  [ 1, 3, 5, 6, 9, 10, 12, 15, 19, 20, 22, 24, 25, 26, 28, 29, 30, 31, 33, 
      35, 36, 38, 39 ], 
  [ 1, 3, 6, 7, 9, 10, 12, 14, 15, 16, 17, 18, 22, 24, 26, 30, 31, 32, 33, 
      35, 36, 38, 41 ], 
  [ 1, 2, 3, 5, 8, 9, 10, 12, 14, 19, 20, 21, 22, 25, 26, 28, 29, 30, 31, 
      34, 36, 38, 40 ], 
  [ 1, 2, 3, 5, 8, 9, 10, 12, 14, 16, 19, 20, 21, 23, 25, 26, 30, 33, 34, 
      35, 38, 41, 42 ], 
  [ 1, 2, 3, 5, 8, 9, 10, 12, 14, 16, 19, 20, 21, 23, 25, 26, 28, 30, 33, 
      35, 36, 39, 42 ], 
  [ 1, 2, 3, 4, 5, 8, 9, 10, 12, 15, 19, 20, 22, 24, 25, 26, 28, 30, 33, 35, 
      37, 39, 42 ], 
  [ 1, 2, 7, 8, 9, 10, 12, 14, 16, 18, 20, 21, 22, 25, 26, 30, 32, 33, 34, 
      35, 38, 41, 42 ], 
  [ 1, 2, 7, 8, 9, 10, 12, 16, 18, 20, 21, 23, 25, 27, 28, 29, 30, 32, 33, 
      35, 36, 38, 39 ], 
  [ 1, 2, 7, 8, 9, 10, 12, 14, 16, 18, 20, 21, 23, 25, 27, 28, 30, 31, 32, 
      34, 37, 40, 42 ], 
  [ 1, 2, 7, 8, 9, 10, 12, 14, 16, 18, 20, 21, 23, 25, 27, 28, 30, 32, 33, 
      35, 36, 39, 42 ], 
  [ 1, 2, 3, 7, 8, 9, 10, 12, 14, 16, 18, 20, 22, 24, 26, 30, 32, 33, 34, 
      35, 36, 38, 41 ], 
  [ 1, 2, 3, 4, 7, 8, 9, 10, 12, 14, 15, 16, 18, 22, 24, 26, 30, 32, 33, 35, 
      36, 38, 41 ], 
  [ 1, 2, 3, 4, 7, 8, 9, 10, 12, 14, 15, 16, 18, 20, 23, 24, 25, 28, 29, 30, 
      33, 36, 38 ], 
  [ 1, 2, 3, 4, 7, 8, 9, 10, 12, 14, 15, 16, 18, 20, 23, 24, 25, 30, 32, 33, 
      35, 36, 38 ], 
  [ 1, 2, 3, 5, 6, 9, 10, 11, 12, 13, 14, 19, 20, 21, 22, 25, 26, 32, 34, 
      35, 36, 38, 40 ], 
  [ 1, 3, 4, 5, 6, 10, 13, 15, 16, 17, 18, 22, 24, 26, 29, 30, 31, 32, 33, 
      35, 37, 39, 41, 42 ], 
  [ 2, 3, 4, 5, 8, 10, 13, 14, 19, 20, 21, 22, 25, 26, 29, 30, 33, 34, 35, 
      36, 38, 39, 41, 42 ], 
  [ 2, 4, 7, 8, 10, 13, 14, 19, 20, 21, 22, 25, 26, 27, 29, 30, 33, 34, 35, 
      36, 38, 39, 41, 42 ], 
  [ 1, 3, 5, 6, 9, 10, 14, 15, 16, 17, 18, 21, 23, 25, 30, 31, 32, 33, 35, 
      36, 38, 39, 41, 42 ], 
  [ 1, 3, 5, 6, 9, 10, 14, 16, 18, 20, 21, 23, 25, 30, 31, 32, 33, 34, 35, 
      36, 38, 39, 41, 42 ], 
  [ 1, 3, 5, 6, 9, 10, 15, 16, 18, 20, 23, 24, 25, 30, 31, 32, 33, 34, 35, 
      37, 38, 39, 41, 42 ], 
  [ 1, 2, 5, 8, 9, 10, 16, 18, 20, 21, 22, 25, 26, 27, 28, 29, 30, 31, 32, 
      34, 36, 38, 39, 40 ], 
  [ 1, 3, 5, 8, 9, 10, 14, 15, 16, 17, 18, 21, 22, 25, 26, 30, 32, 33, 35, 
      36, 38, 39, 41, 42 ], 
  [ 1, 2, 3, 5, 8, 9, 10, 14, 16, 18, 20, 21, 23, 25, 30, 32, 33, 34, 35, 
      36, 38, 39, 41, 42 ], 
  [ 2, 3, 4, 5, 8, 9, 10, 15, 16, 19, 20, 23, 24, 25, 26, 30, 33, 34, 35, 
      37, 38, 39, 41, 42 ], 
  [ 2, 7, 8, 9, 10, 14, 16, 18, 20, 21, 22, 25, 26, 27, 30, 32, 33, 34, 35, 
      36, 38, 39, 41, 42 ], 
  [ 1, 3, 4, 5, 6, 10, 11, 13, 15, 16, 17, 18, 22, 24, 26, 28, 29, 30, 31, 
      33, 37, 39, 41, 42 ], 
  [ 1, 3, 4, 5, 6, 10, 11, 13, 15, 16, 17, 18, 22, 24, 26, 27, 28, 29, 31, 
      32, 36, 37, 39, 40 ], 
  [ 1, 2, 3, 4, 5, 6, 10, 11, 13, 16, 18, 20, 22, 24, 26, 29, 32, 33, 34, 
      35, 36, 38, 39, 41 ], 
  [ 1, 5, 6, 9, 10, 11, 13, 15, 16, 17, 18, 21, 22, 25, 26, 27, 28, 29, 31, 
      32, 36, 38, 39, 40 ], 
  [ 1, 2, 5, 6, 9, 10, 11, 13, 16, 18, 20, 21, 23, 25, 27, 28, 29, 31, 32, 
      34, 36, 38, 39, 40 ], 
  [ 1, 3, 5, 6, 9, 10, 11, 13, 14, 15, 16, 17, 18, 21, 22, 25, 26, 31, 32, 
      36, 38, 39, 41, 42 ], 
  [ 1, 3, 5, 6, 9, 10, 11, 13, 14, 15, 16, 17, 18, 21, 23, 25, 31, 32, 34, 
      37, 38, 40, 41, 42 ], 
  [ 1, 3, 5, 6, 9, 10, 11, 13, 14, 15, 16, 17, 18, 21, 23, 25, 32, 33, 35, 
      36, 38, 39, 41, 42 ], 
  [ 1, 2, 3, 5, 6, 9, 10, 11, 13, 14, 16, 18, 20, 21, 22, 25, 26, 28, 29, 
      31, 34, 36, 38, 40 ], 
  [ 1, 2, 3, 5, 6, 9, 10, 11, 16, 18, 20, 22, 24, 26, 28, 29, 30, 31, 33, 
      34, 36, 38, 39, 41 ], 
  [ 1, 2, 3, 4, 5, 6, 9, 10, 11, 13, 15, 16, 18, 20, 22, 24, 25, 26, 28, 29, 
      33, 36, 38, 39 ], 
  [ 1, 2, 3, 4, 5, 6, 9, 10, 11, 13, 15, 16, 18, 20, 22, 24, 25, 26, 32, 33, 
      35, 36, 38, 39 ], 
  [ 1, 2, 3, 4, 5, 8, 9, 10, 11, 15, 16, 17, 18, 22, 24, 26, 28, 29, 30, 33, 
      36, 38, 39, 41 ], 
  [ 1, 2, 3, 4, 5, 8, 10, 12, 13, 14, 19, 20, 21, 22, 25, 26, 29, 30, 33, 
      34, 35, 38, 41, 42 ], 
  [ 1, 2, 3, 4, 5, 8, 10, 12, 13, 14, 19, 20, 21, 22, 25, 26, 28, 29, 30, 
      33, 35, 36, 39, 42 ], 
  [ 1, 2, 3, 4, 5, 8, 10, 12, 13, 14, 16, 19, 20, 21, 23, 25, 26, 29, 32, 
      34, 35, 36, 38, 40 ], 
  [ 1, 2, 4, 7, 8, 10, 12, 13, 14, 16, 18, 20, 21, 23, 25, 29, 30, 32, 33, 
      34, 35, 38, 41, 42 ], 
  [ 1, 2, 3, 4, 7, 8, 10, 12, 14, 16, 18, 20, 22, 24, 26, 29, 30, 32, 33, 
      34, 35, 36, 38, 41 ], 
  [ 1, 3, 5, 6, 9, 10, 12, 15, 16, 19, 20, 23, 24, 25, 26, 28, 29, 30, 31, 
      33, 35, 36, 38, 39 ], 
  [ 1, 2, 3, 5, 8, 9, 10, 12, 14, 16, 19, 20, 21, 23, 25, 26, 28, 29, 30, 
      31, 34, 36, 38, 40 ], 
  [ 1, 2, 3, 4, 5, 8, 9, 10, 12, 15, 19, 20, 22, 24, 25, 26, 30, 33, 34, 35, 
      37, 38, 41, 42 ], 
  [ 1, 2, 3, 4, 5, 8, 9, 10, 12, 15, 19, 20, 22, 24, 25, 26, 28, 29, 30, 33, 
      35, 36, 38, 39 ], 
  [ 1, 2, 3, 4, 5, 8, 9, 10, 12, 15, 16, 19, 20, 23, 24, 25, 26, 28, 30, 33, 
      35, 37, 39, 42 ], 
  [ 1, 2, 7, 8, 9, 10, 12, 16, 18, 20, 21, 22, 25, 26, 27, 28, 29, 30, 32, 
      33, 35, 36, 38, 39 ], 
  [ 1, 2, 7, 8, 9, 10, 12, 14, 16, 18, 20, 21, 22, 25, 26, 27, 28, 30, 31, 
      32, 34, 37, 40, 42 ], 
  [ 1, 2, 7, 8, 9, 10, 12, 14, 16, 18, 20, 21, 22, 25, 26, 27, 28, 30, 32, 
      33, 35, 36, 39, 42 ], 
  [ 1, 2, 7, 8, 9, 10, 12, 14, 16, 18, 20, 21, 23, 25, 27, 28, 29, 30, 31, 
      32, 34, 36, 38, 40 ], 
  [ 1, 2, 3, 4, 7, 8, 9, 10, 12, 14, 15, 16, 18, 20, 22, 24, 25, 26, 28, 29, 
      30, 33, 36, 38 ], 
  [ 1, 2, 3, 4, 7, 8, 9, 10, 12, 14, 15, 16, 18, 20, 22, 24, 25, 26, 30, 32, 
      33, 35, 36, 38 ], 
  [ 1, 2, 3, 5, 6, 9, 10, 11, 12, 13, 14, 19, 20, 21, 22, 25, 26, 28, 29, 
      31, 34, 36, 38, 40 ], 
  [ 1, 2, 3, 5, 6, 9, 10, 11, 12, 13, 14, 16, 19, 20, 21, 23, 25, 26, 32, 
      34, 35, 36, 38, 40 ], 
  [ 1, 2, 6, 7, 9, 10, 11, 12, 13, 14, 16, 18, 20, 21, 23, 25, 27, 28, 31, 
      32, 34, 37, 40, 42 ], 
  [ 1, 3, 5, 6, 10, 13, 14, 15, 16, 17, 18, 21, 23, 25, 29, 30, 31, 32, 33, 
      35, 36, 38, 39, 41, 42 ], 
  [ 1, 3, 5, 6, 10, 13, 14, 16, 18, 20, 21, 23, 25, 29, 30, 31, 32, 33, 34, 
      35, 36, 38, 39, 41, 42 ], 
  [ 1, 3, 4, 5, 8, 10, 13, 14, 15, 16, 17, 18, 21, 23, 25, 29, 30, 32, 33, 
      35, 36, 38, 39, 41, 42 ], 
  [ 2, 3, 4, 5, 8, 10, 13, 14, 16, 19, 20, 21, 23, 25, 26, 29, 30, 33, 34, 
      35, 36, 38, 39, 41, 42 ], 
  [ 2, 4, 7, 8, 10, 13, 14, 16, 18, 20, 21, 23, 25, 27, 29, 30, 32, 33, 34, 
      35, 36, 38, 39, 41, 42 ], 
  [ 2, 4, 7, 8, 10, 13, 14, 16, 19, 20, 21, 23, 25, 26, 27, 29, 30, 33, 34, 
      35, 36, 38, 39, 41, 42 ], 
  [ 1, 3, 5, 6, 9, 10, 14, 15, 16, 17, 18, 21, 22, 25, 26, 30, 31, 32, 33, 
      35, 36, 38, 39, 41, 42 ], 
  [ 1, 3, 5, 6, 9, 10, 14, 16, 18, 20, 21, 22, 25, 26, 30, 31, 32, 33, 34, 
      35, 36, 38, 39, 41, 42 ], 
  [ 1, 3, 5, 6, 9, 10, 15, 16, 18, 20, 22, 24, 25, 26, 30, 31, 32, 33, 34, 
      35, 37, 38, 39, 41, 42 ], 
  [ 1, 2, 3, 5, 8, 9, 10, 14, 16, 18, 20, 21, 22, 25, 26, 30, 32, 33, 34, 
      35, 36, 38, 39, 41, 42 ], 
  [ 1, 2, 3, 5, 8, 9, 10, 14, 16, 18, 20, 21, 23, 25, 27, 28, 30, 31, 32, 
      34, 36, 37, 39, 40, 42 ], 
  [ 1, 2, 3, 4, 5, 8, 9, 10, 15, 16, 18, 20, 23, 24, 25, 30, 32, 33, 34, 35, 
      37, 38, 39, 41, 42 ], 
  [ 1, 2, 5, 6, 9, 10, 11, 13, 16, 18, 20, 21, 22, 25, 26, 27, 28, 29, 31, 
      32, 34, 36, 38, 39, 40 ], 
  [ 1, 3, 5, 6, 9, 10, 11, 13, 14, 15, 16, 17, 18, 21, 22, 25, 26, 31, 32, 
      34, 37, 38, 40, 41, 42 ], 
  [ 1, 3, 5, 6, 9, 10, 11, 13, 14, 15, 16, 17, 18, 21, 22, 25, 26, 32, 33, 
      35, 36, 38, 39, 41, 42 ], 
  [ 1, 3, 5, 6, 9, 10, 11, 13, 14, 15, 16, 17, 18, 21, 23, 25, 27, 28, 31, 
      32, 36, 37, 39, 40, 42 ], 
  [ 1, 2, 3, 5, 6, 9, 10, 11, 13, 14, 16, 18, 20, 21, 23, 25, 32, 33, 34, 
      35, 36, 38, 39, 41, 42 ], 
  [ 1, 2, 3, 4, 5, 8, 10, 12, 13, 14, 16, 19, 20, 21, 23, 25, 26, 29, 30, 
      33, 34, 35, 38, 41, 42 ], 
  [ 1, 2, 3, 4, 5, 8, 10, 12, 13, 14, 16, 19, 20, 21, 23, 25, 26, 28, 29, 
      30, 33, 35, 36, 39, 42 ], 
  [ 1, 2, 4, 7, 8, 10, 12, 13, 14, 16, 18, 20, 21, 22, 25, 26, 29, 30, 32, 
      33, 34, 35, 38, 41, 42 ], 
  [ 1, 2, 4, 7, 8, 10, 12, 13, 14, 16, 18, 20, 21, 23, 25, 27, 28, 29, 30, 
      31, 32, 34, 37, 40, 42 ], 
  [ 1, 2, 4, 7, 8, 10, 12, 13, 14, 16, 18, 20, 21, 23, 25, 27, 28, 29, 30, 
      32, 33, 35, 36, 39, 42 ], 
  [ 1, 2, 5, 8, 9, 10, 12, 19, 20, 21, 22, 25, 26, 27, 28, 29, 30, 31, 32, 
      34, 35, 36, 38, 39, 40 ], 
  [ 1, 2, 3, 4, 5, 8, 9, 10, 12, 15, 16, 19, 20, 23, 24, 25, 26, 30, 33, 34, 
      35, 37, 38, 41, 42 ], 
  [ 1, 2, 3, 4, 5, 8, 9, 10, 12, 15, 16, 19, 20, 23, 24, 25, 26, 28, 29, 30, 
      33, 35, 36, 38, 39 ], 
  [ 1, 2, 7, 8, 9, 10, 12, 14, 16, 18, 20, 21, 22, 25, 26, 27, 28, 29, 30, 
      31, 32, 34, 36, 38, 40 ], 
  [ 1, 2, 4, 7, 8, 9, 10, 12, 15, 16, 18, 20, 23, 24, 25, 27, 28, 29, 30, 
      32, 33, 35, 36, 38, 39 ], 
  [ 1, 2, 3, 5, 6, 9, 10, 11, 12, 13, 14, 16, 19, 20, 21, 23, 25, 26, 28, 
      29, 31, 34, 36, 38, 40 ], 
  [ 1, 2, 3, 5, 6, 9, 10, 11, 12, 19, 20, 22, 24, 26, 28, 29, 30, 31, 33, 
      34, 35, 36, 38, 39, 41 ], 
  [ 1, 2, 3, 4, 5, 6, 9, 10, 11, 12, 13, 15, 19, 20, 22, 24, 25, 26, 28, 29, 
      33, 35, 36, 38, 39 ], 
  [ 1, 2, 6, 7, 9, 10, 11, 12, 13, 14, 16, 18, 20, 21, 22, 25, 26, 27, 28, 
      31, 32, 34, 37, 40, 42 ], 
  [ 1, 2, 6, 7, 9, 10, 11, 12, 13, 14, 16, 18, 20, 21, 23, 25, 27, 28, 29, 
      31, 32, 34, 36, 38, 40 ], 
  [ 1, 3, 5, 6, 10, 13, 14, 15, 16, 17, 18, 21, 22, 25, 26, 29, 30, 31, 32, 
      33, 35, 36, 38, 39, 41, 42 ], 
  [ 1, 3, 5, 6, 10, 13, 14, 16, 18, 20, 21, 22, 25, 26, 29, 30, 31, 32, 33, 
      34, 35, 36, 38, 39, 41, 42 ], 
  [ 1, 3, 4, 5, 6, 10, 13, 15, 16, 18, 20, 23, 24, 25, 29, 30, 31, 32, 33, 
      34, 35, 37, 38, 39, 41, 42 ], 
  [ 1, 3, 4, 5, 8, 10, 13, 14, 15, 16, 17, 18, 21, 22, 25, 26, 29, 30, 32, 
      33, 35, 36, 38, 39, 41, 42 ], 
  [ 1, 2, 3, 4, 5, 8, 10, 13, 14, 16, 18, 20, 21, 23, 25, 29, 30, 32, 33, 
      34, 35, 36, 38, 39, 41, 42 ], 
  [ 2, 4, 7, 8, 10, 13, 14, 16, 18, 20, 21, 22, 25, 26, 27, 29, 30, 32, 33, 
      34, 35, 36, 38, 39, 41, 42 ], 
  [ 1, 2, 3, 5, 8, 9, 10, 14, 16, 18, 20, 21, 22, 25, 26, 27, 28, 30, 31, 
      32, 34, 36, 37, 39, 40, 42 ], 
  [ 1, 2, 3, 4, 5, 8, 9, 10, 15, 16, 18, 20, 22, 24, 25, 26, 30, 32, 33, 34, 
      35, 37, 38, 39, 41, 42 ], 
  [ 2, 3, 4, 7, 8, 9, 10, 14, 15, 19, 20, 22, 24, 25, 26, 27, 30, 33, 34, 
      35, 36, 37, 38, 39, 41, 42 ], 
  [ 1, 3, 5, 6, 9, 10, 11, 13, 14, 15, 16, 17, 18, 21, 22, 25, 26, 27, 28, 
      31, 32, 36, 37, 39, 40, 42 ], 
  [ 1, 3, 5, 6, 9, 10, 11, 13, 14, 15, 16, 17, 18, 21, 23, 25, 28, 29, 30, 
      31, 33, 36, 38, 39, 41, 42 ], 
  [ 1, 2, 3, 5, 6, 9, 10, 11, 13, 14, 16, 18, 20, 21, 22, 25, 26, 32, 33, 
      34, 35, 36, 38, 39, 41, 42 ], 
  [ 1, 2, 3, 5, 6, 9, 10, 11, 13, 14, 16, 18, 20, 21, 23, 25, 27, 28, 31, 
      32, 34, 36, 37, 39, 40, 42 ], 
  [ 1, 2, 3, 4, 5, 6, 9, 10, 11, 13, 15, 16, 18, 20, 23, 24, 25, 32, 33, 34, 
      35, 37, 38, 39, 41, 42 ], 
  [ 1, 2, 3, 4, 5, 8, 9, 10, 11, 13, 14, 15, 16, 17, 18, 21, 23, 25, 32, 33, 
      35, 36, 38, 39, 41, 42 ], 
  [ 1, 2, 4, 7, 8, 10, 12, 13, 14, 16, 18, 20, 21, 22, 25, 26, 27, 28, 29, 
      30, 31, 32, 34, 37, 40, 42 ], 
  [ 1, 2, 4, 7, 8, 10, 12, 13, 14, 16, 18, 20, 21, 22, 25, 26, 27, 28, 29, 
      30, 32, 33, 35, 36, 39, 42 ], 
  [ 1, 2, 5, 8, 9, 10, 12, 16, 19, 20, 21, 23, 25, 26, 27, 28, 29, 30, 31, 
      32, 34, 35, 36, 38, 39, 40 ], 
  [ 1, 2, 4, 7, 8, 9, 10, 12, 15, 16, 18, 20, 22, 24, 25, 26, 27, 28, 29, 
      30, 32, 33, 35, 36, 38, 39 ], 
  [ 1, 2, 3, 4, 7, 8, 9, 10, 12, 14, 15, 16, 18, 20, 23, 24, 25, 30, 32, 33, 
      34, 35, 37, 38, 41, 42 ], 
  [ 1, 2, 5, 6, 9, 10, 11, 12, 13, 19, 20, 21, 22, 25, 26, 27, 28, 29, 31, 
      32, 34, 35, 36, 38, 39, 40 ], 
  [ 1, 2, 3, 5, 6, 9, 10, 11, 12, 16, 19, 20, 23, 24, 26, 28, 29, 30, 31, 
      33, 34, 35, 36, 38, 39, 41 ], 
  [ 1, 2, 3, 4, 5, 6, 9, 10, 11, 12, 13, 15, 16, 19, 20, 23, 24, 25, 26, 28, 
      29, 33, 35, 36, 38, 39 ], 
  [ 1, 2, 6, 7, 9, 10, 11, 12, 13, 14, 16, 18, 20, 21, 22, 25, 26, 27, 28, 
      29, 31, 32, 34, 36, 38, 40 ], 
  [ 1, 3, 4, 5, 6, 10, 13, 15, 16, 18, 20, 22, 24, 25, 26, 29, 30, 31, 32, 
      33, 34, 35, 37, 38, 39, 41, 42 ], 
  [ 1, 2, 3, 4, 5, 8, 10, 13, 14, 16, 18, 20, 21, 22, 25, 26, 29, 30, 32, 
      33, 34, 35, 36, 38, 39, 41, 42 ], 
  [ 1, 2, 3, 4, 5, 8, 10, 13, 14, 16, 18, 20, 21, 23, 25, 27, 28, 29, 30, 
      31, 32, 34, 36, 37, 39, 40, 42 ], 
  [ 1, 2, 3, 4, 5, 8, 9, 10, 15, 16, 18, 20, 23, 24, 25, 27, 28, 29, 30, 31, 
      32, 34, 36, 37, 38, 39, 40 ], 
  [ 2, 3, 4, 7, 8, 9, 10, 14, 15, 16, 18, 20, 23, 24, 25, 27, 30, 32, 33, 
      34, 35, 36, 37, 38, 39, 41, 42 ], 
  [ 2, 3, 4, 7, 8, 9, 10, 14, 15, 16, 19, 20, 23, 24, 25, 26, 27, 30, 33, 
      34, 35, 36, 37, 38, 39, 41, 42 ], 
  [ 1, 3, 5, 6, 9, 10, 11, 13, 14, 15, 16, 17, 18, 21, 22, 25, 26, 28, 29, 
      30, 31, 33, 36, 38, 39, 41, 42 ], 
  [ 1, 2, 3, 5, 6, 9, 10, 11, 13, 14, 16, 18, 20, 21, 22, 25, 26, 27, 28, 
      31, 32, 34, 36, 37, 39, 40, 42 ], 
  [ 1, 2, 3, 5, 6, 9, 10, 11, 13, 14, 16, 18, 20, 21, 23, 25, 28, 29, 30, 
      31, 33, 34, 36, 38, 39, 41, 42 ], 
  [ 1, 2, 3, 4, 5, 6, 9, 10, 11, 13, 15, 16, 18, 20, 22, 24, 25, 26, 32, 33, 
      34, 35, 37, 38, 39, 41, 42 ], 
  [ 1, 2, 3, 4, 5, 8, 9, 10, 11, 13, 14, 15, 16, 17, 18, 21, 22, 25, 26, 32, 
      33, 35, 36, 38, 39, 41, 42 ], 
  [ 1, 2, 3, 4, 5, 8, 9, 10, 11, 13, 14, 15, 16, 17, 18, 21, 23, 25, 28, 29, 
      30, 33, 36, 38, 39, 41, 42 ], 
  [ 1, 2, 3, 5, 8, 9, 10, 12, 14, 19, 20, 21, 22, 25, 26, 27, 28, 30, 31, 
      32, 34, 35, 36, 37, 39, 40, 42 ], 
  [ 1, 2, 3, 4, 7, 8, 9, 10, 12, 14, 15, 16, 18, 20, 22, 24, 25, 26, 30, 32, 
      33, 34, 35, 37, 38, 41, 42 ], 
  [ 1, 2, 3, 4, 7, 8, 9, 10, 12, 14, 15, 16, 18, 20, 23, 24, 25, 27, 28, 30, 
      32, 33, 35, 36, 37, 39, 42 ], 
  [ 1, 2, 5, 6, 9, 10, 11, 12, 13, 16, 19, 20, 21, 23, 25, 26, 27, 28, 29, 
      31, 32, 34, 35, 36, 38, 39, 40 ], 
  [ 1, 2, 3, 4, 5, 8, 10, 13, 14, 16, 18, 20, 21, 22, 25, 26, 27, 28, 29, 
      30, 31, 32, 34, 36, 37, 39, 40, 42 ], 
  [ 1, 2, 3, 4, 5, 8, 9, 10, 15, 16, 18, 20, 22, 24, 25, 26, 27, 28, 29, 30, 
      31, 32, 34, 36, 37, 38, 39, 40 ], 
  [ 2, 3, 4, 7, 8, 9, 10, 14, 15, 16, 18, 20, 22, 24, 25, 26, 27, 30, 32, 
      33, 34, 35, 36, 37, 38, 39, 41, 42 ], 
  [ 1, 2, 3, 5, 6, 9, 10, 11, 13, 14, 16, 18, 20, 21, 22, 25, 26, 28, 29, 
      30, 31, 33, 34, 36, 38, 39, 41, 42 ], 
  [ 1, 2, 3, 4, 5, 6, 9, 10, 11, 13, 15, 16, 18, 20, 23, 24, 25, 28, 29, 30, 
      31, 33, 34, 37, 38, 39, 41, 42 ], 
  [ 1, 2, 3, 4, 5, 6, 9, 10, 11, 13, 15, 16, 18, 20, 23, 24, 25, 27, 28, 29, 
      31, 32, 34, 36, 37, 38, 39, 40 ], 
  [ 1, 2, 3, 4, 5, 8, 9, 10, 11, 13, 14, 15, 16, 17, 18, 21, 22, 25, 26, 28, 
      29, 30, 33, 36, 38, 39, 41, 42 ], 
  [ 1, 2, 3, 4, 5, 8, 9, 10, 11, 15, 16, 17, 18, 23, 24, 27, 28, 29, 30, 31, 
      32, 34, 36, 37, 38, 39, 40, 41 ], 
  [ 1, 2, 3, 5, 8, 9, 10, 12, 14, 16, 19, 20, 21, 23, 25, 26, 27, 28, 30, 
      31, 32, 34, 35, 36, 37, 39, 40, 42 ], 
  [ 1, 2, 3, 4, 7, 8, 9, 10, 12, 14, 15, 16, 18, 20, 22, 24, 25, 26, 27, 28, 
      30, 32, 33, 35, 36, 37, 39, 42 ], 
  [ 1, 2, 3, 4, 7, 8, 9, 10, 12, 14, 15, 16, 18, 20, 23, 24, 25, 27, 28, 29, 
      30, 31, 32, 34, 36, 37, 38, 40 ], 
  [ 1, 2, 3, 5, 6, 9, 10, 11, 12, 13, 14, 19, 20, 21, 22, 25, 26, 27, 28, 
      31, 32, 34, 35, 36, 37, 39, 40, 42 ], 
  [ 1, 2, 3, 4, 5, 6, 9, 10, 11, 13, 15, 16, 18, 20, 22, 24, 25, 26, 28, 29, 
      30, 31, 33, 34, 37, 38, 39, 41, 42 ], 
  [ 1, 2, 3, 4, 5, 6, 9, 10, 11, 13, 15, 16, 18, 20, 22, 24, 25, 26, 27, 28, 
      29, 31, 32, 34, 36, 37, 38, 39, 40 ], 
  [ 1, 2, 3, 4, 5, 8, 9, 10, 11, 15, 16, 17, 18, 22, 24, 26, 27, 28, 29, 30, 
      31, 32, 34, 36, 37, 38, 39, 40, 41 ], 
  [ 1, 2, 3, 4, 5, 8, 10, 12, 13, 14, 19, 20, 21, 22, 25, 26, 27, 28, 29, 
      30, 31, 32, 34, 35, 36, 37, 39, 40, 42 ], 
  [ 1, 2, 3, 4, 5, 8, 9, 10, 12, 15, 19, 20, 22, 24, 25, 26, 27, 28, 29, 30, 
      31, 32, 34, 35, 36, 37, 38, 39, 40 ], 
  [ 1, 2, 3, 4, 7, 8, 9, 10, 12, 14, 15, 16, 18, 20, 22, 24, 25, 26, 27, 28, 
      29, 30, 31, 32, 34, 36, 37, 38, 40 ], 
  [ 1, 2, 3, 5, 6, 9, 10, 11, 12, 13, 14, 19, 20, 21, 22, 25, 26, 28, 29, 
      30, 31, 33, 34, 35, 36, 38, 39, 41, 42 ], 
  [ 1, 2, 3, 5, 6, 9, 10, 11, 12, 13, 14, 16, 19, 20, 21, 23, 25, 26, 27, 
      28, 31, 32, 34, 35, 36, 37, 39, 40, 42 ], 
  [ 1, 2, 3, 4, 6, 7, 9, 10, 11, 12, 13, 14, 15, 16, 18, 20, 23, 24, 25, 27, 
      28, 29, 31, 32, 34, 36, 37, 38, 40 ], 
  [ 2, 4, 5, 6, 7, 8, 10, 11, 13, 16, 17, 18, 19, 20, 21, 22, 23, 24, 26, 
      27, 29, 32, 33, 34, 35, 36, 38, 39, 40, 41 ], 
  [ 1, 2, 3, 4, 5, 8, 10, 12, 13, 14, 16, 19, 20, 21, 23, 25, 26, 27, 28, 
      29, 30, 31, 32, 34, 35, 36, 37, 39, 40, 42 ], 
  [ 1, 3, 5, 6, 7, 8, 10, 12, 14, 16, 17, 18, 19, 20, 21, 22, 23, 24, 26, 
      29, 30, 31, 32, 33, 34, 35, 36, 38, 40, 41 ], 
  [ 1, 3, 5, 6, 7, 8, 10, 12, 14, 15, 16, 17, 18, 19, 20, 21, 22, 23, 24, 
      25, 26, 29, 30, 31, 32, 33, 35, 36, 38, 40 ], 
  [ 1, 3, 4, 5, 6, 7, 8, 10, 12, 13, 14, 15, 16, 17, 18, 19, 20, 21, 22, 23, 
      24, 25, 26, 29, 32, 33, 35, 36, 38, 40 ], 
  [ 1, 2, 3, 4, 5, 8, 9, 10, 12, 15, 16, 19, 20, 23, 24, 25, 26, 27, 28, 29, 
      30, 31, 32, 34, 35, 36, 37, 38, 39, 40 ], 
  [ 1, 3, 5, 6, 7, 8, 9, 10, 12, 14, 16, 17, 18, 19, 20, 21, 22, 23, 24, 26, 
      30, 31, 32, 33, 34, 35, 36, 38, 40, 41 ], 
  [ 1, 3, 5, 6, 7, 8, 9, 10, 12, 14, 15, 16, 17, 18, 19, 20, 21, 22, 23, 24, 
      25, 26, 28, 29, 30, 31, 33, 36, 38, 40 ], 
  [ 1, 3, 5, 6, 7, 8, 9, 10, 12, 14, 15, 16, 17, 18, 19, 20, 21, 22, 23, 24, 
      25, 26, 30, 31, 32, 33, 35, 36, 38, 40 ], 
  [ 1, 2, 3, 5, 6, 9, 10, 11, 12, 13, 14, 16, 19, 20, 21, 23, 25, 26, 28, 
      29, 30, 31, 33, 34, 35, 36, 38, 39, 41, 42 ], 
  [ 1, 2, 3, 4, 5, 6, 9, 10, 11, 12, 13, 15, 19, 20, 22, 24, 25, 26, 28, 29, 
      30, 31, 33, 34, 35, 37, 38, 39, 41, 42 ], 
  [ 1, 2, 3, 4, 5, 6, 9, 10, 11, 12, 13, 15, 19, 20, 22, 24, 25, 26, 27, 28, 
      29, 31, 32, 34, 35, 36, 37, 38, 39, 40 ], 
  [ 1, 2, 6, 7, 9, 10, 11, 12, 13, 14, 16, 18, 20, 21, 23, 25, 27, 28, 29, 
      30, 31, 32, 33, 34, 35, 36, 38, 39, 41, 42 ], 
  [ 1, 2, 3, 4, 6, 7, 9, 10, 11, 12, 13, 14, 15, 16, 18, 20, 22, 24, 25, 26, 
      27, 28, 29, 31, 32, 34, 36, 37, 38, 40 ], 
  [ 1, 2, 3, 5, 6, 7, 8, 9, 10, 11, 12, 14, 16, 17, 18, 19, 20, 21, 22, 23, 
      24, 26, 32, 33, 34, 35, 36, 38, 40, 41 ], 
  [ 1, 2, 3, 4, 5, 6, 9, 10, 11, 12, 13, 15, 16, 19, 20, 23, 24, 25, 26, 28, 
      29, 30, 31, 33, 34, 35, 37, 38, 39, 41, 42 ], 
  [ 1, 2, 3, 4, 5, 6, 9, 10, 11, 12, 13, 15, 16, 19, 20, 23, 24, 25, 26, 27, 
      28, 29, 31, 32, 34, 35, 36, 37, 38, 39, 40 ], 
  [ 1, 2, 6, 7, 9, 10, 11, 12, 13, 14, 16, 18, 20, 21, 22, 25, 26, 27, 28, 
      29, 30, 31, 32, 33, 34, 35, 36, 38, 39, 41, 42 ], 
  [ 1, 2, 3, 4, 5, 8, 9, 10, 11, 13, 14, 15, 16, 17, 18, 21, 23, 25, 27, 28, 
      29, 30, 31, 32, 34, 36, 37, 38, 39, 40, 41, 42 ], 
  [ 1, 5, 6, 7, 8, 9, 10, 12, 15, 16, 17, 18, 19, 20, 21, 22, 23, 24, 25, 
      26, 27, 28, 29, 30, 31, 32, 33, 35, 36, 38, 39, 40 ], 
  [ 1, 2, 3, 4, 5, 6, 7, 8, 10, 11, 12, 13, 14, 16, 17, 18, 19, 20, 21, 22, 
      23, 24, 26, 29, 32, 33, 34, 35, 36, 38, 40, 41 ], 
  [ 1, 2, 3, 5, 6, 7, 8, 9, 10, 11, 12, 14, 16, 17, 18, 19, 20, 21, 22, 23, 
      24, 26, 28, 29, 30, 31, 33, 34, 36, 38, 40, 41 ], 
  [ 1, 2, 3, 4, 5, 6, 7, 8, 9, 10, 11, 12, 13, 14, 15, 16, 17, 18, 19, 20, 
      21, 22, 23, 24, 25, 26, 28, 29, 33, 36, 38, 40 ], 
  [ 1, 2, 3, 4, 5, 6, 7, 8, 9, 10, 11, 12, 13, 14, 15, 16, 17, 18, 19, 20, 
      21, 22, 23, 24, 25, 26, 32, 33, 35, 36, 38, 40 ], 
  [ 1, 2, 3, 4, 5, 8, 9, 10, 11, 13, 14, 15, 16, 17, 18, 21, 22, 25, 26, 27, 
      28, 29, 30, 31, 32, 34, 36, 37, 38, 39, 40, 41, 42 ], 
  [ 1, 3, 5, 6, 7, 8, 9, 10, 12, 14, 15, 16, 17, 18, 19, 20, 21, 22, 23, 24, 
      25, 26, 30, 31, 32, 33, 34, 35, 37, 38, 40, 41, 42 ], 
  [ 3, 5, 6, 7, 8, 9, 10, 14, 15, 16, 17, 18, 19, 20, 21, 22, 23, 24, 25, 
      26, 27, 30, 31, 32, 33, 34, 35, 36, 37, 38, 39, 40, 41, 42 ], 
  [ 1, 3, 5, 6, 7, 8, 9, 10, 12, 14, 15, 16, 17, 18, 19, 20, 21, 22, 23, 24, 
      25, 26, 27, 28, 30, 31, 32, 33, 35, 36, 37, 39, 40, 42 ], 
  [ 1, 2, 3, 4, 6, 7, 9, 10, 11, 12, 13, 14, 15, 16, 18, 20, 23, 24, 25, 27, 
      28, 29, 30, 31, 32, 33, 34, 35, 36, 37, 38, 39, 41, 42 ], 
  [ 1, 2, 5, 6, 7, 8, 9, 10, 11, 12, 16, 17, 18, 19, 20, 21, 22, 23, 24, 26, 
      27, 28, 29, 30, 31, 32, 33, 34, 35, 36, 38, 39, 40, 41 ], 
  [ 1, 2, 4, 5, 6, 7, 8, 9, 10, 11, 12, 13, 15, 16, 17, 18, 19, 20, 21, 22, 
      23, 24, 25, 26, 27, 28, 29, 32, 33, 35, 36, 38, 39, 40 ], 
  [ 1, 3, 4, 5, 6, 7, 8, 10, 12, 13, 14, 15, 16, 17, 18, 19, 20, 21, 22, 23, 
      24, 25, 26, 29, 30, 31, 32, 33, 34, 35, 37, 38, 40, 41, 42 ], 
  [ 1, 2, 3, 4, 6, 7, 9, 10, 11, 12, 13, 14, 15, 16, 18, 20, 22, 24, 25, 26, 
      27, 28, 29, 30, 31, 32, 33, 34, 35, 36, 37, 38, 39, 41, 42 ], 
  [ 1, 2, 3, 4, 5, 6, 7, 8, 9, 10, 11, 12, 13, 14, 15, 16, 17, 18, 19, 20, 
      21, 22, 23, 24, 25, 26, 32, 33, 34, 35, 37, 38, 40, 41, 42 ], 
  [ 3, 4, 5, 6, 7, 8, 10, 13, 14, 15, 16, 17, 18, 19, 20, 21, 22, 23, 24, 
      25, 26, 27, 29, 30, 31, 32, 33, 34, 35, 36, 37, 38, 39, 40, 41, 42 ], 
  [ 2, 3, 4, 5, 6, 7, 8, 9, 10, 11, 13, 14, 15, 16, 17, 18, 19, 20, 21, 22, 
      23, 24, 25, 26, 27, 32, 33, 34, 35, 36, 37, 38, 39, 40, 41, 42 ], 
  [ 1, 3, 4, 5, 6, 7, 8, 10, 12, 13, 14, 15, 16, 17, 18, 19, 20, 21, 22, 23, 
      24, 25, 26, 27, 28, 29, 30, 31, 32, 33, 35, 36, 37, 39, 40, 42 ], 
  [ 1, 2, 3, 5, 6, 7, 8, 9, 10, 11, 12, 14, 16, 17, 18, 19, 20, 21, 22, 23, 
      24, 26, 27, 28, 30, 31, 32, 33, 34, 35, 36, 37, 39, 40, 41, 42 ], 
  [ 1, 2, 3, 4, 5, 6, 7, 8, 9, 10, 11, 12, 13, 14, 15, 16, 17, 18, 19, 20, 
      21, 22, 23, 24, 25, 26, 27, 28, 32, 33, 35, 36, 37, 39, 40, 42 ], 
  [ 1, 2, 3, 4, 5, 6, 7, 8, 9, 10, 11, 12, 13, 14, 15, 16, 17, 18, 19, 20, 
      21, 22, 23, 24, 25, 26, 28, 29, 30, 31, 33, 34, 37, 38, 40, 41, 42 ], 
  [ 2, 3, 4, 5, 6, 7, 8, 9, 10, 11, 13, 14, 15, 16, 17, 18, 19, 20, 21, 22, 
      23, 24, 25, 26, 27, 28, 29, 30, 31, 33, 34, 36, 37, 38, 39, 40, 41, 42 
     ], [ 1, 2, 3, 4, 5, 6, 7, 8, 10, 11, 12, 13, 14, 16, 17, 18, 19, 20, 
      21, 22, 23, 24, 26, 27, 28, 29, 30, 31, 32, 33, 34, 35, 36, 37, 39, 
      40, 41, 42 ], 
  [ 1, 2, 4, 5, 6, 7, 8, 9, 10, 11, 12, 13, 15, 16, 17, 18, 19, 20, 21, 22, 
      23, 24, 25, 26, 27, 28, 29, 30, 31, 32, 33, 34, 35, 37, 38, 39, 40, 
      41, 42 ], 
  [ 1, 2, 3, 4, 5, 6, 7, 8, 9, 10, 11, 12, 13, 14, 15, 17, 18, 19, 20, 21, 
      22, 23, 24, 25, 27, 28, 29, 30, 31, 32, 33, 34, 35, 36, 37, 38, 39, 
      40, 41, 42 ], 
  [ 1, 2, 3, 4, 5, 6, 7, 8, 9, 11, 12, 13, 14, 15, 16, 17, 18, 19, 20, 21, 
      22, 23, 24, 25, 26, 27, 28, 29, 30, 31, 32, 33, 34, 35, 36, 37, 38, 
      39, 40, 41, 42 ] ];
