return 
[ [ 1, 4, 5, 8, 9, 13, 15, 17, 20, 21, 24, 26, 31, 32, 33, 37, 38, 39, 41 ], 
  [ 1, 4, 5, 6, 8, 9, 13, 14, 15, 18, 20, 21, 24, 25, 29, 31, 34, 36, 39 ], 
  [ 3, 4, 5, 9, 10, 13, 15, 17, 19, 20, 24, 25, 29, 31, 34, 35, 36, 38, 39 ],
  [ 1, 2, 5, 6, 7, 8, 21, 22, 24, 26, 27, 28, 30, 31, 32, 33, 37, 38, 39, 41 
     ], [ 1, 2, 4, 5, 8, 9, 13, 15, 17, 21, 22, 24, 26, 31, 32, 33, 37, 38, 
      39, 41 ], 
  [ 1, 3, 4, 5, 8, 9, 13, 15, 17, 19, 20, 24, 26, 31, 32, 33, 37, 38, 39, 41 
     ], [ 1, 4, 5, 6, 8, 9, 13, 15, 17, 20, 21, 24, 26, 27, 31, 32, 33, 37, 
      38, 41 ], 
  [ 1, 2, 4, 5, 6, 8, 9, 13, 14, 15, 18, 21, 22, 24, 25, 29, 31, 34, 36, 39 ]
    , [ 1, 3, 4, 5, 6, 8, 9, 13, 14, 15, 18, 19, 20, 24, 25, 29, 31, 34, 36, 
      39 ], [ 1, 3, 4, 5, 9, 10, 13, 15, 17, 20, 21, 24, 25, 29, 31, 34, 35, 
      36, 38, 39 ], 
  [ 2, 3, 4, 5, 9, 10, 13, 15, 17, 19, 22, 24, 25, 29, 31, 34, 35, 36, 38, 
      39 ], [ 3, 4, 5, 6, 9, 10, 13, 15, 17, 19, 20, 24, 25, 27, 29, 31, 34, 
      35, 36, 38 ], 
  [ 2, 3, 5, 7, 10, 11, 13, 14, 15, 16, 17, 19, 22, 24, 25, 28, 31, 33, 39, 
      41 ], [ 2, 3, 5, 6, 7, 10, 11, 13, 14, 15, 16, 17, 19, 22, 24, 25, 27, 
      28, 33, 41 ], 
  [ 2, 3, 5, 6, 7, 10, 11, 13, 14, 15, 16, 17, 19, 22, 24, 25, 28, 31, 33, 
      41 ], 
  [ 1, 2, 3, 5, 6, 7, 8, 19, 22, 24, 26, 27, 28, 30, 31, 32, 33, 37, 38, 39, 
      41 ], [ 1, 4, 5, 8, 9, 13, 15, 17, 18, 20, 21, 24, 26, 28, 29, 31, 32, 
      33, 37, 38, 39 ], 
  [ 1, 2, 3, 4, 5, 8, 9, 13, 15, 17, 19, 22, 24, 26, 31, 32, 33, 37, 38, 39, 
      41 ], 
  [ 1, 2, 4, 5, 6, 8, 9, 13, 15, 17, 21, 22, 24, 26, 27, 31, 32, 33, 37, 38, 
      41 ], 
  [ 1, 3, 4, 5, 6, 8, 9, 13, 15, 17, 19, 20, 24, 26, 27, 31, 32, 33, 37, 38, 
      41 ], 
  [ 1, 2, 3, 4, 5, 6, 8, 9, 13, 14, 15, 18, 19, 22, 24, 25, 29, 31, 34, 36, 
      39 ], 
  [ 3, 4, 5, 9, 10, 13, 15, 16, 17, 19, 20, 24, 25, 31, 34, 35, 36, 38, 39, 
      40, 41 ], 
  [ 1, 2, 3, 4, 5, 9, 10, 13, 15, 17, 21, 22, 24, 25, 29, 31, 34, 35, 36, 
      38, 39 ], 
  [ 3, 4, 5, 6, 9, 10, 13, 14, 15, 16, 17, 18, 19, 20, 24, 25, 27, 29, 34, 
      35, 36 ], 
  [ 1, 3, 4, 5, 6, 9, 10, 13, 15, 17, 20, 21, 24, 25, 27, 29, 31, 34, 35, 
      36, 38 ], 
  [ 1, 3, 4, 5, 6, 9, 10, 14, 16, 18, 20, 21, 24, 25, 27, 29, 30, 34, 35, 
      36, 39 ], 
  [ 1, 2, 5, 7, 8, 11, 13, 15, 17, 21, 22, 24, 26, 28, 31, 32, 33, 37, 38, 
      39, 41 ], 
  [ 1, 2, 3, 5, 7, 10, 11, 13, 14, 15, 16, 17, 21, 22, 24, 25, 28, 31, 33, 
      39, 41 ], 
  [ 1, 2, 3, 5, 7, 10, 11, 13, 14, 15, 16, 17, 21, 22, 24, 25, 31, 34, 35, 
      36, 39 ], 
  [ 2, 3, 5, 6, 7, 10, 11, 14, 15, 16, 17, 18, 19, 22, 24, 26, 27, 28, 33, 
      37, 41 ], 
  [ 1, 2, 3, 5, 6, 7, 10, 11, 13, 14, 15, 16, 17, 21, 22, 24, 25, 27, 28, 
      33, 41 ], 
  [ 1, 2, 3, 5, 6, 7, 10, 11, 13, 14, 15, 16, 17, 21, 22, 24, 25, 28, 31, 
      33, 41 ], 
  [ 1, 2, 3, 5, 6, 7, 10, 11, 13, 14, 15, 16, 17, 21, 22, 24, 25, 27, 34, 
      35, 36 ], 
  [ 1, 2, 3, 5, 6, 7, 10, 11, 13, 14, 15, 16, 17, 21, 22, 24, 25, 31, 34, 
      35, 36 ], 
  [ 1, 2, 3, 4, 5, 6, 7, 8, 19, 20, 24, 26, 27, 28, 30, 31, 32, 33, 37, 38, 
      39, 41 ], 
  [ 1, 2, 4, 5, 8, 9, 13, 15, 17, 18, 21, 22, 24, 26, 28, 29, 31, 32, 33, 
      37, 38, 39 ], 
  [ 1, 3, 4, 5, 8, 9, 13, 15, 17, 18, 19, 20, 24, 26, 28, 29, 31, 32, 33, 
      37, 38, 39 ], 
  [ 1, 4, 5, 6, 8, 9, 13, 15, 17, 18, 20, 21, 24, 26, 27, 28, 29, 31, 32, 
      33, 37, 38 ], 
  [ 1, 2, 3, 4, 5, 6, 8, 9, 13, 15, 17, 19, 22, 24, 26, 27, 31, 32, 33, 37, 
      38, 41 ], 
  [ 1, 3, 4, 5, 9, 10, 13, 15, 16, 17, 20, 21, 24, 25, 31, 34, 35, 36, 38, 
      39, 40, 41 ], 
  [ 2, 3, 4, 5, 9, 10, 13, 15, 16, 17, 19, 22, 24, 25, 31, 34, 35, 36, 38, 
      39, 40, 41 ], 
  [ 3, 4, 5, 6, 9, 10, 13, 15, 16, 17, 19, 20, 24, 25, 27, 31, 34, 35, 36, 
      38, 40, 41 ], 
  [ 3, 4, 5, 6, 9, 10, 13, 14, 15, 16, 17, 18, 19, 20, 24, 25, 29, 31, 34, 
      35, 36, 39 ], 
  [ 1, 3, 4, 5, 6, 9, 10, 13, 14, 15, 16, 17, 18, 20, 21, 24, 25, 27, 29, 
      34, 35, 36 ], 
  [ 1, 2, 3, 4, 5, 6, 9, 10, 13, 15, 17, 21, 22, 24, 25, 27, 29, 31, 34, 35, 
      36, 38 ], 
  [ 1, 2, 3, 5, 7, 8, 11, 13, 15, 17, 19, 22, 24, 26, 28, 31, 32, 33, 37, 
      38, 39, 41 ], 
  [ 1, 2, 5, 6, 7, 8, 11, 13, 15, 17, 21, 22, 24, 26, 27, 28, 31, 32, 33, 
      37, 38, 41 ], 
  [ 1, 4, 5, 8, 9, 11, 13, 15, 17, 18, 20, 21, 23, 26, 28, 29, 31, 32, 33, 
      37, 38, 39 ], 
  [ 1, 4, 5, 8, 9, 11, 13, 15, 17, 18, 20, 21, 23, 26, 29, 31, 34, 36, 37, 
      38, 39, 40 ], 
  [ 2, 3, 5, 7, 10, 11, 13, 14, 15, 16, 17, 19, 22, 24, 25, 28, 31, 34, 35, 
      38, 39, 41 ], 
  [ 1, 2, 3, 4, 5, 7, 10, 11, 13, 14, 15, 16, 17, 20, 21, 24, 25, 28, 31, 
      33, 39, 41 ], 
  [ 2, 3, 5, 6, 7, 10, 11, 14, 15, 16, 17, 18, 19, 22, 24, 26, 28, 31, 33, 
      37, 39, 41 ], 
  [ 1, 2, 3, 5, 6, 7, 10, 11, 14, 15, 16, 17, 18, 21, 22, 24, 26, 27, 28, 
      33, 37, 41 ], 
  [ 2, 3, 4, 5, 6, 7, 10, 11, 14, 15, 16, 17, 18, 19, 20, 24, 26, 27, 28, 
      33, 37, 41 ], 
  [ 1, 2, 3, 4, 5, 6, 7, 10, 11, 13, 14, 15, 16, 17, 20, 21, 24, 25, 27, 28, 
      33, 41 ], 
  [ 1, 2, 3, 4, 5, 6, 7, 10, 11, 13, 14, 15, 16, 17, 20, 21, 24, 25, 28, 31, 
      33, 41 ], 
  [ 1, 2, 5, 6, 7, 8, 13, 14, 21, 22, 24, 25, 27, 28, 30, 31, 32, 33, 34, 
      37, 38, 39, 41 ], 
  [ 1, 2, 3, 4, 5, 8, 9, 13, 15, 17, 18, 19, 22, 24, 26, 28, 29, 31, 32, 33, 
      37, 38, 39 ], 
  [ 1, 4, 5, 6, 8, 9, 15, 18, 20, 21, 24, 26, 27, 28, 29, 30, 31, 32, 33, 
      37, 38, 39, 41 ], 
  [ 1, 2, 4, 5, 6, 8, 9, 13, 15, 17, 18, 21, 22, 24, 26, 27, 28, 29, 31, 32, 
      33, 37, 38 ], 
  [ 1, 3, 4, 5, 6, 8, 9, 13, 15, 17, 18, 19, 20, 24, 26, 27, 28, 29, 31, 32, 
      33, 37, 38 ], 
  [ 1, 2, 3, 4, 5, 9, 10, 13, 15, 16, 17, 21, 22, 24, 25, 31, 34, 35, 36, 
      38, 39, 40, 41 ], 
  [ 1, 3, 4, 5, 6, 9, 10, 13, 15, 16, 17, 20, 21, 24, 25, 27, 31, 34, 35, 
      36, 38, 40, 41 ], 
  [ 1, 3, 4, 5, 6, 9, 10, 14, 15, 16, 18, 20, 21, 24, 25, 27, 29, 30, 34, 
      36, 39, 40, 41 ], 
  [ 1, 3, 4, 5, 6, 9, 10, 13, 14, 15, 16, 17, 18, 20, 21, 24, 25, 29, 31, 
      34, 35, 36, 39 ], 
  [ 1, 2, 3, 4, 5, 6, 9, 10, 13, 14, 15, 16, 17, 18, 21, 22, 24, 25, 27, 29, 
      34, 35, 36 ], 
  [ 1, 2, 3, 4, 5, 7, 8, 11, 13, 15, 17, 19, 20, 24, 26, 28, 31, 32, 33, 37, 
      38, 39, 41 ], 
  [ 1, 2, 3, 5, 6, 7, 8, 11, 13, 15, 17, 19, 22, 24, 26, 27, 28, 31, 32, 33, 
      37, 38, 41 ], 
  [ 1, 2, 4, 5, 8, 9, 11, 13, 15, 17, 18, 21, 22, 23, 26, 28, 29, 31, 32, 
      33, 37, 38, 39 ], 
  [ 1, 2, 4, 5, 8, 9, 11, 13, 15, 17, 18, 21, 22, 23, 26, 29, 31, 34, 36, 
      37, 38, 39, 40 ], 
  [ 1, 3, 4, 5, 8, 9, 11, 13, 15, 17, 18, 19, 20, 23, 26, 28, 29, 31, 32, 
      33, 37, 38, 39 ], 
  [ 1, 3, 4, 5, 8, 9, 11, 13, 15, 17, 18, 19, 20, 23, 26, 29, 31, 34, 36, 
      37, 38, 39, 40 ], 
  [ 1, 4, 5, 6, 8, 9, 11, 13, 15, 17, 18, 20, 21, 23, 26, 27, 28, 29, 31, 
      32, 33, 37, 38 ], 
  [ 1, 4, 5, 6, 8, 9, 11, 13, 15, 17, 18, 20, 21, 23, 26, 27, 29, 31, 34, 
      36, 37, 38, 40 ], 
  [ 1, 2, 3, 5, 7, 10, 11, 13, 14, 15, 16, 17, 21, 22, 24, 25, 28, 31, 34, 
      35, 38, 39, 41 ], 
  [ 2, 3, 5, 6, 7, 10, 11, 13, 14, 15, 16, 17, 19, 22, 24, 25, 27, 28, 31, 
      34, 35, 38, 41 ], 
  [ 1, 2, 3, 5, 6, 7, 10, 11, 14, 15, 16, 17, 18, 21, 22, 24, 26, 28, 31, 
      33, 37, 39, 41 ], 
  [ 2, 3, 4, 5, 6, 7, 10, 11, 14, 15, 16, 17, 18, 19, 20, 24, 26, 28, 31, 
      33, 37, 39, 41 ], 
  [ 1, 2, 3, 4, 5, 6, 7, 10, 11, 14, 15, 16, 17, 18, 20, 21, 24, 26, 27, 28, 
      33, 37, 41 ], 
  [ 1, 2, 3, 5, 6, 7, 8, 13, 14, 19, 22, 24, 25, 27, 28, 30, 31, 32, 33, 34, 
      37, 38, 39, 41 ], 
  [ 1, 2, 4, 5, 6, 8, 9, 15, 18, 21, 22, 24, 26, 27, 28, 29, 30, 31, 32, 33, 
      37, 38, 39, 41 ], 
  [ 1, 3, 4, 5, 6, 8, 9, 15, 18, 19, 20, 24, 26, 27, 28, 29, 30, 31, 32, 33, 
      37, 38, 39, 41 ], 
  [ 1, 2, 3, 4, 5, 6, 8, 9, 13, 15, 17, 18, 19, 22, 24, 26, 27, 28, 29, 31, 
      32, 33, 37, 38 ], 
  [ 1, 2, 3, 4, 5, 6, 9, 10, 13, 15, 16, 17, 21, 22, 24, 25, 27, 31, 34, 35, 
      36, 38, 40, 41 ], 
  [ 1, 2, 3, 4, 5, 6, 9, 10, 13, 14, 15, 16, 17, 18, 21, 22, 24, 25, 29, 31, 
      34, 35, 36, 39 ], 
  [ 1, 2, 3, 4, 5, 6, 7, 8, 11, 13, 15, 17, 19, 20, 24, 26, 27, 28, 31, 32, 
      33, 37, 38, 41 ], 
  [ 1, 2, 3, 4, 5, 8, 9, 11, 13, 15, 17, 18, 19, 22, 23, 26, 28, 29, 31, 32, 
      33, 37, 38, 39 ], 
  [ 1, 2, 3, 4, 5, 8, 9, 11, 13, 15, 17, 18, 19, 22, 23, 26, 29, 31, 34, 36, 
      37, 38, 39, 40 ], 
  [ 1, 2, 4, 5, 6, 8, 9, 11, 13, 15, 17, 18, 21, 22, 23, 26, 27, 28, 29, 31, 
      32, 33, 37, 38 ], 
  [ 1, 2, 4, 5, 6, 8, 9, 11, 13, 15, 17, 18, 21, 22, 23, 26, 27, 29, 31, 34, 
      36, 37, 38, 40 ], 
  [ 1, 3, 4, 5, 6, 8, 9, 11, 13, 15, 17, 18, 19, 20, 23, 26, 27, 28, 29, 31, 
      32, 33, 37, 38 ], 
  [ 1, 3, 4, 5, 6, 8, 9, 11, 13, 15, 17, 18, 19, 20, 23, 26, 27, 29, 31, 34, 
      36, 37, 38, 40 ], 
  [ 1, 2, 3, 4, 5, 7, 10, 11, 13, 14, 15, 16, 17, 20, 21, 24, 25, 28, 31, 
      34, 35, 38, 39, 41 ], 
  [ 1, 2, 3, 5, 6, 7, 10, 11, 13, 14, 15, 16, 17, 21, 22, 24, 25, 27, 28, 
      31, 34, 35, 38, 41 ], 
  [ 1, 2, 3, 4, 5, 6, 7, 10, 11, 14, 15, 16, 17, 18, 20, 21, 24, 26, 28, 31, 
      33, 37, 39, 41 ], 
  [ 1, 2, 5, 6, 7, 8, 11, 12, 13, 14, 15, 16, 17, 18, 21, 22, 24, 26, 27, 
      28, 32, 33, 37, 41 ], 
  [ 1, 2, 3, 4, 5, 6, 7, 8, 13, 14, 19, 20, 24, 25, 27, 28, 30, 31, 32, 33, 
      34, 37, 38, 39, 41 ], 
  [ 1, 2, 3, 4, 5, 6, 8, 9, 15, 18, 19, 22, 24, 26, 27, 28, 29, 30, 31, 32, 
      33, 37, 38, 39, 41 ], 
  [ 1, 2, 3, 4, 5, 6, 8, 9, 11, 13, 15, 17, 18, 19, 22, 23, 26, 27, 28, 29, 
      31, 32, 33, 37, 38 ], 
  [ 1, 2, 3, 4, 5, 6, 8, 9, 11, 13, 15, 17, 18, 19, 22, 23, 26, 27, 29, 31, 
      34, 36, 37, 38, 40 ], 
  [ 1, 2, 3, 4, 5, 6, 7, 10, 11, 13, 14, 15, 16, 17, 20, 21, 24, 25, 27, 28, 
      31, 34, 35, 38, 41 ], 
  [ 1, 2, 5, 6, 7, 8, 11, 12, 13, 14, 15, 16, 17, 18, 21, 22, 24, 26, 28, 
      31, 32, 33, 37, 39, 41 ], 
  [ 1, 2, 3, 5, 6, 7, 8, 11, 12, 13, 14, 15, 16, 17, 18, 19, 22, 24, 26, 27, 
      28, 32, 33, 37, 41 ], 
  [ 1, 4, 5, 6, 8, 9, 13, 14, 15, 18, 20, 21, 24, 25, 27, 28, 29, 30, 31, 
      32, 33, 34, 37, 38, 39, 41 ], 
  [ 3, 4, 5, 6, 9, 10, 15, 16, 17, 18, 19, 20, 24, 26, 27, 28, 29, 30, 31, 
      32, 33, 35, 37, 38, 39, 41 ], 
  [ 3, 4, 5, 6, 9, 10, 15, 16, 17, 18, 19, 20, 24, 26, 27, 29, 30, 31, 34, 
      35, 36, 37, 38, 39, 40, 41 ], 
  [ 1, 2, 3, 5, 6, 7, 8, 11, 12, 13, 14, 15, 16, 17, 18, 19, 22, 24, 26, 28, 
      31, 32, 33, 37, 39, 41 ], 
  [ 1, 2, 3, 4, 5, 6, 7, 8, 11, 12, 13, 14, 15, 16, 17, 18, 19, 20, 24, 26, 
      27, 28, 32, 33, 37, 41 ], 
  [ 1, 2, 4, 5, 6, 8, 9, 13, 14, 15, 18, 21, 22, 24, 25, 27, 28, 29, 30, 31, 
      32, 33, 34, 37, 38, 39, 41 ], 
  [ 1, 3, 4, 5, 6, 8, 9, 13, 14, 15, 18, 19, 20, 24, 25, 27, 28, 29, 30, 31, 
      32, 33, 34, 37, 38, 39, 41 ], 
  [ 1, 3, 4, 5, 6, 9, 10, 15, 16, 17, 18, 20, 21, 24, 26, 27, 28, 29, 30, 
      31, 32, 33, 35, 37, 38, 39, 41 ], 
  [ 1, 3, 4, 5, 6, 9, 10, 15, 16, 17, 18, 20, 21, 24, 26, 27, 29, 30, 31, 
      34, 35, 36, 37, 38, 39, 40, 41 ], 
  [ 1, 2, 3, 4, 5, 6, 7, 8, 11, 12, 13, 14, 15, 16, 17, 18, 19, 20, 24, 26, 
      28, 31, 32, 33, 37, 39, 41 ], 
  [ 1, 2, 3, 4, 5, 6, 8, 9, 13, 14, 15, 18, 19, 22, 24, 25, 27, 28, 29, 30, 
      31, 32, 33, 34, 37, 38, 39, 41 ], 
  [ 1, 2, 3, 4, 5, 6, 9, 10, 15, 16, 17, 18, 21, 22, 24, 26, 27, 28, 29, 30, 
      31, 32, 33, 35, 37, 38, 39, 41 ], 
  [ 1, 2, 3, 4, 5, 6, 9, 10, 15, 16, 17, 18, 21, 22, 24, 26, 27, 29, 30, 31, 
      34, 35, 36, 37, 38, 39, 40, 41 ], 
  [ 3, 4, 5, 6, 9, 10, 13, 14, 15, 16, 17, 18, 19, 20, 24, 25, 27, 28, 29, 
      30, 31, 32, 33, 34, 35, 37, 38, 39, 41 ], 
  [ 2, 3, 5, 6, 7, 10, 11, 14, 15, 16, 17, 18, 19, 22, 24, 26, 27, 28, 29, 
      30, 31, 34, 35, 36, 37, 38, 39, 40, 41 ], 
  [ 1, 3, 4, 5, 6, 9, 10, 13, 14, 15, 16, 17, 18, 20, 21, 24, 25, 27, 28, 
      29, 30, 31, 32, 33, 34, 35, 37, 38, 39, 41 ], 
  [ 1, 2, 3, 5, 6, 7, 10, 11, 14, 15, 16, 17, 18, 21, 22, 24, 26, 27, 28, 
      29, 30, 31, 34, 35, 36, 37, 38, 39, 40, 41 ], 
  [ 2, 3, 4, 5, 6, 7, 10, 11, 14, 15, 16, 17, 18, 19, 20, 24, 26, 27, 28, 
      29, 30, 31, 34, 35, 36, 37, 38, 39, 40, 41 ], 
  [ 1, 2, 3, 4, 5, 7, 8, 9, 10, 11, 13, 15, 17, 19, 20, 21, 22, 23, 24, 25, 
      26, 31, 33, 34, 36, 37, 38, 39, 40, 41 ], 
  [ 1, 2, 3, 4, 5, 7, 8, 9, 10, 11, 13, 15, 17, 19, 20, 21, 22, 23, 24, 25, 
      26, 28, 29, 31, 32, 33, 35, 36, 38, 39 ], 
  [ 1, 2, 3, 4, 5, 6, 9, 10, 13, 14, 15, 16, 17, 18, 21, 22, 24, 25, 27, 28, 
      29, 30, 31, 32, 33, 34, 35, 37, 38, 39, 41 ], 
  [ 1, 2, 3, 4, 5, 6, 7, 10, 11, 14, 15, 16, 17, 18, 20, 21, 24, 26, 27, 28, 
      29, 30, 31, 34, 35, 36, 37, 38, 39, 40, 41 ], 
  [ 1, 2, 3, 4, 5, 6, 7, 8, 9, 10, 11, 13, 15, 17, 19, 20, 21, 22, 23, 24, 
      25, 26, 27, 31, 33, 34, 36, 37, 38, 40, 41 ], 
  [ 1, 2, 3, 4, 5, 6, 7, 8, 9, 10, 11, 13, 15, 17, 19, 20, 21, 22, 23, 24, 
      25, 26, 27, 28, 29, 31, 32, 33, 35, 36, 38 ], 
  [ 1, 2, 3, 4, 5, 7, 8, 9, 10, 11, 13, 14, 15, 17, 18, 19, 20, 21, 22, 23, 
      24, 25, 26, 28, 29, 31, 33, 34, 36, 37, 38, 39 ], 
  [ 1, 2, 5, 6, 7, 8, 11, 12, 13, 14, 15, 16, 17, 18, 21, 22, 24, 26, 27, 
      28, 29, 30, 31, 32, 34, 35, 36, 37, 38, 39, 40, 41 ], 
  [ 1, 2, 3, 4, 5, 6, 7, 8, 9, 10, 11, 13, 14, 15, 17, 18, 19, 20, 21, 22, 
      23, 24, 25, 26, 27, 28, 29, 31, 33, 34, 36, 37, 38 ], 
  [ 1, 2, 3, 5, 6, 7, 8, 11, 12, 13, 14, 15, 16, 17, 18, 19, 22, 24, 26, 27, 
      28, 29, 30, 31, 32, 34, 35, 36, 37, 38, 39, 40, 41 ], 
  [ 1, 2, 3, 4, 5, 6, 7, 8, 9, 10, 11, 12, 13, 14, 15, 16, 17, 18, 19, 20, 
      21, 22, 23, 24, 25, 26, 27, 33, 34, 36, 37, 40, 41 ], 
  [ 1, 2, 3, 4, 5, 6, 7, 8, 9, 10, 11, 12, 13, 14, 15, 16, 17, 18, 19, 20, 
      21, 22, 23, 24, 25, 26, 27, 28, 29, 32, 33, 35, 36 ], 
  [ 1, 2, 3, 4, 5, 6, 7, 8, 11, 12, 13, 14, 15, 16, 17, 18, 19, 20, 24, 26, 
      27, 28, 29, 30, 31, 32, 34, 35, 36, 37, 38, 39, 40, 41 ], 
  [ 1, 2, 3, 4, 5, 6, 7, 8, 9, 10, 11, 12, 13, 14, 15, 16, 17, 18, 19, 20, 
      21, 22, 23, 24, 25, 26, 31, 33, 34, 36, 37, 39, 40, 41 ], 
  [ 1, 2, 3, 4, 5, 6, 7, 8, 9, 10, 11, 12, 13, 14, 15, 16, 17, 18, 19, 20, 
      21, 22, 23, 24, 25, 26, 28, 29, 31, 32, 33, 35, 36, 39 ], 
  [ 1, 2, 3, 4, 5, 6, 7, 8, 9, 10, 13, 14, 17, 18, 19, 20, 21, 22, 23, 24, 
      25, 26, 27, 28, 29, 30, 31, 32, 33, 34, 35, 36, 37, 38, 39 ], 
  [ 1, 2, 3, 4, 5, 6, 7, 8, 9, 10, 11, 14, 15, 18, 19, 20, 21, 22, 23, 24, 
      25, 26, 27, 28, 29, 30, 31, 33, 34, 36, 37, 38, 39, 40, 41 ], 
  [ 1, 2, 3, 4, 7, 8, 9, 10, 11, 12, 13, 14, 15, 16, 17, 18, 19, 20, 21, 22, 
      23, 24, 25, 26, 28, 29, 30, 31, 32, 33, 34, 35, 36, 37, 38, 39, 40, 41 
     ], [ 1, 2, 3, 4, 5, 7, 8, 9, 10, 11, 12, 13, 14, 15, 16, 17, 18, 19, 
      20, 21, 22, 23, 24, 25, 26, 27, 28, 29, 30, 32, 33, 34, 35, 36, 37, 
      38, 39, 40, 41 ], 
  [ 1, 3, 5, 6, 7, 8, 9, 10, 11, 12, 13, 14, 15, 16, 17, 18, 19, 20, 21, 22, 
      23, 24, 25, 26, 27, 28, 29, 30, 31, 32, 33, 34, 35, 36, 37, 38, 39, 
      40, 41 ] ];
