return 
[ [ 1, 3, 7, 8, 11, 13, 16, 17, 19, 23, 26, 27, 30, 33, 35, 37, 38, 42, 45 ],
  [ 2, 3, 7, 8, 11, 13, 16, 18, 19, 22, 23, 26, 27, 29, 35, 38, 42, 43, 46 ],
  [ 1, 3, 8, 9, 11, 13, 16, 17, 19, 23, 25, 27, 29, 35, 36, 38, 42, 43, 46 ],
  [ 2, 3, 8, 9, 11, 13, 16, 18, 19, 23, 25, 27, 30, 32, 35, 37, 38, 42, 45 ],
  [ 3, 7, 8, 13, 18, 19, 21, 23, 25, 27, 30, 31, 32, 33, 35, 37, 39, 41, 42, 
      44 ], 
  [ 3, 5, 7, 8, 14, 18, 19, 21, 23, 25, 27, 29, 31, 33, 37, 39, 40, 41, 42, 
      44 ], 
  [ 3, 5, 7, 8, 14, 19, 20, 21, 23, 26, 27, 30, 31, 33, 37, 39, 40, 42, 44, 
      45 ], [ 1, 3, 5, 7, 8, 14, 19, 20, 21, 23, 25, 27, 30, 31, 33, 37, 40, 
      42, 44, 45 ], 
  [ 6, 7, 8, 13, 16, 19, 21, 22, 23, 26, 28, 30, 32, 33, 35, 37, 39, 42, 44, 
      45 ], 
  [ 2, 3, 8, 9, 14, 19, 20, 21, 23, 26, 27, 30, 31, 36, 39, 40, 41, 42, 44, 
      46 ], 
  [ 2, 3, 8, 9, 13, 19, 21, 22, 23, 26, 27, 29, 31, 35, 36, 39, 41, 42, 44, 
      46 ], 
  [ 3, 5, 8, 9, 14, 17, 19, 20, 21, 23, 26, 27, 29, 31, 36, 40, 42, 43, 44, 
      46 ], 
  [ 1, 3, 7, 8, 11, 14, 16, 17, 19, 23, 26, 27, 30, 33, 35, 37, 38, 40, 42, 
      45 ], 
  [ 1, 3, 7, 8, 11, 13, 16, 18, 19, 23, 25, 27, 30, 32, 35, 38, 42, 43, 45, 
      46 ], 
  [ 1, 3, 7, 8, 11, 13, 16, 18, 19, 23, 25, 27, 30, 32, 33, 35, 37, 38, 42, 
      45 ], 
  [ 1, 3, 7, 8, 11, 14, 16, 18, 19, 23, 25, 27, 30, 33, 35, 37, 38, 40, 42, 
      45 ], 
  [ 2, 3, 7, 8, 11, 14, 16, 18, 19, 23, 26, 27, 30, 34, 37, 39, 40, 42, 44, 
      45 ], 
  [ 2, 3, 7, 8, 11, 13, 16, 18, 19, 22, 23, 26, 27, 29, 35, 37, 38, 42, 43, 
      45 ], 
  [ 2, 3, 7, 8, 11, 13, 16, 18, 19, 22, 23, 26, 27, 29, 33, 35, 37, 38, 39, 
      42 ], 
  [ 1, 4, 7, 8, 11, 13, 16, 18, 19, 24, 25, 27, 30, 32, 35, 38, 42, 43, 45, 
      46 ], 
  [ 1, 4, 7, 8, 11, 13, 16, 18, 19, 24, 25, 27, 30, 32, 33, 35, 37, 38, 42, 
      45 ], 
  [ 1, 4, 7, 8, 11, 14, 16, 18, 19, 24, 25, 27, 30, 33, 35, 37, 38, 40, 42, 
      45 ], [ 1, 3, 5, 7, 8, 11, 14, 16, 17, 19, 23, 26, 27, 29, 34, 40, 42, 
      43, 44, 46 ], 
  [ 1, 3, 5, 7, 8, 11, 14, 16, 17, 19, 20, 23, 26, 27, 30, 33, 37, 38, 42, 
      45 ], 
  [ 1, 3, 8, 9, 11, 14, 16, 17, 19, 23, 25, 27, 29, 35, 36, 38, 40, 42, 43, 
      46 ], 
  [ 1, 3, 8, 9, 11, 14, 16, 17, 19, 20, 23, 25, 27, 30, 34, 37, 40, 42, 44, 
      45 ], 
  [ 2, 3, 8, 9, 11, 14, 16, 17, 19, 23, 26, 27, 29, 35, 36, 38, 40, 42, 43, 
      46 ], 
  [ 2, 3, 8, 9, 11, 13, 16, 18, 19, 23, 25, 27, 30, 32, 35, 38, 42, 43, 45, 
      46 ], 
  [ 2, 3, 8, 9, 11, 13, 16, 18, 19, 23, 25, 27, 30, 32, 35, 36, 38, 41, 42, 
      46 ], 
  [ 2, 3, 8, 9, 11, 14, 16, 18, 19, 23, 25, 27, 29, 34, 40, 41, 42, 43, 44, 
      46 ], 
  [ 2, 3, 8, 9, 11, 13, 16, 17, 19, 22, 23, 26, 27, 29, 35, 37, 38, 42, 43, 
      45 ], 
  [ 2, 3, 8, 9, 11, 13, 16, 17, 19, 22, 23, 26, 27, 29, 35, 36, 38, 42, 43, 
      46 ], 
  [ 2, 4, 8, 9, 11, 14, 16, 17, 19, 24, 26, 27, 29, 35, 36, 38, 40, 42, 43, 
      46 ], 
  [ 2, 4, 8, 9, 11, 13, 16, 17, 19, 22, 24, 26, 27, 29, 35, 37, 38, 42, 43, 
      45 ], 
  [ 2, 4, 8, 9, 11, 13, 16, 17, 19, 22, 24, 26, 27, 29, 35, 36, 38, 42, 43, 
      46 ], [ 1, 3, 5, 8, 9, 11, 14, 16, 17, 19, 20, 23, 25, 27, 29, 36, 38, 
      42, 43, 46 ], 
  [ 3, 7, 8, 18, 19, 21, 23, 25, 27, 30, 31, 32, 33, 35, 37, 39, 40, 41, 42, 
      44, 45 ], 
  [ 3, 7, 8, 13, 18, 19, 21, 22, 23, 25, 27, 29, 31, 32, 33, 35, 37, 39, 41, 
      42, 44 ], 
  [ 1, 3, 5, 7, 8, 14, 17, 19, 20, 21, 23, 26, 27, 30, 31, 33, 37, 40, 42, 
      44, 45 ], 
  [ 2, 6, 7, 8, 13, 16, 18, 19, 21, 22, 23, 26, 28, 30, 32, 35, 37, 39, 42, 
      44, 45 ], 
  [ 2, 3, 8, 9, 19, 21, 22, 23, 26, 27, 29, 31, 35, 36, 39, 40, 41, 42, 43, 
      44, 46 ], 
  [ 2, 3, 8, 9, 13, 19, 21, 22, 23, 26, 27, 30, 31, 32, 35, 36, 39, 41, 42, 
      44, 46 ], 
  [ 1, 3, 7, 8, 11, 13, 16, 18, 19, 23, 25, 27, 29, 34, 35, 40, 41, 42, 43, 
      44, 46 ], 
  [ 1, 3, 7, 8, 11, 13, 16, 18, 19, 23, 25, 27, 30, 32, 33, 35, 36, 38, 41, 
      42, 46 ], 
  [ 1, 3, 7, 8, 11, 13, 15, 18, 19, 24, 25, 27, 30, 31, 32, 35, 38, 42, 43, 
      45, 46 ], 
  [ 1, 3, 7, 8, 11, 13, 15, 18, 19, 24, 25, 27, 30, 31, 32, 33, 35, 37, 38, 
      42, 45 ], 
  [ 1, 3, 7, 8, 11, 14, 15, 18, 19, 24, 25, 27, 30, 31, 33, 35, 37, 38, 40, 
      42, 45 ], 
  [ 2, 3, 7, 8, 11, 13, 16, 18, 19, 23, 26, 27, 30, 34, 35, 37, 39, 40, 42, 
      44, 45 ], 
  [ 2, 3, 7, 8, 11, 14, 16, 18, 19, 23, 26, 27, 30, 33, 35, 37, 38, 39, 40, 
      42, 45 ], 
  [ 2, 3, 7, 8, 11, 13, 16, 18, 19, 22, 23, 26, 27, 30, 32, 34, 37, 39, 42, 
      44, 45 ], 
  [ 2, 3, 7, 8, 11, 13, 16, 18, 19, 22, 23, 26, 27, 30, 32, 35, 38, 42, 43, 
      45, 46 ], 
  [ 1, 4, 7, 8, 11, 13, 16, 18, 19, 24, 25, 27, 29, 34, 35, 40, 41, 42, 43, 
      44, 46 ], 
  [ 1, 4, 7, 8, 11, 13, 16, 18, 19, 24, 25, 27, 30, 32, 33, 35, 36, 38, 41, 
      42, 46 ], 
  [ 1, 3, 5, 7, 8, 11, 14, 16, 17, 19, 23, 26, 27, 29, 34, 37, 40, 42, 43, 
      44, 45 ], 
  [ 1, 3, 5, 7, 8, 11, 14, 16, 17, 19, 23, 26, 27, 29, 33, 34, 37, 39, 40, 
      42, 44 ], 
  [ 1, 3, 5, 7, 8, 11, 14, 16, 18, 19, 23, 25, 27, 29, 34, 37, 40, 42, 43, 
      44, 45 ], 
  [ 1, 3, 5, 7, 8, 11, 14, 16, 18, 19, 23, 25, 27, 29, 34, 40, 41, 42, 43, 
      44, 46 ], 
  [ 1, 3, 5, 7, 8, 11, 14, 16, 18, 19, 20, 23, 25, 27, 30, 32, 33, 37, 38, 
      42, 45 ], 
  [ 1, 4, 5, 7, 8, 11, 14, 16, 18, 19, 24, 25, 27, 29, 34, 37, 40, 42, 43, 
      44, 45 ], 
  [ 1, 4, 5, 7, 8, 11, 14, 16, 18, 19, 24, 25, 27, 29, 34, 40, 41, 42, 43, 
      44, 46 ], 
  [ 1, 4, 5, 7, 8, 11, 14, 16, 18, 19, 20, 24, 25, 27, 30, 32, 33, 37, 38, 
      42, 45 ], 
  [ 1, 3, 6, 7, 8, 11, 13, 16, 17, 19, 21, 23, 26, 28, 30, 33, 35, 37, 38, 
      42, 45 ], 
  [ 2, 3, 6, 7, 8, 11, 13, 16, 18, 19, 21, 22, 23, 26, 28, 29, 35, 38, 42, 
      43, 46 ], 
  [ 1, 4, 6, 7, 8, 11, 13, 16, 18, 19, 24, 25, 28, 30, 32, 35, 38, 42, 43, 
      45, 46 ], 
  [ 1, 4, 6, 7, 8, 11, 13, 16, 18, 19, 24, 25, 28, 30, 32, 33, 35, 37, 38, 
      42, 45 ], 
  [ 1, 4, 6, 7, 8, 11, 14, 16, 18, 19, 24, 25, 28, 30, 33, 35, 37, 38, 40, 
      42, 45 ], 
  [ 1, 3, 8, 9, 11, 14, 16, 17, 19, 20, 23, 25, 27, 30, 34, 40, 42, 43, 44, 
      45, 46 ], 
  [ 1, 3, 8, 9, 11, 14, 16, 17, 19, 20, 23, 25, 27, 30, 34, 36, 40, 41, 42, 
      44, 46 ], 
  [ 2, 3, 8, 9, 11, 13, 16, 17, 19, 23, 26, 27, 30, 34, 35, 37, 39, 40, 42, 
      44, 45 ], 
  [ 2, 3, 8, 9, 11, 13, 16, 18, 19, 23, 25, 27, 29, 34, 35, 40, 41, 42, 43, 
      44, 46 ], 
  [ 2, 3, 8, 9, 11, 14, 16, 18, 19, 23, 25, 27, 29, 35, 36, 38, 40, 41, 42, 
      43, 46 ], 
  [ 2, 3, 8, 9, 11, 14, 16, 17, 19, 20, 23, 26, 27, 30, 34, 37, 39, 40, 42, 
      44, 45 ], 
  [ 2, 3, 8, 9, 11, 14, 16, 17, 19, 20, 23, 26, 27, 30, 34, 40, 42, 43, 44, 
      45, 46 ], 
  [ 2, 3, 8, 9, 11, 13, 16, 17, 19, 22, 23, 26, 27, 29, 33, 35, 36, 37, 38, 
      39, 42 ], 
  [ 2, 3, 8, 9, 11, 13, 16, 18, 19, 22, 23, 25, 27, 29, 32, 34, 41, 42, 43, 
      44, 46 ], 
  [ 2, 3, 8, 9, 11, 13, 16, 18, 19, 22, 23, 25, 27, 29, 32, 35, 37, 38, 42, 
      43, 45 ], 
  [ 2, 3, 8, 9, 11, 14, 15, 17, 19, 24, 26, 27, 29, 31, 35, 36, 38, 40, 42, 
      43, 46 ], 
  [ 2, 3, 8, 9, 11, 13, 15, 17, 19, 22, 24, 26, 27, 29, 31, 35, 37, 38, 42, 
      43, 45 ], 
  [ 2, 3, 8, 9, 11, 13, 15, 17, 19, 22, 24, 26, 27, 29, 31, 35, 36, 38, 42, 
      43, 46 ], 
  [ 2, 4, 8, 9, 11, 13, 16, 17, 19, 24, 26, 27, 30, 34, 35, 37, 39, 40, 42, 
      44, 45 ], 
  [ 2, 4, 8, 9, 11, 14, 16, 17, 19, 20, 24, 26, 27, 30, 34, 37, 39, 40, 42, 
      44, 45 ], 
  [ 2, 4, 8, 9, 11, 14, 16, 17, 19, 20, 24, 26, 27, 30, 34, 40, 42, 43, 44, 
      45, 46 ], 
  [ 2, 4, 8, 9, 11, 13, 16, 17, 19, 22, 24, 26, 27, 29, 33, 35, 36, 37, 38, 
      39, 42 ], 
  [ 2, 3, 5, 8, 9, 11, 14, 16, 17, 19, 20, 22, 23, 26, 27, 29, 36, 38, 42, 
      43, 46 ], 
  [ 2, 4, 5, 8, 9, 11, 14, 16, 17, 19, 20, 22, 24, 26, 27, 29, 36, 38, 42, 
      43, 46 ], 
  [ 1, 3, 6, 8, 9, 11, 13, 16, 17, 19, 21, 23, 25, 28, 29, 35, 36, 38, 42, 
      43, 46 ], 
  [ 2, 3, 6, 8, 9, 11, 13, 16, 18, 19, 21, 23, 25, 28, 30, 32, 35, 37, 38, 
      42, 45 ], 
  [ 2, 4, 6, 8, 9, 11, 14, 16, 17, 19, 24, 26, 28, 29, 35, 36, 38, 40, 42, 
      43, 46 ], 
  [ 2, 4, 6, 8, 9, 11, 13, 16, 17, 19, 22, 24, 26, 28, 29, 35, 37, 38, 42, 
      43, 45 ], 
  [ 2, 4, 6, 8, 9, 11, 13, 16, 17, 19, 22, 24, 26, 28, 29, 35, 36, 38, 42, 
      43, 46 ], 
  [ 1, 3, 7, 8, 11, 13, 16, 17, 19, 23, 26, 27, 30, 33, 34, 35, 37, 39, 40, 
      42, 44, 45 ], 
  [ 1, 3, 7, 8, 11, 13, 15, 18, 19, 24, 25, 27, 29, 31, 34, 35, 40, 41, 42, 
      43, 44, 46 ], 
  [ 1, 3, 7, 8, 11, 13, 15, 18, 19, 24, 25, 27, 30, 31, 32, 33, 35, 36, 38, 
      41, 42, 46 ], 
  [ 2, 3, 7, 8, 11, 13, 16, 18, 19, 22, 23, 26, 27, 30, 32, 33, 35, 37, 38, 
      39, 42, 45 ], 
  [ 2, 3, 7, 8, 11, 13, 16, 18, 19, 22, 23, 26, 27, 29, 33, 35, 36, 38, 39, 
      41, 42, 46 ], 
  [ 2, 4, 7, 8, 11, 13, 16, 18, 19, 22, 24, 26, 27, 30, 32, 33, 35, 37, 38, 
      39, 42, 45 ], 
  [ 1, 3, 5, 7, 8, 11, 14, 16, 17, 19, 23, 26, 27, 29, 33, 35, 37, 38, 40, 
      42, 43, 45 ], 
  [ 1, 3, 5, 7, 8, 11, 14, 16, 17, 19, 23, 26, 27, 29, 33, 35, 36, 38, 40, 
      42, 43, 46 ], 
  [ 1, 3, 5, 7, 8, 11, 14, 16, 18, 19, 23, 25, 27, 29, 33, 34, 37, 39, 40, 
      41, 42, 44 ], 
  [ 1, 3, 5, 7, 8, 11, 14, 16, 18, 19, 23, 25, 27, 29, 33, 35, 37, 38, 40, 
      42, 43, 45 ], 
  [ 1, 3, 5, 7, 8, 11, 14, 16, 17, 19, 20, 23, 26, 27, 30, 34, 40, 42, 43, 
      44, 45, 46 ], 
  [ 1, 3, 5, 7, 8, 11, 13, 16, 17, 19, 22, 23, 26, 27, 29, 33, 35, 37, 38, 
      42, 43, 45 ], 
  [ 1, 3, 5, 7, 8, 11, 13, 16, 17, 19, 22, 23, 26, 27, 29, 33, 35, 36, 38, 
      42, 43, 46 ], 
  [ 1, 3, 5, 7, 8, 11, 13, 16, 18, 19, 22, 23, 25, 27, 29, 32, 34, 41, 42, 
      43, 44, 46 ], 
  [ 1, 3, 5, 7, 8, 11, 13, 16, 17, 19, 20, 22, 23, 26, 27, 30, 32, 33, 37, 
      38, 42, 45 ], 
  [ 1, 3, 5, 7, 8, 11, 14, 15, 18, 19, 24, 25, 27, 29, 31, 34, 37, 40, 42, 
      43, 44, 45 ], 
  [ 1, 3, 5, 7, 8, 11, 14, 15, 18, 19, 24, 25, 27, 29, 31, 34, 40, 41, 42, 
      43, 44, 46 ], 
  [ 1, 3, 5, 7, 8, 11, 14, 15, 18, 19, 20, 24, 25, 27, 30, 31, 32, 33, 37, 
      38, 42, 45 ], 
  [ 1, 4, 5, 7, 8, 11, 14, 16, 18, 19, 24, 25, 27, 29, 33, 34, 37, 39, 40, 
      41, 42, 44 ], 
  [ 1, 4, 5, 7, 8, 11, 14, 16, 18, 19, 24, 25, 27, 29, 33, 35, 37, 38, 40, 
      42, 43, 45 ], 
  [ 1, 4, 5, 7, 8, 11, 13, 16, 18, 19, 22, 24, 25, 27, 29, 32, 34, 41, 42, 
      43, 44, 46 ], 
  [ 1, 3, 6, 7, 8, 11, 14, 16, 17, 19, 21, 23, 26, 28, 30, 33, 35, 37, 38, 
      40, 42, 45 ], 
  [ 1, 3, 6, 7, 8, 11, 13, 16, 18, 19, 21, 23, 25, 28, 30, 32, 35, 38, 42, 
      43, 45, 46 ], 
  [ 1, 3, 6, 7, 8, 11, 13, 16, 18, 19, 21, 23, 25, 28, 30, 32, 33, 35, 37, 
      38, 42, 45 ], 
  [ 1, 3, 6, 7, 8, 11, 14, 16, 18, 19, 21, 23, 25, 28, 30, 33, 35, 37, 38, 
      40, 42, 45 ], 
  [ 2, 3, 6, 7, 8, 11, 14, 16, 18, 19, 21, 23, 26, 28, 30, 34, 37, 39, 40, 
      42, 44, 45 ], 
  [ 2, 3, 6, 7, 8, 11, 13, 16, 18, 19, 21, 22, 23, 26, 28, 29, 35, 37, 38, 
      42, 43, 45 ], 
  [ 2, 3, 6, 7, 8, 11, 13, 16, 18, 19, 21, 22, 23, 26, 28, 29, 33, 35, 37, 
      38, 39, 42 ], 
  [ 1, 4, 6, 7, 8, 11, 13, 16, 18, 19, 24, 25, 28, 29, 34, 35, 40, 41, 42, 
      43, 44, 46 ], 
  [ 1, 4, 6, 7, 8, 11, 13, 16, 18, 19, 24, 25, 28, 30, 32, 33, 35, 36, 38, 
      41, 42, 46 ], 
  [ 1, 3, 5, 6, 7, 8, 11, 14, 16, 17, 19, 21, 23, 26, 28, 29, 34, 40, 42, 
      43, 44, 46 ], 
  [ 1, 3, 5, 6, 7, 8, 11, 14, 16, 17, 19, 20, 21, 23, 26, 28, 30, 33, 37, 
      38, 42, 45 ], 
  [ 1, 4, 5, 6, 7, 8, 11, 14, 16, 18, 19, 24, 25, 28, 29, 34, 37, 40, 42, 
      43, 44, 45 ], 
  [ 1, 4, 5, 6, 7, 8, 11, 14, 16, 18, 19, 24, 25, 28, 29, 34, 40, 41, 42, 
      43, 44, 46 ], 
  [ 1, 4, 5, 6, 7, 8, 11, 14, 16, 18, 19, 20, 24, 25, 28, 30, 32, 33, 37, 
      38, 42, 45 ], 
  [ 1, 3, 8, 9, 11, 13, 16, 17, 19, 23, 25, 27, 29, 34, 35, 36, 40, 41, 42, 
      43, 44, 46 ], 
  [ 1, 3, 8, 9, 11, 13, 16, 17, 19, 20, 23, 25, 27, 30, 32, 35, 36, 38, 42, 
      43, 45, 46 ], 
  [ 1, 3, 8, 9, 11, 13, 16, 17, 19, 20, 23, 25, 27, 30, 32, 33, 35, 36, 37, 
      38, 42, 45 ], 
  [ 1, 3, 8, 9, 11, 14, 16, 17, 19, 20, 23, 25, 27, 30, 35, 36, 38, 40, 42, 
      43, 45, 46 ], 
  [ 1, 3, 8, 9, 11, 14, 16, 17, 19, 20, 23, 25, 27, 30, 33, 35, 36, 37, 38, 
      40, 42, 45 ], 
  [ 2, 3, 8, 9, 11, 13, 16, 18, 19, 23, 25, 27, 30, 32, 33, 35, 36, 37, 38, 
      39, 41, 42 ], 
  [ 2, 3, 8, 9, 11, 14, 16, 17, 19, 20, 23, 26, 27, 30, 34, 36, 39, 40, 41, 
      42, 44, 46 ], 
  [ 2, 3, 8, 9, 11, 14, 16, 17, 19, 20, 23, 26, 27, 30, 35, 36, 38, 40, 42, 
      43, 45, 46 ], 
  [ 2, 3, 8, 9, 11, 13, 16, 18, 19, 22, 23, 25, 27, 29, 32, 35, 36, 38, 41, 
      42, 43, 46 ], 
  [ 2, 3, 8, 9, 11, 13, 16, 17, 19, 20, 22, 23, 26, 27, 30, 32, 34, 37, 39, 
      42, 44, 45 ], 
  [ 2, 3, 8, 9, 11, 13, 15, 17, 19, 24, 26, 27, 30, 31, 34, 35, 37, 39, 40, 
      42, 44, 45 ], 
  [ 2, 3, 8, 9, 11, 14, 15, 17, 19, 20, 24, 26, 27, 30, 31, 34, 37, 39, 40, 
      42, 44, 45 ], 
  [ 2, 3, 8, 9, 11, 14, 15, 17, 19, 20, 24, 26, 27, 30, 31, 34, 40, 42, 43, 
      44, 45, 46 ], 
  [ 2, 3, 8, 9, 11, 13, 15, 17, 19, 22, 24, 26, 27, 29, 31, 33, 35, 36, 37, 
      38, 39, 42 ], 
  [ 2, 4, 8, 9, 11, 14, 16, 17, 19, 20, 24, 26, 27, 30, 34, 36, 39, 40, 41, 
      42, 44, 46 ], 
  [ 2, 4, 8, 9, 11, 14, 16, 17, 19, 20, 24, 26, 27, 30, 35, 36, 38, 40, 42, 
      43, 45, 46 ], 
  [ 2, 4, 8, 9, 11, 13, 16, 18, 19, 22, 24, 25, 27, 29, 32, 35, 36, 38, 41, 
      42, 43, 46 ], 
  [ 2, 4, 8, 9, 11, 13, 16, 17, 19, 20, 22, 24, 26, 27, 30, 32, 34, 37, 39, 
      42, 44, 45 ], 
  [ 1, 3, 5, 8, 9, 11, 14, 16, 17, 19, 20, 23, 25, 27, 29, 34, 37, 40, 42, 
      43, 44, 45 ], 
  [ 1, 3, 5, 8, 9, 11, 13, 16, 17, 19, 20, 22, 23, 25, 27, 29, 32, 36, 38, 
      42, 43, 46 ], 
  [ 2, 3, 5, 8, 9, 11, 14, 15, 17, 19, 20, 22, 24, 26, 27, 29, 31, 36, 38, 
      42, 43, 46 ], 
  [ 1, 3, 6, 8, 9, 11, 14, 16, 17, 19, 21, 23, 25, 28, 29, 35, 36, 38, 40, 
      42, 43, 46 ], 
  [ 1, 3, 6, 8, 9, 11, 14, 16, 17, 19, 20, 21, 23, 25, 28, 30, 34, 37, 40, 
      42, 44, 45 ], 
  [ 2, 3, 6, 8, 9, 11, 14, 16, 17, 19, 21, 23, 26, 28, 29, 35, 36, 38, 40, 
      42, 43, 46 ], 
  [ 2, 3, 6, 8, 9, 11, 13, 16, 18, 19, 21, 23, 25, 28, 30, 32, 35, 38, 42, 
      43, 45, 46 ], 
  [ 2, 3, 6, 8, 9, 11, 13, 16, 18, 19, 21, 23, 25, 28, 30, 32, 35, 36, 38, 
      41, 42, 46 ], 
  [ 2, 3, 6, 8, 9, 11, 14, 16, 18, 19, 21, 23, 25, 28, 29, 34, 40, 41, 42, 
      43, 44, 46 ], 
  [ 2, 3, 6, 8, 9, 11, 13, 16, 17, 19, 21, 22, 23, 26, 28, 29, 35, 37, 38, 
      42, 43, 45 ], 
  [ 2, 3, 6, 8, 9, 11, 13, 16, 17, 19, 21, 22, 23, 26, 28, 29, 35, 36, 38, 
      42, 43, 46 ], 
  [ 2, 4, 6, 8, 9, 11, 13, 16, 17, 19, 24, 26, 28, 30, 34, 35, 37, 39, 40, 
      42, 44, 45 ], 
  [ 2, 4, 6, 8, 9, 11, 14, 16, 17, 19, 20, 24, 26, 28, 30, 34, 37, 39, 40, 
      42, 44, 45 ], 
  [ 2, 4, 6, 8, 9, 11, 14, 16, 17, 19, 20, 24, 26, 28, 30, 34, 40, 42, 43, 
      44, 45, 46 ], 
  [ 2, 4, 6, 8, 9, 11, 13, 16, 17, 19, 22, 24, 26, 28, 29, 33, 35, 36, 37, 
      38, 39, 42 ], 
  [ 1, 3, 5, 6, 8, 9, 11, 14, 16, 17, 19, 20, 21, 23, 25, 28, 29, 36, 38, 
      42, 43, 46 ], 
  [ 2, 4, 5, 6, 8, 9, 11, 14, 16, 17, 19, 20, 22, 24, 26, 28, 29, 36, 38, 
      42, 43, 46 ], 
  [ 3, 5, 7, 8, 14, 18, 19, 20, 21, 23, 25, 27, 30, 31, 32, 33, 37, 39, 40, 
      41, 42, 44, 45 ], 
  [ 2, 3, 5, 8, 9, 14, 19, 20, 21, 22, 23, 26, 27, 29, 31, 36, 39, 40, 41, 
      42, 43, 44, 46 ], 
  [ 1, 3, 7, 8, 11, 13, 16, 18, 19, 23, 25, 27, 30, 32, 34, 35, 40, 41, 42, 
      43, 44, 45, 46 ], 
  [ 2, 3, 7, 8, 11, 13, 16, 18, 19, 22, 23, 26, 27, 29, 34, 35, 37, 39, 40, 
      42, 43, 44, 45 ], 
  [ 2, 3, 7, 8, 11, 13, 16, 18, 19, 22, 23, 26, 27, 29, 34, 35, 39, 40, 41, 
      42, 43, 44, 46 ], 
  [ 2, 3, 7, 8, 11, 13, 16, 18, 19, 22, 23, 26, 27, 30, 32, 33, 35, 36, 38, 
      39, 41, 42, 46 ], 
  [ 2, 3, 7, 8, 11, 13, 15, 18, 19, 22, 24, 26, 27, 30, 31, 32, 33, 35, 37, 
      38, 39, 42, 45 ], 
  [ 1, 4, 7, 8, 11, 13, 16, 18, 19, 24, 25, 27, 30, 32, 34, 35, 40, 41, 42, 
      43, 44, 45, 46 ], 
  [ 1, 3, 5, 7, 8, 11, 14, 16, 17, 19, 23, 26, 27, 29, 33, 34, 36, 39, 40, 
      41, 42, 44, 46 ], 
  [ 1, 3, 5, 7, 8, 11, 14, 16, 18, 19, 23, 25, 27, 29, 33, 35, 36, 38, 40, 
      41, 42, 43, 46 ], 
  [ 1, 3, 5, 7, 8, 11, 14, 16, 17, 19, 20, 23, 26, 27, 30, 33, 34, 37, 39, 
      40, 42, 44, 45 ], 
  [ 1, 3, 5, 7, 8, 11, 13, 16, 18, 19, 22, 23, 25, 27, 29, 32, 33, 35, 37, 
      38, 42, 43, 45 ], 
  [ 1, 3, 5, 7, 8, 11, 14, 15, 18, 19, 24, 25, 27, 29, 31, 33, 34, 37, 39, 
      40, 41, 42, 44 ], 
  [ 1, 3, 5, 7, 8, 11, 14, 15, 18, 19, 24, 25, 27, 29, 31, 33, 35, 37, 38, 
      40, 42, 43, 45 ], 
  [ 1, 3, 5, 7, 8, 11, 13, 15, 18, 19, 22, 24, 25, 27, 29, 31, 32, 34, 41, 
      42, 43, 44, 46 ], 
  [ 2, 3, 5, 7, 8, 11, 14, 16, 18, 19, 22, 23, 26, 27, 29, 34, 37, 39, 40, 
      42, 43, 44, 45 ], 
  [ 2, 3, 5, 7, 8, 11, 14, 16, 18, 19, 22, 23, 26, 27, 29, 34, 39, 40, 41, 
      42, 43, 44, 46 ], 
  [ 2, 3, 5, 7, 8, 11, 14, 16, 18, 19, 20, 22, 23, 26, 27, 30, 32, 33, 37, 
      38, 39, 42, 45 ], 
  [ 2, 3, 5, 7, 8, 11, 14, 16, 18, 19, 20, 22, 23, 26, 27, 30, 32, 34, 37, 
      39, 42, 44, 45 ], 
  [ 1, 4, 5, 7, 8, 11, 14, 16, 18, 19, 24, 25, 27, 29, 33, 35, 36, 38, 40, 
      41, 42, 43, 46 ], 
  [ 1, 4, 5, 7, 8, 11, 14, 16, 17, 19, 20, 24, 26, 27, 30, 33, 34, 37, 39, 
      40, 42, 44, 45 ], 
  [ 1, 4, 5, 7, 8, 11, 13, 16, 18, 19, 22, 24, 25, 27, 29, 32, 33, 35, 37, 
      38, 42, 43, 45 ], 
  [ 1, 3, 6, 7, 8, 11, 13, 16, 18, 19, 21, 23, 25, 28, 29, 34, 35, 40, 41, 
      42, 43, 44, 46 ], 
  [ 1, 3, 6, 7, 8, 11, 13, 16, 18, 19, 21, 23, 25, 28, 30, 32, 33, 35, 36, 
      38, 41, 42, 46 ], 
  [ 1, 3, 6, 7, 8, 11, 13, 15, 18, 19, 21, 24, 25, 28, 30, 31, 32, 35, 38, 
      42, 43, 45, 46 ], 
  [ 1, 3, 6, 7, 8, 11, 13, 15, 18, 19, 21, 24, 25, 28, 30, 31, 32, 33, 35, 
      37, 38, 42, 45 ], 
  [ 1, 3, 6, 7, 8, 11, 14, 15, 18, 19, 21, 24, 25, 28, 30, 31, 33, 35, 37, 
      38, 40, 42, 45 ], 
  [ 2, 3, 6, 7, 8, 11, 13, 16, 18, 19, 21, 23, 26, 28, 30, 34, 35, 37, 39, 
      40, 42, 44, 45 ], 
  [ 2, 3, 6, 7, 8, 11, 14, 16, 18, 19, 21, 23, 26, 28, 30, 33, 35, 37, 38, 
      39, 40, 42, 45 ], 
  [ 2, 3, 6, 7, 8, 11, 13, 16, 18, 19, 21, 22, 23, 26, 28, 30, 32, 34, 37, 
      39, 42, 44, 45 ], 
  [ 2, 3, 6, 7, 8, 11, 13, 16, 18, 19, 21, 22, 23, 26, 28, 30, 32, 35, 38, 
      42, 43, 45, 46 ], 
  [ 2, 4, 6, 7, 8, 11, 13, 16, 18, 19, 22, 24, 26, 28, 30, 32, 33, 35, 37, 
      38, 39, 42, 45 ], 
  [ 1, 3, 5, 6, 7, 8, 11, 14, 16, 17, 19, 21, 23, 26, 28, 29, 34, 37, 40, 
      42, 43, 44, 45 ], 
  [ 1, 3, 5, 6, 7, 8, 11, 14, 16, 17, 19, 21, 23, 26, 28, 29, 33, 34, 37, 
      39, 40, 42, 44 ], 
  [ 1, 3, 5, 6, 7, 8, 11, 14, 16, 18, 19, 21, 23, 25, 28, 29, 34, 37, 40, 
      42, 43, 44, 45 ], 
  [ 1, 3, 5, 6, 7, 8, 11, 14, 16, 18, 19, 21, 23, 25, 28, 29, 34, 40, 41, 
      42, 43, 44, 46 ], 
  [ 1, 3, 5, 6, 7, 8, 11, 14, 16, 18, 19, 20, 21, 23, 25, 28, 30, 32, 33, 
      37, 38, 42, 45 ], 
  [ 1, 4, 5, 6, 7, 8, 11, 14, 16, 18, 19, 24, 25, 28, 29, 33, 34, 37, 39, 
      40, 41, 42, 44 ], 
  [ 1, 4, 5, 6, 7, 8, 11, 14, 16, 18, 19, 24, 25, 28, 29, 33, 35, 37, 38, 
      40, 42, 43, 45 ], 
  [ 1, 4, 5, 6, 7, 8, 11, 13, 16, 18, 19, 22, 24, 25, 28, 29, 32, 34, 41, 
      42, 43, 44, 46 ], 
  [ 1, 3, 8, 9, 11, 14, 16, 17, 19, 20, 23, 25, 27, 30, 33, 34, 36, 37, 39, 
      40, 41, 42, 44 ], 
  [ 2, 3, 8, 9, 11, 13, 16, 18, 19, 23, 25, 27, 30, 32, 34, 35, 37, 39, 40, 
      41, 42, 44, 45 ], 
  [ 2, 3, 8, 9, 11, 13, 16, 18, 19, 23, 25, 27, 30, 32, 34, 35, 40, 41, 42, 
      43, 44, 45, 46 ], 
  [ 2, 3, 8, 9, 11, 14, 16, 17, 19, 20, 23, 26, 27, 30, 33, 35, 36, 37, 38, 
      39, 40, 42, 45 ], 
  [ 2, 3, 8, 9, 11, 14, 16, 18, 19, 20, 23, 25, 27, 30, 32, 34, 37, 39, 40, 
      41, 42, 44, 45 ], 
  [ 2, 3, 8, 9, 11, 14, 16, 18, 19, 20, 23, 25, 27, 30, 32, 34, 40, 41, 42, 
      43, 44, 45, 46 ], 
  [ 2, 3, 8, 9, 11, 13, 16, 17, 19, 22, 23, 26, 27, 29, 34, 35, 37, 39, 40, 
      42, 43, 44, 45 ], 
  [ 2, 3, 8, 9, 11, 13, 16, 18, 19, 22, 23, 25, 27, 29, 32, 33, 35, 36, 37, 
      38, 39, 41, 42 ], 
  [ 2, 3, 8, 9, 11, 13, 16, 17, 19, 20, 22, 23, 26, 27, 30, 32, 35, 36, 38, 
      42, 43, 45, 46 ], 
  [ 2, 3, 8, 9, 11, 14, 15, 17, 19, 20, 24, 26, 27, 30, 31, 34, 36, 39, 40, 
      41, 42, 44, 46 ], 
  [ 2, 3, 8, 9, 11, 14, 15, 17, 19, 20, 24, 26, 27, 30, 31, 35, 36, 38, 40, 
      42, 43, 45, 46 ], 
  [ 2, 3, 8, 9, 11, 13, 15, 18, 19, 22, 24, 25, 27, 29, 31, 32, 35, 36, 38, 
      41, 42, 43, 46 ], 
  [ 2, 3, 8, 9, 11, 13, 15, 17, 19, 20, 22, 24, 26, 27, 30, 31, 32, 34, 37, 
      39, 42, 44, 45 ], 
  [ 2, 4, 8, 9, 11, 14, 16, 17, 19, 20, 24, 26, 27, 30, 33, 35, 36, 37, 38, 
      39, 40, 42, 45 ], 
  [ 2, 4, 8, 9, 11, 13, 16, 17, 19, 22, 24, 26, 27, 29, 34, 35, 37, 39, 40, 
      42, 43, 44, 45 ], 
  [ 2, 4, 8, 9, 11, 13, 16, 17, 19, 20, 22, 24, 26, 27, 30, 32, 35, 36, 38, 
      42, 43, 45, 46 ], 
  [ 1, 3, 5, 8, 9, 11, 14, 16, 17, 19, 20, 23, 25, 27, 29, 34, 36, 40, 41, 
      42, 43, 44, 46 ], 
  [ 2, 3, 5, 8, 9, 11, 14, 16, 18, 19, 20, 22, 23, 25, 27, 29, 32, 34, 41, 
      42, 43, 44, 46 ], 
  [ 2, 3, 5, 8, 9, 11, 14, 16, 18, 19, 20, 22, 23, 25, 27, 29, 32, 36, 38, 
      41, 42, 43, 46 ], 
  [ 1, 4, 5, 8, 9, 11, 14, 16, 17, 19, 20, 24, 25, 27, 29, 34, 36, 40, 41, 
      42, 43, 44, 46 ], 
  [ 1, 3, 6, 8, 9, 11, 14, 16, 17, 19, 20, 21, 23, 25, 28, 30, 34, 40, 42, 
      43, 44, 45, 46 ], 
  [ 1, 3, 6, 8, 9, 11, 14, 16, 17, 19, 20, 21, 23, 25, 28, 30, 34, 36, 40, 
      41, 42, 44, 46 ], 
  [ 2, 3, 6, 8, 9, 11, 13, 16, 17, 19, 21, 23, 26, 28, 30, 34, 35, 37, 39, 
      40, 42, 44, 45 ], 
  [ 2, 3, 6, 8, 9, 11, 13, 16, 18, 19, 21, 23, 25, 28, 29, 34, 35, 40, 41, 
      42, 43, 44, 46 ], 
  [ 2, 3, 6, 8, 9, 11, 14, 16, 18, 19, 21, 23, 25, 28, 29, 35, 36, 38, 40, 
      41, 42, 43, 46 ], 
  [ 2, 3, 6, 8, 9, 11, 14, 16, 17, 19, 20, 21, 23, 26, 28, 30, 34, 37, 39, 
      40, 42, 44, 45 ], 
  [ 2, 3, 6, 8, 9, 11, 14, 16, 17, 19, 20, 21, 23, 26, 28, 30, 34, 40, 42, 
      43, 44, 45, 46 ], 
  [ 2, 3, 6, 8, 9, 11, 13, 16, 17, 19, 21, 22, 23, 26, 28, 29, 33, 35, 36, 
      37, 38, 39, 42 ], 
  [ 2, 3, 6, 8, 9, 11, 13, 16, 18, 19, 21, 22, 23, 25, 28, 29, 32, 34, 41, 
      42, 43, 44, 46 ], 
  [ 2, 3, 6, 8, 9, 11, 13, 16, 18, 19, 21, 22, 23, 25, 28, 29, 32, 35, 37, 
      38, 42, 43, 45 ], 
  [ 2, 3, 6, 8, 9, 11, 14, 15, 17, 19, 21, 24, 26, 28, 29, 31, 35, 36, 38, 
      40, 42, 43, 46 ], 
  [ 2, 3, 6, 8, 9, 11, 13, 15, 17, 19, 21, 22, 24, 26, 28, 29, 31, 35, 37, 
      38, 42, 43, 45 ], 
  [ 2, 3, 6, 8, 9, 11, 13, 15, 17, 19, 21, 22, 24, 26, 28, 29, 31, 35, 36, 
      38, 42, 43, 46 ], 
  [ 2, 4, 6, 8, 9, 11, 14, 16, 17, 19, 20, 24, 26, 28, 30, 34, 36, 39, 40, 
      41, 42, 44, 46 ], 
  [ 2, 4, 6, 8, 9, 11, 14, 16, 17, 19, 20, 24, 26, 28, 30, 35, 36, 38, 40, 
      42, 43, 45, 46 ], 
  [ 2, 4, 6, 8, 9, 11, 13, 16, 18, 19, 22, 24, 25, 28, 29, 32, 35, 36, 38, 
      41, 42, 43, 46 ], 
  [ 2, 4, 6, 8, 9, 11, 13, 16, 17, 19, 20, 22, 24, 26, 28, 30, 32, 34, 37, 
      39, 42, 44, 45 ], 
  [ 2, 3, 5, 6, 8, 9, 11, 14, 16, 17, 19, 20, 21, 22, 23, 26, 28, 29, 36, 
      38, 42, 43, 46 ], 
  [ 3, 5, 7, 8, 18, 19, 21, 22, 23, 25, 27, 29, 31, 32, 33, 35, 37, 39, 40, 
      41, 42, 43, 44, 45 ], 
  [ 2, 3, 8, 9, 19, 20, 21, 22, 23, 26, 27, 30, 31, 32, 35, 36, 39, 40, 41, 
      42, 43, 44, 45, 46 ], 
  [ 1, 3, 7, 8, 11, 13, 16, 18, 19, 23, 25, 27, 30, 32, 33, 34, 35, 37, 39, 
      40, 41, 42, 44, 45 ], 
  [ 1, 3, 7, 8, 11, 13, 15, 18, 19, 24, 25, 27, 30, 31, 32, 34, 35, 40, 41, 
      42, 43, 44, 45, 46 ], 
  [ 1, 4, 7, 8, 11, 13, 16, 18, 19, 24, 25, 27, 30, 32, 33, 34, 35, 37, 39, 
      40, 41, 42, 44, 45 ], 
  [ 1, 3, 5, 7, 8, 11, 14, 16, 17, 19, 20, 23, 26, 27, 30, 33, 34, 36, 39, 
      40, 41, 42, 44, 46 ], 
  [ 1, 3, 5, 7, 8, 11, 14, 16, 17, 19, 20, 23, 26, 27, 30, 33, 35, 36, 38, 
      40, 42, 43, 45, 46 ], 
  [ 1, 3, 5, 7, 8, 11, 14, 16, 18, 19, 20, 23, 25, 27, 30, 32, 34, 40, 41, 
      42, 43, 44, 45, 46 ], 
  [ 1, 3, 5, 7, 8, 11, 13, 16, 18, 19, 22, 23, 25, 27, 29, 32, 33, 35, 36, 
      38, 41, 42, 43, 46 ], 
  [ 1, 3, 5, 7, 8, 11, 13, 16, 17, 19, 20, 22, 23, 26, 27, 30, 32, 33, 34, 
      37, 39, 42, 44, 45 ], 
  [ 1, 3, 5, 7, 8, 11, 14, 15, 18, 19, 24, 25, 27, 29, 31, 33, 35, 36, 38, 
      40, 41, 42, 43, 46 ], 
  [ 1, 3, 5, 7, 8, 11, 14, 15, 17, 19, 20, 24, 26, 27, 30, 31, 33, 34, 37, 
      39, 40, 42, 44, 45 ], 
  [ 1, 3, 5, 7, 8, 11, 13, 15, 18, 19, 22, 24, 25, 27, 29, 31, 32, 33, 35, 
      37, 38, 42, 43, 45 ], 
  [ 2, 3, 5, 7, 8, 11, 14, 16, 18, 19, 22, 23, 26, 27, 29, 33, 35, 37, 38, 
      39, 40, 42, 43, 45 ], 
  [ 1, 4, 5, 7, 8, 11, 14, 16, 18, 19, 20, 24, 25, 27, 30, 32, 34, 40, 41, 
      42, 43, 44, 45, 46 ], 
  [ 1, 4, 5, 7, 8, 11, 13, 16, 18, 19, 22, 24, 25, 27, 29, 32, 33, 35, 36, 
      38, 41, 42, 43, 46 ], 
  [ 1, 3, 6, 7, 8, 11, 13, 16, 17, 19, 21, 23, 26, 28, 30, 33, 34, 35, 37, 
      39, 40, 42, 44, 45 ], 
  [ 1, 3, 6, 7, 8, 11, 13, 15, 18, 19, 21, 24, 25, 28, 29, 31, 34, 35, 40, 
      41, 42, 43, 44, 46 ], 
  [ 1, 3, 6, 7, 8, 11, 13, 15, 18, 19, 21, 24, 25, 28, 30, 31, 32, 33, 35, 
      36, 38, 41, 42, 46 ], 
  [ 2, 3, 6, 7, 8, 11, 13, 16, 18, 19, 21, 22, 23, 26, 28, 30, 32, 33, 35, 
      37, 38, 39, 42, 45 ], 
  [ 2, 3, 6, 7, 8, 11, 13, 16, 18, 19, 21, 22, 23, 26, 28, 29, 33, 35, 36, 
      38, 39, 41, 42, 46 ], 
  [ 1, 4, 6, 7, 8, 11, 13, 16, 18, 19, 24, 25, 28, 30, 32, 34, 35, 40, 41, 
      42, 43, 44, 45, 46 ], 
  [ 1, 3, 5, 6, 7, 8, 11, 14, 16, 17, 19, 21, 23, 26, 28, 29, 33, 35, 37, 
      38, 40, 42, 43, 45 ], 
  [ 1, 3, 5, 6, 7, 8, 11, 14, 16, 17, 19, 21, 23, 26, 28, 29, 33, 35, 36, 
      38, 40, 42, 43, 46 ], 
  [ 1, 3, 5, 6, 7, 8, 11, 14, 16, 18, 19, 21, 23, 25, 28, 29, 33, 34, 37, 
      39, 40, 41, 42, 44 ], 
  [ 1, 3, 5, 6, 7, 8, 11, 14, 16, 18, 19, 21, 23, 25, 28, 29, 33, 35, 37, 
      38, 40, 42, 43, 45 ], 
  [ 1, 3, 5, 6, 7, 8, 11, 14, 16, 17, 19, 20, 21, 23, 26, 28, 30, 34, 40, 
      42, 43, 44, 45, 46 ], 
  [ 1, 3, 5, 6, 7, 8, 11, 13, 16, 17, 19, 21, 22, 23, 26, 28, 29, 33, 35, 
      37, 38, 42, 43, 45 ], 
  [ 1, 3, 5, 6, 7, 8, 11, 13, 16, 17, 19, 21, 22, 23, 26, 28, 29, 33, 35, 
      36, 38, 42, 43, 46 ], 
  [ 1, 3, 5, 6, 7, 8, 11, 13, 16, 18, 19, 21, 22, 23, 25, 28, 29, 32, 34, 
      41, 42, 43, 44, 46 ], 
  [ 1, 3, 5, 6, 7, 8, 11, 13, 16, 17, 19, 20, 21, 22, 23, 26, 28, 30, 32, 
      33, 37, 38, 42, 45 ], 
  [ 1, 3, 5, 6, 7, 8, 11, 14, 15, 18, 19, 21, 24, 25, 28, 29, 31, 34, 37, 
      40, 42, 43, 44, 45 ], 
  [ 1, 3, 5, 6, 7, 8, 11, 14, 15, 18, 19, 21, 24, 25, 28, 29, 31, 34, 40, 
      41, 42, 43, 44, 46 ], 
  [ 1, 3, 5, 6, 7, 8, 11, 14, 15, 18, 19, 20, 21, 24, 25, 28, 30, 31, 32, 
      33, 37, 38, 42, 45 ], 
  [ 1, 4, 5, 6, 7, 8, 11, 14, 16, 18, 19, 24, 25, 28, 29, 33, 35, 36, 38, 
      40, 41, 42, 43, 46 ], 
  [ 1, 4, 5, 6, 7, 8, 11, 14, 16, 17, 19, 20, 24, 26, 28, 30, 33, 34, 37, 
      39, 40, 42, 44, 45 ], 
  [ 1, 4, 5, 6, 7, 8, 11, 13, 16, 18, 19, 22, 24, 25, 28, 29, 32, 33, 35, 
      37, 38, 42, 43, 45 ], 
  [ 2, 3, 8, 9, 11, 14, 16, 18, 19, 20, 23, 25, 27, 30, 32, 35, 36, 38, 40, 
      41, 42, 43, 45, 46 ], 
  [ 2, 3, 8, 9, 11, 13, 16, 17, 19, 22, 23, 26, 27, 29, 34, 35, 36, 39, 40, 
      41, 42, 43, 44, 46 ], 
  [ 2, 3, 8, 9, 11, 13, 16, 17, 19, 20, 22, 23, 26, 27, 30, 32, 33, 35, 36, 
      37, 38, 39, 42, 45 ], 
  [ 2, 3, 8, 9, 11, 14, 15, 17, 19, 20, 24, 26, 27, 30, 31, 33, 35, 36, 37, 
      38, 39, 40, 42, 45 ], 
  [ 2, 3, 8, 9, 11, 13, 15, 17, 19, 22, 24, 26, 27, 29, 31, 34, 35, 37, 39, 
      40, 42, 43, 44, 45 ], 
  [ 2, 3, 8, 9, 11, 13, 15, 17, 19, 20, 22, 24, 26, 27, 30, 31, 32, 35, 36, 
      38, 42, 43, 45, 46 ], 
  [ 2, 4, 8, 9, 11, 13, 16, 17, 19, 22, 24, 26, 27, 29, 34, 35, 36, 39, 40, 
      41, 42, 43, 44, 46 ], 
  [ 2, 4, 8, 9, 11, 13, 16, 17, 19, 20, 22, 24, 26, 27, 30, 32, 33, 35, 36, 
      37, 38, 39, 42, 45 ], 
  [ 1, 3, 5, 8, 9, 11, 14, 16, 17, 19, 20, 23, 25, 27, 29, 33, 34, 36, 37, 
      39, 40, 41, 42, 44 ], 
  [ 1, 3, 5, 8, 9, 11, 14, 16, 17, 19, 20, 23, 25, 27, 29, 33, 35, 36, 37, 
      38, 40, 42, 43, 45 ], 
  [ 1, 3, 5, 8, 9, 11, 13, 16, 17, 19, 20, 22, 23, 25, 27, 29, 32, 34, 36, 
      41, 42, 43, 44, 46 ], 
  [ 1, 3, 5, 8, 9, 11, 14, 15, 17, 19, 20, 24, 25, 27, 29, 31, 34, 36, 40, 
      41, 42, 43, 44, 46 ], 
  [ 2, 3, 5, 8, 9, 11, 14, 16, 17, 19, 20, 22, 23, 26, 27, 29, 34, 37, 39, 
      40, 42, 43, 44, 45 ], 
  [ 2, 4, 5, 8, 9, 11, 14, 16, 17, 19, 20, 22, 24, 26, 27, 29, 34, 37, 39, 
      40, 42, 43, 44, 45 ], 
  [ 1, 3, 6, 8, 9, 11, 13, 16, 17, 19, 21, 23, 25, 28, 29, 34, 35, 36, 40, 
      41, 42, 43, 44, 46 ], 
  [ 1, 3, 6, 8, 9, 11, 13, 16, 17, 19, 20, 21, 23, 25, 28, 30, 32, 35, 36, 
      38, 42, 43, 45, 46 ], 
  [ 1, 3, 6, 8, 9, 11, 13, 16, 17, 19, 20, 21, 23, 25, 28, 30, 32, 33, 35, 
      36, 37, 38, 42, 45 ], 
  [ 1, 3, 6, 8, 9, 11, 14, 16, 17, 19, 20, 21, 23, 25, 28, 30, 35, 36, 38, 
      40, 42, 43, 45, 46 ], 
  [ 1, 3, 6, 8, 9, 11, 14, 16, 17, 19, 20, 21, 23, 25, 28, 30, 33, 35, 36, 
      37, 38, 40, 42, 45 ], 
  [ 2, 3, 6, 8, 9, 11, 13, 16, 18, 19, 21, 23, 25, 28, 30, 32, 33, 35, 36, 
      37, 38, 39, 41, 42 ], 
  [ 2, 3, 6, 8, 9, 11, 14, 16, 17, 19, 20, 21, 23, 26, 28, 30, 34, 36, 39, 
      40, 41, 42, 44, 46 ], 
  [ 2, 3, 6, 8, 9, 11, 14, 16, 17, 19, 20, 21, 23, 26, 28, 30, 35, 36, 38, 
      40, 42, 43, 45, 46 ], 
  [ 2, 3, 6, 8, 9, 11, 13, 16, 18, 19, 21, 22, 23, 25, 28, 29, 32, 35, 36, 
      38, 41, 42, 43, 46 ], 
  [ 2, 3, 6, 8, 9, 11, 13, 16, 17, 19, 20, 21, 22, 23, 26, 28, 30, 32, 34, 
      37, 39, 42, 44, 45 ], 
  [ 2, 3, 6, 8, 9, 11, 13, 15, 17, 19, 21, 24, 26, 28, 30, 31, 34, 35, 37, 
      39, 40, 42, 44, 45 ], 
  [ 2, 3, 6, 8, 9, 11, 14, 15, 17, 19, 20, 21, 24, 26, 28, 30, 31, 34, 37, 
      39, 40, 42, 44, 45 ], 
  [ 2, 3, 6, 8, 9, 11, 14, 15, 17, 19, 20, 21, 24, 26, 28, 30, 31, 34, 40, 
      42, 43, 44, 45, 46 ], 
  [ 2, 3, 6, 8, 9, 11, 13, 15, 17, 19, 21, 22, 24, 26, 28, 29, 31, 33, 35, 
      36, 37, 38, 39, 42 ], 
  [ 2, 4, 6, 8, 9, 11, 14, 16, 17, 19, 20, 24, 26, 28, 30, 33, 35, 36, 37, 
      38, 39, 40, 42, 45 ], 
  [ 2, 4, 6, 8, 9, 11, 13, 16, 17, 19, 22, 24, 26, 28, 29, 34, 35, 37, 39, 
      40, 42, 43, 44, 45 ], 
  [ 2, 4, 6, 8, 9, 11, 13, 16, 17, 19, 20, 22, 24, 26, 28, 30, 32, 35, 36, 
      38, 42, 43, 45, 46 ], 
  [ 1, 3, 5, 6, 8, 9, 11, 14, 16, 17, 19, 20, 21, 23, 25, 28, 29, 34, 37, 
      40, 42, 43, 44, 45 ], 
  [ 1, 3, 5, 6, 8, 9, 11, 13, 16, 17, 19, 20, 21, 22, 23, 25, 28, 29, 32, 
      36, 38, 42, 43, 46 ], 
  [ 2, 3, 5, 6, 8, 9, 11, 14, 15, 17, 19, 20, 21, 22, 24, 26, 28, 29, 31, 
      36, 38, 42, 43, 46 ], 
  [ 1, 4, 5, 6, 8, 9, 11, 14, 16, 17, 19, 20, 24, 25, 28, 29, 34, 36, 40, 
      41, 42, 43, 44, 46 ], 
  [ 1, 3, 7, 8, 11, 13, 15, 18, 19, 24, 25, 27, 30, 31, 32, 33, 34, 35, 37, 
      39, 40, 41, 42, 44, 45 ], 
  [ 2, 3, 7, 8, 11, 13, 16, 18, 19, 22, 23, 26, 27, 30, 32, 34, 35, 39, 40, 
      41, 42, 43, 44, 45, 46 ], 
  [ 1, 3, 5, 7, 8, 11, 14, 16, 18, 19, 20, 23, 25, 27, 30, 32, 33, 34, 37, 
      39, 40, 41, 42, 44, 45 ], 
  [ 1, 3, 5, 7, 8, 11, 13, 16, 17, 19, 22, 23, 26, 27, 29, 33, 34, 35, 37, 
      39, 40, 42, 43, 44, 45 ], 
  [ 1, 3, 5, 7, 8, 11, 13, 16, 17, 19, 20, 22, 23, 26, 27, 30, 32, 33, 35, 
      36, 38, 42, 43, 45, 46 ], 
  [ 1, 3, 5, 7, 8, 11, 14, 15, 18, 19, 20, 24, 25, 27, 30, 31, 32, 34, 40, 
      41, 42, 43, 44, 45, 46 ], 
  [ 1, 3, 5, 7, 8, 11, 13, 15, 18, 19, 22, 24, 25, 27, 29, 31, 32, 33, 35, 
      36, 38, 41, 42, 43, 46 ], 
  [ 2, 3, 5, 7, 8, 11, 14, 16, 18, 19, 22, 23, 26, 27, 29, 33, 35, 36, 38, 
      39, 40, 41, 42, 43, 46 ], 
  [ 1, 4, 5, 7, 8, 11, 14, 16, 18, 19, 20, 24, 25, 27, 30, 32, 33, 34, 37, 
      39, 40, 41, 42, 44, 45 ], 
  [ 1, 3, 6, 7, 8, 11, 13, 16, 18, 19, 21, 23, 25, 28, 30, 32, 34, 35, 40, 
      41, 42, 43, 44, 45, 46 ], 
  [ 2, 3, 6, 7, 8, 11, 13, 16, 18, 19, 21, 22, 23, 26, 28, 29, 34, 35, 37, 
      39, 40, 42, 43, 44, 45 ], 
  [ 2, 3, 6, 7, 8, 11, 13, 16, 18, 19, 21, 22, 23, 26, 28, 29, 34, 35, 39, 
      40, 41, 42, 43, 44, 46 ], 
  [ 2, 3, 6, 7, 8, 11, 13, 16, 18, 19, 21, 22, 23, 26, 28, 30, 32, 33, 35, 
      36, 38, 39, 41, 42, 46 ], 
  [ 2, 3, 6, 7, 8, 11, 13, 15, 18, 19, 21, 22, 24, 26, 28, 30, 31, 32, 33, 
      35, 37, 38, 39, 42, 45 ], 
  [ 1, 4, 6, 7, 8, 11, 13, 16, 18, 19, 24, 25, 28, 30, 32, 33, 34, 35, 37, 
      39, 40, 41, 42, 44, 45 ], 
  [ 1, 3, 5, 6, 7, 8, 11, 14, 16, 17, 19, 21, 23, 26, 28, 29, 33, 34, 36, 
      39, 40, 41, 42, 44, 46 ], 
  [ 1, 3, 5, 6, 7, 8, 11, 14, 16, 18, 19, 21, 23, 25, 28, 29, 33, 35, 36, 
      38, 40, 41, 42, 43, 46 ], 
  [ 1, 3, 5, 6, 7, 8, 11, 14, 16, 17, 19, 20, 21, 23, 26, 28, 30, 33, 34, 
      37, 39, 40, 42, 44, 45 ], 
  [ 1, 3, 5, 6, 7, 8, 11, 13, 16, 18, 19, 21, 22, 23, 25, 28, 29, 32, 33, 
      35, 37, 38, 42, 43, 45 ], 
  [ 1, 3, 5, 6, 7, 8, 11, 14, 15, 18, 19, 21, 24, 25, 28, 29, 31, 33, 34, 
      37, 39, 40, 41, 42, 44 ], 
  [ 1, 3, 5, 6, 7, 8, 11, 14, 15, 18, 19, 21, 24, 25, 28, 29, 31, 33, 35, 
      37, 38, 40, 42, 43, 45 ], 
  [ 1, 3, 5, 6, 7, 8, 11, 13, 15, 18, 19, 21, 22, 24, 25, 28, 29, 31, 32, 
      34, 41, 42, 43, 44, 46 ], 
  [ 2, 3, 5, 6, 7, 8, 11, 14, 16, 18, 19, 21, 22, 23, 26, 28, 29, 34, 37, 
      39, 40, 42, 43, 44, 45 ], 
  [ 2, 3, 5, 6, 7, 8, 11, 14, 16, 18, 19, 21, 22, 23, 26, 28, 29, 34, 39, 
      40, 41, 42, 43, 44, 46 ], 
  [ 2, 3, 5, 6, 7, 8, 11, 14, 16, 18, 19, 20, 21, 22, 23, 26, 28, 30, 32, 
      33, 37, 38, 39, 42, 45 ], 
  [ 2, 3, 5, 6, 7, 8, 11, 14, 16, 18, 19, 20, 21, 22, 23, 26, 28, 30, 32, 
      34, 37, 39, 42, 44, 45 ], 
  [ 1, 4, 5, 6, 7, 8, 11, 14, 16, 18, 19, 20, 24, 25, 28, 30, 32, 34, 40, 
      41, 42, 43, 44, 45, 46 ], 
  [ 1, 4, 5, 6, 7, 8, 11, 13, 16, 18, 19, 22, 24, 25, 28, 29, 32, 33, 35, 
      36, 38, 41, 42, 43, 46 ], 
  [ 1, 3, 8, 9, 11, 13, 16, 17, 19, 20, 23, 25, 27, 30, 32, 34, 35, 36, 40, 
      41, 42, 43, 44, 45, 46 ], 
  [ 2, 3, 8, 9, 11, 14, 16, 18, 19, 20, 23, 25, 27, 30, 32, 33, 35, 36, 37, 
      38, 39, 40, 41, 42, 45 ], 
  [ 2, 3, 8, 9, 11, 13, 16, 18, 19, 22, 23, 25, 27, 29, 32, 34, 35, 37, 39, 
      40, 41, 42, 43, 44, 45 ], 
  [ 2, 3, 8, 9, 11, 13, 15, 17, 19, 22, 24, 26, 27, 29, 31, 34, 35, 36, 39, 
      40, 41, 42, 43, 44, 46 ], 
  [ 2, 3, 8, 9, 11, 13, 15, 17, 19, 20, 22, 24, 26, 27, 30, 31, 32, 33, 35, 
      36, 37, 38, 39, 42, 45 ], 
  [ 1, 3, 5, 8, 9, 11, 13, 16, 17, 19, 20, 22, 23, 25, 27, 29, 32, 33, 35, 
      36, 37, 38, 42, 43, 45 ], 
  [ 2, 3, 5, 8, 9, 11, 14, 16, 17, 19, 20, 22, 23, 26, 27, 29, 34, 36, 39, 
      40, 41, 42, 43, 44, 46 ], 
  [ 2, 3, 5, 8, 9, 11, 14, 15, 17, 19, 20, 22, 24, 26, 27, 29, 31, 34, 37, 
      39, 40, 42, 43, 44, 45 ], 
  [ 2, 4, 5, 8, 9, 11, 14, 16, 17, 19, 20, 22, 24, 26, 27, 29, 34, 36, 39, 
      40, 41, 42, 43, 44, 46 ], 
  [ 1, 3, 6, 8, 9, 11, 14, 16, 17, 19, 20, 21, 23, 25, 28, 30, 33, 34, 36, 
      37, 39, 40, 41, 42, 44 ], 
  [ 2, 3, 6, 8, 9, 11, 13, 16, 18, 19, 21, 23, 25, 28, 30, 32, 34, 35, 37, 
      39, 40, 41, 42, 44, 45 ], 
  [ 2, 3, 6, 8, 9, 11, 13, 16, 18, 19, 21, 23, 25, 28, 30, 32, 34, 35, 40, 
      41, 42, 43, 44, 45, 46 ], 
  [ 2, 3, 6, 8, 9, 11, 14, 16, 17, 19, 20, 21, 23, 26, 28, 30, 33, 35, 36, 
      37, 38, 39, 40, 42, 45 ], 
  [ 2, 3, 6, 8, 9, 11, 14, 16, 18, 19, 20, 21, 23, 25, 28, 30, 32, 34, 37, 
      39, 40, 41, 42, 44, 45 ], 
  [ 2, 3, 6, 8, 9, 11, 14, 16, 18, 19, 20, 21, 23, 25, 28, 30, 32, 34, 40, 
      41, 42, 43, 44, 45, 46 ], 
  [ 2, 3, 6, 8, 9, 11, 13, 16, 17, 19, 21, 22, 23, 26, 28, 29, 34, 35, 37, 
      39, 40, 42, 43, 44, 45 ], 
  [ 2, 3, 6, 8, 9, 11, 13, 16, 18, 19, 21, 22, 23, 25, 28, 29, 32, 33, 35, 
      36, 37, 38, 39, 41, 42 ], 
  [ 2, 3, 6, 8, 9, 11, 13, 16, 17, 19, 20, 21, 22, 23, 26, 28, 30, 32, 35, 
      36, 38, 42, 43, 45, 46 ], 
  [ 2, 3, 6, 8, 9, 11, 14, 15, 17, 19, 20, 21, 24, 26, 28, 30, 31, 34, 36, 
      39, 40, 41, 42, 44, 46 ], 
  [ 2, 3, 6, 8, 9, 11, 14, 15, 17, 19, 20, 21, 24, 26, 28, 30, 31, 35, 36, 
      38, 40, 42, 43, 45, 46 ], 
  [ 2, 3, 6, 8, 9, 11, 13, 15, 18, 19, 21, 22, 24, 25, 28, 29, 31, 32, 35, 
      36, 38, 41, 42, 43, 46 ], 
  [ 2, 3, 6, 8, 9, 11, 13, 15, 17, 19, 20, 21, 22, 24, 26, 28, 30, 31, 32, 
      34, 37, 39, 42, 44, 45 ], 
  [ 2, 4, 6, 8, 9, 11, 13, 16, 17, 19, 22, 24, 26, 28, 29, 34, 35, 36, 39, 
      40, 41, 42, 43, 44, 46 ], 
  [ 2, 4, 6, 8, 9, 11, 13, 16, 17, 19, 20, 22, 24, 26, 28, 30, 32, 33, 35, 
      36, 37, 38, 39, 42, 45 ], 
  [ 1, 3, 5, 6, 8, 9, 11, 14, 16, 17, 19, 20, 21, 23, 25, 28, 29, 34, 36, 
      40, 41, 42, 43, 44, 46 ], 
  [ 2, 3, 5, 6, 8, 9, 11, 14, 16, 18, 19, 20, 21, 22, 23, 25, 28, 29, 32, 
      34, 41, 42, 43, 44, 46 ], 
  [ 2, 3, 5, 6, 8, 9, 11, 14, 16, 18, 19, 20, 21, 22, 23, 25, 28, 29, 32, 
      36, 38, 41, 42, 43, 46 ], 
  [ 2, 4, 5, 6, 8, 9, 11, 14, 16, 17, 19, 20, 22, 24, 26, 28, 29, 34, 37, 
      39, 40, 42, 43, 44, 45 ], 
  [ 1, 3, 5, 7, 8, 11, 14, 16, 18, 19, 20, 23, 25, 27, 30, 32, 33, 35, 36, 
      38, 40, 41, 42, 43, 45, 46 ], 
  [ 1, 3, 5, 7, 8, 11, 13, 16, 17, 19, 22, 23, 26, 27, 29, 33, 34, 35, 36, 
      39, 40, 41, 42, 43, 44, 46 ], 
  [ 1, 3, 5, 7, 8, 11, 14, 15, 18, 19, 20, 24, 25, 27, 30, 31, 32, 33, 34, 
      37, 39, 40, 41, 42, 44, 45 ], 
  [ 2, 3, 5, 7, 8, 11, 14, 16, 18, 19, 20, 22, 23, 26, 27, 30, 32, 34, 39, 
      40, 41, 42, 43, 44, 45, 46 ], 
  [ 1, 4, 5, 7, 8, 11, 14, 16, 18, 19, 20, 24, 25, 27, 30, 32, 33, 35, 36, 
      38, 40, 41, 42, 43, 45, 46 ], 
  [ 1, 3, 6, 7, 8, 11, 13, 16, 18, 19, 21, 23, 25, 28, 30, 32, 33, 34, 35, 
      37, 39, 40, 41, 42, 44, 45 ], 
  [ 1, 3, 6, 7, 8, 11, 13, 15, 18, 19, 21, 24, 25, 28, 30, 31, 32, 34, 35, 
      40, 41, 42, 43, 44, 45, 46 ], 
  [ 1, 3, 5, 6, 7, 8, 11, 14, 16, 17, 19, 20, 21, 23, 26, 28, 30, 33, 34, 
      36, 39, 40, 41, 42, 44, 46 ], 
  [ 1, 3, 5, 6, 7, 8, 11, 14, 16, 17, 19, 20, 21, 23, 26, 28, 30, 33, 35, 
      36, 38, 40, 42, 43, 45, 46 ], 
  [ 1, 3, 5, 6, 7, 8, 11, 14, 16, 18, 19, 20, 21, 23, 25, 28, 30, 32, 34, 
      40, 41, 42, 43, 44, 45, 46 ], 
  [ 1, 3, 5, 6, 7, 8, 11, 13, 16, 18, 19, 21, 22, 23, 25, 28, 29, 32, 33, 
      35, 36, 38, 41, 42, 43, 46 ], 
  [ 1, 3, 5, 6, 7, 8, 11, 13, 16, 17, 19, 20, 21, 22, 23, 26, 28, 30, 32, 
      33, 34, 37, 39, 42, 44, 45 ], 
  [ 1, 3, 5, 6, 7, 8, 11, 14, 15, 18, 19, 21, 24, 25, 28, 29, 31, 33, 35, 
      36, 38, 40, 41, 42, 43, 46 ], 
  [ 1, 3, 5, 6, 7, 8, 11, 14, 15, 17, 19, 20, 21, 24, 26, 28, 30, 31, 33, 
      34, 37, 39, 40, 42, 44, 45 ], 
  [ 1, 3, 5, 6, 7, 8, 11, 13, 15, 18, 19, 21, 22, 24, 25, 28, 29, 31, 32, 
      33, 35, 37, 38, 42, 43, 45 ], 
  [ 2, 3, 5, 6, 7, 8, 11, 14, 16, 18, 19, 21, 22, 23, 26, 28, 29, 33, 35, 
      37, 38, 39, 40, 42, 43, 45 ], 
  [ 1, 4, 5, 6, 7, 8, 11, 14, 16, 18, 19, 20, 24, 25, 28, 30, 32, 33, 34, 
      37, 39, 40, 41, 42, 44, 45 ], 
  [ 1, 3, 8, 9, 11, 13, 16, 17, 19, 20, 23, 25, 27, 30, 32, 33, 34, 35, 36, 
      37, 39, 40, 41, 42, 44, 45 ], 
  [ 2, 3, 5, 8, 9, 11, 14, 16, 17, 19, 20, 22, 23, 26, 27, 29, 33, 35, 36, 
      37, 38, 39, 40, 42, 43, 45 ], 
  [ 2, 3, 5, 8, 9, 11, 14, 16, 18, 19, 20, 22, 23, 25, 27, 29, 32, 34, 37, 
      39, 40, 41, 42, 43, 44, 45 ], 
  [ 2, 3, 5, 8, 9, 11, 14, 15, 17, 19, 20, 22, 24, 26, 27, 29, 31, 34, 36, 
      39, 40, 41, 42, 43, 44, 46 ], 
  [ 2, 4, 5, 8, 9, 11, 14, 16, 17, 19, 20, 22, 24, 26, 27, 29, 33, 35, 36, 
      37, 38, 39, 40, 42, 43, 45 ], 
  [ 2, 3, 6, 8, 9, 11, 14, 16, 18, 19, 20, 21, 23, 25, 28, 30, 32, 35, 36, 
      38, 40, 41, 42, 43, 45, 46 ], 
  [ 2, 3, 6, 8, 9, 11, 13, 16, 17, 19, 21, 22, 23, 26, 28, 29, 34, 35, 36, 
      39, 40, 41, 42, 43, 44, 46 ], 
  [ 2, 3, 6, 8, 9, 11, 13, 16, 17, 19, 20, 21, 22, 23, 26, 28, 30, 32, 33, 
      35, 36, 37, 38, 39, 42, 45 ], 
  [ 2, 3, 6, 8, 9, 11, 14, 15, 17, 19, 20, 21, 24, 26, 28, 30, 31, 33, 35, 
      36, 37, 38, 39, 40, 42, 45 ], 
  [ 2, 3, 6, 8, 9, 11, 13, 15, 17, 19, 21, 22, 24, 26, 28, 29, 31, 34, 35, 
      37, 39, 40, 42, 43, 44, 45 ], 
  [ 2, 3, 6, 8, 9, 11, 13, 15, 17, 19, 20, 21, 22, 24, 26, 28, 30, 31, 32, 
      35, 36, 38, 42, 43, 45, 46 ], 
  [ 1, 3, 5, 6, 8, 9, 11, 14, 16, 17, 19, 20, 21, 23, 25, 28, 29, 33, 34, 
      36, 37, 39, 40, 41, 42, 44 ], 
  [ 1, 3, 5, 6, 8, 9, 11, 14, 16, 17, 19, 20, 21, 23, 25, 28, 29, 33, 35, 
      36, 37, 38, 40, 42, 43, 45 ], 
  [ 1, 3, 5, 6, 8, 9, 11, 13, 16, 17, 19, 20, 21, 22, 23, 25, 28, 29, 32, 
      34, 36, 41, 42, 43, 44, 46 ], 
  [ 1, 3, 5, 6, 8, 9, 11, 14, 15, 17, 19, 20, 21, 24, 25, 28, 29, 31, 34, 
      36, 40, 41, 42, 43, 44, 46 ], 
  [ 2, 3, 5, 6, 8, 9, 11, 14, 16, 17, 19, 20, 21, 22, 23, 26, 28, 29, 34, 
      37, 39, 40, 42, 43, 44, 45 ], 
  [ 2, 4, 5, 6, 8, 9, 11, 14, 16, 17, 19, 20, 22, 24, 26, 28, 29, 34, 36, 
      39, 40, 41, 42, 43, 44, 46 ], 
  [ 1, 3, 5, 7, 8, 11, 13, 16, 18, 19, 22, 23, 25, 27, 29, 32, 33, 34, 35, 
      37, 39, 40, 41, 42, 43, 44, 45 ], 
  [ 1, 3, 5, 7, 8, 11, 14, 15, 18, 19, 20, 24, 25, 27, 30, 31, 32, 33, 35, 
      36, 38, 40, 41, 42, 43, 45, 46 ], 
  [ 1, 4, 5, 7, 8, 11, 13, 16, 18, 19, 22, 24, 25, 27, 29, 32, 33, 34, 35, 
      37, 39, 40, 41, 42, 43, 44, 45 ], 
  [ 1, 3, 6, 7, 8, 11, 13, 15, 18, 19, 21, 24, 25, 28, 30, 31, 32, 33, 34, 
      35, 37, 39, 40, 41, 42, 44, 45 ], 
  [ 2, 3, 6, 7, 8, 11, 13, 16, 18, 19, 21, 22, 23, 26, 28, 30, 32, 34, 35, 
      39, 40, 41, 42, 43, 44, 45, 46 ], 
  [ 1, 3, 5, 6, 7, 8, 11, 14, 16, 18, 19, 20, 21, 23, 25, 28, 30, 32, 33, 
      34, 37, 39, 40, 41, 42, 44, 45 ], 
  [ 1, 3, 5, 6, 7, 8, 11, 13, 16, 17, 19, 21, 22, 23, 26, 28, 29, 33, 34, 
      35, 37, 39, 40, 42, 43, 44, 45 ], 
  [ 1, 3, 5, 6, 7, 8, 11, 13, 16, 17, 19, 20, 21, 22, 23, 26, 28, 30, 32, 
      33, 35, 36, 38, 42, 43, 45, 46 ], 
  [ 1, 3, 5, 6, 7, 8, 11, 14, 15, 18, 19, 20, 21, 24, 25, 28, 30, 31, 32, 
      34, 40, 41, 42, 43, 44, 45, 46 ], 
  [ 1, 3, 5, 6, 7, 8, 11, 13, 15, 18, 19, 21, 22, 24, 25, 28, 29, 31, 32, 
      33, 35, 36, 38, 41, 42, 43, 46 ], 
  [ 2, 3, 5, 6, 7, 8, 11, 14, 16, 18, 19, 21, 22, 23, 26, 28, 29, 33, 35, 
      36, 38, 39, 40, 41, 42, 43, 46 ], 
  [ 1, 4, 5, 6, 7, 8, 11, 14, 16, 18, 19, 20, 24, 25, 28, 30, 32, 33, 35, 
      36, 38, 40, 41, 42, 43, 45, 46 ], 
  [ 2, 3, 8, 9, 11, 13, 16, 17, 19, 20, 22, 23, 26, 27, 30, 32, 34, 35, 36, 
      39, 40, 41, 42, 43, 44, 45, 46 ], 
  [ 2, 4, 8, 9, 11, 13, 16, 17, 19, 20, 22, 24, 26, 27, 30, 32, 34, 35, 36, 
      39, 40, 41, 42, 43, 44, 45, 46 ], 
  [ 2, 3, 5, 8, 9, 11, 14, 15, 17, 19, 20, 22, 24, 26, 27, 29, 31, 33, 35, 
      36, 37, 38, 39, 40, 42, 43, 45 ], 
  [ 1, 3, 6, 8, 9, 11, 13, 16, 17, 19, 20, 21, 23, 25, 28, 30, 32, 34, 35, 
      36, 40, 41, 42, 43, 44, 45, 46 ], 
  [ 2, 3, 6, 8, 9, 11, 14, 16, 18, 19, 20, 21, 23, 25, 28, 30, 32, 33, 35, 
      36, 37, 38, 39, 40, 41, 42, 45 ], 
  [ 2, 3, 6, 8, 9, 11, 13, 16, 18, 19, 21, 22, 23, 25, 28, 29, 32, 34, 35, 
      37, 39, 40, 41, 42, 43, 44, 45 ], 
  [ 2, 3, 6, 8, 9, 11, 13, 15, 17, 19, 21, 22, 24, 26, 28, 29, 31, 34, 35, 
      36, 39, 40, 41, 42, 43, 44, 46 ], 
  [ 2, 3, 6, 8, 9, 11, 13, 15, 17, 19, 20, 21, 22, 24, 26, 28, 30, 31, 32, 
      33, 35, 36, 37, 38, 39, 42, 45 ], 
  [ 1, 3, 5, 6, 8, 9, 11, 13, 16, 17, 19, 20, 21, 22, 23, 25, 28, 29, 32, 
      33, 35, 36, 37, 38, 42, 43, 45 ], 
  [ 2, 3, 5, 6, 8, 9, 11, 14, 16, 17, 19, 20, 21, 22, 23, 26, 28, 29, 34, 
      36, 39, 40, 41, 42, 43, 44, 46 ], 
  [ 2, 3, 5, 6, 8, 9, 11, 14, 15, 17, 19, 20, 21, 22, 24, 26, 28, 29, 31, 
      34, 37, 39, 40, 42, 43, 44, 45 ], 
  [ 2, 4, 5, 6, 8, 9, 11, 14, 16, 17, 19, 20, 22, 24, 26, 28, 29, 33, 35, 
      36, 37, 38, 39, 40, 42, 43, 45 ], 
  [ 1, 3, 5, 7, 8, 11, 13, 15, 18, 19, 22, 24, 25, 27, 29, 31, 32, 33, 34, 
      35, 37, 39, 40, 41, 42, 43, 44, 45 ], 
  [ 2, 3, 5, 7, 8, 11, 14, 16, 18, 19, 20, 22, 23, 26, 27, 30, 32, 33, 35, 
      36, 38, 39, 40, 41, 42, 43, 45, 46 ], 
  [ 1, 3, 5, 6, 7, 8, 11, 14, 16, 18, 19, 20, 21, 23, 25, 28, 30, 32, 33, 
      35, 36, 38, 40, 41, 42, 43, 45, 46 ], 
  [ 1, 3, 5, 6, 7, 8, 11, 13, 16, 17, 19, 21, 22, 23, 26, 28, 29, 33, 34, 
      35, 36, 39, 40, 41, 42, 43, 44, 46 ], 
  [ 1, 3, 5, 6, 7, 8, 11, 14, 15, 18, 19, 20, 21, 24, 25, 28, 30, 31, 32, 
      33, 34, 37, 39, 40, 41, 42, 44, 45 ], 
  [ 2, 3, 5, 6, 7, 8, 11, 14, 16, 18, 19, 20, 21, 22, 23, 26, 28, 30, 32, 
      34, 39, 40, 41, 42, 43, 44, 45, 46 ], 
  [ 1, 4, 5, 6, 7, 8, 11, 13, 16, 18, 19, 22, 24, 25, 28, 29, 32, 33, 34, 
      35, 37, 39, 40, 41, 42, 43, 44, 45 ], 
  [ 2, 3, 8, 9, 11, 13, 15, 17, 19, 20, 22, 24, 26, 27, 30, 31, 32, 34, 35, 
      36, 39, 40, 41, 42, 43, 44, 45, 46 ], 
  [ 2, 3, 5, 8, 9, 11, 14, 16, 18, 19, 20, 22, 23, 25, 27, 29, 32, 33, 35, 
      36, 37, 38, 39, 40, 41, 42, 43, 45 ], 
  [ 1, 3, 6, 8, 9, 11, 13, 16, 17, 19, 20, 21, 23, 25, 28, 30, 32, 33, 34, 
      35, 36, 37, 39, 40, 41, 42, 44, 45 ], 
  [ 2, 4, 6, 8, 9, 11, 13, 16, 17, 19, 20, 22, 24, 26, 28, 30, 32, 34, 35, 
      36, 39, 40, 41, 42, 43, 44, 45, 46 ], 
  [ 2, 3, 5, 6, 8, 9, 11, 14, 16, 17, 19, 20, 21, 22, 23, 26, 28, 29, 33, 
      35, 36, 37, 38, 39, 40, 42, 43, 45 ], 
  [ 2, 3, 5, 6, 8, 9, 11, 14, 16, 18, 19, 20, 21, 22, 23, 25, 28, 29, 32, 
      34, 37, 39, 40, 41, 42, 43, 44, 45 ], 
  [ 2, 3, 5, 6, 8, 9, 11, 14, 15, 17, 19, 20, 21, 22, 24, 26, 28, 29, 31, 
      34, 36, 39, 40, 41, 42, 43, 44, 46 ], 
  [ 1, 3, 5, 7, 8, 11, 13, 16, 17, 19, 20, 22, 23, 26, 27, 30, 32, 33, 34, 
      35, 36, 39, 40, 41, 42, 43, 44, 45, 46 ], 
  [ 1, 3, 5, 6, 7, 8, 11, 13, 16, 18, 19, 21, 22, 23, 25, 28, 29, 32, 33, 
      34, 35, 37, 39, 40, 41, 42, 43, 44, 45 ], 
  [ 1, 3, 5, 6, 7, 8, 11, 14, 15, 18, 19, 20, 21, 24, 25, 28, 30, 31, 32, 
      33, 35, 36, 38, 40, 41, 42, 43, 45, 46 ], 
  [ 1, 3, 5, 8, 9, 11, 13, 16, 17, 19, 20, 22, 23, 25, 27, 29, 32, 33, 34, 
      35, 36, 37, 39, 40, 41, 42, 43, 44, 45 ], 
  [ 2, 3, 6, 8, 9, 11, 13, 16, 17, 19, 20, 21, 22, 23, 26, 28, 30, 32, 34, 
      35, 36, 39, 40, 41, 42, 43, 44, 45, 46 ], 
  [ 2, 3, 5, 6, 8, 9, 11, 14, 15, 17, 19, 20, 21, 22, 24, 26, 28, 29, 31, 
      33, 35, 36, 37, 38, 39, 40, 42, 43, 45 ], 
  [ 2, 4, 6, 7, 8, 9, 10, 11, 13, 16, 18, 19, 22, 23, 24, 25, 26, 27, 28, 
      29, 30, 32, 35, 37, 38, 42, 43, 45, 46 ], 
  [ 1, 3, 5, 6, 7, 8, 11, 13, 15, 18, 19, 21, 22, 24, 25, 28, 29, 31, 32, 
      33, 34, 35, 37, 39, 40, 41, 42, 43, 44, 45 ], 
  [ 2, 3, 5, 6, 7, 8, 11, 14, 16, 18, 19, 20, 21, 22, 23, 26, 28, 30, 32, 
      33, 35, 36, 38, 39, 40, 41, 42, 43, 45, 46 ], 
  [ 2, 3, 6, 8, 9, 11, 13, 15, 17, 19, 20, 21, 22, 24, 26, 28, 30, 31, 32, 
      34, 35, 36, 39, 40, 41, 42, 43, 44, 45, 46 ], 
  [ 2, 3, 5, 6, 8, 9, 11, 14, 16, 18, 19, 20, 21, 22, 23, 25, 28, 29, 32, 
      33, 35, 36, 37, 38, 39, 40, 41, 42, 43, 45 ], 
  [ 1, 4, 5, 6, 7, 8, 9, 10, 11, 14, 16, 17, 19, 20, 23, 24, 25, 26, 27, 28, 
      29, 30, 34, 37, 40, 42, 43, 44, 45, 46 ], 
  [ 1, 2, 3, 4, 7, 8, 11, 12, 13, 14, 15, 16, 17, 18, 19, 24, 26, 27, 30, 
      31, 33, 34, 35, 37, 38, 39, 40, 42, 44, 45 ], 
  [ 1, 2, 3, 4, 8, 9, 11, 12, 13, 14, 15, 16, 17, 18, 19, 24, 25, 27, 29, 
      31, 34, 35, 36, 38, 40, 41, 42, 43, 44, 46 ], 
  [ 1, 3, 5, 6, 7, 8, 11, 13, 16, 17, 19, 20, 21, 22, 23, 26, 28, 30, 32, 
      33, 34, 35, 36, 39, 40, 41, 42, 43, 44, 45, 46 ], 
  [ 1, 3, 5, 6, 8, 9, 11, 13, 16, 17, 19, 20, 21, 22, 23, 25, 28, 29, 32, 
      33, 34, 35, 36, 37, 39, 40, 41, 42, 43, 44, 45 ], 
  [ 2, 3, 6, 7, 8, 9, 10, 11, 13, 15, 18, 19, 21, 22, 23, 24, 25, 26, 27, 
      28, 29, 30, 31, 32, 35, 37, 38, 42, 43, 45, 46 ], 
  [ 2, 4, 6, 7, 8, 9, 10, 11, 13, 16, 18, 19, 22, 23, 24, 25, 26, 27, 28, 
      29, 30, 32, 33, 35, 36, 37, 38, 39, 41, 42, 46 ], 
  [ 1, 3, 5, 6, 7, 8, 9, 10, 11, 14, 15, 17, 19, 20, 21, 23, 24, 25, 26, 27, 
      28, 29, 30, 31, 34, 37, 40, 42, 43, 44, 45, 46 ], 
  [ 1, 4, 5, 6, 7, 8, 9, 10, 11, 14, 16, 17, 19, 20, 23, 24, 25, 26, 27, 28, 
      29, 30, 33, 34, 36, 37, 39, 40, 41, 42, 44, 46 ], 
  [ 1, 4, 5, 6, 7, 8, 9, 10, 11, 14, 16, 17, 19, 20, 23, 24, 25, 26, 27, 28, 
      29, 30, 33, 35, 36, 37, 38, 40, 42, 43, 45, 46 ], 
  [ 1, 2, 3, 4, 5, 7, 8, 11, 12, 13, 14, 15, 16, 17, 18, 19, 20, 22, 24, 26, 
      27, 30, 31, 32, 33, 34, 37, 38, 39, 42, 44, 45 ], 
  [ 1, 2, 3, 4, 6, 7, 8, 11, 12, 13, 14, 15, 16, 17, 18, 19, 21, 24, 26, 28, 
      30, 31, 33, 34, 35, 37, 38, 39, 40, 42, 44, 45 ], 
  [ 1, 2, 3, 4, 5, 8, 9, 11, 12, 13, 14, 15, 16, 17, 18, 19, 20, 22, 24, 25, 
      27, 29, 31, 32, 34, 36, 38, 41, 42, 43, 44, 46 ], 
  [ 1, 2, 3, 4, 6, 8, 9, 11, 12, 13, 14, 15, 16, 17, 18, 19, 21, 24, 25, 28, 
      29, 31, 34, 35, 36, 38, 40, 41, 42, 43, 44, 46 ], 
  [ 2, 3, 6, 7, 8, 9, 10, 11, 13, 15, 18, 19, 21, 22, 23, 24, 25, 26, 27, 
      28, 29, 30, 31, 32, 33, 35, 36, 37, 38, 39, 41, 42, 46 ], 
  [ 2, 4, 6, 7, 8, 9, 10, 11, 13, 16, 18, 19, 22, 23, 24, 25, 26, 27, 28, 
      29, 30, 32, 34, 35, 37, 39, 40, 41, 42, 43, 44, 45, 46 ], 
  [ 1, 4, 5, 6, 7, 8, 9, 10, 11, 13, 16, 17, 19, 20, 22, 23, 24, 25, 26, 27, 
      28, 29, 30, 32, 33, 35, 36, 37, 38, 42, 43, 45, 46 ], 
  [ 1, 2, 3, 4, 5, 7, 8, 11, 12, 13, 14, 15, 16, 17, 18, 19, 22, 24, 26, 27, 
      29, 31, 33, 34, 35, 37, 38, 39, 40, 42, 43, 44, 45 ], 
  [ 1, 2, 3, 4, 8, 9, 11, 12, 13, 14, 15, 16, 17, 18, 19, 20, 24, 25, 27, 
      30, 31, 32, 34, 35, 36, 38, 40, 41, 42, 43, 44, 45, 46 ], 
  [ 1, 3, 5, 6, 7, 8, 9, 10, 11, 14, 15, 17, 19, 20, 21, 23, 24, 25, 26, 27, 
      28, 29, 30, 31, 33, 34, 36, 37, 39, 40, 41, 42, 44, 46 ], 
  [ 1, 3, 5, 6, 7, 8, 9, 10, 11, 14, 15, 17, 19, 20, 21, 23, 24, 25, 26, 27, 
      28, 29, 30, 31, 33, 35, 36, 37, 38, 40, 42, 43, 45, 46 ], 
  [ 2, 4, 5, 6, 7, 8, 9, 10, 11, 14, 16, 18, 19, 20, 22, 23, 24, 25, 26, 27, 
      28, 29, 30, 32, 34, 37, 39, 40, 41, 42, 43, 44, 45, 46 ], 
  [ 1, 2, 3, 4, 5, 7, 8, 11, 12, 13, 14, 15, 16, 17, 18, 19, 22, 24, 26, 27, 
      29, 31, 33, 34, 35, 36, 38, 39, 40, 41, 42, 43, 44, 46 ], 
  [ 1, 2, 3, 4, 5, 6, 7, 8, 11, 12, 13, 14, 15, 16, 17, 18, 19, 20, 21, 22, 
      24, 26, 28, 30, 31, 32, 33, 34, 37, 38, 39, 42, 44, 45 ], 
  [ 1, 2, 3, 4, 8, 9, 11, 12, 13, 14, 15, 16, 17, 18, 19, 20, 24, 25, 27, 
      30, 31, 32, 33, 34, 35, 36, 37, 38, 39, 40, 41, 42, 44, 45 ], 
  [ 1, 2, 3, 4, 5, 6, 8, 9, 11, 12, 13, 14, 15, 16, 17, 18, 19, 20, 21, 22, 
      24, 25, 28, 29, 31, 32, 34, 36, 38, 41, 42, 43, 44, 46 ], 
  [ 2, 3, 6, 7, 8, 9, 10, 11, 13, 15, 18, 19, 21, 22, 23, 24, 25, 26, 27, 
      28, 29, 30, 31, 32, 34, 35, 37, 39, 40, 41, 42, 43, 44, 45, 46 ], 
  [ 1, 3, 5, 6, 7, 8, 9, 10, 11, 13, 15, 17, 19, 20, 21, 22, 23, 24, 25, 26, 
      27, 28, 29, 30, 31, 32, 33, 35, 36, 37, 38, 42, 43, 45, 46 ], 
  [ 1, 2, 3, 4, 5, 6, 7, 8, 11, 12, 13, 14, 15, 16, 17, 18, 19, 21, 22, 24, 
      26, 28, 29, 31, 33, 34, 35, 37, 38, 39, 40, 42, 43, 44, 45 ], 
  [ 1, 2, 3, 4, 6, 8, 9, 11, 12, 13, 14, 15, 16, 17, 18, 19, 20, 21, 24, 25, 
      28, 30, 31, 32, 34, 35, 36, 38, 40, 41, 42, 43, 44, 45, 46 ], 
  [ 2, 3, 5, 6, 7, 8, 9, 10, 11, 14, 15, 18, 19, 20, 21, 22, 23, 24, 25, 26, 
      27, 28, 29, 30, 31, 32, 34, 37, 39, 40, 41, 42, 43, 44, 45, 46 ], 
  [ 2, 4, 5, 6, 7, 8, 9, 10, 11, 14, 16, 18, 19, 20, 22, 23, 24, 25, 26, 27, 
      28, 29, 30, 32, 33, 35, 36, 37, 38, 39, 40, 41, 42, 43, 45, 46 ], 
  [ 1, 2, 3, 4, 5, 6, 7, 8, 11, 12, 13, 14, 15, 16, 17, 18, 19, 21, 22, 24, 
      26, 28, 29, 31, 33, 34, 35, 36, 38, 39, 40, 41, 42, 43, 44, 46 ], 
  [ 1, 2, 3, 4, 6, 8, 9, 11, 12, 13, 14, 15, 16, 17, 18, 19, 20, 21, 24, 25, 
      28, 30, 31, 32, 33, 34, 35, 36, 37, 38, 39, 40, 41, 42, 44, 45 ], 
  [ 1, 4, 5, 6, 7, 8, 9, 10, 11, 13, 16, 17, 19, 20, 22, 23, 24, 25, 26, 27, 
      28, 29, 30, 32, 33, 34, 35, 36, 37, 39, 40, 41, 42, 43, 44, 45, 46 ], 
  [ 1, 2, 3, 4, 5, 7, 8, 11, 12, 13, 14, 15, 16, 17, 18, 19, 20, 22, 24, 26, 
      27, 30, 31, 32, 33, 34, 35, 36, 38, 39, 40, 41, 42, 43, 44, 45, 46 ], 
  [ 1, 2, 3, 4, 5, 8, 9, 11, 12, 13, 14, 15, 16, 17, 18, 19, 20, 22, 24, 25, 
      27, 29, 31, 32, 33, 34, 35, 36, 37, 38, 39, 40, 41, 42, 43, 44, 45 ], 
  [ 2, 3, 5, 6, 7, 8, 9, 10, 11, 14, 15, 18, 19, 20, 21, 22, 23, 24, 25, 26, 
      27, 28, 29, 30, 31, 32, 33, 35, 36, 37, 38, 39, 40, 41, 42, 43, 45, 46 
     ], [ 1, 2, 3, 4, 6, 7, 8, 9, 10, 11, 12, 13, 14, 15, 16, 17, 18, 19, 
      21, 23, 24, 25, 26, 27, 28, 29, 30, 31, 34, 35, 37, 38, 40, 42, 43, 
      44, 45, 46 ], 
  [ 1, 3, 5, 6, 7, 8, 9, 10, 11, 13, 15, 17, 19, 20, 21, 22, 23, 24, 25, 26, 
      27, 28, 29, 30, 31, 32, 33, 34, 35, 36, 37, 39, 40, 41, 42, 43, 44, 
      45, 46 ], 
  [ 1, 2, 3, 4, 5, 6, 7, 8, 11, 12, 13, 14, 15, 16, 17, 18, 19, 20, 21, 22, 
      24, 26, 28, 30, 31, 32, 33, 34, 35, 36, 38, 39, 40, 41, 42, 43, 44, 
      45, 46 ], 
  [ 1, 2, 3, 4, 5, 6, 8, 9, 11, 12, 13, 14, 15, 16, 17, 18, 19, 20, 21, 22, 
      24, 25, 28, 29, 31, 32, 33, 34, 35, 36, 37, 38, 39, 40, 41, 42, 43, 
      44, 45 ], 
  [ 1, 2, 3, 4, 6, 7, 8, 9, 10, 11, 12, 13, 14, 15, 16, 17, 18, 19, 21, 23, 
      24, 25, 26, 27, 28, 29, 30, 31, 33, 34, 35, 36, 37, 38, 39, 40, 41, 
      42, 44, 46 ], 
  [ 1, 2, 3, 4, 5, 6, 7, 8, 9, 10, 11, 12, 13, 14, 15, 16, 17, 18, 19, 20, 
      21, 22, 23, 24, 25, 26, 27, 28, 29, 30, 31, 32, 34, 37, 38, 42, 43, 
      44, 45, 46 ], 
  [ 1, 2, 3, 4, 5, 7, 8, 9, 10, 11, 12, 13, 14, 15, 16, 17, 18, 20, 22, 23, 
      24, 25, 26, 27, 28, 29, 30, 32, 33, 34, 35, 36, 37, 38, 39, 40, 41, 
      42, 43, 44, 45, 46 ], 
  [ 1, 2, 3, 4, 5, 6, 7, 8, 9, 10, 11, 12, 13, 14, 15, 16, 17, 18, 19, 20, 
      21, 22, 23, 24, 25, 26, 27, 28, 29, 30, 31, 32, 33, 34, 36, 37, 38, 
      39, 41, 42, 44, 46 ], 
  [ 1, 2, 3, 4, 5, 6, 7, 8, 9, 10, 11, 12, 13, 14, 15, 16, 17, 18, 19, 20, 
      21, 22, 23, 24, 25, 26, 27, 28, 29, 30, 31, 32, 33, 34, 35, 36, 37, 
      38, 39, 40, 41, 43, 45, 46 ] ];
