return 
[ [ 2, 4, 5, 6, 7, 8, 9, 10, 11, 12, 13, 14, 15, 16, 17, 18, 19, 20, 21, 22, 
      23, 24, 25, 26, 27, 28, 29, 30, 31, 32, 33, 34, 35, 36, 37, 38, 39, 
      40, 41 ], 
  [ 1, 2, 3, 4, 5, 7, 8, 9, 10, 11, 12, 13, 14, 15, 16, 17, 18, 19, 20, 21, 
      22, 23, 24, 25, 26, 27, 29, 30, 31, 32, 33, 34, 35, 36, 37, 39, 40, 41 
     ], [ 1, 2, 3, 6, 7, 8, 12, 13, 15, 16, 18, 20, 21, 22, 24, 25, 27, 28, 
      29, 31, 34, 35, 38, 41 ], 
  [ 1, 2, 3, 4, 5, 7, 8, 9, 10, 11, 12, 13, 14, 15, 17, 19, 21, 23, 24, 25, 
      26, 27, 28, 29, 30, 32, 33, 34, 35, 36, 37, 38, 39, 40, 41 ], 
  [ 1, 2, 3, 7, 13, 15, 18, 21, 24, 25, 27, 28, 29, 32, 34, 35, 38, 41 ], 
  [ 1, 2, 7, 8, 13, 15, 18, 21, 24, 25, 27, 28, 29, 32, 34, 35, 38, 41 ], 
  [ 1, 2, 3, 7, 15, 18, 20, 21, 24, 25, 27, 28, 29, 30, 32, 34, 35, 38, 41 ],
  [ 1, 2, 7, 8, 15, 18, 20, 21, 24, 25, 27, 28, 29, 30, 32, 34, 35, 38, 41 ],
  [ 1, 2, 3, 7, 8, 12, 15, 20, 21, 24, 25, 27, 28, 29, 30, 34, 35, 38, 41 ], 
  [ 1, 2, 3, 7, 10, 13, 14, 15, 16, 17, 18, 20, 21, 24, 25, 27, 28, 29, 30, 
      32, 33, 35, 38, 41 ], 
  [ 1, 2, 7, 8, 13, 14, 15, 16, 17, 18, 20, 21, 24, 25, 27, 28, 29, 30, 32, 
      33, 35, 38, 41 ], 
  [ 1, 2, 3, 7, 8, 12, 13, 15, 18, 21, 22, 24, 25, 27, 28, 29, 32, 34, 35, 
      36, 38 ], 
  [ 1, 2, 3, 7, 8, 12, 13, 15, 16, 20, 21, 24, 25, 27, 28, 29, 30, 33, 35, 
      38, 41 ], 
  [ 1, 2, 3, 4, 7, 8, 11, 12, 15, 18, 19, 20, 21, 22, 24, 25, 27, 28, 29, 
      30, 32, 34, 35, 36, 38 ], 
  [ 1, 2, 3, 5, 6, 7, 10, 13, 14, 15, 16, 17, 18, 20, 21, 24, 25, 27, 28, 
      29, 31, 32, 34, 36, 38, 39, 40, 41 ], 
  [ 1, 2, 5, 6, 7, 8, 13, 14, 15, 16, 17, 18, 20, 21, 24, 25, 27, 28, 29, 
      31, 32, 34, 36, 38, 39, 40, 41 ], 
  [ 1, 2, 3, 4, 7, 8, 9, 10, 11, 12, 13, 14, 15, 16, 17, 18, 19, 20, 21, 22, 
      23, 24, 25, 26, 27, 28, 29, 30, 32, 33, 35, 36, 38 ], 
  [ 1, 2, 3, 5, 6, 7, 8, 12, 13, 15, 18, 21, 22, 24, 25, 27, 28, 31, 33, 34, 
      35, 37, 38, 39, 41 ], 
  [ 1, 2, 3, 5, 6, 7, 8, 12, 13, 15, 16, 20, 21, 24, 25, 27, 28, 29, 31, 34, 
      36, 38, 39, 40, 41 ], 
  [ 1, 2, 3, 4, 5, 6, 7, 8, 11, 12, 15, 18, 19, 20, 21, 22, 24, 25, 27, 28, 
      30, 31, 33, 34, 35, 37, 38, 39, 41 ], 
  [ 1, 2, 3, 5, 6, 7, 10, 13, 14, 15, 16, 17, 18, 19, 20, 21, 22, 23, 25, 
      27, 28, 29, 30, 31, 32, 33, 34, 35, 37, 38, 39, 40, 41 ], 
  [ 1, 2, 5, 6, 7, 8, 13, 14, 15, 16, 17, 18, 19, 20, 21, 22, 23, 25, 27, 
      28, 29, 30, 31, 32, 33, 34, 35, 37, 38, 39, 40, 41 ], 
  [ 1, 2, 3, 5, 6, 7, 8, 12, 13, 15, 16, 17, 18, 21, 22, 24, 26, 27, 28, 29, 
      31, 32, 34, 35, 36, 37, 38, 39, 40, 41 ], 
  [ 1, 2, 3, 5, 6, 7, 8, 12, 13, 15, 16, 19, 20, 21, 22, 23, 25, 27, 28, 29, 
      30, 31, 33, 34, 35, 37, 38, 39, 40, 41 ], 
  [ 1, 2, 3, 4, 5, 6, 7, 8, 11, 12, 15, 16, 17, 18, 19, 20, 21, 22, 24, 26, 
      27, 28, 29, 30, 31, 32, 34, 35, 36, 37, 38, 39, 40, 41 ], 
  [ 2, 3, 6, 7, 10, 12, 13, 15, 16, 18, 20, 21, 22, 24, 25, 27, 28, 29, 31, 
      34, 35, 38, 41 ], 
  [ 1, 2, 3, 6, 7, 8, 12, 13, 15, 16, 18, 20, 21, 22, 24, 25, 27, 28, 29, 
      31, 34, 36, 38 ], 
  [ 1, 2, 3, 6, 7, 8, 12, 13, 15, 16, 18, 20, 21, 22, 24, 25, 27, 28, 31, 
      33, 35, 38, 41 ], 
  [ 1, 2, 3, 6, 7, 8, 12, 13, 16, 18, 20, 21, 22, 24, 25, 27, 28, 29, 31, 
      32, 34, 35, 36, 38, 40, 41 ], 
  [ 1, 2, 3, 4, 6, 8, 9, 12, 13, 15, 16, 18, 20, 21, 22, 24, 25, 27, 28, 29, 
      31, 34, 35, 38, 41 ], 
  [ 1, 2, 3, 6, 7, 8, 12, 13, 15, 16, 18, 20, 22, 24, 25, 27, 28, 29, 30, 
      31, 33, 34, 35, 37, 38, 41 ], 
  [ 1, 2, 3, 7, 10, 13, 14, 15, 18, 24, 25, 27, 28, 29, 30, 32, 33, 34, 35, 
      37, 38, 41 ], 
  [ 1, 2, 3, 4, 9, 13, 15, 18, 21, 24, 25, 27, 28, 29, 32, 34, 35, 38, 41 ], 
  [ 2, 3, 7, 10, 13, 15, 18, 21, 24, 25, 27, 28, 29, 32, 34, 35, 38, 41 ], 
  [ 1, 2, 3, 5, 7, 10, 13, 14, 15, 17, 18, 21, 24, 25, 27, 28, 32, 33, 34, 
      35, 37, 38, 39, 41 ], 
  [ 1, 2, 7, 8, 13, 14, 15, 18, 24, 25, 27, 28, 29, 30, 32, 33, 34, 35, 37, 
      38, 41 ], 
  [ 1, 2, 4, 8, 9, 13, 15, 18, 21, 24, 25, 27, 28, 29, 32, 34, 35, 38, 41 ], 
  [ 1, 2, 5, 7, 8, 13, 14, 15, 17, 18, 21, 24, 25, 27, 28, 32, 33, 34, 35, 
      37, 38, 39, 41 ], 
  [ 2, 3, 5, 6, 7, 10, 12, 13, 15, 16, 17, 18, 21, 22, 24, 26, 27, 28, 29, 
      31, 32, 34, 35, 36, 37, 38, 39, 40, 41 ], 
  [ 2, 3, 6, 7, 10, 12, 13, 16, 18, 20, 21, 22, 24, 25, 27, 28, 29, 31, 32, 
      34, 35, 36, 38, 40, 41 ], 
  [ 2, 3, 7, 10, 15, 18, 20, 21, 24, 25, 27, 28, 29, 30, 32, 34, 35, 38, 41 ]
    , [ 2, 3, 7, 10, 12, 13, 15, 18, 21, 22, 24, 25, 27, 28, 29, 32, 34, 35, 
      36, 38 ], 
  [ 1, 2, 3, 4, 5, 7, 10, 11, 14, 15, 17, 18, 19, 21, 24, 25, 27, 28, 30, 
      32, 33, 34, 35, 37, 38, 39, 41 ], 
  [ 1, 2, 3, 4, 7, 8, 11, 12, 20, 21, 24, 25, 27, 28, 29, 30, 32, 34, 35, 
      36, 38, 40, 41 ], 
  [ 1, 2, 3, 4, 15, 18, 20, 21, 24, 25, 27, 28, 29, 30, 32, 34, 35, 38, 41 ],
  [ 1, 2, 3, 4, 5, 7, 8, 11, 12, 15, 19, 20, 21, 24, 25, 27, 28, 29, 30, 34, 
      36, 38, 39, 40, 41 ], 
  [ 1, 2, 3, 4, 5, 6, 8, 9, 12, 13, 15, 16, 17, 18, 21, 22, 24, 26, 27, 28, 
      29, 31, 32, 34, 35, 36, 37, 38, 39, 40, 41 ], 
  [ 1, 2, 3, 4, 8, 9, 12, 13, 15, 18, 21, 22, 24, 25, 27, 28, 29, 32, 34, 
      35, 36, 38 ], 
  [ 1, 2, 4, 5, 8, 9, 13, 14, 15, 17, 18, 21, 24, 25, 27, 28, 32, 33, 34, 
      35, 37, 38, 39, 41 ], 
  [ 1, 2, 3, 5, 6, 7, 10, 13, 14, 15, 16, 17, 18, 19, 20, 21, 22, 23, 25, 
      27, 28, 29, 31, 32, 34, 36, 38, 39, 40 ], 
  [ 2, 3, 7, 10, 12, 13, 15, 19, 21, 22, 23, 25, 27, 28, 29, 32, 34, 35, 36, 
      38 ], 
  [ 2, 3, 6, 7, 10, 12, 13, 15, 16, 18, 20, 21, 22, 24, 25, 27, 28, 29, 31, 
      34, 36, 38 ], 
  [ 1, 2, 3, 4, 7, 8, 9, 10, 11, 12, 13, 14, 15, 18, 19, 22, 23, 24, 25, 26, 
      27, 28, 29, 30, 32, 33, 34, 35, 36, 37, 38 ], 
  [ 1, 2, 3, 4, 5, 7, 8, 9, 10, 11, 12, 13, 14, 15, 17, 18, 19, 21, 22, 23, 
      24, 25, 26, 27, 28, 32, 33, 34, 35, 36, 37, 38, 39 ], 
  [ 2, 3, 7, 10, 12, 13, 21, 22, 23, 25, 27, 28, 29, 32, 34, 35, 36, 38, 40 ]
    , [ 2, 3, 4, 7, 10, 11, 12, 19, 20, 21, 22, 23, 25, 27, 28, 29, 30, 32, 
      34, 35, 36, 38, 40 ], 
  [ 2, 3, 5, 6, 7, 10, 12, 13, 15, 16, 19, 20, 21, 22, 23, 25, 27, 28, 29, 
      31, 34, 36, 38, 39, 40 ], 
  [ 1, 2, 3, 7, 8, 12, 13, 15, 19, 21, 22, 23, 25, 27, 28, 29, 32, 34, 35, 
      36, 38 ], 
  [ 2, 3, 4, 9, 10, 12, 13, 15, 19, 21, 22, 23, 25, 27, 28, 29, 32, 34, 35, 
      36, 38 ], 
  [ 1, 2, 3, 7, 8, 12, 13, 21, 22, 23, 25, 27, 28, 29, 32, 34, 35, 36, 38, 
      40 ], 
  [ 2, 3, 4, 9, 10, 12, 13, 21, 22, 23, 25, 27, 28, 29, 32, 34, 35, 36, 38, 
      40 ], [ 1, 2, 3, 4, 5, 6, 7, 8, 9, 10, 11, 12, 13, 14, 17, 18, 21, 22, 
      23, 24, 25, 26, 27, 28, 31, 32, 33, 34, 35, 36, 37, 38, 39, 40, 41 ], 
  [ 1, 2, 5, 6, 7, 8, 13, 14, 15, 16, 17, 18, 19, 20, 21, 22, 23, 25, 27, 
      28, 29, 31, 32, 34, 36, 38, 39, 40 ], 
  [ 1, 2, 3, 5, 6, 7, 8, 12, 13, 15, 16, 19, 20, 21, 22, 23, 25, 27, 28, 29, 
      31, 34, 36, 38, 39, 40 ], 
  [ 1, 2, 3, 4, 7, 8, 11, 12, 19, 20, 21, 22, 23, 25, 27, 28, 29, 30, 32, 
      34, 35, 36, 38, 40 ], 
  [ 1, 2, 3, 4, 8, 9, 12, 13, 21, 22, 23, 25, 27, 28, 29, 32, 34, 35, 36, 
      38, 40 ], 
  [ 3, 4, 9, 10, 11, 12, 19, 20, 21, 22, 23, 25, 27, 28, 29, 30, 32, 34, 35, 
      36, 38, 40 ], 
  [ 1, 2, 3, 4, 5, 6, 9, 10, 13, 14, 15, 16, 17, 18, 19, 20, 21, 22, 23, 25, 
      27, 28, 29, 31, 32, 34, 36, 38, 39, 40 ], 
  [ 2, 3, 4, 5, 6, 9, 10, 12, 13, 15, 16, 19, 20, 21, 22, 23, 25, 27, 28, 
      29, 31, 34, 36, 38, 39, 40 ], 
  [ 1, 2, 5, 6, 7, 8, 13, 14, 15, 16, 17, 18, 24, 26, 27, 28, 29, 31, 32, 
      34, 36, 37, 38, 39, 40, 41 ], 
  [ 1, 2, 3, 4, 8, 9, 12, 13, 15, 19, 21, 22, 23, 25, 27, 28, 29, 32, 34, 
      35, 36, 38 ], 
  [ 1, 2, 3, 4, 5, 6, 8, 9, 12, 13, 15, 16, 19, 20, 21, 22, 23, 25, 27, 28, 
      29, 31, 34, 36, 38, 39, 40 ], 
  [ 1, 2, 3, 5, 6, 7, 10, 13, 14, 15, 16, 17, 18, 24, 26, 27, 28, 29, 31, 
      32, 34, 36, 37, 38, 39, 40, 41 ], 
  [ 1, 2, 3, 4, 6, 8, 9, 12, 13, 15, 16, 18, 20, 21, 22, 24, 25, 27, 28, 29, 
      31, 34, 36, 38 ], 
  [ 2, 3, 5, 6, 7, 10, 12, 13, 15, 18, 21, 22, 24, 25, 27, 28, 31, 34, 36, 
      38, 39 ], 
  [ 2, 3, 4, 5, 6, 7, 10, 11, 12, 15, 18, 19, 20, 21, 22, 24, 25, 27, 28, 
      31, 34, 36, 38, 39 ], 
  [ 2, 3, 5, 6, 7, 10, 12, 13, 15, 16, 20, 21, 24, 25, 27, 28, 29, 31, 34, 
      36, 38, 39, 40, 41 ], 
  [ 1, 2, 3, 4, 5, 6, 7, 8, 9, 10, 11, 12, 13, 14, 15, 16, 17, 18, 19, 20, 
      21, 22, 23, 24, 25, 26, 27, 28, 31, 33, 36, 38, 39 ], 
  [ 1, 2, 3, 4, 5, 6, 7, 8, 9, 10, 11, 12, 13, 14, 15, 18, 19, 22, 23, 24, 
      25, 26, 27, 28, 31, 33, 34, 36, 37, 38, 39 ], 
  [ 1, 2, 3, 5, 6, 7, 8, 12, 13, 15, 18, 21, 22, 24, 25, 27, 28, 31, 34, 36, 
      38, 39 ], 
  [ 2, 3, 4, 5, 6, 9, 10, 12, 13, 15, 18, 21, 22, 24, 25, 27, 28, 31, 34, 
      36, 38, 39 ], 
  [ 3, 4, 5, 6, 9, 10, 11, 12, 19, 20, 21, 22, 23, 25, 27, 28, 31, 34, 36, 
      38, 39, 40 ], 
  [ 1, 2, 3, 4, 5, 6, 7, 8, 11, 12, 15, 18, 19, 20, 21, 22, 24, 25, 27, 28, 
      31, 34, 36, 38, 39 ], 
  [ 1, 2, 3, 4, 5, 6, 8, 9, 12, 13, 15, 18, 21, 22, 24, 25, 27, 28, 31, 34, 
      36, 38, 39 ], 
  [ 3, 4, 5, 6, 9, 10, 11, 12, 15, 18, 19, 20, 21, 22, 24, 25, 27, 28, 31, 
      34, 36, 38, 39 ], 
  [ 3, 4, 5, 6, 9, 10, 11, 12, 20, 21, 24, 25, 27, 28, 31, 34, 36, 38, 39, 
      40, 41 ], 
  [ 1, 3, 4, 5, 6, 8, 9, 11, 12, 19, 20, 21, 22, 23, 25, 27, 28, 31, 34, 36, 
      38, 39, 40 ], 
  [ 1, 3, 4, 5, 6, 8, 9, 11, 12, 20, 21, 24, 25, 27, 28, 31, 34, 36, 38, 39, 
      40, 41 ], 
  [ 1, 2, 3, 4, 5, 6, 8, 9, 12, 13, 15, 16, 20, 21, 24, 25, 27, 28, 29, 31, 
      34, 36, 38, 39, 40, 41 ], 
  [ 1, 2, 3, 4, 5, 6, 7, 8, 11, 12, 20, 21, 24, 25, 27, 28, 31, 34, 36, 38, 
      39, 40, 41 ], 
  [ 1, 2, 3, 4, 5, 6, 7, 8, 11, 12, 19, 20, 21, 22, 23, 25, 27, 28, 30, 31, 
      33, 34, 35, 37, 38, 39, 40, 41 ], 
  [ 1, 2, 3, 4, 5, 6, 7, 8, 11, 12, 19, 20, 21, 22, 23, 25, 27, 28, 31, 34, 
      36, 38, 39, 40 ] ];
