return 
[ [ 1, 2, 3, 4, 7, 8, 9, 10, 11, 12, 13, 14, 15, 16, 17, 18, 19, 20, 24, 26, 
      27, 28, 29, 30, 31, 32, 33, 34, 38, 40, 41, 42, 43, 44, 45, 47, 49, 
      51, 52, 53, 55, 56, 57, 58, 59, 60, 61, 62, 64, 65, 66, 67, 68 ], 
  [ 1, 2, 3, 4, 5, 6, 7, 8, 9, 10, 11, 12, 13, 14, 15, 16, 17, 18, 19, 20, 
      21, 22, 23, 24, 25, 26, 27, 28, 29, 30, 31, 32, 33, 34, 35, 36, 37, 
      38, 39, 40, 41, 42, 43, 44, 45, 46, 47, 48, 49, 50, 51, 52, 53, 54, 
      55, 56, 57, 58, 59, 61, 62, 63, 64, 67 ], 
  [ 1, 2, 3, 4, 8, 9, 10, 11, 13, 14, 15, 16, 18, 19, 21, 22, 23, 25, 28, 
      30, 32, 33, 35, 36, 37, 39, 42, 44, 45, 46, 47, 48, 49, 50, 52, 53, 
      54, 56, 59, 60, 61, 62, 63, 64, 65, 66, 67, 68 ], 
  [ 2, 3, 5, 6, 7, 8, 11, 12, 14, 16, 17, 18, 19, 20, 21, 22, 23, 24, 25, 
      26, 27, 28, 29, 30, 32, 33, 35, 36, 38, 40, 41, 43, 45, 46, 47, 48, 
      50, 51, 52, 53, 55, 56, 57, 58, 59, 60, 61, 63, 64, 65, 66, 67, 68 ], 
  [ 2, 3, 5, 6, 7, 8, 11, 12, 14, 15, 17, 18, 19, 20, 21, 22, 23, 24, 25, 
      26, 27, 28, 29, 30, 32, 33, 35, 36, 37, 38, 41, 44, 45, 46, 47, 48, 
      50, 51, 53, 55, 56, 57, 58, 59, 60, 61, 63, 65, 66, 68 ], 
  [ 1, 4, 8, 10, 12, 13, 15, 18, 19, 24, 26, 27, 29, 31, 33, 35, 38, 40, 41, 
      43, 45, 47, 49, 51, 52, 55, 56, 57, 58, 59, 60, 64, 65, 66, 67, 68 ], 
  [ 1, 3, 6, 8, 10, 12, 13, 15, 17, 19, 21, 24, 26, 27, 29, 31, 33, 35, 38, 
      40, 41, 43, 45, 47, 49, 51, 52, 55, 56, 57, 58, 59, 60, 64, 65, 66, 
      67, 68 ], 
  [ 1, 3, 6, 8, 10, 12, 13, 15, 18, 19, 21, 22, 24, 26, 27, 29, 32, 33, 35, 
      36, 38, 40, 41, 43, 45, 46, 47, 48, 49, 51, 52, 55, 56, 57, 58, 59, 
      60, 63, 64, 65, 66, 67, 68 ], 
  [ 1, 2, 3, 4, 8, 9, 10, 11, 13, 14, 15, 16, 17, 19, 21, 24, 26, 27, 29, 
      31, 33, 35, 38, 40, 41, 43, 45, 47, 49, 51, 52, 53, 55, 56, 57, 58, 
      59, 60, 64, 65, 66, 67, 68 ], 
  [ 2, 4, 5, 8, 10, 12, 13, 15, 18, 20, 22, 24, 26, 27, 29, 31, 33, 35, 37, 
      39, 41, 43, 46, 48, 53, 55, 56, 57, 58, 59, 61, 64, 66, 68 ], 
  [ 1, 4, 5, 6, 8, 10, 12, 13, 15, 18, 20, 22, 24, 26, 27, 29, 31, 34, 35, 
      36, 37, 38, 39, 40, 41, 43, 46, 48, 49, 54, 57, 58, 59, 61, 62, 64, 68 
     ], [ 1, 4, 8, 10, 12, 14, 15, 18, 19, 26, 28, 29, 31, 33, 35, 38, 40, 
      41, 43, 45, 47, 53, 55, 56, 58, 59, 60, 61, 64, 65, 66, 67, 68 ], 
  [ 1, 4, 5, 6, 8, 10, 12, 13, 15, 18, 20, 22, 24, 26, 27, 30, 31, 34, 35, 
      36, 37, 38, 39, 40, 41, 44, 47, 48, 49, 51, 52, 54, 55, 56, 57, 58, 
      60, 63, 65, 66, 67, 68 ], 
  [ 2, 4, 5, 8, 10, 12, 14, 16, 18, 20, 22, 24, 26, 28, 30, 31, 33, 35, 38, 
      40, 41, 43, 45, 47, 49, 52, 54, 57, 59, 60, 61, 62, 64, 65, 67, 68 ], 
  [ 2, 4, 5, 7, 8, 11, 12, 13, 16, 17, 18, 19, 20, 24, 26, 27, 28, 29, 30, 
      31, 33, 35, 39, 40, 42, 43, 45, 47, 49, 51, 52, 54, 57, 59, 60, 61, 
      62, 64, 65, 66, 67, 68 ], 
  [ 4, 5, 8, 12, 13, 18, 20, 24, 26, 27, 29, 31, 35, 39, 40, 43, 57, 58, 59, 
      61, 64, 66, 68 ], 
  [ 2, 4, 5, 8, 10, 12, 13, 15, 18, 20, 22, 24, 26, 27, 30, 31, 33, 35, 37, 
      39, 41, 44, 47, 48, 49, 52, 54, 56, 57, 59, 61, 62, 64, 67, 68 ], 
  [ 2, 4, 5, 8, 10, 12, 14, 15, 18, 20, 22, 24, 26, 28, 29, 31, 33, 35, 37, 
      38, 41, 43, 45, 46, 49, 54, 57, 59, 60, 61, 62, 64, 65, 68 ], 
  [ 1, 4, 5, 6, 8, 10, 12, 13, 15, 18, 20, 22, 24, 26, 27, 30, 31, 34, 35, 
      36, 37, 38, 39, 40, 41, 44, 47, 48, 49, 52, 54, 56, 57, 58, 59, 61, 
      62, 64, 67, 68 ], 
  [ 2, 4, 5, 8, 10, 12, 14, 15, 18, 20, 22, 24, 26, 28, 29, 31, 33, 35, 37, 
      38, 41, 43, 45, 46, 53, 55, 56, 57, 58, 59, 60, 61, 64, 65, 66, 68 ], 
  [ 2, 4, 5, 7, 8, 11, 12, 13, 15, 17, 18, 19, 20, 24, 26, 27, 28, 29, 30, 
      31, 33, 35, 37, 39, 42, 44, 45, 47, 51, 53, 55, 56, 57, 58, 59, 61, 66 
     ], [ 1, 4, 5, 6, 7, 8, 11, 12, 14, 16, 17, 18, 19, 20, 23, 25, 27, 28, 
      29, 30, 31, 34, 35, 36, 37, 38, 39, 40, 41, 43, 46, 48, 49, 51, 52, 
      54, 57, 58, 59, 61, 62, 64, 65, 68 ], 
  [ 2, 4, 5, 7, 8, 11, 12, 14, 16, 17, 18, 19, 20, 24, 26, 27, 28, 29, 30, 
      31, 33, 35, 38, 40, 41, 43, 45, 47, 49, 51, 52, 54, 57, 59, 60, 61, 
      62, 64, 65, 67, 68 ], 
  [ 2, 4, 5, 7, 8, 11, 12, 14, 16, 17, 18, 19, 20, 24, 26, 27, 28, 29, 30, 
      31, 33, 35, 38, 40, 41, 43, 45, 47, 51, 52, 53, 55, 56, 57, 58, 59, 
      60, 61, 64, 65, 66, 67, 68 ], 
  [ 2, 4, 5, 7, 8, 11, 12, 13, 16, 17, 18, 19, 20, 24, 26, 27, 28, 29, 30, 
      31, 33, 35, 39, 40, 42, 43, 45, 47, 51, 52, 53, 55, 56, 57, 58, 59, 
      61, 64, 66, 67 ], 
  [ 1, 4, 5, 6, 7, 8, 11, 12, 13, 16, 17, 18, 19, 20, 23, 24, 27, 28, 29, 
      30, 31, 34, 35, 36, 37, 38, 39, 40, 42, 43, 45, 46, 49, 51, 52, 54, 
      57, 58, 59, 60, 61, 62, 64, 65, 66, 68 ], 
  [ 2, 4, 5, 8, 10, 12, 13, 15, 18, 20, 22, 24, 26, 27, 29, 31, 33, 35, 37, 
      39, 41, 43, 46, 48, 49, 54, 57, 59, 61, 62, 64, 68 ], 
  [ 2, 4, 5, 8, 10, 12, 13, 15, 18, 20, 22, 24, 26, 27, 30, 31, 33, 35, 37, 
      39, 41, 44, 47, 48, 53, 55, 56, 57, 58, 59, 61, 66, 68 ], 
  [ 1, 4, 5, 6, 8, 10, 12, 14, 15, 18, 20, 22, 25, 26, 28, 29, 31, 34, 35, 
      36, 37, 38, 39, 40, 41, 43, 46, 48, 49, 54, 57, 58, 59, 61, 62, 64, 
      65, 68 ], 
  [ 1, 4, 8, 10, 12, 13, 15, 18, 19, 24, 27, 29, 31, 33, 35, 37, 38, 41, 43, 
      45, 46, 49, 51, 52, 55, 56, 57, 58, 59, 60, 64, 65, 66, 68 ], 
  [ 1, 4, 8, 10, 12, 13, 15, 18, 19, 24, 26, 27, 29, 31, 33, 35, 38, 40, 41, 
      43, 45, 47, 49, 54, 59, 60, 61, 62, 64, 67, 68 ], 
  [ 1, 4, 8, 10, 12, 13, 15, 18, 19, 24, 26, 27, 29, 31, 33, 35, 38, 40, 41, 
      43, 45, 47, 53, 55, 56, 58, 59, 60, 61, 64, 66, 67, 68 ], 
  [ 1, 4, 5, 6, 8, 10, 12, 14, 16, 18, 20, 22, 23, 25, 28, 30, 31, 34, 35, 
      36, 37, 38, 39, 40, 41, 43, 46, 48, 49, 52, 54, 57, 58, 59, 61, 62, 
      64, 65, 68 ], 
  [ 1, 4, 5, 6, 8, 10, 12, 14, 15, 18, 20, 22, 25, 26, 28, 30, 31, 34, 35, 
      36, 37, 38, 39, 40, 41, 44, 47, 48, 49, 52, 54, 56, 57, 58, 59, 61, 
      62, 64, 65, 67, 68 ], 
  [ 2, 4, 5, 8, 10, 12, 13, 15, 18, 20, 22, 24, 26, 27, 30, 31, 33, 35, 37, 
      39, 41, 44, 47, 48, 49, 51, 52, 54, 55, 56, 57, 60, 63, 65, 66, 67, 68 
     ], [ 1, 4, 8, 10, 12, 14, 15, 18, 19, 26, 28, 29, 31, 33, 35, 38, 40, 
      41, 43, 45, 47, 49, 54, 59, 60, 61, 62, 64, 65, 67, 68 ], 
  [ 1, 4, 8, 10, 12, 13, 15, 18, 19, 24, 27, 30, 31, 33, 35, 37, 38, 41, 44, 
      45, 47, 49, 51, 52, 55, 56, 57, 58, 59, 60, 65, 66, 68 ], 
  [ 1, 4, 8, 10, 12, 14, 15, 18, 19, 26, 28, 29, 31, 33, 35, 38, 40, 41, 43, 
      45, 47, 49, 51, 52, 55, 56, 57, 58, 59, 64, 65, 67 ], 
  [ 1, 4, 5, 6, 8, 10, 12, 13, 15, 18, 20, 22, 24, 26, 28, 30, 31, 34, 35, 
      36, 37, 38, 39, 40, 42, 44, 45, 47, 49, 51, 52, 54, 55, 56, 57, 58, 
      60, 63, 65, 66, 67 ], 
  [ 1, 4, 8, 10, 12, 14, 16, 18, 19, 28, 30, 31, 33, 35, 38, 40, 41, 43, 45, 
      47, 52, 53, 55, 56, 58, 59, 60, 61, 64, 65, 66, 67, 68 ], 
  [ 1, 4, 8, 10, 12, 14, 16, 18, 19, 28, 30, 31, 33, 35, 38, 40, 41, 43, 45, 
      47, 49, 52, 54, 59, 60, 61, 62, 64, 65, 67, 68 ], 
  [ 1, 4, 8, 10, 12, 13, 15, 18, 19, 24, 27, 30, 31, 33, 35, 37, 38, 41, 44, 
      45, 47, 49, 52, 54, 56, 59, 60, 61, 62, 64, 67, 68 ], 
  [ 1, 4, 8, 12, 18, 19, 27, 29, 31, 35, 38, 40, 41, 43, 49, 51, 52, 54, 60, 
      64, 65, 67, 68 ], 
  [ 1, 4, 8, 10, 12, 13, 15, 18, 19, 28, 30, 31, 33, 35, 37, 39, 42, 44, 45, 
      47, 49, 51, 52, 54, 55, 56, 60, 63, 65, 66, 67 ], 
  [ 1, 4, 8, 10, 12, 14, 16, 18, 19, 28, 30, 31, 33, 35, 38, 40, 41, 43, 45, 
      47, 49, 51, 52, 54, 55, 60, 63, 65, 67 ], 
  [ 1, 4, 8, 10, 12, 13, 15, 18, 19, 27, 30, 31, 33, 35, 37, 39, 41, 44, 47, 
      48, 49, 51, 52, 54, 55, 56, 60, 63, 65, 66, 67, 68 ], 
  [ 1, 4, 8, 10, 12, 14, 15, 18, 19, 26, 28, 29, 31, 33, 35, 38, 40, 41, 43, 
      45, 47, 49, 51, 54, 55, 60, 63, 65, 67 ], 
  [ 1, 4, 8, 10, 12, 13, 15, 18, 19, 27, 29, 31, 33, 35, 37, 39, 41, 43, 46, 
      48, 49, 51, 52, 54, 55, 56, 60, 63, 64, 65, 66, 67, 68 ], 
  [ 1, 4, 8, 10, 12, 13, 15, 18, 19, 24, 26, 27, 29, 31, 33, 35, 38, 40, 41, 
      43, 45, 47, 49, 51, 54, 55, 60, 63, 67 ], 
  [ 4, 8, 12, 13, 18, 19, 24, 27, 30, 31, 33, 35, 45, 47, 51, 52, 55, 56, 
      60, 66, 67 ], 
  [ 1, 4, 8, 12, 18, 19, 28, 29, 31, 35, 38, 40, 43, 45, 49, 51, 52, 54, 60, 
      64, 65, 67 ], 
  [ 1, 4, 8, 10, 12, 13, 15, 18, 19, 24, 27, 30, 31, 33, 35, 37, 38, 41, 44, 
      45, 47, 49, 51, 52, 54, 55, 56, 60, 63, 67 ], 
  [ 1, 4, 8, 10, 12, 14, 15, 18, 19, 28, 29, 31, 33, 35, 37, 38, 41, 43, 45, 
      46, 49, 51, 52, 54, 55, 56, 60, 63, 64, 65, 67 ], 
  [ 1, 4, 8, 12, 13, 18, 19, 24, 27, 29, 31, 35, 38, 40, 43, 45, 49, 51, 52, 
      54, 60, 64, 67 ], 
  [ 1, 4, 8, 10, 12, 13, 15, 18, 19, 24, 27, 29, 31, 33, 35, 37, 38, 41, 43, 
      45, 46, 49, 51, 52, 54, 55, 56, 60, 63, 64, 67 ], 
  [ 1, 4, 8, 12, 13, 18, 19, 27, 29, 31, 35, 39, 40, 43, 49, 51, 52, 54, 60, 
      64, 65, 66, 67, 68 ], 
  [ 1, 4, 8, 12, 13, 18, 19, 24, 27, 30, 31, 35, 38, 40, 45, 47, 51, 52, 55, 
      56, 58, 60, 66, 67 ], 
  [ 1, 4, 8, 12, 18, 19, 28, 29, 31, 35, 38, 40, 43, 45, 51, 52, 55, 56, 58, 
      60, 64, 65, 66, 67 ], 
  [ 4, 8, 12, 13, 16, 18, 19, 24, 27, 30, 31, 33, 35, 40, 43, 45, 47, 51, 
      52, 55, 60, 66, 67 ], 
  [ 1, 4, 8, 12, 13, 18, 19, 28, 29, 31, 35, 39, 40, 42, 43, 45, 49, 51, 52, 
      54, 60, 64, 65, 66, 67 ], 
  [ 1, 4, 8, 10, 12, 13, 16, 18, 19, 28, 30, 31, 33, 35, 39, 40, 42, 43, 45, 
      47, 49, 51, 52, 54, 55, 60, 63, 65, 66, 67 ], 
  [ 2, 4, 5, 8, 10, 12, 13, 16, 18, 20, 22, 24, 26, 28, 30, 31, 33, 35, 39, 
      40, 42, 43, 45, 47, 49, 51, 52, 54, 55, 57, 60, 63, 65, 66, 67 ], 
  [ 1, 4, 8, 10, 12, 13, 16, 18, 19, 28, 30, 31, 33, 35, 39, 40, 42, 43, 45, 
      47, 49, 52, 54, 59, 60, 61, 62, 64, 65, 66, 67, 68 ], 
  [ 1, 4, 8, 12, 18, 19, 28, 30, 31, 35, 38, 40, 45, 47, 51, 52, 55, 56, 58, 
      60, 65, 66, 67 ], 
  [ 1, 4, 8, 10, 12, 13, 15, 18, 19, 28, 30, 31, 33, 35, 37, 39, 42, 44, 45, 
      47, 49, 52, 54, 56, 59, 60, 61, 62, 64, 65, 66, 67, 68 ], 
  [ 2, 4, 8, 11, 13, 16, 18, 19, 24, 27, 30, 33, 35, 45, 47, 51, 52, 53, 55, 
      56, 60, 63, 66, 67 ], 
  [ 8, 12, 13, 18, 19, 24, 27, 30, 33, 35, 45, 47, 51, 52, 55, 56, 60, 63, 
      66, 67 ], 
  [ 2, 4, 8, 11, 13, 16, 17, 19, 24, 27, 30, 31, 33, 35, 45, 47, 51, 52, 53, 
      55, 56, 60, 66, 67 ], 
  [ 8, 12, 13, 17, 19, 24, 27, 30, 31, 33, 35, 45, 47, 51, 52, 55, 56, 60, 
      66, 67 ], 
  [ 4, 5, 7, 12, 13, 18, 19, 24, 27, 30, 31, 33, 35, 37, 39, 42, 44, 45, 47, 
      51, 52, 54, 55, 56, 60, 63, 66, 67 ], 
  [ 3, 8, 12, 13, 18, 19, 24, 27, 30, 32, 33, 45, 47, 51, 52, 55, 56, 60, 
      63, 66, 67 ], 
  [ 1, 6, 8, 12, 13, 18, 19, 24, 27, 30, 35, 36, 38, 40, 45, 47, 51, 52, 55, 
      56, 58, 60, 63, 66, 67 ], 
  [ 3, 6, 8, 12, 13, 17, 19, 21, 23, 24, 27, 30, 33, 35, 45, 47, 50, 51, 52, 
      55, 56, 60, 63, 66, 67 ], 
  [ 8, 12, 13, 16, 18, 19, 24, 27, 30, 33, 35, 40, 43, 45, 47, 51, 52, 55, 
      60, 63, 66, 67 ], 
  [ 1, 6, 8, 12, 13, 17, 19, 24, 27, 30, 31, 35, 38, 40, 45, 47, 51, 52, 55, 
      56, 58, 60, 66, 67 ], 
  [ 8, 12, 13, 16, 17, 19, 24, 27, 30, 31, 33, 35, 40, 43, 45, 47, 51, 52, 
      55, 60, 66, 67 ], 
  [ 1, 3, 8, 10, 12, 13, 15, 18, 19, 27, 30, 32, 33, 41, 44, 47, 48, 49, 51, 
      52, 55, 56, 60, 63, 65, 66, 67, 68 ], 
  [ 1, 3, 8, 10, 12, 13, 15, 18, 19, 28, 30, 32, 33, 42, 44, 45, 47, 49, 51, 
      52, 55, 56, 60, 63, 65, 66, 67 ], 
  [ 3, 6, 7, 12, 13, 17, 19, 21, 23, 24, 27, 30, 32, 33, 42, 44, 45, 47, 50, 
      51, 52, 55, 56, 60, 63, 66, 67 ], 
  [ 7, 12, 13, 18, 19, 24, 27, 30, 32, 33, 42, 44, 45, 47, 51, 52, 55, 56, 
      60, 63, 66, 67 ], 
  [ 1, 3, 6, 8, 12, 13, 18, 19, 24, 27, 30, 32, 36, 38, 40, 45, 47, 51, 52, 
      55, 56, 58, 60, 63, 66, 67 ], 
  [ 2, 3, 8, 11, 13, 16, 18, 19, 24, 27, 30, 32, 33, 45, 47, 51, 52, 53, 55, 
      56, 60, 63, 66, 67 ], 
  [ 1, 3, 8, 10, 12, 13, 15, 18, 19, 24, 27, 30, 32, 33, 38, 41, 44, 45, 47, 
      49, 51, 52, 55, 56, 60, 63, 67 ], 
  [ 3, 8, 12, 13, 16, 18, 19, 24, 27, 30, 32, 33, 40, 43, 45, 47, 51, 52, 
      55, 60, 63, 66, 67 ], 
  [ 2, 3, 7, 8, 11, 12, 13, 15, 17, 18, 19, 20, 24, 26, 27, 28, 29, 30, 32, 
      33, 42, 44, 45, 47, 50, 51, 53, 55, 56, 60, 61, 63, 66, 67 ], 
  [ 2, 3, 7, 8, 11, 12, 13, 16, 17, 18, 19, 20, 23, 24, 27, 28, 29, 30, 32, 
      33, 42, 43, 45, 46, 50, 51, 52, 53, 55, 56, 60, 61, 63, 64, 66, 67 ], 
  [ 1, 4, 7, 8, 11, 12, 13, 16, 17, 18, 19, 20, 24, 27, 28, 29, 30, 31, 34, 
      38, 40, 42, 43, 45, 49, 51, 52, 54, 60, 61, 62, 64, 67 ], 
  [ 1, 4, 7, 8, 11, 12, 14, 16, 17, 18, 19, 20, 27, 28, 29, 30, 31, 34, 38, 
      40, 41, 43, 49, 51, 52, 54, 60, 61, 62, 64, 65, 67, 68 ], 
  [ 1, 4, 8, 11, 14, 16, 18, 19, 28, 29, 35, 36, 38, 40, 43, 45, 46, 49, 51, 
      52, 54, 60, 63, 64, 65, 67 ], 
  [ 1, 6, 8, 12, 18, 19, 28, 29, 35, 36, 38, 40, 43, 45, 46, 49, 51, 52, 54, 
      60, 63, 64, 65, 67 ], 
  [ 1, 4, 8, 11, 14, 16, 17, 19, 28, 29, 31, 35, 38, 40, 43, 45, 49, 51, 52, 
      54, 60, 64, 65, 67 ], 
  [ 1, 6, 8, 12, 17, 19, 28, 29, 31, 35, 38, 40, 43, 45, 49, 51, 52, 54, 60, 
      64, 65, 67 ], 
  [ 1, 4, 5, 6, 7, 12, 18, 19, 28, 29, 31, 34, 35, 36, 37, 38, 39, 40, 42, 
      43, 45, 46, 51, 52, 54, 55, 56, 58, 60, 63, 64, 65, 66, 67 ], 
  [ 1, 4, 8, 12, 14, 18, 19, 28, 29, 31, 35, 38, 40, 41, 43, 49, 51, 52, 54, 
      64, 65, 67 ], 
  [ 1, 4, 8, 11, 13, 16, 18, 19, 24, 27, 30, 35, 36, 38, 40, 45, 47, 51, 52, 
      53, 55, 56, 58, 60, 63, 66, 67 ], 
  [ 3, 6, 8, 12, 13, 16, 17, 19, 21, 23, 24, 27, 30, 33, 35, 40, 43, 45, 47, 
      50, 51, 52, 55, 60, 63, 66, 67 ], 
  [ 4, 5, 7, 12, 13, 16, 18, 19, 24, 27, 30, 31, 33, 35, 39, 40, 42, 43, 45, 
      47, 51, 52, 54, 55, 60, 63, 66, 67 ], 
  [ 2, 3, 5, 6, 7, 8, 11, 12, 13, 16, 17, 18, 19, 20, 21, 22, 23, 24, 25, 
      26, 27, 28, 29, 30, 32, 33, 35, 36, 39, 40, 42, 43, 45, 46, 47, 48, 
      49, 50, 51, 52, 54, 57, 59, 60, 61, 62, 63, 64, 65, 66, 67, 68 ], 
  [ 1, 4, 8, 11, 13, 16, 17, 19, 24, 27, 30, 31, 35, 38, 40, 45, 47, 51, 52, 
      53, 55, 56, 58, 60, 66, 67 ], 
  [ 2, 3, 5, 6, 8, 10, 12, 13, 16, 17, 20, 21, 22, 23, 24, 25, 26, 28, 30, 
      31, 33, 35, 39, 40, 42, 43, 45, 47, 49, 50, 51, 52, 54, 55, 57, 60, 
      63, 65, 66, 67 ], 
  [ 2, 3, 5, 6, 8, 10, 12, 13, 16, 17, 20, 21, 22, 23, 24, 25, 26, 27, 30, 
      31, 33, 35, 39, 40, 41, 43, 47, 48, 49, 50, 51, 52, 54, 55, 57, 60, 
      63, 65, 66, 67, 68 ], 
  [ 5, 6, 7, 12, 13, 16, 17, 19, 21, 23, 24, 27, 30, 31, 33, 35, 39, 40, 42, 
      43, 45, 47, 50, 51, 52, 54, 55, 60, 63, 66, 67 ], 
  [ 7, 12, 18, 19, 27, 30, 32, 33, 41, 44, 47, 48, 51, 52, 55, 56, 60, 63, 
      65, 66, 67, 68 ], 
  [ 7, 12, 18, 19, 24, 27, 30, 32, 33, 38, 41, 44, 45, 47, 51, 52, 55, 56, 
      60, 63, 67 ], 
  [ 7, 12, 18, 19, 28, 30, 32, 33, 42, 44, 45, 47, 51, 52, 55, 56, 60, 63, 
      65, 66, 67 ], 
  [ 7, 12, 13, 16, 18, 19, 24, 27, 30, 32, 33, 40, 42, 43, 45, 47, 51, 52, 
      55, 60, 63, 66, 67 ], 
  [ 5, 6, 7, 12, 13, 18, 19, 21, 22, 23, 24, 27, 30, 32, 33, 35, 36, 37, 39, 
      42, 44, 45, 46, 47, 48, 51, 52, 55, 56, 57, 58, 59, 63, 66 ], 
  [ 4, 5, 7, 12, 18, 19, 24, 27, 30, 31, 33, 35, 37, 38, 41, 44, 45, 47, 51, 
      52, 54, 55, 56, 60, 63, 67 ], 
  [ 1, 3, 6, 7, 8, 11, 12, 13, 16, 17, 18, 19, 20, 23, 24, 27, 28, 29, 30, 
      32, 34, 36, 38, 40, 42, 43, 45, 46, 49, 50, 51, 52, 54, 60, 61, 62, 
      63, 64, 67 ], 
  [ 1, 3, 6, 8, 12, 17, 19, 28, 29, 38, 40, 43, 45, 49, 51, 52, 60, 64, 65, 
      67 ], 
  [ 1, 6, 8, 12, 13, 17, 20, 24, 28, 29, 31, 34, 38, 40, 42, 43, 45, 49, 51, 
      52, 54, 60, 64, 67 ], 
  [ 1, 6, 8, 12, 17, 20, 28, 29, 31, 34, 38, 40, 43, 49, 51, 52, 54, 60, 64, 
      65, 67 ], 
  [ 1, 6, 17, 19, 21, 29, 31, 35, 38, 40, 43, 45, 49, 51, 52, 54, 60, 64, 
      65, 67 ], 
  [ 5, 6, 7, 12, 17, 19, 21, 24, 26, 27, 29, 31, 33, 35, 38, 40, 41, 43, 45, 
      47, 49, 51, 52, 54, 57, 59, 60, 62, 64, 65, 67, 68 ], 
  [ 1, 6, 14, 17, 19, 21, 25, 28, 29, 31, 35, 38, 40, 43, 45, 49, 51, 52, 
      54, 64, 65, 67 ], 
  [ 5, 6, 7, 12, 14, 17, 19, 21, 25, 26, 28, 29, 31, 33, 35, 38, 40, 41, 43, 
      45, 47, 49, 51, 52, 54, 57, 59, 62, 64, 65, 67 ], 
  [ 5, 6, 7, 12, 17, 19, 28, 29, 31, 35, 38, 40, 43, 45, 51, 52, 54, 60, 64, 
      65, 67 ], 
  [ 1, 3, 6, 8, 11, 14, 16, 17, 19, 21, 23, 25, 28, 29, 35, 36, 38, 40, 43, 
      45, 46, 49, 50, 51, 52, 54, 60, 63, 64, 65, 67 ], 
  [ 2, 3, 5, 6, 7, 8, 11, 12, 14, 16, 17, 18, 19, 20, 21, 22, 23, 24, 25, 
      26, 27, 28, 29, 30, 32, 33, 35, 36, 38, 40, 41, 43, 45, 46, 47, 48, 
      49, 50, 51, 52, 54, 57, 59, 60, 61, 62, 63, 64, 65, 67, 68 ], 
  [ 1, 6, 8, 12, 13, 17, 19, 24, 27, 29, 31, 35, 38, 40, 43, 45, 49, 51, 52, 
      54, 60, 64, 67 ], 
  [ 1, 6, 8, 12, 17, 19, 27, 29, 31, 35, 38, 40, 41, 43, 49, 51, 52, 54, 60, 
      64, 65, 67, 68 ], 
  [ 5, 6, 8, 12, 17, 20, 24, 26, 28, 29, 31, 35, 38, 40, 43, 45, 49, 51, 52, 
      54, 57, 60, 64, 65, 67 ], 
  [ 1, 6, 8, 12, 14, 17, 19, 25, 28, 29, 31, 35, 38, 40, 41, 43, 49, 51, 52, 
      54, 64, 65, 67 ], 
  [ 1, 6, 8, 12, 17, 19, 28, 29, 31, 35, 38, 40, 43, 45, 51, 52, 55, 56, 58, 
      60, 64, 65, 66, 67 ], 
  [ 1, 6, 8, 12, 13, 17, 19, 28, 29, 31, 35, 39, 40, 42, 43, 45, 49, 51, 52, 
      54, 60, 64, 65, 66, 67 ], 
  [ 1, 3, 6, 8, 12, 13, 17, 19, 28, 29, 40, 42, 43, 45, 49, 51, 52, 60, 64, 
      65, 66, 67 ], 
  [ 1, 3, 6, 8, 12, 18, 19, 28, 29, 32, 36, 38, 40, 43, 45, 46, 49, 51, 52, 
      60, 63, 64, 65, 67 ], 
  [ 1, 3, 6, 8, 12, 17, 19, 28, 29, 38, 40, 43, 45, 51, 52, 55, 56, 58, 60, 
      64, 65, 66, 67 ], 
  [ 1, 6, 17, 19, 21, 27, 29, 31, 35, 38, 40, 41, 43, 49, 51, 52, 54, 60, 
      64, 65, 67, 68 ], 
  [ 1, 6, 13, 17, 19, 21, 29, 31, 35, 39, 40, 42, 43, 45, 49, 51, 52, 54, 
      60, 64, 65, 66, 67 ], 
  [ 1, 6, 7, 9, 17, 19, 21, 29, 31, 34, 38, 40, 42, 43, 45, 49, 51, 52, 54, 
      60, 62, 64, 65, 67 ], 
  [ 1, 4, 9, 11, 14, 16, 17, 19, 21, 29, 31, 35, 38, 40, 43, 45, 49, 51, 52, 
      54, 60, 64, 65, 67 ], 
  [ 1, 6, 13, 17, 19, 21, 24, 27, 29, 31, 35, 38, 40, 43, 45, 49, 51, 52, 
      54, 60, 64, 67 ], 
  [ 1, 3, 6, 8, 10, 12, 14, 16, 17, 20, 23, 25, 28, 30, 31, 34, 38, 40, 41, 
      43, 49, 50, 51, 52, 54, 55, 60, 63, 65, 67 ], 
  [ 1, 3, 6, 8, 10, 12, 14, 15, 17, 20, 25, 26, 28, 29, 31, 34, 38, 40, 41, 
      43, 49, 50, 51, 54, 55, 60, 63, 65, 67 ], 
  [ 1, 6, 8, 12, 13, 17, 20, 28, 29, 31, 34, 39, 40, 42, 43, 49, 51, 52, 54, 
      60, 64, 65, 66, 67 ], 
  [ 1, 6, 8, 12, 14, 17, 20, 25, 28, 29, 31, 34, 38, 40, 41, 43, 49, 51, 52, 
      54, 64, 65, 67 ], 
  [ 5, 6, 7, 12, 14, 17, 19, 21, 25, 26, 28, 29, 31, 33, 35, 38, 40, 41, 43, 
      45, 47, 50, 51, 54, 55, 60, 63, 65, 67 ], 
  [ 5, 6, 7, 12, 17, 19, 28, 29, 31, 35, 39, 40, 42, 43, 45, 51, 52, 54, 60, 
      64, 65, 66, 67 ], 
  [ 1, 4, 8, 11, 14, 16, 18, 19, 27, 29, 35, 36, 38, 40, 41, 43, 46, 48, 49, 
      51, 52, 54, 60, 63, 64, 65, 67, 68 ], 
  [ 1, 4, 8, 11, 14, 16, 17, 19, 27, 29, 31, 35, 38, 40, 41, 43, 49, 51, 52, 
      54, 60, 64, 65, 67, 68 ], 
  [ 1, 6, 8, 12, 14, 18, 19, 25, 28, 29, 35, 36, 38, 40, 41, 43, 46, 48, 49, 
      51, 52, 54, 63, 64, 65, 67 ], 
  [ 1, 4, 8, 12, 14, 18, 19, 25, 28, 29, 31, 35, 39, 40, 41, 43, 48, 49, 51, 
      52, 54, 64, 65, 67 ], 
  [ 1, 6, 17, 19, 21, 25, 28, 29, 31, 35, 39, 40, 42, 43, 45, 49, 51, 52, 
      54, 64, 65, 67 ], 
  [ 1, 4, 9, 11, 14, 16, 17, 19, 21, 25, 28, 29, 31, 35, 39, 40, 42, 43, 45, 
      49, 51, 52, 54, 64, 65, 67 ], 
  [ 1, 6, 14, 17, 19, 21, 25, 29, 31, 35, 38, 40, 41, 43, 49, 51, 52, 54, 
      64, 65, 67 ], 
  [ 1, 6, 7, 9, 14, 17, 19, 21, 25, 28, 29, 31, 34, 38, 40, 42, 43, 45, 49, 
      51, 52, 54, 62, 64, 65, 67 ], 
  [ 1, 6, 17, 19, 21, 25, 27, 29, 31, 35, 39, 40, 41, 43, 48, 49, 51, 52, 
      54, 64, 65, 67, 68 ], 
  [ 1, 4, 9, 11, 14, 16, 17, 19, 21, 25, 27, 29, 31, 35, 39, 40, 41, 43, 48, 
      49, 51, 52, 54, 64, 65, 67, 68 ], 
  [ 1, 4, 9, 11, 14, 16, 17, 19, 21, 27, 29, 31, 35, 38, 40, 41, 43, 49, 51, 
      52, 54, 60, 64, 65, 67, 68 ], 
  [ 1, 6, 7, 9, 14, 17, 19, 21, 25, 29, 31, 34, 38, 40, 41, 43, 49, 51, 52, 
      54, 62, 64, 65, 67 ], 
  [ 1, 3, 6, 7, 12, 17, 19, 28, 29, 32, 34, 38, 40, 42, 43, 45, 51, 52, 55, 
      56, 58, 60, 64, 65, 66, 67 ], 
  [ 1, 3, 6, 8, 12, 13, 18, 19, 28, 29, 32, 36, 40, 42, 43, 45, 46, 49, 51, 
      52, 60, 63, 64, 65, 66, 67 ], 
  [ 1, 3, 6, 8, 11, 13, 16, 17, 19, 21, 23, 25, 28, 29, 35, 36, 39, 40, 42, 
      43, 45, 46, 49, 50, 51, 52, 54, 60, 63, 64, 65, 66, 67 ], 
  [ 1, 6, 7, 9, 17, 19, 21, 27, 29, 31, 34, 38, 40, 41, 43, 49, 51, 52, 54, 
      60, 62, 64, 65, 67, 68 ], 
  [ 1, 6, 7, 9, 13, 17, 19, 21, 24, 27, 29, 31, 34, 38, 40, 42, 43, 45, 49, 
      51, 52, 54, 60, 62, 64, 67 ], 
  [ 1, 3, 6, 8, 11, 13, 16, 17, 19, 21, 23, 24, 27, 29, 35, 36, 38, 40, 43, 
      45, 46, 49, 50, 51, 52, 54, 60, 63, 64, 67 ], 
  [ 1, 4, 9, 11, 13, 16, 17, 19, 21, 24, 27, 29, 31, 35, 38, 40, 43, 45, 49, 
      51, 52, 54, 60, 64, 67 ], 
  [ 1, 6, 7, 9, 17, 19, 21, 25, 29, 31, 34, 39, 40, 42, 43, 49, 51, 52, 54, 
      62, 64, 65, 67 ], 
  [ 1, 6, 7, 12, 17, 19, 25, 28, 29, 31, 34, 39, 40, 42, 43, 49, 51, 52, 54, 
      62, 64, 65, 67 ], 
  [ 1, 6, 8, 12, 17, 19, 25, 28, 29, 31, 35, 39, 40, 43, 49, 51, 52, 54, 64, 
      65, 67 ], 
  [ 5, 6, 7, 12, 17, 19, 21, 25, 26, 28, 29, 31, 33, 35, 39, 40, 42, 43, 45, 
      47, 49, 51, 52, 54, 57, 59, 62, 64, 65, 67 ], 
  [ 1, 6, 8, 12, 17, 20, 25, 28, 29, 31, 34, 39, 40, 43, 49, 51, 52, 54, 64, 
      65, 67 ], 
  [ 1, 4, 7, 8, 11, 12, 14, 16, 17, 18, 19, 20, 25, 27, 28, 29, 30, 31, 34, 
      39, 40, 41, 43, 48, 49, 51, 52, 54, 61, 62, 64, 65, 67, 68 ], 
  [ 1, 6, 8, 12, 18, 19, 25, 28, 29, 35, 36, 39, 40, 43, 46, 48, 49, 51, 52, 
      54, 63, 64, 65, 67 ], 
  [ 5, 6, 8, 12, 17, 20, 25, 26, 28, 29, 31, 35, 39, 40, 43, 49, 51, 52, 54, 
      57, 64, 65, 67 ], 
  [ 1, 4, 8, 11, 14, 16, 17, 19, 25, 28, 29, 31, 35, 39, 40, 43, 49, 51, 52, 
      54, 64, 65, 67 ], 
  [ 1, 3, 6, 8, 10, 12, 13, 16, 17, 20, 23, 25, 28, 30, 31, 34, 39, 40, 42, 
      43, 49, 50, 51, 52, 54, 55, 60, 63, 65, 66, 67 ], 
  [ 5, 6, 7, 12, 17, 20, 25, 26, 28, 29, 31, 34, 39, 40, 42, 43, 49, 51, 52, 
      54, 57, 62, 64, 65, 67 ], 
  [ 1, 3, 6, 8, 10, 12, 13, 15, 17, 20, 25, 26, 28, 29, 31, 34, 39, 40, 42, 
      43, 49, 51, 52, 55, 56, 57, 58, 64, 65, 66, 67 ], 
  [ 5, 6, 8, 12, 13, 18, 20, 22, 24, 26, 27, 29, 35, 36, 39, 40, 43, 46, 48, 
      57, 58, 59, 61, 64, 66, 68 ], 
  [ 2, 4, 5, 8, 11, 13, 16, 17, 20, 24, 26, 27, 29, 31, 35, 39, 40, 43, 53, 
      57, 58, 59, 61, 64, 66, 68 ], 
  [ 5, 6, 8, 12, 13, 17, 20, 24, 26, 27, 29, 31, 35, 39, 40, 43, 57, 58, 59, 
      61, 64, 66, 68 ], 
  [ 4, 5, 7, 12, 13, 18, 20, 24, 26, 27, 29, 31, 34, 39, 40, 42, 43, 57, 58, 
      59, 61, 62, 64, 66, 68 ], 
  [ 1, 4, 8, 12, 18, 19, 27, 29, 31, 35, 37, 38, 41, 43, 46, 49, 51, 52, 54, 
      60, 64, 65, 68 ], 
  [ 1, 6, 8, 12, 18, 19, 27, 29, 35, 36, 38, 40, 41, 43, 46, 48, 49, 51, 52, 
      54, 60, 63, 64, 65, 67, 68 ], 
  [ 1, 4, 8, 11, 13, 16, 18, 19, 24, 27, 29, 35, 36, 38, 40, 43, 45, 46, 49, 
      51, 52, 54, 60, 63, 64, 67 ], 
  [ 1, 6, 8, 12, 13, 18, 19, 24, 27, 29, 35, 36, 38, 40, 43, 45, 46, 49, 51, 
      52, 54, 60, 63, 64, 67 ], 
  [ 1, 4, 8, 11, 13, 16, 17, 19, 24, 27, 29, 31, 35, 38, 40, 43, 45, 49, 51, 
      52, 54, 60, 64, 67 ], 
  [ 1, 4, 8, 10, 12, 14, 16, 18, 19, 28, 30, 31, 33, 35, 38, 40, 41, 43, 45, 
      47, 49, 51, 52, 55, 57, 58, 59, 65 ], 
  [ 1, 4, 8, 12, 16, 18, 19, 28, 30, 31, 35, 38, 40, 43, 45, 51, 52, 55, 58, 
      60, 65, 66 ], 
  [ 1, 4, 8, 11, 14, 16, 18, 19, 28, 30, 35, 36, 38, 40, 45, 47, 51, 52, 53, 
      55, 56, 58, 60, 63, 65, 66, 67 ], 
  [ 1, 6, 8, 12, 18, 19, 28, 30, 35, 36, 38, 40, 45, 47, 51, 52, 55, 56, 58, 
      60, 63, 65, 66, 67 ], 
  [ 1, 4, 8, 11, 14, 16, 17, 19, 28, 30, 31, 35, 38, 40, 45, 47, 51, 52, 53, 
      55, 56, 58, 60, 65, 66, 67 ], 
  [ 1, 4, 8, 11, 14, 16, 18, 19, 28, 29, 35, 36, 38, 40, 43, 45, 46, 51, 52, 
      53, 55, 56, 58, 60, 63, 64, 65, 66, 67 ], 
  [ 1, 4, 8, 11, 14, 16, 17, 19, 28, 29, 31, 35, 38, 40, 43, 45, 51, 52, 53, 
      55, 56, 58, 60, 64, 65, 66, 67 ], 
  [ 1, 6, 8, 12, 16, 18, 19, 23, 28, 30, 35, 36, 38, 40, 43, 45, 46, 51, 52, 
      55, 58, 60, 63, 65, 66 ], 
  [ 1, 3, 8, 11, 13, 16, 18, 19, 24, 27, 30, 32, 36, 38, 40, 45, 47, 51, 52, 
      53, 55, 56, 58, 60, 63, 66, 67 ], 
  [ 1, 3, 8, 10, 12, 13, 16, 18, 19, 27, 30, 32, 33, 40, 41, 43, 47, 48, 49, 
      51, 52, 55, 60, 63, 65, 66, 67, 68 ], 
  [ 1, 3, 8, 10, 12, 13, 16, 18, 19, 24, 27, 30, 32, 33, 38, 40, 41, 43, 45, 
      47, 49, 51, 52, 55, 60, 63, 67 ], 
  [ 5, 6, 8, 12, 13, 17, 20, 24, 26, 28, 29, 31, 35, 39, 40, 42, 43, 45, 49, 
      51, 52, 54, 57, 60, 64, 65, 66, 67 ], 
  [ 1, 4, 8, 11, 14, 16, 17, 19, 25, 27, 29, 31, 35, 39, 40, 41, 43, 48, 49, 
      51, 52, 54, 64, 65, 67, 68 ], 
  [ 1, 6, 7, 12, 14, 17, 19, 25, 28, 29, 31, 34, 38, 40, 41, 43, 49, 51, 52, 
      54, 62, 64, 65, 67 ], 
  [ 5, 6, 8, 12, 14, 17, 20, 25, 26, 28, 29, 31, 35, 38, 40, 41, 43, 49, 51, 
      52, 54, 57, 64, 65, 67 ], 
  [ 1, 3, 6, 8, 12, 18, 19, 28, 29, 32, 36, 38, 40, 43, 45, 46, 51, 52, 55, 
      56, 58, 60, 63, 64, 65, 66, 67 ], 
  [ 5, 6, 7, 12, 14, 17, 20, 25, 26, 28, 29, 31, 34, 38, 40, 41, 43, 49, 51, 
      52, 54, 57, 62, 64, 65, 67 ], 
  [ 1, 3, 6, 8, 10, 12, 14, 15, 17, 20, 25, 26, 28, 29, 31, 34, 38, 40, 41, 
      43, 49, 51, 52, 55, 56, 57, 58, 64, 65, 67 ], 
  [ 5, 6, 7, 12, 17, 20, 24, 26, 28, 29, 31, 34, 38, 40, 42, 43, 45, 51, 52, 
      55, 56, 57, 58, 60, 64, 65, 66, 67 ], 
  [ 1, 6, 7, 12, 17, 19, 28, 29, 31, 34, 38, 40, 42, 43, 45, 51, 52, 55, 56, 
      58, 60, 64, 65, 66, 67 ], 
  [ 5, 6, 7, 12, 17, 20, 28, 29, 31, 34, 39, 40, 42, 43, 51, 52, 54, 60, 64, 
      65, 66, 67 ], 
  [ 1, 6, 7, 12, 17, 19, 28, 29, 31, 34, 39, 40, 42, 43, 51, 52, 54, 60, 64, 
      65, 66, 67 ], 
  [ 5, 6, 7, 12, 17, 19, 21, 25, 26, 28, 29, 31, 33, 35, 39, 40, 42, 43, 45, 
      47, 50, 51, 54, 55, 60, 63, 65, 66, 67 ], 
  [ 5, 6, 7, 12, 17, 20, 25, 26, 28, 29, 31, 34, 39, 40, 42, 43, 51, 52, 55, 
      56, 57, 58, 64, 65, 66, 67 ], 
  [ 1, 6, 7, 12, 16, 17, 19, 23, 25, 28, 30, 31, 34, 39, 40, 42, 43, 50, 52, 
      54, 60, 61, 62, 64, 65, 66, 67, 68 ], 
  [ 1, 6, 7, 12, 17, 19, 25, 28, 29, 31, 34, 39, 40, 42, 43, 50, 51, 54, 55, 
      60, 63, 65, 66, 67 ], 
  [ 1, 6, 7, 12, 17, 19, 25, 28, 29, 31, 34, 39, 40, 42, 43, 51, 52, 55, 56, 
      58, 64, 65, 66, 67 ], 
  [ 1, 6, 7, 12, 17, 19, 25, 28, 29, 31, 34, 39, 40, 42, 43, 50, 54, 60, 61, 
      62, 64, 65, 66, 67, 68 ], 
  [ 1, 6, 7, 12, 17, 19, 23, 25, 28, 29, 31, 34, 37, 39, 42, 43, 46, 50, 51, 
      52, 54, 55, 56, 60, 63, 64, 65, 66, 67 ], 
  [ 1, 6, 7, 12, 13, 17, 19, 27, 29, 31, 34, 39, 40, 42, 43, 49, 51, 52, 54, 
      60, 62, 64, 65, 66, 67, 68 ], 
  [ 1, 9, 16, 17, 19, 21, 25, 31, 39, 40, 42, 43, 49, 52, 54, 62, 64, 65, 67 
     ], [ 1, 6, 7, 9, 17, 19, 21, 25, 29, 31, 34, 39, 40, 42, 43, 50, 54, 
      60, 62, 64, 65, 66, 67, 68 ], 
  [ 1, 9, 16, 17, 19, 21, 25, 31, 39, 40, 43, 49, 52, 54, 62, 64, 65, 67, 68 
     ], [ 1, 9, 14, 16, 17, 19, 21, 25, 28, 31, 40, 42, 43, 45, 49, 52, 54, 
      62, 64, 65, 67 ], 
  [ 1, 9, 13, 16, 17, 19, 21, 31, 39, 40, 42, 43, 49, 52, 54, 60, 62, 64, 
      65, 66, 67, 68 ], 
  [ 1, 9, 14, 16, 17, 19, 21, 25, 31, 40, 41, 43, 49, 52, 54, 62, 64, 65, 
      67, 68 ], 
  [ 1, 9, 14, 16, 17, 19, 21, 25, 31, 40, 41, 47, 49, 52, 54, 62, 65, 67, 68 
     ], [ 1, 9, 14, 16, 17, 19, 21, 31, 38, 40, 41, 43, 49, 52, 54, 60, 62, 
      64, 65, 67, 68 ], 
  [ 1, 4, 9, 11, 14, 16, 17, 19, 21, 25, 27, 31, 35, 39, 40, 41, 47, 48, 49, 
      51, 52, 54, 65, 67, 68 ], 
  [ 1, 7, 12, 16, 17, 19, 25, 28, 30, 31, 34, 39, 40, 42, 43, 49, 51, 52, 
      54, 62, 65, 67 ], 
  [ 1, 6, 7, 12, 16, 17, 19, 23, 25, 28, 30, 31, 34, 39, 40, 42, 43, 49, 51, 
      52, 54, 62, 65 ], 
  [ 1, 6, 7, 12, 15, 17, 19, 25, 26, 28, 29, 31, 34, 39, 40, 42, 44, 47, 49, 
      51, 54, 62, 65, 67 ], 
  [ 1, 6, 7, 12, 17, 19, 25, 28, 29, 31, 34, 39, 40, 42, 43, 49, 51, 52, 57, 
      58, 59, 62, 64, 65 ], 
  [ 1, 6, 7, 12, 17, 19, 23, 25, 28, 29, 31, 34, 37, 39, 42, 43, 46, 49, 51, 
      52, 54, 62, 64, 65 ], 
  [ 1, 6, 7, 12, 15, 17, 19, 25, 26, 28, 29, 31, 34, 39, 40, 42, 44, 47, 49, 
      51, 52, 56, 57, 58, 59, 62, 64, 65, 67 ], 
  [ 1, 6, 7, 12, 15, 17, 19, 25, 28, 29, 31, 34, 37, 39, 42, 44, 49, 51, 52, 
      54, 56, 62, 64, 65, 67 ], 
  [ 7, 12, 16, 17, 19, 25, 28, 30, 31, 33, 39, 40, 42, 43, 47, 49, 51, 52, 
      54, 62, 65, 67 ], 
  [ 7, 12, 16, 17, 20, 25, 28, 30, 31, 34, 39, 40, 42, 43, 49, 51, 52, 54, 
      62, 65, 67 ], 
  [ 5, 6, 7, 12, 17, 20, 25, 26, 28, 30, 31, 34, 39, 40, 42, 44, 47, 49, 51, 
      52, 54, 57, 62, 65, 67 ], 
  [ 2, 5, 7, 12, 16, 17, 20, 25, 26, 28, 30, 31, 33, 39, 40, 42, 43, 47, 49, 
      51, 52, 54, 57, 62, 65, 67 ], 
  [ 5, 6, 7, 12, 16, 17, 20, 23, 25, 28, 30, 31, 34, 39, 40, 42, 43, 49, 51, 
      52, 54, 57, 62, 65 ], 
  [ 7, 12, 17, 19, 25, 28, 30, 31, 33, 39, 42, 44, 47, 49, 51, 52, 54, 62, 
      65, 67 ], 
  [ 2, 4, 7, 9, 11, 14, 16, 17, 19, 25, 28, 30, 31, 33, 39, 42, 44, 47, 49, 
      51, 52, 54, 62, 65, 67 ], 
  [ 5, 6, 7, 12, 16, 17, 19, 21, 23, 25, 28, 30, 31, 33, 35, 39, 40, 42, 43, 
      45, 47, 49, 51, 52, 54, 57, 59, 62, 65 ], 
  [ 2, 5, 7, 12, 17, 20, 25, 26, 28, 30, 31, 33, 39, 42, 44, 47, 49, 51, 52, 
      54, 57, 62, 65, 67 ], 
  [ 5, 6, 8, 12, 17, 20, 25, 26, 28, 29, 31, 35, 39, 40, 43, 50, 51, 54, 55, 
      60, 63, 65, 66, 67 ], 
  [ 1, 4, 8, 11, 14, 16, 17, 19, 25, 28, 30, 31, 35, 39, 40, 47, 49, 51, 52, 
      54, 65, 67 ], 
  [ 1, 4, 8, 11, 14, 16, 17, 19, 25, 28, 30, 31, 35, 39, 40, 47, 49, 52, 54, 
      59, 61, 62, 64, 65, 67, 68 ], 
  [ 1, 4, 8, 11, 13, 16, 17, 19, 28, 29, 31, 35, 39, 40, 42, 43, 45, 49, 51, 
      52, 54, 60, 64, 65, 66, 67 ], 
  [ 1, 3, 6, 8, 11, 14, 16, 17, 19, 21, 23, 25, 28, 30, 35, 36, 38, 40, 45, 
      47, 49, 50, 51, 52, 54, 60, 63, 65, 67 ], 
  [ 1, 4, 8, 11, 14, 16, 18, 19, 25, 28, 30, 35, 36, 39, 40, 47, 48, 49, 51, 
      52, 54, 63, 65, 67 ], 
  [ 1, 4, 9, 11, 14, 16, 17, 19, 21, 25, 28, 31, 35, 39, 40, 42, 45, 47, 49, 
      51, 52, 54, 65, 67 ], 
  [ 1, 4, 8, 11, 13, 16, 17, 19, 28, 30, 31, 35, 39, 40, 42, 45, 47, 49, 51, 
      52, 54, 60, 65, 66, 67 ], 
  [ 1, 4, 8, 11, 14, 16, 17, 19, 28, 30, 31, 35, 38, 40, 45, 47, 49, 51, 52, 
      54, 60, 65, 67 ], 
  [ 1, 4, 8, 11, 14, 16, 17, 19, 25, 28, 30, 31, 35, 39, 40, 47, 49, 51, 52, 
      57, 58, 59, 65 ], 
  [ 1, 4, 8, 11, 14, 16, 17, 19, 25, 28, 30, 31, 35, 39, 40, 47, 50, 51, 53, 
      54, 55, 60, 63, 65, 66, 67 ], 
  [ 1, 4, 8, 11, 14, 16, 17, 19, 25, 27, 30, 31, 35, 39, 40, 41, 47, 48, 49, 
      51, 52, 54, 65, 67, 68 ], 
  [ 5, 6, 13, 17, 21, 24, 26, 27, 29, 31, 35, 39, 40, 43, 57, 58, 59, 64, 
      66, 68 ], 
  [ 5, 6, 13, 17, 21, 24, 26, 27, 29, 31, 35, 39, 40, 43, 50, 53, 58, 59, 
      61, 64, 66, 68 ], 
  [ 5, 6, 8, 12, 17, 20, 24, 26, 27, 29, 31, 35, 38, 40, 41, 43, 51, 52, 55, 
      56, 57, 58, 60, 64, 65, 66, 67, 68 ], 
  [ 5, 6, 8, 12, 17, 20, 24, 26, 27, 29, 31, 35, 38, 40, 41, 43, 50, 53, 55, 
      56, 58, 60, 61, 64, 66, 67, 68 ], 
  [ 5, 6, 8, 12, 17, 20, 24, 26, 27, 29, 31, 35, 38, 40, 41, 43, 57, 58, 59, 
      61, 64, 68 ], 
  [ 5, 6, 8, 13, 17, 20, 24, 26, 27, 29, 31, 35, 39, 40, 43, 50, 53, 58, 61, 
      64, 66, 68 ], 
  [ 5, 6, 8, 12, 13, 17, 20, 24, 26, 27, 29, 31, 35, 39, 40, 43, 51, 52, 55, 
      56, 57, 58, 64, 66, 67 ], 
  [ 5, 6, 8, 12, 13, 17, 20, 24, 26, 27, 29, 31, 35, 39, 40, 43, 50, 53, 55, 
      56, 58, 61, 64, 66, 67 ], 
  [ 1, 2, 3, 4, 5, 6, 8, 9, 10, 11, 13, 14, 15, 16, 17, 20, 21, 22, 23, 24, 
      25, 26, 27, 29, 31, 34, 35, 36, 37, 38, 39, 40, 41, 43, 46, 48, 49, 
      50, 53, 54, 57, 58, 59, 61, 62, 64, 68 ], 
  [ 5, 6, 8, 12, 13, 17, 20, 24, 26, 27, 29, 31, 35, 39, 40, 43, 49, 54, 57, 
      59, 61, 62, 64, 68 ], 
  [ 2, 4, 5, 9, 11, 13, 16, 17, 21, 24, 26, 27, 29, 31, 35, 39, 40, 43, 53, 
      57, 58, 59, 64, 66, 68 ], 
  [ 5, 6, 7, 9, 13, 17, 21, 24, 26, 27, 29, 31, 34, 39, 40, 42, 43, 50, 53, 
      58, 59, 61, 62, 64, 66, 68 ], 
  [ 5, 6, 7, 12, 17, 20, 24, 26, 27, 29, 31, 34, 38, 40, 41, 43, 57, 58, 59, 
      61, 62, 64, 68 ], 
  [ 5, 6, 8, 12, 17, 20, 24, 26, 27, 29, 31, 35, 38, 40, 41, 43, 49, 54, 57, 
      59, 61, 62, 64, 68 ], 
  [ 5, 6, 13, 17, 20, 24, 26, 27, 29, 31, 34, 39, 40, 43, 50, 53, 58, 61, 
      64, 66, 68 ], 
  [ 1, 6, 8, 12, 15, 18, 19, 27, 29, 35, 36, 37, 38, 41, 46, 48, 49, 51, 52, 
      54, 56, 60, 63, 64, 65, 67, 68 ], 
  [ 1, 6, 7, 12, 16, 17, 19, 23, 25, 28, 30, 31, 34, 39, 40, 42, 43, 49, 51, 
      52, 57, 58, 59, 62, 65 ], 
  [ 1, 4, 8, 11, 14, 15, 17, 19, 26, 28, 29, 31, 35, 38, 40, 45, 47, 49, 51, 
      52, 56, 57, 58, 59, 64, 65, 67 ], 
  [ 1, 4, 9, 11, 14, 16, 17, 19, 21, 31, 35, 38, 40, 45, 47, 49, 51, 52, 54, 
      60, 65, 67 ], 
  [ 1, 4, 8, 11, 14, 15, 17, 19, 26, 28, 29, 31, 35, 38, 40, 45, 47, 49, 51, 
      54, 60, 65, 67 ], 
  [ 1, 4, 8, 11, 14, 16, 17, 19, 28, 30, 31, 35, 38, 40, 45, 47, 49, 51, 52, 
      57, 58, 59, 65 ], 
  [ 1, 4, 7, 9, 11, 14, 16, 17, 19, 28, 30, 31, 34, 38, 40, 42, 44, 45, 47, 
      49, 51, 52, 54, 60, 62, 65, 67 ], 
  [ 1, 4, 8, 11, 14, 16, 18, 19, 28, 30, 35, 36, 38, 40, 45, 47, 49, 51, 52, 
      54, 60, 63, 65, 67 ], 
  [ 1, 4, 9, 11, 14, 16, 19, 21, 35, 36, 38, 40, 45, 47, 49, 51, 52, 54, 60, 
      63, 65, 67 ], 
  [ 1, 4, 9, 10, 14, 16, 19, 21, 31, 33, 35, 38, 40, 41, 43, 45, 47, 49, 51, 
      52, 54, 55, 60, 63, 65, 67 ], 
  [ 1, 4, 9, 11, 14, 15, 17, 19, 21, 26, 29, 31, 35, 38, 40, 45, 47, 49, 51, 
      54, 60, 65, 67 ], 
  [ 1, 4, 9, 11, 14, 16, 19, 21, 23, 30, 35, 36, 37, 38, 44, 45, 47, 49, 51, 
      52, 54, 60, 63, 65 ], 
  [ 1, 4, 9, 11, 14, 15, 19, 21, 26, 29, 35, 36, 38, 40, 45, 47, 49, 51, 54, 
      60, 63, 65, 67 ], 
  [ 1, 4, 9, 11, 14, 16, 19, 21, 29, 35, 36, 38, 40, 43, 45, 46, 49, 51, 52, 
      54, 60, 63, 64, 65, 67 ], 
  [ 1, 3, 6, 8, 11, 14, 16, 17, 19, 21, 23, 25, 28, 30, 35, 36, 38, 40, 45, 
      47, 49, 51, 52, 57, 58, 59, 65 ], 
  [ 1, 2, 3, 4, 8, 9, 10, 11, 13, 14, 15, 16, 17, 19, 21, 23, 25, 28, 30, 
      31, 33, 35, 37, 39, 42, 44, 45, 47, 49, 51, 52, 53, 55, 56, 57, 58, 
      59, 65, 66 ], 
  [ 5, 6, 7, 12, 17, 20, 24, 26, 27, 29, 31, 34, 38, 40, 41, 43, 51, 52, 55, 
      56, 57, 58, 60, 64, 65, 66, 67, 68 ], 
  [ 5, 6, 7, 12, 17, 20, 24, 26, 27, 30, 31, 34, 38, 40, 41, 44, 47, 52, 56, 
      57, 58, 59, 61, 62, 64, 67, 68 ], 
  [ 1, 3, 6, 8, 11, 14, 15, 17, 19, 21, 25, 26, 28, 29, 35, 36, 38, 40, 45, 
      47, 49, 50, 51, 54, 60, 63, 65, 67 ], 
  [ 1, 4, 9, 10, 14, 15, 19, 21, 26, 29, 31, 33, 35, 38, 40, 41, 43, 45, 47, 
      49, 51, 54, 55, 60, 63, 65, 67 ], 
  [ 1, 4, 9, 11, 13, 15, 19, 21, 24, 26, 27, 29, 35, 36, 38, 40, 45, 47, 49, 
      51, 54, 60, 63, 67 ], 
  [ 1, 4, 9, 11, 14, 15, 19, 21, 25, 26, 28, 29, 35, 36, 39, 40, 42, 45, 47, 
      49, 51, 54, 63, 65, 67 ], 
  [ 1, 4, 9, 11, 14, 15, 19, 21, 26, 27, 29, 35, 36, 38, 40, 41, 47, 48, 49, 
      51, 54, 60, 63, 65, 67, 68 ], 
  [ 2, 4, 8, 11, 13, 15, 18, 19, 28, 30, 33, 35, 37, 39, 42, 44, 45, 47, 49, 
      51, 52, 54, 56, 60, 63, 65, 66, 67 ], 
  [ 2, 4, 8, 11, 13, 15, 18, 19, 24, 27, 30, 33, 35, 37, 44, 45, 47, 49, 51, 
      52, 54, 56, 60, 63, 67 ], 
  [ 2, 4, 8, 11, 13, 16, 18, 19, 24, 27, 30, 33, 35, 45, 47, 49, 51, 52, 54, 
      60, 63, 67 ], 
  [ 2, 3, 8, 11, 13, 16, 17, 19, 21, 23, 24, 27, 30, 33, 35, 45, 47, 50, 51, 
      52, 53, 55, 56, 60, 63, 66, 67 ], 
  [ 2, 4, 8, 11, 13, 16, 18, 19, 24, 26, 27, 29, 33, 35, 40, 43, 45, 47, 49, 
      51, 54, 60, 63, 67 ], 
  [ 2, 4, 8, 11, 13, 16, 18, 19, 23, 24, 27, 30, 33, 35, 37, 45, 46, 49, 51, 
      52, 54, 60, 63 ], 
  [ 2, 4, 8, 11, 13, 16, 18, 19, 23, 27, 30, 33, 35, 37, 39, 46, 48, 49, 51, 
      52, 54, 60, 63, 65, 66, 68 ], 
  [ 1, 4, 8, 10, 12, 13, 16, 18, 19, 23, 24, 27, 30, 31, 33, 35, 37, 38, 41, 
      43, 45, 46, 49, 51, 52, 54, 55, 60, 63 ], 
  [ 1, 4, 8, 11, 13, 16, 18, 19, 23, 24, 27, 30, 35, 36, 37, 38, 45, 46, 49, 
      51, 52, 54, 60, 63 ], 
  [ 1, 6, 8, 12, 13, 18, 19, 28, 29, 35, 36, 39, 40, 42, 43, 45, 46, 49, 51, 
      52, 54, 60, 63, 64, 65, 66, 67 ], 
  [ 1, 3, 6, 8, 10, 12, 13, 16, 17, 20, 23, 24, 28, 30, 31, 34, 38, 40, 42, 
      43, 45, 49, 50, 51, 52, 54, 55, 60, 63, 67 ], 
  [ 1, 3, 6, 8, 10, 12, 13, 15, 17, 20, 23, 24, 28, 29, 31, 34, 37, 38, 42, 
      43, 45, 46, 49, 50, 51, 52, 54, 55, 56, 60, 63, 64, 67 ], 
  [ 1, 4, 9, 10, 14, 15, 19, 21, 29, 31, 33, 35, 37, 38, 41, 43, 45, 46, 49, 
      51, 52, 54, 55, 56, 60, 63, 64, 65, 67 ], 
  [ 1, 6, 7, 12, 15, 17, 19, 25, 26, 28, 29, 31, 34, 39, 40, 42, 44, 47, 50, 
      51, 54, 55, 60, 63, 65, 66, 67 ], 
  [ 1, 6, 7, 12, 15, 17, 19, 25, 26, 28, 29, 31, 34, 39, 40, 42, 44, 47, 50, 
      54, 60, 61, 62, 65, 66, 67, 68 ], 
  [ 1, 4, 9, 11, 14, 16, 19, 21, 23, 25, 28, 30, 35, 36, 37, 39, 42, 44, 45, 
      47, 49, 51, 52, 54, 63, 65 ], 
  [ 1, 4, 8, 11, 14, 16, 18, 19, 23, 25, 28, 30, 35, 36, 37, 39, 46, 48, 49, 
      51, 52, 54, 63, 65 ], 
  [ 1, 4, 9, 10, 14, 16, 19, 21, 25, 28, 31, 33, 35, 39, 40, 42, 43, 45, 47, 
      49, 51, 52, 54, 55, 63, 65, 67 ], 
  [ 1, 4, 9, 11, 14, 16, 19, 21, 23, 27, 30, 35, 36, 37, 38, 41, 44, 47, 48, 
      49, 51, 52, 54, 60, 63, 65, 68 ], 
  [ 1, 3, 6, 8, 11, 13, 15, 17, 19, 21, 24, 26, 27, 29, 35, 36, 38, 40, 45, 
      47, 49, 50, 51, 54, 60, 63, 67 ], 
  [ 2, 4, 8, 11, 13, 15, 18, 19, 24, 26, 27, 29, 33, 35, 45, 47, 49, 51, 54, 
      60, 63, 67 ], 
  [ 1, 4, 8, 11, 13, 15, 18, 19, 24, 27, 29, 35, 36, 37, 38, 45, 46, 49, 51, 
      52, 54, 56, 60, 63, 64, 67 ], 
  [ 1, 4, 8, 11, 13, 16, 18, 19, 28, 29, 35, 36, 39, 40, 42, 43, 45, 46, 49, 
      51, 52, 54, 60, 63, 64, 65, 66, 67 ], 
  [ 3, 6, 8, 12, 13, 15, 17, 19, 21, 24, 26, 27, 29, 33, 35, 45, 47, 50, 51, 
      55, 56, 60, 63, 66, 67 ], 
  [ 3, 6, 8, 12, 13, 17, 19, 21, 23, 24, 27, 29, 33, 35, 43, 45, 46, 50, 51, 
      52, 55, 56, 60, 63, 64, 66, 67 ], 
  [ 3, 6, 8, 12, 13, 15, 17, 19, 21, 23, 24, 27, 30, 33, 35, 37, 44, 45, 47, 
      50, 51, 55, 56, 60, 63, 66 ], 
  [ 1, 3, 6, 8, 11, 14, 15, 17, 19, 21, 25, 26, 28, 29, 35, 36, 38, 40, 45, 
      47, 49, 51, 52, 56, 57, 58, 59, 64, 65, 67 ], 
  [ 1, 4, 8, 10, 12, 13, 15, 18, 19, 24, 26, 27, 29, 31, 33, 35, 38, 40, 41, 
      43, 45, 47, 50, 53, 54, 55, 60, 61, 63, 67 ] ];
