return 
[ [ 1, 2, 4, 5, 7, 13, 15, 24, 25, 26, 29, 30, 32, 37, 39, 40, 45, 47 ], 
  [ 1, 2, 4, 5, 7, 13, 15, 24, 25, 26, 29, 30, 32, 38, 39, 40, 45, 47 ], 
  [ 3, 4, 5, 6, 7, 13, 15, 19, 23, 26, 29, 30, 32, 38, 39, 40, 45, 47 ], 
  [ 3, 4, 5, 6, 7, 13, 15, 19, 21, 23, 26, 30, 32, 38, 39, 40, 45, 47 ], 
  [ 3, 4, 5, 6, 7, 13, 15, 23, 24, 26, 29, 30, 32, 38, 39, 40, 45, 47 ], 
  [ 3, 7, 8, 13, 15, 17, 19, 23, 27, 29, 32, 35, 39, 40, 43, 44, 45, 47 ], 
  [ 3, 7, 8, 13, 15, 17, 19, 21, 23, 27, 32, 35, 39, 40, 43, 44, 45, 47 ], 
  [ 3, 7, 8, 13, 15, 17, 23, 24, 27, 29, 32, 35, 39, 40, 43, 44, 45, 47 ], 
  [ 1, 3, 7, 8, 13, 15, 17, 19, 20, 27, 29, 35, 36, 41, 43, 44, 45, 47 ], 
  [ 1, 3, 7, 8, 13, 15, 17, 19, 20, 21, 27, 35, 36, 41, 43, 44, 45, 47 ], 
  [ 1, 3, 7, 8, 13, 15, 17, 20, 24, 27, 29, 35, 36, 41, 43, 44, 45, 47 ], 
  [ 4, 7, 8, 13, 15, 17, 23, 24, 25, 29, 32, 35, 37, 39, 40, 44, 45, 47 ], 
  [ 1, 4, 7, 8, 13, 15, 17, 24, 25, 29, 32, 35, 37, 39, 40, 44, 45, 47 ], 
  [ 1, 4, 7, 8, 15, 17, 22, 24, 25, 29, 32, 35, 37, 39, 40, 44, 45, 47 ], 
  [ 3, 4, 5, 6, 7, 11, 13, 15, 19, 23, 26, 29, 30, 38, 39, 40, 45, 47 ], 
  [ 3, 4, 5, 6, 7, 11, 13, 15, 19, 21, 23, 26, 30, 38, 39, 40, 45, 47 ], 
  [ 3, 4, 5, 6, 7, 11, 13, 15, 23, 24, 26, 29, 30, 38, 39, 40, 45, 47 ], 
  [ 2, 3, 4, 5, 6, 7, 11, 13, 15, 19, 26, 29, 30, 38, 39, 40, 45, 47 ], 
  [ 2, 3, 4, 5, 6, 7, 11, 13, 15, 19, 21, 26, 30, 38, 39, 40, 45, 47 ], 
  [ 2, 3, 4, 5, 6, 7, 11, 13, 15, 24, 26, 29, 30, 38, 39, 40, 45, 47 ], 
  [ 3, 7, 8, 11, 13, 15, 17, 19, 20, 27, 29, 35, 39, 40, 43, 44, 45, 47 ], 
  [ 3, 7, 8, 11, 13, 15, 17, 19, 20, 27, 29, 35, 36, 41, 43, 44, 45, 47 ], 
  [ 3, 7, 8, 11, 13, 15, 17, 19, 20, 21, 27, 35, 39, 40, 43, 44, 45, 47 ], 
  [ 3, 7, 8, 11, 13, 15, 17, 19, 20, 21, 27, 35, 36, 41, 43, 44, 45, 47 ], 
  [ 3, 7, 8, 11, 15, 17, 19, 20, 22, 27, 29, 35, 39, 40, 43, 44, 45, 47 ], 
  [ 3, 7, 8, 11, 15, 17, 19, 20, 21, 22, 27, 35, 39, 40, 43, 44, 45, 47 ], 
  [ 3, 7, 8, 11, 13, 15, 17, 19, 23, 27, 29, 35, 39, 40, 43, 44, 45, 47 ], 
  [ 3, 7, 8, 11, 13, 15, 17, 19, 21, 23, 27, 35, 39, 40, 43, 44, 45, 47 ], 
  [ 3, 7, 8, 11, 13, 15, 17, 20, 24, 27, 29, 35, 39, 40, 43, 44, 45, 47 ], 
  [ 3, 7, 8, 11, 13, 15, 17, 20, 24, 27, 29, 35, 36, 41, 43, 44, 45, 47 ], 
  [ 3, 7, 8, 11, 15, 17, 20, 22, 24, 27, 29, 35, 39, 40, 43, 44, 45, 47 ], 
  [ 3, 7, 8, 11, 13, 15, 17, 23, 24, 27, 29, 35, 39, 40, 43, 44, 45, 47 ], 
  [ 4, 7, 8, 11, 13, 15, 17, 23, 24, 25, 29, 35, 37, 39, 40, 44, 45, 47 ], 
  [ 3, 4, 7, 8, 11, 13, 15, 19, 26, 29, 30, 35, 36, 37, 41, 43, 45, 47 ], 
  [ 3, 4, 7, 8, 11, 13, 15, 19, 21, 26, 30, 35, 36, 37, 41, 43, 45, 47 ], 
  [ 3, 4, 7, 8, 11, 13, 15, 19, 23, 26, 29, 30, 35, 37, 41, 43, 45, 47 ], 
  [ 3, 4, 7, 8, 11, 13, 15, 19, 21, 23, 26, 30, 35, 37, 41, 43, 45, 47 ], 
  [ 3, 4, 7, 8, 11, 13, 17, 19, 21, 23, 28, 35, 37, 39, 40, 43, 44, 45 ], 
  [ 3, 4, 7, 8, 11, 13, 15, 24, 26, 29, 30, 35, 36, 37, 41, 43, 45, 47 ], 
  [ 3, 4, 7, 8, 11, 13, 15, 23, 24, 26, 29, 30, 35, 37, 41, 43, 45, 47 ], 
  [ 3, 7, 8, 11, 12, 15, 17, 19, 20, 27, 29, 35, 36, 41, 43, 44, 45, 47 ], 
  [ 3, 7, 8, 11, 12, 15, 17, 19, 20, 21, 27, 35, 36, 41, 43, 44, 45, 47 ], 
  [ 3, 7, 8, 11, 12, 15, 17, 19, 20, 22, 27, 29, 35, 40, 43, 44, 45, 47 ], 
  [ 3, 7, 8, 11, 12, 15, 17, 19, 20, 22, 27, 29, 35, 36, 43, 44, 45, 47 ], 
  [ 3, 7, 8, 11, 12, 15, 17, 19, 20, 21, 22, 27, 35, 40, 43, 44, 45, 47 ], 
  [ 3, 7, 8, 11, 12, 15, 17, 19, 20, 21, 22, 27, 35, 36, 43, 44, 45, 47 ], 
  [ 3, 7, 8, 11, 12, 15, 17, 20, 24, 27, 29, 35, 36, 41, 43, 44, 45, 47 ], 
  [ 3, 7, 8, 11, 12, 15, 17, 20, 22, 24, 27, 29, 35, 40, 43, 44, 45, 47 ], 
  [ 3, 7, 8, 11, 12, 15, 17, 20, 22, 24, 27, 29, 35, 36, 43, 44, 45, 47 ], 
  [ 1, 2, 4, 5, 7, 13, 15, 19, 21, 25, 26, 29, 30, 32, 37, 39, 40, 45, 47 ], 
  [ 1, 2, 4, 5, 7, 13, 15, 19, 21, 25, 26, 29, 30, 32, 38, 39, 40, 45, 47 ], 
  [ 3, 4, 5, 6, 7, 13, 15, 19, 23, 26, 29, 30, 32, 37, 39, 40, 43, 45, 47 ], 
  [ 3, 4, 5, 6, 7, 13, 15, 19, 21, 23, 26, 30, 32, 37, 39, 40, 43, 45, 47 ], 
  [ 3, 4, 5, 6, 7, 13, 15, 23, 24, 26, 29, 30, 32, 37, 39, 40, 43, 45, 47 ], 
  [ 1, 2, 3, 4, 5, 6, 7, 13, 15, 19, 26, 29, 30, 32, 38, 39, 40, 45, 47 ], 
  [ 1, 2, 3, 4, 5, 6, 7, 13, 15, 19, 21, 26, 30, 32, 38, 39, 40, 45, 47 ], 
  [ 1, 2, 3, 4, 5, 6, 7, 13, 15, 24, 26, 29, 30, 32, 38, 39, 40, 45, 47 ], 
  [ 1, 2, 7, 8, 13, 15, 17, 20, 22, 24, 25, 27, 29, 32, 33, 38, 39, 42, 45 ],
  [ 1, 3, 7, 8, 13, 15, 17, 19, 20, 27, 29, 32, 35, 39, 40, 43, 44, 45, 47 ],
  [ 1, 3, 7, 8, 13, 15, 17, 19, 20, 21, 27, 32, 35, 39, 40, 43, 44, 45, 47 ],
  [ 1, 3, 7, 8, 15, 17, 19, 20, 22, 27, 29, 32, 35, 39, 40, 43, 44, 45, 47 ],
  [ 1, 3, 7, 8, 15, 17, 19, 20, 21, 22, 27, 32, 35, 39, 40, 43, 44, 45, 47 ],
  [ 1, 3, 7, 8, 13, 15, 17, 20, 24, 27, 29, 32, 35, 39, 40, 43, 44, 45, 47 ],
  [ 1, 3, 7, 8, 15, 17, 20, 22, 24, 27, 29, 32, 35, 39, 40, 43, 44, 45, 47 ],
  [ 4, 7, 8, 13, 15, 17, 19, 21, 23, 25, 29, 32, 35, 37, 39, 40, 44, 45, 47 ]
    , [ 1, 4, 7, 8, 13, 15, 17, 19, 21, 25, 29, 32, 35, 37, 39, 40, 44, 45, 
      47 ], 
  [ 1, 4, 7, 8, 15, 17, 19, 21, 22, 25, 29, 32, 35, 37, 39, 40, 44, 45, 47 ],
  [ 3, 4, 7, 8, 13, 15, 17, 19, 23, 29, 32, 35, 37, 39, 40, 43, 44, 45, 47 ],
  [ 3, 4, 7, 8, 13, 15, 17, 19, 21, 23, 32, 35, 37, 39, 40, 43, 44, 45, 47 ],
  [ 3, 4, 7, 8, 13, 15, 17, 23, 24, 29, 32, 35, 37, 39, 40, 43, 44, 45, 47 ],
  [ 1, 3, 4, 7, 8, 13, 15, 17, 19, 29, 32, 35, 37, 39, 40, 43, 44, 45, 47 ], 
  [ 1, 3, 4, 7, 8, 13, 15, 17, 19, 21, 32, 35, 37, 39, 40, 43, 44, 45, 47 ], 
  [ 3, 4, 5, 6, 7, 11, 13, 15, 19, 23, 26, 29, 30, 37, 39, 40, 43, 45, 47 ], 
  [ 3, 4, 5, 6, 7, 11, 13, 15, 19, 21, 23, 26, 30, 37, 39, 40, 43, 45, 47 ], 
  [ 3, 4, 5, 6, 7, 11, 13, 15, 23, 24, 26, 29, 30, 37, 39, 40, 43, 45, 47 ], 
  [ 2, 3, 4, 5, 6, 7, 11, 13, 15, 19, 26, 29, 30, 37, 39, 40, 43, 45, 47 ], 
  [ 2, 3, 4, 5, 6, 7, 11, 13, 15, 19, 21, 26, 30, 37, 39, 40, 43, 45, 47 ], 
  [ 2, 3, 4, 5, 6, 7, 11, 13, 15, 24, 26, 29, 30, 37, 39, 40, 43, 45, 47 ], 
  [ 2, 7, 8, 11, 13, 15, 17, 20, 22, 24, 25, 27, 29, 38, 39, 40, 44, 45, 47 ]
    , [ 4, 7, 8, 11, 13, 15, 17, 19, 21, 23, 25, 29, 35, 37, 39, 40, 44, 45, 
      47 ], 
  [ 3, 4, 7, 8, 11, 13, 15, 19, 23, 26, 29, 30, 35, 37, 39, 40, 43, 45, 47 ],
  [ 3, 4, 7, 8, 11, 13, 15, 17, 19, 23, 29, 35, 37, 39, 40, 43, 44, 45, 47 ],
  [ 3, 4, 7, 8, 11, 13, 15, 19, 21, 23, 26, 30, 35, 37, 39, 40, 43, 45, 47 ],
  [ 3, 4, 7, 8, 11, 13, 15, 17, 19, 21, 23, 35, 37, 39, 40, 43, 44, 45, 47 ],
  [ 3, 4, 7, 8, 11, 13, 15, 23, 24, 26, 29, 30, 35, 37, 39, 40, 43, 45, 47 ],
  [ 3, 4, 7, 8, 11, 13, 15, 16, 23, 24, 25, 26, 29, 30, 33, 35, 39, 42, 46 ],
  [ 3, 4, 7, 8, 11, 13, 15, 17, 23, 24, 29, 35, 37, 39, 40, 43, 44, 45, 47 ],
  [ 3, 4, 7, 8, 11, 13, 17, 19, 23, 24, 28, 29, 35, 37, 39, 40, 43, 44, 45 ],
  [ 8, 9, 11, 13, 17, 18, 19, 21, 23, 27, 28, 31, 35, 37, 39, 40, 43, 44, 46 
     ], [ 7, 8, 11, 12, 15, 17, 20, 22, 24, 25, 27, 29, 31, 33, 35, 36, 42, 
      45, 46 ], 
  [ 8, 9, 11, 12, 15, 16, 23, 24, 25, 26, 29, 30, 31, 35, 37, 40, 43, 46, 47 
     ], [ 1, 2, 3, 4, 5, 6, 7, 13, 15, 19, 26, 29, 30, 32, 37, 39, 40, 43, 
      45, 47 ], 
  [ 1, 2, 3, 4, 5, 6, 7, 13, 15, 19, 21, 26, 30, 32, 37, 39, 40, 43, 45, 47 ]
    , [ 1, 2, 3, 4, 5, 6, 7, 13, 15, 24, 26, 29, 30, 32, 37, 39, 40, 43, 45, 
      47 ], 
  [ 1, 2, 7, 8, 13, 15, 17, 19, 20, 21, 22, 25, 27, 29, 32, 33, 38, 39, 42, 
      45 ], 
  [ 1, 2, 7, 8, 13, 15, 17, 20, 22, 24, 25, 27, 29, 32, 38, 39, 40, 44, 45, 
      47 ], 
  [ 1, 3, 7, 8, 13, 15, 16, 17, 20, 24, 25, 27, 29, 32, 35, 39, 40, 43, 46, 
      47 ], 
  [ 1, 3, 7, 8, 15, 16, 17, 20, 22, 24, 25, 27, 29, 32, 35, 39, 40, 43, 46, 
      47 ], [ 1, 2, 3, 7, 8, 13, 15, 17, 19, 20, 22, 27, 29, 35, 36, 39, 43, 
      44, 45, 47 ], 
  [ 1, 2, 3, 7, 8, 13, 15, 17, 19, 20, 21, 22, 27, 35, 36, 39, 43, 44, 45, 
      47 ], [ 1, 2, 3, 7, 8, 13, 15, 17, 20, 22, 24, 27, 29, 35, 36, 39, 43, 
      44, 45, 47 ], 
  [ 1, 2, 3, 7, 8, 13, 15, 16, 17, 20, 22, 24, 25, 27, 29, 32, 38, 39, 40, 
      47 ], [ 1, 3, 4, 7, 8, 17, 18, 19, 21, 22, 27, 28, 32, 35, 37, 39, 40, 
      43, 44, 46 ], 
  [ 1, 3, 4, 7, 8, 15, 16, 22, 24, 25, 26, 29, 32, 35, 37, 39, 40, 43, 46, 
      47 ], [ 1, 3, 4, 7, 8, 13, 14, 15, 16, 23, 24, 25, 26, 29, 30, 32, 38, 
      39, 40, 47 ], 
  [ 8, 9, 13, 14, 17, 18, 19, 21, 23, 27, 28, 31, 32, 35, 37, 39, 40, 43, 
      44, 46 ], 
  [ 8, 9, 13, 14, 15, 16, 23, 24, 25, 26, 29, 30, 31, 35, 36, 37, 41, 43, 
      46, 47 ], 
  [ 1, 8, 9, 14, 16, 18, 20, 22, 24, 25, 27, 29, 32, 34, 35, 38, 39, 40, 44, 
      47 ], 
  [ 3, 8, 9, 14, 16, 17, 18, 19, 21, 23, 27, 28, 32, 35, 37, 39, 40, 43, 44, 
      46 ], 
  [ 3, 8, 9, 13, 14, 16, 17, 18, 19, 21, 23, 27, 28, 35, 37, 39, 40, 43, 44, 
      46 ], 
  [ 1, 3, 8, 9, 14, 16, 17, 18, 19, 20, 21, 22, 27, 28, 32, 35, 39, 40, 43, 
      44 ], 
  [ 1, 3, 8, 9, 14, 16, 17, 18, 19, 20, 21, 22, 27, 28, 32, 35, 39, 40, 43, 
      46 ], 
  [ 4, 8, 9, 14, 15, 16, 18, 23, 24, 25, 26, 29, 32, 35, 37, 39, 40, 43, 46, 
      47 ], [ 1, 2, 3, 4, 6, 7, 11, 19, 20, 21, 22, 28, 34, 38, 39, 40, 43, 
      44, 45, 47 ], 
  [ 2, 7, 8, 11, 13, 15, 17, 19, 20, 21, 22, 25, 27, 29, 38, 39, 40, 44, 45, 
      47 ], 
  [ 2, 3, 7, 8, 11, 13, 15, 17, 19, 20, 22, 27, 29, 35, 36, 39, 43, 44, 45, 
      47 ], 
  [ 2, 3, 7, 8, 11, 13, 15, 17, 19, 20, 21, 22, 27, 35, 36, 39, 43, 44, 45, 
      47 ], 
  [ 2, 3, 7, 8, 11, 13, 15, 17, 20, 22, 24, 27, 29, 35, 36, 39, 43, 44, 45, 
      47 ], [ 1, 2, 4, 7, 8, 11, 13, 15, 17, 20, 22, 24, 25, 29, 38, 39, 40, 
      44, 45, 47 ], 
  [ 3, 4, 7, 8, 11, 13, 19, 21, 23, 26, 28, 30, 33, 34, 35, 38, 39, 41, 42, 
      45 ], 
  [ 3, 4, 7, 8, 11, 13, 15, 16, 19, 21, 23, 25, 26, 29, 30, 33, 35, 39, 42, 
      46 ], 
  [ 3, 4, 7, 8, 11, 13, 17, 18, 19, 21, 23, 27, 28, 35, 37, 39, 40, 43, 44, 
      46 ], 
  [ 3, 4, 7, 8, 11, 13, 15, 16, 23, 24, 25, 26, 29, 30, 33, 35, 36, 41, 42, 
      46 ], [ 1, 2, 3, 4, 7, 8, 11, 13, 15, 17, 19, 20, 22, 29, 38, 39, 40, 
      44, 45, 47 ], 
  [ 1, 2, 3, 4, 7, 8, 11, 13, 15, 17, 19, 20, 21, 22, 38, 39, 40, 44, 45, 47 
     ], [ 1, 2, 3, 4, 7, 8, 11, 13, 15, 17, 20, 22, 24, 29, 38, 39, 40, 44, 
      45, 47 ], 
  [ 4, 5, 7, 8, 11, 13, 15, 17, 23, 24, 25, 26, 29, 37, 38, 39, 40, 44, 45, 
      47 ], 
  [ 3, 6, 7, 8, 11, 13, 15, 17, 19, 21, 23, 27, 28, 38, 39, 40, 43, 44, 45, 
      47 ], [ 2, 3, 6, 7, 8, 11, 13, 15, 17, 19, 20, 21, 22, 27, 28, 33, 38, 
      39, 42, 45 ], 
  [ 3, 4, 6, 7, 8, 11, 13, 15, 19, 21, 23, 26, 28, 30, 38, 39, 40, 43, 45, 
      47 ], [ 8, 9, 11, 13, 15, 16, 23, 24, 25, 26, 29, 30, 31, 35, 37, 39, 
      40, 43, 46, 47 ], 
  [ 8, 9, 11, 13, 15, 16, 23, 24, 25, 26, 29, 30, 31, 35, 36, 37, 41, 43, 
      46, 47 ], 
  [ 8, 9, 11, 13, 17, 18, 19, 23, 24, 27, 28, 29, 31, 35, 37, 39, 40, 43, 
      44, 46 ], 
  [ 8, 9, 11, 13, 15, 16, 20, 23, 24, 25, 27, 29, 30, 31, 35, 39, 40, 43, 
      46, 47 ], 
  [ 2, 8, 9, 11, 13, 15, 17, 20, 22, 24, 25, 27, 29, 31, 38, 39, 40, 44, 45, 
      47 ], 
  [ 2, 8, 9, 11, 13, 15, 17, 18, 20, 22, 24, 25, 27, 29, 31, 32, 33, 39, 40, 
      46 ], 
  [ 2, 8, 9, 11, 13, 15, 16, 17, 18, 20, 22, 24, 25, 27, 29, 38, 39, 40, 44, 
      47 ], 
  [ 3, 8, 9, 11, 13, 16, 17, 18, 19, 21, 23, 27, 28, 35, 37, 39, 40, 43, 44, 
      46 ], 
  [ 5, 8, 9, 11, 13, 15, 16, 17, 23, 24, 25, 26, 29, 31, 37, 39, 40, 43, 46, 
      47 ], 
  [ 6, 8, 9, 11, 13, 15, 17, 18, 19, 21, 23, 27, 28, 31, 37, 39, 40, 43, 44, 
      46 ], 
  [ 2, 6, 8, 9, 11, 13, 15, 17, 18, 19, 20, 21, 22, 27, 28, 31, 39, 40, 43, 
      44 ], 
  [ 2, 6, 8, 9, 11, 13, 15, 17, 18, 19, 20, 21, 22, 27, 28, 31, 39, 40, 43, 
      46 ], [ 7, 8, 11, 12, 15, 17, 19, 20, 21, 22, 25, 27, 29, 31, 33, 35, 
      36, 42, 45, 46 ], 
  [ 4, 7, 8, 11, 12, 13, 15, 17, 23, 24, 25, 29, 30, 35, 37, 40, 41, 44, 45, 
      47 ], 
  [ 1, 4, 7, 8, 11, 12, 13, 15, 17, 20, 24, 25, 29, 30, 33, 35, 36, 41, 42, 
      45 ], 
  [ 1, 4, 7, 8, 11, 12, 15, 17, 20, 22, 24, 25, 29, 35, 36, 37, 40, 44, 45, 
      47 ], 
  [ 3, 4, 7, 8, 11, 12, 15, 16, 23, 24, 25, 26, 29, 30, 35, 37, 40, 43, 46, 
      47 ], 
  [ 3, 4, 7, 8, 11, 12, 15, 16, 23, 24, 25, 26, 29, 30, 33, 35, 36, 41, 42, 
      46 ], [ 1, 3, 4, 7, 8, 11, 12, 13, 15, 17, 19, 20, 29, 30, 33, 35, 36, 
      41, 42, 45 ], 
  [ 1, 3, 4, 7, 8, 11, 12, 13, 15, 17, 19, 20, 21, 30, 33, 35, 36, 41, 42, 
      45 ], [ 1, 3, 4, 7, 8, 11, 12, 17, 18, 19, 20, 21, 22, 27, 28, 33, 35, 
      36, 42, 46 ], 
  [ 8, 9, 11, 12, 17, 18, 19, 20, 21, 22, 27, 28, 31, 35, 36, 37, 40, 43, 
      44, 46 ], 
  [ 8, 9, 11, 12, 15, 16, 19, 21, 23, 25, 26, 29, 30, 31, 35, 37, 40, 43, 
      46, 47 ], 
  [ 8, 9, 11, 12, 15, 16, 17, 18, 20, 22, 24, 25, 27, 29, 31, 33, 35, 36, 
      42, 46 ], 
  [ 8, 9, 11, 12, 15, 16, 23, 24, 25, 26, 29, 30, 31, 35, 36, 37, 41, 43, 
      46, 47 ], 
  [ 7, 8, 13, 15, 17, 23, 24, 25, 27, 29, 31, 32, 35, 37, 39, 40, 43, 44, 
      45, 46, 47 ], 
  [ 1, 2, 7, 8, 13, 15, 17, 19, 20, 21, 22, 25, 27, 29, 32, 38, 39, 40, 44, 
      45, 47 ], 
  [ 1, 3, 7, 8, 13, 15, 16, 17, 19, 20, 21, 25, 27, 29, 32, 35, 39, 40, 43, 
      46, 47 ], 
  [ 1, 3, 7, 8, 15, 16, 17, 19, 20, 21, 22, 25, 27, 29, 32, 35, 39, 40, 43, 
      46, 47 ], 
  [ 1, 2, 3, 7, 8, 13, 15, 16, 17, 19, 20, 21, 22, 25, 27, 29, 32, 38, 39, 
      40, 47 ], 
  [ 1, 2, 3, 7, 8, 13, 15, 16, 17, 20, 22, 24, 25, 27, 29, 32, 38, 39, 42, 
      45, 47 ], 
  [ 1, 2, 3, 7, 8, 13, 15, 16, 17, 20, 22, 24, 25, 27, 29, 32, 39, 40, 43, 
      46, 47 ], 
  [ 1, 3, 4, 7, 8, 15, 16, 19, 21, 22, 25, 26, 29, 32, 35, 37, 39, 40, 43, 
      46, 47 ], 
  [ 1, 3, 4, 7, 8, 13, 14, 15, 16, 19, 21, 23, 25, 26, 29, 30, 32, 38, 39, 
      40, 47 ], 
  [ 1, 3, 4, 7, 8, 17, 18, 19, 22, 24, 27, 28, 29, 32, 35, 37, 39, 40, 43, 
      44, 46 ], 
  [ 1, 3, 4, 7, 8, 13, 14, 15, 16, 23, 24, 25, 26, 29, 30, 32, 33, 35, 39, 
      42, 46 ], 
  [ 1, 3, 4, 7, 8, 13, 14, 15, 16, 23, 24, 25, 26, 29, 30, 33, 35, 36, 41, 
      42, 46 ], 
  [ 8, 9, 13, 14, 15, 16, 19, 21, 23, 25, 26, 29, 30, 31, 35, 36, 37, 41, 
      43, 46, 47 ], 
  [ 8, 9, 13, 14, 15, 16, 23, 24, 25, 26, 29, 30, 31, 32, 35, 37, 39, 40, 
      43, 46, 47 ], 
  [ 8, 9, 13, 14, 17, 18, 19, 23, 24, 27, 28, 29, 31, 32, 35, 37, 39, 40, 
      43, 44, 46 ], 
  [ 8, 9, 13, 14, 15, 16, 20, 23, 24, 25, 27, 29, 30, 31, 32, 35, 39, 40, 
      43, 46, 47 ], 
  [ 1, 8, 9, 14, 16, 18, 19, 20, 21, 22, 25, 27, 29, 32, 34, 35, 38, 39, 40, 
      44, 47 ], 
  [ 3, 8, 9, 14, 16, 17, 18, 19, 23, 24, 27, 28, 29, 32, 35, 37, 39, 40, 43, 
      44, 46 ], 
  [ 3, 8, 9, 13, 14, 16, 17, 18, 19, 23, 24, 27, 28, 29, 35, 37, 39, 40, 43, 
      44, 46 ], 
  [ 1, 3, 8, 9, 14, 16, 17, 18, 19, 21, 22, 27, 28, 32, 35, 37, 39, 40, 43, 
      44, 46 ], 
  [ 1, 3, 8, 9, 14, 16, 17, 18, 19, 20, 22, 24, 27, 28, 29, 32, 35, 39, 40, 
      43, 44 ], 
  [ 1, 3, 8, 9, 14, 16, 17, 18, 19, 20, 22, 24, 27, 28, 29, 32, 35, 39, 40, 
      43, 46 ], 
  [ 4, 8, 9, 14, 15, 16, 18, 19, 21, 23, 25, 26, 29, 32, 35, 37, 39, 40, 43, 
      46, 47 ], 
  [ 1, 4, 8, 9, 14, 15, 16, 18, 22, 24, 25, 26, 29, 32, 35, 37, 39, 40, 43, 
      46, 47 ], 
  [ 1, 2, 3, 4, 6, 7, 11, 19, 20, 21, 22, 26, 28, 30, 34, 38, 39, 40, 43, 
      45, 47 ], 
  [ 1, 2, 3, 4, 6, 7, 11, 19, 20, 22, 24, 28, 29, 34, 38, 39, 40, 43, 44, 
      45, 47 ], 
  [ 7, 8, 11, 13, 15, 17, 23, 24, 25, 27, 29, 31, 35, 37, 39, 40, 43, 44, 
      45, 46, 47 ], 
  [ 2, 7, 8, 11, 13, 15, 17, 20, 22, 24, 25, 27, 29, 31, 33, 35, 36, 39, 42, 
      45, 46 ], 
  [ 1, 2, 4, 7, 8, 11, 13, 15, 17, 19, 20, 21, 22, 25, 29, 38, 39, 40, 44, 
      45, 47 ], 
  [ 3, 4, 7, 8, 11, 13, 15, 16, 19, 21, 23, 25, 26, 29, 30, 33, 35, 36, 41, 
      42, 46 ], 
  [ 3, 4, 7, 8, 11, 13, 15, 16, 23, 24, 25, 26, 29, 30, 35, 37, 39, 40, 43, 
      46, 47 ], 
  [ 3, 4, 7, 8, 11, 13, 15, 16, 23, 24, 25, 26, 29, 30, 35, 36, 37, 41, 43, 
      46, 47 ], 
  [ 3, 4, 7, 8, 11, 13, 19, 23, 24, 26, 28, 29, 30, 33, 34, 35, 38, 39, 41, 
      42, 45 ], 
  [ 3, 4, 7, 8, 11, 13, 17, 18, 19, 23, 24, 27, 28, 29, 35, 37, 39, 40, 43, 
      44, 46 ], 
  [ 4, 5, 7, 8, 11, 13, 15, 17, 19, 21, 23, 25, 26, 29, 37, 38, 39, 40, 44, 
      45, 47 ], 
  [ 2, 4, 5, 7, 8, 11, 13, 15, 17, 22, 24, 25, 26, 29, 37, 38, 39, 40, 44, 
      45, 47 ], 
  [ 3, 6, 7, 8, 11, 13, 15, 17, 19, 23, 24, 27, 28, 29, 38, 39, 40, 43, 44, 
      45, 47 ], 
  [ 2, 3, 6, 7, 8, 11, 13, 15, 17, 19, 20, 21, 22, 27, 28, 33, 36, 38, 41, 
      42, 45 ], 
  [ 2, 3, 6, 7, 8, 11, 13, 15, 17, 19, 20, 22, 24, 27, 28, 29, 33, 38, 39, 
      42, 45 ], 
  [ 3, 4, 6, 7, 8, 11, 13, 15, 19, 23, 24, 26, 28, 29, 30, 38, 39, 40, 43, 
      45, 47 ], 
  [ 1, 2, 3, 4, 6, 7, 8, 11, 13, 15, 17, 19, 20, 21, 22, 28, 38, 39, 40, 44, 
      45 ], 
  [ 1, 2, 3, 4, 6, 7, 8, 11, 13, 15, 17, 19, 20, 21, 22, 28, 39, 40, 43, 44, 
      45 ], [ 8, 9, 11, 13, 15, 16, 19, 21, 23, 25, 26, 29, 30, 31, 35, 37, 
      39, 40, 43, 46, 47 ], 
  [ 8, 9, 11, 13, 15, 16, 19, 21, 23, 25, 26, 29, 30, 31, 35, 36, 37, 41, 
      43, 46, 47 ], 
  [ 8, 9, 11, 13, 15, 16, 19, 20, 21, 23, 25, 27, 29, 30, 31, 35, 39, 40, 
      43, 46, 47 ], 
  [ 8, 9, 11, 13, 14, 15, 16, 18, 20, 23, 24, 25, 27, 29, 30, 35, 39, 40, 
      43, 46, 47 ], 
  [ 2, 8, 9, 11, 13, 15, 17, 19, 20, 21, 22, 25, 27, 29, 31, 38, 39, 40, 44, 
      45, 47 ], 
  [ 2, 8, 9, 11, 13, 15, 17, 18, 19, 20, 21, 22, 25, 27, 29, 31, 32, 33, 39, 
      40, 46 ], 
  [ 2, 8, 9, 11, 13, 15, 16, 17, 18, 19, 20, 21, 22, 25, 27, 29, 38, 39, 40, 
      44, 47 ], 
  [ 3, 8, 9, 11, 13, 16, 17, 18, 19, 23, 24, 27, 28, 29, 35, 37, 39, 40, 43, 
      44, 46 ], 
  [ 5, 8, 9, 11, 13, 15, 16, 17, 19, 21, 23, 25, 26, 29, 31, 37, 39, 40, 43, 
      46, 47 ], 
  [ 2, 5, 8, 9, 11, 13, 15, 16, 17, 22, 24, 25, 26, 29, 31, 37, 39, 40, 43, 
      46, 47 ], 
  [ 6, 8, 9, 11, 13, 15, 17, 18, 19, 23, 24, 27, 28, 29, 31, 37, 39, 40, 43, 
      44, 46 ], 
  [ 2, 6, 8, 9, 11, 13, 15, 17, 18, 19, 21, 22, 27, 28, 31, 37, 39, 40, 43, 
      44, 46 ], 
  [ 2, 6, 8, 9, 11, 13, 15, 17, 18, 19, 20, 21, 22, 27, 28, 31, 32, 33, 39, 
      40, 46 ], 
  [ 2, 6, 8, 9, 11, 13, 15, 17, 18, 19, 20, 22, 24, 27, 28, 29, 31, 39, 40, 
      43, 44 ], 
  [ 2, 6, 8, 9, 11, 13, 15, 17, 18, 19, 20, 22, 24, 27, 28, 29, 31, 39, 40, 
      43, 46 ], 
  [ 2, 3, 6, 8, 9, 11, 13, 15, 16, 17, 18, 19, 20, 21, 22, 27, 28, 39, 40, 
      43, 46 ], 
  [ 7, 8, 11, 12, 15, 17, 20, 22, 24, 25, 27, 29, 31, 32, 33, 35, 39, 40, 
      42, 45, 46 ], 
  [ 3, 7, 8, 11, 12, 13, 15, 17, 19, 20, 23, 27, 29, 30, 35, 40, 41, 43, 44, 
      45, 47 ], 
  [ 3, 7, 8, 11, 12, 13, 15, 17, 19, 20, 21, 23, 27, 30, 35, 40, 41, 43, 44, 
      45, 47 ], 
  [ 3, 7, 8, 11, 12, 13, 15, 17, 20, 23, 24, 27, 29, 30, 35, 40, 41, 43, 44, 
      45, 47 ], 
  [ 4, 7, 8, 11, 12, 13, 15, 17, 19, 21, 23, 25, 29, 30, 35, 37, 40, 41, 44, 
      45, 47 ], 
  [ 1, 4, 7, 8, 11, 12, 13, 15, 17, 19, 20, 21, 25, 29, 30, 33, 35, 36, 41, 
      42, 45 ], 
  [ 1, 4, 7, 8, 11, 12, 15, 17, 19, 20, 21, 22, 25, 29, 35, 36, 37, 40, 44, 
      45, 47 ], 
  [ 3, 4, 7, 8, 11, 12, 13, 15, 17, 19, 23, 29, 30, 35, 37, 40, 41, 43, 44, 
      45, 47 ], 
  [ 3, 4, 7, 8, 11, 12, 15, 16, 19, 21, 23, 25, 26, 29, 30, 35, 37, 40, 43, 
      46, 47 ], 
  [ 3, 4, 7, 8, 11, 12, 15, 16, 19, 21, 23, 25, 26, 29, 30, 33, 35, 36, 41, 
      42, 46 ], 
  [ 3, 4, 7, 8, 11, 12, 13, 15, 17, 19, 21, 23, 30, 35, 37, 40, 41, 43, 44, 
      45, 47 ], 
  [ 3, 4, 7, 8, 11, 12, 15, 16, 23, 24, 25, 26, 29, 30, 32, 33, 35, 39, 40, 
      42, 46 ], 
  [ 3, 4, 7, 8, 11, 12, 15, 16, 23, 24, 25, 26, 29, 30, 35, 36, 37, 41, 43, 
      46, 47 ], 
  [ 3, 4, 7, 8, 11, 12, 13, 15, 17, 23, 24, 29, 30, 35, 37, 40, 41, 43, 44, 
      45, 47 ], 
  [ 1, 3, 4, 7, 8, 11, 12, 15, 16, 20, 22, 24, 25, 26, 29, 30, 33, 35, 36, 
      42, 46 ], 
  [ 1, 3, 4, 7, 8, 11, 12, 17, 18, 19, 20, 22, 24, 27, 28, 29, 33, 35, 36, 
      42, 46 ], 
  [ 8, 9, 11, 12, 15, 16, 17, 18, 19, 20, 21, 22, 25, 27, 29, 31, 33, 35, 
      36, 42, 46 ], 
  [ 8, 9, 11, 12, 15, 16, 19, 21, 23, 25, 26, 29, 30, 31, 35, 36, 37, 41, 
      43, 46, 47 ], 
  [ 8, 9, 11, 12, 15, 16, 20, 22, 24, 25, 26, 29, 30, 31, 35, 36, 37, 40, 
      43, 46, 47 ], 
  [ 8, 9, 11, 12, 17, 18, 19, 20, 22, 24, 27, 28, 29, 31, 35, 36, 37, 40, 
      43, 44, 46 ], 
  [ 3, 8, 9, 11, 12, 16, 17, 18, 19, 20, 21, 22, 27, 28, 35, 36, 37, 40, 43, 
      44, 46 ], 
  [ 4, 8, 9, 11, 12, 14, 15, 16, 18, 23, 24, 25, 26, 29, 30, 35, 37, 40, 43, 
      46, 47 ], 
  [ 7, 8, 13, 15, 17, 19, 21, 23, 25, 27, 29, 31, 32, 35, 37, 39, 40, 43, 
      44, 45, 46, 47 ], 
  [ 1, 2, 7, 8, 13, 15, 17, 20, 22, 24, 25, 27, 29, 31, 32, 33, 35, 36, 39, 
      42, 45, 46 ], 
  [ 1, 3, 7, 8, 13, 14, 15, 16, 20, 23, 24, 25, 27, 29, 30, 32, 35, 39, 40, 
      43, 46, 47 ], 
  [ 1, 2, 3, 7, 8, 13, 15, 16, 17, 19, 20, 21, 22, 25, 27, 29, 32, 38, 39, 
      42, 45, 47 ], 
  [ 1, 2, 3, 7, 8, 13, 15, 16, 17, 19, 20, 21, 22, 25, 27, 29, 32, 39, 40, 
      43, 46, 47 ], 
  [ 1, 3, 4, 7, 8, 13, 14, 15, 16, 19, 21, 23, 25, 26, 29, 30, 32, 33, 35, 
      39, 42, 46 ], 
  [ 1, 3, 4, 7, 8, 13, 14, 15, 16, 19, 21, 23, 25, 26, 29, 30, 33, 35, 36, 
      41, 42, 46 ], 
  [ 1, 3, 4, 7, 8, 13, 14, 17, 18, 19, 21, 23, 27, 28, 32, 35, 37, 39, 40, 
      43, 44, 46 ], 
  [ 1, 3, 4, 7, 8, 13, 14, 15, 16, 23, 24, 25, 26, 29, 30, 35, 36, 37, 41, 
      43, 46, 47 ], 
  [ 8, 9, 13, 14, 15, 16, 19, 21, 23, 25, 26, 29, 30, 31, 32, 35, 37, 39, 
      40, 43, 46, 47 ], 
  [ 8, 9, 13, 14, 15, 16, 19, 20, 21, 23, 25, 27, 29, 30, 31, 32, 35, 39, 
      40, 43, 46, 47 ], 
  [ 1, 2, 8, 9, 13, 14, 15, 16, 17, 18, 20, 22, 24, 25, 27, 29, 32, 38, 39, 
      40, 44, 47 ], 
  [ 1, 3, 8, 9, 14, 16, 18, 19, 20, 21, 22, 27, 28, 32, 34, 35, 38, 39, 40, 
      43, 44, 47 ], 
  [ 1, 3, 8, 9, 14, 16, 17, 18, 19, 22, 24, 27, 28, 29, 32, 35, 37, 39, 40, 
      43, 44, 46 ], 
  [ 1, 4, 8, 9, 14, 15, 16, 18, 19, 21, 22, 25, 26, 29, 32, 35, 37, 39, 40, 
      43, 46, 47 ], 
  [ 1, 2, 3, 4, 6, 7, 11, 13, 19, 20, 21, 28, 30, 34, 38, 39, 40, 41, 43, 
      44, 45, 47 ], 
  [ 1, 2, 3, 4, 6, 7, 11, 19, 20, 22, 24, 26, 28, 29, 30, 34, 38, 39, 40, 
      43, 45, 47 ], 
  [ 7, 8, 11, 13, 15, 17, 19, 21, 23, 25, 27, 29, 31, 35, 37, 39, 40, 43, 
      44, 45, 46, 47 ], 
  [ 2, 7, 8, 11, 13, 15, 17, 19, 20, 21, 22, 25, 27, 29, 31, 33, 35, 36, 39, 
      42, 45, 46 ], 
  [ 1, 2, 4, 7, 8, 11, 13, 15, 17, 20, 22, 24, 25, 29, 35, 36, 37, 39, 40, 
      44, 45, 47 ], 
  [ 3, 4, 7, 8, 11, 13, 15, 16, 19, 21, 23, 25, 26, 29, 30, 35, 37, 39, 40, 
      43, 46, 47 ], 
  [ 3, 4, 7, 8, 11, 13, 15, 16, 19, 21, 23, 25, 26, 29, 30, 35, 36, 37, 41, 
      43, 46, 47 ], 
  [ 1, 2, 3, 4, 7, 8, 11, 13, 17, 19, 20, 21, 22, 28, 35, 36, 37, 39, 40, 
      43, 44, 45 ], 
  [ 1, 2, 3, 4, 7, 8, 11, 13, 17, 18, 19, 20, 21, 22, 27, 28, 33, 35, 36, 
      39, 42, 46 ], 
  [ 2, 4, 5, 7, 8, 11, 13, 15, 17, 19, 21, 22, 25, 26, 29, 37, 38, 39, 40, 
      44, 45, 47 ], 
  [ 2, 3, 6, 7, 8, 11, 13, 15, 17, 19, 20, 21, 22, 27, 28, 38, 39, 40, 43, 
      44, 45, 47 ], 
  [ 2, 3, 6, 7, 8, 11, 13, 15, 17, 19, 20, 21, 22, 27, 28, 36, 38, 41, 43, 
      44, 45, 47 ], 
  [ 2, 3, 6, 7, 8, 11, 13, 15, 17, 19, 20, 22, 24, 27, 28, 29, 33, 36, 38, 
      41, 42, 45 ], 
  [ 3, 4, 6, 7, 8, 11, 13, 15, 17, 18, 19, 21, 23, 27, 28, 32, 33, 38, 39, 
      40, 44, 45 ], 
  [ 3, 4, 6, 7, 8, 11, 13, 15, 17, 18, 19, 21, 23, 27, 28, 32, 33, 35, 39, 
      40, 43, 46 ], 
  [ 1, 2, 3, 4, 6, 7, 8, 11, 13, 15, 19, 20, 21, 22, 28, 38, 39, 40, 43, 44, 
      45, 47 ], 
  [ 1, 2, 3, 4, 6, 7, 8, 11, 13, 15, 17, 18, 19, 20, 21, 22, 27, 28, 38, 39, 
      40, 44 ], 
  [ 1, 2, 3, 4, 6, 7, 8, 11, 13, 15, 17, 18, 19, 20, 21, 22, 27, 28, 39, 40, 
      43, 44 ], 
  [ 1, 2, 3, 4, 6, 7, 8, 11, 13, 15, 17, 18, 19, 20, 21, 22, 27, 28, 39, 40, 
      43, 46 ], 
  [ 1, 2, 3, 4, 6, 7, 8, 11, 13, 15, 17, 19, 20, 22, 24, 28, 29, 38, 39, 40, 
      44, 45 ], 
  [ 1, 2, 3, 4, 6, 7, 8, 11, 13, 15, 17, 19, 20, 22, 24, 28, 29, 39, 40, 43, 
      44, 45 ], 
  [ 8, 9, 11, 13, 14, 15, 16, 18, 19, 20, 21, 23, 25, 27, 29, 30, 35, 39, 
      40, 43, 46, 47 ], 
  [ 8, 9, 11, 13, 15, 16, 17, 18, 23, 24, 25, 27, 29, 31, 35, 37, 39, 40, 
      43, 44, 46, 47 ], 
  [ 2, 8, 9, 11, 13, 17, 18, 19, 20, 21, 22, 27, 28, 31, 35, 36, 37, 39, 40, 
      43, 44, 46 ], 
  [ 2, 8, 9, 11, 13, 15, 17, 18, 20, 22, 24, 25, 27, 29, 31, 32, 33, 38, 39, 
      40, 44, 45 ], 
  [ 2, 8, 9, 11, 13, 15, 16, 17, 18, 20, 22, 24, 25, 27, 29, 31, 33, 35, 36, 
      39, 42, 46 ], 
  [ 4, 8, 9, 11, 13, 14, 15, 16, 18, 23, 24, 25, 26, 29, 30, 35, 37, 39, 40, 
      43, 46, 47 ], 
  [ 4, 8, 9, 11, 13, 14, 15, 16, 18, 23, 24, 25, 26, 29, 30, 35, 36, 37, 41, 
      43, 46, 47 ], 
  [ 2, 5, 8, 9, 11, 13, 15, 16, 17, 19, 21, 22, 25, 26, 29, 31, 37, 39, 40, 
      43, 46, 47 ], 
  [ 2, 6, 8, 9, 11, 13, 15, 17, 19, 20, 21, 22, 27, 28, 31, 38, 39, 40, 43, 
      44, 45, 47 ], 
  [ 2, 6, 8, 9, 11, 13, 15, 17, 18, 19, 20, 21, 22, 27, 28, 31, 36, 37, 40, 
      43, 44, 46 ], 
  [ 2, 6, 8, 9, 11, 13, 15, 17, 18, 19, 22, 24, 27, 28, 29, 31, 37, 39, 40, 
      43, 44, 46 ], 
  [ 2, 6, 8, 9, 11, 13, 15, 17, 18, 19, 20, 22, 24, 27, 28, 29, 31, 32, 33, 
      39, 40, 46 ], 
  [ 2, 3, 6, 8, 9, 11, 13, 15, 16, 17, 18, 19, 20, 22, 24, 27, 28, 29, 39, 
      40, 43, 46 ], 
  [ 7, 8, 11, 12, 15, 17, 19, 20, 21, 22, 25, 27, 29, 31, 32, 33, 35, 39, 
      40, 42, 45, 46 ], 
  [ 7, 8, 11, 12, 15, 17, 20, 22, 24, 25, 27, 29, 31, 35, 36, 37, 40, 43, 
      44, 45, 46, 47 ], 
  [ 7, 8, 11, 12, 13, 15, 17, 20, 23, 24, 25, 27, 29, 30, 31, 33, 35, 36, 
      41, 42, 45, 46 ], 
  [ 3, 7, 8, 11, 12, 15, 16, 17, 20, 22, 24, 25, 27, 29, 31, 35, 36, 42, 43, 
      45, 46, 47 ], 
  [ 1, 4, 7, 8, 11, 12, 13, 15, 17, 20, 24, 25, 29, 30, 35, 36, 37, 40, 41, 
      44, 45, 47 ], 
  [ 3, 4, 7, 8, 11, 12, 15, 16, 19, 21, 23, 25, 26, 29, 30, 32, 33, 35, 39, 
      40, 42, 46 ], 
  [ 3, 4, 7, 8, 11, 12, 15, 16, 19, 21, 23, 25, 26, 29, 30, 35, 36, 37, 41, 
      43, 46, 47 ], 
  [ 3, 4, 7, 8, 11, 12, 15, 16, 23, 24, 25, 26, 29, 30, 33, 34, 35, 38, 41, 
      42, 45, 47 ], 
  [ 1, 3, 4, 7, 8, 11, 12, 15, 16, 19, 20, 21, 22, 25, 26, 29, 30, 33, 35, 
      36, 42, 46 ], 
  [ 1, 3, 4, 7, 8, 11, 12, 17, 18, 19, 20, 21, 22, 27, 28, 32, 33, 35, 39, 
      40, 42, 46 ], 
  [ 1, 3, 4, 7, 8, 11, 12, 17, 18, 19, 20, 21, 22, 27, 28, 35, 36, 37, 40, 
      43, 44, 46 ], 
  [ 1, 3, 4, 7, 8, 11, 12, 13, 15, 16, 17, 20, 24, 25, 29, 30, 35, 36, 41, 
      42, 45, 47 ], 
  [ 1, 3, 4, 7, 8, 11, 12, 15, 16, 17, 18, 20, 22, 24, 25, 27, 29, 33, 35, 
      36, 42, 46 ], 
  [ 3, 4, 5, 7, 8, 11, 12, 13, 15, 16, 17, 23, 24, 25, 26, 29, 30, 38, 41, 
      42, 45, 47 ], 
  [ 8, 9, 11, 12, 15, 16, 19, 20, 21, 22, 25, 26, 29, 30, 31, 35, 36, 37, 
      40, 43, 46, 47 ], 
  [ 8, 9, 11, 12, 15, 16, 17, 18, 20, 22, 24, 25, 27, 29, 31, 32, 33, 35, 
      39, 40, 42, 46 ], 
  [ 3, 8, 9, 11, 12, 16, 17, 18, 19, 20, 22, 24, 27, 28, 29, 35, 36, 37, 40, 
      43, 44, 46 ], 
  [ 4, 8, 9, 11, 12, 14, 15, 16, 18, 19, 21, 23, 25, 26, 29, 30, 35, 37, 40, 
      43, 46, 47 ], 
  [ 4, 8, 9, 11, 12, 14, 15, 16, 18, 23, 24, 25, 26, 29, 30, 35, 36, 37, 41, 
      43, 46, 47 ], 
  [ 1, 2, 7, 8, 13, 15, 17, 19, 20, 21, 22, 25, 27, 29, 31, 32, 33, 35, 36, 
      39, 42, 45, 46 ], 
  [ 1, 3, 7, 8, 13, 14, 15, 16, 19, 20, 21, 23, 25, 27, 29, 30, 32, 35, 39, 
      40, 43, 46, 47 ], 
  [ 1, 3, 4, 7, 8, 13, 14, 15, 16, 19, 21, 23, 25, 26, 29, 30, 35, 36, 37, 
      41, 43, 46, 47 ], 
  [ 1, 3, 4, 7, 8, 15, 16, 17, 18, 22, 24, 25, 27, 29, 32, 35, 37, 39, 40, 
      43, 44, 46, 47 ], 
  [ 1, 3, 4, 7, 8, 13, 14, 15, 16, 23, 24, 25, 26, 29, 30, 32, 35, 37, 39, 
      40, 43, 46, 47 ], 
  [ 1, 3, 4, 7, 8, 13, 14, 17, 18, 19, 23, 24, 27, 28, 29, 32, 35, 37, 39, 
      40, 43, 44, 46 ], 
  [ 8, 9, 13, 14, 15, 16, 17, 18, 23, 24, 25, 27, 29, 31, 32, 35, 37, 39, 
      40, 43, 44, 46, 47 ], 
  [ 1, 2, 8, 9, 13, 14, 15, 16, 17, 18, 19, 20, 21, 22, 25, 27, 29, 32, 38, 
      39, 40, 44, 47 ], 
  [ 1, 3, 8, 9, 14, 16, 18, 19, 20, 22, 24, 27, 28, 29, 32, 34, 35, 38, 39, 
      40, 43, 44, 47 ], 
  [ 1, 2, 3, 6, 8, 9, 13, 14, 15, 16, 17, 18, 19, 20, 21, 22, 27, 28, 32, 
      39, 40, 43, 46 ], 
  [ 1, 2, 3, 4, 6, 7, 11, 13, 19, 20, 24, 28, 29, 30, 34, 38, 39, 40, 41, 
      43, 44, 45, 47 ], 
  [ 4, 7, 8, 11, 13, 15, 17, 18, 23, 24, 25, 27, 29, 31, 32, 33, 35, 37, 39, 
      40, 44, 45, 46 ], 
  [ 1, 2, 4, 7, 8, 11, 13, 15, 17, 19, 20, 21, 22, 25, 29, 35, 36, 37, 39, 
      40, 44, 45, 47 ], 
  [ 1, 2, 4, 7, 8, 11, 13, 15, 17, 18, 20, 22, 24, 25, 27, 29, 32, 33, 38, 
      39, 40, 44, 45 ], 
  [ 3, 4, 7, 8, 11, 13, 19, 21, 23, 26, 28, 30, 34, 35, 37, 38, 39, 40, 41, 
      43, 44, 45, 47 ], 
  [ 3, 4, 7, 8, 11, 13, 15, 16, 23, 24, 25, 26, 29, 30, 33, 34, 35, 38, 39, 
      41, 42, 45, 47 ], 
  [ 3, 4, 7, 8, 11, 13, 15, 16, 17, 18, 23, 24, 25, 27, 29, 35, 37, 39, 40, 
      43, 44, 46, 47 ], 
  [ 1, 2, 3, 4, 7, 8, 11, 13, 15, 19, 20, 22, 26, 29, 30, 35, 36, 37, 39, 
      40, 43, 45, 47 ], 
  [ 1, 2, 3, 4, 7, 8, 11, 13, 15, 17, 19, 20, 22, 29, 35, 36, 37, 39, 40, 
      43, 44, 45, 47 ], 
  [ 1, 2, 3, 4, 7, 8, 11, 13, 15, 19, 20, 21, 22, 26, 30, 35, 36, 37, 39, 
      40, 43, 45, 47 ], 
  [ 1, 2, 3, 4, 7, 8, 11, 13, 15, 17, 19, 20, 21, 22, 35, 36, 37, 39, 40, 
      43, 44, 45, 47 ], 
  [ 1, 2, 3, 4, 7, 8, 11, 13, 15, 20, 22, 24, 26, 29, 30, 35, 36, 37, 39, 
      40, 43, 45, 47 ], 
  [ 1, 2, 3, 4, 7, 8, 11, 13, 15, 16, 20, 22, 24, 25, 26, 29, 30, 33, 35, 
      36, 39, 42, 46 ], 
  [ 1, 2, 3, 4, 7, 8, 11, 13, 15, 17, 20, 22, 24, 29, 35, 36, 37, 39, 40, 
      43, 44, 45, 47 ], 
  [ 1, 2, 3, 4, 7, 8, 11, 13, 15, 16, 17, 18, 20, 22, 24, 25, 27, 29, 38, 
      39, 40, 44, 47 ], 
  [ 1, 2, 3, 4, 7, 8, 11, 13, 17, 19, 20, 22, 24, 28, 29, 35, 36, 37, 39, 
      40, 43, 44, 45 ], 
  [ 1, 2, 3, 4, 7, 8, 11, 13, 17, 18, 19, 20, 22, 24, 27, 28, 29, 33, 35, 
      36, 39, 42, 46 ], 
  [ 2, 3, 6, 7, 8, 11, 13, 15, 17, 19, 20, 22, 24, 27, 28, 29, 38, 39, 40, 
      43, 44, 45, 47 ], 
  [ 2, 3, 6, 7, 8, 11, 13, 15, 17, 19, 20, 22, 24, 27, 28, 29, 36, 38, 41, 
      43, 44, 45, 47 ], 
  [ 3, 4, 6, 7, 8, 11, 15, 19, 21, 23, 26, 28, 30, 32, 33, 34, 35, 38, 39, 
      40, 43, 45, 47 ], 
  [ 3, 4, 6, 7, 8, 11, 13, 15, 19, 21, 23, 26, 28, 30, 33, 34, 35, 38, 39, 
      41, 43, 45, 47 ], 
  [ 3, 4, 6, 7, 8, 11, 13, 15, 17, 18, 19, 21, 23, 27, 28, 32, 33, 35, 39, 
      40, 43, 44, 45 ], 
  [ 3, 4, 6, 7, 8, 11, 13, 15, 17, 18, 19, 23, 24, 27, 28, 29, 32, 33, 38, 
      39, 40, 44, 45 ], 
  [ 3, 4, 6, 7, 8, 11, 13, 15, 17, 18, 19, 23, 24, 27, 28, 29, 32, 33, 35, 
      39, 40, 43, 46 ], 
  [ 1, 3, 4, 6, 7, 8, 11, 13, 15, 17, 18, 19, 20, 21, 27, 28, 32, 33, 38, 
      39, 40, 44, 45 ], 
  [ 1, 3, 4, 6, 7, 8, 11, 13, 15, 17, 18, 19, 20, 21, 27, 28, 32, 33, 35, 
      39, 40, 43, 46 ], 
  [ 1, 3, 4, 6, 7, 8, 11, 13, 15, 17, 18, 19, 20, 21, 27, 28, 33, 35, 36, 
      41, 43, 44, 45 ], 
  [ 1, 3, 4, 6, 7, 8, 11, 15, 17, 18, 19, 20, 21, 22, 27, 28, 32, 33, 38, 
      39, 40, 44, 45 ], 
  [ 1, 3, 4, 6, 7, 8, 11, 15, 17, 18, 19, 20, 21, 22, 27, 28, 32, 33, 35, 
      39, 40, 43, 46 ], 
  [ 1, 2, 3, 4, 6, 7, 8, 11, 13, 15, 19, 20, 21, 22, 26, 28, 30, 38, 39, 40, 
      43, 45, 47 ], 
  [ 1, 2, 3, 4, 6, 7, 8, 11, 13, 15, 18, 19, 20, 21, 22, 27, 28, 38, 39, 40, 
      43, 44, 47 ], 
  [ 1, 2, 3, 4, 6, 7, 8, 11, 13, 15, 17, 18, 19, 20, 21, 22, 27, 28, 33, 38, 
      39, 44, 45 ], 
  [ 1, 2, 3, 4, 6, 7, 8, 11, 13, 15, 19, 20, 22, 24, 28, 29, 38, 39, 40, 43, 
      44, 45, 47 ], 
  [ 1, 2, 3, 4, 6, 7, 8, 11, 13, 15, 17, 18, 19, 20, 22, 24, 27, 28, 29, 38, 
      39, 40, 44 ], 
  [ 1, 2, 3, 4, 6, 7, 8, 11, 13, 15, 17, 18, 19, 20, 22, 24, 27, 28, 29, 39, 
      40, 43, 44 ], 
  [ 1, 2, 3, 4, 6, 7, 8, 11, 13, 15, 17, 18, 19, 20, 22, 24, 27, 28, 29, 39, 
      40, 43, 46 ], 
  [ 3, 4, 5, 6, 7, 8, 11, 13, 15, 17, 19, 21, 23, 26, 28, 37, 38, 39, 40, 
      43, 44, 45, 47 ], 
  [ 8, 9, 11, 13, 15, 16, 17, 18, 19, 21, 23, 25, 27, 29, 31, 35, 37, 39, 
      40, 43, 44, 46, 47 ], 
  [ 2, 8, 9, 11, 13, 15, 17, 18, 19, 20, 21, 22, 25, 27, 29, 31, 32, 33, 38, 
      39, 40, 44, 45 ], 
  [ 2, 8, 9, 11, 13, 15, 16, 17, 18, 19, 20, 21, 22, 25, 27, 29, 31, 33, 35, 
      36, 39, 42, 46 ], 
  [ 2, 8, 9, 11, 13, 15, 16, 20, 22, 24, 25, 26, 29, 30, 31, 35, 36, 37, 39, 
      40, 43, 46, 47 ], 
  [ 2, 8, 9, 11, 13, 17, 18, 19, 20, 22, 24, 27, 28, 29, 31, 35, 36, 37, 39, 
      40, 43, 44, 46 ], 
  [ 2, 3, 8, 9, 11, 13, 16, 17, 18, 19, 20, 21, 22, 27, 28, 35, 36, 37, 39, 
      40, 43, 44, 46 ], 
  [ 4, 8, 9, 11, 13, 14, 15, 16, 18, 19, 21, 23, 25, 26, 29, 30, 35, 37, 39, 
      40, 43, 46, 47 ], 
  [ 4, 8, 9, 11, 13, 14, 15, 16, 18, 19, 21, 23, 25, 26, 29, 30, 35, 36, 37, 
      41, 43, 46, 47 ], 
  [ 2, 6, 8, 9, 11, 13, 15, 17, 18, 19, 20, 21, 22, 27, 28, 31, 32, 33, 38, 
      39, 40, 44, 45 ], 
  [ 2, 6, 8, 9, 11, 13, 15, 17, 19, 20, 22, 24, 27, 28, 29, 31, 38, 39, 40, 
      43, 44, 45, 47 ], 
  [ 2, 6, 8, 9, 11, 13, 15, 17, 18, 19, 20, 22, 24, 27, 28, 29, 31, 36, 37, 
      40, 43, 44, 46 ], 
  [ 2, 3, 6, 8, 9, 11, 13, 15, 16, 17, 18, 19, 20, 21, 22, 27, 28, 38, 39, 
      40, 43, 44, 47 ], 
  [ 7, 8, 11, 12, 15, 17, 19, 20, 21, 22, 25, 27, 29, 31, 35, 36, 37, 40, 
      43, 44, 45, 46, 47 ], 
  [ 7, 8, 11, 12, 13, 15, 17, 19, 20, 21, 23, 25, 27, 29, 30, 31, 33, 35, 
      36, 41, 42, 45, 46 ], 
  [ 7, 8, 11, 12, 13, 15, 17, 20, 23, 24, 25, 27, 29, 30, 31, 32, 33, 35, 
      39, 40, 42, 45, 46 ], 
  [ 3, 7, 8, 11, 12, 15, 16, 17, 19, 20, 21, 22, 25, 27, 29, 31, 35, 36, 42, 
      43, 45, 46, 47 ], 
  [ 3, 7, 8, 11, 12, 15, 16, 17, 20, 22, 24, 25, 27, 29, 31, 35, 39, 40, 42, 
      43, 45, 46, 47 ], 
  [ 1, 4, 7, 8, 11, 12, 13, 15, 17, 19, 20, 21, 25, 29, 30, 35, 36, 37, 40, 
      41, 44, 45, 47 ], 
  [ 3, 4, 7, 8, 11, 12, 15, 16, 19, 21, 23, 25, 26, 29, 30, 33, 34, 35, 38, 
      41, 42, 45, 47 ], 
  [ 1, 3, 4, 7, 8, 11, 12, 13, 15, 17, 19, 20, 29, 30, 35, 36, 37, 40, 41, 
      43, 44, 45, 47 ], 
  [ 1, 3, 4, 7, 8, 11, 12, 13, 15, 17, 19, 20, 21, 30, 35, 36, 37, 40, 41, 
      43, 44, 45, 47 ], 
  [ 1, 3, 4, 7, 8, 11, 12, 13, 15, 16, 17, 19, 20, 21, 25, 29, 30, 35, 36, 
      41, 42, 45, 47 ], 
  [ 1, 3, 4, 7, 8, 11, 12, 15, 16, 17, 18, 19, 20, 21, 22, 25, 27, 29, 33, 
      35, 36, 42, 46 ], 
  [ 1, 3, 4, 7, 8, 11, 12, 15, 16, 20, 22, 24, 25, 26, 29, 30, 32, 33, 35, 
      39, 40, 42, 46 ], 
  [ 1, 3, 4, 7, 8, 11, 12, 15, 16, 20, 22, 24, 25, 26, 29, 30, 35, 36, 37, 
      40, 43, 46, 47 ], 
  [ 1, 3, 4, 7, 8, 11, 12, 17, 18, 19, 20, 22, 24, 27, 28, 29, 32, 33, 35, 
      39, 40, 42, 46 ], 
  [ 1, 3, 4, 7, 8, 11, 12, 17, 18, 19, 20, 22, 24, 27, 28, 29, 35, 36, 37, 
      40, 43, 44, 46 ], 
  [ 3, 4, 5, 7, 8, 11, 12, 13, 15, 16, 17, 19, 21, 23, 25, 26, 29, 30, 38, 
      41, 42, 45, 47 ], 
  [ 3, 4, 5, 7, 8, 11, 12, 13, 15, 16, 17, 24, 25, 26, 29, 30, 35, 36, 37, 
      41, 42, 45, 47 ], 
  [ 3, 4, 5, 7, 8, 11, 12, 13, 15, 16, 17, 23, 24, 25, 26, 29, 30, 38, 39, 
      40, 42, 45, 47 ], 
  [ 3, 4, 5, 7, 8, 11, 12, 13, 15, 16, 17, 23, 24, 25, 26, 29, 30, 35, 37, 
      39, 40, 42, 46 ], 
  [ 3, 4, 5, 7, 8, 11, 12, 13, 15, 16, 17, 23, 24, 25, 26, 29, 30, 35, 37, 
      41, 42, 45, 47 ], 
  [ 3, 4, 5, 7, 8, 11, 12, 13, 15, 16, 17, 23, 24, 25, 26, 29, 30, 35, 36, 
      37, 41, 42, 46 ], 
  [ 8, 9, 11, 12, 15, 16, 17, 18, 19, 20, 21, 22, 25, 27, 29, 31, 32, 33, 
      35, 39, 40, 42, 46 ], 
  [ 8, 9, 11, 12, 15, 16, 17, 18, 20, 22, 24, 25, 27, 29, 31, 35, 36, 37, 
      40, 43, 44, 46, 47 ], 
  [ 4, 8, 9, 11, 12, 14, 15, 16, 18, 19, 21, 23, 25, 26, 29, 30, 35, 36, 37, 
      41, 43, 46, 47 ], 
  [ 3, 6, 8, 9, 11, 12, 15, 16, 17, 18, 19, 20, 21, 22, 27, 28, 31, 33, 35, 
      36, 42, 43, 46 ], 
  [ 1, 3, 4, 7, 8, 15, 16, 17, 18, 19, 21, 22, 25, 27, 29, 32, 35, 37, 39, 
      40, 43, 44, 46, 47 ], 
  [ 1, 3, 4, 7, 8, 13, 14, 15, 16, 19, 21, 23, 25, 26, 29, 30, 32, 35, 37, 
      39, 40, 43, 46, 47 ], 
  [ 8, 9, 13, 14, 15, 16, 17, 18, 19, 21, 23, 25, 27, 29, 31, 32, 35, 37, 
      39, 40, 43, 44, 46, 47 ], 
  [ 1, 2, 8, 9, 13, 14, 17, 18, 19, 20, 21, 22, 27, 28, 31, 32, 35, 36, 37, 
      39, 40, 43, 44, 46 ], 
  [ 1, 2, 8, 9, 13, 14, 15, 16, 17, 18, 20, 22, 24, 25, 27, 29, 31, 32, 33, 
      35, 36, 39, 42, 46 ], 
  [ 1, 2, 3, 8, 9, 13, 14, 16, 17, 18, 19, 20, 21, 22, 27, 28, 35, 36, 37, 
      39, 40, 43, 44, 46 ], 
  [ 1, 2, 3, 6, 8, 9, 13, 14, 15, 16, 17, 18, 19, 20, 22, 24, 27, 28, 29, 
      32, 39, 40, 43, 46 ], 
  [ 2, 7, 8, 11, 13, 15, 17, 20, 22, 24, 25, 27, 29, 31, 35, 36, 37, 39, 40, 
      43, 44, 45, 46, 47 ], 
  [ 2, 3, 7, 8, 11, 13, 15, 16, 17, 20, 22, 24, 25, 27, 29, 31, 35, 36, 39, 
      42, 43, 45, 46, 47 ], 
  [ 4, 7, 8, 11, 13, 15, 17, 18, 19, 21, 23, 25, 27, 29, 31, 32, 33, 35, 37, 
      39, 40, 44, 45, 46 ], 
  [ 1, 2, 4, 7, 8, 11, 13, 15, 17, 18, 19, 20, 21, 22, 25, 27, 29, 32, 33, 
      38, 39, 40, 44, 45 ], 
  [ 3, 4, 7, 8, 11, 13, 15, 16, 19, 21, 23, 25, 26, 29, 30, 33, 34, 35, 38, 
      39, 41, 42, 45, 47 ], 
  [ 3, 4, 7, 8, 11, 13, 15, 16, 17, 18, 19, 21, 23, 25, 27, 29, 35, 37, 39, 
      40, 43, 44, 46, 47 ], 
  [ 3, 4, 7, 8, 11, 13, 19, 23, 24, 26, 28, 29, 30, 34, 35, 37, 38, 39, 40, 
      41, 43, 44, 45, 47 ], 
  [ 1, 3, 4, 7, 8, 11, 13, 14, 15, 16, 18, 20, 23, 24, 25, 27, 29, 30, 35, 
      39, 40, 43, 46, 47 ], 
  [ 1, 2, 3, 4, 7, 8, 11, 13, 19, 20, 21, 22, 26, 28, 30, 33, 34, 35, 36, 
      38, 39, 41, 42, 45 ], 
  [ 1, 2, 3, 4, 7, 8, 11, 13, 15, 16, 19, 20, 21, 22, 25, 26, 29, 30, 33, 
      35, 36, 39, 42, 46 ], 
  [ 1, 2, 3, 4, 7, 8, 11, 13, 17, 18, 19, 20, 21, 22, 27, 28, 35, 36, 37, 
      39, 40, 43, 44, 46 ], 
  [ 1, 2, 3, 4, 7, 8, 11, 13, 15, 16, 17, 18, 19, 20, 21, 22, 25, 27, 29, 
      38, 39, 40, 44, 47 ], 
  [ 1, 2, 3, 4, 7, 8, 11, 13, 15, 16, 17, 18, 20, 22, 24, 25, 27, 29, 33, 
      35, 36, 39, 42, 46 ], 
  [ 2, 3, 6, 7, 8, 11, 13, 15, 17, 19, 20, 21, 22, 27, 28, 31, 33, 35, 36, 
      39, 42, 43, 45, 46 ], 
  [ 1, 2, 4, 6, 7, 8, 11, 13, 15, 17, 18, 19, 20, 21, 22, 27, 28, 32, 33, 
      38, 39, 40, 44, 45 ], 
  [ 3, 4, 6, 7, 8, 11, 15, 19, 23, 24, 26, 28, 29, 30, 32, 33, 34, 35, 38, 
      39, 40, 43, 45, 47 ], 
  [ 3, 4, 6, 7, 8, 11, 13, 15, 19, 23, 24, 26, 28, 29, 30, 33, 34, 35, 38, 
      39, 41, 43, 45, 47 ], 
  [ 3, 4, 6, 7, 8, 11, 13, 15, 17, 18, 19, 23, 24, 27, 28, 29, 32, 33, 35, 
      39, 40, 43, 44, 45 ], 
  [ 1, 3, 4, 6, 7, 8, 11, 13, 15, 17, 18, 19, 20, 21, 27, 28, 32, 33, 35, 
      39, 40, 43, 44, 45 ], 
  [ 1, 3, 4, 6, 7, 8, 11, 15, 17, 18, 19, 20, 21, 22, 27, 28, 32, 33, 35, 
      39, 40, 43, 44, 45 ], 
  [ 1, 3, 4, 6, 7, 8, 11, 13, 15, 17, 18, 19, 20, 24, 27, 28, 29, 32, 33, 
      38, 39, 40, 44, 45 ], 
  [ 1, 3, 4, 6, 7, 8, 11, 13, 15, 17, 18, 19, 20, 24, 27, 28, 29, 32, 33, 
      35, 39, 40, 43, 46 ], 
  [ 1, 3, 4, 6, 7, 8, 11, 13, 15, 17, 18, 19, 20, 24, 27, 28, 29, 33, 35, 
      36, 41, 43, 44, 45 ], 
  [ 1, 3, 4, 6, 7, 8, 11, 15, 17, 18, 19, 20, 22, 24, 27, 28, 29, 32, 33, 
      38, 39, 40, 44, 45 ], 
  [ 1, 3, 4, 6, 7, 8, 11, 15, 17, 18, 19, 20, 22, 24, 27, 28, 29, 32, 33, 
      35, 39, 40, 43, 46 ], 
  [ 1, 2, 3, 4, 6, 7, 8, 11, 13, 15, 17, 18, 19, 20, 21, 22, 27, 28, 33, 36, 
      38, 41, 44, 45 ], 
  [ 1, 2, 3, 4, 6, 7, 8, 11, 13, 15, 17, 18, 19, 20, 21, 22, 27, 28, 33, 35, 
      36, 39, 43, 46 ], 
  [ 1, 2, 3, 4, 6, 7, 8, 11, 13, 15, 19, 20, 22, 24, 26, 28, 29, 30, 38, 39, 
      40, 43, 45, 47 ], 
  [ 1, 2, 3, 4, 6, 7, 8, 11, 13, 15, 18, 19, 20, 22, 24, 27, 28, 29, 38, 39, 
      40, 43, 44, 47 ], 
  [ 1, 2, 3, 4, 6, 7, 8, 11, 13, 15, 17, 18, 19, 20, 22, 24, 27, 28, 29, 33, 
      38, 39, 44, 45 ], 
  [ 3, 4, 5, 6, 7, 8, 11, 13, 15, 17, 19, 23, 24, 26, 28, 29, 37, 38, 39, 
      40, 43, 44, 45, 47 ], 
  [ 2, 3, 4, 5, 6, 7, 8, 11, 13, 15, 17, 19, 21, 22, 26, 28, 37, 38, 39, 40, 
      43, 44, 45, 47 ], 
  [ 2, 8, 9, 11, 13, 15, 16, 19, 20, 21, 22, 25, 26, 29, 30, 31, 35, 36, 37, 
      39, 40, 43, 46, 47 ], 
  [ 2, 3, 8, 9, 11, 13, 16, 17, 18, 19, 20, 22, 24, 27, 28, 29, 35, 36, 37, 
      39, 40, 43, 44, 46 ], 
  [ 2, 6, 8, 9, 11, 13, 15, 17, 18, 19, 20, 22, 24, 27, 28, 29, 31, 32, 33, 
      38, 39, 40, 44, 45 ], 
  [ 2, 3, 6, 8, 9, 11, 13, 15, 16, 17, 18, 19, 20, 22, 24, 27, 28, 29, 38, 
      39, 40, 43, 44, 47 ], 
  [ 7, 8, 11, 12, 13, 15, 17, 19, 20, 21, 23, 25, 27, 29, 30, 31, 32, 33, 
      35, 39, 40, 42, 45, 46 ], 
  [ 3, 7, 8, 11, 12, 15, 16, 17, 19, 20, 21, 22, 25, 27, 29, 31, 35, 39, 40, 
      42, 43, 45, 46, 47 ], 
  [ 3, 4, 7, 8, 11, 12, 15, 16, 23, 24, 25, 26, 29, 30, 32, 33, 34, 35, 38, 
      39, 40, 42, 45, 47 ], 
  [ 1, 3, 4, 7, 8, 11, 12, 15, 16, 19, 20, 21, 22, 25, 26, 29, 30, 32, 33, 
      35, 39, 40, 42, 46 ], 
  [ 1, 3, 4, 7, 8, 11, 12, 15, 16, 19, 20, 21, 22, 25, 26, 29, 30, 35, 36, 
      37, 40, 43, 46, 47 ], 
  [ 1, 3, 4, 7, 8, 11, 12, 17, 18, 19, 20, 21, 22, 27, 28, 33, 34, 35, 36, 
      38, 41, 42, 44, 45 ], 
  [ 1, 3, 4, 7, 8, 11, 12, 13, 14, 17, 18, 19, 20, 21, 23, 27, 28, 30, 33, 
      35, 36, 41, 42, 46 ], 
  [ 1, 3, 4, 7, 8, 11, 12, 15, 16, 17, 18, 20, 22, 24, 25, 27, 29, 32, 33, 
      35, 39, 40, 42, 46 ], 
  [ 3, 4, 5, 7, 8, 11, 12, 13, 15, 16, 17, 19, 21, 25, 26, 29, 30, 35, 36, 
      37, 41, 42, 45, 47 ], 
  [ 3, 4, 5, 7, 8, 11, 12, 13, 15, 16, 17, 19, 21, 23, 25, 26, 29, 30, 38, 
      39, 40, 42, 45, 47 ], 
  [ 3, 4, 5, 7, 8, 11, 12, 13, 15, 16, 17, 19, 21, 23, 25, 26, 29, 30, 35, 
      37, 39, 40, 42, 46 ], 
  [ 3, 4, 5, 7, 8, 11, 12, 13, 15, 16, 17, 19, 21, 23, 25, 26, 29, 30, 35, 
      37, 41, 42, 45, 47 ], 
  [ 3, 4, 5, 7, 8, 11, 12, 13, 15, 16, 17, 19, 21, 23, 25, 26, 29, 30, 35, 
      36, 37, 41, 42, 46 ], 
  [ 3, 4, 5, 7, 8, 11, 12, 13, 15, 16, 17, 23, 24, 25, 26, 29, 30, 35, 37, 
      39, 40, 42, 45, 47 ], 
  [ 8, 9, 11, 12, 15, 16, 17, 18, 19, 20, 21, 22, 25, 27, 29, 31, 35, 36, 
      37, 40, 43, 44, 46, 47 ], 
  [ 8, 9, 11, 12, 13, 14, 17, 18, 19, 20, 21, 23, 27, 28, 30, 31, 35, 36, 
      37, 40, 41, 43, 44, 46 ], 
  [ 8, 9, 11, 12, 13, 14, 15, 16, 17, 18, 20, 23, 24, 25, 27, 29, 30, 31, 
      33, 35, 36, 41, 42, 46 ], 
  [ 1, 4, 8, 9, 11, 12, 14, 15, 16, 18, 20, 22, 24, 25, 26, 29, 30, 35, 36, 
      37, 40, 43, 46, 47 ], 
  [ 3, 6, 8, 9, 11, 12, 15, 16, 17, 18, 19, 20, 22, 24, 27, 28, 29, 31, 33, 
      35, 36, 42, 43, 46 ], 
  [ 1, 2, 7, 8, 13, 15, 17, 20, 22, 24, 25, 27, 29, 31, 32, 35, 36, 37, 39, 
      40, 43, 44, 45, 46, 47 ], 
  [ 1, 2, 3, 7, 8, 13, 15, 16, 17, 20, 22, 24, 25, 27, 29, 31, 32, 35, 36, 
      39, 42, 43, 45, 46, 47 ], 
  [ 1, 3, 4, 7, 8, 13, 14, 15, 16, 23, 24, 25, 26, 29, 30, 32, 33, 34, 35, 
      38, 39, 41, 42, 45, 47 ], 
  [ 1, 3, 4, 7, 8, 13, 14, 15, 16, 17, 18, 23, 24, 25, 27, 29, 32, 35, 37, 
      39, 40, 43, 44, 46, 47 ], 
  [ 1, 2, 8, 9, 13, 14, 15, 16, 17, 18, 19, 20, 21, 22, 25, 27, 29, 31, 32, 
      33, 35, 36, 39, 42, 46 ], 
  [ 1, 2, 8, 9, 13, 14, 15, 16, 20, 22, 24, 25, 26, 29, 30, 31, 32, 35, 36, 
      37, 39, 40, 43, 46, 47 ], 
  [ 1, 2, 8, 9, 13, 14, 17, 18, 19, 20, 22, 24, 27, 28, 29, 31, 32, 35, 36, 
      37, 39, 40, 43, 44, 46 ], 
  [ 1, 2, 3, 8, 9, 13, 14, 16, 17, 18, 19, 20, 22, 24, 27, 28, 29, 35, 36, 
      37, 39, 40, 43, 44, 46 ], 
  [ 1, 2, 3, 6, 8, 9, 13, 14, 15, 16, 17, 18, 19, 20, 21, 22, 27, 28, 32, 
      38, 39, 40, 43, 44, 47 ], 
  [ 2, 7, 8, 11, 13, 15, 17, 19, 20, 21, 22, 25, 27, 29, 31, 35, 36, 37, 39, 
      40, 43, 44, 45, 46, 47 ], 
  [ 2, 3, 7, 8, 11, 13, 15, 16, 17, 19, 20, 21, 22, 25, 27, 29, 31, 35, 36, 
      39, 42, 43, 45, 46, 47 ], 
  [ 1, 3, 4, 7, 8, 11, 13, 14, 15, 16, 18, 19, 20, 21, 23, 25, 27, 29, 30, 
      35, 39, 40, 43, 46, 47 ], 
  [ 1, 2, 3, 4, 7, 8, 11, 13, 15, 16, 17, 18, 19, 20, 21, 22, 25, 27, 29, 
      33, 35, 36, 39, 42, 46 ], 
  [ 1, 2, 3, 4, 7, 8, 11, 13, 15, 16, 20, 22, 24, 25, 26, 29, 30, 35, 36, 
      37, 39, 40, 43, 46, 47 ], 
  [ 1, 2, 3, 4, 7, 8, 11, 13, 19, 20, 22, 24, 26, 28, 29, 30, 33, 34, 35, 
      36, 38, 39, 41, 42, 45 ], 
  [ 1, 2, 3, 4, 7, 8, 11, 13, 17, 18, 19, 20, 22, 24, 27, 28, 29, 35, 36, 
      37, 39, 40, 43, 44, 46 ], 
  [ 2, 3, 6, 7, 8, 11, 13, 15, 17, 19, 20, 22, 24, 27, 28, 29, 31, 33, 35, 
      36, 39, 42, 43, 45, 46 ], 
  [ 4, 6, 7, 8, 11, 13, 15, 17, 18, 19, 21, 23, 27, 28, 31, 32, 33, 35, 37, 
      39, 40, 43, 44, 45, 46 ], 
  [ 1, 2, 4, 6, 7, 8, 11, 13, 15, 17, 18, 19, 20, 22, 24, 27, 28, 29, 32, 
      33, 38, 39, 40, 44, 45 ], 
  [ 1, 3, 4, 6, 7, 8, 11, 15, 19, 20, 21, 22, 26, 28, 30, 32, 33, 34, 35, 
      38, 39, 40, 43, 45, 47 ], 
  [ 1, 3, 4, 6, 7, 8, 11, 13, 14, 15, 18, 19, 20, 21, 23, 27, 28, 30, 32, 
      33, 35, 39, 40, 43, 46 ], 
  [ 1, 3, 4, 6, 7, 8, 11, 13, 15, 17, 18, 19, 20, 24, 27, 28, 29, 32, 33, 
      35, 39, 40, 43, 44, 45 ], 
  [ 1, 3, 4, 6, 7, 8, 11, 15, 17, 18, 19, 20, 22, 24, 27, 28, 29, 32, 33, 
      35, 39, 40, 43, 44, 45 ], 
  [ 1, 2, 3, 4, 6, 7, 8, 11, 13, 15, 17, 18, 19, 20, 21, 22, 27, 28, 33, 35, 
      36, 39, 43, 44, 45 ], 
  [ 1, 2, 3, 4, 6, 7, 8, 11, 13, 15, 17, 18, 19, 20, 22, 24, 27, 28, 29, 33, 
      36, 38, 41, 44, 45 ], 
  [ 1, 2, 3, 4, 6, 7, 8, 11, 13, 15, 17, 18, 19, 20, 22, 24, 27, 28, 29, 33, 
      35, 36, 39, 43, 46 ], 
  [ 2, 3, 4, 5, 6, 7, 8, 11, 13, 15, 17, 19, 22, 24, 26, 28, 29, 37, 38, 39, 
      40, 43, 44, 45, 47 ], 
  [ 2, 8, 9, 11, 13, 15, 16, 17, 18, 20, 22, 24, 25, 27, 29, 31, 35, 36, 37, 
      39, 40, 43, 44, 46, 47 ], 
  [ 2, 3, 6, 8, 9, 11, 13, 15, 16, 17, 18, 19, 20, 21, 22, 27, 28, 31, 33, 
      35, 36, 39, 42, 43, 46 ], 
  [ 7, 8, 11, 12, 13, 15, 17, 20, 23, 24, 25, 27, 29, 30, 31, 35, 36, 37, 
      40, 41, 43, 44, 45, 46, 47 ], 
  [ 3, 7, 8, 11, 12, 13, 15, 16, 17, 20, 23, 24, 25, 27, 29, 30, 31, 35, 39, 
      40, 42, 43, 45, 46, 47 ], 
  [ 3, 7, 8, 11, 12, 13, 15, 16, 17, 20, 23, 24, 25, 27, 29, 30, 31, 35, 36, 
      41, 42, 43, 45, 46, 47 ], 
  [ 1, 4, 7, 8, 11, 12, 15, 17, 18, 20, 22, 24, 25, 27, 29, 31, 32, 33, 35, 
      36, 37, 40, 44, 45, 46 ], 
  [ 3, 4, 7, 8, 11, 12, 15, 16, 19, 21, 23, 25, 26, 29, 30, 32, 33, 34, 35, 
      38, 39, 40, 42, 45, 47 ], 
  [ 1, 3, 4, 7, 8, 11, 12, 17, 18, 19, 20, 21, 22, 27, 28, 32, 33, 34, 35, 
      38, 39, 40, 42, 44, 45 ], 
  [ 1, 3, 4, 7, 8, 11, 12, 15, 16, 17, 18, 19, 20, 21, 22, 25, 27, 29, 32, 
      33, 35, 39, 40, 42, 46 ], 
  [ 1, 3, 4, 7, 8, 11, 12, 13, 14, 17, 18, 19, 20, 21, 23, 27, 28, 30, 32, 
      33, 35, 39, 40, 42, 46 ], 
  [ 1, 3, 4, 7, 8, 11, 12, 15, 16, 20, 22, 24, 25, 26, 29, 30, 33, 34, 35, 
      36, 38, 41, 42, 45, 47 ], 
  [ 1, 3, 4, 7, 8, 11, 12, 15, 16, 17, 18, 20, 22, 24, 25, 27, 29, 35, 36, 
      37, 40, 43, 44, 46, 47 ], 
  [ 1, 3, 4, 7, 8, 11, 12, 17, 18, 19, 20, 22, 24, 27, 28, 29, 33, 34, 35, 
      36, 38, 41, 42, 44, 45 ], 
  [ 1, 3, 4, 7, 8, 11, 12, 13, 14, 17, 18, 19, 20, 23, 24, 27, 28, 29, 30, 
      33, 35, 36, 41, 42, 46 ], 
  [ 3, 4, 5, 7, 8, 11, 12, 13, 15, 16, 17, 19, 21, 23, 25, 26, 29, 30, 35, 
      37, 39, 40, 42, 45, 47 ], 
  [ 8, 9, 11, 12, 13, 14, 15, 16, 17, 18, 19, 20, 21, 23, 25, 27, 29, 30, 
      31, 33, 35, 36, 41, 42, 46 ], 
  [ 8, 9, 11, 12, 15, 16, 17, 18, 20, 22, 24, 25, 27, 29, 31, 33, 34, 35, 
      36, 38, 41, 42, 44, 45, 47 ], 
  [ 8, 9, 11, 12, 13, 14, 15, 16, 17, 18, 20, 23, 24, 25, 27, 29, 30, 31, 
      32, 33, 35, 39, 40, 42, 46 ], 
  [ 8, 9, 11, 12, 13, 14, 17, 18, 19, 20, 23, 24, 27, 28, 29, 30, 31, 35, 
      36, 37, 40, 41, 43, 44, 46 ], 
  [ 3, 8, 9, 11, 12, 13, 14, 16, 17, 18, 19, 20, 21, 23, 27, 28, 30, 35, 36, 
      37, 40, 41, 43, 44, 46 ], 
  [ 1, 4, 8, 9, 11, 12, 14, 15, 16, 18, 19, 20, 21, 22, 25, 26, 29, 30, 35, 
      36, 37, 40, 43, 46, 47 ], 
  [ 3, 6, 8, 9, 11, 12, 15, 16, 17, 18, 19, 20, 21, 22, 27, 28, 31, 32, 33, 
      35, 39, 40, 42, 43, 46 ], 
  [ 1, 2, 7, 8, 13, 15, 17, 19, 20, 21, 22, 25, 27, 29, 31, 32, 35, 36, 37, 
      39, 40, 43, 44, 45, 46, 47 ], 
  [ 1, 2, 3, 7, 8, 13, 15, 16, 17, 19, 20, 21, 22, 25, 27, 29, 31, 32, 35, 
      36, 39, 42, 43, 45, 46, 47 ], 
  [ 1, 3, 4, 7, 8, 13, 14, 15, 16, 19, 21, 23, 25, 26, 29, 30, 32, 33, 34, 
      35, 38, 39, 41, 42, 45, 47 ], 
  [ 1, 3, 4, 7, 8, 13, 14, 15, 16, 17, 18, 19, 21, 23, 25, 27, 29, 32, 35, 
      37, 39, 40, 43, 44, 46, 47 ], 
  [ 1, 2, 8, 9, 13, 14, 15, 16, 19, 20, 21, 22, 25, 26, 29, 30, 31, 32, 35, 
      36, 37, 39, 40, 43, 46, 47 ], 
  [ 1, 2, 3, 6, 8, 9, 13, 14, 15, 16, 17, 18, 19, 20, 22, 24, 27, 28, 29, 
      32, 38, 39, 40, 43, 44, 47 ], 
  [ 1, 2, 3, 4, 7, 8, 11, 13, 15, 16, 19, 20, 21, 22, 25, 26, 29, 30, 35, 
      36, 37, 39, 40, 43, 46, 47 ], 
  [ 1, 2, 3, 4, 7, 8, 11, 13, 17, 18, 19, 20, 21, 22, 27, 28, 33, 34, 35, 
      36, 38, 39, 41, 42, 44, 45 ], 
  [ 4, 6, 7, 8, 11, 13, 15, 17, 18, 19, 23, 24, 27, 28, 29, 31, 32, 33, 35, 
      37, 39, 40, 43, 44, 45, 46 ], 
  [ 1, 3, 4, 6, 7, 8, 11, 15, 18, 19, 20, 21, 22, 27, 28, 32, 33, 34, 35, 
      38, 39, 40, 43, 44, 45, 47 ], 
  [ 1, 3, 4, 6, 7, 8, 11, 15, 19, 20, 22, 24, 26, 28, 29, 30, 32, 33, 34, 
      35, 38, 39, 40, 43, 45, 47 ], 
  [ 1, 3, 4, 6, 7, 8, 11, 13, 14, 15, 18, 19, 20, 23, 24, 27, 28, 29, 30, 
      32, 33, 35, 39, 40, 43, 46 ], 
  [ 1, 2, 3, 4, 6, 7, 8, 11, 13, 15, 17, 18, 19, 20, 22, 24, 27, 28, 29, 33, 
      35, 36, 39, 43, 44, 45 ], 
  [ 2, 8, 9, 11, 13, 15, 16, 17, 18, 19, 20, 21, 22, 25, 27, 29, 31, 35, 36, 
      37, 39, 40, 43, 44, 46, 47 ], 
  [ 1, 2, 4, 8, 9, 11, 13, 14, 15, 16, 18, 20, 22, 24, 25, 26, 29, 30, 35, 
      36, 37, 39, 40, 43, 46, 47 ], 
  [ 2, 3, 6, 8, 9, 11, 13, 15, 16, 17, 18, 19, 20, 22, 24, 27, 28, 29, 31, 
      33, 35, 36, 39, 42, 43, 46 ], 
  [ 7, 8, 11, 12, 13, 15, 17, 19, 20, 21, 23, 25, 27, 29, 30, 31, 35, 36, 
      37, 40, 41, 43, 44, 45, 46, 47 ], 
  [ 3, 7, 8, 11, 12, 13, 15, 16, 17, 19, 20, 21, 23, 25, 27, 29, 30, 31, 35, 
      39, 40, 42, 43, 45, 46, 47 ], 
  [ 3, 7, 8, 11, 12, 13, 15, 16, 17, 19, 20, 21, 23, 25, 27, 29, 30, 31, 35, 
      36, 41, 42, 43, 45, 46, 47 ], 
  [ 1, 4, 7, 8, 11, 12, 15, 17, 18, 19, 20, 21, 22, 25, 27, 29, 31, 32, 33, 
      35, 36, 37, 40, 44, 45, 46 ], 
  [ 1, 3, 4, 7, 8, 11, 12, 15, 16, 19, 20, 21, 22, 25, 26, 29, 30, 33, 34, 
      35, 36, 38, 41, 42, 45, 47 ], 
  [ 1, 3, 4, 7, 8, 11, 12, 15, 16, 17, 18, 19, 20, 21, 22, 25, 27, 29, 35, 
      36, 37, 40, 43, 44, 46, 47 ], 
  [ 1, 3, 4, 7, 8, 11, 12, 13, 14, 17, 18, 19, 20, 21, 23, 27, 28, 30, 35, 
      36, 37, 40, 41, 43, 44, 46 ], 
  [ 1, 3, 4, 7, 8, 11, 12, 15, 16, 20, 22, 24, 25, 26, 29, 30, 32, 33, 34, 
      35, 38, 39, 40, 42, 45, 47 ], 
  [ 1, 3, 4, 7, 8, 11, 12, 17, 18, 19, 20, 22, 24, 27, 28, 29, 32, 33, 34, 
      35, 38, 39, 40, 42, 44, 45 ], 
  [ 1, 3, 4, 7, 8, 11, 12, 13, 14, 15, 16, 17, 18, 20, 23, 24, 25, 27, 29, 
      30, 33, 35, 36, 41, 42, 46 ], 
  [ 1, 3, 4, 7, 8, 11, 12, 13, 14, 17, 18, 19, 20, 23, 24, 27, 28, 29, 30, 
      32, 33, 35, 39, 40, 42, 46 ], 
  [ 3, 5, 7, 8, 11, 12, 13, 15, 16, 17, 23, 24, 25, 26, 29, 30, 31, 35, 37, 
      39, 40, 42, 43, 45, 46, 47 ], 
  [ 3, 5, 7, 8, 11, 12, 13, 15, 16, 17, 23, 24, 25, 26, 29, 30, 31, 35, 36, 
      37, 41, 42, 43, 45, 46, 47 ], 
  [ 1, 2, 3, 4, 5, 7, 8, 11, 12, 13, 15, 16, 17, 20, 22, 24, 25, 26, 29, 30, 
      38, 39, 40, 42, 45, 47 ], 
  [ 1, 2, 3, 4, 5, 7, 8, 11, 12, 13, 15, 16, 17, 20, 22, 24, 25, 26, 29, 30, 
      36, 38, 41, 42, 45, 47 ], 
  [ 8, 9, 11, 12, 15, 16, 17, 18, 19, 20, 21, 22, 25, 27, 29, 31, 33, 34, 
      35, 36, 38, 41, 42, 44, 45, 47 ], 
  [ 8, 9, 11, 12, 13, 14, 15, 16, 17, 18, 19, 20, 21, 23, 25, 27, 29, 30, 
      31, 32, 33, 35, 39, 40, 42, 46 ], 
  [ 8, 9, 11, 12, 15, 16, 17, 18, 20, 22, 24, 25, 27, 29, 31, 32, 33, 34, 
      35, 38, 39, 40, 42, 44, 45, 47 ], 
  [ 3, 8, 9, 11, 12, 13, 14, 16, 17, 18, 19, 20, 23, 24, 27, 28, 29, 30, 35, 
      36, 37, 40, 41, 43, 44, 46 ], 
  [ 4, 5, 8, 9, 11, 12, 13, 14, 15, 16, 17, 18, 23, 24, 25, 26, 29, 30, 31, 
      33, 35, 36, 37, 41, 42, 46 ], 
  [ 3, 6, 8, 9, 11, 12, 15, 16, 17, 18, 19, 20, 22, 24, 27, 28, 29, 31, 32, 
      33, 35, 39, 40, 42, 43, 46 ], 
  [ 1, 2, 8, 9, 13, 14, 15, 16, 17, 18, 20, 22, 24, 25, 27, 29, 31, 32, 35, 
      36, 37, 39, 40, 43, 44, 46, 47 ], 
  [ 1, 2, 3, 6, 8, 9, 13, 14, 15, 16, 17, 18, 19, 20, 21, 22, 27, 28, 31, 
      32, 33, 35, 36, 39, 42, 43, 46 ], 
  [ 1, 2, 4, 7, 8, 11, 13, 15, 17, 18, 20, 22, 24, 25, 27, 29, 31, 32, 33, 
      35, 36, 37, 39, 40, 44, 45, 46 ], 
  [ 1, 2, 3, 4, 7, 8, 11, 13, 19, 20, 21, 22, 26, 28, 30, 34, 35, 36, 37, 
      38, 39, 40, 41, 43, 44, 45, 47 ], 
  [ 1, 2, 3, 4, 7, 8, 11, 13, 15, 16, 20, 22, 24, 25, 26, 29, 30, 33, 34, 
      35, 36, 38, 39, 41, 42, 45, 47 ], 
  [ 1, 2, 3, 4, 7, 8, 11, 13, 15, 16, 17, 18, 20, 22, 24, 25, 27, 29, 35, 
      36, 37, 39, 40, 43, 44, 46, 47 ], 
  [ 1, 2, 3, 4, 7, 8, 11, 13, 17, 18, 19, 20, 22, 24, 27, 28, 29, 33, 34, 
      35, 36, 38, 39, 41, 42, 44, 45 ], 
  [ 1, 3, 4, 6, 7, 8, 11, 15, 18, 19, 20, 22, 24, 27, 28, 29, 32, 33, 34, 
      35, 38, 39, 40, 43, 44, 45, 47 ], 
  [ 1, 2, 3, 4, 6, 7, 8, 11, 13, 15, 19, 20, 21, 22, 26, 28, 30, 33, 34, 35, 
      36, 38, 39, 41, 43, 45, 47 ], 
  [ 2, 8, 9, 11, 13, 15, 16, 17, 18, 20, 22, 24, 25, 27, 29, 31, 33, 34, 35, 
      36, 38, 39, 41, 42, 44, 45, 47 ], 
  [ 1, 2, 4, 8, 9, 11, 13, 14, 15, 16, 18, 19, 20, 21, 22, 25, 26, 29, 30, 
      35, 36, 37, 39, 40, 43, 46, 47 ], 
  [ 1, 3, 4, 7, 8, 11, 12, 15, 16, 19, 20, 21, 22, 25, 26, 29, 30, 32, 33, 
      34, 35, 38, 39, 40, 42, 45, 47 ], 
  [ 1, 3, 4, 7, 8, 11, 12, 13, 14, 15, 16, 17, 18, 19, 20, 21, 23, 25, 27, 
      29, 30, 33, 35, 36, 41, 42, 46 ], 
  [ 1, 3, 4, 7, 8, 11, 12, 15, 16, 17, 18, 20, 22, 24, 25, 27, 29, 33, 34, 
      35, 36, 38, 41, 42, 44, 45, 47 ], 
  [ 1, 3, 4, 7, 8, 11, 12, 13, 14, 15, 16, 17, 18, 20, 23, 24, 25, 27, 29, 
      30, 32, 33, 35, 39, 40, 42, 46 ], 
  [ 1, 3, 4, 7, 8, 11, 12, 13, 14, 17, 18, 19, 20, 23, 24, 27, 28, 29, 30, 
      35, 36, 37, 40, 41, 43, 44, 46 ], 
  [ 3, 5, 7, 8, 11, 12, 13, 15, 16, 17, 19, 21, 23, 25, 26, 29, 30, 31, 35, 
      37, 39, 40, 42, 43, 45, 46, 47 ], 
  [ 3, 5, 7, 8, 11, 12, 13, 15, 16, 17, 19, 21, 23, 25, 26, 29, 30, 31, 35, 
      36, 37, 41, 42, 43, 45, 46, 47 ], 
  [ 3, 4, 5, 7, 8, 11, 12, 13, 16, 17, 23, 24, 25, 26, 29, 30, 34, 35, 37, 
      38, 39, 40, 41, 42, 44, 45, 47 ], 
  [ 1, 2, 3, 4, 5, 7, 8, 11, 12, 13, 15, 16, 17, 19, 20, 21, 22, 25, 26, 29, 
      30, 38, 39, 40, 42, 45, 47 ], 
  [ 1, 2, 3, 4, 5, 7, 8, 11, 12, 13, 15, 16, 17, 19, 20, 21, 22, 25, 26, 29, 
      30, 36, 38, 41, 42, 45, 47 ], 
  [ 1, 2, 3, 4, 5, 7, 8, 11, 12, 13, 15, 16, 17, 20, 22, 24, 25, 26, 29, 30, 
      35, 36, 37, 39, 40, 42, 46 ], 
  [ 8, 9, 11, 12, 15, 16, 17, 18, 19, 20, 21, 22, 25, 27, 29, 31, 32, 33, 
      34, 35, 38, 39, 40, 42, 44, 45, 47 ], 
  [ 8, 9, 11, 12, 13, 14, 15, 16, 17, 18, 20, 23, 24, 25, 27, 29, 30, 31, 
      35, 36, 37, 40, 41, 43, 44, 46, 47 ], 
  [ 4, 5, 8, 9, 11, 12, 13, 14, 15, 16, 17, 18, 19, 21, 23, 25, 26, 29, 30, 
      31, 33, 35, 36, 37, 41, 42, 46 ], 
  [ 4, 5, 8, 9, 11, 12, 13, 14, 15, 16, 17, 18, 23, 24, 25, 26, 29, 30, 31, 
      32, 33, 35, 37, 39, 40, 42, 46 ], 
  [ 3, 6, 8, 9, 11, 12, 13, 14, 15, 16, 17, 18, 19, 20, 21, 23, 27, 28, 30, 
      31, 33, 35, 36, 41, 42, 43, 46 ], 
  [ 1, 2, 8, 9, 13, 14, 15, 16, 17, 18, 19, 20, 21, 22, 25, 27, 29, 31, 32, 
      35, 36, 37, 39, 40, 43, 44, 46, 47 ], 
  [ 1, 2, 3, 6, 8, 9, 13, 14, 15, 16, 17, 18, 19, 20, 22, 24, 27, 28, 29, 
      31, 32, 33, 35, 36, 39, 42, 43, 46 ], 
  [ 1, 2, 4, 7, 8, 11, 13, 15, 17, 18, 19, 20, 21, 22, 25, 27, 29, 31, 32, 
      33, 35, 36, 37, 39, 40, 44, 45, 46 ], 
  [ 1, 2, 3, 4, 7, 8, 11, 13, 15, 16, 19, 20, 21, 22, 25, 26, 29, 30, 33, 
      34, 35, 36, 38, 39, 41, 42, 45, 47 ], 
  [ 1, 2, 3, 4, 7, 8, 11, 13, 15, 16, 17, 18, 19, 20, 21, 22, 25, 27, 29, 
      35, 36, 37, 39, 40, 43, 44, 46, 47 ], 
  [ 1, 2, 3, 4, 7, 8, 11, 13, 19, 20, 22, 24, 26, 28, 29, 30, 34, 35, 36, 
      37, 38, 39, 40, 41, 43, 44, 45, 47 ], 
  [ 1, 2, 3, 4, 6, 7, 8, 11, 13, 15, 18, 19, 20, 21, 22, 27, 28, 33, 34, 35, 
      36, 38, 39, 41, 43, 44, 45, 47 ], 
  [ 1, 2, 3, 4, 6, 7, 8, 11, 13, 15, 19, 20, 22, 24, 26, 28, 29, 30, 33, 34, 
      35, 36, 38, 39, 41, 43, 45, 47 ], 
  [ 2, 8, 9, 11, 13, 15, 16, 17, 18, 19, 20, 21, 22, 25, 27, 29, 31, 33, 34, 
      35, 36, 38, 39, 41, 42, 44, 45, 47 ], 
  [ 1, 3, 4, 7, 8, 11, 12, 15, 16, 17, 18, 19, 20, 21, 22, 25, 27, 29, 33, 
      34, 35, 36, 38, 41, 42, 44, 45, 47 ], 
  [ 1, 3, 4, 7, 8, 11, 12, 13, 14, 15, 16, 17, 18, 19, 20, 21, 23, 25, 27, 
      29, 30, 32, 33, 35, 39, 40, 42, 46 ], 
  [ 1, 3, 4, 7, 8, 11, 12, 15, 16, 17, 18, 20, 22, 24, 25, 27, 29, 32, 33, 
      34, 35, 38, 39, 40, 42, 44, 45, 47 ], 
  [ 3, 4, 5, 7, 8, 11, 12, 13, 16, 17, 19, 21, 23, 25, 26, 29, 30, 34, 35, 
      37, 38, 39, 40, 41, 42, 44, 45, 47 ], 
  [ 1, 2, 3, 4, 5, 7, 8, 11, 12, 13, 15, 16, 17, 19, 20, 21, 22, 25, 26, 29, 
      30, 35, 36, 37, 39, 40, 42, 46 ], 
  [ 1, 2, 3, 4, 5, 7, 8, 11, 12, 13, 15, 16, 17, 20, 22, 24, 25, 26, 29, 30, 
      35, 36, 37, 39, 40, 42, 45, 47 ], 
  [ 8, 9, 11, 12, 13, 14, 15, 16, 17, 18, 19, 20, 21, 23, 25, 27, 29, 30, 
      31, 35, 36, 37, 40, 41, 43, 44, 46, 47 ], 
  [ 4, 5, 8, 9, 11, 12, 13, 14, 15, 16, 17, 18, 19, 21, 23, 25, 26, 29, 30, 
      31, 32, 33, 35, 37, 39, 40, 42, 46 ], 
  [ 3, 6, 8, 9, 11, 12, 15, 16, 17, 18, 19, 20, 21, 22, 27, 28, 31, 33, 34, 
      35, 36, 38, 41, 42, 43, 44, 45, 47 ], 
  [ 3, 6, 8, 9, 11, 12, 13, 14, 15, 16, 17, 18, 19, 20, 21, 23, 27, 28, 30, 
      31, 32, 33, 35, 39, 40, 42, 43, 46 ], 
  [ 3, 6, 8, 9, 11, 12, 13, 14, 15, 16, 17, 18, 19, 20, 23, 24, 27, 28, 29, 
      30, 31, 33, 35, 36, 41, 42, 43, 46 ], 
  [ 1, 2, 8, 9, 13, 14, 15, 16, 17, 18, 20, 22, 24, 25, 27, 29, 31, 32, 33, 
      34, 35, 36, 38, 39, 41, 42, 44, 45, 47 ], 
  [ 1, 2, 3, 4, 7, 8, 11, 13, 15, 16, 17, 18, 20, 22, 24, 25, 27, 29, 33, 
      34, 35, 36, 38, 39, 41, 42, 44, 45, 47 ], 
  [ 1, 2, 4, 6, 7, 8, 11, 13, 15, 17, 18, 19, 20, 21, 22, 27, 28, 31, 32, 
      33, 35, 36, 37, 39, 40, 43, 44, 45, 46 ], 
  [ 1, 2, 3, 4, 6, 7, 8, 11, 13, 15, 18, 19, 20, 22, 24, 27, 28, 29, 33, 34, 
      35, 36, 38, 39, 41, 43, 44, 45, 47 ], 
  [ 1, 4, 7, 8, 11, 12, 13, 14, 15, 17, 18, 20, 23, 24, 25, 27, 29, 30, 31, 
      32, 33, 35, 36, 37, 40, 41, 44, 45, 46 ], 
  [ 1, 3, 4, 7, 8, 11, 12, 15, 16, 17, 18, 19, 20, 21, 22, 25, 27, 29, 32, 
      33, 34, 35, 38, 39, 40, 42, 44, 45, 47 ], 
  [ 1, 3, 4, 7, 8, 11, 12, 13, 14, 17, 18, 19, 20, 21, 23, 27, 28, 30, 32, 
      33, 34, 35, 38, 39, 40, 41, 42, 44, 45 ], 
  [ 1, 3, 4, 7, 8, 11, 12, 13, 14, 15, 16, 17, 18, 20, 23, 24, 25, 27, 29, 
      30, 35, 36, 37, 40, 41, 43, 44, 46, 47 ], 
  [ 2, 3, 5, 7, 8, 11, 12, 13, 15, 16, 17, 20, 22, 24, 25, 26, 29, 30, 31, 
      35, 36, 37, 39, 40, 42, 43, 45, 46, 47 ], 
  [ 1, 2, 3, 4, 5, 7, 8, 11, 12, 13, 15, 16, 17, 19, 20, 21, 22, 25, 26, 29, 
      30, 35, 36, 37, 39, 40, 42, 45, 47 ], 
  [ 3, 6, 8, 9, 11, 12, 15, 16, 17, 18, 19, 20, 21, 22, 27, 28, 31, 32, 33, 
      34, 35, 38, 39, 40, 42, 43, 44, 45, 47 ], 
  [ 3, 6, 8, 9, 11, 12, 15, 16, 17, 18, 19, 20, 22, 24, 27, 28, 29, 31, 33, 
      34, 35, 36, 38, 41, 42, 43, 44, 45, 47 ], 
  [ 3, 6, 8, 9, 11, 12, 13, 14, 15, 16, 17, 18, 19, 20, 23, 24, 27, 28, 29, 
      30, 31, 32, 33, 35, 39, 40, 42, 43, 46 ], 
  [ 3, 4, 5, 6, 8, 9, 11, 12, 13, 14, 15, 16, 17, 18, 19, 21, 23, 26, 28, 
      30, 31, 33, 35, 36, 37, 41, 42, 43, 46 ], 
  [ 1, 2, 8, 9, 13, 14, 15, 16, 17, 18, 19, 20, 21, 22, 25, 27, 29, 31, 32, 
      33, 34, 35, 36, 38, 39, 41, 42, 44, 45, 47 ], 
  [ 1, 2, 3, 4, 7, 8, 11, 13, 15, 16, 17, 18, 19, 20, 21, 22, 25, 27, 29, 
      33, 34, 35, 36, 38, 39, 41, 42, 44, 45, 47 ], 
  [ 1, 2, 4, 6, 7, 8, 11, 13, 15, 17, 18, 19, 20, 22, 24, 27, 28, 29, 31, 
      32, 33, 35, 36, 37, 39, 40, 43, 44, 45, 46 ], 
  [ 1, 3, 4, 6, 7, 8, 11, 13, 14, 15, 18, 19, 20, 21, 23, 27, 28, 30, 32, 
      33, 34, 35, 38, 39, 40, 41, 43, 44, 45, 47 ], 
  [ 2, 3, 6, 8, 9, 11, 13, 15, 16, 17, 18, 19, 20, 21, 22, 27, 28, 31, 33, 
      34, 35, 36, 38, 39, 41, 42, 43, 44, 45, 47 ], 
  [ 1, 4, 7, 8, 11, 12, 13, 14, 15, 17, 18, 19, 20, 21, 23, 25, 27, 29, 30, 
      31, 32, 33, 35, 36, 37, 40, 41, 44, 45, 46 ], 
  [ 1, 3, 4, 7, 8, 11, 12, 13, 14, 15, 16, 17, 18, 19, 20, 21, 23, 25, 27, 
      29, 30, 35, 36, 37, 40, 41, 43, 44, 46, 47 ], 
  [ 1, 3, 4, 7, 8, 11, 12, 13, 14, 17, 18, 19, 20, 23, 24, 27, 28, 29, 30, 
      32, 33, 34, 35, 38, 39, 40, 41, 42, 44, 45 ], 
  [ 2, 3, 5, 7, 8, 11, 12, 13, 15, 16, 17, 19, 20, 21, 22, 25, 26, 29, 30, 
      31, 35, 36, 37, 39, 40, 42, 43, 45, 46, 47 ], 
  [ 8, 9, 11, 12, 13, 14, 15, 16, 17, 18, 20, 23, 24, 25, 27, 29, 30, 31, 
      32, 33, 34, 35, 38, 39, 40, 41, 42, 44, 45, 47 ], 
  [ 3, 6, 8, 9, 11, 12, 15, 16, 17, 18, 19, 20, 22, 24, 27, 28, 29, 31, 32, 
      33, 34, 35, 38, 39, 40, 42, 43, 44, 45, 47 ], 
  [ 3, 4, 5, 6, 8, 9, 11, 12, 13, 14, 15, 16, 17, 18, 19, 21, 23, 26, 28, 
      30, 31, 32, 33, 35, 37, 39, 40, 42, 43, 46 ], 
  [ 3, 4, 5, 6, 8, 9, 11, 12, 13, 14, 15, 16, 17, 18, 19, 23, 24, 26, 28, 
      29, 30, 31, 33, 35, 36, 37, 41, 42, 43, 46 ], 
  [ 1, 3, 4, 7, 8, 9, 10, 14, 16, 18, 19, 21, 22, 23, 24, 25, 26, 27, 28, 
      29, 32, 34, 35, 37, 38, 39, 40, 43, 44, 46, 47 ], 
  [ 1, 2, 3, 6, 7, 8, 9, 10, 13, 14, 15, 16, 19, 20, 21, 22, 23, 24, 25, 26, 
      27, 28, 29, 30, 32, 38, 39, 40, 43, 46, 47 ], 
  [ 1, 3, 4, 6, 7, 8, 11, 13, 14, 15, 18, 19, 20, 23, 24, 27, 28, 29, 30, 
      32, 33, 34, 35, 38, 39, 40, 41, 43, 44, 45, 47 ], 
  [ 2, 3, 6, 8, 9, 11, 13, 15, 16, 17, 18, 19, 20, 22, 24, 27, 28, 29, 31, 
      33, 34, 35, 36, 38, 39, 41, 42, 43, 44, 45, 47 ], 
  [ 2, 5, 6, 7, 8, 9, 10, 11, 13, 15, 17, 19, 21, 22, 23, 24, 25, 26, 27, 
      28, 29, 31, 37, 38, 39, 40, 43, 44, 45, 46, 47 ], 
  [ 1, 2, 3, 4, 5, 7, 8, 11, 12, 13, 16, 17, 20, 22, 24, 25, 26, 29, 30, 34, 
      35, 36, 37, 38, 39, 40, 41, 42, 44, 45, 47 ], 
  [ 8, 9, 11, 12, 13, 14, 15, 16, 17, 18, 19, 20, 21, 23, 25, 27, 29, 30, 
      31, 32, 33, 34, 35, 38, 39, 40, 41, 42, 44, 45, 47 ], 
  [ 1, 2, 4, 5, 8, 9, 11, 12, 13, 14, 15, 16, 17, 18, 20, 22, 24, 25, 26, 
      29, 30, 31, 32, 33, 35, 36, 37, 39, 40, 42, 46 ], 
  [ 3, 4, 5, 6, 8, 9, 11, 12, 13, 14, 15, 16, 17, 18, 19, 23, 24, 26, 28, 
      29, 30, 31, 32, 33, 35, 37, 39, 40, 42, 43, 46 ], 
  [ 1, 2, 3, 6, 8, 9, 13, 14, 15, 16, 17, 18, 19, 20, 21, 22, 27, 28, 31, 
      32, 33, 34, 35, 36, 38, 39, 41, 42, 43, 44, 45, 47 ], 
  [ 1, 3, 4, 7, 8, 11, 12, 13, 14, 15, 16, 17, 18, 20, 23, 24, 25, 27, 29, 
      30, 32, 33, 34, 35, 38, 39, 40, 41, 42, 44, 45, 47 ], 
  [ 1, 2, 3, 4, 5, 7, 8, 11, 12, 13, 16, 17, 19, 20, 21, 22, 25, 26, 29, 30, 
      34, 35, 36, 37, 38, 39, 40, 41, 42, 44, 45, 47 ], 
  [ 4, 5, 8, 9, 11, 12, 13, 14, 15, 16, 17, 18, 23, 24, 25, 26, 29, 30, 31, 
      32, 33, 34, 35, 37, 38, 39, 40, 41, 42, 44, 45, 47 ], 
  [ 1, 2, 4, 5, 8, 9, 11, 12, 13, 14, 15, 16, 17, 18, 19, 20, 21, 22, 25, 
      26, 29, 30, 31, 32, 33, 35, 36, 37, 39, 40, 42, 46 ], 
  [ 1, 3, 4, 7, 8, 9, 10, 11, 12, 14, 16, 18, 19, 20, 21, 22, 23, 24, 25, 
      26, 27, 28, 29, 30, 33, 34, 35, 36, 38, 41, 42, 46 ], 
  [ 1, 2, 3, 6, 8, 9, 13, 14, 15, 16, 17, 18, 19, 20, 22, 24, 27, 28, 29, 
      31, 32, 33, 34, 35, 36, 38, 39, 41, 42, 43, 44, 45, 47 ], 
  [ 1, 2, 3, 4, 6, 7, 8, 9, 10, 11, 13, 14, 15, 16, 18, 19, 20, 21, 22, 23, 
      24, 25, 26, 27, 28, 29, 30, 38, 39, 40, 43, 46, 47 ], 
  [ 2, 4, 5, 6, 7, 8, 9, 10, 11, 13, 15, 17, 18, 19, 21, 22, 23, 24, 25, 26, 
      27, 28, 29, 31, 32, 33, 37, 38, 39, 40, 44, 45, 46 ], 
  [ 2, 3, 4, 5, 6, 7, 8, 9, 10, 11, 13, 15, 16, 17, 18, 19, 21, 22, 23, 24, 
      25, 26, 27, 28, 29, 37, 38, 39, 40, 43, 44, 46, 47 ], 
  [ 1, 3, 4, 7, 8, 11, 12, 13, 14, 15, 16, 17, 18, 19, 20, 21, 23, 25, 27, 
      29, 30, 32, 33, 34, 35, 38, 39, 40, 41, 42, 44, 45, 47 ], 
  [ 4, 5, 8, 9, 11, 12, 13, 14, 15, 16, 17, 18, 19, 21, 23, 25, 26, 29, 30, 
      31, 32, 33, 34, 35, 37, 38, 39, 40, 41, 42, 44, 45, 47 ], 
  [ 3, 6, 8, 9, 11, 12, 13, 14, 15, 16, 17, 18, 19, 20, 21, 23, 27, 28, 30, 
      31, 32, 33, 34, 35, 38, 39, 40, 41, 42, 43, 44, 45, 47 ], 
  [ 1, 3, 4, 7, 8, 9, 10, 11, 12, 14, 16, 18, 19, 20, 21, 22, 23, 24, 25, 
      26, 27, 28, 29, 30, 32, 33, 34, 35, 38, 39, 40, 42, 46 ], 
  [ 1, 2, 3, 4, 7, 8, 9, 10, 11, 13, 14, 16, 18, 19, 20, 21, 22, 23, 24, 25, 
      26, 27, 28, 29, 30, 33, 34, 35, 36, 38, 39, 41, 42, 46 ], 
  [ 3, 6, 8, 9, 11, 12, 13, 14, 15, 16, 17, 18, 19, 20, 23, 24, 27, 28, 29, 
      30, 31, 32, 33, 34, 35, 38, 39, 40, 41, 42, 43, 44, 45, 47 ], 
  [ 1, 2, 3, 4, 5, 6, 8, 9, 11, 12, 13, 14, 15, 16, 17, 18, 19, 20, 21, 22, 
      26, 28, 30, 31, 32, 33, 35, 36, 37, 39, 40, 42, 43, 46 ], 
  [ 3, 6, 7, 8, 9, 10, 11, 12, 15, 16, 19, 20, 21, 22, 23, 24, 25, 26, 27, 
      28, 29, 30, 31, 33, 34, 35, 36, 38, 41, 42, 43, 45, 46, 47 ], 
  [ 1, 2, 3, 4, 5, 6, 7, 8, 9, 10, 13, 14, 15, 16, 17, 18, 19, 21, 22, 23, 
      24, 25, 26, 27, 28, 29, 32, 37, 38, 39, 40, 43, 44, 46, 47 ], 
  [ 1, 3, 4, 6, 7, 8, 9, 10, 11, 14, 15, 16, 18, 19, 20, 21, 22, 23, 24, 25, 
      26, 27, 28, 29, 30, 32, 33, 34, 35, 38, 39, 40, 43, 46, 47 ], 
  [ 3, 4, 5, 6, 8, 9, 11, 12, 13, 14, 15, 16, 17, 18, 19, 21, 23, 26, 28, 
      30, 31, 32, 33, 34, 35, 37, 38, 39, 40, 41, 42, 43, 44, 45, 47 ], 
  [ 1, 2, 3, 4, 5, 6, 8, 9, 11, 12, 13, 14, 15, 16, 17, 18, 19, 20, 22, 24, 
      26, 28, 29, 30, 31, 32, 33, 35, 36, 37, 39, 40, 42, 43, 46 ], 
  [ 1, 3, 4, 7, 8, 9, 10, 11, 12, 14, 16, 18, 19, 20, 21, 22, 23, 24, 25, 
      26, 27, 28, 29, 30, 34, 35, 36, 37, 38, 40, 41, 43, 44, 46, 47 ], 
  [ 3, 6, 7, 8, 9, 10, 11, 12, 15, 16, 19, 20, 21, 22, 23, 24, 25, 26, 27, 
      28, 29, 30, 31, 32, 33, 34, 35, 38, 39, 40, 42, 43, 45, 46, 47 ], 
  [ 1, 3, 4, 6, 7, 8, 9, 10, 11, 12, 14, 15, 16, 18, 19, 20, 21, 22, 23, 24, 
      25, 26, 27, 28, 29, 30, 32, 33, 34, 35, 38, 40, 43, 46, 47 ], 
  [ 1, 3, 4, 6, 7, 8, 9, 10, 11, 12, 14, 15, 16, 18, 19, 20, 21, 22, 23, 24, 
      25, 26, 27, 28, 29, 30, 33, 34, 35, 36, 38, 41, 43, 46, 47 ], 
  [ 2, 3, 6, 7, 8, 9, 10, 11, 13, 15, 16, 19, 20, 21, 22, 23, 24, 25, 26, 
      27, 28, 29, 30, 31, 33, 34, 35, 36, 38, 39, 41, 42, 43, 45, 46, 47 ], 
  [ 1, 2, 4, 5, 8, 9, 11, 12, 13, 14, 15, 16, 17, 18, 20, 22, 24, 25, 26, 
      29, 30, 31, 32, 33, 34, 35, 36, 37, 38, 39, 40, 41, 42, 44, 45, 47 ], 
  [ 3, 4, 5, 6, 8, 9, 11, 12, 13, 14, 15, 16, 17, 18, 19, 23, 24, 26, 28, 
      29, 30, 31, 32, 33, 34, 35, 37, 38, 39, 40, 41, 42, 43, 44, 45, 47 ], 
  [ 1, 2, 3, 4, 5, 6, 7, 8, 9, 10, 11, 12, 13, 14, 15, 16, 17, 18, 19, 20, 
      21, 22, 23, 24, 25, 26, 27, 28, 29, 30, 33, 36, 38, 41, 42, 46 ], 
  [ 1, 2, 3, 4, 7, 8, 9, 10, 11, 13, 14, 16, 18, 19, 20, 21, 22, 23, 24, 25, 
      26, 27, 28, 29, 30, 34, 35, 36, 37, 38, 39, 40, 41, 43, 44, 46, 47 ], 
  [ 1, 2, 3, 4, 6, 7, 8, 9, 10, 11, 13, 14, 15, 16, 18, 19, 20, 21, 22, 23, 
      24, 25, 26, 27, 28, 29, 30, 33, 34, 35, 36, 38, 39, 41, 43, 46, 47 ], 
  [ 1, 2, 4, 5, 8, 9, 11, 12, 13, 14, 15, 16, 17, 18, 19, 20, 21, 22, 25, 
      26, 29, 30, 31, 32, 33, 34, 35, 36, 37, 38, 39, 40, 41, 42, 44, 45, 47 
     ], [ 1, 2, 3, 4, 5, 6, 7, 8, 9, 10, 11, 12, 13, 14, 15, 16, 17, 18, 19, 
      20, 21, 22, 23, 24, 25, 26, 27, 28, 29, 30, 32, 33, 38, 39, 40, 42, 46 
     ], [ 1, 2, 3, 6, 7, 8, 9, 10, 13, 14, 15, 16, 19, 20, 21, 22, 23, 24, 
      25, 26, 27, 28, 29, 30, 31, 32, 33, 34, 35, 36, 38, 39, 41, 42, 43, 
      45, 46, 47 ], 
  [ 3, 4, 5, 6, 7, 8, 9, 10, 11, 12, 15, 16, 17, 18, 19, 21, 22, 23, 24, 25, 
      26, 27, 28, 29, 31, 33, 34, 35, 36, 37, 38, 41, 42, 43, 44, 45, 46, 47 
     ], [ 1, 2, 3, 4, 5, 6, 8, 9, 11, 12, 13, 14, 15, 16, 17, 18, 19, 20, 
      21, 22, 26, 28, 30, 31, 32, 33, 34, 35, 36, 37, 38, 39, 40, 41, 42, 
      43, 44, 45, 47 ], 
  [ 2, 3, 5, 7, 8, 9, 10, 11, 12, 13, 16, 17, 19, 20, 21, 22, 23, 24, 25, 
      26, 27, 28, 29, 30, 31, 34, 35, 36, 37, 38, 39, 40, 41, 42, 43, 44, 
      45, 46, 47 ], 
  [ 1, 2, 3, 4, 5, 7, 8, 9, 10, 11, 12, 13, 14, 16, 17, 18, 19, 20, 21, 22, 
      23, 24, 25, 26, 27, 28, 29, 30, 34, 35, 36, 37, 38, 39, 40, 41, 42, 
      44, 46 ], 
  [ 3, 4, 5, 6, 7, 8, 9, 10, 11, 12, 15, 16, 17, 18, 19, 21, 22, 23, 24, 25, 
      26, 27, 28, 29, 31, 32, 33, 34, 35, 37, 38, 39, 40, 42, 43, 44, 45, 
      46, 47 ], 
  [ 1, 2, 3, 4, 5, 6, 7, 8, 9, 10, 11, 12, 13, 14, 15, 16, 17, 18, 19, 20, 
      21, 22, 23, 24, 25, 26, 27, 28, 29, 30, 36, 37, 38, 40, 41, 43, 44, 
      46, 47 ], 
  [ 2, 3, 4, 5, 6, 7, 8, 9, 10, 11, 13, 15, 16, 17, 18, 19, 21, 22, 23, 24, 
      25, 26, 27, 28, 29, 31, 33, 34, 35, 36, 37, 38, 39, 41, 42, 43, 44, 
      45, 46, 47 ], 
  [ 1, 2, 3, 4, 5, 6, 8, 9, 11, 12, 13, 14, 15, 16, 17, 18, 19, 20, 22, 24, 
      26, 28, 29, 30, 31, 32, 33, 34, 35, 36, 37, 38, 39, 40, 41, 42, 43, 
      44, 45, 47 ], 
  [ 1, 2, 4, 6, 7, 8, 9, 10, 11, 13, 14, 15, 18, 19, 20, 21, 22, 23, 24, 25, 
      26, 27, 28, 29, 30, 31, 32, 33, 34, 35, 36, 37, 38, 39, 40, 41, 43, 
      44, 45, 46, 47 ], 
  [ 1, 2, 4, 5, 7, 8, 9, 10, 11, 12, 13, 14, 17, 18, 19, 20, 21, 22, 23, 24, 
      25, 26, 27, 28, 29, 30, 31, 32, 33, 34, 35, 36, 37, 38, 39, 40, 41, 
      42, 44, 45, 46 ], 
  [ 1, 2, 3, 4, 5, 6, 7, 8, 9, 10, 13, 14, 15, 16, 17, 18, 19, 21, 22, 23, 
      24, 25, 26, 27, 28, 29, 31, 32, 33, 34, 35, 36, 37, 38, 39, 41, 42, 
      43, 44, 45, 46, 47 ], 
  [ 1, 2, 3, 4, 5, 6, 7, 8, 9, 10, 11, 12, 13, 14, 15, 16, 17, 18, 20, 21, 
      22, 23, 24, 25, 26, 27, 28, 30, 31, 32, 33, 34, 35, 36, 37, 38, 39, 
      40, 41, 42, 43, 44, 45, 46, 47 ] ];
