return 
[ [ 2, 3, 5, 14, 15, 21, 24, 26, 28, 29, 31, 36, 37, 41, 42, 43, 44, 46 ], 
  [ 2, 3, 5, 14, 15, 21, 24, 26, 27, 30, 32, 36, 37, 41, 42, 43, 44, 46 ], 
  [ 2, 3, 5, 14, 15, 17, 21, 24, 26, 28, 29, 31, 36, 37, 41, 42, 44, 46 ], 
  [ 2, 3, 5, 14, 15, 17, 21, 24, 26, 27, 30, 32, 36, 37, 41, 42, 44, 46 ], 
  [ 2, 3, 5, 14, 15, 18, 21, 24, 26, 28, 29, 31, 37, 41, 42, 43, 44, 46 ], 
  [ 2, 3, 5, 14, 15, 18, 21, 24, 26, 27, 30, 32, 37, 41, 42, 43, 44, 46 ], 
  [ 2, 3, 5, 6, 13, 15, 21, 26, 28, 29, 31, 35, 36, 37, 41, 43, 44, 46 ], 
  [ 2, 3, 5, 6, 13, 15, 17, 21, 26, 28, 29, 31, 35, 36, 37, 41, 44, 46 ], 
  [ 2, 3, 5, 6, 13, 15, 18, 21, 26, 28, 29, 31, 35, 37, 41, 43, 44, 46 ], 
  [ 2, 3, 5, 9, 14, 21, 24, 26, 27, 30, 32, 36, 37, 41, 42, 43, 44, 46 ], 
  [ 2, 3, 5, 9, 14, 17, 21, 24, 26, 27, 30, 32, 36, 37, 41, 42, 44, 46 ], 
  [ 2, 3, 5, 9, 14, 18, 21, 24, 26, 27, 30, 32, 37, 41, 42, 43, 44, 46 ], 
  [ 2, 3, 5, 9, 14, 19, 21, 24, 26, 28, 29, 31, 36, 37, 39, 41, 43, 45 ], 
  [ 2, 3, 5, 9, 14, 19, 21, 24, 26, 31, 32, 36, 37, 41, 42, 43, 44, 46 ], 
  [ 2, 3, 5, 9, 14, 17, 19, 21, 24, 26, 28, 29, 31, 36, 37, 39, 40, 45 ], 
  [ 2, 3, 5, 9, 14, 17, 19, 21, 24, 26, 28, 29, 31, 36, 37, 39, 41, 45 ], 
  [ 2, 3, 5, 9, 14, 17, 19, 21, 24, 26, 31, 32, 36, 37, 41, 42, 44, 46 ], 
  [ 2, 3, 5, 9, 14, 18, 19, 21, 24, 26, 28, 29, 31, 37, 39, 41, 43, 45 ], 
  [ 2, 3, 5, 9, 14, 18, 19, 21, 24, 26, 31, 32, 37, 41, 42, 43, 44, 46 ], 
  [ 2, 3, 5, 9, 14, 18, 19, 21, 24, 26, 28, 29, 31, 34, 39, 41, 43, 45 ], 
  [ 2, 3, 5, 9, 14, 18, 19, 21, 24, 26, 28, 29, 31, 34, 41, 42, 43, 46 ], 
  [ 2, 3, 5, 6, 9, 19, 21, 24, 26, 28, 29, 31, 36, 37, 39, 41, 43, 45 ], 
  [ 2, 3, 5, 6, 9, 17, 19, 21, 24, 26, 28, 29, 31, 36, 37, 39, 40, 45 ], 
  [ 2, 3, 5, 6, 9, 17, 19, 21, 24, 26, 28, 29, 31, 36, 37, 39, 41, 45 ], 
  [ 2, 3, 5, 6, 9, 17, 19, 21, 24, 26, 28, 29, 31, 35, 36, 37, 40, 44 ], 
  [ 2, 3, 5, 11, 14, 15, 24, 26, 27, 28, 29, 30, 36, 37, 41, 42, 43, 44 ], 
  [ 2, 3, 5, 11, 14, 15, 17, 24, 26, 27, 28, 29, 30, 36, 37, 41, 42, 44 ], 
  [ 2, 3, 5, 11, 14, 15, 18, 24, 26, 27, 28, 29, 30, 37, 41, 42, 43, 44 ], 
  [ 2, 3, 5, 9, 11, 14, 24, 26, 27, 28, 29, 30, 36, 37, 41, 42, 43, 44 ], 
  [ 2, 3, 5, 9, 11, 14, 17, 24, 26, 27, 28, 29, 30, 36, 37, 41, 42, 44 ], 
  [ 2, 3, 5, 14, 15, 21, 24, 26, 27, 28, 29, 30, 36, 37, 41, 42, 43, 44, 46 ]
    , [ 2, 3, 5, 14, 15, 17, 21, 24, 26, 27, 28, 29, 30, 36, 37, 41, 42, 44, 
      46 ], 
  [ 2, 3, 5, 14, 15, 18, 21, 24, 26, 27, 28, 29, 30, 37, 41, 42, 43, 44, 46 ]
    , [ 2, 3, 5, 6, 13, 15, 21, 26, 27, 28, 29, 30, 35, 36, 37, 41, 43, 44, 
      46 ], 
  [ 2, 3, 5, 6, 13, 15, 17, 21, 26, 27, 28, 29, 30, 35, 36, 37, 41, 44, 46 ],
  [ 2, 3, 5, 6, 13, 15, 18, 21, 26, 27, 28, 29, 30, 35, 37, 41, 43, 44, 46 ],
  [ 2, 3, 5, 6, 13, 15, 20, 21, 26, 27, 30, 32, 35, 36, 37, 41, 43, 44, 46 ],
  [ 2, 3, 5, 6, 13, 15, 17, 20, 21, 26, 27, 30, 32, 35, 36, 37, 41, 44, 46 ],
  [ 2, 3, 5, 6, 13, 15, 18, 20, 21, 26, 27, 30, 32, 35, 37, 41, 43, 44, 46 ],
  [ 2, 3, 5, 6, 15, 21, 24, 26, 28, 29, 31, 35, 36, 37, 41, 42, 43, 44, 46 ],
  [ 2, 3, 5, 6, 15, 17, 21, 24, 26, 28, 29, 31, 35, 36, 37, 41, 42, 44, 46 ],
  [ 2, 3, 5, 6, 15, 18, 21, 24, 26, 28, 29, 31, 35, 37, 41, 42, 43, 44, 46 ],
  [ 2, 3, 5, 9, 14, 21, 24, 26, 27, 28, 29, 30, 36, 37, 41, 42, 43, 44, 46 ],
  [ 2, 3, 5, 9, 14, 17, 21, 24, 26, 27, 28, 29, 30, 36, 37, 41, 42, 44, 46 ],
  [ 2, 3, 5, 9, 14, 18, 21, 24, 26, 27, 28, 29, 30, 37, 41, 42, 43, 44, 46 ],
  [ 2, 3, 5, 9, 14, 19, 21, 24, 26, 28, 29, 31, 36, 37, 41, 42, 43, 44, 46 ],
  [ 2, 3, 5, 9, 14, 17, 19, 21, 24, 26, 28, 29, 31, 36, 37, 41, 42, 44, 46 ],
  [ 2, 3, 5, 9, 14, 17, 19, 21, 24, 26, 28, 29, 31, 34, 36, 39, 41, 43, 45 ],
  [ 2, 3, 5, 9, 14, 17, 19, 21, 24, 26, 28, 29, 31, 34, 36, 41, 42, 43, 46 ],
  [ 2, 3, 5, 9, 14, 18, 19, 21, 24, 26, 28, 29, 31, 37, 41, 42, 43, 44, 46 ],
  [ 2, 3, 5, 9, 14, 18, 19, 21, 24, 26, 28, 29, 31, 36, 37, 39, 40, 43, 45 ],
  [ 2, 3, 5, 6, 9, 17, 19, 21, 24, 26, 28, 29, 31, 34, 36, 39, 41, 43, 45 ], 
  [ 2, 3, 5, 6, 9, 17, 19, 21, 24, 26, 28, 29, 31, 34, 36, 41, 42, 43, 46 ], 
  [ 2, 3, 5, 7, 11, 14, 15, 18, 21, 24, 26, 27, 30, 32, 34, 39, 41, 43, 45 ],
  [ 2, 3, 5, 6, 9, 11, 13, 16, 18, 19, 28, 29, 34, 37, 38, 39, 41, 43, 45 ], 
  [ 2, 3, 5, 6, 15, 21, 24, 26, 27, 28, 29, 30, 35, 36, 37, 41, 42, 43, 44, 
      46 ], 
  [ 2, 3, 5, 6, 15, 17, 21, 24, 26, 27, 28, 29, 30, 35, 36, 37, 41, 42, 44, 
      46 ], 
  [ 2, 3, 5, 6, 15, 18, 21, 24, 26, 27, 28, 29, 30, 35, 37, 41, 42, 43, 44, 
      46 ], 
  [ 2, 3, 5, 9, 14, 15, 21, 25, 26, 27, 28, 29, 31, 36, 37, 41, 42, 43, 44, 
      46 ], 
  [ 2, 3, 5, 9, 14, 15, 17, 21, 25, 26, 27, 28, 29, 31, 36, 37, 41, 42, 44, 
      46 ], 
  [ 2, 3, 5, 9, 14, 15, 18, 21, 25, 26, 27, 28, 29, 31, 37, 41, 42, 43, 44, 
      46 ], 
  [ 2, 3, 5, 9, 15, 24, 25, 26, 27, 29, 30, 32, 35, 36, 37, 41, 42, 43, 44, 
      46 ], 
  [ 2, 3, 5, 9, 14, 15, 24, 25, 26, 27, 29, 30, 32, 36, 37, 41, 42, 43, 44, 
      46 ], 
  [ 2, 3, 5, 9, 15, 17, 24, 25, 26, 27, 29, 30, 32, 35, 36, 37, 41, 42, 44, 
      46 ], 
  [ 2, 3, 5, 9, 14, 15, 17, 24, 25, 26, 27, 29, 30, 32, 36, 37, 41, 42, 44, 
      46 ], 
  [ 2, 3, 5, 9, 15, 18, 24, 25, 26, 27, 29, 30, 32, 35, 37, 41, 42, 43, 44, 
      46 ], 
  [ 2, 3, 5, 9, 14, 15, 18, 24, 25, 26, 27, 29, 30, 32, 37, 41, 42, 43, 44, 
      46 ], 
  [ 2, 3, 6, 9, 13, 15, 21, 25, 26, 27, 28, 29, 31, 35, 36, 37, 41, 43, 44, 
      46 ], 
  [ 2, 3, 6, 9, 13, 15, 17, 21, 25, 26, 27, 28, 29, 31, 35, 36, 37, 41, 44, 
      46 ], 
  [ 2, 3, 6, 9, 13, 15, 18, 21, 25, 26, 27, 28, 29, 31, 35, 37, 41, 43, 44, 
      46 ], [ 2, 3, 5, 6, 9, 15, 21, 25, 26, 27, 28, 29, 31, 36, 37, 41, 42, 
      43, 44, 46 ], 
  [ 2, 3, 5, 6, 9, 13, 15, 21, 25, 26, 27, 28, 29, 31, 36, 37, 41, 43, 44, 
      46 ], [ 2, 3, 5, 6, 9, 13, 15, 21, 25, 26, 27, 29, 31, 35, 36, 37, 41, 
      43, 44, 46 ], 
  [ 2, 3, 5, 6, 9, 15, 17, 21, 25, 26, 27, 28, 29, 31, 36, 37, 41, 42, 44, 
      46 ], [ 2, 3, 5, 6, 9, 13, 15, 17, 21, 25, 26, 27, 28, 29, 31, 36, 37, 
      41, 44, 46 ], 
  [ 2, 3, 5, 6, 9, 13, 15, 17, 21, 25, 26, 27, 29, 31, 35, 36, 37, 41, 44, 
      46 ], [ 2, 3, 5, 6, 9, 15, 18, 21, 25, 26, 27, 28, 29, 31, 37, 41, 42, 
      43, 44, 46 ], 
  [ 2, 3, 5, 6, 9, 13, 15, 18, 21, 25, 26, 27, 28, 29, 31, 37, 41, 43, 44, 
      46 ], [ 2, 3, 5, 6, 9, 13, 15, 18, 21, 25, 26, 27, 29, 31, 35, 37, 41, 
      43, 44, 46 ], 
  [ 2, 3, 5, 6, 9, 21, 24, 26, 27, 28, 29, 30, 35, 36, 37, 41, 42, 43, 44, 
      46 ], [ 2, 3, 5, 6, 9, 17, 21, 24, 26, 27, 28, 29, 30, 35, 36, 37, 41, 
      42, 44, 46 ], 
  [ 2, 3, 5, 6, 9, 19, 21, 24, 26, 28, 29, 31, 35, 36, 37, 41, 42, 43, 44, 
      46 ], [ 2, 3, 5, 6, 9, 17, 19, 21, 24, 26, 28, 29, 31, 35, 36, 37, 41, 
      42, 44, 46 ], 
  [ 2, 3, 5, 6, 9, 19, 20, 21, 24, 26, 31, 32, 35, 36, 37, 41, 42, 43, 44, 
      46 ], [ 2, 3, 5, 6, 9, 17, 19, 20, 21, 24, 26, 31, 32, 35, 36, 37, 41, 
      42, 44, 46 ], 
  [ 2, 5, 6, 8, 9, 13, 18, 19, 20, 25, 26, 29, 31, 34, 35, 38, 41, 42, 43, 
      46 ], [ 2, 3, 11, 14, 15, 17, 24, 26, 27, 28, 29, 30, 33, 35, 36, 37, 
      40, 41, 42, 44 ], 
  [ 2, 3, 5, 7, 11, 14, 15, 17, 21, 24, 26, 27, 30, 32, 34, 36, 39, 41, 43, 
      45 ], 
  [ 2, 3, 5, 7, 11, 14, 15, 18, 21, 24, 26, 27, 28, 29, 30, 34, 39, 41, 43, 
      45 ], 
  [ 2, 3, 5, 7, 11, 14, 15, 18, 21, 24, 26, 27, 30, 32, 34, 41, 42, 43, 44, 
      46 ], 
  [ 2, 3, 5, 7, 11, 14, 15, 18, 19, 21, 24, 26, 28, 29, 31, 34, 39, 41, 43, 
      45 ], 
  [ 2, 4, 5, 7, 11, 14, 15, 18, 25, 26, 27, 30, 32, 34, 38, 41, 42, 43, 44, 
      46 ], 
  [ 2, 4, 5, 7, 11, 14, 15, 18, 19, 25, 26, 31, 32, 34, 38, 41, 42, 43, 44, 
      46 ], [ 2, 4, 5, 6, 7, 11, 14, 15, 18, 23, 25, 27, 28, 29, 34, 38, 42, 
      43, 44, 46 ], 
  [ 2, 3, 5, 9, 11, 14, 15, 24, 25, 26, 27, 29, 30, 32, 36, 37, 41, 42, 43, 
      44 ], 
  [ 2, 3, 5, 9, 11, 14, 15, 17, 24, 25, 26, 27, 29, 30, 32, 36, 37, 41, 42, 
      44 ], 
  [ 2, 3, 5, 9, 11, 14, 15, 18, 24, 25, 26, 27, 29, 30, 32, 37, 41, 42, 43, 
      44 ], [ 2, 3, 5, 6, 9, 11, 13, 15, 17, 25, 26, 27, 28, 29, 30, 36, 37, 
      39, 40, 45 ], 
  [ 2, 3, 5, 6, 9, 11, 13, 15, 17, 25, 26, 27, 28, 29, 30, 35, 36, 37, 40, 
      44 ], [ 2, 3, 5, 6, 9, 11, 13, 16, 18, 27, 28, 29, 30, 34, 37, 38, 39, 
      41, 43, 45 ], 
  [ 2, 3, 5, 6, 9, 11, 13, 15, 17, 19, 25, 26, 28, 29, 31, 36, 37, 39, 40, 
      45 ], [ 2, 3, 5, 6, 9, 11, 13, 15, 17, 19, 25, 26, 28, 29, 31, 35, 36, 
      37, 40, 44 ], 
  [ 2, 3, 5, 6, 9, 11, 13, 16, 17, 19, 28, 29, 34, 36, 37, 38, 39, 41, 43, 
      45 ], 
  [ 2, 3, 5, 9, 14, 15, 21, 24, 25, 26, 27, 29, 31, 32, 36, 37, 41, 42, 43, 
      44, 46 ], 
  [ 2, 3, 5, 9, 14, 15, 17, 21, 24, 25, 26, 27, 29, 31, 32, 36, 37, 41, 42, 
      44, 46 ], 
  [ 2, 3, 5, 9, 14, 15, 18, 21, 24, 25, 26, 27, 29, 31, 32, 37, 41, 42, 43, 
      44, 46 ], 
  [ 2, 3, 5, 6, 9, 13, 15, 20, 21, 25, 26, 27, 31, 32, 35, 36, 37, 41, 43, 
      44, 46 ], 
  [ 2, 3, 5, 6, 9, 13, 15, 17, 20, 21, 25, 26, 27, 31, 32, 35, 36, 37, 41, 
      44, 46 ], 
  [ 2, 3, 5, 6, 9, 13, 15, 18, 20, 21, 25, 26, 27, 31, 32, 35, 37, 41, 43, 
      44, 46 ], 
  [ 2, 5, 6, 8, 9, 13, 17, 19, 20, 25, 26, 29, 31, 34, 35, 36, 38, 41, 42, 
      43, 46 ], 
  [ 2, 3, 11, 14, 15, 18, 24, 26, 27, 28, 29, 30, 33, 35, 36, 37, 40, 41, 
      42, 43, 44 ], 
  [ 2, 3, 5, 7, 11, 14, 15, 17, 21, 24, 26, 27, 28, 29, 30, 34, 36, 39, 41, 
      43, 45 ], 
  [ 2, 3, 5, 7, 11, 14, 15, 17, 21, 24, 26, 27, 30, 32, 34, 36, 41, 42, 43, 
      44, 46 ], 
  [ 2, 3, 5, 7, 11, 14, 15, 18, 21, 24, 26, 27, 28, 29, 30, 34, 41, 42, 43, 
      44, 46 ], 
  [ 2, 3, 5, 7, 11, 14, 15, 17, 19, 21, 24, 26, 28, 29, 31, 34, 36, 39, 41, 
      43, 45 ], 
  [ 2, 3, 5, 7, 11, 14, 15, 18, 19, 21, 24, 26, 28, 29, 31, 34, 41, 42, 43, 
      44, 46 ], 
  [ 2, 4, 5, 7, 11, 14, 15, 17, 25, 26, 27, 30, 32, 34, 36, 38, 41, 42, 43, 
      44, 46 ], 
  [ 2, 4, 5, 7, 11, 14, 15, 18, 25, 26, 27, 28, 29, 30, 34, 38, 41, 42, 43, 
      44, 46 ], 
  [ 2, 4, 5, 7, 11, 14, 15, 17, 19, 25, 26, 31, 32, 34, 36, 38, 41, 42, 43, 
      44, 46 ], 
  [ 2, 4, 5, 7, 11, 14, 15, 18, 19, 25, 26, 28, 29, 31, 34, 38, 41, 42, 43, 
      44, 46 ], 
  [ 2, 4, 5, 6, 7, 11, 14, 15, 17, 23, 25, 27, 28, 29, 34, 36, 38, 42, 43, 
      44, 46 ], 
  [ 2, 4, 5, 6, 7, 11, 14, 15, 18, 19, 23, 25, 28, 29, 31, 34, 38, 42, 43, 
      44, 46 ], 
  [ 2, 3, 5, 9, 11, 14, 15, 18, 25, 26, 27, 30, 32, 34, 37, 38, 41, 42, 43, 
      44, 46 ], 
  [ 2, 3, 5, 9, 11, 14, 15, 18, 24, 25, 26, 27, 29, 30, 32, 34, 41, 42, 43, 
      44, 46 ], 
  [ 2, 3, 5, 6, 9, 11, 13, 16, 17, 27, 28, 29, 30, 34, 36, 37, 38, 39, 41, 
      43, 45 ], 
  [ 2, 3, 5, 6, 9, 11, 13, 15, 18, 25, 26, 27, 28, 29, 30, 36, 37, 39, 40, 
      43, 45 ], 
  [ 2, 3, 5, 6, 9, 11, 13, 15, 18, 25, 26, 27, 28, 29, 30, 35, 36, 37, 40, 
      43, 44 ], 
  [ 2, 3, 5, 6, 9, 11, 13, 15, 18, 19, 25, 26, 28, 29, 31, 36, 37, 39, 40, 
      43, 45 ], 
  [ 2, 3, 5, 6, 9, 11, 13, 15, 18, 19, 25, 26, 28, 29, 31, 35, 36, 37, 40, 
      43, 44 ], 
  [ 2, 3, 5, 6, 9, 11, 13, 16, 18, 19, 28, 29, 34, 35, 37, 38, 41, 42, 43, 
      44, 46 ], 
  [ 2, 3, 5, 6, 9, 15, 21, 24, 25, 26, 27, 29, 31, 32, 35, 36, 37, 41, 42, 
      43, 44, 46 ], 
  [ 2, 3, 5, 6, 9, 15, 17, 21, 24, 25, 26, 27, 29, 31, 32, 35, 36, 37, 41, 
      42, 44, 46 ], 
  [ 2, 3, 5, 6, 9, 15, 18, 21, 24, 25, 26, 27, 29, 31, 32, 35, 37, 41, 42, 
      43, 44, 46 ], 
  [ 2, 3, 5, 7, 11, 14, 15, 17, 21, 24, 26, 27, 30, 32, 33, 36, 37, 39, 40, 
      41, 44, 45 ], 
  [ 2, 3, 5, 7, 11, 14, 15, 17, 21, 24, 26, 27, 28, 29, 30, 34, 36, 41, 42, 
      43, 44, 46 ], 
  [ 2, 3, 5, 7, 11, 14, 15, 17, 19, 21, 24, 26, 28, 29, 31, 34, 36, 41, 42, 
      43, 44, 46 ], 
  [ 2, 4, 5, 7, 11, 14, 15, 17, 25, 26, 27, 28, 29, 30, 34, 36, 38, 41, 42, 
      43, 44, 46 ], 
  [ 2, 4, 5, 7, 11, 14, 15, 17, 19, 25, 26, 28, 29, 31, 34, 36, 38, 41, 42, 
      43, 44, 46 ], 
  [ 2, 3, 5, 6, 7, 11, 13, 15, 18, 21, 26, 27, 28, 30, 34, 37, 38, 39, 41, 
      43, 44, 46 ], 
  [ 2, 3, 5, 6, 7, 11, 14, 15, 17, 21, 23, 24, 26, 27, 28, 30, 32, 36, 37, 
      39, 40, 44 ], 
  [ 2, 3, 5, 6, 7, 11, 14, 15, 18, 21, 23, 24, 26, 27, 28, 30, 32, 34, 39, 
      41, 42, 43 ], 
  [ 2, 4, 5, 6, 7, 11, 14, 15, 18, 23, 25, 26, 27, 28, 30, 32, 34, 38, 42, 
      43, 44, 46 ], 
  [ 2, 4, 5, 6, 7, 11, 14, 15, 17, 19, 23, 25, 28, 29, 31, 34, 36, 38, 42, 
      43, 44, 46 ], 
  [ 2, 4, 5, 6, 7, 11, 14, 15, 18, 19, 23, 25, 26, 28, 31, 32, 34, 38, 42, 
      43, 44, 46 ], 
  [ 2, 3, 5, 6, 7, 8, 11, 13, 15, 18, 21, 24, 26, 27, 28, 29, 30, 34, 39, 
      41, 43, 45 ], 
  [ 2, 3, 5, 6, 7, 8, 11, 13, 15, 18, 19, 21, 24, 26, 28, 29, 31, 34, 39, 
      41, 43, 45 ], 
  [ 2, 4, 5, 6, 7, 8, 11, 13, 15, 18, 25, 26, 27, 28, 29, 30, 34, 38, 39, 
      41, 43, 45 ], 
  [ 2, 4, 5, 6, 7, 8, 11, 13, 15, 18, 19, 25, 26, 28, 29, 31, 34, 38, 39, 
      41, 43, 45 ], 
  [ 2, 4, 5, 6, 7, 8, 11, 13, 15, 18, 19, 20, 25, 26, 31, 32, 34, 38, 39, 
      41, 43, 45 ], 
  [ 2, 3, 9, 11, 14, 15, 17, 24, 25, 26, 27, 29, 30, 32, 33, 35, 36, 37, 40, 
      41, 42, 44 ], 
  [ 1, 3, 5, 9, 11, 14, 15, 17, 22, 23, 24, 25, 27, 29, 30, 32, 35, 36, 37, 
      40, 42, 44 ], 
  [ 2, 3, 5, 9, 11, 14, 15, 17, 25, 26, 27, 30, 32, 34, 36, 37, 38, 41, 42, 
      43, 44, 46 ], 
  [ 2, 3, 5, 9, 11, 14, 15, 18, 25, 26, 27, 28, 29, 30, 34, 37, 38, 41, 42, 
      43, 44, 46 ], 
  [ 2, 3, 5, 9, 11, 14, 15, 18, 19, 25, 26, 28, 29, 31, 34, 37, 38, 41, 42, 
      43, 44, 46 ], 
  [ 2, 3, 5, 9, 11, 14, 15, 17, 24, 25, 26, 27, 29, 30, 32, 33, 36, 37, 40, 
      41, 44, 45 ], 
  [ 2, 3, 5, 9, 11, 14, 15, 17, 24, 25, 26, 27, 29, 30, 32, 34, 36, 41, 42, 
      43, 44, 46 ], 
  [ 2, 3, 5, 6, 9, 11, 13, 15, 18, 25, 26, 27, 28, 29, 30, 34, 37, 38, 39, 
      41, 43, 45 ], 
  [ 2, 3, 5, 6, 9, 11, 13, 16, 18, 27, 28, 29, 30, 34, 35, 37, 38, 41, 42, 
      43, 44, 46 ], 
  [ 2, 3, 5, 6, 9, 11, 13, 16, 17, 19, 28, 29, 34, 35, 36, 37, 38, 41, 42, 
      43, 44, 46 ], 
  [ 2, 3, 5, 6, 9, 11, 13, 15, 18, 19, 25, 26, 28, 29, 31, 34, 37, 38, 39, 
      41, 43, 45 ], 
  [ 2, 3, 5, 6, 9, 11, 13, 15, 18, 19, 20, 25, 26, 31, 32, 34, 37, 38, 39, 
      41, 43, 45 ], 
  [ 2, 3, 5, 6, 7, 9, 11, 13, 15, 18, 19, 21, 25, 26, 27, 28, 29, 31, 34, 
      39, 41, 43 ], 
  [ 2, 3, 5, 6, 9, 10, 11, 13, 16, 18, 19, 20, 26, 28, 30, 34, 37, 38, 39, 
      41, 43, 45 ], 
  [ 2, 3, 5, 6, 8, 9, 13, 15, 18, 20, 24, 25, 26, 27, 29, 30, 32, 34, 35, 
      41, 42, 43, 46 ], 
  [ 2, 3, 5, 7, 11, 14, 15, 17, 21, 24, 26, 27, 28, 29, 30, 33, 36, 37, 39, 
      40, 41, 44, 45 ], 
  [ 2, 3, 5, 7, 11, 14, 15, 18, 21, 24, 26, 27, 30, 32, 33, 36, 37, 39, 40, 
      41, 43, 44, 45 ], 
  [ 2, 3, 5, 7, 11, 14, 15, 17, 19, 21, 24, 26, 28, 29, 31, 33, 36, 37, 39, 
      40, 41, 44, 45 ], 
  [ 2, 3, 5, 6, 7, 11, 13, 15, 17, 21, 26, 27, 28, 30, 34, 36, 37, 38, 39, 
      41, 43, 44, 46 ], 
  [ 2, 3, 5, 6, 7, 11, 13, 15, 18, 20, 21, 26, 27, 30, 32, 34, 37, 38, 39, 
      41, 43, 44, 46 ], 
  [ 2, 3, 5, 6, 7, 11, 14, 15, 21, 23, 24, 26, 27, 28, 30, 32, 36, 37, 39, 
      41, 42, 43, 44 ], 
  [ 2, 3, 5, 6, 7, 11, 14, 15, 17, 21, 23, 24, 26, 27, 28, 30, 32, 36, 37, 
      39, 41, 42, 44 ], 
  [ 2, 3, 5, 6, 7, 11, 14, 15, 17, 21, 23, 24, 26, 27, 28, 30, 32, 34, 36, 
      39, 41, 42, 43 ], 
  [ 2, 3, 5, 6, 7, 11, 14, 15, 18, 21, 23, 24, 26, 27, 28, 30, 32, 37, 39, 
      41, 42, 43, 44 ], 
  [ 2, 3, 5, 6, 7, 11, 14, 15, 18, 21, 23, 24, 26, 27, 28, 30, 32, 36, 37, 
      39, 40, 43, 44 ], 
  [ 2, 4, 5, 6, 7, 11, 14, 15, 17, 23, 25, 26, 27, 28, 30, 32, 34, 36, 38, 
      42, 43, 44, 46 ], 
  [ 2, 4, 5, 6, 7, 11, 14, 15, 17, 19, 23, 25, 26, 28, 31, 32, 34, 36, 38, 
      42, 43, 44, 46 ], 
  [ 2, 3, 5, 6, 7, 8, 11, 13, 15, 17, 21, 24, 26, 27, 28, 29, 30, 34, 36, 
      39, 41, 43, 45 ], 
  [ 2, 3, 5, 6, 7, 8, 11, 13, 15, 17, 19, 21, 24, 26, 28, 29, 31, 34, 36, 
      39, 41, 43, 45 ], 
  [ 2, 4, 5, 6, 7, 8, 11, 13, 15, 17, 25, 26, 27, 28, 29, 30, 34, 36, 38, 
      39, 41, 43, 45 ], 
  [ 2, 4, 5, 6, 7, 8, 11, 13, 15, 17, 19, 25, 26, 28, 29, 31, 34, 36, 38, 
      39, 41, 43, 45 ], 
  [ 2, 4, 5, 6, 7, 8, 11, 13, 15, 17, 19, 20, 25, 26, 31, 32, 34, 36, 38, 
      39, 41, 43, 45 ], 
  [ 2, 3, 9, 11, 14, 15, 18, 24, 25, 26, 27, 29, 30, 32, 33, 35, 36, 37, 40, 
      41, 42, 43, 44 ], 
  [ 1, 3, 5, 9, 11, 14, 15, 18, 22, 23, 24, 25, 27, 29, 30, 32, 35, 36, 37, 
      40, 42, 43, 44 ], 
  [ 2, 3, 5, 9, 11, 14, 15, 17, 25, 26, 27, 28, 29, 30, 34, 36, 37, 38, 41, 
      42, 43, 44, 46 ], 
  [ 2, 3, 5, 9, 11, 14, 15, 17, 19, 25, 26, 28, 29, 31, 34, 36, 37, 38, 41, 
      42, 43, 44, 46 ], 
  [ 2, 3, 5, 9, 11, 14, 15, 18, 24, 25, 26, 27, 29, 30, 32, 33, 36, 37, 40, 
      41, 43, 44, 45 ], 
  [ 2, 3, 5, 6, 9, 11, 13, 15, 17, 25, 26, 27, 28, 29, 30, 34, 36, 37, 38, 
      39, 41, 43, 45 ], 
  [ 2, 3, 5, 6, 9, 11, 13, 16, 17, 27, 28, 29, 30, 34, 35, 36, 37, 38, 41, 
      42, 43, 44, 46 ], 
  [ 2, 3, 5, 6, 9, 11, 13, 15, 17, 19, 25, 26, 28, 29, 31, 34, 36, 37, 38, 
      39, 41, 43, 45 ], 
  [ 2, 3, 5, 6, 9, 11, 13, 15, 17, 19, 20, 25, 26, 31, 32, 34, 36, 37, 38, 
      39, 41, 43, 45 ], 
  [ 2, 3, 5, 6, 9, 11, 14, 15, 18, 23, 25, 26, 27, 28, 30, 32, 34, 37, 38, 
      42, 43, 44, 46 ], 
  [ 2, 3, 5, 6, 9, 11, 14, 15, 17, 23, 24, 25, 26, 27, 28, 29, 30, 32, 36, 
      37, 39, 40, 45 ], 
  [ 2, 3, 5, 6, 9, 11, 14, 15, 17, 19, 23, 24, 25, 26, 28, 29, 31, 32, 36, 
      37, 39, 40, 45 ], 
  [ 2, 3, 5, 7, 9, 11, 14, 15, 18, 19, 21, 25, 26, 27, 28, 29, 31, 34, 41, 
      42, 43, 44, 46 ], 
  [ 2, 3, 5, 7, 9, 11, 14, 15, 18, 19, 21, 24, 25, 26, 27, 29, 31, 32, 34, 
      39, 41, 43, 45 ], 
  [ 2, 3, 5, 6, 7, 9, 11, 13, 15, 19, 21, 25, 26, 27, 28, 29, 31, 36, 37, 
      39, 41, 43, 44 ], 
  [ 2, 3, 5, 6, 7, 9, 11, 13, 15, 17, 19, 21, 25, 26, 27, 28, 29, 31, 36, 
      37, 39, 40, 44 ], 
  [ 2, 3, 5, 6, 7, 9, 11, 13, 15, 17, 19, 21, 25, 26, 27, 28, 29, 31, 36, 
      37, 39, 41, 44 ], 
  [ 2, 3, 5, 6, 7, 9, 11, 13, 15, 17, 19, 21, 25, 26, 27, 28, 29, 31, 34, 
      36, 39, 41, 43 ], 
  [ 2, 3, 5, 6, 7, 9, 11, 13, 15, 18, 19, 21, 25, 26, 27, 28, 29, 31, 37, 
      39, 41, 43, 44 ], 
  [ 2, 3, 5, 6, 7, 9, 11, 13, 15, 18, 19, 21, 25, 26, 27, 28, 29, 31, 34, 
      41, 43, 44, 46 ], 
  [ 2, 3, 5, 6, 7, 9, 11, 13, 16, 18, 19, 21, 27, 28, 29, 34, 37, 38, 39, 
      41, 43, 44, 46 ], 
  [ 2, 3, 5, 9, 10, 11, 13, 16, 18, 19, 26, 28, 29, 30, 34, 35, 37, 38, 41, 
      42, 43, 44, 46 ], 
  [ 2, 3, 5, 6, 9, 10, 11, 13, 16, 17, 19, 20, 26, 28, 30, 34, 36, 37, 38, 
      39, 41, 43, 45 ], 
  [ 2, 3, 5, 6, 8, 9, 13, 15, 17, 20, 24, 25, 26, 27, 29, 30, 32, 34, 35, 
      36, 41, 42, 43, 46 ], 
  [ 2, 3, 5, 7, 11, 14, 15, 18, 21, 24, 26, 27, 28, 29, 30, 33, 36, 37, 39, 
      40, 41, 43, 44, 45 ], 
  [ 2, 3, 5, 7, 11, 14, 15, 18, 19, 21, 24, 26, 28, 29, 31, 33, 36, 37, 39, 
      40, 41, 43, 44, 45 ], 
  [ 2, 3, 5, 6, 7, 11, 13, 15, 17, 20, 21, 26, 27, 30, 32, 34, 36, 37, 38, 
      39, 41, 43, 44, 46 ], 
  [ 2, 3, 5, 6, 7, 8, 11, 13, 15, 18, 21, 24, 26, 27, 28, 29, 30, 34, 35, 
      41, 42, 43, 44, 46 ], 
  [ 2, 3, 5, 6, 7, 8, 11, 13, 15, 18, 19, 21, 24, 26, 28, 29, 31, 34, 35, 
      41, 42, 43, 44, 46 ], 
  [ 2, 4, 5, 6, 7, 8, 11, 13, 15, 18, 25, 26, 27, 28, 29, 30, 34, 35, 38, 
      41, 42, 43, 44, 46 ], 
  [ 2, 4, 5, 6, 7, 8, 11, 13, 15, 18, 19, 25, 26, 28, 29, 31, 34, 35, 38, 
      41, 42, 43, 44, 46 ], 
  [ 2, 4, 5, 6, 7, 8, 11, 13, 15, 18, 19, 20, 25, 26, 31, 32, 34, 35, 38, 
      41, 42, 43, 44, 46 ], 
  [ 2, 3, 5, 6, 9, 11, 13, 15, 18, 25, 26, 27, 28, 29, 30, 34, 35, 37, 38, 
      41, 42, 43, 44, 46 ], 
  [ 2, 3, 5, 6, 9, 11, 13, 15, 18, 19, 25, 26, 28, 29, 31, 34, 35, 37, 38, 
      41, 42, 43, 44, 46 ], 
  [ 2, 3, 5, 6, 9, 11, 13, 15, 18, 19, 20, 25, 26, 31, 32, 34, 35, 37, 38, 
      41, 42, 43, 44, 46 ], 
  [ 2, 3, 5, 6, 9, 11, 14, 15, 17, 23, 25, 26, 27, 28, 30, 32, 34, 36, 37, 
      38, 42, 43, 44, 46 ], 
  [ 2, 3, 5, 6, 9, 11, 14, 15, 17, 23, 24, 25, 26, 27, 28, 29, 30, 32, 35, 
      36, 37, 40, 42, 44 ], 
  [ 2, 3, 5, 6, 9, 11, 14, 15, 18, 23, 24, 25, 26, 27, 28, 29, 30, 32, 36, 
      37, 39, 40, 43, 45 ], 
  [ 2, 3, 5, 6, 9, 11, 14, 15, 17, 19, 23, 24, 25, 26, 28, 29, 31, 32, 35, 
      36, 37, 40, 42, 44 ], 
  [ 2, 3, 5, 6, 9, 11, 14, 15, 18, 19, 23, 24, 25, 26, 28, 29, 31, 32, 36, 
      37, 39, 40, 43, 45 ], 
  [ 2, 3, 5, 7, 9, 11, 14, 15, 17, 19, 21, 25, 26, 27, 28, 29, 31, 34, 36, 
      41, 42, 43, 44, 46 ], 
  [ 2, 3, 5, 7, 9, 11, 14, 15, 17, 19, 21, 24, 25, 26, 27, 29, 31, 32, 34, 
      36, 39, 41, 43, 45 ], 
  [ 2, 3, 5, 7, 9, 11, 14, 15, 18, 19, 21, 24, 25, 26, 27, 29, 31, 32, 34, 
      41, 42, 43, 44, 46 ], 
  [ 2, 3, 6, 7, 9, 11, 13, 15, 18, 19, 21, 25, 26, 27, 28, 29, 31, 34, 35, 
      41, 42, 43, 44, 46 ], 
  [ 2, 3, 5, 6, 7, 9, 11, 13, 15, 17, 19, 21, 25, 26, 27, 28, 29, 31, 34, 
      36, 41, 43, 44, 46 ], 
  [ 2, 3, 5, 6, 7, 9, 11, 13, 16, 17, 19, 21, 27, 28, 29, 34, 36, 37, 38, 
      39, 41, 43, 44, 46 ], 
  [ 2, 3, 5, 6, 7, 9, 11, 13, 15, 18, 19, 21, 25, 26, 27, 28, 29, 31, 36, 
      37, 39, 40, 43, 44 ], 
  [ 1, 3, 9, 10, 11, 14, 15, 17, 23, 24, 25, 26, 27, 28, 29, 30, 32, 33, 35, 
      36, 37, 40, 42, 44 ], 
  [ 1, 3, 9, 10, 11, 14, 15, 17, 19, 23, 24, 25, 26, 28, 29, 31, 32, 33, 35, 
      36, 37, 40, 42, 44 ], 
  [ 2, 3, 5, 9, 10, 11, 13, 16, 17, 19, 26, 28, 29, 30, 34, 35, 36, 37, 38, 
      41, 42, 43, 44, 46 ], 
  [ 2, 3, 5, 6, 9, 10, 11, 13, 16, 18, 19, 20, 26, 28, 30, 34, 35, 37, 38, 
      41, 42, 43, 44, 46 ], 
  [ 2, 3, 6, 7, 11, 14, 15, 17, 21, 23, 24, 26, 27, 28, 30, 32, 33, 35, 36, 
      37, 39, 40, 41, 42, 44 ], 
  [ 2, 3, 5, 6, 7, 11, 14, 15, 18, 21, 23, 26, 27, 28, 30, 32, 34, 37, 38, 
      39, 41, 42, 43, 44, 46 ], 
  [ 2, 3, 5, 6, 7, 8, 11, 13, 15, 17, 21, 24, 26, 27, 28, 29, 30, 34, 35, 
      36, 41, 42, 43, 44, 46 ], 
  [ 2, 3, 5, 6, 7, 8, 11, 13, 15, 17, 19, 21, 24, 26, 28, 29, 31, 34, 35, 
      36, 41, 42, 43, 44, 46 ], 
  [ 2, 4, 5, 6, 7, 8, 11, 13, 15, 17, 25, 26, 27, 28, 29, 30, 34, 35, 36, 
      38, 41, 42, 43, 44, 46 ], 
  [ 2, 4, 5, 6, 7, 8, 11, 13, 15, 17, 19, 25, 26, 28, 29, 31, 34, 35, 36, 
      38, 41, 42, 43, 44, 46 ], 
  [ 2, 4, 5, 6, 7, 8, 11, 13, 15, 17, 19, 20, 25, 26, 31, 32, 34, 35, 36, 
      38, 41, 42, 43, 44, 46 ], 
  [ 2, 3, 5, 6, 9, 11, 13, 15, 17, 25, 26, 27, 28, 29, 30, 34, 35, 36, 37, 
      38, 41, 42, 43, 44, 46 ], 
  [ 2, 3, 5, 6, 9, 11, 13, 15, 17, 19, 25, 26, 28, 29, 31, 34, 35, 36, 37, 
      38, 41, 42, 43, 44, 46 ], 
  [ 2, 3, 5, 6, 9, 11, 13, 15, 17, 19, 20, 25, 26, 31, 32, 34, 35, 36, 37, 
      38, 41, 42, 43, 44, 46 ], 
  [ 2, 3, 5, 6, 9, 11, 14, 15, 18, 23, 24, 25, 26, 27, 28, 29, 30, 32, 35, 
      36, 37, 40, 42, 43, 44 ], 
  [ 2, 3, 5, 6, 9, 11, 14, 15, 18, 19, 23, 24, 25, 26, 28, 29, 31, 32, 35, 
      36, 37, 40, 42, 43, 44 ], 
  [ 2, 3, 5, 7, 9, 11, 14, 15, 17, 19, 21, 24, 25, 26, 27, 29, 31, 32, 34, 
      36, 41, 42, 43, 44, 46 ], 
  [ 2, 3, 6, 7, 9, 11, 13, 15, 17, 19, 21, 25, 26, 27, 28, 29, 31, 33, 35, 
      36, 37, 39, 40, 41, 44 ], 
  [ 2, 3, 6, 7, 9, 11, 13, 15, 17, 19, 21, 25, 26, 27, 28, 29, 31, 34, 35, 
      36, 41, 42, 43, 44, 46 ], 
  [ 2, 3, 5, 6, 7, 9, 11, 13, 15, 18, 19, 21, 25, 26, 27, 28, 31, 34, 37, 
      38, 39, 41, 43, 44, 46 ], 
  [ 2, 3, 5, 6, 7, 9, 11, 13, 15, 18, 19, 21, 25, 27, 28, 29, 31, 34, 37, 
      38, 39, 41, 43, 44, 46 ], 
  [ 1, 3, 9, 10, 11, 14, 15, 18, 23, 24, 25, 26, 27, 28, 29, 30, 32, 33, 35, 
      36, 37, 40, 42, 43, 44 ], 
  [ 1, 3, 9, 10, 11, 14, 15, 18, 19, 23, 24, 25, 26, 28, 29, 31, 32, 33, 35, 
      36, 37, 40, 42, 43, 44 ], 
  [ 2, 3, 5, 6, 9, 10, 11, 13, 16, 17, 19, 20, 26, 28, 30, 34, 35, 36, 37, 
      38, 41, 42, 43, 44, 46 ], 
  [ 2, 3, 6, 7, 11, 14, 15, 18, 21, 23, 24, 26, 27, 28, 30, 32, 33, 35, 36, 
      37, 39, 40, 41, 42, 43, 44 ], 
  [ 2, 3, 5, 6, 7, 11, 14, 15, 17, 21, 23, 26, 27, 28, 30, 32, 34, 36, 37, 
      38, 39, 41, 42, 43, 44, 46 ], 
  [ 2, 3, 5, 6, 7, 8, 11, 13, 15, 17, 21, 24, 26, 27, 28, 29, 30, 33, 35, 
      36, 37, 39, 40, 41, 44, 45 ], 
  [ 2, 3, 5, 6, 7, 8, 11, 13, 15, 17, 19, 21, 24, 26, 28, 29, 31, 33, 35, 
      36, 37, 39, 40, 41, 44, 45 ], 
  [ 2, 4, 5, 6, 7, 8, 11, 13, 15, 17, 25, 26, 27, 28, 29, 30, 33, 35, 36, 
      37, 38, 39, 40, 41, 44, 45 ], 
  [ 2, 4, 5, 6, 7, 8, 11, 13, 15, 17, 19, 25, 26, 28, 29, 31, 33, 35, 36, 
      37, 38, 39, 40, 41, 44, 45 ], 
  [ 2, 4, 5, 6, 7, 8, 11, 13, 15, 17, 19, 20, 25, 26, 31, 32, 33, 35, 36, 
      37, 38, 39, 40, 41, 44, 45 ], 
  [ 2, 4, 5, 6, 7, 8, 11, 14, 15, 18, 23, 24, 25, 26, 27, 28, 29, 30, 32, 
      34, 38, 39, 41, 42, 43, 45 ], 
  [ 2, 4, 5, 6, 7, 8, 11, 14, 15, 18, 19, 23, 24, 25, 26, 28, 29, 31, 32, 
      34, 38, 39, 41, 42, 43, 45 ], 
  [ 2, 3, 5, 6, 9, 11, 14, 15, 18, 23, 24, 25, 26, 27, 28, 29, 30, 32, 34, 
      37, 38, 39, 41, 42, 43, 45 ], 
  [ 2, 3, 5, 6, 9, 11, 14, 15, 18, 19, 23, 24, 25, 26, 28, 29, 31, 32, 34, 
      37, 38, 39, 41, 42, 43, 45 ], 
  [ 2, 3, 5, 7, 9, 11, 14, 15, 17, 19, 21, 24, 25, 26, 27, 29, 31, 32, 33, 
      36, 37, 39, 40, 41, 44, 45 ], 
  [ 2, 3, 6, 7, 9, 11, 13, 15, 18, 19, 21, 25, 26, 27, 28, 29, 31, 33, 35, 
      36, 37, 39, 40, 41, 43, 44 ], 
  [ 2, 3, 5, 6, 7, 9, 11, 13, 15, 17, 19, 21, 25, 26, 27, 28, 31, 34, 36, 
      37, 38, 39, 41, 43, 44, 46 ], 
  [ 2, 3, 5, 6, 7, 9, 11, 13, 15, 17, 19, 21, 25, 27, 28, 29, 31, 34, 36, 
      37, 38, 39, 41, 43, 44, 46 ], 
  [ 2, 3, 5, 6, 7, 9, 11, 13, 15, 18, 19, 20, 21, 25, 26, 27, 31, 32, 34, 
      37, 38, 39, 41, 43, 44, 46 ], 
  [ 2, 3, 5, 6, 7, 9, 11, 14, 15, 17, 19, 21, 23, 24, 25, 26, 27, 28, 29, 
      31, 32, 36, 37, 39, 40, 44 ], 
  [ 2, 3, 5, 6, 7, 9, 11, 14, 15, 18, 19, 21, 23, 24, 25, 26, 27, 28, 29, 
      31, 32, 34, 39, 41, 42, 43 ], 
  [ 2, 3, 5, 6, 7, 8, 9, 11, 13, 15, 18, 19, 20, 21, 24, 25, 26, 27, 29, 31, 
      32, 34, 39, 41, 43, 45 ], 
  [ 1, 3, 5, 9, 10, 11, 14, 15, 17, 19, 22, 23, 24, 25, 26, 28, 29, 30, 31, 
      32, 35, 36, 37, 40, 42, 44 ], 
  [ 2, 3, 5, 6, 7, 9, 10, 11, 13, 16, 18, 19, 20, 21, 26, 27, 28, 30, 34, 
      37, 38, 39, 41, 43, 44, 46 ], 
  [ 2, 3, 5, 6, 7, 8, 9, 10, 11, 13, 16, 18, 19, 20, 21, 24, 26, 27, 28, 29, 
      30, 34, 39, 41, 43, 45 ], 
  [ 2, 4, 5, 6, 7, 8, 9, 10, 11, 13, 16, 18, 19, 20, 25, 26, 27, 28, 29, 30, 
      34, 38, 39, 41, 43, 45 ], 
  [ 2, 3, 5, 6, 7, 8, 11, 13, 15, 18, 21, 24, 26, 27, 28, 29, 30, 33, 35, 
      36, 37, 39, 40, 41, 43, 44, 45 ], 
  [ 2, 3, 5, 6, 7, 8, 11, 13, 15, 18, 19, 21, 24, 26, 28, 29, 31, 33, 35, 
      36, 37, 39, 40, 41, 43, 44, 45 ], 
  [ 2, 4, 5, 6, 7, 8, 11, 13, 15, 18, 25, 26, 27, 28, 29, 30, 33, 35, 36, 
      37, 38, 39, 40, 41, 43, 44, 45 ], 
  [ 2, 4, 5, 6, 7, 8, 11, 13, 15, 18, 19, 25, 26, 28, 29, 31, 33, 35, 36, 
      37, 38, 39, 40, 41, 43, 44, 45 ], 
  [ 2, 4, 5, 6, 7, 8, 11, 13, 15, 18, 19, 20, 25, 26, 31, 32, 33, 35, 36, 
      37, 38, 39, 40, 41, 43, 44, 45 ], 
  [ 2, 4, 5, 6, 7, 8, 11, 14, 15, 17, 23, 24, 25, 26, 27, 28, 29, 30, 32, 
      34, 36, 38, 39, 41, 42, 43, 45 ], 
  [ 2, 4, 5, 6, 7, 8, 11, 14, 15, 17, 19, 23, 24, 25, 26, 28, 29, 31, 32, 
      34, 36, 38, 39, 41, 42, 43, 45 ], 
  [ 2, 3, 5, 6, 9, 11, 14, 15, 17, 23, 24, 25, 26, 27, 28, 29, 30, 32, 34, 
      36, 37, 38, 39, 41, 42, 43, 45 ], 
  [ 2, 3, 5, 6, 9, 11, 14, 15, 17, 19, 23, 24, 25, 26, 28, 29, 31, 32, 34, 
      36, 37, 38, 39, 41, 42, 43, 45 ], 
  [ 2, 3, 5, 7, 9, 11, 14, 15, 18, 19, 21, 24, 25, 26, 27, 29, 31, 32, 33, 
      36, 37, 39, 40, 41, 43, 44, 45 ], 
  [ 2, 3, 5, 6, 7, 9, 11, 13, 15, 17, 19, 20, 21, 25, 26, 27, 31, 32, 34, 
      36, 37, 38, 39, 41, 43, 44, 46 ], 
  [ 2, 3, 5, 6, 7, 9, 11, 14, 15, 18, 19, 21, 23, 25, 27, 28, 29, 31, 34, 
      37, 38, 39, 41, 42, 43, 44, 46 ], 
  [ 2, 3, 5, 6, 7, 9, 11, 14, 15, 19, 21, 23, 24, 25, 26, 27, 28, 29, 31, 
      32, 36, 37, 39, 41, 42, 43, 44 ], 
  [ 2, 3, 5, 6, 7, 9, 11, 14, 15, 17, 19, 21, 23, 24, 25, 26, 27, 28, 29, 
      31, 32, 36, 37, 39, 41, 42, 44 ], 
  [ 2, 3, 5, 6, 7, 9, 11, 14, 15, 17, 19, 21, 23, 24, 25, 26, 27, 28, 29, 
      31, 32, 34, 36, 39, 41, 42, 43 ], 
  [ 2, 3, 5, 6, 7, 9, 11, 14, 15, 18, 19, 21, 23, 24, 25, 26, 27, 28, 29, 
      31, 32, 37, 39, 41, 42, 43, 44 ], 
  [ 2, 3, 5, 6, 7, 9, 11, 14, 15, 18, 19, 21, 23, 24, 25, 26, 27, 28, 29, 
      31, 32, 36, 37, 39, 40, 43, 44 ], 
  [ 2, 3, 5, 6, 7, 8, 9, 11, 13, 15, 17, 19, 20, 21, 24, 25, 26, 27, 29, 31, 
      32, 34, 36, 39, 41, 43, 45 ], 
  [ 1, 3, 5, 9, 10, 11, 14, 15, 18, 19, 22, 23, 24, 25, 26, 28, 29, 30, 31, 
      32, 35, 36, 37, 40, 42, 43, 44 ], 
  [ 2, 3, 5, 6, 7, 9, 10, 11, 13, 16, 17, 19, 20, 21, 26, 27, 28, 30, 34, 
      36, 37, 38, 39, 41, 43, 44, 46 ], 
  [ 2, 3, 5, 6, 7, 8, 9, 10, 11, 13, 16, 17, 19, 20, 21, 24, 26, 27, 28, 29, 
      30, 34, 36, 39, 41, 43, 45 ], 
  [ 2, 4, 5, 6, 7, 8, 9, 10, 11, 13, 16, 17, 19, 20, 25, 26, 27, 28, 29, 30, 
      34, 36, 38, 39, 41, 43, 45 ], 
  [ 2, 3, 5, 6, 7, 9, 11, 14, 15, 17, 19, 21, 23, 25, 27, 28, 29, 31, 34, 
      36, 37, 38, 39, 41, 42, 43, 44, 46 ], 
  [ 2, 3, 5, 6, 7, 9, 11, 14, 15, 18, 19, 21, 23, 25, 26, 27, 28, 31, 32, 
      34, 37, 38, 39, 41, 42, 43, 44, 46 ], 
  [ 2, 3, 5, 6, 7, 8, 9, 11, 13, 15, 18, 19, 20, 21, 24, 25, 26, 27, 29, 31, 
      32, 34, 35, 41, 42, 43, 44, 46 ], 
  [ 2, 3, 5, 6, 7, 8, 9, 10, 11, 13, 16, 18, 19, 20, 21, 24, 26, 27, 28, 29, 
      30, 34, 35, 41, 42, 43, 44, 46 ], 
  [ 2, 4, 5, 6, 7, 8, 9, 10, 11, 13, 16, 18, 19, 20, 25, 26, 27, 28, 29, 30, 
      34, 35, 38, 41, 42, 43, 44, 46 ], 
  [ 2, 3, 6, 7, 9, 11, 14, 15, 17, 19, 21, 23, 24, 25, 26, 27, 28, 29, 31, 
      32, 33, 35, 36, 37, 39, 40, 41, 42, 44 ], 
  [ 2, 3, 5, 6, 7, 9, 11, 14, 15, 17, 19, 21, 23, 25, 26, 27, 28, 31, 32, 
      34, 36, 37, 38, 39, 41, 42, 43, 44, 46 ], 
  [ 2, 3, 5, 6, 7, 8, 9, 11, 13, 15, 17, 19, 20, 21, 24, 25, 26, 27, 29, 31, 
      32, 34, 35, 36, 41, 42, 43, 44, 46 ], 
  [ 2, 3, 5, 6, 7, 8, 9, 10, 11, 13, 16, 17, 19, 20, 21, 24, 26, 27, 28, 29, 
      30, 34, 35, 36, 41, 42, 43, 44, 46 ], 
  [ 2, 4, 5, 6, 7, 8, 9, 10, 11, 13, 16, 17, 19, 20, 25, 26, 27, 28, 29, 30, 
      34, 35, 36, 38, 41, 42, 43, 44, 46 ], 
  [ 2, 4, 5, 6, 7, 8, 11, 14, 15, 17, 23, 24, 25, 26, 27, 28, 29, 30, 32, 
      33, 35, 36, 37, 38, 39, 40, 41, 42, 44, 45 ], 
  [ 2, 4, 5, 6, 7, 8, 11, 14, 15, 17, 19, 23, 24, 25, 26, 28, 29, 31, 32, 
      33, 35, 36, 37, 38, 39, 40, 41, 42, 44, 45 ], 
  [ 2, 3, 6, 7, 9, 11, 14, 15, 18, 19, 21, 23, 24, 25, 26, 27, 28, 29, 31, 
      32, 33, 35, 36, 37, 39, 40, 41, 42, 43, 44 ], 
  [ 2, 3, 5, 6, 7, 8, 9, 11, 13, 15, 17, 19, 20, 21, 24, 25, 26, 27, 29, 31, 
      32, 33, 35, 36, 37, 39, 40, 41, 44, 45 ], 
  [ 1, 3, 5, 7, 9, 10, 11, 14, 15, 17, 19, 21, 22, 23, 24, 25, 26, 27, 28, 
      29, 30, 31, 32, 33, 36, 37, 39, 40, 44, 45 ], 
  [ 1, 3, 5, 6, 7, 8, 9, 10, 11, 13, 16, 17, 19, 20, 21, 22, 23, 24, 27, 28, 
      29, 30, 33, 35, 36, 37, 39, 40, 44, 45 ], 
  [ 2, 3, 5, 6, 7, 8, 9, 10, 11, 13, 16, 17, 19, 20, 21, 24, 26, 27, 28, 29, 
      30, 33, 35, 36, 37, 39, 40, 41, 44, 45 ], 
  [ 2, 4, 5, 6, 7, 8, 9, 10, 11, 13, 16, 17, 19, 20, 25, 26, 27, 28, 29, 30, 
      33, 35, 36, 37, 38, 39, 40, 41, 44, 45 ], 
  [ 1, 2, 3, 4, 5, 6, 9, 11, 12, 13, 14, 15, 16, 17, 18, 22, 23, 25, 27, 28, 
      29, 30, 34, 36, 37, 38, 39, 40, 43, 45 ], 
  [ 1, 2, 3, 4, 5, 6, 9, 11, 12, 13, 14, 15, 16, 17, 18, 19, 22, 23, 25, 28, 
      29, 31, 34, 36, 37, 38, 39, 40, 43, 45 ], 
  [ 2, 4, 5, 6, 7, 8, 11, 14, 15, 18, 23, 24, 25, 26, 27, 28, 29, 30, 32, 
      33, 35, 36, 37, 38, 39, 40, 41, 42, 43, 44, 45 ], 
  [ 2, 4, 5, 6, 7, 8, 11, 14, 15, 18, 19, 23, 24, 25, 26, 28, 29, 31, 32, 
      33, 35, 36, 37, 38, 39, 40, 41, 42, 43, 44, 45 ], 
  [ 2, 3, 5, 6, 7, 8, 9, 11, 13, 15, 18, 19, 20, 21, 24, 25, 26, 27, 29, 31, 
      32, 33, 35, 36, 37, 39, 40, 41, 43, 44, 45 ], 
  [ 1, 3, 5, 7, 9, 10, 11, 14, 15, 18, 19, 21, 22, 23, 24, 25, 26, 27, 28, 
      29, 30, 31, 32, 33, 36, 37, 39, 40, 43, 44, 45 ], 
  [ 1, 3, 5, 6, 7, 8, 9, 10, 11, 13, 16, 18, 19, 20, 21, 22, 23, 24, 27, 28, 
      29, 30, 33, 35, 36, 37, 39, 40, 43, 44, 45 ], 
  [ 2, 3, 5, 6, 7, 8, 9, 10, 11, 13, 16, 18, 19, 20, 21, 24, 26, 27, 28, 29, 
      30, 33, 35, 36, 37, 39, 40, 41, 43, 44, 45 ], 
  [ 2, 4, 5, 6, 7, 8, 9, 10, 11, 13, 16, 18, 19, 20, 25, 26, 27, 28, 29, 30, 
      33, 35, 36, 37, 38, 39, 40, 41, 43, 44, 45 ], 
  [ 1, 2, 3, 4, 5, 6, 9, 11, 12, 13, 14, 15, 16, 17, 18, 22, 23, 25, 27, 28, 
      29, 30, 34, 35, 36, 37, 38, 40, 42, 43, 44, 46 ], 
  [ 1, 2, 3, 4, 5, 6, 9, 11, 12, 13, 14, 15, 16, 17, 18, 19, 22, 23, 25, 28, 
      29, 31, 34, 35, 36, 37, 38, 40, 42, 43, 44, 46 ], 
  [ 1, 2, 3, 4, 9, 10, 11, 12, 13, 14, 15, 16, 17, 18, 25, 26, 27, 28, 29, 
      30, 33, 34, 35, 36, 37, 38, 40, 41, 42, 43, 44, 46 ], 
  [ 1, 2, 3, 4, 9, 10, 11, 12, 13, 14, 15, 16, 17, 18, 19, 25, 26, 28, 29, 
      31, 33, 34, 35, 36, 37, 38, 40, 41, 42, 43, 44, 46 ], 
  [ 1, 2, 3, 4, 5, 9, 10, 11, 12, 13, 14, 15, 16, 17, 18, 19, 22, 25, 26, 
      28, 29, 30, 31, 34, 35, 36, 37, 38, 40, 42, 43, 44, 46 ], 
  [ 1, 3, 5, 7, 9, 10, 11, 14, 15, 18, 19, 21, 22, 23, 24, 25, 26, 27, 28, 
      29, 30, 31, 32, 33, 34, 37, 38, 39, 41, 42, 43, 44, 45, 46 ], 
  [ 1, 3, 5, 6, 7, 8, 9, 10, 11, 13, 15, 17, 19, 20, 21, 22, 23, 24, 25, 26, 
      27, 28, 29, 30, 31, 32, 33, 35, 36, 37, 39, 40, 44, 45 ], 
  [ 1, 3, 5, 6, 7, 8, 9, 10, 11, 13, 16, 18, 19, 20, 21, 22, 23, 24, 27, 28, 
      29, 30, 33, 34, 35, 37, 38, 39, 41, 42, 43, 44, 45, 46 ], 
  [ 1, 2, 3, 4, 5, 6, 7, 9, 11, 12, 13, 14, 15, 16, 17, 18, 19, 21, 22, 23, 
      25, 27, 28, 29, 31, 34, 36, 37, 38, 39, 40, 43, 44, 46 ], 
  [ 1, 2, 3, 4, 5, 6, 9, 10, 11, 12, 13, 14, 15, 16, 17, 18, 19, 20, 22, 23, 
      25, 26, 28, 30, 31, 32, 34, 36, 37, 38, 39, 40, 43, 45 ], 
  [ 1, 3, 5, 7, 9, 10, 11, 14, 15, 17, 19, 21, 22, 23, 24, 25, 26, 27, 28, 
      29, 30, 31, 32, 33, 34, 36, 37, 38, 39, 41, 42, 43, 44, 45, 46 ], 
  [ 1, 3, 5, 6, 7, 8, 9, 10, 11, 13, 16, 17, 19, 20, 21, 22, 23, 24, 27, 28, 
      29, 30, 33, 34, 35, 36, 37, 38, 39, 41, 42, 43, 44, 45, 46 ], 
  [ 1, 3, 5, 6, 7, 8, 9, 10, 11, 13, 15, 18, 19, 20, 21, 22, 23, 24, 25, 26, 
      27, 28, 29, 30, 31, 32, 33, 35, 36, 37, 39, 40, 43, 44, 45 ], 
  [ 1, 2, 3, 4, 6, 7, 9, 11, 12, 13, 14, 15, 16, 17, 18, 19, 21, 23, 25, 27, 
      28, 29, 31, 33, 34, 35, 36, 37, 38, 39, 40, 41, 42, 43, 44, 46 ], 
  [ 1, 2, 3, 4, 5, 6, 9, 10, 11, 12, 13, 14, 15, 16, 17, 18, 19, 20, 22, 23, 
      25, 26, 28, 30, 31, 32, 34, 35, 36, 37, 38, 40, 42, 43, 44, 46 ], 
  [ 1, 3, 5, 6, 7, 8, 9, 10, 11, 13, 15, 18, 19, 20, 21, 22, 23, 24, 25, 26, 
      27, 28, 29, 30, 31, 32, 33, 34, 35, 37, 38, 39, 41, 42, 43, 44, 45, 46 
     ], [ 1, 2, 3, 4, 5, 6, 7, 8, 11, 12, 13, 14, 15, 16, 17, 18, 21, 22, 
      23, 24, 27, 28, 29, 30, 33, 34, 35, 36, 37, 38, 39, 40, 41, 42, 43, 
      44, 45, 46 ], 
  [ 1, 2, 3, 4, 5, 6, 7, 8, 11, 12, 13, 14, 15, 16, 17, 18, 19, 21, 22, 23, 
      24, 28, 29, 31, 33, 34, 35, 36, 37, 38, 39, 40, 41, 42, 43, 44, 45, 46 
     ], [ 1, 2, 3, 4, 5, 7, 9, 10, 11, 12, 13, 14, 15, 16, 17, 18, 19, 21, 
      22, 25, 26, 27, 28, 29, 30, 31, 33, 34, 36, 37, 38, 39, 40, 41, 43, 
      44, 45, 46 ], 
  [ 1, 2, 3, 4, 5, 7, 9, 10, 11, 12, 13, 14, 15, 16, 17, 18, 19, 20, 21, 22, 
      25, 26, 27, 30, 31, 32, 33, 34, 36, 37, 38, 39, 40, 41, 43, 44, 45, 46 
     ], [ 1, 2, 3, 4, 5, 6, 7, 9, 10, 11, 12, 13, 14, 15, 16, 17, 18, 19, 
      20, 21, 22, 23, 25, 26, 27, 28, 30, 31, 32, 34, 36, 37, 38, 39, 40, 
      43, 44, 46 ], 
  [ 1, 2, 3, 4, 5, 6, 7, 8, 9, 10, 11, 12, 13, 14, 15, 16, 17, 18, 19, 20, 
      21, 22, 23, 24, 25, 26, 27, 28, 29, 30, 31, 32, 34, 36, 39, 40, 43, 45 
     ], [ 1, 3, 5, 6, 7, 8, 9, 10, 11, 13, 15, 17, 19, 20, 21, 22, 23, 24, 
      25, 26, 27, 28, 29, 30, 31, 32, 33, 34, 35, 36, 37, 38, 39, 41, 42, 
      43, 44, 45, 46 ], 
  [ 1, 2, 3, 4, 6, 7, 9, 10, 11, 12, 13, 14, 15, 16, 17, 18, 19, 20, 21, 23, 
      25, 26, 27, 28, 31, 32, 33, 34, 35, 36, 37, 38, 39, 40, 41, 42, 43, 
      44, 46 ], 
  [ 1, 2, 3, 4, 5, 6, 7, 8, 9, 10, 11, 12, 13, 14, 15, 16, 17, 18, 19, 20, 
      21, 22, 23, 24, 25, 26, 27, 28, 29, 30, 31, 32, 34, 35, 36, 40, 42, 
      43, 44, 46 ], 
  [ 1, 2, 3, 4, 5, 6, 7, 8, 9, 11, 12, 13, 14, 15, 16, 17, 18, 19, 20, 21, 
      22, 23, 24, 25, 27, 29, 31, 32, 33, 34, 35, 36, 37, 38, 39, 40, 41, 
      42, 43, 44, 45, 46 ], 
  [ 1, 2, 3, 4, 5, 6, 7, 8, 9, 10, 11, 12, 13, 14, 15, 16, 17, 18, 19, 20, 
      21, 22, 23, 24, 25, 26, 27, 28, 29, 30, 31, 32, 33, 34, 35, 37, 38, 
      39, 40, 41, 42, 44, 45, 46 ] ];
