return 
[ [ 1, 3, 6, 7, 13, 17, 22, 23, 26, 28, 32, 33, 35, 36, 37, 39, 41, 47 ], 
  [ 1, 3, 6, 7, 13, 15, 18, 22, 24, 25, 27, 31, 34, 35, 38, 40, 44, 45 ], 
  [ 1, 3, 6, 7, 13, 15, 18, 22, 24, 25, 27, 31, 34, 35, 38, 43, 45, 46 ], 
  [ 1, 3, 6, 7, 13, 15, 18, 22, 24, 25, 27, 31, 34, 35, 38, 44, 45, 46 ], 
  [ 1, 3, 6, 7, 13, 15, 18, 22, 24, 25, 27, 31, 34, 35, 36, 39, 43, 46 ], 
  [ 1, 2, 3, 4, 6, 7, 16, 17, 22, 23, 26, 28, 32, 33, 35, 37, 40, 47 ], 
  [ 1, 5, 6, 7, 8, 13, 15, 18, 19, 25, 27, 30, 31, 34, 35, 39, 43, 46 ], 
  [ 1, 5, 9, 13, 15, 18, 21, 24, 25, 30, 31, 34, 35, 36, 39, 42, 44, 46 ], 
  [ 1, 2, 5, 9, 15, 18, 21, 24, 25, 30, 31, 34, 35, 36, 39, 42, 44, 46 ], 
  [ 5, 6, 9, 13, 14, 17, 19, 26, 28, 29, 32, 33, 35, 37, 39, 41, 42, 47 ], 
  [ 5, 6, 9, 14, 16, 17, 19, 26, 28, 29, 32, 33, 35, 37, 39, 41, 42, 47 ], 
  [ 5, 6, 9, 13, 14, 18, 19, 25, 27, 30, 31, 34, 35, 37, 39, 42, 44, 46 ], 
  [ 1, 5, 6, 9, 13, 17, 19, 26, 28, 29, 32, 33, 35, 37, 39, 41, 42, 47 ], 
  [ 1, 5, 6, 9, 13, 15, 18, 19, 25, 27, 30, 31, 34, 35, 37, 40, 42, 44 ], 
  [ 1, 5, 6, 9, 13, 15, 18, 19, 25, 27, 30, 31, 34, 35, 38, 40, 44, 45 ], 
  [ 1, 5, 6, 9, 13, 15, 18, 19, 25, 27, 30, 31, 34, 35, 38, 43, 45, 46 ], 
  [ 1, 5, 6, 9, 13, 15, 18, 19, 25, 27, 30, 31, 34, 35, 38, 44, 45, 46 ], 
  [ 1, 5, 6, 9, 13, 15, 18, 24, 25, 27, 30, 31, 34, 35, 37, 40, 42, 44 ], 
  [ 1, 5, 6, 9, 13, 15, 18, 24, 25, 27, 30, 31, 34, 35, 38, 40, 44, 45 ], 
  [ 1, 5, 6, 9, 13, 15, 18, 24, 25, 27, 30, 31, 34, 35, 38, 43, 45, 46 ], 
  [ 1, 5, 6, 9, 13, 15, 18, 24, 25, 27, 30, 31, 34, 35, 38, 44, 45, 46 ], 
  [ 1, 5, 6, 9, 13, 15, 18, 24, 25, 27, 30, 31, 34, 35, 36, 39, 43, 46 ], 
  [ 1, 2, 5, 6, 9, 16, 17, 23, 26, 28, 29, 32, 33, 35, 38, 41, 43, 45 ], 
  [ 1, 2, 5, 6, 9, 16, 17, 23, 26, 28, 29, 32, 33, 35, 37, 40, 42, 47 ], 
  [ 1, 2, 5, 6, 9, 16, 17, 23, 26, 28, 29, 32, 33, 35, 38, 41, 45, 47 ], 
  [ 2, 4, 5, 11, 14, 16, 17, 21, 23, 26, 29, 32, 33, 35, 38, 41, 43, 45 ], 
  [ 2, 4, 5, 11, 14, 16, 17, 21, 23, 26, 29, 32, 33, 35, 38, 40, 45, 47 ], 
  [ 2, 4, 5, 11, 14, 16, 17, 21, 23, 26, 29, 32, 33, 35, 38, 41, 45, 47 ], 
  [ 2, 4, 5, 11, 14, 16, 17, 21, 23, 26, 29, 32, 33, 35, 36, 39, 41, 43 ], 
  [ 2, 9, 11, 14, 16, 17, 22, 23, 26, 28, 32, 33, 35, 36, 37, 39, 41, 47 ], 
  [ 2, 5, 9, 11, 14, 16, 17, 23, 26, 28, 29, 32, 33, 35, 38, 41, 43, 45 ], 
  [ 2, 5, 9, 11, 14, 16, 17, 23, 26, 28, 29, 32, 33, 35, 37, 40, 42, 47 ], 
  [ 2, 5, 9, 11, 14, 16, 17, 23, 26, 28, 29, 32, 33, 35, 38, 41, 45, 47 ], 
  [ 2, 5, 9, 11, 14, 16, 17, 20, 23, 28, 29, 32, 33, 35, 38, 41, 43, 45 ], 
  [ 2, 5, 9, 11, 14, 16, 17, 20, 23, 28, 29, 32, 33, 35, 37, 40, 42, 47 ], 
  [ 2, 5, 9, 11, 14, 16, 17, 20, 23, 28, 29, 32, 33, 35, 38, 40, 45, 47 ], 
  [ 2, 5, 9, 11, 14, 16, 17, 20, 23, 28, 29, 32, 33, 35, 38, 41, 45, 47 ], 
  [ 2, 5, 9, 11, 14, 16, 17, 20, 21, 23, 29, 32, 33, 35, 38, 41, 43, 45 ], 
  [ 2, 5, 9, 11, 14, 16, 17, 20, 21, 23, 29, 32, 33, 35, 38, 41, 45, 47 ], 
  [ 9, 10, 11, 14, 16, 17, 19, 26, 28, 29, 32, 33, 35, 37, 39, 41, 42, 47 ], 
  [ 1, 3, 6, 7, 13, 15, 18, 22, 24, 25, 27, 31, 34, 35, 36, 37, 39, 44, 46 ],
  [ 1, 2, 3, 4, 6, 7, 16, 17, 22, 23, 26, 28, 32, 33, 35, 38, 41, 43, 45 ], 
  [ 1, 2, 3, 4, 6, 7, 16, 17, 22, 23, 26, 28, 32, 33, 35, 38, 40, 45, 47 ], 
  [ 1, 2, 3, 4, 6, 7, 16, 17, 22, 23, 26, 28, 32, 33, 35, 38, 41, 45, 47 ], 
  [ 1, 2, 3, 4, 6, 7, 16, 17, 22, 23, 26, 28, 32, 33, 35, 36, 39, 41, 43 ], 
  [ 1, 5, 6, 7, 13, 14, 17, 22, 23, 26, 28, 32, 33, 35, 36, 37, 39, 41, 47 ],
  [ 1, 2, 5, 6, 7, 14, 17, 22, 23, 26, 28, 32, 33, 35, 36, 37, 39, 41, 47 ], 
  [ 5, 6, 7, 8, 13, 14, 17, 19, 26, 28, 29, 32, 33, 35, 37, 39, 41, 42, 47 ],
  [ 1, 5, 6, 7, 8, 13, 17, 19, 26, 28, 29, 32, 33, 35, 37, 39, 41, 42, 47 ], 
  [ 1, 5, 6, 7, 8, 13, 15, 18, 19, 25, 27, 30, 31, 34, 35, 37, 40, 42, 44 ], 
  [ 1, 5, 6, 7, 8, 13, 15, 18, 19, 25, 27, 30, 31, 34, 35, 38, 40, 44, 45 ], 
  [ 1, 5, 6, 7, 8, 13, 15, 18, 19, 25, 27, 30, 31, 34, 35, 38, 43, 45, 46 ], 
  [ 1, 5, 6, 7, 8, 13, 15, 18, 19, 25, 27, 30, 31, 34, 35, 38, 44, 45, 46 ], 
  [ 5, 6, 9, 13, 14, 17, 19, 20, 28, 29, 32, 33, 35, 38, 41, 43, 45, 46, 47 ]
    , [ 5, 6, 9, 13, 14, 17, 23, 26, 28, 29, 32, 33, 35, 36, 37, 39, 41, 42, 
      47 ], 
  [ 1, 5, 6, 9, 13, 15, 18, 19, 25, 27, 30, 31, 34, 35, 37, 39, 42, 44, 46 ],
  [ 1, 5, 6, 9, 13, 17, 23, 26, 28, 29, 32, 33, 35, 36, 37, 39, 41, 42, 47 ],
  [ 1, 5, 6, 9, 13, 14, 17, 22, 23, 26, 28, 32, 33, 35, 36, 37, 39, 41, 47 ],
  [ 1, 2, 5, 6, 9, 14, 17, 22, 23, 26, 28, 32, 33, 35, 36, 37, 39, 41, 47 ], 
  [ 9, 10, 13, 14, 17, 18, 19, 22, 25, 26, 32, 34, 35, 37, 39, 40, 42, 44, 
      47 ], 
  [ 2, 4, 5, 11, 14, 16, 17, 21, 23, 26, 29, 32, 33, 35, 36, 39, 41, 42, 47 ]
    , [ 2, 4, 5, 6, 11, 14, 16, 19, 26, 28, 29, 32, 33, 35, 37, 39, 41, 42, 
      47 ], 
  [ 2, 4, 5, 7, 11, 14, 16, 17, 23, 26, 28, 29, 32, 33, 35, 38, 41, 43, 45 ],
  [ 2, 4, 5, 7, 11, 14, 16, 17, 23, 26, 28, 29, 32, 33, 35, 37, 40, 42, 47 ],
  [ 2, 4, 5, 7, 11, 14, 16, 17, 23, 26, 28, 29, 32, 33, 35, 38, 41, 45, 47 ],
  [ 2, 5, 9, 11, 14, 16, 20, 21, 29, 30, 31, 33, 35, 36, 39, 41, 42, 43, 46 ]
    , [ 2, 5, 9, 11, 14, 16, 17, 20, 21, 29, 32, 33, 35, 38, 41, 43, 45, 46, 
      47 ], 
  [ 2, 5, 9, 11, 14, 16, 17, 20, 23, 28, 29, 32, 33, 35, 36, 37, 41, 42, 47 ]
    , [ 2, 5, 9, 11, 14, 16, 20, 21, 23, 26, 29, 30, 32, 33, 35, 38, 41, 43, 
      45 ], 
  [ 1, 2, 5, 9, 11, 14, 17, 22, 23, 26, 28, 32, 33, 35, 36, 37, 39, 41, 47 ],
  [ 1, 2, 5, 9, 11, 14, 16, 17, 21, 22, 23, 26, 32, 33, 35, 38, 41, 43, 45 ],
  [ 1, 2, 5, 9, 11, 14, 16, 17, 21, 22, 23, 26, 32, 33, 35, 36, 39, 41, 43 ],
  [ 9, 10, 11, 14, 16, 17, 19, 20, 28, 29, 32, 33, 35, 38, 41, 43, 45, 46, 
      47 ], [ 9, 10, 11, 14, 16, 17, 23, 26, 28, 29, 32, 33, 35, 36, 37, 39, 
      41, 42, 47 ], 
  [ 1, 2, 3, 6, 7, 16, 17, 22, 23, 26, 28, 32, 33, 35, 37, 38, 40, 41, 44, 
      47 ], [ 1, 2, 3, 4, 6, 7, 16, 17, 22, 23, 26, 28, 32, 33, 35, 36, 37, 
      39, 41, 47 ], 
  [ 3, 5, 6, 7, 13, 15, 18, 20, 24, 27, 30, 31, 34, 35, 36, 38, 41, 43, 44, 
      46 ], [ 1, 3, 5, 6, 7, 13, 15, 18, 24, 27, 30, 31, 34, 35, 36, 38, 41, 
      43, 44, 46 ], 
  [ 1, 2, 3, 5, 6, 7, 16, 17, 23, 26, 28, 32, 33, 35, 37, 38, 40, 41, 44, 47 
     ], [ 5, 6, 7, 8, 13, 14, 17, 19, 20, 28, 29, 32, 33, 35, 38, 41, 43, 
      45, 46, 47 ], 
  [ 5, 6, 7, 8, 13, 14, 17, 23, 26, 28, 29, 32, 33, 35, 36, 37, 39, 41, 42, 
      47 ], [ 1, 5, 6, 7, 8, 13, 15, 18, 19, 25, 27, 30, 31, 34, 35, 37, 39, 
      42, 44, 46 ], 
  [ 1, 3, 5, 6, 7, 8, 13, 15, 18, 24, 25, 27, 30, 31, 34, 35, 37, 40, 42, 44 
     ], [ 1, 3, 5, 6, 7, 8, 13, 15, 18, 24, 25, 27, 30, 31, 34, 35, 38, 40, 
      44, 45 ], 
  [ 1, 3, 5, 6, 7, 8, 13, 15, 18, 24, 25, 27, 30, 31, 34, 35, 38, 43, 45, 46 
     ], [ 1, 3, 5, 6, 7, 8, 13, 15, 18, 24, 25, 27, 30, 31, 34, 35, 38, 44, 
      45, 46 ], 
  [ 1, 3, 5, 6, 7, 8, 13, 15, 18, 24, 25, 27, 30, 31, 34, 35, 36, 39, 43, 46 
     ], [ 1, 2, 4, 5, 9, 14, 16, 17, 18, 21, 22, 23, 25, 26, 32, 35, 40, 44, 
      45, 47 ], 
  [ 1, 5, 6, 9, 13, 14, 17, 19, 22, 25, 26, 28, 29, 32, 33, 35, 38, 40, 45, 
      47 ], 
  [ 1, 5, 6, 9, 13, 14, 18, 19, 22, 25, 26, 27, 30, 31, 34, 35, 38, 40, 44, 
      45 ], 
  [ 1, 5, 6, 9, 13, 14, 17, 18, 19, 22, 25, 26, 32, 34, 35, 38, 40, 44, 45, 
      47 ], 
  [ 1, 5, 6, 9, 13, 15, 18, 24, 25, 27, 30, 31, 34, 35, 36, 37, 39, 42, 44, 
      46 ], [ 1, 2, 5, 6, 9, 16, 17, 23, 26, 28, 29, 32, 33, 35, 36, 37, 39, 
      41, 42, 47 ], 
  [ 1, 2, 3, 5, 6, 9, 13, 15, 17, 18, 21, 23, 24, 25, 34, 35, 40, 44, 45, 47 
     ], [ 1, 5, 6, 7, 9, 13, 15, 17, 19, 27, 28, 29, 33, 35, 36, 37, 39, 41, 
      43, 46 ], 
  [ 1, 5, 6, 7, 9, 13, 14, 17, 18, 19, 22, 25, 26, 27, 34, 35, 38, 40, 44, 
      45 ], [ 1, 5, 6, 7, 9, 13, 14, 17, 18, 22, 23, 24, 25, 26, 27, 34, 35, 
      37, 40, 44 ], 
  [ 1, 2, 5, 6, 7, 9, 14, 17, 18, 22, 23, 24, 25, 26, 27, 34, 35, 37, 40, 44 
     ], [ 9, 10, 13, 14, 16, 17, 18, 21, 22, 23, 26, 32, 33, 35, 38, 40, 41, 
      44, 45, 47 ], 
  [ 9, 10, 13, 14, 17, 18, 21, 22, 23, 24, 25, 26, 32, 34, 35, 38, 40, 44, 
      45, 47 ], 
  [ 5, 9, 10, 13, 14, 15, 17, 18, 21, 24, 25, 30, 31, 34, 35, 36, 39, 42, 
      44, 46 ], 
  [ 2, 3, 5, 7, 11, 14, 16, 17, 20, 21, 23, 32, 33, 35, 38, 40, 41, 44, 45, 
      47 ], 
  [ 2, 3, 5, 7, 11, 14, 17, 20, 21, 23, 24, 28, 29, 32, 33, 35, 38, 40, 45, 
      47 ], 
  [ 2, 3, 5, 7, 11, 14, 17, 20, 21, 23, 24, 32, 34, 35, 36, 37, 40, 42, 44, 
      47 ], [ 1, 2, 4, 5, 6, 7, 11, 14, 16, 19, 22, 26, 27, 28, 33, 35, 38, 
      41, 43, 45 ], 
  [ 1, 2, 4, 5, 6, 7, 11, 14, 16, 19, 22, 27, 28, 31, 33, 35, 37, 39, 41, 46 
     ], [ 1, 2, 4, 5, 6, 7, 11, 14, 16, 19, 22, 27, 28, 31, 33, 35, 39, 41, 
      43, 46 ], 
  [ 1, 2, 4, 5, 6, 7, 11, 14, 16, 17, 19, 22, 26, 32, 35, 38, 40, 44, 45, 47 
     ], [ 1, 2, 4, 5, 6, 7, 11, 14, 16, 17, 19, 22, 26, 32, 35, 38, 41, 44, 
      45, 47 ], 
  [ 2, 5, 9, 11, 14, 16, 17, 23, 26, 28, 29, 32, 33, 35, 36, 37, 39, 41, 42, 
      47 ], 
  [ 2, 5, 9, 11, 14, 16, 20, 21, 23, 27, 29, 30, 31, 33, 35, 36, 39, 41, 42, 
      43 ], 
  [ 2, 5, 9, 11, 14, 16, 20, 21, 23, 26, 29, 30, 32, 33, 35, 36, 39, 41, 42, 
      43 ], 
  [ 1, 2, 5, 9, 11, 14, 16, 17, 18, 21, 22, 23, 26, 32, 34, 35, 38, 40, 44, 
      45 ], [ 1, 2, 4, 5, 9, 11, 14, 16, 17, 21, 22, 23, 25, 26, 32, 35, 40, 
      44, 45, 47 ], 
  [ 2, 9, 10, 11, 14, 16, 17, 20, 21, 23, 24, 28, 29, 32, 33, 35, 38, 40, 
      45, 47 ], 
  [ 1, 3, 5, 6, 7, 8, 13, 17, 23, 26, 28, 29, 32, 33, 35, 36, 37, 39, 41, 
      42, 47 ], 
  [ 2, 3, 5, 6, 7, 8, 13, 14, 16, 17, 18, 20, 21, 23, 32, 33, 35, 38, 41, 
      43, 45 ], 
  [ 2, 3, 5, 6, 7, 8, 13, 14, 17, 20, 21, 23, 24, 25, 29, 32, 34, 35, 40, 
      45, 47 ], 
  [ 1, 2, 3, 4, 5, 6, 7, 8, 16, 17, 23, 26, 28, 29, 32, 33, 35, 38, 41, 43, 
      45 ], 
  [ 1, 2, 3, 4, 5, 6, 7, 8, 16, 17, 23, 26, 28, 29, 32, 33, 35, 37, 40, 42, 
      47 ], 
  [ 1, 2, 3, 4, 5, 6, 7, 8, 16, 17, 23, 26, 28, 29, 32, 33, 35, 38, 41, 45, 
      47 ], [ 1, 2, 4, 5, 9, 14, 16, 17, 18, 21, 22, 23, 25, 26, 32, 35, 39, 
      40, 42, 44, 47 ], 
  [ 1, 2, 4, 5, 9, 14, 16, 17, 18, 21, 22, 23, 25, 26, 32, 35, 39, 41, 44, 
      45, 47 ], 
  [ 5, 6, 9, 13, 14, 17, 19, 20, 28, 29, 32, 33, 35, 36, 37, 39, 41, 42, 43, 
      46, 47 ], 
  [ 1, 5, 6, 9, 13, 14, 17, 19, 22, 25, 26, 28, 29, 32, 33, 35, 37, 39, 40, 
      42, 47 ], 
  [ 1, 5, 6, 9, 13, 14, 18, 19, 22, 25, 26, 27, 30, 31, 34, 35, 37, 39, 40, 
      42, 44 ], 
  [ 1, 5, 6, 9, 13, 14, 17, 18, 19, 22, 25, 26, 32, 34, 35, 37, 39, 40, 42, 
      44, 47 ], 
  [ 1, 5, 6, 9, 13, 14, 15, 17, 18, 19, 22, 25, 31, 34, 35, 38, 40, 44, 45, 
      46, 47 ], 
  [ 1, 5, 6, 9, 13, 14, 16, 17, 18, 19, 22, 26, 32, 33, 35, 38, 40, 41, 44, 
      45, 47 ], 
  [ 1, 5, 6, 9, 13, 14, 18, 19, 22, 23, 25, 26, 27, 32, 34, 35, 37, 39, 40, 
      42, 44 ], 
  [ 1, 5, 6, 9, 13, 14, 17, 19, 22, 24, 25, 26, 28, 32, 34, 35, 37, 39, 40, 
      42, 47 ], 
  [ 1, 2, 5, 6, 9, 13, 14, 16, 17, 18, 21, 22, 23, 26, 32, 33, 35, 38, 41, 
      43, 45 ], 
  [ 1, 2, 5, 6, 9, 13, 14, 16, 17, 18, 21, 22, 23, 26, 32, 33, 35, 36, 39, 
      41, 43 ], 
  [ 1, 2, 3, 5, 6, 9, 13, 15, 17, 18, 21, 23, 24, 25, 34, 35, 36, 44, 45, 
      46, 47 ], 
  [ 5, 6, 7, 9, 13, 14, 15, 17, 18, 19, 20, 27, 31, 34, 35, 38, 41, 43, 44, 
      45, 46 ], 
  [ 1, 5, 6, 7, 9, 13, 14, 15, 17, 18, 19, 22, 25, 27, 31, 34, 35, 38, 40, 
      44, 45 ], 
  [ 1, 5, 6, 7, 9, 13, 14, 15, 17, 18, 19, 22, 25, 27, 31, 34, 35, 38, 43, 
      45, 46 ], 
  [ 1, 5, 6, 7, 9, 13, 14, 15, 17, 18, 19, 22, 25, 27, 31, 34, 35, 38, 44, 
      45, 46 ], 
  [ 1, 5, 6, 7, 9, 13, 14, 17, 19, 22, 23, 26, 27, 28, 32, 33, 35, 38, 41, 
      43, 45 ], 
  [ 1, 5, 6, 7, 9, 13, 14, 17, 18, 19, 22, 23, 26, 27, 32, 34, 35, 38, 40, 
      44, 45 ], 
  [ 1, 5, 6, 7, 9, 13, 14, 17, 18, 19, 22, 23, 25, 26, 27, 32, 34, 35, 37, 
      39, 44 ], 
  [ 1, 5, 6, 7, 9, 13, 14, 17, 18, 19, 22, 23, 25, 26, 27, 32, 34, 35, 37, 
      40, 44 ], 
  [ 1, 5, 6, 7, 9, 13, 14, 17, 18, 19, 22, 23, 25, 26, 27, 32, 34, 35, 40, 
      44, 45 ], 
  [ 1, 5, 6, 7, 9, 13, 14, 15, 17, 18, 22, 24, 25, 27, 31, 34, 35, 38, 40, 
      44, 45 ], 
  [ 1, 5, 6, 7, 9, 13, 14, 15, 17, 18, 22, 24, 25, 27, 31, 34, 35, 38, 43, 
      45, 46 ], 
  [ 1, 5, 6, 7, 9, 13, 14, 15, 17, 18, 22, 24, 25, 27, 31, 34, 35, 38, 44, 
      45, 46 ], 
  [ 1, 5, 6, 7, 9, 13, 14, 15, 17, 18, 22, 24, 25, 27, 31, 34, 35, 36, 39, 
      43, 46 ], 
  [ 1, 5, 6, 7, 9, 13, 14, 17, 18, 22, 23, 24, 25, 26, 27, 34, 35, 38, 40, 
      44, 45 ], 
  [ 1, 5, 6, 7, 9, 13, 14, 17, 18, 22, 23, 24, 25, 26, 27, 34, 35, 36, 37, 
      39, 44 ], 
  [ 1, 2, 5, 6, 7, 9, 14, 15, 17, 18, 22, 24, 25, 27, 31, 34, 35, 38, 40, 
      44, 45 ], 
  [ 1, 2, 5, 6, 7, 9, 14, 15, 17, 18, 22, 24, 25, 27, 31, 34, 35, 38, 43, 
      45, 46 ], 
  [ 1, 2, 5, 6, 7, 9, 14, 15, 17, 18, 22, 24, 25, 27, 31, 34, 35, 38, 44, 
      45, 46 ], 
  [ 1, 2, 5, 6, 7, 9, 14, 15, 17, 18, 22, 24, 25, 27, 31, 34, 35, 36, 39, 
      43, 46 ], 
  [ 1, 2, 5, 6, 7, 9, 14, 17, 18, 22, 23, 24, 25, 26, 27, 34, 35, 38, 40, 
      44, 45 ], 
  [ 1, 2, 5, 6, 7, 9, 14, 17, 18, 22, 23, 24, 25, 26, 27, 34, 35, 36, 37, 
      39, 44 ], 
  [ 5, 9, 10, 13, 14, 17, 18, 20, 21, 23, 24, 26, 30, 32, 34, 35, 36, 37, 
      40, 42, 44 ], 
  [ 5, 7, 9, 10, 13, 14, 15, 17, 18, 19, 25, 27, 30, 31, 34, 35, 37, 39, 42, 
      44, 46 ], 
  [ 2, 3, 5, 7, 11, 14, 17, 20, 21, 23, 24, 28, 29, 32, 33, 35, 36, 37, 40, 
      42, 47 ], 
  [ 2, 3, 5, 7, 11, 14, 17, 20, 21, 23, 24, 25, 29, 32, 34, 35, 36, 37, 40, 
      42, 47 ], 
  [ 2, 4, 5, 7, 11, 14, 16, 17, 23, 26, 28, 29, 32, 33, 35, 36, 37, 39, 41, 
      42, 47 ], 
  [ 1, 2, 3, 4, 5, 7, 11, 14, 16, 17, 21, 22, 23, 26, 32, 33, 35, 38, 41, 
      43, 45 ], 
  [ 1, 2, 3, 4, 5, 7, 11, 14, 16, 17, 21, 22, 23, 26, 32, 33, 35, 36, 39, 
      41, 43 ], 
  [ 1, 2, 4, 5, 6, 7, 11, 14, 16, 19, 22, 27, 28, 31, 33, 35, 38, 41, 43, 
      45, 46 ], 
  [ 1, 2, 4, 5, 6, 7, 11, 14, 16, 19, 22, 26, 27, 28, 30, 31, 33, 35, 37, 
      39, 41 ], 
  [ 1, 2, 4, 5, 6, 7, 11, 14, 16, 19, 22, 26, 27, 28, 30, 31, 33, 35, 38, 
      41, 43 ], 
  [ 1, 2, 4, 5, 6, 7, 11, 14, 16, 19, 22, 26, 27, 28, 30, 31, 33, 35, 39, 
      41, 43 ], 
  [ 1, 2, 4, 5, 6, 7, 11, 14, 16, 19, 22, 26, 32, 33, 35, 38, 40, 41, 44, 
      45, 47 ], 
  [ 1, 2, 4, 5, 6, 7, 11, 14, 16, 17, 19, 22, 26, 28, 32, 33, 35, 38, 41, 
      43, 45 ], 
  [ 1, 2, 4, 5, 6, 7, 11, 14, 16, 17, 19, 22, 26, 28, 32, 33, 35, 38, 41, 
      45, 47 ], 
  [ 1, 2, 4, 5, 6, 7, 11, 14, 15, 16, 17, 19, 22, 28, 31, 33, 35, 38, 43, 
      45, 46 ], 
  [ 1, 2, 5, 9, 11, 14, 16, 17, 21, 22, 23, 26, 32, 33, 35, 38, 40, 41, 44, 
      45, 47 ], 
  [ 1, 2, 5, 9, 11, 14, 16, 17, 18, 21, 22, 23, 26, 32, 34, 35, 38, 41, 43, 
      44, 45 ], 
  [ 1, 2, 5, 9, 11, 14, 16, 17, 18, 21, 22, 23, 26, 32, 34, 35, 36, 39, 41, 
      43, 44 ], 
  [ 1, 2, 5, 9, 11, 14, 15, 17, 21, 22, 24, 25, 31, 34, 35, 38, 40, 44, 45, 
      46, 47 ], 
  [ 1, 2, 5, 9, 11, 14, 17, 21, 22, 23, 24, 25, 26, 32, 34, 35, 38, 40, 44, 
      45, 47 ], 
  [ 1, 2, 4, 5, 9, 11, 14, 16, 17, 21, 22, 25, 26, 29, 32, 33, 35, 38, 40, 
      45, 47 ], 
  [ 1, 2, 4, 5, 9, 11, 14, 16, 17, 22, 23, 25, 26, 32, 35, 37, 39, 40, 42, 
      44, 47 ], 
  [ 1, 2, 4, 5, 9, 11, 14, 16, 17, 21, 22, 23, 25, 26, 32, 35, 39, 40, 42, 
      44, 47 ], 
  [ 1, 2, 4, 5, 9, 11, 14, 16, 17, 21, 22, 23, 25, 26, 32, 35, 39, 41, 44, 
      45, 47 ], 
  [ 1, 2, 4, 5, 9, 11, 14, 16, 17, 21, 22, 23, 25, 26, 29, 32, 33, 35, 40, 
      45, 47 ], 
  [ 1, 2, 4, 5, 9, 11, 14, 16, 17, 18, 21, 22, 23, 25, 26, 32, 34, 35, 40, 
      44, 45 ], 
  [ 2, 4, 5, 6, 9, 11, 14, 16, 18, 19, 25, 27, 30, 31, 34, 35, 37, 39, 42, 
      44, 46 ], 
  [ 9, 10, 11, 14, 16, 17, 19, 20, 28, 29, 32, 33, 35, 36, 37, 39, 41, 42, 
      43, 46, 47 ], 
  [ 2, 9, 10, 11, 14, 16, 17, 20, 21, 23, 24, 28, 29, 32, 33, 35, 36, 37, 
      40, 42, 47 ], 
  [ 2, 9, 10, 11, 14, 16, 17, 18, 20, 21, 23, 24, 32, 34, 35, 36, 37, 40, 
      42, 44, 47 ], 
  [ 5, 6, 7, 8, 13, 14, 17, 19, 20, 28, 29, 32, 33, 35, 36, 37, 39, 41, 42, 
      43, 46, 47 ], 
  [ 1, 3, 5, 6, 7, 8, 13, 15, 18, 24, 25, 27, 30, 31, 34, 35, 36, 37, 39, 
      42, 44, 46 ], 
  [ 2, 3, 5, 6, 7, 8, 13, 14, 17, 20, 21, 23, 24, 28, 29, 32, 33, 35, 38, 
      40, 45, 47 ], 
  [ 2, 3, 5, 6, 7, 8, 13, 14, 17, 18, 20, 21, 23, 24, 32, 34, 35, 38, 40, 
      44, 45, 47 ], 
  [ 1, 2, 3, 5, 6, 9, 13, 15, 18, 21, 23, 24, 25, 27, 31, 34, 35, 36, 37, 
      40, 42, 44 ], 
  [ 1, 2, 3, 5, 6, 9, 13, 15, 17, 18, 21, 23, 24, 25, 34, 35, 36, 37, 40, 
      42, 44, 47 ], 
  [ 1, 5, 7, 9, 13, 14, 17, 18, 19, 22, 23, 25, 26, 27, 32, 34, 35, 37, 39, 
      40, 42, 44 ], 
  [ 1, 5, 6, 7, 9, 13, 14, 15, 17, 19, 22, 27, 28, 31, 33, 35, 36, 37, 39, 
      41, 43, 46 ], 
  [ 1, 5, 6, 7, 9, 13, 14, 15, 17, 18, 19, 22, 27, 31, 34, 35, 38, 41, 43, 
      44, 45, 46 ], 
  [ 1, 5, 6, 7, 9, 13, 14, 17, 19, 22, 23, 26, 27, 28, 32, 33, 35, 36, 37, 
      39, 41, 43 ], 
  [ 1, 5, 6, 7, 9, 13, 14, 17, 18, 19, 22, 23, 26, 27, 32, 34, 35, 38, 41, 
      43, 44, 45 ], 
  [ 1, 5, 6, 7, 9, 13, 14, 16, 17, 18, 19, 22, 23, 26, 27, 32, 33, 35, 38, 
      41, 43, 45 ], 
  [ 1, 5, 6, 7, 9, 13, 14, 15, 17, 18, 22, 24, 25, 27, 31, 34, 35, 36, 37, 
      39, 44, 46 ], 
  [ 1, 5, 6, 7, 9, 13, 14, 15, 17, 19, 22, 24, 25, 27, 28, 31, 34, 35, 38, 
      43, 45, 46 ], 
  [ 1, 2, 5, 6, 7, 9, 14, 15, 17, 18, 22, 24, 25, 27, 31, 34, 35, 36, 37, 
      39, 44, 46 ], 
  [ 9, 10, 13, 14, 16, 17, 18, 21, 22, 23, 26, 32, 33, 35, 36, 37, 39, 40, 
      41, 42, 44, 47 ], 
  [ 9, 10, 13, 14, 17, 18, 21, 22, 23, 24, 25, 26, 32, 34, 35, 36, 37, 39, 
      40, 42, 44, 47 ], 
  [ 5, 7, 9, 10, 13, 14, 15, 17, 18, 19, 20, 27, 30, 31, 34, 35, 38, 41, 43, 
      44, 45, 46 ], 
  [ 5, 7, 9, 10, 13, 14, 15, 17, 18, 24, 25, 27, 30, 31, 34, 35, 36, 37, 39, 
      42, 44, 46 ], 
  [ 6, 7, 9, 10, 13, 14, 16, 17, 18, 19, 22, 23, 26, 27, 28, 32, 33, 35, 38, 
      41, 43, 45 ], 
  [ 1, 2, 4, 5, 6, 11, 14, 17, 19, 22, 24, 25, 26, 28, 32, 34, 35, 37, 39, 
      40, 42, 47 ], 
  [ 1, 2, 3, 4, 5, 7, 11, 14, 16, 17, 18, 21, 22, 23, 26, 32, 34, 35, 38, 
      40, 44, 45 ], 
  [ 1, 2, 4, 5, 6, 7, 11, 14, 16, 19, 22, 26, 27, 28, 30, 31, 35, 38, 39, 
      41, 43, 46 ], 
  [ 1, 2, 4, 5, 6, 7, 11, 14, 15, 17, 19, 22, 25, 31, 34, 35, 38, 40, 44, 
      45, 46, 47 ], 
  [ 1, 2, 4, 5, 6, 7, 11, 14, 15, 16, 17, 19, 22, 28, 31, 33, 35, 38, 40, 
      45, 46, 47 ], 
  [ 2, 5, 9, 11, 14, 16, 20, 21, 23, 26, 29, 30, 32, 33, 35, 38, 40, 41, 42, 
      44, 45, 47 ], 
  [ 1, 2, 5, 9, 11, 14, 16, 17, 18, 21, 22, 23, 26, 32, 34, 35, 36, 37, 39, 
      40, 42, 44 ], 
  [ 1, 2, 5, 9, 11, 14, 17, 21, 22, 23, 24, 25, 26, 28, 29, 32, 33, 35, 38, 
      40, 45, 47 ], 
  [ 1, 2, 4, 5, 9, 11, 14, 16, 17, 18, 21, 22, 25, 26, 32, 34, 35, 39, 40, 
      42, 44, 47 ], 
  [ 1, 2, 4, 5, 9, 11, 14, 16, 17, 18, 21, 22, 25, 26, 32, 34, 35, 38, 40, 
      44, 45, 47 ], 
  [ 1, 2, 4, 5, 9, 11, 14, 16, 17, 22, 23, 25, 26, 29, 32, 33, 35, 37, 39, 
      40, 42, 47 ], 
  [ 1, 2, 4, 5, 9, 11, 14, 16, 17, 18, 22, 23, 25, 26, 32, 34, 35, 37, 39, 
      40, 42, 44 ], 
  [ 1, 2, 4, 5, 9, 11, 14, 16, 17, 21, 22, 23, 25, 26, 29, 32, 33, 35, 39, 
      41, 43, 45 ], 
  [ 1, 2, 4, 5, 9, 11, 14, 16, 17, 21, 22, 23, 25, 26, 29, 32, 33, 35, 39, 
      40, 42, 47 ], 
  [ 1, 2, 4, 5, 9, 11, 14, 16, 17, 21, 22, 23, 25, 26, 29, 32, 33, 35, 39, 
      41, 45, 47 ], 
  [ 1, 2, 4, 5, 9, 11, 14, 16, 17, 18, 21, 22, 23, 25, 26, 32, 34, 35, 39, 
      40, 42, 44 ], 
  [ 1, 2, 5, 6, 9, 11, 14, 16, 19, 22, 26, 27, 28, 30, 31, 33, 35, 36, 37, 
      39, 41, 43 ], 
  [ 2, 3, 5, 6, 7, 8, 13, 14, 16, 17, 18, 20, 21, 23, 32, 33, 35, 38, 40, 
      41, 44, 45, 47 ], 
  [ 2, 3, 5, 6, 7, 8, 13, 14, 17, 20, 21, 23, 24, 28, 29, 32, 33, 35, 36, 
      37, 40, 42, 47 ], 
  [ 2, 3, 5, 6, 7, 8, 13, 14, 17, 20, 21, 23, 24, 25, 29, 32, 34, 35, 36, 
      37, 40, 42, 47 ], 
  [ 2, 3, 5, 6, 7, 8, 13, 14, 17, 20, 21, 23, 24, 25, 29, 32, 34, 35, 36, 
      43, 45, 46, 47 ], 
  [ 2, 3, 5, 6, 7, 8, 13, 14, 17, 18, 20, 21, 23, 24, 32, 34, 35, 36, 37, 
      40, 42, 44, 47 ], 
  [ 1, 2, 3, 4, 5, 6, 7, 8, 16, 17, 23, 26, 28, 29, 32, 33, 35, 36, 37, 39, 
      41, 42, 47 ], 
  [ 1, 5, 6, 9, 13, 14, 17, 19, 22, 25, 26, 28, 29, 32, 33, 35, 38, 39, 41, 
      43, 45, 46, 47 ], 
  [ 1, 5, 6, 9, 13, 14, 18, 19, 22, 25, 26, 27, 30, 31, 34, 35, 38, 39, 41, 
      43, 44, 45, 46 ], 
  [ 1, 5, 6, 9, 13, 14, 17, 18, 19, 22, 25, 26, 32, 34, 35, 38, 39, 41, 43, 
      44, 45, 46, 47 ], 
  [ 1, 2, 5, 6, 9, 13, 14, 16, 17, 18, 21, 22, 23, 26, 32, 33, 35, 38, 40, 
      41, 44, 45, 47 ], 
  [ 1, 2, 5, 6, 9, 13, 14, 17, 21, 22, 23, 24, 25, 26, 28, 29, 32, 33, 35, 
      38, 40, 45, 47 ], 
  [ 1, 2, 5, 6, 9, 13, 14, 17, 18, 21, 22, 23, 24, 25, 26, 32, 34, 35, 38, 
      40, 44, 45, 47 ], 
  [ 5, 6, 7, 9, 13, 14, 17, 19, 20, 23, 27, 28, 29, 32, 33, 35, 36, 37, 41, 
      43, 45, 46, 47 ], 
  [ 1, 5, 6, 7, 9, 13, 14, 15, 17, 19, 22, 25, 27, 28, 29, 31, 33, 35, 36, 
      37, 39, 43, 46 ], 
  [ 1, 5, 6, 7, 9, 13, 14, 17, 18, 19, 22, 25, 26, 27, 34, 35, 38, 39, 41, 
      43, 44, 45, 46 ], 
  [ 1, 5, 6, 7, 9, 13, 14, 17, 19, 22, 23, 25, 26, 27, 28, 29, 32, 33, 35, 
      39, 41, 43, 45 ], 
  [ 1, 5, 6, 7, 9, 13, 14, 17, 19, 22, 23, 25, 26, 27, 28, 29, 32, 33, 35, 
      37, 40, 45, 47 ], 
  [ 1, 5, 6, 7, 9, 13, 14, 17, 18, 19, 22, 23, 25, 26, 27, 32, 34, 35, 39, 
      41, 43, 44, 45 ], 
  [ 1, 5, 6, 7, 9, 13, 14, 17, 18, 19, 22, 23, 26, 27, 32, 34, 35, 36, 37, 
      39, 41, 43, 44 ], 
  [ 1, 5, 6, 7, 9, 13, 14, 16, 17, 18, 19, 22, 23, 26, 27, 32, 33, 35, 38, 
      40, 41, 44, 45 ], 
  [ 1, 5, 6, 7, 9, 13, 14, 16, 17, 18, 19, 22, 23, 26, 27, 32, 33, 35, 36, 
      37, 39, 41, 43 ], 
  [ 1, 5, 6, 7, 9, 13, 14, 15, 17, 19, 22, 24, 25, 27, 28, 31, 34, 35, 36, 
      37, 39, 43, 46 ], 
  [ 2, 3, 5, 6, 7, 9, 13, 14, 15, 17, 18, 20, 21, 23, 24, 27, 31, 34, 35, 
      38, 40, 44, 45 ], 
  [ 1, 5, 7, 9, 10, 13, 14, 15, 17, 18, 19, 22, 25, 26, 27, 30, 31, 34, 35, 
      38, 40, 44, 45 ], 
  [ 6, 7, 9, 10, 13, 14, 15, 16, 17, 18, 19, 22, 27, 28, 31, 33, 35, 36, 37, 
      39, 41, 43, 46 ], 
  [ 6, 7, 9, 10, 13, 14, 16, 17, 18, 19, 22, 23, 26, 27, 28, 32, 33, 35, 36, 
      37, 39, 41, 43 ], 
  [ 2, 3, 5, 7, 11, 14, 17, 20, 21, 23, 24, 28, 29, 32, 33, 35, 36, 38, 41, 
      43, 45, 46, 47 ], 
  [ 1, 2, 3, 4, 5, 7, 11, 14, 16, 17, 21, 22, 23, 26, 32, 33, 35, 38, 40, 
      41, 44, 45, 47 ], 
  [ 1, 2, 3, 4, 5, 7, 11, 14, 16, 17, 18, 21, 22, 23, 26, 32, 34, 35, 38, 
      41, 43, 44, 45 ], 
  [ 1, 2, 3, 4, 5, 7, 11, 14, 16, 17, 18, 21, 22, 23, 26, 32, 34, 35, 36, 
      39, 41, 43, 44 ], 
  [ 1, 2, 3, 4, 5, 7, 11, 14, 15, 17, 21, 22, 24, 25, 31, 34, 35, 38, 40, 
      44, 45, 46, 47 ], 
  [ 1, 2, 3, 4, 5, 7, 11, 14, 17, 21, 22, 23, 24, 25, 26, 32, 34, 35, 38, 
      40, 44, 45, 47 ], 
  [ 1, 2, 4, 5, 6, 7, 11, 14, 16, 19, 22, 26, 27, 28, 30, 31, 35, 37, 38, 
      39, 41, 44, 46 ], 
  [ 1, 2, 4, 5, 6, 7, 11, 14, 16, 19, 22, 26, 27, 28, 33, 35, 37, 38, 40, 
      41, 44, 45, 47 ], 
  [ 1, 2, 4, 5, 6, 7, 11, 14, 16, 19, 22, 26, 27, 28, 30, 31, 33, 35, 37, 
      38, 40, 41, 44 ], 
  [ 1, 2, 4, 5, 6, 7, 11, 14, 17, 19, 22, 25, 28, 29, 32, 33, 35, 39, 41, 
      43, 45, 46, 47 ], 
  [ 1, 2, 5, 9, 11, 14, 16, 17, 21, 22, 23, 26, 32, 33, 35, 36, 37, 39, 40, 
      41, 42, 44, 47 ], 
  [ 1, 2, 5, 9, 11, 14, 15, 17, 21, 22, 24, 25, 31, 34, 35, 36, 37, 39, 40, 
      42, 44, 46, 47 ], 
  [ 1, 2, 5, 9, 11, 14, 17, 21, 22, 23, 24, 26, 28, 32, 33, 35, 36, 37, 38, 
      40, 41, 44, 47 ], 
  [ 1, 2, 5, 9, 11, 14, 17, 21, 22, 23, 24, 25, 26, 32, 34, 35, 36, 37, 39, 
      40, 42, 44, 47 ], 
  [ 1, 2, 4, 5, 9, 11, 14, 15, 16, 17, 18, 21, 22, 25, 31, 34, 35, 38, 40, 
      44, 45, 46, 47 ], 
  [ 1, 2, 4, 5, 9, 11, 14, 16, 17, 18, 21, 22, 23, 25, 26, 32, 34, 35, 39, 
      41, 43, 44, 45 ], 
  [ 1, 2, 4, 5, 6, 9, 11, 14, 16, 17, 19, 22, 25, 26, 28, 29, 32, 33, 35, 
      38, 40, 45, 47 ], 
  [ 1, 2, 4, 5, 6, 9, 11, 14, 15, 16, 17, 19, 22, 25, 28, 29, 31, 33, 35, 
      38, 43, 45, 46 ], 
  [ 1, 2, 4, 5, 6, 9, 11, 14, 16, 18, 19, 22, 25, 26, 27, 30, 31, 34, 35, 
      38, 40, 44, 45 ], 
  [ 1, 2, 4, 5, 6, 9, 11, 14, 16, 17, 18, 19, 22, 25, 26, 32, 34, 35, 38, 
      40, 44, 45, 47 ], 
  [ 1, 2, 4, 5, 6, 7, 9, 11, 14, 15, 16, 17, 19, 22, 25, 27, 28, 31, 35, 38, 
      43, 45, 46 ], 
  [ 2, 9, 10, 11, 14, 16, 17, 20, 21, 23, 24, 28, 29, 32, 33, 35, 36, 38, 
      41, 43, 45, 46, 47 ], 
  [ 2, 9, 10, 11, 14, 16, 17, 21, 22, 23, 24, 26, 28, 32, 33, 35, 36, 37, 
      38, 40, 41, 44, 47 ], 
  [ 2, 4, 9, 10, 11, 14, 15, 16, 17, 18, 21, 22, 24, 25, 31, 34, 35, 38, 40, 
      44, 45, 46, 47 ], 
  [ 2, 4, 9, 10, 11, 14, 16, 17, 21, 22, 23, 24, 25, 26, 28, 29, 32, 33, 35, 
      38, 40, 45, 47 ], 
  [ 2, 4, 9, 10, 11, 14, 16, 17, 18, 21, 22, 23, 24, 25, 26, 32, 34, 35, 38, 
      40, 44, 45, 47 ], 
  [ 2, 5, 9, 10, 11, 14, 15, 16, 17, 20, 21, 24, 28, 29, 30, 31, 33, 35, 36, 
      39, 42, 43, 46 ], 
  [ 2, 5, 9, 10, 11, 14, 16, 17, 20, 21, 23, 24, 26, 28, 29, 30, 32, 33, 35, 
      38, 40, 42, 47 ], 
  [ 2, 4, 5, 9, 10, 11, 14, 15, 16, 17, 18, 21, 24, 25, 30, 31, 34, 35, 36, 
      39, 42, 44, 46 ], 
  [ 1, 2, 3, 4, 5, 6, 7, 8, 13, 14, 16, 17, 18, 21, 22, 23, 26, 32, 33, 35, 
      38, 41, 43, 45 ], 
  [ 1, 2, 3, 4, 5, 6, 7, 8, 13, 14, 16, 17, 18, 21, 22, 23, 26, 32, 33, 35, 
      36, 39, 41, 43 ], 
  [ 1, 2, 5, 6, 9, 13, 14, 18, 21, 22, 24, 25, 26, 30, 31, 34, 35, 38, 39, 
      40, 42, 44, 46, 47 ], 
  [ 1, 5, 6, 7, 9, 13, 14, 17, 19, 22, 23, 26, 27, 28, 32, 33, 35, 37, 38, 
      40, 41, 44, 45, 47 ], 
  [ 1, 5, 6, 7, 9, 13, 14, 17, 19, 22, 23, 25, 26, 27, 28, 29, 32, 33, 35, 
      37, 39, 41, 45, 47 ], 
  [ 1, 2, 3, 5, 6, 7, 9, 13, 14, 15, 17, 18, 21, 22, 23, 24, 27, 31, 34, 35, 
      38, 40, 44, 45 ], 
  [ 1, 2, 3, 5, 6, 7, 9, 13, 14, 15, 17, 18, 21, 22, 23, 24, 25, 27, 31, 34, 
      35, 40, 44, 45 ], 
  [ 9, 10, 13, 14, 17, 18, 21, 22, 23, 24, 25, 26, 32, 34, 35, 36, 38, 39, 
      41, 43, 44, 45, 46, 47 ], 
  [ 5, 7, 9, 10, 13, 14, 15, 17, 18, 19, 20, 27, 30, 31, 34, 35, 36, 37, 39, 
      41, 42, 43, 44, 46 ], 
  [ 1, 5, 7, 9, 10, 13, 14, 15, 17, 18, 19, 22, 25, 26, 27, 30, 31, 34, 35, 
      37, 39, 40, 42, 44 ], 
  [ 1, 2, 3, 5, 7, 11, 14, 17, 21, 22, 23, 24, 26, 28, 32, 33, 35, 36, 37, 
      38, 40, 41, 44, 47 ], 
  [ 1, 2, 3, 4, 5, 7, 11, 14, 16, 17, 18, 21, 22, 23, 26, 32, 34, 35, 36, 
      37, 39, 40, 42, 44 ], 
  [ 1, 2, 3, 4, 5, 7, 11, 14, 17, 21, 22, 23, 24, 25, 26, 28, 29, 32, 33, 
      35, 38, 40, 45, 47 ], 
  [ 1, 2, 4, 5, 6, 7, 11, 14, 16, 19, 22, 27, 28, 31, 33, 35, 37, 38, 40, 
      41, 44, 45, 46, 47 ], 
  [ 1, 2, 4, 5, 6, 7, 11, 14, 16, 18, 19, 22, 26, 27, 30, 31, 34, 35, 38, 
      39, 41, 43, 44, 46 ], 
  [ 1, 2, 5, 9, 11, 14, 17, 21, 22, 23, 24, 25, 26, 28, 29, 32, 33, 35, 36, 
      37, 39, 40, 42, 47 ], 
  [ 1, 4, 5, 9, 11, 14, 16, 17, 21, 22, 23, 25, 26, 29, 32, 33, 35, 39, 40, 
      41, 42, 44, 45, 47 ], 
  [ 1, 2, 4, 5, 9, 11, 14, 16, 17, 21, 22, 25, 26, 29, 32, 33, 35, 38, 39, 
      41, 43, 45, 46, 47 ], 
  [ 1, 2, 4, 5, 9, 11, 14, 16, 21, 22, 23, 25, 26, 29, 32, 33, 35, 39, 40, 
      41, 42, 44, 45, 47 ], 
  [ 1, 2, 4, 5, 6, 9, 11, 14, 16, 17, 19, 22, 25, 26, 28, 29, 32, 33, 35, 
      37, 39, 40, 42, 47 ], 
  [ 1, 2, 4, 5, 6, 9, 11, 14, 15, 16, 17, 19, 22, 25, 28, 29, 31, 33, 35, 
      38, 40, 45, 46, 47 ], 
  [ 1, 2, 4, 5, 6, 9, 11, 14, 16, 18, 19, 22, 25, 26, 27, 30, 31, 34, 35, 
      37, 39, 40, 42, 44 ], 
  [ 1, 2, 4, 5, 6, 9, 11, 14, 16, 17, 18, 19, 22, 25, 26, 32, 34, 35, 37, 
      39, 40, 42, 44, 47 ], 
  [ 1, 2, 4, 5, 6, 9, 11, 14, 15, 16, 17, 18, 19, 22, 25, 31, 34, 35, 38, 
      40, 44, 45, 46, 47 ], 
  [ 1, 2, 4, 5, 6, 9, 11, 14, 16, 18, 19, 22, 23, 25, 26, 27, 32, 34, 35, 
      37, 39, 40, 42, 44 ], 
  [ 1, 4, 5, 7, 9, 11, 14, 16, 17, 18, 19, 22, 23, 25, 26, 27, 32, 34, 35, 
      37, 39, 40, 42, 44 ], 
  [ 1, 2, 4, 5, 6, 7, 9, 11, 14, 16, 17, 19, 22, 25, 26, 27, 28, 35, 38, 39, 
      41, 43, 45, 46 ], 
  [ 1, 2, 4, 5, 6, 7, 9, 11, 14, 16, 17, 19, 22, 25, 27, 28, 29, 33, 35, 39, 
      41, 43, 45, 46 ], 
  [ 1, 2, 4, 5, 6, 7, 9, 11, 14, 15, 16, 17, 19, 22, 25, 27, 28, 29, 31, 33, 
      35, 37, 39, 46 ], 
  [ 1, 2, 4, 5, 6, 7, 9, 11, 14, 15, 16, 17, 19, 22, 25, 27, 28, 29, 31, 33, 
      35, 39, 43, 46 ], 
  [ 1, 2, 4, 5, 6, 7, 9, 11, 14, 15, 16, 17, 19, 22, 25, 27, 28, 29, 31, 33, 
      35, 43, 45, 46 ], 
  [ 1, 2, 4, 5, 6, 7, 9, 11, 14, 15, 16, 17, 18, 19, 22, 25, 27, 31, 34, 35, 
      38, 40, 44, 45 ], 
  [ 1, 2, 4, 5, 6, 7, 9, 11, 14, 15, 16, 17, 18, 19, 22, 25, 27, 31, 34, 35, 
      38, 44, 45, 46 ], 
  [ 2, 5, 9, 10, 11, 14, 16, 17, 20, 21, 23, 24, 26, 28, 29, 30, 32, 33, 35, 
      36, 38, 41, 42, 47 ], 
  [ 2, 4, 6, 9, 10, 11, 14, 16, 17, 18, 19, 22, 24, 25, 26, 28, 32, 34, 35, 
      37, 39, 40, 42, 47 ], 
  [ 1, 2, 3, 5, 6, 7, 13, 14, 17, 21, 22, 23, 24, 26, 28, 32, 33, 35, 36, 
      37, 38, 40, 41, 44, 47 ], 
  [ 2, 3, 5, 6, 7, 8, 13, 14, 17, 20, 21, 23, 24, 28, 29, 32, 33, 35, 36, 
      38, 41, 43, 45, 46, 47 ], 
  [ 2, 3, 5, 6, 7, 8, 13, 14, 17, 18, 20, 21, 23, 24, 32, 34, 35, 36, 38, 
      41, 43, 44, 45, 46, 47 ], 
  [ 1, 2, 5, 6, 9, 13, 14, 16, 17, 18, 21, 22, 23, 26, 32, 33, 35, 36, 37, 
      39, 40, 41, 42, 44, 47 ], 
  [ 1, 2, 5, 6, 9, 13, 14, 17, 21, 22, 23, 24, 25, 26, 28, 29, 32, 33, 35, 
      36, 37, 39, 40, 42, 47 ], 
  [ 1, 2, 5, 6, 9, 13, 14, 17, 18, 21, 22, 23, 24, 25, 26, 32, 34, 35, 36, 
      37, 39, 40, 42, 44, 47 ], 
  [ 1, 5, 6, 7, 9, 13, 14, 15, 17, 19, 22, 24, 25, 27, 28, 31, 34, 35, 37, 
      38, 40, 44, 45, 46, 47 ], 
  [ 1, 5, 6, 7, 9, 13, 14, 17, 18, 22, 23, 24, 25, 26, 27, 34, 35, 36, 38, 
      39, 41, 43, 44, 45, 46 ], 
  [ 1, 5, 6, 7, 9, 13, 14, 17, 19, 22, 23, 24, 25, 26, 27, 28, 32, 34, 35, 
      37, 38, 40, 44, 45, 47 ], 
  [ 1, 2, 5, 6, 7, 9, 14, 17, 18, 22, 23, 24, 25, 26, 27, 34, 35, 36, 38, 
      39, 41, 43, 44, 45, 46 ], 
  [ 1, 2, 3, 5, 6, 7, 9, 13, 14, 15, 17, 18, 21, 22, 23, 24, 25, 27, 31, 34, 
      35, 36, 37, 40, 44 ], 
  [ 1, 2, 3, 5, 6, 7, 9, 13, 14, 15, 17, 18, 21, 22, 23, 24, 25, 27, 31, 34, 
      35, 36, 43, 45, 46 ], 
  [ 1, 2, 3, 5, 6, 7, 9, 13, 14, 15, 17, 18, 21, 22, 23, 24, 25, 27, 31, 34, 
      35, 36, 44, 45, 46 ], 
  [ 1, 5, 9, 10, 13, 14, 15, 17, 18, 21, 22, 24, 25, 26, 30, 31, 34, 35, 38, 
      39, 40, 42, 44, 46, 47 ], 
  [ 6, 7, 9, 10, 13, 14, 16, 17, 18, 19, 22, 23, 26, 27, 28, 32, 33, 35, 37, 
      38, 40, 41, 44, 45, 47 ], 
  [ 6, 7, 9, 10, 13, 14, 17, 18, 19, 22, 23, 24, 25, 26, 27, 28, 32, 34, 35, 
      37, 38, 40, 44, 45, 47 ], 
  [ 1, 2, 3, 4, 5, 7, 11, 14, 16, 17, 21, 22, 23, 26, 32, 33, 35, 36, 37, 
      39, 40, 41, 42, 44, 47 ], 
  [ 1, 2, 3, 4, 5, 7, 11, 14, 15, 17, 21, 22, 24, 25, 31, 34, 35, 36, 37, 
      39, 40, 42, 44, 46, 47 ], 
  [ 1, 2, 3, 4, 5, 7, 11, 14, 17, 21, 22, 23, 24, 25, 26, 32, 34, 35, 36, 
      37, 39, 40, 42, 44, 47 ], 
  [ 1, 2, 5, 9, 11, 14, 17, 21, 22, 23, 24, 25, 26, 32, 34, 35, 36, 38, 39, 
      41, 43, 44, 45, 46, 47 ], 
  [ 1, 2, 4, 5, 9, 11, 14, 16, 17, 18, 21, 22, 25, 26, 32, 34, 35, 38, 39, 
      41, 43, 44, 45, 46, 47 ], 
  [ 1, 2, 4, 5, 6, 9, 11, 14, 15, 16, 17, 19, 22, 25, 28, 29, 31, 33, 35, 
      37, 39, 40, 42, 46, 47 ], 
  [ 1, 2, 4, 5, 6, 7, 9, 11, 14, 16, 17, 19, 22, 25, 27, 28, 29, 33, 35, 37, 
      39, 41, 45, 46, 47 ], 
  [ 2, 4, 9, 10, 11, 14, 15, 16, 17, 18, 21, 22, 24, 25, 31, 34, 35, 36, 37, 
      39, 40, 42, 44, 46, 47 ], 
  [ 2, 4, 9, 10, 11, 14, 16, 17, 21, 22, 23, 24, 25, 26, 28, 29, 32, 33, 35, 
      36, 37, 39, 40, 42, 47 ], 
  [ 2, 4, 9, 10, 11, 14, 16, 17, 18, 21, 22, 23, 24, 25, 26, 32, 34, 35, 36, 
      37, 39, 40, 42, 44, 47 ], 
  [ 2, 3, 5, 7, 9, 10, 11, 14, 15, 16, 17, 18, 20, 21, 23, 24, 27, 30, 31, 
      34, 35, 38, 40, 44, 45 ], 
  [ 2, 4, 5, 7, 9, 10, 11, 14, 15, 16, 17, 18, 24, 25, 27, 30, 31, 34, 35, 
      36, 37, 39, 42, 44, 46 ], 
  [ 1, 2, 3, 4, 5, 6, 7, 8, 13, 14, 16, 17, 18, 21, 22, 23, 26, 32, 33, 35, 
      38, 40, 41, 44, 45, 47 ], 
  [ 1, 2, 3, 4, 5, 6, 7, 8, 13, 14, 17, 21, 22, 23, 24, 25, 26, 28, 29, 32, 
      33, 35, 38, 40, 45, 47 ], 
  [ 1, 2, 3, 4, 5, 6, 7, 8, 13, 14, 17, 18, 21, 22, 23, 24, 25, 26, 32, 34, 
      35, 38, 40, 44, 45, 47 ], 
  [ 2, 3, 6, 7, 9, 13, 14, 15, 17, 18, 21, 22, 23, 24, 25, 27, 31, 34, 35, 
      36, 37, 40, 44, 45, 46, 47 ], 
  [ 1, 5, 6, 7, 9, 13, 14, 17, 19, 22, 23, 25, 27, 28, 29, 32, 33, 35, 36, 
      37, 39, 41, 43, 45, 46, 47 ], 
  [ 2, 3, 5, 6, 7, 9, 13, 14, 15, 17, 18, 20, 21, 23, 24, 27, 31, 34, 35, 
      36, 38, 41, 43, 44, 45, 46 ], 
  [ 2, 3, 5, 6, 7, 8, 9, 13, 14, 15, 17, 18, 20, 21, 23, 24, 25, 27, 29, 31, 
      34, 35, 36, 43, 45, 46 ], 
  [ 1, 5, 7, 9, 10, 13, 14, 15, 17, 18, 19, 22, 25, 26, 27, 30, 31, 34, 35, 
      38, 39, 41, 43, 44, 45, 46 ], 
  [ 1, 3, 5, 7, 9, 10, 13, 14, 15, 17, 18, 21, 22, 23, 24, 25, 26, 27, 30, 
      31, 34, 35, 38, 40, 44, 45 ], 
  [ 5, 6, 7, 9, 10, 13, 14, 15, 17, 18, 19, 20, 24, 27, 28, 30, 31, 34, 35, 
      36, 37, 38, 41, 43, 44, 46 ], 
  [ 1, 5, 6, 7, 9, 10, 13, 14, 15, 16, 17, 18, 19, 22, 26, 27, 28, 30, 31, 
      33, 35, 36, 37, 39, 41, 43 ], 
  [ 1, 5, 6, 7, 9, 10, 13, 14, 15, 17, 18, 19, 22, 24, 25, 26, 27, 28, 30, 
      31, 34, 35, 37, 38, 40, 44 ], 
  [ 1, 5, 6, 7, 9, 10, 13, 14, 15, 17, 18, 19, 22, 24, 25, 26, 27, 28, 30, 
      31, 34, 35, 38, 39, 43, 46 ], 
  [ 5, 6, 7, 8, 9, 10, 13, 14, 15, 16, 17, 18, 19, 20, 27, 28, 29, 30, 31, 
      33, 35, 38, 41, 43, 45, 46 ], 
  [ 5, 6, 7, 8, 9, 10, 13, 14, 16, 17, 18, 19, 20, 23, 26, 27, 28, 29, 30, 
      32, 33, 35, 38, 41, 43, 45 ], 
  [ 1, 2, 3, 4, 5, 7, 11, 14, 17, 21, 22, 23, 24, 25, 26, 28, 29, 32, 33, 
      35, 36, 37, 39, 40, 42, 47 ], 
  [ 1, 2, 5, 9, 11, 14, 17, 21, 22, 23, 24, 25, 26, 28, 29, 32, 33, 35, 36, 
      38, 39, 41, 43, 45, 46, 47 ], 
  [ 1, 2, 4, 5, 6, 9, 11, 14, 16, 19, 22, 25, 26, 27, 28, 29, 30, 31, 33, 
      35, 38, 39, 41, 43, 45, 46 ], 
  [ 1, 2, 4, 5, 6, 9, 11, 14, 16, 17, 19, 22, 25, 26, 28, 29, 32, 33, 35, 
      38, 39, 41, 43, 45, 46, 47 ], 
  [ 1, 2, 4, 5, 6, 9, 11, 14, 16, 18, 19, 22, 25, 26, 27, 30, 31, 34, 35, 
      38, 39, 41, 43, 44, 45, 46 ], 
  [ 1, 2, 4, 5, 6, 9, 11, 14, 16, 17, 18, 19, 22, 25, 26, 32, 34, 35, 38, 
      39, 41, 43, 44, 45, 46, 47 ], 
  [ 1, 2, 3, 5, 7, 9, 11, 14, 15, 17, 21, 22, 23, 24, 25, 27, 31, 34, 35, 
      36, 37, 40, 44, 45, 46, 47 ], 
  [ 1, 2, 4, 5, 6, 7, 9, 11, 14, 16, 17, 19, 22, 25, 26, 27, 28, 35, 37, 38, 
      39, 41, 44, 45, 46, 47 ], 
  [ 1, 2, 4, 5, 6, 7, 9, 11, 14, 15, 16, 17, 19, 22, 25, 27, 28, 31, 35, 37, 
      38, 40, 44, 45, 46, 47 ], 
  [ 1, 2, 4, 5, 6, 7, 9, 11, 14, 15, 16, 17, 19, 22, 25, 27, 28, 29, 31, 33, 
      35, 37, 40, 45, 46, 47 ], 
  [ 1, 2, 4, 5, 6, 7, 9, 11, 14, 16, 17, 19, 22, 23, 25, 26, 27, 28, 29, 32, 
      33, 35, 39, 41, 43, 45 ], 
  [ 2, 5, 9, 10, 11, 14, 16, 17, 20, 21, 24, 26, 28, 29, 30, 32, 33, 35, 36, 
      38, 39, 41, 42, 43, 46, 47 ], 
  [ 2, 3, 5, 7, 9, 10, 11, 14, 15, 16, 17, 18, 20, 21, 23, 24, 27, 30, 31, 
      34, 35, 36, 37, 40, 42, 44 ], 
  [ 1, 2, 5, 6, 9, 13, 14, 17, 21, 22, 23, 24, 25, 26, 28, 29, 32, 33, 35, 
      36, 38, 39, 41, 43, 45, 46, 47 ], 
  [ 1, 2, 5, 6, 9, 13, 14, 17, 18, 21, 22, 23, 24, 25, 26, 32, 34, 35, 36, 
      38, 39, 41, 43, 44, 45, 46, 47 ], 
  [ 1, 2, 3, 5, 6, 7, 9, 13, 14, 15, 17, 21, 22, 23, 24, 25, 27, 31, 34, 35, 
      36, 37, 40, 44, 45, 46, 47 ], 
  [ 1, 2, 3, 5, 6, 7, 9, 13, 14, 15, 17, 18, 21, 22, 23, 24, 27, 31, 34, 35, 
      36, 38, 41, 43, 44, 45, 46 ], 
  [ 1, 5, 6, 7, 9, 10, 13, 14, 15, 17, 18, 19, 22, 24, 25, 26, 27, 28, 30, 
      31, 34, 35, 37, 38, 39, 44, 46 ], 
  [ 1, 2, 3, 4, 5, 7, 11, 14, 17, 21, 22, 23, 24, 25, 26, 32, 34, 35, 36, 
      38, 39, 41, 43, 44, 45, 46, 47 ], 
  [ 1, 2, 4, 5, 6, 9, 11, 14, 16, 19, 22, 23, 25, 26, 27, 29, 32, 33, 35, 
      37, 39, 40, 41, 42, 44, 45, 47 ], 
  [ 2, 3, 5, 7, 9, 11, 14, 15, 17, 20, 21, 23, 24, 25, 27, 29, 31, 34, 35, 
      36, 37, 40, 42, 44, 45, 46, 47 ], 
  [ 1, 4, 5, 7, 9, 11, 14, 16, 17, 19, 22, 23, 25, 26, 27, 29, 32, 33, 35, 
      37, 39, 40, 41, 42, 44, 45, 47 ], 
  [ 1, 2, 4, 5, 6, 7, 9, 11, 14, 16, 17, 19, 22, 23, 25, 26, 27, 28, 29, 32, 
      33, 35, 37, 39, 41, 45, 47 ], 
  [ 2, 4, 9, 10, 11, 14, 16, 17, 21, 22, 23, 24, 25, 26, 28, 29, 32, 33, 35, 
      36, 38, 39, 41, 43, 45, 46, 47 ], 
  [ 2, 4, 9, 10, 11, 14, 16, 17, 18, 21, 22, 23, 24, 25, 26, 32, 34, 35, 36, 
      38, 39, 41, 43, 44, 45, 46, 47 ], 
  [ 1, 2, 3, 4, 5, 6, 7, 8, 13, 14, 16, 17, 18, 21, 22, 23, 26, 32, 33, 35, 
      36, 37, 39, 40, 41, 42, 44, 47 ], 
  [ 1, 2, 3, 4, 5, 6, 7, 8, 13, 14, 17, 21, 22, 23, 24, 25, 26, 28, 29, 32, 
      33, 35, 36, 37, 39, 40, 42, 47 ], 
  [ 1, 2, 3, 4, 5, 6, 7, 8, 13, 14, 17, 18, 21, 22, 23, 24, 25, 26, 32, 34, 
      35, 36, 37, 39, 40, 42, 44, 47 ], 
  [ 1, 5, 6, 9, 10, 13, 14, 15, 17, 18, 19, 22, 24, 25, 26, 28, 30, 31, 34, 
      35, 37, 38, 39, 40, 42, 44, 46, 47 ], 
  [ 1, 3, 5, 7, 9, 10, 13, 14, 15, 17, 18, 21, 22, 23, 24, 25, 26, 27, 30, 
      31, 34, 35, 36, 37, 39, 40, 42, 44 ], 
  [ 5, 6, 7, 8, 9, 10, 13, 14, 15, 16, 17, 18, 19, 20, 27, 28, 29, 30, 31, 
      33, 35, 36, 37, 39, 41, 42, 43, 46 ], 
  [ 5, 6, 7, 8, 9, 10, 13, 14, 16, 17, 18, 19, 20, 23, 26, 27, 28, 29, 30, 
      32, 33, 35, 36, 37, 39, 41, 42, 43 ], 
  [ 1, 2, 3, 4, 5, 7, 11, 14, 17, 21, 22, 23, 24, 25, 26, 28, 29, 32, 33, 
      35, 36, 38, 39, 41, 43, 45, 46, 47 ], 
  [ 1, 2, 4, 5, 9, 10, 11, 14, 15, 16, 17, 18, 21, 22, 24, 25, 26, 30, 31, 
      34, 35, 38, 39, 40, 42, 44, 46, 47 ], 
  [ 2, 3, 5, 7, 9, 10, 11, 14, 15, 16, 17, 20, 21, 23, 24, 27, 28, 29, 30, 
      31, 33, 35, 36, 38, 41, 43, 45, 46 ], 
  [ 2, 3, 5, 7, 9, 10, 11, 14, 15, 16, 17, 18, 20, 21, 23, 24, 27, 30, 31, 
      34, 35, 36, 38, 41, 43, 44, 45, 46 ], 
  [ 1, 5, 6, 7, 9, 13, 14, 17, 19, 22, 23, 24, 25, 26, 27, 28, 32, 34, 35, 
      36, 37, 38, 39, 41, 43, 44, 45, 46, 47 ], 
  [ 6, 7, 9, 10, 13, 14, 17, 18, 19, 22, 23, 24, 25, 26, 27, 28, 32, 34, 35, 
      36, 37, 38, 39, 41, 43, 44, 45, 46, 47 ], 
  [ 1, 5, 6, 7, 9, 10, 13, 14, 15, 17, 18, 19, 22, 24, 26, 27, 28, 30, 31, 
      34, 35, 36, 37, 38, 39, 41, 43, 44, 46 ], 
  [ 1, 2, 3, 4, 5, 7, 9, 10, 11, 14, 15, 16, 17, 18, 21, 22, 23, 24, 25, 26, 
      27, 30, 31, 34, 35, 38, 40, 44, 45 ], 
  [ 1, 2, 4, 5, 6, 7, 9, 10, 11, 14, 15, 16, 17, 18, 19, 22, 24, 25, 26, 27, 
      28, 30, 31, 34, 35, 37, 38, 40, 44 ], 
  [ 1, 2, 3, 4, 5, 6, 7, 8, 13, 14, 17, 21, 22, 23, 24, 25, 26, 28, 29, 32, 
      33, 35, 36, 38, 39, 41, 43, 45, 46, 47 ], 
  [ 1, 2, 3, 4, 5, 6, 7, 8, 13, 14, 17, 18, 21, 22, 23, 24, 25, 26, 32, 34, 
      35, 36, 38, 39, 41, 43, 44, 45, 46, 47 ], 
  [ 2, 3, 5, 6, 7, 8, 9, 13, 14, 15, 17, 18, 20, 21, 23, 24, 25, 27, 29, 31, 
      34, 35, 36, 37, 40, 42, 44, 45, 46, 47 ], 
  [ 1, 3, 5, 7, 9, 10, 13, 14, 15, 17, 18, 21, 22, 23, 24, 25, 26, 27, 30, 
      31, 34, 35, 36, 38, 39, 41, 43, 44, 45, 46 ], 
  [ 5, 6, 7, 8, 9, 10, 13, 14, 15, 16, 17, 18, 19, 20, 27, 28, 29, 30, 31, 
      33, 35, 37, 38, 40, 41, 42, 44, 45, 46, 47 ], 
  [ 5, 6, 7, 8, 9, 10, 13, 14, 16, 17, 18, 19, 20, 23, 26, 27, 28, 29, 30, 
      32, 33, 35, 37, 38, 40, 41, 42, 44, 45, 47 ], 
  [ 5, 6, 7, 8, 9, 10, 13, 14, 17, 18, 19, 20, 23, 24, 25, 26, 27, 28, 29, 
      30, 32, 34, 35, 37, 38, 40, 42, 44, 45, 47 ], 
  [ 1, 2, 4, 5, 6, 9, 11, 14, 16, 19, 22, 25, 26, 27, 28, 29, 30, 31, 33, 
      35, 37, 38, 39, 40, 41, 42, 44, 45, 46, 47 ], 
  [ 1, 2, 4, 5, 6, 7, 9, 10, 11, 14, 15, 16, 17, 18, 19, 22, 24, 25, 26, 27, 
      28, 30, 31, 34, 35, 37, 38, 39, 44, 46 ], 
  [ 1, 2, 5, 6, 9, 11, 12, 13, 14, 15, 16, 17, 18, 19, 20, 21, 22, 31, 32, 
      33, 34, 35, 38, 40, 41, 43, 44, 45, 46, 47 ], 
  [ 1, 2, 5, 6, 9, 11, 12, 13, 14, 16, 18, 19, 20, 21, 22, 23, 26, 27, 30, 
      31, 32, 33, 34, 35, 38, 40, 41, 43, 44, 45 ], 
  [ 2, 3, 5, 6, 7, 8, 9, 10, 13, 14, 15, 16, 17, 18, 20, 21, 23, 24, 27, 28, 
      29, 30, 31, 33, 35, 36, 38, 41, 43, 45, 46 ], 
  [ 1, 2, 4, 5, 6, 9, 10, 11, 14, 15, 16, 17, 18, 19, 22, 24, 25, 26, 28, 
      30, 31, 34, 35, 37, 38, 39, 40, 42, 44, 46, 47 ], 
  [ 1, 2, 3, 4, 5, 7, 9, 10, 11, 14, 15, 16, 17, 18, 21, 22, 23, 24, 25, 26, 
      27, 30, 31, 34, 35, 36, 37, 39, 40, 42, 44 ], 
  [ 2, 3, 5, 7, 9, 10, 11, 14, 15, 16, 17, 20, 21, 23, 24, 27, 28, 29, 30, 
      31, 33, 35, 36, 37, 38, 40, 41, 42, 44, 45, 46, 47 ], 
  [ 1, 2, 5, 6, 9, 11, 12, 13, 14, 16, 18, 19, 20, 21, 22, 23, 26, 27, 30, 
      31, 32, 33, 34, 35, 36, 37, 39, 40, 41, 42, 43, 44 ], 
  [ 1, 2, 3, 5, 6, 7, 9, 11, 12, 13, 14, 15, 16, 17, 18, 19, 20, 21, 22, 23, 
      27, 31, 32, 33, 34, 35, 38, 40, 41, 43, 44, 45 ], 
  [ 1, 2, 3, 4, 5, 7, 9, 10, 11, 14, 15, 16, 17, 21, 22, 23, 24, 25, 26, 27, 
      28, 29, 30, 31, 33, 35, 36, 38, 39, 41, 43, 45, 46 ], 
  [ 1, 2, 3, 4, 5, 7, 9, 10, 11, 14, 15, 16, 17, 18, 21, 22, 23, 24, 25, 26, 
      27, 30, 31, 34, 35, 36, 38, 39, 41, 43, 44, 45, 46 ], 
  [ 1, 2, 3, 4, 5, 6, 7, 8, 11, 12, 13, 14, 15, 16, 17, 18, 19, 20, 21, 22, 
      31, 32, 33, 34, 35, 38, 40, 41, 43, 44, 45, 46, 47 ], 
  [ 1, 2, 3, 4, 5, 6, 7, 8, 11, 12, 13, 14, 16, 18, 19, 20, 21, 22, 23, 26, 
      27, 30, 31, 32, 33, 34, 35, 38, 40, 41, 43, 44, 45 ], 
  [ 1, 3, 5, 7, 9, 10, 11, 12, 13, 14, 15, 16, 17, 18, 19, 20, 21, 22, 23, 
      26, 27, 30, 31, 32, 33, 34, 35, 38, 40, 41, 43, 44, 45 ], 
  [ 5, 6, 7, 8, 9, 10, 13, 14, 17, 18, 19, 20, 23, 24, 25, 26, 27, 28, 29, 
      30, 32, 34, 35, 36, 37, 38, 39, 41, 42, 43, 44, 45, 46, 47 ], 
  [ 2, 3, 5, 6, 7, 8, 9, 10, 13, 14, 15, 16, 17, 18, 20, 21, 23, 24, 27, 28, 
      29, 30, 31, 33, 35, 36, 37, 38, 40, 41, 42, 44, 45, 46, 47 ], 
  [ 1, 2, 3, 4, 5, 6, 7, 8, 11, 12, 13, 14, 16, 18, 19, 20, 21, 22, 23, 26, 
      27, 30, 31, 32, 33, 34, 35, 36, 37, 39, 40, 41, 42, 43, 44 ], 
  [ 1, 2, 3, 5, 6, 7, 9, 11, 12, 13, 14, 15, 17, 19, 20, 21, 22, 23, 24, 25, 
      27, 28, 29, 31, 32, 33, 34, 35, 36, 37, 40, 43, 45, 46, 47 ], 
  [ 1, 3, 5, 7, 9, 10, 11, 12, 13, 14, 15, 16, 17, 18, 19, 20, 21, 22, 23, 
      26, 27, 30, 31, 32, 33, 34, 35, 36, 37, 39, 40, 41, 42, 43, 44 ], 
  [ 1, 2, 3, 4, 5, 6, 7, 8, 9, 10, 13, 14, 15, 16, 17, 18, 21, 22, 23, 24, 
      25, 26, 27, 28, 29, 30, 31, 33, 35, 36, 38, 39, 41, 43, 45, 46 ], 
  [ 1, 2, 3, 5, 6, 7, 9, 11, 12, 13, 14, 15, 17, 19, 20, 21, 22, 23, 24, 27, 
      28, 31, 32, 33, 34, 35, 36, 37, 38, 40, 41, 43, 44, 45, 46, 47 ], 
  [ 1, 2, 3, 4, 5, 7, 9, 10, 11, 14, 15, 16, 17, 21, 22, 23, 24, 25, 26, 27, 
      28, 29, 30, 31, 33, 35, 36, 37, 38, 39, 40, 41, 42, 44, 45, 46, 47 ], 
  [ 2, 3, 6, 7, 9, 10, 11, 12, 13, 14, 15, 16, 17, 18, 19, 20, 21, 22, 23, 
      24, 27, 28, 31, 32, 33, 34, 35, 36, 37, 38, 40, 41, 43, 44, 45, 46, 47 
     ], [ 1, 2, 5, 6, 9, 11, 12, 13, 14, 19, 20, 21, 22, 23, 24, 25, 26, 27, 
      28, 29, 30, 31, 32, 33, 34, 35, 36, 37, 38, 39, 40, 41, 42, 43, 44, 
      45, 46, 47 ], 
  [ 1, 2, 5, 6, 9, 10, 11, 12, 13, 14, 15, 16, 17, 18, 19, 20, 21, 22, 24, 
      26, 28, 30, 31, 32, 33, 34, 35, 36, 37, 38, 39, 40, 41, 42, 43, 44, 
      46, 47 ], 
  [ 1, 2, 3, 5, 6, 7, 9, 10, 11, 12, 13, 14, 15, 16, 17, 18, 19, 20, 21, 22, 
      23, 24, 26, 27, 28, 30, 31, 32, 33, 34, 35, 36, 37, 38, 40, 41, 43, 44 
     ], [ 1, 2, 3, 4, 5, 6, 7, 8, 9, 10, 11, 12, 13, 14, 15, 16, 17, 18, 19, 
      20, 21, 22, 23, 24, 25, 26, 27, 28, 29, 30, 31, 32, 33, 34, 35, 38, 
      40, 43, 45 ], 
  [ 1, 2, 3, 4, 5, 6, 7, 8, 9, 10, 13, 14, 15, 16, 17, 18, 21, 22, 23, 24, 
      25, 26, 27, 28, 29, 30, 31, 33, 35, 36, 37, 38, 39, 40, 41, 42, 44, 
      45, 46, 47 ], 
  [ 1, 2, 3, 4, 5, 6, 7, 8, 11, 12, 13, 14, 19, 20, 21, 22, 23, 24, 25, 26, 
      27, 28, 29, 30, 31, 32, 33, 34, 35, 36, 37, 38, 39, 40, 41, 42, 43, 
      44, 45, 46, 47 ], 
  [ 1, 2, 3, 4, 5, 6, 7, 8, 9, 11, 12, 13, 14, 15, 16, 17, 18, 19, 20, 21, 
      22, 23, 25, 27, 29, 31, 32, 33, 34, 35, 36, 37, 39, 40, 41, 42, 43, 
      44, 45, 46, 47 ], 
  [ 1, 3, 5, 7, 9, 10, 11, 12, 13, 14, 15, 17, 19, 20, 21, 22, 23, 24, 25, 
      26, 27, 28, 29, 30, 31, 32, 33, 34, 35, 36, 37, 38, 39, 40, 41, 42, 
      43, 44, 45, 46, 47 ], 
  [ 1, 2, 3, 4, 5, 6, 7, 8, 9, 10, 11, 12, 13, 14, 15, 16, 17, 18, 19, 20, 
      21, 22, 23, 24, 25, 26, 27, 28, 29, 30, 31, 32, 33, 34, 35, 36, 37, 
      39, 40, 42, 43 ], 
  [ 1, 2, 3, 4, 5, 6, 7, 8, 9, 10, 11, 12, 13, 14, 15, 16, 17, 18, 19, 20, 
      21, 22, 23, 24, 25, 26, 27, 28, 29, 30, 31, 32, 33, 34, 36, 37, 38, 
      39, 40, 41, 42, 43, 44, 45, 46, 47 ] ];
