return 
[ [ 5, 10, 13, 17, 18, 19, 20, 21, 22, 24, 27, 30, 33, 36, 37, 38, 40, 41 ], 
  [ 5, 10, 13, 16, 17, 18, 19, 20, 22, 23, 24, 30, 33, 35, 37, 38, 40, 41 ], 
  [ 5, 10, 13, 16, 17, 18, 19, 20, 21, 22, 23, 24, 30, 33, 37, 38, 40, 41 ], 
  [ 1, 5, 10, 13, 17, 18, 19, 20, 22, 24, 27, 30, 33, 36, 37, 38, 40, 41 ], 
  [ 1, 5, 10, 13, 17, 18, 19, 20, 22, 24, 30, 33, 35, 36, 37, 38, 40, 41 ], 
  [ 1, 5, 10, 13, 16, 17, 18, 19, 20, 22, 24, 30, 33, 35, 37, 38, 40, 41 ], 
  [ 3, 5, 10, 17, 18, 19, 20, 21, 22, 24, 27, 30, 33, 36, 37, 38, 40, 41 ], 
  [ 3, 5, 10, 16, 17, 18, 19, 20, 22, 23, 24, 30, 33, 35, 37, 38, 40, 41 ], 
  [ 3, 5, 10, 16, 17, 18, 19, 20, 21, 22, 23, 24, 30, 33, 37, 38, 40, 41 ], 
  [ 1, 3, 5, 10, 17, 18, 19, 20, 22, 24, 27, 30, 33, 36, 37, 38, 40, 41 ], 
  [ 1, 3, 5, 10, 17, 18, 19, 20, 22, 24, 30, 33, 35, 36, 37, 38, 40, 41 ], 
  [ 1, 3, 5, 10, 16, 17, 18, 19, 20, 22, 24, 30, 33, 35, 37, 38, 40, 41 ], 
  [ 4, 5, 10, 13, 17, 18, 19, 20, 21, 22, 24, 27, 32, 36, 37, 38, 40, 41 ], 
  [ 4, 5, 10, 13, 17, 18, 19, 20, 21, 22, 24, 27, 33, 36, 37, 38, 40, 41 ], 
  [ 3, 4, 5, 10, 17, 18, 19, 20, 21, 22, 24, 27, 32, 36, 37, 38, 40, 41 ], 
  [ 3, 4, 5, 10, 17, 18, 19, 20, 21, 22, 24, 27, 33, 36, 37, 38, 40, 41 ], 
  [ 1, 5, 10, 13, 16, 17, 18, 19, 20, 22, 24, 30, 32, 35, 36, 37, 38, 40, 41 
     ], [ 1, 3, 5, 10, 16, 17, 18, 19, 20, 22, 24, 30, 32, 35, 36, 37, 38, 
      40, 41 ], 
  [ 1, 3, 5, 6, 9, 10, 14, 20, 21, 22, 24, 27, 30, 33, 36, 37, 38, 40, 41 ], 
  [ 1, 3, 6, 8, 9, 10, 14, 20, 22, 24, 26, 27, 29, 31, 32, 36, 38, 40, 41 ], 
  [ 1, 2, 5, 6, 9, 11, 13, 15, 20, 24, 25, 30, 33, 35, 36, 37, 38, 40, 41 ], 
  [ 1, 2, 5, 6, 9, 11, 14, 15, 21, 24, 25, 27, 28, 30, 33, 36, 37, 40, 41 ], 
  [ 1, 3, 5, 6, 9, 11, 14, 20, 21, 24, 25, 27, 30, 33, 36, 37, 38, 40, 41 ], 
  [ 2, 4, 5, 6, 9, 11, 13, 15, 20, 21, 24, 25, 27, 33, 36, 37, 38, 40, 41 ], 
  [ 1, 2, 6, 8, 9, 11, 14, 15, 24, 25, 26, 27, 28, 29, 31, 32, 36, 40, 41 ], 
  [ 1, 2, 6, 8, 9, 11, 13, 15, 20, 24, 25, 26, 30, 33, 35, 36, 38, 40, 41 ], 
  [ 1, 3, 6, 8, 9, 11, 14, 20, 24, 25, 26, 27, 29, 31, 32, 36, 38, 40, 41 ], 
  [ 2, 4, 6, 8, 9, 11, 15, 23, 24, 25, 26, 28, 29, 31, 34, 35, 38, 39, 41 ], 
  [ 2, 4, 6, 8, 9, 11, 13, 15, 20, 23, 24, 25, 26, 29, 31, 34, 35, 38, 39 ], 
  [ 1, 5, 10, 13, 14, 16, 17, 18, 19, 20, 21, 22, 24, 27, 30, 33, 37, 38, 
      40, 41 ], 
  [ 1, 3, 5, 10, 14, 16, 17, 18, 19, 20, 21, 22, 24, 27, 30, 33, 37, 38, 40, 
      41 ], [ 4, 5, 10, 13, 17, 18, 19, 20, 21, 22, 23, 24, 32, 34, 35, 36, 
      37, 38, 40, 41 ], 
  [ 3, 4, 5, 10, 17, 18, 19, 20, 21, 22, 23, 24, 32, 34, 35, 36, 37, 38, 40, 
      41 ], [ 1, 3, 5, 6, 9, 10, 14, 18, 20, 21, 24, 25, 27, 30, 33, 36, 37, 
      38, 40, 41 ], 
  [ 1, 2, 5, 7, 9, 10, 13, 14, 18, 19, 21, 24, 27, 30, 33, 36, 37, 38, 40, 
      41 ], [ 1, 3, 5, 7, 9, 10, 13, 18, 19, 20, 22, 24, 30, 33, 35, 36, 37, 
      38, 40, 41 ], 
  [ 1, 3, 5, 7, 9, 10, 14, 18, 19, 21, 22, 24, 27, 28, 30, 33, 36, 37, 40, 
      41 ], [ 3, 4, 5, 7, 9, 10, 13, 18, 19, 20, 21, 22, 24, 27, 33, 36, 37, 
      38, 40, 41 ], 
  [ 1, 3, 6, 8, 9, 10, 14, 18, 20, 24, 25, 26, 27, 29, 31, 32, 36, 38, 40, 
      41 ], [ 3, 4, 6, 8, 9, 10, 20, 22, 23, 24, 26, 29, 31, 32, 34, 35, 36, 
      38, 40, 41 ], 
  [ 1, 2, 7, 8, 9, 10, 13, 14, 18, 19, 24, 26, 27, 29, 31, 32, 36, 38, 40, 
      41 ], [ 1, 3, 7, 8, 9, 10, 14, 18, 19, 22, 24, 26, 27, 28, 29, 31, 32, 
      36, 40, 41 ], 
  [ 1, 3, 7, 8, 9, 10, 13, 18, 19, 20, 22, 24, 26, 30, 33, 35, 36, 38, 40, 
      41 ], [ 3, 4, 7, 8, 9, 10, 18, 19, 22, 23, 24, 26, 28, 29, 31, 34, 35, 
      38, 39, 41 ], 
  [ 3, 4, 7, 8, 9, 10, 13, 18, 19, 20, 22, 23, 24, 26, 29, 31, 34, 35, 38, 
      39 ], [ 1, 2, 5, 6, 9, 11, 13, 15, 17, 20, 24, 25, 26, 27, 30, 33, 36, 
      38, 40, 41 ], 
  [ 1, 2, 5, 6, 9, 11, 13, 15, 17, 20, 24, 25, 26, 30, 33, 35, 36, 38, 40, 
      41 ], [ 1, 2, 5, 6, 9, 11, 13, 15, 16, 20, 23, 24, 25, 30, 33, 35, 37, 
      38, 40, 41 ], 
  [ 1, 3, 5, 6, 9, 11, 14, 15, 20, 21, 22, 24, 27, 30, 33, 36, 37, 38, 40, 
      41 ], [ 1, 2, 5, 7, 9, 11, 13, 14, 15, 19, 21, 24, 27, 30, 33, 36, 37, 
      38, 40, 41 ], 
  [ 1, 2, 6, 8, 9, 11, 13, 14, 15, 20, 24, 25, 26, 27, 30, 33, 36, 38, 40, 
      41 ], [ 1, 2, 6, 8, 9, 11, 13, 14, 15, 20, 24, 25, 27, 31, 33, 36, 37, 
      38, 40, 41 ], 
  [ 1, 2, 6, 8, 9, 11, 13, 14, 15, 20, 24, 25, 26, 27, 29, 30, 34, 36, 38, 
      41 ], [ 1, 2, 6, 8, 9, 11, 13, 15, 16, 20, 23, 24, 25, 26, 30, 33, 35, 
      38, 40, 41 ], 
  [ 1, 2, 6, 8, 9, 11, 13, 14, 15, 16, 20, 23, 24, 25, 26, 30, 33, 38, 40, 
      41 ], [ 1, 3, 6, 8, 9, 11, 14, 15, 20, 22, 24, 26, 27, 29, 31, 32, 36, 
      38, 40, 41 ], 
  [ 2, 4, 6, 8, 9, 11, 15, 24, 25, 26, 27, 28, 29, 31, 34, 35, 36, 38, 39, 
      41 ], [ 2, 4, 6, 8, 9, 11, 13, 15, 20, 24, 25, 26, 27, 29, 31, 34, 35, 
      36, 38, 39 ], 
  [ 2, 4, 6, 8, 9, 11, 15, 23, 24, 25, 26, 28, 29, 31, 32, 34, 35, 36, 40, 
      41 ], [ 3, 4, 6, 8, 9, 11, 20, 23, 24, 25, 26, 29, 31, 32, 34, 35, 36, 
      38, 40, 41 ], 
  [ 1, 2, 7, 8, 9, 11, 13, 14, 15, 19, 24, 26, 27, 29, 31, 32, 36, 38, 40, 
      41 ], [ 5, 10, 13, 16, 17, 18, 19, 20, 21, 22, 23, 24, 30, 32, 34, 35, 
      36, 37, 38, 40, 41 ], 
  [ 1, 5, 10, 13, 14, 16, 17, 18, 19, 20, 21, 22, 24, 27, 30, 32, 36, 37, 
      38, 40, 41 ], 
  [ 3, 5, 10, 16, 17, 18, 19, 20, 21, 22, 23, 24, 30, 32, 34, 35, 36, 37, 
      38, 40, 41 ], 
  [ 1, 3, 5, 10, 14, 16, 17, 18, 19, 20, 21, 22, 24, 27, 30, 32, 36, 37, 38, 
      40, 41 ], 
  [ 4, 5, 10, 13, 17, 18, 19, 20, 21, 22, 23, 24, 30, 33, 34, 35, 36, 37, 
      38, 40, 41 ], 
  [ 3, 4, 5, 10, 17, 18, 19, 20, 21, 22, 23, 24, 30, 33, 34, 35, 36, 37, 38, 
      40, 41 ], 
  [ 1, 2, 5, 6, 9, 10, 13, 14, 18, 20, 21, 24, 25, 27, 30, 33, 36, 37, 38, 
      40, 41 ], 
  [ 1, 2, 5, 6, 9, 10, 13, 14, 15, 20, 21, 22, 24, 27, 30, 33, 36, 37, 38, 
      40, 41 ], 
  [ 1, 3, 5, 6, 9, 10, 14, 18, 20, 21, 22, 24, 25, 27, 28, 30, 33, 36, 37, 
      40, 41 ], 
  [ 1, 2, 5, 7, 9, 10, 13, 14, 15, 19, 21, 22, 24, 27, 30, 33, 36, 37, 38, 
      40, 41 ], 
  [ 1, 3, 5, 7, 9, 10, 13, 17, 18, 19, 20, 22, 24, 26, 27, 30, 33, 36, 38, 
      40, 41 ], 
  [ 1, 3, 5, 7, 9, 10, 13, 17, 18, 19, 20, 22, 24, 26, 30, 33, 35, 36, 38, 
      40, 41 ], 
  [ 1, 3, 5, 7, 9, 10, 13, 16, 18, 19, 20, 22, 23, 24, 30, 33, 35, 37, 38, 
      40, 41 ], 
  [ 1, 2, 6, 8, 9, 10, 13, 14, 18, 20, 24, 25, 26, 27, 29, 31, 32, 36, 38, 
      40, 41 ], 
  [ 1, 2, 6, 8, 9, 10, 13, 14, 15, 20, 22, 24, 26, 27, 29, 31, 32, 36, 38, 
      40, 41 ], 
  [ 1, 3, 6, 8, 9, 10, 14, 18, 20, 22, 24, 25, 26, 27, 28, 29, 31, 32, 36, 
      40, 41 ], 
  [ 3, 4, 6, 8, 9, 10, 18, 20, 23, 24, 25, 26, 29, 31, 32, 34, 35, 36, 38, 
      40, 41 ], 
  [ 3, 4, 6, 8, 9, 10, 18, 20, 22, 23, 24, 25, 26, 28, 29, 31, 34, 35, 38, 
      39, 41 ], 
  [ 1, 2, 7, 8, 9, 10, 13, 14, 15, 19, 22, 24, 26, 27, 29, 31, 32, 36, 38, 
      40, 41 ], 
  [ 1, 3, 7, 8, 9, 10, 13, 14, 18, 19, 20, 22, 24, 26, 27, 30, 33, 36, 38, 
      40, 41 ], 
  [ 1, 3, 7, 8, 9, 10, 13, 14, 18, 19, 20, 22, 24, 27, 31, 33, 36, 37, 38, 
      40, 41 ], 
  [ 1, 3, 7, 8, 9, 10, 13, 14, 18, 19, 20, 22, 24, 26, 27, 29, 30, 34, 36, 
      38, 41 ], 
  [ 1, 3, 7, 8, 9, 10, 13, 16, 18, 19, 20, 22, 23, 24, 26, 30, 33, 35, 38, 
      40, 41 ], 
  [ 1, 3, 7, 8, 9, 10, 13, 14, 16, 18, 19, 20, 22, 23, 24, 26, 30, 33, 38, 
      40, 41 ], 
  [ 2, 4, 7, 8, 9, 10, 13, 18, 19, 23, 24, 26, 29, 31, 32, 34, 35, 36, 38, 
      40, 41 ], 
  [ 3, 4, 7, 8, 9, 10, 18, 19, 22, 24, 26, 27, 28, 29, 31, 34, 35, 36, 38, 
      39, 41 ], 
  [ 3, 4, 7, 8, 9, 10, 13, 18, 19, 20, 22, 24, 26, 27, 29, 31, 34, 35, 36, 
      38, 39 ], 
  [ 3, 4, 7, 8, 9, 10, 18, 19, 22, 23, 24, 26, 28, 29, 31, 32, 34, 35, 36, 
      40, 41 ], 
  [ 1, 2, 5, 6, 9, 11, 13, 14, 15, 20, 21, 24, 25, 27, 30, 33, 36, 37, 38, 
      40, 41 ], 
  [ 1, 2, 5, 6, 9, 11, 13, 15, 16, 17, 20, 23, 24, 25, 26, 30, 33, 35, 38, 
      40, 41 ], 
  [ 1, 2, 5, 6, 9, 11, 13, 14, 15, 16, 20, 21, 23, 24, 25, 30, 33, 37, 38, 
      40, 41 ], 
  [ 1, 3, 5, 6, 9, 11, 14, 15, 20, 21, 22, 24, 25, 27, 28, 30, 33, 36, 37, 
      40, 41 ], 
  [ 2, 4, 5, 6, 9, 11, 13, 15, 20, 21, 24, 25, 27, 29, 31, 32, 36, 37, 38, 
      40, 41 ], 
  [ 1, 2, 5, 7, 9, 11, 13, 14, 18, 19, 21, 24, 25, 27, 30, 33, 36, 37, 38, 
      40, 41 ], 
  [ 1, 2, 6, 8, 9, 11, 13, 14, 15, 20, 24, 25, 26, 27, 29, 31, 32, 36, 38, 
      40, 41 ], 
  [ 1, 2, 6, 8, 9, 11, 13, 14, 15, 20, 24, 25, 30, 31, 33, 35, 36, 37, 38, 
      40, 41 ], 
  [ 1, 3, 6, 8, 9, 11, 14, 15, 20, 22, 24, 25, 26, 27, 28, 29, 31, 32, 36, 
      40, 41 ], 
  [ 2, 4, 6, 8, 9, 11, 13, 14, 15, 20, 21, 24, 25, 27, 31, 33, 36, 37, 38, 
      40, 41 ], 
  [ 2, 4, 6, 8, 9, 11, 13, 15, 20, 23, 24, 25, 26, 30, 33, 34, 35, 36, 38, 
      40, 41 ], 
  [ 2, 4, 6, 8, 9, 11, 14, 15, 21, 23, 24, 25, 26, 27, 28, 29, 31, 34, 38, 
      39, 41 ], 
  [ 2, 4, 6, 8, 9, 11, 13, 14, 15, 20, 21, 23, 24, 25, 26, 27, 29, 31, 34, 
      38, 39 ], 
  [ 3, 4, 6, 8, 9, 11, 15, 20, 22, 23, 24, 25, 26, 28, 29, 31, 34, 35, 38, 
      39, 41 ], 
  [ 3, 4, 6, 8, 9, 11, 15, 20, 22, 23, 24, 26, 29, 31, 32, 34, 35, 36, 38, 
      40, 41 ], 
  [ 1, 2, 7, 8, 9, 11, 13, 14, 18, 19, 24, 25, 26, 27, 29, 31, 32, 36, 38, 
      40, 41 ], 
  [ 2, 4, 7, 8, 9, 11, 13, 15, 19, 23, 24, 26, 29, 31, 32, 34, 35, 36, 38, 
      40, 41 ], 
  [ 1, 2, 5, 7, 9, 10, 13, 14, 15, 18, 19, 21, 22, 24, 27, 28, 30, 33, 36, 
      37, 40, 41 ], 
  [ 1, 3, 5, 7, 9, 10, 13, 14, 18, 19, 20, 21, 22, 24, 27, 30, 33, 36, 37, 
      38, 40, 41 ], 
  [ 1, 3, 5, 7, 9, 10, 13, 16, 17, 18, 19, 20, 22, 23, 24, 26, 30, 33, 35, 
      38, 40, 41 ], 
  [ 1, 3, 5, 7, 9, 10, 13, 14, 16, 18, 19, 20, 21, 22, 23, 24, 30, 33, 37, 
      38, 40, 41 ], 
  [ 3, 4, 5, 7, 9, 10, 13, 18, 19, 20, 21, 22, 24, 27, 29, 31, 32, 36, 37, 
      38, 40, 41 ], 
  [ 2, 4, 6, 8, 9, 10, 13, 18, 20, 23, 24, 25, 26, 29, 31, 32, 34, 35, 36, 
      38, 40, 41 ], 
  [ 2, 4, 6, 8, 9, 10, 13, 15, 20, 22, 23, 24, 26, 29, 31, 32, 34, 35, 36, 
      38, 40, 41 ], 
  [ 3, 4, 6, 8, 9, 10, 18, 20, 22, 24, 25, 26, 27, 28, 29, 31, 34, 35, 36, 
      38, 39, 41 ], 
  [ 3, 4, 6, 8, 9, 10, 18, 20, 22, 23, 24, 25, 26, 28, 29, 31, 32, 34, 35, 
      36, 40, 41 ], 
  [ 3, 4, 6, 8, 9, 10, 14, 20, 21, 22, 23, 24, 26, 27, 29, 31, 32, 34, 36, 
      38, 40, 41 ], 
  [ 1, 2, 7, 8, 9, 10, 13, 14, 15, 18, 19, 22, 24, 26, 27, 28, 29, 31, 32, 
      36, 40, 41 ], 
  [ 1, 3, 7, 8, 9, 10, 13, 14, 18, 19, 20, 22, 24, 26, 27, 29, 31, 32, 36, 
      38, 40, 41 ], 
  [ 1, 3, 7, 8, 9, 10, 13, 14, 18, 19, 20, 22, 24, 30, 31, 33, 35, 36, 37, 
      38, 40, 41 ], 
  [ 2, 4, 7, 8, 9, 10, 13, 15, 19, 22, 23, 24, 26, 29, 31, 32, 34, 35, 36, 
      38, 40, 41 ], 
  [ 2, 4, 7, 8, 9, 10, 13, 15, 18, 19, 22, 23, 24, 26, 28, 29, 31, 34, 35, 
      38, 39, 41 ], 
  [ 3, 4, 7, 8, 9, 10, 13, 14, 18, 19, 20, 21, 22, 24, 27, 31, 33, 36, 37, 
      38, 40, 41 ], 
  [ 3, 4, 7, 8, 9, 10, 13, 18, 19, 20, 22, 23, 24, 26, 30, 33, 34, 35, 36, 
      38, 40, 41 ], 
  [ 3, 4, 7, 8, 9, 10, 14, 18, 19, 21, 22, 23, 24, 26, 27, 28, 29, 31, 34, 
      38, 39, 41 ], 
  [ 3, 4, 7, 8, 9, 10, 13, 14, 18, 19, 20, 21, 22, 23, 24, 26, 27, 29, 31, 
      34, 38, 39 ], 
  [ 1, 2, 5, 6, 9, 11, 15, 17, 24, 25, 26, 27, 28, 30, 33, 35, 36, 37, 38, 
      39, 40, 41 ], 
  [ 1, 2, 5, 6, 9, 11, 13, 15, 17, 20, 24, 25, 26, 27, 30, 33, 35, 36, 37, 
      38, 39, 40 ], 
  [ 1, 2, 5, 6, 9, 11, 13, 14, 15, 20, 21, 24, 25, 27, 29, 31, 32, 36, 37, 
      38, 40, 41 ], 
  [ 1, 2, 5, 6, 9, 11, 15, 16, 17, 23, 24, 25, 26, 28, 30, 33, 35, 37, 38, 
      39, 40, 41 ], 
  [ 1, 2, 5, 6, 9, 11, 13, 15, 16, 17, 20, 23, 24, 25, 26, 30, 33, 35, 37, 
      38, 39, 40 ], 
  [ 2, 4, 5, 6, 9, 11, 13, 15, 17, 20, 23, 24, 25, 26, 29, 32, 34, 35, 36, 
      38, 40, 41 ], 
  [ 2, 4, 5, 6, 9, 11, 13, 15, 17, 20, 23, 24, 25, 26, 30, 33, 34, 35, 36, 
      38, 40, 41 ], 
  [ 2, 4, 5, 6, 9, 11, 13, 15, 20, 21, 23, 24, 25, 30, 33, 34, 35, 36, 37, 
      38, 40, 41 ], 
  [ 1, 2, 5, 7, 9, 11, 13, 14, 15, 18, 19, 21, 24, 25, 27, 28, 30, 33, 36, 
      37, 40, 41 ], 
  [ 1, 3, 5, 7, 9, 11, 13, 14, 18, 19, 20, 21, 24, 25, 27, 30, 33, 36, 37, 
      38, 40, 41 ], 
  [ 1, 3, 5, 7, 9, 11, 13, 14, 15, 19, 20, 21, 22, 24, 27, 30, 33, 36, 37, 
      38, 40, 41 ], 
  [ 1, 2, 6, 8, 9, 11, 14, 15, 24, 25, 26, 27, 28, 29, 30, 31, 34, 35, 36, 
      38, 39, 41 ], 
  [ 1, 2, 6, 8, 9, 11, 13, 14, 15, 20, 24, 25, 26, 27, 29, 30, 31, 34, 35, 
      36, 38, 39 ], 
  [ 1, 2, 6, 8, 9, 11, 14, 15, 16, 23, 24, 25, 26, 28, 29, 30, 31, 34, 35, 
      38, 39, 41 ], 
  [ 1, 2, 6, 8, 9, 11, 13, 14, 15, 16, 20, 23, 24, 25, 30, 31, 33, 35, 37, 
      38, 40, 41 ], 
  [ 1, 2, 6, 8, 9, 11, 13, 14, 15, 16, 20, 23, 24, 25, 26, 29, 30, 31, 34, 
      35, 38, 39 ], 
  [ 2, 4, 6, 8, 9, 11, 13, 15, 20, 23, 24, 25, 26, 29, 31, 32, 34, 35, 36, 
      38, 40, 41 ], 
  [ 2, 4, 6, 8, 9, 11, 14, 15, 21, 23, 24, 25, 26, 27, 28, 29, 31, 32, 34, 
      36, 40, 41 ], 
  [ 3, 4, 6, 8, 9, 11, 15, 20, 22, 24, 25, 26, 27, 28, 29, 31, 34, 35, 36, 
      38, 39, 41 ], 
  [ 3, 4, 6, 8, 9, 11, 14, 20, 21, 23, 24, 25, 26, 27, 29, 31, 32, 34, 36, 
      38, 40, 41 ], 
  [ 3, 4, 6, 8, 9, 11, 15, 20, 22, 23, 24, 25, 26, 28, 29, 31, 32, 34, 35, 
      36, 40, 41 ], 
  [ 1, 2, 7, 8, 9, 11, 13, 14, 15, 18, 19, 24, 25, 26, 27, 28, 29, 31, 32, 
      36, 40, 41 ], 
  [ 1, 3, 7, 8, 9, 11, 13, 14, 18, 19, 20, 24, 25, 26, 27, 29, 31, 32, 36, 
      38, 40, 41 ], 
  [ 1, 3, 7, 8, 9, 11, 13, 14, 15, 19, 20, 22, 24, 26, 27, 29, 31, 32, 36, 
      38, 40, 41 ], 
  [ 2, 4, 7, 8, 9, 11, 13, 18, 19, 23, 24, 25, 26, 29, 31, 32, 34, 35, 36, 
      38, 40, 41 ], 
  [ 2, 4, 7, 8, 9, 11, 13, 15, 18, 19, 23, 24, 25, 26, 28, 29, 31, 34, 35, 
      38, 39, 41 ], 
  [ 1, 2, 5, 6, 9, 10, 13, 14, 15, 18, 20, 21, 22, 24, 25, 27, 28, 30, 33, 
      36, 37, 40, 41 ], 
  [ 1, 3, 5, 7, 9, 10, 17, 18, 19, 22, 24, 26, 27, 28, 30, 33, 35, 36, 37, 
      38, 39, 40, 41 ], 
  [ 1, 3, 5, 7, 9, 10, 13, 17, 18, 19, 20, 22, 24, 26, 27, 30, 33, 35, 36, 
      37, 38, 39, 40 ], 
  [ 1, 3, 5, 7, 9, 10, 13, 14, 18, 19, 20, 21, 22, 24, 27, 29, 31, 32, 36, 
      37, 38, 40, 41 ], 
  [ 1, 3, 5, 7, 9, 10, 16, 17, 18, 19, 22, 23, 24, 26, 28, 30, 33, 35, 37, 
      38, 39, 40, 41 ], 
  [ 1, 3, 5, 7, 9, 10, 13, 16, 17, 18, 19, 20, 22, 23, 24, 26, 30, 33, 35, 
      37, 38, 39, 40 ], 
  [ 3, 4, 5, 7, 9, 10, 13, 17, 18, 19, 20, 22, 23, 24, 26, 29, 32, 34, 35, 
      36, 38, 40, 41 ], 
  [ 3, 4, 5, 7, 9, 10, 13, 17, 18, 19, 20, 22, 23, 24, 26, 30, 33, 34, 35, 
      36, 38, 40, 41 ], 
  [ 3, 4, 5, 7, 9, 10, 13, 18, 19, 20, 21, 22, 23, 24, 30, 33, 34, 35, 36, 
      37, 38, 40, 41 ], 
  [ 1, 2, 6, 8, 9, 10, 13, 14, 15, 18, 20, 22, 24, 25, 26, 27, 28, 29, 31, 
      32, 36, 40, 41 ], 
  [ 1, 3, 6, 8, 9, 10, 14, 16, 20, 22, 23, 24, 26, 29, 30, 31, 32, 34, 35, 
      36, 38, 40, 41 ], 
  [ 2, 4, 6, 8, 9, 10, 13, 15, 18, 20, 22, 23, 24, 25, 26, 28, 29, 31, 34, 
      35, 38, 39, 41 ], 
  [ 3, 4, 6, 8, 9, 10, 14, 18, 20, 21, 23, 24, 25, 26, 27, 29, 31, 32, 34, 
      36, 38, 40, 41 ], 
  [ 3, 4, 6, 8, 9, 10, 14, 18, 20, 21, 22, 23, 24, 25, 26, 27, 28, 29, 31, 
      34, 38, 39, 41 ], 
  [ 1, 3, 7, 8, 9, 10, 14, 18, 19, 22, 24, 26, 27, 28, 29, 30, 31, 34, 35, 
      36, 38, 39, 41 ], 
  [ 1, 3, 7, 8, 9, 10, 13, 14, 18, 19, 20, 22, 24, 26, 27, 29, 30, 31, 34, 
      35, 36, 38, 39 ], 
  [ 1, 3, 7, 8, 9, 10, 14, 16, 18, 19, 22, 23, 24, 26, 28, 29, 30, 31, 34, 
      35, 38, 39, 41 ], 
  [ 1, 3, 7, 8, 9, 10, 13, 14, 16, 18, 19, 20, 22, 23, 24, 30, 31, 33, 35, 
      37, 38, 40, 41 ], 
  [ 1, 3, 7, 8, 9, 10, 13, 14, 16, 18, 19, 20, 22, 23, 24, 26, 29, 30, 31, 
      34, 35, 38, 39 ], 
  [ 2, 4, 7, 8, 9, 10, 13, 15, 18, 19, 22, 24, 26, 27, 28, 29, 31, 34, 35, 
      36, 38, 39, 41 ], 
  [ 2, 4, 7, 8, 9, 10, 13, 14, 18, 19, 21, 23, 24, 26, 27, 29, 31, 32, 34, 
      36, 38, 40, 41 ], 
  [ 2, 4, 7, 8, 9, 10, 13, 15, 18, 19, 22, 23, 24, 26, 28, 29, 31, 32, 34, 
      35, 36, 40, 41 ], 
  [ 3, 4, 7, 8, 9, 10, 13, 18, 19, 20, 22, 23, 24, 26, 29, 31, 32, 34, 35, 
      36, 38, 40, 41 ], 
  [ 3, 4, 7, 8, 9, 10, 14, 18, 19, 21, 22, 23, 24, 26, 27, 28, 29, 31, 32, 
      34, 36, 40, 41 ], 
  [ 1, 2, 5, 6, 9, 11, 13, 14, 15, 16, 17, 20, 21, 23, 24, 25, 26, 27, 30, 
      33, 38, 40, 41 ], 
  [ 2, 4, 5, 6, 9, 11, 13, 15, 20, 21, 23, 24, 25, 29, 31, 32, 34, 35, 36, 
      37, 38, 40, 41 ], 
  [ 2, 4, 5, 6, 9, 11, 13, 15, 17, 20, 21, 23, 24, 25, 26, 27, 29, 32, 34, 
      36, 38, 40, 41 ], 
  [ 2, 4, 5, 6, 9, 11, 13, 15, 17, 20, 21, 23, 24, 25, 26, 27, 30, 33, 34, 
      36, 38, 40, 41 ], 
  [ 1, 2, 6, 8, 9, 11, 14, 15, 24, 25, 26, 27, 28, 30, 31, 33, 35, 36, 37, 
      38, 39, 40, 41 ], 
  [ 1, 2, 6, 8, 9, 11, 13, 14, 15, 20, 24, 25, 26, 27, 30, 31, 33, 35, 36, 
      37, 38, 39, 40 ], 
  [ 1, 2, 6, 8, 9, 11, 14, 15, 16, 23, 24, 25, 26, 28, 30, 31, 33, 35, 37, 
      38, 39, 40, 41 ], 
  [ 1, 2, 6, 8, 9, 11, 14, 15, 16, 23, 24, 25, 26, 28, 29, 30, 31, 32, 34, 
      35, 36, 40, 41 ], 
  [ 1, 2, 6, 8, 9, 11, 13, 14, 15, 16, 20, 23, 24, 25, 26, 30, 31, 33, 35, 
      37, 38, 39, 40 ], 
  [ 1, 3, 6, 8, 9, 11, 14, 16, 20, 23, 24, 25, 26, 29, 30, 31, 32, 34, 35, 
      36, 38, 40, 41 ], 
  [ 2, 4, 6, 8, 9, 11, 13, 14, 15, 20, 21, 23, 24, 25, 26, 27, 30, 33, 34, 
      36, 38, 40, 41 ], 
  [ 3, 4, 6, 8, 9, 11, 14, 15, 20, 21, 22, 23, 24, 25, 26, 27, 28, 29, 31, 
      34, 38, 39, 41 ], 
  [ 3, 4, 6, 8, 9, 11, 14, 15, 20, 21, 22, 23, 24, 26, 27, 29, 31, 32, 34, 
      36, 38, 40, 41 ], 
  [ 2, 4, 7, 8, 9, 11, 13, 15, 18, 19, 24, 25, 26, 27, 28, 29, 31, 34, 35, 
      36, 38, 39, 41 ], 
  [ 2, 4, 7, 8, 9, 11, 13, 15, 18, 19, 23, 24, 25, 26, 28, 29, 31, 32, 34, 
      35, 36, 40, 41 ], 
  [ 2, 4, 7, 8, 9, 11, 13, 14, 15, 19, 21, 23, 24, 26, 27, 29, 31, 32, 34, 
      36, 38, 40, 41 ], 
  [ 3, 4, 7, 8, 9, 11, 13, 18, 19, 20, 23, 24, 25, 26, 29, 31, 32, 34, 35, 
      36, 38, 40, 41 ], 
  [ 3, 4, 7, 8, 9, 11, 13, 15, 19, 20, 22, 23, 24, 26, 29, 31, 32, 34, 35, 
      36, 38, 40, 41 ], 
  [ 1, 3, 5, 6, 9, 10, 17, 18, 20, 22, 24, 25, 26, 27, 28, 30, 33, 35, 36, 
      37, 38, 39, 40, 41 ], 
  [ 1, 3, 5, 6, 9, 10, 16, 17, 18, 20, 22, 23, 24, 25, 26, 28, 30, 33, 35, 
      37, 38, 39, 40, 41 ], 
  [ 1, 3, 5, 7, 9, 10, 13, 14, 16, 17, 18, 19, 20, 21, 22, 23, 24, 26, 27, 
      30, 33, 38, 40, 41 ], 
  [ 3, 4, 5, 7, 9, 10, 13, 18, 19, 20, 21, 22, 23, 24, 29, 31, 32, 34, 35, 
      36, 37, 38, 40, 41 ], 
  [ 3, 4, 5, 7, 9, 10, 13, 17, 18, 19, 20, 21, 22, 23, 24, 26, 27, 29, 32, 
      34, 36, 38, 40, 41 ], 
  [ 3, 4, 5, 7, 9, 10, 13, 17, 18, 19, 20, 21, 22, 23, 24, 26, 27, 30, 33, 
      34, 36, 38, 40, 41 ], 
  [ 1, 3, 6, 8, 9, 10, 14, 18, 20, 22, 24, 25, 26, 27, 28, 29, 30, 31, 34, 
      35, 36, 38, 39, 41 ], 
  [ 1, 3, 6, 8, 9, 10, 14, 16, 18, 20, 23, 24, 25, 26, 29, 30, 31, 32, 34, 
      35, 36, 38, 40, 41 ], 
  [ 1, 3, 6, 8, 9, 10, 14, 16, 18, 20, 22, 23, 24, 25, 26, 28, 29, 30, 31, 
      34, 35, 38, 39, 41 ], 
  [ 2, 4, 6, 8, 9, 10, 13, 15, 18, 20, 22, 24, 25, 26, 27, 28, 29, 31, 34, 
      35, 36, 38, 39, 41 ], 
  [ 2, 4, 6, 8, 9, 10, 13, 14, 18, 20, 21, 23, 24, 25, 26, 27, 29, 31, 32, 
      34, 36, 38, 40, 41 ], 
  [ 2, 4, 6, 8, 9, 10, 13, 15, 18, 20, 22, 23, 24, 25, 26, 28, 29, 31, 32, 
      34, 35, 36, 40, 41 ], 
  [ 2, 4, 6, 8, 9, 10, 13, 14, 15, 20, 21, 22, 23, 24, 26, 27, 29, 31, 32, 
      34, 36, 38, 40, 41 ], 
  [ 3, 4, 6, 8, 9, 10, 14, 18, 20, 21, 22, 23, 24, 25, 26, 27, 28, 29, 31, 
      32, 34, 36, 40, 41 ], 
  [ 1, 2, 7, 8, 9, 10, 13, 14, 16, 18, 19, 23, 24, 26, 29, 30, 31, 32, 34, 
      35, 36, 38, 40, 41 ], 
  [ 1, 3, 7, 8, 9, 10, 14, 18, 19, 22, 24, 26, 27, 28, 30, 31, 33, 35, 36, 
      37, 38, 39, 40, 41 ], 
  [ 1, 3, 7, 8, 9, 10, 13, 14, 18, 19, 20, 22, 24, 26, 27, 30, 31, 33, 35, 
      36, 37, 38, 39, 40 ], 
  [ 1, 3, 7, 8, 9, 10, 14, 16, 18, 19, 22, 23, 24, 26, 28, 30, 31, 33, 35, 
      37, 38, 39, 40, 41 ], 
  [ 1, 3, 7, 8, 9, 10, 14, 16, 18, 19, 22, 23, 24, 26, 28, 29, 30, 31, 32, 
      34, 35, 36, 40, 41 ], 
  [ 1, 3, 7, 8, 9, 10, 13, 14, 16, 18, 19, 20, 22, 23, 24, 26, 30, 31, 33, 
      35, 37, 38, 39, 40 ], 
  [ 2, 4, 7, 8, 9, 10, 13, 14, 15, 19, 21, 22, 23, 24, 26, 27, 29, 31, 32, 
      34, 36, 38, 40, 41 ], 
  [ 2, 4, 7, 8, 9, 10, 13, 14, 15, 18, 19, 21, 22, 23, 24, 26, 27, 28, 29, 
      31, 34, 38, 39, 41 ], 
  [ 3, 4, 7, 8, 9, 10, 13, 14, 18, 19, 20, 21, 22, 23, 24, 26, 27, 30, 33, 
      34, 36, 38, 40, 41 ], 
  [ 1, 2, 5, 6, 9, 11, 13, 15, 16, 17, 20, 23, 24, 25, 26, 29, 30, 32, 34, 
      35, 36, 38, 40, 41 ], 
  [ 1, 2, 5, 6, 9, 11, 14, 15, 16, 17, 21, 23, 24, 25, 26, 27, 28, 30, 33, 
      37, 38, 39, 40, 41 ], 
  [ 1, 2, 5, 6, 9, 11, 13, 14, 15, 16, 17, 20, 21, 23, 24, 25, 26, 27, 30, 
      33, 37, 38, 39, 40 ], 
  [ 1, 3, 5, 6, 9, 11, 15, 17, 20, 22, 24, 25, 26, 27, 28, 30, 33, 35, 36, 
      37, 38, 39, 40, 41 ], 
  [ 1, 3, 5, 6, 9, 11, 15, 16, 17, 20, 22, 23, 24, 25, 26, 28, 30, 33, 35, 
      37, 38, 39, 40, 41 ], 
  [ 1, 3, 5, 7, 9, 11, 13, 14, 15, 18, 19, 20, 21, 22, 24, 25, 27, 28, 30, 
      33, 36, 37, 40, 41 ], 
  [ 1, 3, 6, 8, 9, 11, 14, 15, 20, 22, 24, 25, 26, 27, 28, 29, 30, 31, 34, 
      35, 36, 38, 39, 41 ], 
  [ 1, 3, 6, 8, 9, 11, 14, 15, 16, 20, 22, 23, 24, 25, 26, 28, 29, 30, 31, 
      34, 35, 38, 39, 41 ], 
  [ 1, 3, 6, 8, 9, 11, 14, 15, 16, 20, 22, 23, 24, 26, 29, 30, 31, 32, 34, 
      35, 36, 38, 40, 41 ], 
  [ 2, 4, 6, 8, 9, 11, 13, 14, 15, 20, 21, 23, 24, 25, 26, 27, 29, 31, 32, 
      34, 36, 38, 40, 41 ], 
  [ 2, 4, 6, 8, 9, 11, 13, 14, 15, 20, 21, 23, 24, 25, 30, 31, 33, 34, 35, 
      36, 37, 38, 40, 41 ], 
  [ 3, 4, 6, 8, 9, 11, 14, 15, 20, 21, 22, 23, 24, 25, 26, 27, 28, 29, 31, 
      32, 34, 36, 40, 41 ], 
  [ 1, 2, 7, 8, 9, 11, 13, 14, 15, 16, 19, 23, 24, 26, 29, 30, 31, 32, 34, 
      35, 36, 38, 40, 41 ], 
  [ 1, 3, 7, 8, 9, 11, 13, 14, 15, 18, 19, 20, 22, 24, 25, 26, 27, 28, 29, 
      31, 32, 36, 40, 41 ], 
  [ 2, 4, 7, 8, 9, 11, 13, 14, 18, 19, 21, 23, 24, 25, 26, 27, 29, 31, 32, 
      34, 36, 38, 40, 41 ], 
  [ 2, 4, 7, 8, 9, 11, 13, 14, 15, 18, 19, 21, 23, 24, 25, 26, 27, 28, 29, 
      31, 34, 38, 39, 41 ], 
  [ 3, 4, 7, 8, 9, 11, 13, 15, 18, 19, 20, 22, 23, 24, 25, 26, 28, 29, 31, 
      34, 35, 38, 39, 41 ], 
  [ 1, 2, 5, 7, 9, 10, 13, 15, 17, 18, 19, 22, 24, 26, 27, 28, 30, 33, 35, 
      36, 37, 38, 39, 40, 41 ], 
  [ 1, 2, 5, 7, 9, 10, 13, 15, 16, 17, 18, 19, 22, 23, 24, 26, 28, 30, 33, 
      35, 37, 38, 39, 40, 41 ], 
  [ 1, 3, 5, 7, 9, 10, 13, 16, 17, 18, 19, 20, 22, 23, 24, 26, 29, 30, 32, 
      34, 35, 36, 38, 40, 41 ], 
  [ 1, 3, 5, 7, 9, 10, 14, 16, 17, 18, 19, 21, 22, 23, 24, 26, 27, 28, 30, 
      33, 37, 38, 39, 40, 41 ], 
  [ 1, 3, 5, 7, 9, 10, 13, 14, 16, 17, 18, 19, 20, 21, 22, 23, 24, 26, 27, 
      30, 33, 37, 38, 39, 40 ], 
  [ 1, 2, 6, 8, 9, 10, 13, 14, 16, 18, 20, 23, 24, 25, 26, 29, 30, 31, 32, 
      34, 35, 36, 38, 40, 41 ], 
  [ 1, 2, 6, 8, 9, 10, 13, 14, 15, 16, 20, 22, 23, 24, 26, 29, 30, 31, 32, 
      34, 35, 36, 38, 40, 41 ], 
  [ 1, 3, 6, 8, 9, 10, 14, 18, 20, 22, 24, 25, 26, 27, 28, 30, 31, 33, 35, 
      36, 37, 38, 39, 40, 41 ], 
  [ 1, 3, 6, 8, 9, 10, 14, 16, 18, 20, 22, 23, 24, 25, 26, 28, 30, 31, 33, 
      35, 37, 38, 39, 40, 41 ], 
  [ 1, 3, 6, 8, 9, 10, 14, 16, 18, 20, 22, 23, 24, 25, 26, 28, 29, 30, 31, 
      32, 34, 35, 36, 40, 41 ], 
  [ 2, 4, 6, 8, 9, 10, 13, 14, 15, 18, 20, 21, 22, 23, 24, 25, 26, 27, 28, 
      29, 31, 34, 38, 39, 41 ], 
  [ 1, 2, 7, 8, 9, 10, 13, 14, 15, 18, 19, 22, 24, 26, 27, 28, 29, 30, 31, 
      34, 35, 36, 38, 39, 41 ], 
  [ 1, 2, 7, 8, 9, 10, 13, 14, 15, 16, 19, 22, 23, 24, 26, 29, 30, 31, 32, 
      34, 35, 36, 38, 40, 41 ], 
  [ 1, 2, 7, 8, 9, 10, 13, 14, 15, 16, 18, 19, 22, 23, 24, 26, 28, 29, 30, 
      31, 34, 35, 38, 39, 41 ], 
  [ 2, 4, 7, 8, 9, 10, 13, 14, 15, 18, 19, 21, 22, 23, 24, 26, 27, 28, 29, 
      31, 32, 34, 36, 40, 41 ], 
  [ 3, 4, 7, 8, 9, 10, 13, 14, 18, 19, 20, 21, 22, 23, 24, 26, 27, 29, 31, 
      32, 34, 36, 38, 40, 41 ], 
  [ 3, 4, 7, 8, 9, 10, 13, 14, 18, 19, 20, 21, 22, 23, 24, 30, 31, 33, 34, 
      35, 36, 37, 38, 40, 41 ], 
  [ 2, 4, 5, 6, 9, 11, 15, 17, 21, 23, 24, 25, 26, 27, 28, 30, 33, 34, 35, 
      36, 37, 38, 39, 40, 41 ], 
  [ 2, 4, 5, 6, 9, 11, 13, 15, 17, 20, 21, 23, 24, 25, 26, 27, 30, 33, 34, 
      35, 36, 37, 38, 39, 40 ], 
  [ 1, 2, 5, 7, 9, 11, 13, 15, 17, 18, 19, 24, 25, 26, 27, 28, 30, 33, 35, 
      36, 37, 38, 39, 40, 41 ], 
  [ 1, 2, 5, 7, 9, 11, 13, 15, 16, 17, 18, 19, 23, 24, 25, 26, 28, 30, 33, 
      35, 37, 38, 39, 40, 41 ], 
  [ 1, 2, 6, 8, 9, 11, 13, 14, 15, 16, 20, 23, 24, 25, 26, 29, 30, 31, 32, 
      34, 35, 36, 38, 40, 41 ], 
  [ 1, 3, 6, 8, 9, 11, 14, 15, 20, 22, 24, 25, 26, 27, 28, 30, 31, 33, 35, 
      36, 37, 38, 39, 40, 41 ], 
  [ 1, 3, 6, 8, 9, 11, 14, 15, 16, 20, 22, 23, 24, 25, 26, 28, 30, 31, 33, 
      35, 37, 38, 39, 40, 41 ], 
  [ 1, 3, 6, 8, 9, 11, 14, 15, 16, 20, 22, 23, 24, 25, 26, 28, 29, 30, 31, 
      32, 34, 35, 36, 40, 41 ], 
  [ 1, 2, 7, 8, 9, 11, 13, 14, 15, 18, 19, 24, 25, 26, 27, 28, 29, 30, 31, 
      34, 35, 36, 38, 39, 41 ], 
  [ 1, 2, 7, 8, 9, 11, 13, 14, 16, 18, 19, 23, 24, 25, 26, 29, 30, 31, 32, 
      34, 35, 36, 38, 40, 41 ], 
  [ 1, 2, 7, 8, 9, 11, 13, 14, 15, 16, 18, 19, 23, 24, 25, 26, 28, 29, 30, 
      31, 34, 35, 38, 39, 41 ], 
  [ 2, 4, 7, 8, 9, 11, 13, 14, 15, 18, 19, 21, 23, 24, 25, 26, 27, 28, 29, 
      31, 32, 34, 36, 40, 41 ], 
  [ 3, 4, 7, 8, 9, 11, 13, 15, 18, 19, 20, 22, 24, 25, 26, 27, 28, 29, 31, 
      34, 35, 36, 38, 39, 41 ], 
  [ 3, 4, 7, 8, 9, 11, 13, 14, 18, 19, 20, 21, 23, 24, 25, 26, 27, 29, 31, 
      32, 34, 36, 38, 40, 41 ], 
  [ 3, 4, 7, 8, 9, 11, 13, 15, 18, 19, 20, 22, 23, 24, 25, 26, 28, 29, 31, 
      32, 34, 35, 36, 40, 41 ], 
  [ 3, 4, 7, 8, 9, 11, 13, 14, 15, 19, 20, 21, 22, 23, 24, 26, 27, 29, 31, 
      32, 34, 36, 38, 40, 41 ], 
  [ 1, 2, 5, 6, 9, 10, 13, 15, 17, 18, 20, 22, 24, 25, 26, 27, 28, 30, 33, 
      35, 36, 37, 38, 39, 40, 41 ], 
  [ 1, 2, 5, 6, 9, 10, 13, 15, 16, 17, 18, 20, 22, 23, 24, 25, 26, 28, 30, 
      33, 35, 37, 38, 39, 40, 41 ], 
  [ 1, 3, 5, 6, 9, 10, 14, 16, 17, 18, 20, 21, 22, 23, 24, 25, 26, 27, 28, 
      30, 33, 37, 38, 39, 40, 41 ], 
  [ 3, 4, 5, 7, 9, 10, 17, 18, 19, 21, 22, 23, 24, 26, 27, 28, 30, 33, 34, 
      35, 36, 37, 38, 39, 40, 41 ], 
  [ 3, 4, 5, 7, 9, 10, 13, 17, 18, 19, 20, 21, 22, 23, 24, 26, 27, 30, 33, 
      34, 35, 36, 37, 38, 39, 40 ], 
  [ 1, 2, 6, 8, 9, 10, 13, 14, 15, 18, 20, 22, 24, 25, 26, 27, 28, 29, 30, 
      31, 34, 35, 36, 38, 39, 41 ], 
  [ 1, 2, 6, 8, 9, 10, 13, 14, 15, 16, 18, 20, 22, 23, 24, 25, 26, 28, 29, 
      30, 31, 34, 35, 38, 39, 41 ], 
  [ 2, 4, 6, 8, 9, 10, 13, 14, 15, 18, 20, 21, 22, 23, 24, 25, 26, 27, 28, 
      29, 31, 32, 34, 36, 40, 41 ], 
  [ 1, 2, 7, 8, 9, 10, 13, 14, 15, 18, 19, 22, 24, 26, 27, 28, 30, 31, 33, 
      35, 36, 37, 38, 39, 40, 41 ], 
  [ 1, 2, 7, 8, 9, 10, 13, 14, 15, 16, 18, 19, 22, 23, 24, 26, 28, 30, 31, 
      33, 35, 37, 38, 39, 40, 41 ], 
  [ 1, 2, 7, 8, 9, 10, 13, 14, 15, 16, 18, 19, 22, 23, 24, 26, 28, 29, 30, 
      31, 32, 34, 35, 36, 40, 41 ], 
  [ 1, 3, 7, 8, 9, 10, 13, 14, 16, 18, 19, 20, 22, 23, 24, 26, 29, 30, 31, 
      32, 34, 35, 36, 38, 40, 41 ], 
  [ 1, 2, 5, 6, 9, 11, 13, 14, 15, 16, 20, 21, 23, 24, 25, 29, 30, 31, 32, 
      34, 35, 36, 37, 38, 40, 41 ], 
  [ 1, 2, 5, 6, 9, 11, 13, 14, 15, 16, 17, 20, 21, 23, 24, 25, 26, 27, 29, 
      30, 32, 34, 36, 38, 40, 41 ], 
  [ 1, 3, 5, 6, 9, 11, 14, 15, 16, 17, 20, 21, 22, 23, 24, 25, 26, 27, 28, 
      30, 33, 37, 38, 39, 40, 41 ], 
  [ 2, 4, 5, 6, 9, 11, 15, 17, 21, 23, 24, 25, 26, 27, 28, 29, 31, 32, 34, 
      35, 36, 37, 38, 39, 40, 41 ], 
  [ 2, 4, 5, 6, 9, 11, 13, 15, 17, 20, 21, 23, 24, 25, 26, 27, 29, 31, 32, 
      34, 35, 36, 37, 38, 39, 40 ], 
  [ 2, 4, 6, 8, 9, 11, 14, 15, 21, 23, 24, 25, 26, 27, 28, 30, 31, 33, 34, 
      35, 36, 37, 38, 39, 40, 41 ], 
  [ 2, 4, 6, 8, 9, 11, 13, 14, 15, 20, 21, 23, 24, 25, 26, 27, 30, 31, 33, 
      34, 35, 36, 37, 38, 39, 40 ], 
  [ 1, 2, 7, 8, 9, 11, 13, 14, 15, 18, 19, 24, 25, 26, 27, 28, 30, 31, 33, 
      35, 36, 37, 38, 39, 40, 41 ], 
  [ 1, 2, 7, 8, 9, 11, 13, 14, 15, 16, 18, 19, 23, 24, 25, 26, 28, 30, 31, 
      33, 35, 37, 38, 39, 40, 41 ], 
  [ 1, 2, 7, 8, 9, 11, 13, 14, 15, 16, 18, 19, 23, 24, 25, 26, 28, 29, 30, 
      31, 32, 34, 35, 36, 40, 41 ], 
  [ 1, 3, 7, 8, 9, 11, 13, 14, 16, 18, 19, 20, 23, 24, 25, 26, 29, 30, 31, 
      32, 34, 35, 36, 38, 40, 41 ], 
  [ 1, 3, 7, 8, 9, 11, 13, 14, 15, 16, 19, 20, 22, 23, 24, 26, 29, 30, 31, 
      32, 34, 35, 36, 38, 40, 41 ], 
  [ 3, 4, 7, 8, 9, 11, 13, 14, 15, 18, 19, 20, 21, 22, 23, 24, 25, 26, 27, 
      28, 29, 31, 34, 38, 39, 41 ], 
  [ 3, 4, 5, 6, 9, 10, 17, 18, 20, 21, 22, 23, 24, 25, 26, 27, 28, 30, 33, 
      34, 35, 36, 37, 38, 39, 40, 41 ], 
  [ 1, 2, 5, 7, 9, 10, 13, 14, 15, 16, 17, 18, 19, 21, 22, 23, 24, 26, 27, 
      28, 30, 33, 37, 38, 39, 40, 41 ], 
  [ 1, 3, 5, 7, 9, 10, 13, 14, 16, 18, 19, 20, 21, 22, 23, 24, 29, 30, 31, 
      32, 34, 35, 36, 37, 38, 40, 41 ], 
  [ 1, 3, 5, 7, 9, 10, 13, 14, 16, 17, 18, 19, 20, 21, 22, 23, 24, 26, 27, 
      29, 30, 32, 34, 36, 38, 40, 41 ], 
  [ 3, 4, 5, 7, 9, 10, 17, 18, 19, 21, 22, 23, 24, 26, 27, 28, 29, 31, 32, 
      34, 35, 36, 37, 38, 39, 40, 41 ], 
  [ 3, 4, 5, 7, 9, 10, 13, 17, 18, 19, 20, 21, 22, 23, 24, 26, 27, 29, 31, 
      32, 34, 35, 36, 37, 38, 39, 40 ], 
  [ 1, 2, 6, 8, 9, 10, 13, 14, 15, 18, 20, 22, 24, 25, 26, 27, 28, 30, 31, 
      33, 35, 36, 37, 38, 39, 40, 41 ], 
  [ 1, 2, 6, 8, 9, 10, 13, 14, 15, 16, 18, 20, 22, 23, 24, 25, 26, 28, 30, 
      31, 33, 35, 37, 38, 39, 40, 41 ], 
  [ 1, 2, 6, 8, 9, 10, 13, 14, 15, 16, 18, 20, 22, 23, 24, 25, 26, 28, 29, 
      30, 31, 32, 34, 35, 36, 40, 41 ], 
  [ 3, 4, 7, 8, 9, 10, 14, 18, 19, 21, 22, 23, 24, 26, 27, 28, 30, 31, 33, 
      34, 35, 36, 37, 38, 39, 40, 41 ], 
  [ 3, 4, 7, 8, 9, 10, 13, 14, 18, 19, 20, 21, 22, 23, 24, 26, 27, 30, 31, 
      33, 34, 35, 36, 37, 38, 39, 40 ], 
  [ 3, 4, 5, 6, 9, 11, 15, 17, 20, 21, 22, 23, 24, 25, 26, 27, 28, 30, 33, 
      34, 35, 36, 37, 38, 39, 40, 41 ], 
  [ 1, 2, 5, 7, 9, 11, 13, 14, 15, 16, 17, 18, 19, 21, 23, 24, 25, 26, 27, 
      28, 30, 33, 37, 38, 39, 40, 41 ], 
  [ 1, 3, 5, 7, 9, 11, 13, 15, 17, 18, 19, 20, 22, 24, 25, 26, 27, 28, 30, 
      33, 35, 36, 37, 38, 39, 40, 41 ], 
  [ 1, 3, 5, 7, 9, 11, 13, 15, 16, 17, 18, 19, 20, 22, 23, 24, 25, 26, 28, 
      30, 33, 35, 37, 38, 39, 40, 41 ], 
  [ 1, 3, 7, 8, 9, 11, 13, 14, 15, 18, 19, 20, 22, 24, 25, 26, 27, 28, 29, 
      30, 31, 34, 35, 36, 38, 39, 41 ], 
  [ 1, 3, 7, 8, 9, 11, 13, 14, 15, 16, 18, 19, 20, 22, 23, 24, 25, 26, 28, 
      29, 30, 31, 34, 35, 38, 39, 41 ], 
  [ 3, 4, 7, 8, 9, 11, 13, 14, 15, 18, 19, 20, 21, 22, 23, 24, 25, 26, 27, 
      28, 29, 31, 32, 34, 36, 40, 41 ], 
  [ 1, 2, 5, 6, 9, 10, 13, 14, 15, 16, 17, 18, 20, 21, 22, 23, 24, 25, 26, 
      27, 28, 30, 33, 37, 38, 39, 40, 41 ], 
  [ 3, 4, 5, 6, 9, 10, 17, 18, 20, 21, 22, 23, 24, 25, 26, 27, 28, 29, 31, 
      32, 34, 35, 36, 37, 38, 39, 40, 41 ], 
  [ 2, 4, 5, 7, 9, 10, 13, 15, 17, 18, 19, 21, 22, 23, 24, 26, 27, 28, 30, 
      33, 34, 35, 36, 37, 38, 39, 40, 41 ], 
  [ 3, 4, 6, 8, 9, 10, 14, 18, 20, 21, 22, 23, 24, 25, 26, 27, 28, 30, 31, 
      33, 34, 35, 36, 37, 38, 39, 40, 41 ], 
  [ 3, 4, 5, 6, 9, 11, 15, 17, 20, 21, 22, 23, 24, 25, 26, 27, 28, 29, 31, 
      32, 34, 35, 36, 37, 38, 39, 40, 41 ], 
  [ 2, 4, 5, 7, 9, 11, 13, 15, 17, 18, 19, 21, 23, 24, 25, 26, 27, 28, 30, 
      33, 34, 35, 36, 37, 38, 39, 40, 41 ], 
  [ 3, 4, 6, 8, 9, 11, 14, 15, 20, 21, 22, 23, 24, 25, 26, 27, 28, 30, 31, 
      33, 34, 35, 36, 37, 38, 39, 40, 41 ], 
  [ 1, 3, 7, 8, 9, 11, 13, 14, 15, 18, 19, 20, 22, 24, 25, 26, 27, 28, 30, 
      31, 33, 35, 36, 37, 38, 39, 40, 41 ], 
  [ 1, 3, 7, 8, 9, 11, 13, 14, 15, 16, 18, 19, 20, 22, 23, 24, 25, 26, 28, 
      30, 31, 33, 35, 37, 38, 39, 40, 41 ], 
  [ 1, 3, 7, 8, 9, 11, 13, 14, 15, 16, 18, 19, 20, 22, 23, 24, 25, 26, 28, 
      29, 30, 31, 32, 34, 35, 36, 40, 41 ], 
  [ 2, 4, 5, 6, 9, 10, 13, 15, 17, 18, 20, 21, 22, 23, 24, 25, 26, 27, 28, 
      30, 33, 34, 35, 36, 37, 38, 39, 40, 41 ], 
  [ 2, 4, 5, 7, 9, 10, 13, 15, 17, 18, 19, 21, 22, 23, 24, 26, 27, 28, 29, 
      31, 32, 34, 35, 36, 37, 38, 39, 40, 41 ], 
  [ 2, 4, 7, 8, 9, 10, 13, 14, 15, 18, 19, 21, 22, 23, 24, 26, 27, 28, 30, 
      31, 33, 34, 35, 36, 37, 38, 39, 40, 41 ], 
  [ 1, 2, 5, 6, 9, 11, 14, 15, 16, 17, 21, 23, 24, 25, 26, 27, 28, 29, 30, 
      31, 32, 34, 35, 36, 37, 38, 39, 40, 41 ], 
  [ 1, 2, 5, 6, 9, 11, 13, 14, 15, 16, 17, 20, 21, 23, 24, 25, 26, 27, 29, 
      30, 31, 32, 34, 35, 36, 37, 38, 39, 40 ], 
  [ 1, 3, 5, 7, 9, 11, 13, 14, 15, 16, 17, 18, 19, 20, 21, 22, 23, 24, 25, 
      26, 27, 28, 30, 33, 37, 38, 39, 40, 41 ], 
  [ 2, 4, 5, 7, 9, 11, 13, 15, 17, 18, 19, 21, 23, 24, 25, 26, 27, 28, 29, 
      31, 32, 34, 35, 36, 37, 38, 39, 40, 41 ], 
  [ 2, 4, 7, 8, 9, 11, 13, 14, 15, 18, 19, 21, 23, 24, 25, 26, 27, 28, 30, 
      31, 33, 34, 35, 36, 37, 38, 39, 40, 41 ], 
  [ 2, 4, 5, 6, 9, 10, 13, 15, 17, 18, 20, 21, 22, 23, 24, 25, 26, 27, 28, 
      29, 31, 32, 34, 35, 36, 37, 38, 39, 40, 41 ], 
  [ 1, 3, 5, 7, 9, 10, 14, 16, 17, 18, 19, 21, 22, 23, 24, 26, 27, 28, 29, 
      30, 31, 32, 34, 35, 36, 37, 38, 39, 40, 41 ], 
  [ 1, 3, 5, 7, 9, 10, 13, 14, 16, 17, 18, 19, 20, 21, 22, 23, 24, 26, 27, 
      29, 30, 31, 32, 34, 35, 36, 37, 38, 39, 40 ], 
  [ 2, 4, 6, 8, 9, 10, 13, 14, 15, 18, 20, 21, 22, 23, 24, 25, 26, 27, 28, 
      30, 31, 33, 34, 35, 36, 37, 38, 39, 40, 41 ], 
  [ 3, 4, 5, 7, 9, 11, 13, 15, 17, 18, 19, 20, 21, 22, 23, 24, 25, 26, 27, 
      28, 30, 33, 34, 35, 36, 37, 38, 39, 40, 41 ], 
  [ 1, 2, 3, 4, 5, 6, 7, 8, 9, 10, 11, 12, 13, 14, 18, 19, 20, 21, 24, 25, 
      27, 29, 31, 32, 33, 36, 37, 38, 40, 41 ], 
  [ 1, 2, 3, 4, 5, 6, 7, 8, 9, 10, 11, 12, 13, 14, 15, 19, 20, 21, 22, 24, 
      27, 29, 31, 32, 33, 36, 37, 38, 40, 41 ], 
  [ 1, 3, 5, 6, 9, 10, 14, 16, 17, 18, 20, 21, 22, 23, 24, 25, 26, 27, 28, 
      29, 30, 31, 32, 34, 35, 36, 37, 38, 39, 40, 41 ], 
  [ 1, 3, 5, 6, 9, 11, 14, 15, 16, 17, 20, 21, 22, 23, 24, 25, 26, 27, 28, 
      29, 30, 31, 32, 34, 35, 36, 37, 38, 39, 40, 41 ], 
  [ 3, 4, 5, 7, 9, 11, 13, 15, 17, 18, 19, 20, 21, 22, 23, 24, 25, 26, 27, 
      28, 29, 31, 32, 34, 35, 36, 37, 38, 39, 40, 41 ], 
  [ 3, 4, 7, 8, 9, 11, 13, 14, 15, 18, 19, 20, 21, 22, 23, 24, 25, 26, 27, 
      28, 30, 31, 33, 34, 35, 36, 37, 38, 39, 40, 41 ], 
  [ 1, 2, 5, 7, 9, 10, 13, 14, 15, 16, 17, 18, 19, 21, 22, 23, 24, 26, 27, 
      28, 29, 30, 31, 32, 34, 35, 36, 37, 38, 39, 40, 41 ], 
  [ 1, 2, 5, 7, 9, 11, 13, 14, 15, 16, 17, 18, 19, 21, 23, 24, 25, 26, 27, 
      28, 29, 30, 31, 32, 34, 35, 36, 37, 38, 39, 40, 41 ], 
  [ 1, 2, 3, 4, 5, 6, 7, 8, 9, 10, 11, 12, 13, 14, 15, 18, 19, 20, 21, 22, 
      24, 25, 27, 28, 29, 31, 32, 33, 36, 37, 40, 41 ], 
  [ 1, 2, 3, 4, 5, 6, 7, 8, 9, 10, 11, 12, 13, 16, 17, 18, 19, 20, 23, 24, 
      25, 26, 29, 30, 32, 33, 34, 35, 36, 38, 40, 41 ], 
  [ 1, 2, 3, 4, 5, 6, 7, 8, 9, 10, 11, 12, 13, 15, 16, 17, 19, 20, 22, 23, 
      24, 26, 29, 30, 32, 33, 34, 35, 36, 38, 40, 41 ], 
  [ 1, 2, 5, 6, 9, 10, 13, 14, 15, 16, 17, 18, 20, 21, 22, 23, 24, 25, 26, 
      27, 28, 29, 30, 31, 32, 34, 35, 36, 37, 38, 39, 40, 41 ], 
  [ 1, 2, 3, 4, 5, 6, 7, 8, 9, 10, 11, 12, 13, 15, 17, 18, 19, 20, 22, 24, 
      25, 26, 27, 28, 29, 30, 33, 34, 35, 36, 38, 39, 41 ], 
  [ 1, 2, 3, 4, 5, 6, 7, 8, 9, 10, 11, 12, 13, 15, 16, 17, 18, 19, 20, 22, 
      23, 24, 25, 26, 28, 29, 30, 33, 34, 35, 38, 39, 41 ], 
  [ 1, 3, 5, 7, 9, 11, 13, 14, 15, 16, 17, 18, 19, 20, 21, 22, 23, 24, 25, 
      26, 27, 28, 29, 30, 31, 32, 34, 35, 36, 37, 38, 39, 40, 41 ], 
  [ 1, 2, 3, 4, 5, 6, 7, 8, 9, 10, 11, 12, 13, 14, 16, 18, 19, 20, 21, 23, 
      24, 25, 29, 30, 31, 32, 33, 34, 35, 36, 37, 38, 40, 41 ], 
  [ 1, 2, 3, 4, 5, 6, 7, 8, 9, 10, 11, 12, 13, 14, 16, 17, 18, 19, 20, 21, 
      23, 24, 25, 26, 27, 29, 30, 32, 33, 34, 36, 38, 40, 41 ], 
  [ 1, 2, 3, 4, 5, 6, 7, 8, 9, 10, 11, 12, 13, 15, 16, 17, 18, 19, 20, 22, 
      23, 24, 25, 26, 28, 29, 30, 32, 33, 34, 35, 36, 40, 41 ], 
  [ 1, 2, 3, 4, 5, 6, 7, 8, 9, 10, 11, 12, 13, 14, 15, 16, 19, 20, 21, 22, 
      23, 24, 29, 30, 31, 32, 33, 34, 35, 36, 37, 38, 40, 41 ], 
  [ 1, 2, 3, 4, 5, 6, 7, 8, 9, 10, 11, 12, 13, 14, 15, 16, 17, 19, 20, 21, 
      22, 23, 24, 26, 27, 29, 30, 32, 33, 34, 36, 38, 40, 41 ], 
  [ 1, 2, 3, 4, 5, 6, 7, 8, 9, 10, 11, 12, 13, 15, 17, 18, 19, 20, 22, 24, 
      25, 26, 27, 28, 29, 31, 32, 33, 35, 36, 37, 38, 39, 40, 41 ], 
  [ 1, 2, 3, 4, 5, 6, 7, 8, 9, 10, 11, 12, 13, 14, 15, 18, 19, 20, 21, 22, 
      24, 25, 27, 28, 29, 30, 31, 33, 34, 35, 36, 37, 38, 39, 41 ], 
  [ 1, 2, 3, 4, 5, 6, 7, 8, 9, 10, 11, 12, 13, 15, 16, 17, 18, 19, 20, 22, 
      23, 24, 25, 26, 28, 29, 31, 32, 33, 35, 37, 38, 39, 40, 41 ], 
  [ 1, 2, 3, 4, 5, 6, 7, 8, 9, 10, 11, 12, 13, 14, 15, 16, 18, 19, 20, 21, 
      22, 23, 24, 25, 28, 29, 30, 31, 33, 34, 35, 37, 38, 39, 41 ], 
  [ 1, 2, 3, 4, 5, 6, 7, 8, 9, 10, 11, 12, 13, 14, 15, 16, 17, 18, 19, 20, 
      21, 22, 23, 24, 25, 26, 27, 28, 29, 30, 33, 34, 38, 39, 41 ], 
  [ 1, 2, 3, 4, 5, 6, 7, 8, 9, 10, 11, 12, 13, 14, 15, 16, 18, 19, 20, 21, 
      22, 23, 24, 25, 28, 29, 30, 31, 32, 33, 34, 35, 36, 37, 40, 41 ], 
  [ 1, 2, 3, 4, 5, 6, 7, 8, 9, 10, 11, 12, 13, 14, 15, 16, 17, 18, 19, 20, 
      21, 22, 23, 24, 25, 26, 27, 28, 29, 30, 32, 33, 34, 36, 40, 41 ], 
  [ 1, 2, 3, 4, 5, 6, 7, 8, 9, 10, 11, 12, 14, 16, 17, 18, 19, 21, 23, 24, 
      25, 26, 27, 28, 29, 30, 31, 32, 33, 34, 35, 36, 37, 38, 39, 40, 41 ], 
  [ 1, 2, 3, 4, 5, 6, 7, 8, 9, 10, 11, 12, 13, 14, 16, 17, 18, 19, 20, 21, 
      23, 24, 25, 26, 27, 29, 30, 31, 32, 33, 34, 35, 36, 37, 38, 39, 40 ], 
  [ 1, 2, 3, 4, 5, 6, 7, 8, 9, 10, 11, 12, 14, 15, 16, 17, 19, 21, 22, 23, 
      24, 26, 27, 28, 29, 30, 31, 32, 33, 34, 35, 36, 37, 38, 39, 40, 41 ], 
  [ 1, 2, 3, 4, 5, 6, 7, 8, 9, 10, 11, 12, 13, 14, 15, 16, 17, 19, 20, 21, 
      22, 23, 24, 26, 27, 29, 30, 31, 32, 33, 34, 35, 36, 37, 38, 39, 40 ], 
  [ 1, 2, 3, 4, 5, 6, 7, 8, 9, 10, 11, 12, 13, 14, 15, 16, 17, 18, 19, 20, 
      21, 22, 23, 24, 25, 26, 27, 28, 29, 31, 32, 33, 37, 38, 39, 40, 41 ], 
  [ 1, 2, 3, 4, 5, 6, 7, 8, 9, 10, 11, 12, 13, 14, 15, 16, 17, 18, 20, 21, 
      22, 23, 25, 26, 27, 28, 29, 30, 31, 32, 33, 34, 35, 36, 37, 38, 39, 
      40, 41 ], 
  [ 1, 2, 3, 4, 5, 6, 7, 8, 9, 10, 11, 12, 13, 14, 15, 16, 17, 18, 19, 20, 
      21, 22, 23, 24, 25, 26, 27, 28, 29, 30, 31, 32, 33, 34, 35, 36, 37, 
      39, 40 ] ];
