return 
[ [ 1, 2, 8, 9, 13, 16, 21, 22, 24, 27, 28, 32, 34, 39, 40, 42, 43, 44 ], 
  [ 1, 2, 8, 9, 13, 16, 21, 22, 23, 24, 27, 28, 32, 39, 40, 42, 43, 44 ], 
  [ 1, 2, 8, 9, 13, 16, 21, 22, 23, 24, 27, 28, 32, 36, 39, 40, 42, 44 ], 
  [ 2, 6, 8, 9, 13, 16, 21, 22, 24, 27, 28, 32, 34, 39, 40, 42, 43, 44 ], 
  [ 2, 6, 8, 9, 13, 16, 21, 22, 23, 24, 27, 28, 32, 39, 40, 42, 43, 44 ], 
  [ 2, 6, 8, 9, 13, 16, 21, 22, 23, 24, 27, 28, 32, 36, 39, 40, 42, 44 ], 
  [ 2, 4, 6, 8, 9, 13, 16, 21, 22, 27, 28, 32, 34, 39, 40, 42, 43, 44 ], 
  [ 2, 4, 6, 8, 9, 13, 16, 21, 22, 23, 27, 28, 32, 39, 40, 42, 43, 44 ], 
  [ 2, 4, 6, 8, 9, 13, 16, 21, 22, 23, 27, 28, 32, 36, 39, 40, 42, 44 ], 
  [ 3, 4, 6, 8, 9, 13, 16, 21, 22, 27, 28, 32, 34, 39, 40, 42, 43, 44 ], 
  [ 3, 4, 6, 8, 9, 13, 16, 21, 22, 23, 27, 28, 32, 39, 40, 42, 43, 44 ], 
  [ 3, 4, 6, 8, 9, 13, 16, 21, 22, 23, 27, 28, 32, 36, 39, 40, 42, 44 ], 
  [ 1, 2, 7, 10, 14, 17, 19, 20, 26, 29, 30, 32, 33, 34, 37, 38, 39, 43 ], 
  [ 1, 2, 7, 10, 14, 17, 19, 20, 25, 26, 29, 30, 32, 33, 34, 37, 38, 39 ], 
  [ 1, 2, 7, 10, 14, 17, 19, 20, 25, 26, 29, 30, 32, 33, 36, 37, 38, 39 ], 
  [ 1, 3, 7, 10, 14, 17, 19, 20, 26, 29, 30, 32, 33, 34, 37, 38, 39, 43 ], 
  [ 1, 3, 7, 10, 14, 17, 19, 20, 25, 26, 29, 30, 32, 33, 34, 37, 38, 39 ], 
  [ 1, 3, 7, 10, 14, 17, 19, 20, 25, 26, 29, 30, 32, 33, 36, 37, 38, 39 ], 
  [ 2, 4, 7, 10, 14, 17, 19, 20, 26, 29, 30, 32, 33, 34, 37, 38, 39, 43 ], 
  [ 2, 4, 7, 10, 14, 17, 19, 20, 25, 26, 29, 30, 32, 33, 34, 37, 38, 39 ], 
  [ 2, 4, 7, 10, 14, 17, 19, 20, 25, 26, 29, 30, 32, 33, 36, 37, 38, 39 ], 
  [ 3, 4, 7, 10, 14, 17, 19, 20, 26, 29, 30, 32, 33, 34, 37, 38, 39, 43 ], 
  [ 3, 4, 7, 10, 14, 17, 19, 20, 25, 26, 29, 30, 32, 33, 34, 37, 38, 39 ], 
  [ 3, 4, 7, 10, 14, 17, 19, 20, 25, 26, 29, 30, 32, 33, 36, 37, 38, 39 ], 
  [ 1, 3, 5, 7, 10, 14, 17, 19, 20, 29, 30, 32, 33, 34, 37, 38, 39, 43 ], 
  [ 1, 3, 5, 7, 10, 14, 17, 19, 20, 25, 29, 30, 32, 33, 34, 37, 38, 39 ], 
  [ 1, 3, 5, 7, 10, 14, 17, 19, 20, 25, 29, 30, 32, 33, 36, 37, 38, 39 ], 
  [ 3, 4, 5, 7, 10, 14, 17, 19, 20, 29, 30, 32, 33, 34, 37, 38, 39, 43 ], 
  [ 3, 4, 5, 7, 10, 14, 17, 19, 20, 25, 29, 30, 32, 33, 34, 37, 38, 39 ], 
  [ 3, 4, 5, 7, 10, 14, 17, 19, 20, 25, 29, 30, 32, 33, 36, 37, 38, 39 ], 
  [ 1, 2, 7, 9, 15, 16, 20, 21, 24, 25, 27, 30, 33, 36, 38, 39, 41, 42, 44 ],
  [ 2, 6, 7, 9, 15, 16, 20, 21, 24, 25, 27, 30, 33, 36, 38, 39, 41, 42, 44 ],
  [ 1, 3, 5, 8, 9, 13, 16, 21, 22, 24, 27, 28, 32, 34, 39, 40, 42, 43, 44 ], 
  [ 1, 3, 5, 8, 9, 13, 16, 21, 22, 23, 24, 27, 28, 32, 39, 40, 42, 43, 44 ], 
  [ 1, 3, 5, 8, 9, 13, 16, 21, 22, 23, 24, 27, 28, 32, 36, 39, 40, 42, 44 ], 
  [ 3, 5, 6, 8, 9, 13, 16, 21, 22, 24, 27, 28, 32, 34, 39, 40, 42, 43, 44 ], 
  [ 3, 5, 6, 8, 9, 13, 16, 21, 22, 23, 24, 27, 28, 32, 39, 40, 42, 43, 44 ], 
  [ 3, 5, 6, 8, 9, 13, 16, 21, 22, 23, 24, 27, 28, 32, 36, 39, 40, 42, 44 ], 
  [ 1, 2, 7, 10, 16, 17, 19, 20, 25, 26, 29, 30, 31, 35, 36, 37, 38, 41, 44 ]
    , [ 1, 3, 7, 10, 16, 17, 19, 20, 25, 26, 29, 30, 31, 35, 36, 37, 38, 41, 
      44 ], 
  [ 3, 4, 7, 10, 16, 17, 19, 20, 25, 26, 29, 30, 31, 35, 36, 37, 38, 41, 44 ]
    , [ 1, 2, 7, 10, 11, 14, 19, 20, 26, 29, 30, 32, 33, 34, 37, 38, 39, 42, 
      43 ], 
  [ 1, 2, 7, 10, 11, 14, 19, 20, 25, 26, 29, 30, 32, 33, 34, 37, 38, 39, 42 ]
    , [ 1, 2, 7, 10, 11, 14, 19, 20, 25, 26, 29, 30, 32, 33, 36, 37, 38, 39, 
      42 ], 
  [ 1, 2, 7, 10, 11, 13, 15, 16, 19, 20, 25, 26, 29, 30, 31, 34, 35, 37, 45 ]
    , [ 1, 2, 7, 10, 11, 13, 15, 16, 19, 20, 25, 26, 29, 30, 31, 35, 36, 37, 
      45 ], 
  [ 1, 3, 7, 10, 11, 14, 19, 20, 26, 29, 30, 32, 33, 34, 37, 38, 39, 42, 43 ]
    , [ 1, 3, 7, 10, 11, 14, 19, 20, 25, 26, 29, 30, 32, 33, 34, 37, 38, 39, 
      42 ], 
  [ 1, 3, 7, 10, 11, 14, 19, 20, 25, 26, 29, 30, 32, 33, 36, 37, 38, 39, 42 ]
    , [ 1, 3, 7, 10, 11, 13, 15, 16, 19, 20, 25, 26, 29, 30, 31, 34, 35, 37, 
      45 ], 
  [ 1, 3, 7, 10, 11, 13, 15, 16, 19, 20, 25, 26, 29, 30, 31, 35, 36, 37, 45 ]
    , [ 3, 4, 7, 10, 11, 14, 19, 20, 26, 29, 30, 32, 33, 34, 37, 38, 39, 42, 
      43 ], 
  [ 3, 4, 7, 10, 11, 14, 19, 20, 25, 26, 29, 30, 32, 33, 34, 37, 38, 39, 42 ]
    , [ 3, 4, 7, 10, 11, 14, 19, 20, 25, 26, 29, 30, 32, 33, 36, 37, 38, 39, 
      42 ], 
  [ 1, 3, 5, 7, 10, 11, 14, 19, 20, 29, 30, 32, 33, 34, 37, 38, 39, 42, 43 ],
  [ 1, 3, 5, 7, 10, 11, 14, 19, 20, 25, 29, 30, 32, 33, 34, 37, 38, 39, 42 ],
  [ 1, 3, 5, 7, 10, 11, 14, 19, 20, 25, 29, 30, 32, 33, 36, 37, 38, 39, 42 ],
  [ 1, 2, 7, 9, 15, 16, 20, 21, 24, 25, 27, 30, 33, 34, 38, 39, 41, 42, 43, 
      44 ], [ 1, 3, 5, 7, 9, 15, 16, 20, 21, 24, 25, 27, 30, 33, 36, 38, 39, 
      41, 42, 44 ], 
  [ 2, 6, 7, 9, 15, 16, 20, 21, 24, 25, 27, 30, 33, 34, 38, 39, 41, 42, 43, 
      44 ], [ 3, 5, 6, 7, 9, 15, 16, 20, 21, 24, 25, 27, 30, 33, 36, 38, 39, 
      41, 42, 44 ], 
  [ 1, 2, 8, 9, 13, 16, 20, 21, 22, 24, 25, 27, 28, 32, 34, 36, 39, 40, 42, 
      44 ], 
  [ 1, 2, 8, 9, 16, 17, 21, 22, 23, 24, 27, 28, 31, 35, 36, 38, 40, 41, 43, 
      44 ], 
  [ 2, 6, 8, 9, 13, 16, 20, 21, 22, 24, 25, 27, 28, 32, 34, 36, 39, 40, 42, 
      44 ], [ 2, 4, 6, 8, 9, 13, 16, 20, 21, 22, 25, 27, 28, 32, 34, 36, 39, 
      40, 42, 44 ], 
  [ 3, 4, 6, 8, 9, 13, 16, 20, 21, 22, 25, 27, 28, 32, 34, 36, 39, 40, 42, 
      44 ], 
  [ 1, 2, 7, 10, 16, 17, 19, 20, 25, 26, 29, 30, 31, 34, 35, 37, 38, 41, 43, 
      44 ], 
  [ 1, 2, 7, 10, 14, 17, 19, 20, 22, 23, 26, 29, 30, 32, 33, 36, 37, 38, 39, 
      43 ], 
  [ 1, 2, 7, 10, 16, 17, 19, 20, 21, 24, 25, 29, 30, 31, 35, 36, 37, 38, 41, 
      44 ], 
  [ 1, 3, 7, 10, 16, 17, 19, 20, 25, 26, 29, 30, 31, 34, 35, 37, 38, 41, 43, 
      44 ], 
  [ 1, 3, 7, 10, 14, 17, 19, 20, 22, 23, 26, 29, 30, 32, 33, 36, 37, 38, 39, 
      43 ], 
  [ 2, 4, 7, 10, 14, 17, 19, 20, 22, 23, 26, 29, 30, 32, 33, 36, 37, 38, 39, 
      43 ], 
  [ 3, 4, 7, 10, 16, 17, 19, 20, 25, 26, 29, 30, 31, 34, 35, 37, 38, 41, 43, 
      44 ], 
  [ 3, 4, 7, 10, 14, 17, 19, 20, 22, 23, 26, 29, 30, 32, 33, 36, 37, 38, 39, 
      43 ], 
  [ 1, 2, 5, 7, 10, 14, 17, 19, 20, 21, 24, 29, 30, 32, 33, 34, 37, 38, 39, 
      43 ], 
  [ 1, 2, 5, 7, 10, 14, 17, 19, 20, 21, 24, 25, 29, 30, 32, 33, 34, 37, 38, 
      39 ], 
  [ 1, 2, 5, 7, 10, 14, 17, 19, 20, 21, 24, 25, 29, 30, 32, 33, 36, 37, 38, 
      39 ], 
  [ 1, 3, 5, 7, 10, 14, 17, 19, 20, 22, 23, 29, 30, 32, 33, 36, 37, 38, 39, 
      43 ], 
  [ 3, 4, 5, 7, 10, 14, 17, 19, 20, 22, 23, 29, 30, 32, 33, 36, 37, 38, 39, 
      43 ], [ 1, 3, 4, 5, 7, 8, 10, 17, 19, 20, 21, 25, 30, 32, 33, 36, 38, 
      41, 42, 44 ], 
  [ 1, 2, 7, 9, 10, 13, 15, 16, 20, 21, 24, 25, 27, 30, 33, 36, 39, 41, 42, 
      44 ], 
  [ 2, 6, 7, 9, 10, 13, 15, 16, 20, 21, 24, 25, 27, 30, 33, 36, 39, 41, 42, 
      44 ], [ 1, 2, 7, 8, 9, 10, 16, 17, 20, 21, 24, 25, 27, 30, 31, 35, 36, 
      38, 41, 44 ], 
  [ 1, 2, 3, 7, 9, 11, 14, 15, 16, 19, 20, 25, 26, 29, 30, 31, 35, 36, 38, 
      41 ], 
  [ 1, 2, 7, 10, 11, 13, 15, 16, 19, 20, 25, 26, 29, 30, 32, 34, 37, 39, 42, 
      45 ], 
  [ 1, 2, 7, 10, 11, 13, 15, 16, 19, 20, 25, 26, 29, 30, 32, 36, 37, 39, 42, 
      45 ], 
  [ 1, 2, 7, 10, 11, 13, 15, 16, 19, 20, 22, 23, 26, 29, 30, 31, 35, 36, 37, 
      45 ], 
  [ 1, 3, 7, 10, 11, 13, 15, 16, 19, 20, 25, 26, 29, 30, 32, 34, 37, 39, 42, 
      45 ], 
  [ 1, 3, 7, 10, 11, 13, 15, 16, 19, 20, 25, 26, 29, 30, 32, 36, 37, 39, 42, 
      45 ], 
  [ 1, 3, 7, 10, 11, 13, 15, 16, 19, 20, 22, 23, 26, 29, 30, 31, 35, 36, 37, 
      45 ], 
  [ 2, 4, 6, 7, 10, 11, 13, 15, 16, 19, 20, 25, 26, 29, 30, 31, 34, 35, 37, 
      45 ], 
  [ 2, 4, 6, 7, 10, 11, 13, 15, 16, 19, 20, 25, 26, 29, 30, 31, 35, 36, 37, 
      45 ], 
  [ 3, 4, 6, 7, 10, 11, 13, 15, 16, 19, 20, 25, 26, 29, 30, 31, 34, 35, 37, 
      45 ], 
  [ 3, 4, 6, 7, 10, 11, 13, 15, 16, 19, 20, 25, 26, 29, 30, 31, 35, 36, 37, 
      45 ], [ 3, 4, 5, 6, 7, 10, 11, 14, 19, 20, 29, 30, 32, 33, 34, 37, 38, 
      39, 42, 43 ], 
  [ 3, 4, 5, 6, 7, 10, 11, 14, 19, 20, 25, 29, 30, 32, 33, 34, 37, 38, 39, 
      42 ], [ 3, 4, 5, 6, 7, 10, 11, 14, 19, 20, 25, 29, 30, 32, 33, 36, 37, 
      38, 39, 42 ], 
  [ 1, 2, 7, 9, 15, 16, 20, 21, 22, 23, 24, 27, 30, 33, 36, 38, 39, 41, 42, 
      43, 44 ], 
  [ 1, 2, 3, 7, 9, 15, 16, 19, 20, 21, 25, 26, 27, 30, 33, 36, 38, 39, 41, 
      42, 44 ], 
  [ 1, 3, 5, 7, 9, 15, 16, 20, 21, 24, 25, 27, 30, 33, 34, 38, 39, 41, 42, 
      43, 44 ], 
  [ 2, 6, 7, 9, 15, 16, 20, 21, 22, 23, 24, 27, 30, 33, 36, 38, 39, 41, 42, 
      43, 44 ], 
  [ 3, 5, 6, 7, 9, 15, 16, 20, 21, 24, 25, 27, 30, 33, 34, 38, 39, 41, 42, 
      43, 44 ], 
  [ 1, 2, 3, 4, 8, 9, 13, 16, 19, 21, 22, 26, 27, 28, 32, 34, 39, 40, 42, 
      43, 44 ], 
  [ 1, 2, 3, 4, 8, 9, 13, 16, 19, 21, 22, 23, 26, 27, 28, 32, 39, 40, 42, 
      43, 44 ], 
  [ 1, 2, 3, 4, 8, 9, 13, 16, 19, 21, 22, 23, 26, 27, 28, 32, 36, 39, 40, 
      42, 44 ], 
  [ 1, 3, 5, 8, 9, 13, 16, 20, 21, 22, 24, 25, 27, 28, 32, 34, 36, 39, 40, 
      42, 44 ], 
  [ 1, 3, 5, 8, 9, 16, 17, 21, 22, 23, 24, 27, 28, 31, 35, 36, 38, 40, 41, 
      43, 44 ], 
  [ 3, 5, 6, 8, 9, 13, 16, 20, 21, 22, 24, 25, 27, 28, 32, 34, 36, 39, 40, 
      42, 44 ], 
  [ 1, 2, 7, 10, 16, 17, 19, 20, 25, 26, 29, 30, 32, 33, 36, 37, 38, 39, 41, 
      42, 44 ], 
  [ 1, 2, 7, 10, 16, 17, 19, 20, 22, 23, 26, 29, 30, 31, 35, 36, 37, 38, 41, 
      43, 44 ], 
  [ 1, 2, 7, 10, 16, 17, 19, 20, 21, 24, 25, 29, 30, 31, 34, 35, 37, 38, 41, 
      43, 44 ], 
  [ 1, 3, 7, 10, 16, 17, 19, 20, 25, 26, 29, 30, 32, 33, 36, 37, 38, 39, 41, 
      42, 44 ], 
  [ 1, 3, 7, 10, 16, 17, 19, 20, 22, 23, 26, 29, 30, 31, 35, 36, 37, 38, 41, 
      43, 44 ], 
  [ 3, 4, 7, 10, 16, 17, 19, 20, 25, 26, 29, 30, 32, 33, 36, 37, 38, 39, 41, 
      42, 44 ], 
  [ 3, 4, 7, 10, 16, 17, 19, 20, 22, 23, 26, 29, 30, 31, 35, 36, 37, 38, 41, 
      43, 44 ], 
  [ 1, 3, 5, 7, 10, 16, 17, 19, 20, 21, 24, 25, 29, 30, 31, 35, 36, 37, 38, 
      41, 44 ], 
  [ 2, 4, 5, 6, 7, 10, 14, 17, 19, 20, 21, 24, 29, 30, 32, 33, 34, 37, 38, 
      39, 43 ], 
  [ 2, 4, 5, 6, 7, 10, 14, 17, 19, 20, 21, 24, 25, 29, 30, 32, 33, 34, 37, 
      38, 39 ], 
  [ 2, 4, 5, 6, 7, 10, 14, 17, 19, 20, 21, 24, 25, 29, 30, 32, 33, 36, 37, 
      38, 39 ], 
  [ 1, 3, 4, 5, 7, 8, 10, 17, 19, 20, 21, 25, 30, 32, 33, 34, 38, 41, 42, 
      43, 44 ], 
  [ 1, 2, 7, 9, 10, 13, 15, 16, 20, 21, 24, 25, 27, 30, 33, 34, 39, 41, 42, 
      43, 44 ], 
  [ 1, 2, 7, 9, 10, 13, 15, 16, 20, 21, 22, 23, 24, 27, 30, 33, 39, 41, 42, 
      43, 44 ], 
  [ 1, 2, 7, 9, 10, 13, 15, 16, 20, 21, 22, 23, 24, 27, 30, 33, 36, 39, 41, 
      42, 44 ], 
  [ 1, 3, 5, 7, 9, 10, 13, 15, 16, 20, 21, 24, 25, 27, 30, 33, 36, 39, 41, 
      42, 44 ], 
  [ 2, 6, 7, 9, 10, 13, 15, 16, 20, 21, 24, 25, 27, 30, 33, 34, 39, 41, 42, 
      43, 44 ], 
  [ 2, 6, 7, 9, 10, 13, 15, 16, 20, 21, 22, 23, 24, 27, 30, 33, 39, 41, 42, 
      43, 44 ], 
  [ 2, 6, 7, 9, 10, 13, 15, 16, 20, 21, 22, 23, 24, 27, 30, 33, 36, 39, 41, 
      42, 44 ], 
  [ 3, 5, 6, 7, 9, 10, 13, 15, 16, 20, 21, 24, 25, 27, 30, 33, 36, 39, 41, 
      42, 44 ], 
  [ 1, 2, 5, 8, 9, 10, 14, 17, 18, 20, 21, 24, 25, 27, 30, 32, 33, 36, 38, 
      41, 42 ], 
  [ 1, 2, 7, 8, 9, 10, 16, 17, 20, 21, 24, 25, 27, 30, 31, 34, 35, 38, 41, 
      43, 44 ], 
  [ 1, 3, 5, 7, 8, 9, 10, 16, 17, 20, 21, 24, 25, 27, 30, 31, 35, 36, 38, 
      41, 44 ], 
  [ 1, 2, 3, 7, 9, 11, 14, 15, 16, 19, 20, 25, 26, 29, 30, 31, 34, 35, 38, 
      41, 43 ], 
  [ 1, 2, 3, 7, 9, 11, 14, 15, 16, 19, 20, 25, 26, 29, 30, 33, 36, 38, 39, 
      41, 42 ], 
  [ 2, 3, 4, 6, 7, 9, 11, 14, 15, 16, 19, 20, 25, 26, 29, 30, 31, 35, 36, 
      38, 41 ], 
  [ 1, 2, 7, 10, 11, 14, 19, 20, 22, 23, 26, 29, 30, 32, 33, 36, 37, 38, 39, 
      42, 43 ], 
  [ 1, 2, 7, 10, 11, 13, 15, 16, 19, 20, 22, 23, 26, 29, 30, 31, 34, 35, 37, 
      43, 45 ], 
  [ 1, 2, 7, 10, 11, 13, 15, 16, 19, 20, 22, 23, 26, 29, 30, 32, 36, 37, 39, 
      42, 45 ], 
  [ 1, 3, 7, 10, 11, 14, 19, 20, 22, 23, 26, 29, 30, 32, 33, 36, 37, 38, 39, 
      42, 43 ], 
  [ 1, 3, 7, 10, 11, 13, 15, 16, 19, 20, 22, 23, 26, 29, 30, 31, 34, 35, 37, 
      43, 45 ], 
  [ 1, 3, 7, 10, 11, 13, 15, 16, 19, 20, 22, 23, 26, 29, 30, 32, 36, 37, 39, 
      42, 45 ], 
  [ 3, 4, 7, 10, 11, 14, 19, 20, 22, 23, 26, 29, 30, 32, 33, 36, 37, 38, 39, 
      42, 43 ], 
  [ 1, 3, 5, 7, 10, 11, 14, 19, 20, 22, 23, 29, 30, 32, 33, 36, 37, 38, 39, 
      42, 43 ], 
  [ 1, 2, 6, 7, 10, 11, 13, 15, 16, 19, 20, 21, 24, 25, 29, 30, 31, 34, 35, 
      37, 45 ], 
  [ 1, 2, 6, 7, 10, 11, 13, 15, 16, 19, 20, 21, 24, 25, 29, 30, 31, 35, 36, 
      37, 45 ], 
  [ 2, 4, 6, 7, 10, 11, 13, 15, 16, 19, 20, 25, 26, 29, 30, 32, 34, 37, 39, 
      42, 45 ], 
  [ 2, 4, 6, 7, 10, 11, 13, 15, 16, 19, 20, 25, 26, 29, 30, 32, 36, 37, 39, 
      42, 45 ], 
  [ 2, 4, 6, 7, 10, 11, 13, 15, 16, 19, 20, 22, 23, 26, 29, 30, 31, 35, 36, 
      37, 45 ], 
  [ 3, 4, 6, 7, 10, 11, 13, 15, 16, 19, 20, 25, 26, 29, 30, 32, 34, 37, 39, 
      42, 45 ], 
  [ 3, 4, 6, 7, 10, 11, 13, 15, 16, 19, 20, 25, 26, 29, 30, 32, 36, 37, 39, 
      42, 45 ], 
  [ 3, 4, 6, 7, 10, 11, 13, 15, 16, 19, 20, 22, 23, 26, 29, 30, 31, 35, 36, 
      37, 45 ], 
  [ 1, 2, 7, 8, 9, 10, 12, 13, 16, 17, 21, 22, 23, 24, 27, 28, 31, 35, 41, 
      43, 44 ], 
  [ 1, 2, 7, 8, 9, 10, 12, 13, 16, 17, 21, 22, 23, 24, 27, 28, 31, 35, 36, 
      41, 44 ], 
  [ 1, 2, 3, 7, 9, 15, 16, 19, 20, 21, 25, 26, 27, 30, 33, 34, 38, 39, 41, 
      42, 43, 44 ], 
  [ 1, 3, 5, 7, 9, 15, 16, 20, 21, 22, 23, 24, 27, 30, 33, 36, 38, 39, 41, 
      42, 43, 44 ], 
  [ 2, 3, 4, 6, 7, 9, 15, 16, 19, 20, 21, 25, 26, 27, 30, 33, 36, 38, 39, 
      41, 42, 44 ], 
  [ 3, 5, 6, 7, 9, 15, 16, 20, 21, 22, 23, 24, 27, 30, 33, 36, 38, 39, 41, 
      42, 43, 44 ], 
  [ 1, 2, 8, 9, 16, 17, 20, 21, 22, 24, 25, 27, 28, 31, 34, 35, 36, 38, 40, 
      41, 43, 44 ], 
  [ 1, 2, 8, 9, 16, 17, 21, 22, 23, 24, 27, 28, 32, 33, 36, 38, 39, 40, 41, 
      42, 43, 44 ], 
  [ 3, 4, 5, 6, 8, 9, 16, 17, 21, 22, 23, 24, 27, 28, 31, 35, 36, 38, 40, 
      41, 43, 44 ], 
  [ 1, 2, 7, 10, 16, 17, 19, 20, 25, 26, 29, 30, 32, 33, 34, 37, 38, 39, 41, 
      42, 43, 44 ], 
  [ 1, 2, 7, 10, 16, 17, 19, 20, 21, 24, 25, 29, 30, 32, 33, 36, 37, 38, 39, 
      41, 42, 44 ], 
  [ 1, 2, 7, 10, 16, 17, 19, 20, 21, 22, 23, 24, 29, 30, 31, 35, 36, 37, 38, 
      41, 43, 44 ], 
  [ 1, 3, 7, 10, 16, 17, 19, 20, 25, 26, 29, 30, 32, 33, 34, 37, 38, 39, 41, 
      42, 43, 44 ], 
  [ 3, 4, 7, 10, 16, 17, 19, 20, 25, 26, 29, 30, 32, 33, 34, 37, 38, 39, 41, 
      42, 43, 44 ], 
  [ 1, 2, 5, 7, 10, 14, 17, 19, 20, 21, 22, 23, 24, 29, 30, 32, 33, 36, 37, 
      38, 39, 43 ], 
  [ 1, 3, 5, 7, 10, 16, 17, 19, 20, 21, 24, 25, 29, 30, 31, 34, 35, 37, 38, 
      41, 43, 44 ], 
  [ 3, 4, 5, 6, 7, 10, 16, 17, 19, 20, 21, 24, 25, 29, 30, 31, 35, 36, 37, 
      38, 41, 44 ], 
  [ 1, 3, 4, 5, 7, 8, 10, 17, 19, 20, 21, 22, 23, 30, 32, 33, 36, 38, 41, 
      42, 43, 44 ], 
  [ 1, 2, 3, 7, 9, 10, 13, 15, 16, 19, 20, 21, 25, 26, 27, 30, 33, 36, 39, 
      41, 42, 44 ], 
  [ 1, 3, 5, 7, 9, 10, 13, 15, 16, 20, 21, 24, 25, 27, 30, 33, 34, 39, 41, 
      42, 43, 44 ], 
  [ 1, 3, 5, 7, 9, 10, 13, 15, 16, 20, 21, 22, 23, 24, 27, 30, 33, 39, 41, 
      42, 43, 44 ], 
  [ 1, 3, 5, 7, 9, 10, 13, 15, 16, 20, 21, 22, 23, 24, 27, 30, 33, 36, 39, 
      41, 42, 44 ], 
  [ 3, 5, 6, 7, 9, 10, 13, 15, 16, 20, 21, 24, 25, 27, 30, 33, 34, 39, 41, 
      42, 43, 44 ], 
  [ 3, 5, 6, 7, 9, 10, 13, 15, 16, 20, 21, 22, 23, 24, 27, 30, 33, 39, 41, 
      42, 43, 44 ], 
  [ 3, 5, 6, 7, 9, 10, 13, 15, 16, 20, 21, 22, 23, 24, 27, 30, 33, 36, 39, 
      41, 42, 44 ], 
  [ 1, 2, 5, 8, 9, 10, 14, 17, 18, 20, 21, 24, 25, 27, 30, 32, 33, 34, 38, 
      41, 42, 43 ], 
  [ 2, 4, 5, 6, 8, 9, 10, 14, 17, 18, 20, 21, 24, 25, 27, 30, 32, 33, 36, 
      38, 41, 42 ], 
  [ 1, 2, 7, 8, 9, 10, 16, 17, 20, 21, 24, 25, 27, 30, 32, 33, 36, 38, 39, 
      41, 42, 44 ], 
  [ 1, 2, 7, 8, 9, 10, 16, 17, 20, 21, 22, 23, 24, 27, 30, 31, 35, 36, 38, 
      41, 43, 44 ], 
  [ 1, 3, 5, 7, 8, 9, 10, 16, 17, 20, 21, 24, 25, 27, 30, 31, 34, 35, 38, 
      41, 43, 44 ], 
  [ 3, 4, 5, 6, 7, 8, 9, 10, 16, 17, 20, 21, 24, 25, 27, 30, 31, 35, 36, 38, 
      41, 44 ], 
  [ 1, 2, 3, 7, 9, 11, 14, 15, 16, 19, 20, 25, 26, 29, 30, 33, 34, 38, 39, 
      41, 42, 43 ], 
  [ 1, 2, 3, 7, 9, 11, 14, 15, 16, 19, 20, 22, 23, 26, 29, 30, 31, 35, 36, 
      38, 41, 43 ], 
  [ 2, 3, 4, 6, 7, 9, 11, 14, 15, 16, 19, 20, 25, 26, 29, 30, 31, 34, 35, 
      38, 41, 43 ], 
  [ 2, 3, 4, 6, 7, 9, 11, 14, 15, 16, 19, 20, 25, 26, 29, 30, 33, 36, 38, 
      39, 41, 42 ], 
  [ 1, 2, 7, 10, 11, 13, 15, 16, 19, 20, 25, 26, 29, 30, 31, 35, 36, 37, 38, 
      41, 42, 44 ], 
  [ 1, 2, 7, 10, 11, 13, 15, 16, 19, 20, 22, 23, 26, 29, 30, 32, 34, 37, 39, 
      42, 43, 45 ], 
  [ 1, 3, 7, 10, 11, 13, 15, 16, 19, 20, 25, 26, 29, 30, 31, 35, 36, 37, 38, 
      41, 42, 44 ], 
  [ 1, 3, 7, 10, 11, 13, 15, 16, 19, 20, 22, 23, 26, 29, 30, 32, 34, 37, 39, 
      42, 43, 45 ], 
  [ 1, 2, 6, 7, 10, 11, 13, 15, 16, 19, 20, 21, 24, 25, 29, 30, 32, 34, 37, 
      39, 42, 45 ], 
  [ 1, 2, 6, 7, 10, 11, 13, 15, 16, 19, 20, 21, 24, 25, 29, 30, 32, 36, 37, 
      39, 42, 45 ], 
  [ 1, 2, 6, 7, 10, 11, 13, 15, 16, 19, 20, 21, 22, 23, 24, 29, 30, 31, 35, 
      36, 37, 45 ], 
  [ 2, 4, 6, 7, 10, 11, 13, 15, 16, 19, 20, 22, 23, 26, 29, 30, 31, 34, 35, 
      37, 43, 45 ], 
  [ 2, 4, 6, 7, 10, 11, 13, 15, 16, 19, 20, 22, 23, 26, 29, 30, 32, 36, 37, 
      39, 42, 45 ], 
  [ 3, 4, 6, 7, 10, 11, 13, 15, 16, 19, 20, 22, 23, 26, 29, 30, 31, 34, 35, 
      37, 43, 45 ], 
  [ 3, 4, 6, 7, 10, 11, 13, 15, 16, 19, 20, 22, 23, 26, 29, 30, 32, 36, 37, 
      39, 42, 45 ], 
  [ 1, 2, 5, 6, 7, 10, 11, 14, 19, 20, 21, 24, 29, 30, 32, 33, 34, 37, 38, 
      39, 42, 43 ], 
  [ 1, 2, 5, 6, 7, 10, 11, 14, 19, 20, 21, 24, 25, 29, 30, 32, 33, 34, 37, 
      38, 39, 42 ], 
  [ 1, 2, 5, 6, 7, 10, 11, 14, 19, 20, 21, 24, 25, 29, 30, 32, 33, 36, 37, 
      38, 39, 42 ], 
  [ 1, 3, 5, 6, 7, 10, 11, 13, 15, 16, 19, 20, 21, 24, 25, 29, 30, 31, 34, 
      35, 37, 45 ], 
  [ 1, 3, 5, 6, 7, 10, 11, 13, 15, 16, 19, 20, 21, 24, 25, 29, 30, 31, 35, 
      36, 37, 45 ], 
  [ 3, 4, 5, 6, 7, 10, 11, 14, 19, 20, 22, 23, 29, 30, 32, 33, 36, 37, 38, 
      39, 42, 43 ], 
  [ 1, 2, 3, 7, 9, 10, 11, 13, 14, 15, 16, 19, 20, 25, 26, 29, 30, 34, 35, 
      37, 39, 45 ], 
  [ 1, 2, 3, 7, 9, 10, 11, 13, 14, 15, 16, 19, 20, 25, 26, 29, 30, 35, 36, 
      38, 41, 42 ], 
  [ 1, 2, 3, 7, 9, 10, 11, 13, 14, 15, 16, 19, 20, 25, 26, 29, 30, 35, 36, 
      37, 39, 45 ], 
  [ 1, 2, 7, 8, 9, 10, 12, 13, 16, 17, 20, 21, 22, 24, 25, 27, 28, 31, 35, 
      36, 41, 44 ], 
  [ 1, 3, 5, 7, 8, 9, 10, 12, 13, 16, 17, 21, 22, 23, 24, 27, 28, 31, 35, 
      41, 43, 44 ], 
  [ 1, 3, 5, 7, 8, 9, 10, 12, 13, 16, 17, 21, 22, 23, 24, 27, 28, 31, 35, 
      36, 41, 44 ], 
  [ 1, 2, 3, 7, 9, 15, 16, 19, 20, 21, 22, 23, 26, 27, 30, 33, 36, 38, 39, 
      41, 42, 43, 44 ], 
  [ 2, 3, 4, 6, 7, 9, 15, 16, 19, 20, 21, 25, 26, 27, 30, 33, 34, 38, 39, 
      41, 42, 43, 44 ], 
  [ 1, 2, 3, 4, 8, 9, 13, 16, 19, 20, 21, 22, 25, 26, 27, 28, 32, 34, 36, 
      39, 40, 42, 44 ], 
  [ 1, 2, 3, 4, 8, 9, 16, 17, 19, 21, 22, 23, 26, 27, 28, 31, 35, 36, 38, 
      40, 41, 43, 44 ], 
  [ 1, 3, 5, 8, 9, 16, 17, 20, 21, 22, 24, 25, 27, 28, 31, 34, 35, 36, 38, 
      40, 41, 43, 44 ], 
  [ 1, 3, 5, 8, 9, 16, 17, 21, 22, 23, 24, 27, 28, 32, 33, 36, 38, 39, 40, 
      41, 42, 43, 44 ], 
  [ 1, 2, 7, 10, 16, 17, 19, 20, 22, 23, 26, 29, 30, 32, 33, 36, 37, 38, 39, 
      41, 42, 43, 44 ], 
  [ 1, 2, 7, 10, 16, 17, 19, 20, 21, 24, 25, 29, 30, 32, 33, 34, 37, 38, 39, 
      41, 42, 43, 44 ], 
  [ 1, 3, 7, 10, 16, 17, 19, 20, 22, 23, 26, 29, 30, 32, 33, 36, 37, 38, 39, 
      41, 42, 43, 44 ], 
  [ 3, 4, 7, 10, 16, 17, 19, 20, 22, 23, 26, 29, 30, 32, 33, 36, 37, 38, 39, 
      41, 42, 43, 44 ], 
  [ 1, 3, 5, 7, 10, 16, 17, 19, 20, 21, 24, 25, 29, 30, 32, 33, 36, 37, 38, 
      39, 41, 42, 44 ], 
  [ 1, 3, 5, 7, 10, 16, 17, 19, 20, 21, 22, 23, 24, 29, 30, 31, 35, 36, 37, 
      38, 41, 43, 44 ], 
  [ 2, 4, 5, 6, 7, 10, 14, 17, 19, 20, 21, 22, 23, 24, 29, 30, 32, 33, 36, 
      37, 38, 39, 43 ], 
  [ 3, 4, 5, 6, 7, 10, 16, 17, 19, 20, 21, 24, 25, 29, 30, 31, 34, 35, 37, 
      38, 41, 43, 44 ], 
  [ 1, 2, 3, 7, 9, 10, 14, 16, 17, 19, 20, 25, 26, 29, 30, 33, 35, 36, 37, 
      38, 39, 41, 44 ], 
  [ 1, 2, 3, 7, 9, 10, 13, 15, 16, 19, 20, 21, 25, 26, 27, 30, 33, 34, 39, 
      41, 42, 43, 44 ], 
  [ 1, 2, 3, 7, 9, 10, 13, 15, 16, 19, 20, 21, 22, 23, 26, 27, 30, 33, 39, 
      41, 42, 43, 44 ], 
  [ 1, 2, 3, 7, 9, 10, 13, 15, 16, 19, 20, 21, 22, 23, 26, 27, 30, 33, 36, 
      39, 41, 42, 44 ], 
  [ 2, 3, 4, 7, 9, 10, 14, 16, 17, 19, 20, 25, 26, 29, 30, 33, 35, 36, 37, 
      38, 39, 41, 44 ], 
  [ 2, 3, 4, 6, 7, 9, 10, 13, 15, 16, 19, 20, 21, 25, 26, 27, 30, 33, 36, 
      39, 41, 42, 44 ], 
  [ 1, 2, 8, 9, 10, 13, 16, 17, 21, 22, 23, 24, 27, 28, 32, 35, 36, 38, 40, 
      41, 42, 43, 44 ], 
  [ 1, 2, 5, 8, 9, 10, 14, 17, 18, 20, 21, 22, 23, 24, 27, 30, 32, 33, 36, 
      38, 41, 42, 43 ], 
  [ 2, 4, 5, 6, 8, 9, 10, 14, 17, 18, 20, 21, 24, 25, 27, 30, 32, 33, 34, 
      38, 41, 42, 43 ], 
  [ 1, 2, 7, 8, 9, 10, 16, 17, 20, 21, 24, 25, 27, 30, 32, 33, 34, 38, 39, 
      41, 42, 43, 44 ], 
  [ 1, 2, 3, 4, 7, 8, 9, 10, 16, 17, 19, 20, 21, 25, 26, 27, 30, 31, 35, 36, 
      38, 41, 44 ], 
  [ 1, 3, 5, 7, 8, 9, 10, 16, 17, 20, 21, 24, 25, 27, 30, 32, 33, 36, 38, 
      39, 41, 42, 44 ], 
  [ 1, 3, 5, 7, 8, 9, 10, 16, 17, 20, 21, 22, 23, 24, 27, 30, 31, 35, 36, 
      38, 41, 43, 44 ], 
  [ 3, 4, 5, 6, 7, 8, 9, 10, 16, 17, 20, 21, 24, 25, 27, 30, 31, 34, 35, 38, 
      41, 43, 44 ], 
  [ 1, 2, 3, 7, 9, 11, 14, 15, 16, 19, 20, 22, 23, 26, 29, 30, 33, 36, 38, 
      39, 41, 42, 43 ], 
  [ 2, 3, 4, 6, 7, 9, 11, 14, 15, 16, 19, 20, 25, 26, 29, 30, 33, 34, 38, 
      39, 41, 42, 43 ], 
  [ 2, 3, 4, 6, 7, 9, 11, 14, 15, 16, 19, 20, 22, 23, 26, 29, 30, 31, 35, 
      36, 38, 41, 43 ], 
  [ 1, 2, 3, 5, 6, 7, 9, 11, 14, 15, 16, 19, 20, 21, 24, 25, 29, 30, 31, 35, 
      36, 38, 41 ], 
  [ 1, 2, 7, 10, 11, 13, 15, 16, 19, 20, 25, 26, 29, 30, 31, 34, 35, 37, 38, 
      41, 42, 43, 44 ], 
  [ 1, 3, 7, 10, 11, 13, 15, 16, 19, 20, 25, 26, 29, 30, 31, 34, 35, 37, 38, 
      41, 42, 43, 44 ], 
  [ 1, 2, 6, 7, 10, 11, 13, 15, 16, 19, 20, 21, 22, 23, 24, 29, 30, 31, 34, 
      35, 37, 43, 45 ], 
  [ 1, 2, 6, 7, 10, 11, 13, 15, 16, 19, 20, 21, 22, 23, 24, 29, 30, 32, 36, 
      37, 39, 42, 45 ], 
  [ 2, 4, 6, 7, 10, 11, 13, 15, 16, 19, 20, 25, 26, 29, 30, 31, 35, 36, 37, 
      38, 41, 42, 44 ], 
  [ 2, 4, 6, 7, 10, 11, 13, 15, 16, 19, 20, 22, 23, 26, 29, 30, 32, 34, 37, 
      39, 42, 43, 45 ], 
  [ 3, 4, 6, 7, 10, 11, 13, 15, 16, 19, 20, 25, 26, 29, 30, 31, 35, 36, 37, 
      38, 41, 42, 44 ], 
  [ 3, 4, 6, 7, 10, 11, 13, 15, 16, 19, 20, 22, 23, 26, 29, 30, 32, 34, 37, 
      39, 42, 43, 45 ], 
  [ 1, 3, 5, 6, 7, 10, 11, 13, 15, 16, 19, 20, 21, 24, 25, 29, 30, 32, 34, 
      37, 39, 42, 45 ], 
  [ 1, 3, 5, 6, 7, 10, 11, 13, 15, 16, 19, 20, 21, 24, 25, 29, 30, 32, 36, 
      37, 39, 42, 45 ], 
  [ 1, 3, 5, 6, 7, 10, 11, 13, 15, 16, 19, 20, 21, 22, 23, 24, 29, 30, 31, 
      35, 36, 37, 45 ], 
  [ 1, 2, 3, 7, 9, 10, 11, 13, 14, 15, 16, 19, 20, 26, 29, 30, 34, 35, 37, 
      38, 39, 42, 43 ], 
  [ 1, 2, 3, 7, 9, 10, 11, 13, 14, 15, 16, 19, 20, 25, 26, 29, 30, 34, 35, 
      37, 38, 39, 42 ], 
  [ 1, 2, 3, 7, 9, 10, 11, 13, 14, 15, 16, 19, 20, 25, 26, 29, 30, 34, 35, 
      38, 41, 42, 43 ], 
  [ 1, 2, 3, 7, 9, 10, 11, 13, 14, 15, 16, 19, 20, 25, 26, 29, 30, 35, 36, 
      37, 38, 39, 42 ], 
  [ 1, 2, 3, 7, 9, 10, 11, 13, 14, 15, 16, 19, 20, 22, 23, 26, 29, 30, 35, 
      36, 37, 39, 45 ], 
  [ 2, 3, 4, 6, 7, 9, 10, 11, 13, 14, 15, 16, 19, 20, 25, 26, 29, 30, 34, 
      35, 37, 39, 45 ], 
  [ 2, 3, 4, 6, 7, 9, 10, 11, 13, 14, 15, 16, 19, 20, 25, 26, 29, 30, 35, 
      36, 38, 41, 42 ], 
  [ 2, 3, 4, 6, 7, 9, 10, 11, 13, 14, 15, 16, 19, 20, 25, 26, 29, 30, 35, 
      36, 37, 39, 45 ], 
  [ 1, 2, 3, 4, 7, 8, 9, 10, 11, 14, 16, 17, 19, 20, 25, 26, 29, 30, 31, 35, 
      36, 38, 41 ], 
  [ 1, 2, 7, 8, 9, 10, 12, 13, 16, 17, 20, 21, 22, 24, 25, 27, 28, 31, 34, 
      35, 41, 43, 44 ], 
  [ 1, 2, 7, 8, 9, 10, 12, 13, 16, 17, 21, 22, 23, 24, 27, 28, 32, 33, 39, 
      41, 42, 43, 44 ], 
  [ 1, 2, 7, 8, 9, 10, 12, 13, 16, 17, 21, 22, 23, 24, 27, 28, 32, 33, 36, 
      39, 41, 42, 44 ], 
  [ 1, 3, 5, 7, 8, 9, 10, 12, 13, 16, 17, 20, 21, 22, 24, 25, 27, 28, 31, 
      35, 36, 41, 44 ], 
  [ 3, 4, 5, 6, 7, 8, 9, 10, 12, 13, 16, 17, 21, 22, 23, 24, 27, 28, 31, 35, 
      41, 43, 44 ], 
  [ 3, 4, 5, 6, 7, 8, 9, 10, 12, 13, 16, 17, 21, 22, 23, 24, 27, 28, 31, 35, 
      36, 41, 44 ], 
  [ 2, 3, 4, 6, 7, 9, 15, 16, 19, 20, 21, 22, 23, 26, 27, 30, 33, 36, 38, 
      39, 41, 42, 43, 44 ], 
  [ 1, 2, 8, 9, 16, 17, 20, 21, 22, 24, 25, 27, 28, 32, 33, 34, 36, 38, 39, 
      40, 41, 42, 43, 44 ], 
  [ 3, 4, 5, 6, 8, 9, 16, 17, 20, 21, 22, 24, 25, 27, 28, 31, 34, 35, 36, 
      38, 40, 41, 43, 44 ], 
  [ 3, 4, 5, 6, 8, 9, 16, 17, 21, 22, 23, 24, 27, 28, 32, 33, 36, 38, 39, 
      40, 41, 42, 43, 44 ], 
  [ 1, 2, 7, 10, 16, 17, 19, 20, 21, 22, 23, 24, 29, 30, 32, 33, 36, 37, 38, 
      39, 41, 42, 43, 44 ], 
  [ 1, 3, 5, 7, 10, 16, 17, 19, 20, 21, 24, 25, 29, 30, 32, 33, 34, 37, 38, 
      39, 41, 42, 43, 44 ], 
  [ 3, 4, 5, 6, 7, 10, 16, 17, 19, 20, 21, 24, 25, 29, 30, 32, 33, 36, 37, 
      38, 39, 41, 42, 44 ], 
  [ 3, 4, 5, 6, 7, 10, 16, 17, 19, 20, 21, 22, 23, 24, 29, 30, 31, 35, 36, 
      37, 38, 41, 43, 44 ], 
  [ 1, 2, 3, 7, 9, 10, 14, 16, 17, 19, 20, 25, 26, 29, 30, 33, 34, 35, 37, 
      38, 39, 41, 43, 44 ], 
  [ 2, 3, 4, 7, 9, 10, 14, 16, 17, 19, 20, 25, 26, 29, 30, 33, 34, 35, 37, 
      38, 39, 41, 43, 44 ], 
  [ 2, 3, 4, 6, 7, 9, 10, 13, 15, 16, 19, 20, 21, 25, 26, 27, 30, 33, 34, 
      39, 41, 42, 43, 44 ], 
  [ 2, 3, 4, 6, 7, 9, 10, 13, 15, 16, 19, 20, 21, 22, 23, 26, 27, 30, 33, 
      39, 41, 42, 43, 44 ], 
  [ 2, 3, 4, 6, 7, 9, 10, 13, 15, 16, 19, 20, 21, 22, 23, 26, 27, 30, 33, 
      36, 39, 41, 42, 44 ], 
  [ 1, 3, 5, 8, 9, 10, 13, 16, 17, 21, 22, 23, 24, 27, 28, 32, 35, 36, 38, 
      40, 41, 42, 43, 44 ], 
  [ 1, 2, 3, 4, 5, 8, 9, 10, 14, 17, 18, 19, 20, 21, 25, 26, 27, 30, 32, 33, 
      36, 38, 41, 42 ], 
  [ 2, 4, 6, 8, 9, 10, 13, 16, 17, 21, 22, 23, 24, 27, 28, 32, 35, 36, 38, 
      40, 41, 42, 43, 44 ], 
  [ 2, 4, 5, 6, 8, 9, 10, 14, 17, 18, 20, 21, 22, 23, 24, 27, 30, 32, 33, 
      36, 38, 41, 42, 43 ], 
  [ 1, 2, 7, 8, 9, 10, 16, 17, 20, 21, 22, 23, 24, 27, 30, 32, 33, 36, 38, 
      39, 41, 42, 43, 44 ], 
  [ 1, 2, 3, 4, 7, 8, 9, 10, 16, 17, 19, 20, 21, 25, 26, 27, 30, 31, 34, 35, 
      38, 41, 43, 44 ], 
  [ 1, 3, 5, 7, 8, 9, 10, 16, 17, 20, 21, 24, 25, 27, 30, 32, 33, 34, 38, 
      39, 41, 42, 43, 44 ], 
  [ 3, 4, 5, 6, 7, 8, 9, 10, 16, 17, 20, 21, 24, 25, 27, 30, 32, 33, 36, 38, 
      39, 41, 42, 44 ], 
  [ 3, 4, 5, 6, 7, 8, 9, 10, 16, 17, 20, 21, 22, 23, 24, 27, 30, 31, 35, 36, 
      38, 41, 43, 44 ], 
  [ 1, 2, 3, 7, 9, 11, 14, 15, 16, 19, 20, 25, 26, 29, 30, 31, 34, 35, 36, 
      37, 38, 39, 40, 45 ], 
  [ 2, 3, 4, 6, 7, 9, 11, 14, 15, 16, 19, 20, 22, 23, 26, 29, 30, 33, 36, 
      38, 39, 41, 42, 43 ], 
  [ 1, 2, 3, 5, 6, 7, 9, 11, 14, 15, 16, 19, 20, 21, 24, 25, 29, 30, 31, 34, 
      35, 38, 41, 43 ], 
  [ 1, 2, 3, 5, 6, 7, 9, 11, 14, 15, 16, 19, 20, 21, 24, 25, 29, 30, 33, 36, 
      38, 39, 41, 42 ], 
  [ 1, 2, 7, 10, 11, 13, 15, 16, 19, 20, 22, 23, 26, 29, 30, 31, 35, 36, 37, 
      38, 41, 42, 43, 44 ], 
  [ 1, 3, 7, 10, 11, 13, 15, 16, 19, 20, 22, 23, 26, 29, 30, 31, 35, 36, 37, 
      38, 41, 42, 43, 44 ], 
  [ 1, 2, 6, 7, 10, 11, 13, 15, 16, 19, 20, 21, 24, 25, 29, 30, 31, 35, 36, 
      37, 38, 41, 42, 44 ], 
  [ 1, 2, 6, 7, 10, 11, 13, 15, 16, 19, 20, 21, 22, 23, 24, 29, 30, 32, 34, 
      37, 39, 42, 43, 45 ], 
  [ 2, 4, 6, 7, 10, 11, 13, 15, 16, 19, 20, 25, 26, 29, 30, 31, 34, 35, 37, 
      38, 41, 42, 43, 44 ], 
  [ 3, 4, 6, 7, 10, 11, 13, 15, 16, 19, 20, 25, 26, 29, 30, 31, 34, 35, 37, 
      38, 41, 42, 43, 44 ], 
  [ 1, 2, 5, 6, 7, 10, 11, 14, 19, 20, 21, 22, 23, 24, 29, 30, 32, 33, 36, 
      37, 38, 39, 42, 43 ], 
  [ 1, 3, 5, 6, 7, 10, 11, 13, 15, 16, 19, 20, 21, 22, 23, 24, 29, 30, 31, 
      34, 35, 37, 43, 45 ], 
  [ 1, 3, 5, 6, 7, 10, 11, 13, 15, 16, 19, 20, 21, 22, 23, 24, 29, 30, 32, 
      36, 37, 39, 42, 45 ], 
  [ 1, 2, 3, 7, 9, 10, 11, 13, 14, 15, 16, 19, 20, 22, 23, 26, 29, 30, 34, 
      35, 37, 39, 43, 45 ], 
  [ 1, 2, 3, 7, 9, 10, 11, 13, 14, 15, 16, 19, 20, 22, 23, 26, 29, 30, 35, 
      36, 38, 41, 42, 43 ], 
  [ 2, 3, 4, 6, 7, 9, 10, 11, 13, 14, 15, 16, 19, 20, 26, 29, 30, 34, 35, 
      37, 38, 39, 42, 43 ], 
  [ 2, 3, 4, 6, 7, 9, 10, 11, 13, 14, 15, 16, 19, 20, 25, 26, 29, 30, 34, 
      35, 37, 38, 39, 42 ], 
  [ 2, 3, 4, 6, 7, 9, 10, 11, 13, 14, 15, 16, 19, 20, 25, 26, 29, 30, 34, 
      35, 38, 41, 42, 43 ], 
  [ 2, 3, 4, 6, 7, 9, 10, 11, 13, 14, 15, 16, 19, 20, 25, 26, 29, 30, 35, 
      36, 37, 38, 39, 42 ], 
  [ 2, 3, 4, 6, 7, 9, 10, 11, 13, 14, 15, 16, 19, 20, 22, 23, 26, 29, 30, 
      35, 36, 37, 39, 45 ], 
  [ 1, 2, 3, 4, 7, 8, 9, 10, 11, 14, 16, 17, 19, 20, 25, 26, 29, 30, 31, 34, 
      35, 38, 41, 43 ], 
  [ 1, 2, 6, 7, 8, 9, 10, 11, 13, 15, 16, 20, 21, 24, 25, 27, 30, 31, 35, 
      36, 38, 41, 42, 44 ], 
  [ 1, 2, 7, 8, 9, 10, 12, 13, 16, 17, 20, 21, 22, 24, 25, 27, 28, 32, 33, 
      36, 39, 41, 42, 44 ], 
  [ 1, 2, 3, 4, 7, 8, 9, 10, 12, 13, 16, 17, 19, 21, 22, 23, 26, 27, 28, 31, 
      35, 41, 43, 44 ], 
  [ 1, 2, 3, 4, 7, 8, 9, 10, 12, 13, 16, 17, 19, 21, 22, 23, 26, 27, 28, 31, 
      35, 36, 41, 44 ], 
  [ 1, 3, 5, 7, 8, 9, 10, 12, 13, 16, 17, 20, 21, 22, 24, 25, 27, 28, 31, 
      34, 35, 41, 43, 44 ], 
  [ 1, 3, 5, 7, 8, 9, 10, 12, 13, 16, 17, 21, 22, 23, 24, 27, 28, 32, 33, 
      39, 41, 42, 43, 44 ], 
  [ 1, 3, 5, 7, 8, 9, 10, 12, 13, 16, 17, 21, 22, 23, 24, 27, 28, 32, 33, 
      36, 39, 41, 42, 44 ], 
  [ 3, 4, 5, 6, 7, 8, 9, 10, 12, 13, 16, 17, 20, 21, 22, 24, 25, 27, 28, 31, 
      35, 36, 41, 44 ], 
  [ 1, 2, 3, 4, 8, 9, 16, 17, 19, 20, 21, 22, 25, 26, 27, 28, 31, 34, 35, 
      36, 38, 40, 41, 43, 44 ], 
  [ 1, 2, 3, 4, 8, 9, 16, 17, 19, 21, 22, 23, 26, 27, 28, 32, 33, 36, 38, 
      39, 40, 41, 42, 43, 44 ], 
  [ 1, 3, 5, 8, 9, 16, 17, 20, 21, 22, 24, 25, 27, 28, 32, 33, 34, 36, 38, 
      39, 40, 41, 42, 43, 44 ], 
  [ 1, 3, 5, 7, 10, 16, 17, 19, 20, 21, 22, 23, 24, 29, 30, 32, 33, 36, 37, 
      38, 39, 41, 42, 43, 44 ], 
  [ 3, 4, 5, 6, 7, 10, 16, 17, 19, 20, 21, 24, 25, 29, 30, 32, 33, 34, 37, 
      38, 39, 41, 42, 43, 44 ], 
  [ 1, 2, 3, 7, 9, 10, 13, 14, 15, 16, 19, 20, 25, 26, 29, 30, 33, 35, 36, 
      37, 38, 39, 41, 42, 44 ], 
  [ 1, 2, 3, 7, 9, 10, 14, 16, 17, 19, 20, 22, 23, 26, 29, 30, 33, 35, 36, 
      37, 38, 39, 41, 43, 44 ], 
  [ 2, 3, 4, 7, 9, 10, 14, 16, 17, 19, 20, 22, 23, 26, 29, 30, 33, 35, 36, 
      37, 38, 39, 41, 43, 44 ], 
  [ 1, 2, 3, 5, 7, 9, 10, 14, 16, 17, 19, 20, 21, 24, 25, 29, 30, 33, 35, 
      36, 37, 38, 39, 41, 44 ], 
  [ 1, 2, 8, 9, 10, 13, 16, 17, 20, 21, 22, 24, 25, 27, 28, 32, 34, 35, 36, 
      38, 40, 41, 42, 43, 44 ], 
  [ 1, 2, 3, 4, 5, 8, 9, 10, 14, 17, 18, 19, 20, 21, 25, 26, 27, 30, 32, 33, 
      34, 38, 41, 42, 43 ], 
  [ 3, 4, 5, 6, 8, 9, 10, 13, 16, 17, 21, 22, 23, 24, 27, 28, 32, 35, 36, 
      38, 40, 41, 42, 43, 44 ], 
  [ 1, 2, 7, 8, 9, 10, 16, 17, 20, 21, 24, 25, 27, 30, 31, 32, 34, 35, 36, 
      37, 38, 39, 40, 44, 45 ], 
  [ 1, 2, 3, 4, 7, 8, 9, 10, 16, 17, 19, 20, 21, 25, 26, 27, 30, 32, 33, 36, 
      38, 39, 41, 42, 44 ], 
  [ 1, 2, 3, 4, 7, 8, 9, 10, 16, 17, 19, 20, 21, 22, 23, 26, 27, 30, 31, 35, 
      36, 38, 41, 43, 44 ], 
  [ 1, 3, 5, 7, 8, 9, 10, 16, 17, 20, 21, 22, 23, 24, 27, 30, 32, 33, 36, 
      38, 39, 41, 42, 43, 44 ], 
  [ 3, 4, 5, 6, 7, 8, 9, 10, 16, 17, 20, 21, 24, 25, 27, 30, 32, 33, 34, 38, 
      39, 41, 42, 43, 44 ], 
  [ 2, 3, 4, 6, 7, 9, 11, 14, 15, 16, 19, 20, 25, 26, 29, 30, 31, 34, 35, 
      36, 37, 38, 39, 40, 45 ], 
  [ 1, 2, 3, 5, 6, 7, 9, 11, 14, 15, 16, 19, 20, 21, 24, 25, 29, 30, 33, 34, 
      38, 39, 41, 42, 43 ], 
  [ 1, 2, 3, 5, 6, 7, 9, 11, 14, 15, 16, 19, 20, 21, 22, 23, 24, 29, 30, 31, 
      35, 36, 38, 41, 43 ], 
  [ 1, 2, 6, 7, 10, 11, 13, 15, 16, 19, 20, 21, 24, 25, 29, 30, 31, 34, 35, 
      37, 38, 41, 42, 43, 44 ], 
  [ 2, 4, 6, 7, 10, 11, 13, 15, 16, 19, 20, 22, 23, 26, 29, 30, 31, 35, 36, 
      37, 38, 41, 42, 43, 44 ], 
  [ 3, 4, 6, 7, 10, 11, 13, 15, 16, 19, 20, 22, 23, 26, 29, 30, 31, 35, 36, 
      37, 38, 41, 42, 43, 44 ], 
  [ 1, 3, 5, 6, 7, 10, 11, 13, 15, 16, 19, 20, 21, 24, 25, 29, 30, 31, 35, 
      36, 37, 38, 41, 42, 44 ], 
  [ 1, 3, 5, 6, 7, 10, 11, 13, 15, 16, 19, 20, 21, 22, 23, 24, 29, 30, 32, 
      34, 37, 39, 42, 43, 45 ], 
  [ 1, 2, 3, 7, 9, 10, 11, 13, 14, 15, 16, 19, 20, 22, 23, 26, 29, 30, 35, 
      36, 37, 38, 39, 42, 43 ], 
  [ 2, 3, 4, 6, 7, 9, 10, 11, 13, 14, 15, 16, 19, 20, 22, 23, 26, 29, 30, 
      34, 35, 37, 39, 43, 45 ], 
  [ 2, 3, 4, 6, 7, 9, 10, 11, 13, 14, 15, 16, 19, 20, 22, 23, 26, 29, 30, 
      35, 36, 38, 41, 42, 43 ], 
  [ 1, 2, 3, 5, 6, 7, 9, 10, 11, 13, 14, 15, 16, 19, 20, 21, 24, 25, 29, 30, 
      34, 35, 37, 39, 45 ], 
  [ 1, 2, 3, 5, 6, 7, 9, 10, 11, 13, 14, 15, 16, 19, 20, 21, 24, 25, 29, 30, 
      35, 36, 38, 41, 42 ], 
  [ 1, 2, 3, 5, 6, 7, 9, 10, 11, 13, 14, 15, 16, 19, 20, 21, 24, 25, 29, 30, 
      35, 36, 37, 39, 45 ], 
  [ 1, 2, 3, 4, 7, 8, 9, 10, 11, 14, 16, 17, 19, 20, 25, 26, 29, 30, 32, 33, 
      36, 38, 39, 41, 42 ], 
  [ 1, 2, 3, 4, 7, 8, 9, 10, 11, 14, 16, 17, 19, 20, 22, 23, 26, 29, 30, 31, 
      35, 36, 38, 41, 43 ], 
  [ 1, 2, 6, 7, 8, 9, 10, 11, 13, 15, 16, 20, 21, 24, 25, 27, 30, 31, 34, 
      35, 38, 41, 42, 43, 44 ], 
  [ 1, 3, 5, 6, 7, 8, 9, 10, 11, 13, 15, 16, 20, 21, 24, 25, 27, 30, 31, 35, 
      36, 38, 41, 42, 44 ], 
  [ 1, 2, 7, 8, 9, 10, 12, 13, 16, 17, 20, 21, 22, 24, 25, 27, 28, 32, 33, 
      34, 39, 41, 42, 43, 44 ], 
  [ 1, 2, 7, 8, 9, 10, 12, 13, 16, 17, 21, 22, 23, 24, 27, 28, 31, 32, 35, 
      36, 37, 39, 40, 44, 45 ], 
  [ 1, 2, 3, 4, 7, 8, 9, 10, 12, 13, 16, 17, 19, 20, 21, 22, 25, 26, 27, 28, 
      31, 35, 36, 41, 44 ], 
  [ 1, 3, 5, 7, 8, 9, 10, 12, 13, 16, 17, 20, 21, 22, 24, 25, 27, 28, 32, 
      33, 36, 39, 41, 42, 44 ], 
  [ 3, 4, 5, 6, 7, 8, 9, 10, 12, 13, 16, 17, 20, 21, 22, 24, 25, 27, 28, 31, 
      34, 35, 41, 43, 44 ], 
  [ 3, 4, 5, 6, 7, 8, 9, 10, 12, 13, 16, 17, 21, 22, 23, 24, 27, 28, 32, 33, 
      39, 41, 42, 43, 44 ], 
  [ 3, 4, 5, 6, 7, 8, 9, 10, 12, 13, 16, 17, 21, 22, 23, 24, 27, 28, 32, 33, 
      36, 39, 41, 42, 44 ], 
  [ 3, 4, 5, 6, 8, 9, 16, 17, 20, 21, 22, 24, 25, 27, 28, 32, 33, 34, 36, 
      38, 39, 40, 41, 42, 43, 44 ], 
  [ 3, 4, 5, 6, 7, 10, 16, 17, 19, 20, 21, 22, 23, 24, 29, 30, 32, 33, 36, 
      37, 38, 39, 41, 42, 43, 44 ], 
  [ 1, 2, 3, 7, 9, 10, 13, 14, 15, 16, 19, 20, 25, 26, 29, 30, 33, 34, 35, 
      37, 38, 39, 41, 42, 43, 44 ], 
  [ 1, 2, 3, 5, 7, 9, 10, 14, 16, 17, 19, 20, 21, 24, 25, 29, 30, 33, 34, 
      35, 37, 38, 39, 41, 43, 44 ], 
  [ 2, 3, 4, 6, 7, 9, 10, 13, 14, 15, 16, 19, 20, 25, 26, 29, 30, 33, 35, 
      36, 37, 38, 39, 41, 42, 44 ], 
  [ 2, 3, 4, 5, 6, 7, 9, 10, 14, 16, 17, 19, 20, 21, 24, 25, 29, 30, 33, 35, 
      36, 37, 38, 39, 41, 44 ], 
  [ 1, 2, 3, 4, 8, 9, 10, 13, 16, 17, 19, 21, 22, 23, 26, 27, 28, 32, 35, 
      36, 38, 40, 41, 42, 43, 44 ], 
  [ 1, 2, 5, 8, 9, 10, 13, 14, 17, 18, 21, 22, 23, 24, 27, 28, 32, 33, 35, 
      36, 38, 40, 41, 42, 43, 44 ], 
  [ 1, 3, 5, 8, 9, 10, 13, 16, 17, 20, 21, 22, 24, 25, 27, 28, 32, 34, 35, 
      36, 38, 40, 41, 42, 43, 44 ], 
  [ 1, 2, 3, 4, 5, 8, 9, 10, 14, 17, 18, 19, 20, 21, 22, 23, 26, 27, 30, 32, 
      33, 36, 38, 41, 42, 43 ], 
  [ 2, 4, 6, 8, 9, 10, 13, 16, 17, 20, 21, 22, 24, 25, 27, 28, 32, 34, 35, 
      36, 38, 40, 41, 42, 43, 44 ], 
  [ 1, 2, 3, 4, 7, 8, 9, 10, 16, 17, 19, 20, 21, 25, 26, 27, 30, 32, 33, 34, 
      38, 39, 41, 42, 43, 44 ], 
  [ 1, 3, 5, 7, 8, 9, 10, 16, 17, 20, 21, 24, 25, 27, 30, 31, 32, 34, 35, 
      36, 37, 38, 39, 40, 44, 45 ], 
  [ 3, 4, 5, 6, 7, 8, 9, 10, 16, 17, 20, 21, 22, 23, 24, 27, 30, 32, 33, 36, 
      38, 39, 41, 42, 43, 44 ], 
  [ 1, 2, 3, 7, 9, 11, 14, 15, 16, 19, 20, 22, 23, 26, 29, 30, 31, 34, 35, 
      36, 37, 38, 39, 40, 43, 45 ], 
  [ 1, 2, 3, 5, 6, 7, 9, 11, 14, 15, 16, 19, 20, 21, 22, 23, 24, 29, 30, 33, 
      36, 38, 39, 41, 42, 43 ], 
  [ 1, 2, 6, 7, 10, 11, 13, 15, 16, 19, 20, 21, 22, 23, 24, 29, 30, 31, 35, 
      36, 37, 38, 41, 42, 43, 44 ], 
  [ 1, 3, 5, 6, 7, 10, 11, 13, 15, 16, 19, 20, 21, 24, 25, 29, 30, 31, 34, 
      35, 37, 38, 41, 42, 43, 44 ], 
  [ 2, 3, 4, 6, 7, 9, 10, 11, 13, 14, 15, 16, 19, 20, 22, 23, 26, 29, 30, 
      35, 36, 37, 38, 39, 42, 43 ], 
  [ 1, 2, 3, 5, 6, 7, 9, 10, 11, 13, 14, 15, 16, 19, 20, 21, 24, 29, 30, 34, 
      35, 37, 38, 39, 42, 43 ], 
  [ 1, 2, 3, 5, 6, 7, 9, 10, 11, 13, 14, 15, 16, 19, 20, 21, 24, 25, 29, 30, 
      34, 35, 37, 38, 39, 42 ], 
  [ 1, 2, 3, 5, 6, 7, 9, 10, 11, 13, 14, 15, 16, 19, 20, 21, 24, 25, 29, 30, 
      34, 35, 38, 41, 42, 43 ], 
  [ 1, 2, 3, 5, 6, 7, 9, 10, 11, 13, 14, 15, 16, 19, 20, 21, 24, 25, 29, 30, 
      35, 36, 37, 38, 39, 42 ], 
  [ 1, 2, 3, 5, 6, 7, 9, 10, 11, 13, 14, 15, 16, 19, 20, 21, 22, 23, 24, 29, 
      30, 35, 36, 37, 39, 45 ], 
  [ 1, 2, 3, 4, 7, 8, 9, 10, 11, 14, 16, 17, 19, 20, 25, 26, 29, 30, 32, 33, 
      34, 38, 39, 41, 42, 43 ], 
  [ 1, 2, 6, 7, 8, 9, 10, 11, 13, 15, 16, 20, 21, 22, 23, 24, 27, 30, 31, 
      35, 36, 38, 41, 42, 43, 44 ], 
  [ 1, 3, 5, 6, 7, 8, 9, 10, 11, 13, 15, 16, 20, 21, 24, 25, 27, 30, 31, 34, 
      35, 38, 41, 42, 43, 44 ], 
  [ 1, 2, 3, 4, 5, 6, 7, 8, 9, 10, 11, 14, 16, 17, 19, 20, 21, 24, 25, 29, 
      30, 31, 35, 36, 38, 41 ], 
  [ 1, 2, 7, 8, 9, 10, 12, 13, 16, 17, 21, 22, 23, 24, 27, 28, 31, 32, 34, 
      35, 37, 39, 40, 43, 44, 45 ], 
  [ 1, 2, 3, 4, 7, 8, 9, 10, 12, 13, 16, 17, 19, 20, 21, 22, 25, 26, 27, 28, 
      31, 34, 35, 41, 43, 44 ], 
  [ 1, 2, 3, 4, 7, 8, 9, 10, 12, 13, 16, 17, 19, 21, 22, 23, 26, 27, 28, 32, 
      33, 39, 41, 42, 43, 44 ], 
  [ 1, 2, 3, 4, 7, 8, 9, 10, 12, 13, 16, 17, 19, 21, 22, 23, 26, 27, 28, 32, 
      33, 36, 39, 41, 42, 44 ], 
  [ 1, 3, 5, 7, 8, 9, 10, 12, 13, 16, 17, 20, 21, 22, 24, 25, 27, 28, 32, 
      33, 34, 39, 41, 42, 43, 44 ], 
  [ 1, 3, 5, 7, 8, 9, 10, 12, 13, 16, 17, 21, 22, 23, 24, 27, 28, 31, 32, 
      35, 36, 37, 39, 40, 44, 45 ], 
  [ 3, 4, 5, 6, 7, 8, 9, 10, 12, 13, 16, 17, 20, 21, 22, 24, 25, 27, 28, 32, 
      33, 36, 39, 41, 42, 44 ], 
  [ 1, 2, 3, 4, 8, 9, 16, 17, 19, 20, 21, 22, 25, 26, 27, 28, 32, 33, 34, 
      36, 38, 39, 40, 41, 42, 43, 44 ], 
  [ 1, 2, 3, 7, 9, 10, 13, 14, 15, 16, 19, 20, 22, 23, 26, 29, 30, 33, 35, 
      36, 37, 38, 39, 41, 42, 43, 44 ], 
  [ 1, 2, 3, 5, 7, 9, 10, 13, 14, 15, 16, 19, 20, 21, 24, 25, 29, 30, 33, 
      35, 36, 37, 38, 39, 41, 42, 44 ], 
  [ 1, 2, 3, 5, 7, 9, 10, 14, 16, 17, 19, 20, 21, 22, 23, 24, 29, 30, 33, 
      35, 36, 37, 38, 39, 41, 43, 44 ], 
  [ 2, 3, 4, 6, 7, 9, 10, 13, 14, 15, 16, 19, 20, 25, 26, 29, 30, 33, 34, 
      35, 37, 38, 39, 41, 42, 43, 44 ], 
  [ 2, 3, 5, 6, 7, 9, 10, 13, 14, 15, 16, 19, 20, 21, 24, 25, 29, 30, 33, 
      35, 36, 37, 38, 39, 41, 42, 44 ], 
  [ 2, 3, 4, 5, 6, 7, 9, 10, 14, 16, 17, 19, 20, 21, 24, 25, 29, 30, 33, 34, 
      35, 37, 38, 39, 41, 43, 44 ], 
  [ 2, 4, 5, 6, 8, 9, 10, 13, 14, 17, 18, 21, 22, 23, 24, 27, 28, 32, 33, 
      35, 36, 38, 40, 41, 42, 43, 44 ], 
  [ 3, 4, 5, 6, 8, 9, 10, 13, 16, 17, 20, 21, 22, 24, 25, 27, 28, 32, 34, 
      35, 36, 38, 40, 41, 42, 43, 44 ], 
  [ 1, 2, 7, 8, 9, 10, 16, 17, 20, 21, 22, 23, 24, 27, 30, 31, 32, 34, 35, 
      36, 37, 38, 39, 40, 43, 44, 45 ], 
  [ 1, 2, 3, 4, 7, 8, 9, 10, 16, 17, 19, 20, 21, 22, 23, 26, 27, 30, 32, 33, 
      36, 38, 39, 41, 42, 43, 44 ], 
  [ 3, 4, 5, 6, 7, 8, 9, 10, 16, 17, 20, 21, 24, 25, 27, 30, 31, 32, 34, 35, 
      36, 37, 38, 39, 40, 44, 45 ], 
  [ 2, 3, 4, 6, 7, 9, 11, 14, 15, 16, 19, 20, 22, 23, 26, 29, 30, 31, 34, 
      35, 36, 37, 38, 39, 40, 43, 45 ], 
  [ 1, 2, 3, 5, 6, 7, 9, 11, 14, 15, 16, 19, 20, 21, 24, 25, 29, 30, 31, 34, 
      35, 36, 37, 38, 39, 40, 45 ], 
  [ 1, 3, 5, 6, 7, 10, 11, 13, 15, 16, 19, 20, 21, 22, 23, 24, 29, 30, 31, 
      35, 36, 37, 38, 41, 42, 43, 44 ], 
  [ 1, 2, 3, 5, 6, 7, 9, 10, 11, 13, 14, 15, 16, 19, 20, 21, 22, 23, 24, 29, 
      30, 34, 35, 37, 39, 43, 45 ], 
  [ 1, 2, 3, 5, 6, 7, 9, 10, 11, 13, 14, 15, 16, 19, 20, 21, 22, 23, 24, 29, 
      30, 35, 36, 38, 41, 42, 43 ], 
  [ 1, 2, 3, 4, 7, 8, 9, 10, 11, 14, 16, 17, 19, 20, 22, 23, 26, 29, 30, 32, 
      33, 36, 38, 39, 41, 42, 43 ], 
  [ 1, 2, 3, 4, 6, 7, 8, 9, 10, 11, 13, 15, 16, 19, 20, 21, 25, 26, 27, 30, 
      31, 35, 36, 38, 41, 42, 44 ], 
  [ 1, 3, 5, 6, 7, 8, 9, 10, 11, 13, 15, 16, 20, 21, 22, 23, 24, 27, 30, 31, 
      35, 36, 38, 41, 42, 43, 44 ], 
  [ 1, 2, 3, 4, 5, 6, 7, 8, 9, 10, 11, 14, 16, 17, 19, 20, 21, 24, 25, 29, 
      30, 31, 34, 35, 38, 41, 43 ], 
  [ 1, 2, 7, 8, 9, 10, 12, 13, 16, 17, 20, 21, 22, 24, 25, 27, 28, 31, 32, 
      34, 35, 36, 37, 39, 40, 44, 45 ], 
  [ 1, 2, 3, 4, 7, 8, 9, 10, 12, 13, 16, 17, 19, 20, 21, 22, 25, 26, 27, 28, 
      32, 33, 36, 39, 41, 42, 44 ], 
  [ 1, 3, 5, 7, 8, 9, 10, 12, 13, 16, 17, 21, 22, 23, 24, 27, 28, 31, 32, 
      34, 35, 37, 39, 40, 43, 44, 45 ], 
  [ 3, 4, 5, 6, 7, 8, 9, 10, 12, 13, 16, 17, 20, 21, 22, 24, 25, 27, 28, 32, 
      33, 34, 39, 41, 42, 43, 44 ], 
  [ 3, 4, 5, 6, 7, 8, 9, 10, 12, 13, 16, 17, 21, 22, 23, 24, 27, 28, 31, 32, 
      35, 36, 37, 39, 40, 44, 45 ], 
  [ 1, 2, 3, 5, 7, 9, 10, 13, 14, 15, 16, 19, 20, 21, 24, 25, 29, 30, 33, 
      34, 35, 37, 38, 39, 41, 42, 43, 44 ], 
  [ 2, 3, 4, 6, 7, 9, 10, 13, 14, 15, 16, 19, 20, 22, 23, 26, 29, 30, 33, 
      35, 36, 37, 38, 39, 41, 42, 43, 44 ], 
  [ 2, 3, 5, 6, 7, 9, 10, 13, 14, 15, 16, 19, 20, 21, 24, 25, 29, 30, 33, 
      34, 35, 37, 38, 39, 41, 42, 43, 44 ], 
  [ 2, 3, 4, 5, 6, 7, 9, 10, 14, 16, 17, 19, 20, 21, 22, 23, 24, 29, 30, 33, 
      35, 36, 37, 38, 39, 41, 43, 44 ], 
  [ 1, 2, 3, 4, 8, 9, 10, 13, 16, 17, 19, 20, 21, 22, 25, 26, 27, 28, 32, 
      34, 35, 36, 38, 40, 41, 42, 43, 44 ], 
  [ 1, 2, 5, 8, 9, 10, 13, 14, 17, 18, 20, 21, 22, 24, 25, 27, 28, 32, 33, 
      34, 35, 36, 38, 40, 41, 42, 43, 44 ], 
  [ 1, 2, 3, 4, 7, 8, 9, 10, 16, 17, 19, 20, 21, 25, 26, 27, 30, 31, 32, 34, 
      35, 36, 37, 38, 39, 40, 44, 45 ], 
  [ 1, 3, 5, 7, 8, 9, 10, 16, 17, 20, 21, 22, 23, 24, 27, 30, 31, 32, 34, 
      35, 36, 37, 38, 39, 40, 43, 44, 45 ], 
  [ 1, 2, 3, 5, 6, 7, 9, 10, 11, 13, 14, 15, 16, 19, 20, 21, 22, 23, 24, 29, 
      30, 35, 36, 37, 38, 39, 42, 43 ], 
  [ 1, 2, 3, 4, 7, 8, 9, 10, 11, 14, 16, 17, 19, 20, 25, 26, 29, 30, 31, 32, 
      34, 35, 36, 37, 38, 39, 40, 45 ], 
  [ 1, 2, 3, 4, 6, 7, 8, 9, 10, 11, 13, 15, 16, 19, 20, 21, 25, 26, 27, 30, 
      31, 34, 35, 38, 41, 42, 43, 44 ], 
  [ 1, 2, 3, 4, 5, 6, 7, 8, 9, 10, 11, 14, 16, 17, 19, 20, 21, 24, 25, 29, 
      30, 32, 33, 36, 38, 39, 41, 42 ], 
  [ 1, 2, 3, 4, 5, 6, 7, 8, 9, 10, 11, 14, 16, 17, 19, 20, 21, 22, 23, 24, 
      29, 30, 31, 35, 36, 38, 41, 43 ], 
  [ 1, 2, 3, 4, 7, 8, 9, 10, 12, 13, 16, 17, 19, 20, 21, 22, 25, 26, 27, 28, 
      32, 33, 34, 39, 41, 42, 43, 44 ], 
  [ 1, 2, 3, 4, 7, 8, 9, 10, 12, 13, 16, 17, 19, 21, 22, 23, 26, 27, 28, 31, 
      32, 35, 36, 37, 39, 40, 44, 45 ], 
  [ 1, 3, 5, 7, 8, 9, 10, 12, 13, 16, 17, 20, 21, 22, 24, 25, 27, 28, 31, 
      32, 34, 35, 36, 37, 39, 40, 44, 45 ], 
  [ 3, 4, 5, 6, 7, 8, 9, 10, 12, 13, 16, 17, 21, 22, 23, 24, 27, 28, 31, 32, 
      34, 35, 37, 39, 40, 43, 44, 45 ], 
  [ 1, 2, 3, 4, 7, 8, 9, 10, 11, 12, 13, 14, 16, 17, 19, 22, 23, 26, 28, 29, 
      31, 32, 35, 36, 37, 39, 40, 45 ], 
  [ 1, 2, 3, 5, 7, 9, 10, 13, 14, 15, 16, 19, 20, 21, 22, 23, 24, 29, 30, 
      33, 35, 36, 37, 38, 39, 41, 42, 43, 44 ], 
  [ 2, 3, 5, 6, 7, 9, 10, 13, 14, 15, 16, 19, 20, 21, 22, 23, 24, 29, 30, 
      33, 35, 36, 37, 38, 39, 41, 42, 43, 44 ], 
  [ 1, 2, 3, 4, 5, 8, 9, 10, 13, 14, 17, 18, 19, 21, 22, 23, 26, 27, 28, 32, 
      33, 35, 36, 38, 40, 41, 42, 43, 44 ], 
  [ 2, 4, 5, 6, 8, 9, 10, 13, 14, 17, 18, 20, 21, 22, 24, 25, 27, 28, 32, 
      33, 34, 35, 36, 38, 40, 41, 42, 43, 44 ], 
  [ 3, 4, 5, 6, 7, 8, 9, 10, 16, 17, 20, 21, 22, 23, 24, 27, 30, 31, 32, 34, 
      35, 36, 37, 38, 39, 40, 43, 44, 45 ], 
  [ 1, 2, 3, 5, 6, 7, 9, 11, 14, 15, 16, 19, 20, 21, 22, 23, 24, 29, 30, 31, 
      34, 35, 36, 37, 38, 39, 40, 43, 45 ], 
  [ 1, 2, 6, 7, 8, 9, 10, 11, 13, 15, 16, 20, 21, 24, 25, 27, 30, 31, 32, 
      34, 35, 36, 37, 38, 39, 40, 42, 44, 45 ], 
  [ 1, 2, 3, 4, 6, 7, 8, 9, 10, 11, 13, 15, 16, 19, 20, 21, 22, 23, 26, 27, 
      30, 31, 35, 36, 38, 41, 42, 43, 44 ], 
  [ 1, 2, 3, 4, 5, 6, 7, 8, 9, 10, 11, 14, 16, 17, 19, 20, 21, 24, 25, 29, 
      30, 32, 33, 34, 38, 39, 41, 42, 43 ], 
  [ 1, 2, 7, 10, 12, 13, 15, 16, 17, 18, 19, 20, 21, 22, 23, 24, 25, 26, 27, 
      28, 29, 30, 31, 35, 36, 37, 41, 44, 45 ], 
  [ 1, 2, 3, 4, 7, 8, 9, 10, 12, 13, 16, 17, 19, 21, 22, 23, 26, 27, 28, 31, 
      32, 34, 35, 37, 39, 40, 43, 44, 45 ], 
  [ 3, 4, 5, 6, 7, 8, 9, 10, 12, 13, 16, 17, 20, 21, 22, 24, 25, 27, 28, 31, 
      32, 34, 35, 36, 37, 39, 40, 44, 45 ], 
  [ 1, 2, 3, 4, 7, 8, 9, 10, 11, 12, 13, 14, 16, 17, 19, 22, 23, 26, 28, 29, 
      31, 32, 34, 35, 37, 39, 40, 43, 45 ], 
  [ 1, 2, 3, 4, 7, 8, 9, 10, 16, 17, 19, 20, 21, 22, 23, 26, 27, 30, 31, 32, 
      34, 35, 36, 37, 38, 39, 40, 43, 44, 45 ], 
  [ 1, 2, 3, 4, 7, 8, 9, 10, 11, 14, 16, 17, 19, 20, 22, 23, 26, 29, 30, 31, 
      32, 34, 35, 36, 37, 38, 39, 40, 43, 45 ], 
  [ 1, 3, 5, 6, 7, 8, 9, 10, 11, 13, 15, 16, 20, 21, 24, 25, 27, 30, 31, 32, 
      34, 35, 36, 37, 38, 39, 40, 42, 44, 45 ], 
  [ 1, 2, 3, 4, 5, 6, 7, 8, 9, 10, 11, 14, 16, 17, 19, 20, 21, 22, 23, 24, 
      29, 30, 32, 33, 36, 38, 39, 41, 42, 43 ], 
  [ 1, 2, 7, 10, 12, 13, 15, 16, 17, 18, 19, 20, 21, 22, 23, 24, 25, 26, 27, 
      28, 29, 30, 31, 34, 35, 37, 41, 43, 44, 45 ], 
  [ 1, 3, 5, 7, 10, 12, 13, 15, 16, 17, 18, 19, 20, 21, 22, 23, 24, 25, 26, 
      27, 28, 29, 30, 31, 35, 36, 37, 41, 44, 45 ], 
  [ 1, 2, 3, 4, 7, 8, 9, 10, 12, 13, 16, 17, 19, 20, 21, 22, 25, 26, 27, 28, 
      31, 32, 34, 35, 36, 37, 39, 40, 44, 45 ], 
  [ 1, 2, 3, 4, 7, 8, 9, 10, 11, 12, 13, 14, 16, 17, 19, 20, 22, 25, 26, 28, 
      29, 31, 32, 34, 35, 36, 37, 39, 40, 45 ], 
  [ 1, 2, 3, 4, 5, 8, 9, 10, 13, 14, 17, 18, 19, 20, 21, 22, 25, 26, 27, 28, 
      32, 33, 34, 35, 36, 38, 40, 41, 42, 43, 44 ], 
  [ 1, 2, 6, 7, 8, 9, 10, 11, 13, 15, 16, 20, 21, 22, 23, 24, 27, 30, 31, 
      32, 34, 35, 36, 37, 38, 39, 40, 42, 43, 44, 45 ], 
  [ 1, 2, 3, 4, 5, 6, 7, 8, 9, 10, 11, 14, 16, 17, 19, 20, 21, 24, 25, 29, 
      30, 31, 32, 34, 35, 36, 37, 38, 39, 40, 45 ], 
  [ 1, 2, 7, 10, 12, 13, 15, 16, 17, 18, 19, 20, 21, 22, 23, 24, 25, 26, 27, 
      28, 29, 30, 32, 33, 36, 37, 39, 41, 42, 44, 45 ], 
  [ 1, 3, 5, 7, 10, 12, 13, 15, 16, 17, 18, 19, 20, 21, 22, 23, 24, 25, 26, 
      27, 28, 29, 30, 31, 34, 35, 37, 41, 43, 44, 45 ], 
  [ 3, 4, 5, 6, 7, 10, 12, 13, 15, 16, 17, 18, 19, 20, 21, 22, 23, 24, 25, 
      26, 27, 28, 29, 30, 31, 35, 36, 37, 41, 44, 45 ], 
  [ 1, 2, 3, 4, 5, 6, 7, 8, 9, 10, 11, 12, 13, 14, 15, 18, 19, 20, 21, 25, 
      26, 27, 30, 31, 33, 35, 36, 38, 41, 42, 44 ], 
  [ 1, 2, 3, 4, 6, 7, 8, 9, 10, 11, 13, 15, 16, 19, 20, 21, 25, 26, 27, 30, 
      31, 32, 34, 35, 36, 37, 38, 39, 40, 42, 44, 45 ], 
  [ 1, 3, 5, 6, 7, 8, 9, 10, 11, 13, 15, 16, 20, 21, 22, 23, 24, 27, 30, 31, 
      32, 34, 35, 36, 37, 38, 39, 40, 42, 43, 44, 45 ], 
  [ 1, 2, 7, 10, 12, 13, 15, 16, 17, 18, 19, 20, 21, 22, 23, 24, 25, 26, 27, 
      28, 29, 30, 32, 33, 34, 37, 39, 41, 42, 43, 44, 45 ], 
  [ 1, 3, 5, 7, 10, 12, 13, 15, 16, 17, 18, 19, 20, 21, 22, 23, 24, 25, 26, 
      27, 28, 29, 30, 32, 33, 36, 37, 39, 41, 42, 44, 45 ], 
  [ 3, 4, 5, 6, 7, 10, 12, 13, 15, 16, 17, 18, 19, 20, 21, 22, 23, 24, 25, 
      26, 27, 28, 29, 30, 31, 34, 35, 37, 41, 43, 44, 45 ], 
  [ 1, 2, 3, 4, 5, 6, 7, 8, 9, 10, 11, 12, 13, 14, 15, 18, 19, 20, 21, 25, 
      26, 27, 30, 31, 33, 34, 35, 38, 41, 42, 43, 44 ], 
  [ 1, 2, 3, 4, 5, 6, 7, 8, 9, 10, 11, 14, 16, 17, 19, 20, 21, 22, 23, 24, 
      29, 30, 31, 32, 34, 35, 36, 37, 38, 39, 40, 43, 45 ], 
  [ 1, 3, 5, 7, 10, 12, 13, 15, 16, 17, 18, 19, 20, 21, 22, 23, 24, 25, 26, 
      27, 28, 29, 30, 32, 33, 34, 37, 39, 41, 42, 43, 44, 45 ], 
  [ 3, 4, 5, 6, 7, 10, 12, 13, 15, 16, 17, 18, 19, 20, 21, 22, 23, 24, 25, 
      26, 27, 28, 29, 30, 32, 33, 36, 37, 39, 41, 42, 44, 45 ], 
  [ 1, 2, 3, 4, 7, 8, 9, 10, 11, 12, 13, 14, 16, 17, 19, 22, 23, 26, 28, 29, 
      31, 32, 33, 35, 36, 37, 38, 39, 40, 41, 42, 43, 44 ], 
  [ 1, 2, 3, 4, 5, 6, 7, 8, 9, 10, 11, 12, 13, 14, 15, 18, 19, 20, 21, 22, 
      23, 26, 27, 30, 31, 33, 35, 36, 38, 41, 42, 43, 44 ], 
  [ 1, 2, 3, 4, 6, 7, 8, 9, 10, 11, 13, 15, 16, 19, 20, 21, 22, 23, 26, 27, 
      30, 31, 32, 34, 35, 36, 37, 38, 39, 40, 42, 43, 44, 45 ], 
  [ 3, 4, 5, 6, 7, 10, 12, 13, 15, 16, 17, 18, 19, 20, 21, 22, 23, 24, 25, 
      26, 27, 28, 29, 30, 32, 33, 34, 37, 39, 41, 42, 43, 44, 45 ], 
  [ 1, 2, 3, 5, 7, 9, 10, 12, 13, 14, 15, 16, 17, 18, 19, 20, 21, 22, 23, 
      24, 25, 26, 27, 28, 29, 30, 33, 35, 36, 37, 39, 41, 44, 45 ], 
  [ 1, 2, 3, 4, 5, 6, 8, 9, 11, 14, 15, 16, 17, 18, 19, 20, 21, 22, 23, 24, 
      25, 26, 27, 28, 29, 30, 31, 34, 35, 36, 38, 40, 41, 43, 45 ], 
  [ 1, 2, 3, 5, 7, 9, 10, 12, 13, 14, 15, 16, 17, 18, 19, 20, 21, 22, 23, 
      24, 25, 26, 27, 28, 29, 30, 33, 34, 35, 37, 39, 41, 43, 44, 45 ], 
  [ 2, 3, 4, 5, 6, 7, 9, 10, 12, 13, 14, 15, 16, 17, 18, 19, 20, 21, 22, 23, 
      24, 25, 26, 27, 28, 29, 30, 33, 35, 36, 37, 39, 41, 44, 45 ], 
  [ 1, 2, 3, 4, 7, 8, 9, 10, 11, 12, 13, 14, 16, 17, 19, 20, 22, 25, 26, 28, 
      29, 31, 32, 33, 34, 35, 36, 37, 38, 39, 40, 41, 42, 43, 44 ], 
  [ 1, 2, 3, 4, 5, 6, 7, 8, 9, 10, 11, 12, 13, 14, 15, 16, 17, 18, 19, 20, 
      21, 22, 23, 24, 25, 26, 27, 28, 29, 30, 31, 35, 36, 41, 45 ], 
  [ 2, 3, 4, 5, 6, 7, 9, 10, 12, 13, 14, 15, 16, 17, 18, 19, 20, 21, 22, 23, 
      24, 25, 26, 27, 28, 29, 30, 33, 34, 35, 37, 39, 41, 43, 44, 45 ], 
  [ 1, 2, 3, 4, 5, 6, 7, 8, 9, 10, 11, 12, 13, 14, 15, 18, 19, 20, 21, 25, 
      26, 27, 30, 31, 32, 33, 34, 35, 36, 37, 38, 39, 40, 42, 44, 45 ], 
  [ 1, 2, 3, 4, 5, 6, 7, 8, 9, 10, 11, 12, 13, 14, 15, 16, 17, 18, 19, 20, 
      21, 22, 23, 24, 25, 26, 27, 28, 29, 30, 31, 34, 35, 41, 43, 45 ], 
  [ 1, 2, 3, 4, 5, 6, 8, 9, 11, 14, 15, 16, 17, 18, 19, 20, 21, 22, 23, 24, 
      25, 26, 27, 28, 29, 30, 32, 33, 34, 36, 38, 39, 40, 41, 42, 43, 45 ], 
  [ 1, 2, 4, 6, 8, 10, 11, 13, 15, 16, 17, 18, 19, 20, 21, 22, 23, 24, 25, 
      26, 27, 28, 29, 30, 31, 32, 34, 35, 36, 37, 38, 40, 41, 42, 43, 44, 45 
     ], [ 1, 2, 3, 4, 5, 6, 7, 8, 9, 10, 11, 12, 13, 14, 15, 16, 17, 18, 19, 
      20, 21, 22, 23, 24, 25, 26, 27, 28, 29, 30, 32, 33, 36, 39, 41, 42, 45 
     ], [ 1, 2, 3, 5, 9, 10, 13, 14, 15, 16, 17, 18, 19, 20, 21, 22, 23, 24, 
      25, 26, 27, 28, 29, 30, 32, 33, 34, 35, 36, 37, 38, 39, 40, 41, 42, 
      43, 44, 45 ], 
  [ 1, 3, 4, 5, 6, 8, 10, 11, 13, 15, 16, 17, 18, 19, 20, 21, 22, 23, 24, 
      25, 26, 27, 28, 29, 30, 31, 32, 34, 35, 36, 37, 38, 40, 41, 42, 43, 
      44, 45 ], 
  [ 1, 2, 3, 4, 5, 6, 8, 9, 10, 11, 13, 14, 15, 16, 17, 18, 19, 20, 21, 22, 
      23, 24, 25, 26, 27, 28, 29, 30, 32, 34, 35, 36, 38, 40, 41, 42, 43, 45 
     ], [ 1, 2, 3, 4, 5, 6, 7, 8, 9, 10, 11, 12, 13, 14, 15, 18, 19, 20, 21, 
      22, 23, 26, 27, 30, 31, 32, 33, 34, 35, 36, 37, 38, 39, 40, 42, 43, 
      44, 45 ], 
  [ 1, 2, 3, 4, 5, 6, 7, 8, 9, 10, 11, 12, 13, 14, 15, 16, 17, 18, 19, 20, 
      21, 22, 23, 24, 25, 26, 27, 28, 29, 30, 32, 33, 34, 39, 41, 42, 43, 45 
     ], [ 2, 3, 4, 5, 6, 9, 10, 13, 14, 15, 16, 17, 18, 19, 20, 21, 22, 23, 
      24, 25, 26, 27, 28, 29, 30, 32, 33, 34, 35, 36, 37, 38, 39, 40, 41, 
      42, 43, 44, 45 ], 
  [ 1, 2, 7, 8, 9, 10, 11, 12, 13, 14, 15, 16, 17, 18, 20, 22, 23, 24, 25, 
      26, 27, 28, 29, 30, 31, 32, 33, 34, 35, 36, 37, 38, 39, 40, 41, 42, 
      43, 44, 45 ], 
  [ 1, 3, 5, 7, 8, 9, 10, 11, 12, 13, 14, 15, 16, 17, 18, 20, 22, 23, 24, 
      25, 26, 27, 28, 29, 30, 31, 32, 33, 34, 35, 36, 37, 38, 39, 40, 41, 
      42, 43, 44, 45 ], 
  [ 3, 4, 5, 6, 7, 8, 9, 10, 11, 12, 13, 14, 15, 16, 17, 18, 20, 22, 23, 24, 
      25, 26, 27, 28, 29, 30, 31, 32, 33, 34, 35, 36, 37, 38, 39, 40, 41, 
      42, 43, 44, 45 ], 
  [ 1, 2, 3, 4, 5, 6, 7, 8, 9, 10, 11, 12, 13, 14, 15, 16, 17, 18, 19, 21, 
      23, 24, 25, 26, 27, 28, 29, 30, 31, 32, 33, 35, 36, 37, 38, 39, 40, 
      41, 42, 44, 45 ], 
  [ 1, 2, 3, 4, 5, 6, 7, 8, 9, 10, 11, 12, 13, 14, 15, 16, 17, 18, 19, 21, 
      23, 24, 25, 26, 27, 28, 29, 30, 31, 32, 33, 34, 35, 37, 38, 39, 40, 
      41, 42, 43, 44, 45 ] ];
