return [ [ 5, 27, 39, 40, 51, 52, 56, 79, 87, 90, 91, 92, 97, 110, 112, 124 ],
  [ 27, 38, 43, 47, 50, 57, 58, 59, 61, 99, 101, 106, 115, 125, 128, 133, 135 
     ], [ 25, 26, 27, 76, 90, 91, 92, 95, 104, 110, 112, 116, 117, 124, 129, 
      130, 131 ], 
  [ 25, 26, 27, 57, 58, 60, 69, 90, 91, 92, 115, 116, 124, 129, 130, 135, 138 
     ], [ 30, 31, 42, 43, 57, 64, 71, 94, 98, 99, 103, 105, 119, 120, 123, 
      133, 138 ], 
  [ 13, 32, 33, 64, 70, 72, 77, 82, 83, 93, 103, 119, 120, 132, 140, 142, 144 
     ], [ 13, 32, 33, 41, 71, 73, 76, 81, 85, 98, 103, 113, 123, 138, 139, 
      140, 141 ], 
  [ 1, 13, 14, 41, 44, 45, 46, 63, 73, 74, 81, 94, 98, 102, 103, 122, 123 ], 
  [ 3, 25, 58, 65, 79, 82, 92, 95, 99, 101, 106, 107, 115, 125, 128, 130, 136 
     ], [ 10, 29, 37, 48, 49, 50, 57, 60, 78, 87, 90, 91, 92, 97, 104, 129, 
      135 ], [ 25, 26, 27, 51, 52, 57, 58, 59, 64, 71, 91, 99, 110, 120, 125, 
      128, 131, 133 ], 
  [ 13, 32, 33, 41, 64, 70, 71, 72, 77, 83, 85, 93, 103, 119, 120, 123, 140, 
      142 ], 
  [ 3, 25, 59, 62, 65, 79, 82, 94, 95, 99, 101, 106, 108, 115, 118, 125, 128, 
      140 ], [ 7, 27, 31, 38, 47, 50, 57, 58, 59, 61, 71, 99, 106, 115, 128, 
      129, 131, 133 ], 
  [ 10, 25, 29, 37, 48, 57, 60, 66, 69, 90, 91, 92, 104, 115, 124, 129, 130, 
      135 ], [ 25, 26, 27, 51, 52, 57, 71, 76, 91, 92, 94, 99, 110, 124, 128, 
      129, 133, 138, 139 ], 
  [ 30, 31, 42, 43, 59, 61, 64, 71, 82, 83, 99, 103, 115, 119, 120, 128, 132, 
      138, 140 ], 
  [ 13, 32, 54, 55, 67, 70, 72, 77, 83, 85, 89, 93, 119, 120, 132, 140, 142, 
      143, 144 ], 
  [ 13, 32, 33, 63, 69, 73, 77, 81, 85, 89, 100, 113, 116, 122, 132, 137, 
      138, 141, 144 ], 
  [ 13, 32, 33, 55, 64, 70, 71, 72, 77, 83, 85, 93, 103, 119, 120, 132, 140, 
      142, 144 ], 
  [ 13, 32, 33, 41, 63, 69, 73, 77, 81, 82, 98, 103, 113, 122, 126, 132, 138, 
      139, 140 ], 
  [ 13, 32, 33, 41, 64, 71, 72, 76, 77, 83, 85, 93, 103, 113, 120, 123, 139, 
      140, 142 ], 
  [ 3, 25, 51, 58, 59, 62, 65, 79, 82, 95, 99, 101, 115, 124, 125, 128, 136, 
      139, 140 ], 
  [ 3, 25, 52, 58, 60, 65, 79, 82, 92, 99, 101, 106, 107, 115, 125, 126, 128, 
      130, 135 ], 
  [ 5, 27, 42, 43, 55, 58, 59, 69, 71, 77, 82, 94, 99, 115, 118, 120, 132, 
      138, 140 ], 
  [ 5, 27, 46, 51, 52, 59, 71, 94, 97, 98, 99, 101, 124, 128, 129, 133, 134, 
      135, 139 ], 
  [ 7, 31, 38, 43, 47, 50, 57, 58, 59, 61, 99, 101, 106, 115, 127, 128, 129, 
      132, 138 ], 
  [ 10, 29, 37, 48, 49, 57, 60, 66, 90, 91, 92, 97, 104, 115, 124, 127, 129, 
      138, 141 ], 
  [ 25, 26, 27, 42, 51, 57, 59, 60, 69, 71, 78, 90, 94, 115, 117, 118, 129, 
      134, 138, 139 ], 
  [ 13, 33, 42, 43, 53, 54, 64, 65, 69, 70, 71, 77, 82, 83, 116, 118, 120, 
      126, 138, 139 ], 
  [ 13, 32, 33, 41, 71, 76, 77, 81, 83, 85, 93, 103, 113, 120, 123, 138, 139, 
      140, 141, 142 ], 
  [ 13, 32, 33, 41, 56, 69, 72, 73, 77, 82, 85, 89, 100, 113, 116, 122, 126, 
      139, 140, 144 ], 
  [ 13, 32, 33, 36, 41, 56, 72, 73, 74, 76, 85, 89, 100, 113, 123, 137, 140, 
      141, 142, 144 ], 
  [ 3, 25, 51, 58, 59, 65, 79, 82, 90, 92, 95, 99, 101, 115, 124, 125, 128, 
      130, 136, 139 ], 
  [ 3, 25, 37, 58, 79, 82, 86, 92, 95, 99, 101, 106, 107, 115, 124, 125, 128, 
      130, 135, 136 ], 
  [ 3, 25, 42, 51, 52, 58, 59, 60, 62, 64, 65, 69, 79, 94, 99, 101, 115, 118, 
      125, 128 ], 
  [ 3, 25, 42, 51, 52, 53, 58, 59, 60, 64, 65, 69, 79, 90, 101, 115, 118, 
      125, 128, 130 ], 
  [ 3, 25, 44, 51, 52, 60, 69, 90, 92, 94, 97, 98, 101, 115, 124, 128, 133, 
      134, 135, 139 ], 
  [ 3, 17, 34, 44, 61, 62, 75, 77, 80, 86, 88, 99, 102, 103, 107, 108, 115, 
      128, 136, 140 ], 
  [ 5, 27, 39, 40, 51, 52, 76, 90, 91, 92, 95, 97, 110, 112, 113, 124, 128, 
      129, 136, 139 ], 
  [ 7, 21, 31, 38, 47, 50, 58, 59, 61, 84, 88, 99, 101, 106, 108, 115, 127, 
      128, 129, 132 ], 
  [ 25, 26, 27, 51, 52, 57, 58, 59, 71, 76, 91, 99, 110, 120, 124, 128, 129, 
      131, 133, 138, 139 ], 
  [ 25, 26, 27, 51, 52, 57, 58, 60, 69, 82, 92, 94, 99, 115, 124, 125, 126, 
      128, 135, 138, 139 ], 
  [ 25, 26, 27, 51, 52, 56, 57, 58, 60, 69, 79, 87, 92, 94, 99, 110, 112, 
      124, 125, 126, 135 ], 
  [ 13, 33, 53, 54, 67, 68, 70, 72, 75, 77, 83, 85, 89, 100, 113, 116, 137, 
      141, 142, 143, 144 ], 
  [ 13, 33, 42, 43, 53, 54, 55, 58, 64, 69, 70, 71, 77, 82, 83, 116, 118, 
      120, 132, 138, 144 ], 
  [ 13, 32, 33, 41, 56, 63, 69, 70, 72, 73, 75, 77, 85, 89, 100, 113, 116, 
      122, 126, 137, 144 ], 
  [ 13, 32, 33, 42, 53, 55, 64, 69, 70, 71, 77, 82, 83, 93, 118, 119, 120, 
      132, 140, 142, 144 ], 
  [ 13, 32, 33, 34, 64, 70, 72, 75, 77, 82, 83, 93, 102, 103, 113, 119, 122, 
      132, 140, 142, 144 ], 
  [ 1, 14, 16, 39, 44, 45, 46, 47, 48, 57, 66, 73, 86, 87, 92, 107, 109, 111, 
      122, 135, 137 ], 
  [ 3, 25, 51, 58, 59, 62, 65, 69, 79, 82, 94, 95, 99, 101, 115, 118, 124, 
      125, 128, 139, 140 ], 
  [ 3, 25, 51, 52, 59, 60, 62, 65, 79, 94, 95, 99, 101, 106, 108, 112, 115, 
      118, 125, 128, 134 ], 
  [ 3, 25, 37, 58, 59, 62, 79, 80, 82, 86, 95, 99, 101, 115, 124, 125, 128, 
      130, 131, 136, 140 ], 
  [ 3, 25, 37, 38, 44, 52, 58, 60, 79, 86, 92, 99, 101, 106, 107, 115, 125, 
      128, 130, 133, 135 ], 
  [ 3, 25, 37, 38, 42, 44, 47, 57, 58, 60, 86, 92, 99, 101, 106, 107, 115, 
      125, 130, 133, 135 ], 
  [ 3, 25, 27, 39, 51, 52, 56, 60, 69, 79, 87, 90, 92, 94, 110, 112, 124, 
      125, 126, 130, 135 ], 
  [ 3, 25, 30, 42, 53, 59, 64, 65, 69, 71, 77, 82, 83, 94, 102, 115, 118, 
      120, 128, 139, 140 ], 
  [ 5, 27, 39, 51, 52, 71, 76, 90, 91, 92, 94, 95, 97, 110, 112, 113, 117, 
      124, 128, 129, 139 ], 
  [ 5, 27, 39, 40, 41, 46, 51, 52, 56, 62, 79, 87, 92, 94, 99, 110, 112, 124, 
      125, 126, 135 ], 
  [ 6, 13, 17, 42, 43, 53, 54, 55, 58, 69, 70, 77, 82, 115, 116, 118, 120, 
      130, 132, 138, 144 ], 
  [ 7, 31, 33, 42, 43, 53, 58, 64, 69, 71, 77, 82, 83, 98, 103, 115, 118, 
      120, 128, 132, 138 ], 
  [ 7, 13, 31, 33, 41, 44, 64, 71, 74, 81, 83, 94, 98, 102, 103, 113, 122, 
      123, 139, 140, 141 ], 
  [ 7, 20, 31, 38, 43, 47, 57, 58, 59, 61, 83, 99, 101, 103, 106, 107, 115, 
      127, 128, 132, 138 ], 
  [ 10, 29, 37, 46, 49, 50, 60, 79, 86, 87, 90, 92, 97, 101, 104, 109, 112, 
      124, 129, 134, 135 ], 
  [ 10, 29, 37, 48, 49, 50, 57, 60, 66, 78, 87, 90, 91, 92, 104, 114, 116, 
      129, 130, 135, 137 ], 
  [ 10, 25, 26, 29, 37, 57, 58, 60, 66, 69, 90, 91, 92, 104, 115, 116, 124, 
      129, 130, 135, 138 ], 
  [ 10, 21, 30, 32, 58, 64, 65, 72, 77, 82, 83, 93, 101, 102, 103, 120, 128, 
      132, 136, 139, 140 ], 
  [ 30, 31, 42, 51, 59, 62, 64, 65, 82, 94, 99, 101, 102, 106, 108, 115, 118, 
      125, 128, 134, 139, 140 ], 
  [ 30, 31, 42, 43, 61, 64, 71, 82, 94, 98, 99, 103, 105, 115, 119, 120, 123, 
      128, 132, 133, 138, 140 ], 
  [ 13, 32, 33, 53, 56, 63, 68, 69, 70, 72, 73, 75, 77, 85, 89, 100, 113, 
      116, 137, 141, 142, 144 ], 
  [ 13, 32, 33, 41, 63, 69, 73, 77, 81, 82, 85, 89, 100, 113, 116, 122, 126, 
      132, 138, 139, 140, 144 ], 
  [ 1, 14, 15, 16, 44, 45, 46, 47, 48, 57, 61, 62, 87, 88, 99, 103, 107, 108, 
      111, 119, 123, 133 ], 
  [ 1, 16, 17, 18, 50, 54, 55, 58, 70, 72, 79, 84, 91, 95, 96, 114, 116, 125, 
      130, 131, 136, 144 ], 
  [ 3, 25, 30, 51, 59, 62, 65, 82, 94, 95, 99, 101, 102, 106, 108, 115, 118, 
      125, 128, 134, 139, 140 ], 
  [ 3, 25, 30, 51, 58, 59, 62, 65, 77, 82, 95, 99, 101, 102, 115, 118, 120, 
      125, 128, 136, 139, 140 ], 
  [ 3, 13, 25, 33, 42, 53, 64, 69, 71, 76, 77, 82, 94, 105, 113, 116, 118, 
      120, 122, 126, 138, 139 ], 
  [ 3, 13, 32, 34, 42, 44, 63, 69, 73, 77, 81, 94, 98, 102, 103, 113, 119, 
      122, 123, 132, 138, 141 ], 
  [ 5, 27, 38, 40, 52, 76, 88, 91, 92, 95, 97, 99, 104, 110, 111, 112, 124, 
      128, 129, 131, 133, 136 ], 
  [ 5, 27, 38, 39, 40, 46, 51, 52, 56, 62, 79, 87, 88, 91, 92, 97, 99, 110, 
      112, 124, 125, 135 ], 
  [ 5, 27, 37, 38, 46, 48, 50, 57, 78, 87, 88, 91, 92, 97, 99, 104, 110, 111, 
      129, 131, 133, 135 ], 
  [ 7, 26, 31, 38, 43, 50, 57, 58, 59, 61, 91, 97, 99, 101, 106, 115, 127, 
      128, 129, 133, 134, 138 ], 
  [ 7, 26, 27, 31, 38, 43, 50, 57, 58, 59, 61, 71, 91, 99, 106, 115, 120, 
      128, 129, 131, 133, 138 ], 
  [ 10, 25, 29, 37, 48, 57, 60, 66, 69, 90, 91, 92, 97, 98, 104, 115, 124, 
      129, 133, 135, 138, 141 ], 
  [ 10, 13, 29, 32, 41, 46, 56, 63, 69, 73, 74, 81, 89, 94, 98, 102, 113, 
      122, 123, 132, 139, 140 ], 
  [ 25, 26, 27, 51, 52, 57, 58, 60, 69, 82, 90, 91, 92, 115, 116, 124, 125, 
      126, 128, 130, 135, 138, 139 ], 
  [ 25, 26, 27, 51, 52, 56, 57, 58, 60, 69, 79, 87, 90, 91, 92, 110, 112, 
      116, 124, 125, 126, 130, 135 ], 
  [ 14, 15, 44, 45, 46, 47, 48, 49, 57, 60, 63, 66, 73, 86, 87, 92, 107, 109, 
      111, 114, 122, 135, 137 ], 
  [ 5, 27, 38, 39, 40, 52, 76, 80, 88, 90, 91, 92, 95, 97, 110, 112, 113, 
      124, 128, 129, 130, 131, 136 ], 
  [ 5, 13, 27, 32, 41, 55, 56, 69, 71, 76, 78, 82, 85, 94, 105, 116, 117, 
      120, 123, 126, 138, 139, 140 ], 
  [ 5, 13, 33, 36, 41, 46, 63, 71, 73, 74, 78, 81, 85, 94, 98, 103, 122, 123, 
      132, 137, 138, 140, 141 ], 
  [ 5, 13, 32, 33, 36, 41, 55, 56, 71, 74, 76, 78, 85, 89, 100, 113, 117, 
      123, 137, 140, 141, 142, 144 ], 
  [ 6, 16, 17, 50, 53, 54, 55, 58, 59, 79, 80, 84, 90, 91, 95, 115, 124, 127, 
      128, 129, 130, 131, 136 ], 
  [ 6, 16, 17, 37, 38, 50, 58, 61, 66, 79, 84, 91, 95, 96, 114, 115, 124, 
      127, 128, 129, 130, 131, 136 ], 
  [ 7, 31, 38, 42, 43, 44, 47, 52, 57, 58, 60, 64, 98, 99, 101, 103, 106, 
      107, 115, 125, 128, 133, 135 ], 
  [ 7, 27, 31, 38, 43, 47, 50, 57, 58, 59, 61, 71, 98, 99, 101, 106, 115, 
      128, 129, 132, 133, 135, 138 ], 
  [ 7, 27, 31, 38, 42, 43, 47, 50, 57, 58, 59, 61, 64, 71, 99, 106, 115, 119, 
      120, 125, 128, 131, 133 ], 
  [ 9, 15, 30, 34, 37, 44, 45, 46, 47, 61, 62, 86, 88, 99, 101, 102, 103, 
      107, 108, 111, 119, 123, 133 ], 
  [ 10, 25, 29, 37, 48, 56, 57, 60, 66, 69, 78, 87, 90, 91, 92, 104, 110, 
      116, 124, 129, 130, 135, 137 ], 
  [ 10, 25, 26, 29, 37, 57, 58, 60, 69, 90, 91, 92, 97, 98, 101, 104, 115, 
      124, 129, 133, 134, 135, 138 ], 
  [ 10, 25, 26, 29, 37, 46, 57, 58, 60, 69, 92, 94, 98, 99, 101, 104, 115, 
      124, 129, 133, 134, 135, 138 ], 
  [ 10, 14, 29, 37, 47, 48, 49, 50, 57, 60, 66, 78, 86, 87, 90, 92, 104, 109, 
      114, 129, 130, 135, 137 ], 
  [ 10, 14, 29, 37, 46, 47, 48, 49, 50, 57, 60, 78, 86, 87, 90, 92, 97, 101, 
      104, 109, 129, 134, 135 ], 
  [ 10, 14, 15, 29, 37, 46, 47, 48, 49, 50, 57, 60, 63, 78, 87, 97, 98, 101, 
      104, 129, 133, 134, 135 ], 
  [ 10, 21, 30, 31, 32, 58, 64, 65, 69, 77, 82, 83, 93, 98, 101, 102, 103, 
      118, 120, 128, 132, 139, 140 ], 
  [ 10, 21, 30, 31, 32, 55, 58, 59, 64, 65, 69, 71, 82, 83, 93, 98, 101, 118, 
      120, 128, 132, 139, 140 ], 
  [ 12, 27, 28, 38, 39, 40, 51, 52, 56, 79, 87, 90, 91, 92, 97, 110, 112, 
      116, 124, 125, 126, 130, 135 ], 
  [ 13, 32, 33, 41, 43, 63, 68, 70, 71, 77, 81, 83, 85, 93, 103, 119, 120, 
      121, 123, 132, 138, 140, 141, 142 ], 
  [ 1, 16, 17, 18, 50, 53, 54, 55, 58, 59, 62, 64, 70, 72, 79, 80, 84, 91, 
      95, 125, 128, 130, 131, 136 ], 
  [ 3, 25, 30, 42, 51, 58, 59, 62, 64, 65, 69, 77, 82, 94, 99, 101, 102, 115, 
      118, 120, 125, 128, 139, 140 ], 
  [ 3, 13, 32, 33, 34, 42, 53, 64, 69, 70, 75, 77, 82, 83, 93, 102, 113, 118, 
      119, 122, 132, 140, 142, 144 ], 
  [ 5, 27, 37, 38, 40, 46, 50, 52, 79, 87, 88, 91, 92, 97, 99, 104, 110, 111, 
      112, 124, 129, 131, 133, 135 ], 
  [ 7, 27, 31, 38, 42, 43, 47, 50, 52, 57, 58, 59, 60, 64, 71, 98, 99, 101, 
      106, 115, 125, 128, 133, 135 ], 
  [ 7, 26, 27, 31, 38, 44, 52, 57, 60, 71, 91, 92, 94, 97, 98, 99, 106, 115, 
      128, 129, 133, 134, 135, 138 ], 
  [ 12, 28, 36, 38, 39, 40, 44, 45, 46, 66, 73, 74, 86, 88, 92, 97, 107, 109, 
      111, 113, 122, 124, 135, 136 ], 
  [ 1, 16, 17, 18, 21, 42, 47, 50, 53, 55, 58, 59, 62, 64, 70, 79, 80, 84, 
      95, 115, 118, 125, 128, 130, 131 ], 
  [ 3, 25, 30, 31, 42, 44, 51, 52, 59, 60, 62, 64, 65, 94, 99, 101, 102, 106, 
      108, 115, 118, 125, 128, 133, 134 ], 
  [ 3, 13, 32, 34, 42, 63, 67, 69, 73, 74, 77, 78, 81, 85, 89, 94, 102, 113, 
      119, 122, 123, 132, 137, 138, 141 ], 
  [ 6, 13, 17, 18, 19, 53, 54, 55, 64, 70, 71, 72, 76, 82, 85, 91, 95, 116, 
      117, 120, 128, 131, 136, 140, 142 ], 
  [ 5, 12, 27, 28, 36, 38, 39, 40, 41, 46, 51, 52, 56, 62, 74, 79, 87, 88, 
      97, 110, 112, 124, 125, 126, 135 ], 
  [ 13, 32, 33, 41, 63, 69, 71, 73, 74, 77, 81, 83, 85, 89, 94, 98, 102, 103, 
      113, 122, 123, 132, 138, 139, 140, 141 ], 
  [ 1, 16, 17, 18, 21, 42, 47, 50, 53, 54, 55, 58, 59, 67, 70, 79, 80, 84, 
      90, 95, 115, 118, 127, 130, 131, 143 ], 
  [ 1, 16, 17, 18, 20, 21, 39, 47, 62, 67, 70, 72, 75, 79, 80, 84, 86, 95, 
      96, 114, 125, 127, 130, 136, 143, 144 ], 
  [ 6, 13, 17, 53, 54, 55, 67, 68, 70, 72, 75, 77, 80, 83, 84, 85, 89, 113, 
      127, 132, 136, 140, 141, 142, 143, 144 ], 
  [ 6, 13, 17, 42, 43, 53, 54, 55, 58, 59, 64, 65, 69, 70, 71, 77, 82, 83, 
      115, 118, 120, 128, 132, 138, 139, 140 ], 
  [ 1, 6, 13, 16, 17, 18, 42, 50, 53, 54, 55, 59, 67, 70, 78, 80, 90, 95, 
      115, 117, 118, 127, 129, 130, 131, 143 ], 
  [ 7, 26, 27, 31, 38, 43, 50, 52, 57, 58, 59, 60, 71, 91, 97, 98, 99, 101, 
      106, 115, 128, 129, 133, 134, 135, 138 ], 
  [ 7, 17, 20, 21, 31, 38, 44, 47, 61, 68, 83, 84, 86, 88, 101, 102, 103, 
      106, 107, 108, 114, 115, 121, 127, 128, 132 ], 
  [ 10, 14, 15, 29, 37, 46, 47, 48, 49, 50, 57, 60, 63, 66, 73, 78, 86, 87, 
      92, 104, 109, 111, 114, 129, 135, 137 ], 
  [ 12, 28, 36, 38, 39, 40, 44, 45, 46, 48, 49, 66, 73, 74, 86, 87, 88, 92, 
      97, 107, 109, 111, 114, 122, 135, 137 ], 
  [ 12, 13, 28, 32, 33, 36, 41, 56, 72, 73, 74, 76, 82, 85, 89, 100, 105, 
      113, 116, 122, 123, 126, 137, 139, 140, 144 ], 
  [ 30, 31, 42, 43, 58, 59, 64, 65, 69, 71, 77, 82, 83, 94, 98, 99, 101, 102, 
      103, 115, 118, 120, 128, 132, 138, 139, 140 ], 
  [ 13, 32, 33, 42, 63, 67, 69, 71, 73, 74, 77, 78, 81, 83, 85, 89, 94, 98, 
      102, 103, 119, 122, 123, 132, 137, 138, 141 ], 
  [ 1, 13, 14, 42, 44, 45, 46, 47, 48, 57, 63, 67, 73, 74, 78, 81, 94, 98, 
      102, 103, 119, 122, 123, 132, 137, 138, 141 ], 
  [ 1, 14, 16, 34, 35, 36, 39, 47, 48, 61, 62, 66, 67, 72, 80, 86, 88, 96, 
      107, 108, 109, 111, 114, 119, 127, 136, 137 ], 
  [ 5, 25, 26, 27, 51, 52, 59, 71, 76, 90, 91, 92, 94, 95, 97, 99, 104, 110, 
      112, 117, 124, 128, 129, 131, 133, 134, 139 ], 
  [ 6, 13, 17, 30, 31, 42, 43, 59, 61, 64, 65, 70, 71, 81, 82, 83, 93, 115, 
      118, 119, 120, 121, 128, 132, 138, 139, 140 ], 
  [ 6, 13, 17, 18, 19, 53, 54, 55, 56, 58, 69, 70, 72, 75, 76, 77, 79, 82, 
      95, 113, 116, 118, 120, 124, 130, 136, 144 ], 
  [ 6, 13, 17, 18, 19, 53, 54, 55, 59, 64, 65, 70, 71, 76, 82, 83, 93, 95, 
      117, 118, 120, 128, 131, 139, 140, 142, 143 ], 
  [ 25, 26, 27, 51, 52, 57, 58, 59, 60, 69, 71, 90, 91, 92, 94, 97, 98, 99, 
      101, 115, 124, 128, 129, 133, 134, 135, 138, 139 ], 
  [ 7, 25, 26, 27, 31, 38, 42, 43, 50, 52, 53, 57, 58, 59, 60, 64, 71, 91, 
      99, 106, 115, 118, 120, 125, 128, 130, 131, 133 ], 
  [ 7, 17, 20, 21, 31, 38, 43, 47, 50, 58, 59, 61, 68, 83, 84, 88, 99, 101, 
      103, 106, 107, 108, 114, 115, 121, 127, 128, 132 ], 
  [ 1, 16, 17, 18, 20, 21, 47, 50, 54, 55, 58, 59, 62, 67, 70, 72, 79, 80, 
      84, 95, 96, 114, 125, 127, 130, 131, 136, 143, 144 ], 
  [ 6, 9, 16, 17, 19, 22, 25, 37, 53, 54, 58, 61, 76, 79, 84, 90, 91, 95, 96, 
      110, 115, 120, 124, 127, 128, 130, 131, 136, 142 ], 
  [ 6, 9, 16, 17, 19, 22, 34, 37, 39, 61, 62, 75, 76, 79, 80, 84, 86, 88, 95, 
      96, 110, 113, 124, 127, 128, 131, 136, 140, 142 ], 
  [ 10, 25, 26, 27, 29, 37, 50, 55, 56, 57, 58, 60, 69, 78, 79, 87, 90, 91, 
      92, 104, 110, 112, 116, 117, 124, 129, 130, 131, 135 ], 
  [ 6, 12, 16, 17, 20, 27, 38, 43, 47, 50, 57, 58, 59, 61, 66, 82, 99, 101, 
      106, 107, 114, 115, 125, 127, 128, 129, 132, 135, 138 ], 
  [ 1, 2, 3, 14, 15, 16, 17, 34, 39, 42, 44, 47, 60, 61, 62, 70, 75, 86, 87, 
      102, 106, 107, 108, 109, 114, 115, 119, 121, 122, 125 ], 
  [ 5, 13, 33, 36, 41, 42, 43, 63, 67, 68, 70, 71, 74, 77, 78, 81, 83, 85, 
      94, 102, 103, 119, 121, 122, 123, 132, 137, 138, 140, 141 ], 
  [ 1, 5, 7, 14, 16, 27, 31, 38, 42, 47, 48, 50, 57, 59, 61, 62, 64, 71, 78, 
      88, 99, 106, 108, 115, 119, 125, 128, 129, 131, 133 ], 
  [ 3, 7, 8, 25, 28, 30, 31, 33, 42, 44, 53, 60, 69, 71, 81, 83, 90, 94, 97, 
      98, 102, 105, 115, 118, 122, 133, 134, 138, 139, 141 ], 
  [ 9, 13, 19, 30, 32, 33, 34, 41, 64, 65, 70, 72, 75, 76, 77, 82, 83, 93, 
      102, 103, 105, 113, 119, 120, 122, 123, 126, 139, 140, 142 ], 
  [ 6, 9, 13, 17, 19, 30, 32, 34, 61, 64, 65, 70, 72, 75, 76, 77, 82, 83, 93, 
      102, 103, 113, 119, 120, 128, 132, 136, 139, 140, 142 ], 
  [ 6, 9, 16, 17, 19, 25, 30, 37, 51, 58, 59, 61, 62, 65, 76, 79, 82, 95, 99, 
      101, 110, 115, 120, 124, 125, 128, 131, 136, 139, 140 ], 
  [ 3, 7, 10, 21, 31, 32, 33, 34, 44, 53, 64, 69, 75, 77, 82, 83, 84, 86, 93, 
      98, 102, 103, 113, 118, 122, 128, 132, 140, 142, 144 ], 
  [ 5, 7, 10, 21, 27, 31, 37, 38, 46, 47, 50, 55, 58, 59, 61, 71, 84, 88, 98, 
      99, 101, 106, 108, 115, 128, 129, 131, 132, 133, 135 ], 
  [ 6, 12, 16, 17, 20, 27, 38, 50, 54, 55, 58, 59, 66, 79, 82, 84, 91, 95, 
      96, 114, 116, 124, 125, 127, 128, 129, 130, 131, 136, 144 ], 
  [ 3, 25, 26, 27, 51, 52, 58, 59, 60, 65, 69, 79, 82, 90, 92, 94, 95, 99, 
      101, 106, 112, 115, 118, 124, 125, 126, 128, 130, 134, 135, 139 ], 
  [ 1, 3, 4, 14, 16, 34, 35, 39, 42, 47, 48, 57, 61, 66, 67, 72, 77, 80, 86, 
      92, 96, 107, 109, 111, 114, 115, 119, 127, 130, 136, 137 ], 
  [ 1, 3, 10, 14, 16, 25, 29, 37, 39, 42, 47, 48, 56, 57, 60, 66, 69, 78, 86, 
      87, 90, 92, 104, 109, 110, 115, 124, 129, 130, 135, 137 ], 
  [ 12, 20, 27, 30, 31, 33, 42, 43, 58, 59, 69, 71, 77, 82, 83, 94, 98, 99, 
      101, 102, 103, 105, 106, 107, 115, 118, 120, 122, 132, 135, 138 ], 
  [ 2, 3, 5, 17, 19, 25, 27, 41, 50, 52, 59, 60, 62, 65, 75, 79, 80, 82, 94, 
      95, 99, 106, 108, 112, 115, 118, 125, 126, 128, 130, 131, 140 ], 
  [ 6, 13, 17, 18, 19, 53, 54, 55, 70, 72, 75, 76, 77, 80, 82, 85, 93, 95, 
      96, 100, 113, 116, 117, 118, 120, 130, 131, 136, 140, 142, 143, 144 ], 
  [ 3, 4, 7, 25, 26, 31, 33, 44, 52, 53, 64, 69, 71, 76, 77, 82, 91, 92, 94, 
      98, 103, 105, 113, 116, 118, 120, 122, 126, 128, 133, 138, 139 ], 
  [ 6, 9, 13, 17, 19, 25, 30, 32, 42, 53, 55, 59, 61, 64, 65, 69, 70, 71, 76, 
      82, 83, 93, 115, 118, 119, 120, 128, 131, 132, 139, 140, 142 ], 
  [ 3, 5, 10, 29, 32, 34, 36, 46, 55, 63, 66, 69, 73, 74, 78, 80, 81, 85, 86, 
      89, 94, 100, 109, 113, 117, 122, 123, 129, 132, 137, 141, 144 ], 
  [ 6, 12, 13, 17, 20, 33, 36, 42, 43, 61, 66, 67, 68, 70, 77, 81, 82, 83, 
      102, 103, 107, 114, 115, 119, 121, 122, 127, 132, 137, 138, 140, 141 ], 
  [ 6, 13, 17, 34, 35, 36, 61, 66, 67, 68, 70, 72, 75, 77, 80, 81, 85, 93, 
      96, 100, 113, 114, 119, 121, 127, 132, 136, 137, 140, 141, 142, 143, 
      144 ], [ 1, 6, 13, 16, 17, 18, 19, 53, 54, 55, 56, 58, 64, 70, 72, 76, 
      79, 82, 84, 91, 95, 96, 110, 116, 120, 124, 125, 128, 130, 131, 136, 
      142, 144 ], 
  [ 3, 5, 7, 31, 33, 34, 36, 42, 44, 53, 61, 68, 71, 77, 80, 81, 83, 88, 93, 
      94, 102, 103, 108, 115, 118, 119, 121, 122, 123, 132, 140, 141, 142 ], 
  [ 2, 9, 15, 17, 19, 30, 34, 37, 40, 41, 44, 45, 46, 52, 61, 62, 65, 75, 79, 
      86, 88, 99, 101, 102, 103, 107, 108, 111, 123, 128, 133, 136, 140 ], 
  [ 6, 9, 13, 17, 19, 22, 32, 34, 54, 55, 61, 67, 70, 72, 75, 76, 77, 80, 85, 
      89, 93, 96, 113, 119, 120, 127, 131, 132, 136, 140, 142, 143, 144 ], 
  [ 9, 12, 15, 20, 25, 27, 30, 37, 38, 42, 43, 47, 50, 57, 58, 59, 60, 61, 
      96, 99, 101, 105, 106, 107, 114, 115, 119, 120, 125, 130, 131, 133, 135 
     ], [ 8, 9, 17, 19, 20, 21, 22, 30, 34, 37, 59, 61, 62, 65, 75, 79, 80, 
      83, 84, 86, 88, 93, 95, 96, 101, 102, 108, 127, 128, 131, 136, 140, 
      142, 143 ], 
  [ 6, 12, 13, 17, 20, 33, 36, 53, 54, 66, 67, 68, 70, 72, 75, 77, 80, 82, 
      83, 85, 96, 100, 113, 114, 116, 127, 130, 136, 137, 140, 141, 142, 143, 
      144 ], [ 9, 12, 19, 20, 30, 32, 33, 34, 36, 41, 62, 64, 65, 70, 72, 75, 
      77, 82, 83, 93, 96, 102, 103, 105, 107, 119, 120, 122, 123, 125, 126, 
      140, 142, 144 ], 
  [ 9, 17, 19, 20, 21, 30, 34, 37, 58, 59, 61, 62, 65, 75, 77, 79, 80, 83, 
      84, 86, 88, 93, 96, 99, 101, 102, 103, 107, 108, 120, 128, 131, 136, 
      140, 142 ], 
  [ 7, 12, 20, 27, 30, 31, 33, 38, 42, 43, 47, 57, 58, 59, 61, 64, 71, 82, 
      83, 98, 99, 101, 103, 105, 106, 107, 115, 119, 120, 125, 128, 132, 133, 
      135, 138 ], 
  [ 5, 12, 20, 27, 30, 31, 33, 36, 42, 43, 59, 61, 71, 77, 81, 82, 83, 93, 
      94, 99, 102, 103, 105, 106, 107, 108, 115, 118, 119, 120, 121, 122, 
      123, 132, 138, 140 ], 
  [ 3, 9, 17, 19, 20, 21, 25, 30, 34, 37, 58, 59, 61, 62, 65, 75, 77, 79, 80, 
      82, 86, 93, 95, 96, 99, 101, 102, 106, 107, 108, 115, 118, 120, 125, 
      128, 130, 131, 136, 140 ], 
  [ 9, 10, 17, 19, 20, 21, 30, 32, 34, 37, 47, 58, 61, 62, 64, 65, 70, 72, 
      75, 77, 79, 82, 83, 84, 86, 93, 96, 101, 102, 103, 107, 119, 120, 125, 
      128, 132, 136, 140, 142, 144 ], 
  [ 5, 6, 10, 12, 16, 17, 20, 21, 27, 36, 37, 38, 46, 47, 50, 55, 58, 59, 61, 
      62, 66, 79, 80, 82, 84, 86, 88, 95, 96, 99, 101, 106, 107, 108, 114, 
      115, 124, 125, 127, 128, 129, 130, 131, 132, 135, 136, 140, 144 ], 
  [ 2, 3, 6, 7, 9, 13, 15, 17, 19, 24, 25, 30, 31, 32, 33, 34, 41, 42, 43, 
      44, 52, 53, 60, 61, 63, 64, 65, 68, 69, 70, 71, 75, 76, 77, 81, 82, 83, 
      93, 94, 98, 102, 103, 105, 113, 115, 118, 119, 120, 121, 122, 123, 126, 
      128, 132, 133, 138, 139, 140, 141, 142 ], 
  [ 2, 3, 8, 9, 10, 15, 17, 19, 20, 21, 22, 25, 30, 32, 34, 37, 42, 43, 47, 
      49, 50, 53, 54, 55, 58, 59, 60, 61, 63, 65, 67, 68, 69, 70, 75, 77, 79, 
      80, 83, 84, 86, 89, 90, 93, 96, 101, 102, 114, 115, 118, 119, 120, 121, 
      127, 130, 131, 132, 142, 143, 144 ], 
  [ 3, 4, 7, 8, 12, 20, 25, 26, 27, 28, 30, 31, 33, 38, 42, 43, 44, 45, 51, 
      52, 53, 54, 57, 58, 59, 60, 64, 65, 69, 71, 77, 82, 83, 90, 91, 92, 94, 
      97, 98, 99, 101, 102, 103, 105, 106, 107, 115, 116, 118, 120, 122, 125, 
      126, 128, 130, 133, 134, 135, 138, 139 ], 
  [ 1, 2, 3, 4, 5, 6, 13, 14, 15, 16, 17, 24, 34, 35, 36, 39, 40, 41, 42, 43, 
      44, 45, 46, 47, 48, 49, 50, 57, 60, 61, 62, 63, 66, 67, 68, 70, 72, 73, 
      74, 75, 77, 78, 80, 81, 85, 86, 87, 88, 92, 94, 99, 102, 103, 107, 108, 
      109, 111, 113, 114, 115, 119, 121, 122, 123, 127, 129, 132, 136, 137, 
      138, 140, 141 ], 
  [ 2, 4, 5, 8, 9, 10, 15, 17, 19, 20, 21, 22, 30, 32, 34, 35, 36, 37, 40, 
      41, 43, 45, 46, 47, 49, 50, 54, 55, 58, 59, 61, 62, 63, 65, 67, 68, 70, 
      72, 73, 74, 75, 77, 79, 80, 83, 84, 85, 86, 88, 89, 93, 96, 99, 101, 
      102, 103, 107, 108, 111, 114, 119, 120, 121, 123, 127, 131, 132, 136, 
      140, 142, 143, 144 ], 
  [ 1, 3, 6, 8, 9, 10, 13, 16, 17, 18, 19, 20, 21, 22, 25, 30, 32, 34, 37, 
      39, 42, 47, 51, 53, 54, 55, 56, 58, 59, 61, 62, 64, 65, 67, 69, 70, 72, 
      75, 76, 77, 79, 80, 82, 83, 84, 86, 89, 90, 93, 95, 96, 101, 102, 110, 
      113, 115, 118, 119, 120, 124, 125, 127, 128, 130, 131, 132, 136, 139, 
      140, 142, 143, 144 ], 
  [ 1, 3, 5, 8, 9, 12, 14, 15, 16, 20, 22, 25, 27, 28, 30, 34, 36, 37, 38, 
      39, 42, 44, 45, 46, 47, 48, 49, 50, 51, 57, 59, 60, 61, 62, 66, 67, 74, 
      78, 80, 86, 87, 88, 90, 92, 94, 96, 97, 99, 101, 102, 104, 105, 106, 
      107, 108, 109, 110, 111, 114, 115, 119, 122, 123, 125, 127, 129, 130, 
      131, 133, 134, 135, 137 ], 
  [ 2, 4, 6, 8, 9, 12, 13, 15, 17, 19, 20, 22, 24, 28, 30, 32, 33, 34, 35, 
      36, 40, 41, 43, 45, 49, 54, 61, 63, 65, 66, 67, 68, 70, 72, 73, 74, 75, 
      76, 77, 81, 82, 83, 85, 89, 93, 96, 100, 102, 103, 105, 107, 111, 113, 
      114, 116, 119, 120, 121, 122, 123, 126, 127, 132, 136, 137, 138, 139, 
      140, 141, 142, 143, 144 ], 
  [ 1, 2, 5, 6, 9, 10, 11, 13, 14, 15, 16, 17, 18, 19, 21, 24, 25, 26, 27, 
      29, 30, 31, 32, 37, 41, 42, 43, 46, 47, 50, 51, 52, 55, 56, 57, 58, 59, 
      60, 61, 62, 63, 64, 65, 69, 70, 71, 76, 78, 79, 81, 82, 87, 93, 94, 95, 
      98, 99, 101, 104, 105, 106, 108, 110, 112, 115, 117, 118, 119, 120, 
      121, 123, 124, 125, 126, 128, 129, 131, 132, 133, 134, 135, 138, 139, 
      140 ], [ 1, 2, 5, 6, 7, 8, 12, 13, 14, 15, 16, 17, 20, 24, 27, 28, 30, 
      31, 33, 36, 38, 41, 42, 43, 44, 45, 46, 47, 48, 49, 50, 51, 52, 57, 59, 
      60, 61, 62, 63, 64, 65, 66, 67, 68, 70, 71, 74, 78, 81, 82, 83, 87, 88, 
      94, 97, 98, 99, 101, 102, 103, 105, 106, 107, 108, 114, 115, 119, 121, 
      122, 123, 125, 126, 127, 128, 129, 132, 133, 134, 135, 137, 138, 139, 
      140, 141 ], 
  [ 2, 3, 5, 6, 8, 9, 12, 13, 15, 17, 19, 20, 22, 24, 25, 27, 28, 30, 32, 33, 
      34, 36, 41, 42, 43, 49, 50, 53, 54, 55, 59, 60, 61, 63, 65, 66, 67, 68, 
      69, 70, 71, 74, 75, 76, 77, 78, 80, 81, 82, 83, 85, 89, 90, 93, 94, 96, 
      100, 102, 105, 113, 114, 115, 116, 117, 118, 119, 120, 121, 122, 123, 
      126, 127, 129, 130, 131, 132, 137, 138, 139, 140, 141, 142, 143, 144 ], 
  [ 2, 3, 5, 7, 9, 10, 12, 15, 17, 19, 20, 21, 25, 27, 30, 31, 32, 33, 34, 
      36, 37, 38, 41, 42, 43, 44, 46, 47, 50, 52, 53, 55, 58, 59, 60, 61, 62, 
      63, 64, 65, 68, 69, 70, 71, 75, 77, 79, 80, 82, 83, 84, 86, 88, 93, 94, 
      96, 98, 99, 101, 102, 103, 105, 106, 107, 108, 114, 115, 118, 119, 120, 
      121, 122, 123, 125, 126, 128, 130, 131, 132, 133, 135, 140, 142, 144 ], 
  [ 1, 2, 3, 4, 7, 8, 9, 11, 14, 15, 16, 17, 18, 19, 20, 21, 22, 23, 25, 26, 
      30, 31, 34, 35, 37, 38, 39, 40, 42, 43, 44, 45, 47, 48, 49, 50, 51, 52, 
      53, 54, 57, 58, 59, 60, 61, 62, 64, 65, 67, 68, 70, 72, 75, 77, 79, 80, 
      83, 84, 86, 87, 88, 90, 91, 92, 93, 95, 96, 97, 99, 101, 102, 103, 104, 
      106, 107, 108, 109, 110, 111, 112, 114, 115, 118, 119, 120, 121, 125, 
      127, 128, 130, 131, 133, 134, 136, 142, 143 ], 
  [ 1, 2, 3, 4, 6, 9, 10, 11, 13, 14, 15, 16, 17, 18, 19, 21, 24, 25, 26, 29, 
      30, 31, 32, 34, 35, 37, 39, 40, 41, 42, 43, 44, 45, 46, 47, 51, 52, 56, 
      57, 58, 60, 61, 62, 63, 64, 65, 69, 70, 72, 73, 75, 76, 77, 79, 81, 82, 
      86, 87, 92, 93, 94, 95, 98, 99, 101, 102, 103, 104, 105, 106, 107, 108, 
      109, 110, 111, 112, 113, 115, 118, 119, 120, 121, 122, 123, 124, 125, 
      126, 128, 132, 133, 134, 135, 136, 138, 139, 140 ], 
  [ 3, 4, 5, 7, 8, 9, 10, 11, 12, 14, 15, 20, 21, 22, 23, 25, 26, 27, 28, 29, 
      30, 31, 32, 33, 34, 35, 36, 37, 38, 42, 43, 44, 45, 46, 47, 48, 49, 50, 
      53, 54, 55, 57, 58, 59, 60, 61, 63, 66, 67, 68, 69, 71, 73, 74, 77, 78, 
      80, 81, 83, 84, 85, 86, 88, 89, 90, 91, 92, 93, 94, 96, 97, 98, 99, 
      100, 101, 102, 103, 104, 105, 106, 107, 108, 109, 111, 114, 115, 116, 
      117, 118, 119, 120, 121, 122, 123, 127, 129, 130, 131, 132, 133, 134, 
      135, 137, 138, 141, 142, 143, 144 ], 
  [ 1, 2, 6, 7, 8, 9, 10, 11, 12, 13, 14, 15, 16, 17, 18, 19, 20, 21, 22, 23, 
      24, 25, 26, 27, 28, 29, 30, 31, 32, 33, 37, 38, 42, 43, 47, 48, 49, 50, 
      51, 52, 53, 54, 55, 56, 57, 58, 59, 60, 61, 63, 64, 65, 66, 67, 68, 69, 
      70, 71, 76, 78, 79, 81, 82, 83, 84, 87, 89, 90, 91, 93, 95, 96, 97, 98, 
      100, 101, 104, 105, 106, 110, 112, 114, 115, 116, 117, 118, 119, 120, 
      121, 124, 125, 126, 127, 128, 129, 130, 131, 132, 133, 134, 135, 137, 
      138, 139, 141, 142, 143, 144 ], 
  [ 1, 2, 3, 4, 5, 6, 7, 8, 9, 10, 11, 13, 14, 15, 16, 17, 18, 19, 21, 22, 
      23, 24, 25, 26, 29, 30, 31, 32, 34, 35, 37, 39, 40, 41, 42, 43, 44, 45, 
      46, 47, 48, 49, 50, 51, 52, 53, 54, 55, 56, 57, 58, 59, 60, 61, 62, 63, 
      64, 65, 67, 68, 69, 70, 71, 72, 73, 74, 75, 76, 77, 78, 79, 80, 81, 83, 
      84, 85, 86, 87, 88, 89, 90, 91, 92, 93, 94, 95, 97, 98, 99, 101, 102, 
      103, 104, 108, 109, 110, 111, 112, 113, 115, 117, 118, 119, 120, 121, 
      123, 124, 127, 128, 129, 131, 132, 133, 134, 136, 138, 139, 140, 141, 
      142, 143 ], 
  [ 1, 2, 3, 4, 5, 6, 7, 8, 9, 10, 12, 13, 15, 16, 17, 19, 20, 22, 24, 25, 
      27, 28, 30, 32, 33, 34, 36, 37, 38, 39, 40, 41, 42, 43, 44, 45, 46, 47, 
      48, 49, 50, 51, 52, 53, 54, 55, 56, 57, 58, 59, 60, 61, 62, 63, 64, 65, 
      66, 67, 68, 69, 70, 71, 72, 73, 74, 75, 76, 77, 78, 79, 80, 82, 83, 84, 
      85, 86, 87, 88, 89, 90, 91, 92, 94, 96, 97, 98, 99, 101, 102, 103, 105, 
      107, 110, 111, 113, 114, 115, 116, 119, 120, 122, 123, 124, 125, 126, 
      127, 128, 129, 130, 131, 132, 133, 135, 136, 137, 138, 139, 140, 141, 
      142, 144 ], 
  [ 1, 2, 3, 4, 5, 6, 7, 8, 9, 11, 12, 13, 14, 15, 16, 17, 18, 19, 20, 22, 
      23, 24, 25, 26, 27, 28, 30, 31, 33, 34, 35, 36, 38, 39, 40, 41, 42, 43, 
      44, 45, 48, 49, 50, 51, 52, 53, 54, 57, 59, 60, 61, 62, 64, 65, 66, 67, 
      68, 70, 71, 72, 74, 75, 76, 77, 78, 80, 81, 82, 83, 85, 87, 88, 90, 91, 
      92, 93, 94, 95, 96, 97, 99, 100, 102, 103, 104, 105, 106, 107, 108, 
      109, 110, 111, 112, 113, 114, 115, 116, 117, 118, 119, 120, 121, 122, 
      123, 125, 126, 127, 128, 129, 130, 131, 133, 134, 136, 137, 138, 139, 
      140, 141, 142, 143 ], 
  [ 1, 2, 3, 4, 5, 6, 7, 9, 10, 11, 12, 13, 14, 15, 16, 17, 18, 19, 21, 23, 
      24, 25, 26, 27, 29, 31, 32, 33, 34, 35, 36, 37, 38, 39, 40, 41, 42, 43, 
      44, 46, 47, 48, 50, 52, 53, 55, 56, 57, 58, 60, 61, 62, 63, 64, 66, 68, 
      69, 70, 71, 72, 73, 75, 76, 77, 78, 79, 80, 81, 82, 84, 85, 86, 87, 88, 
      91, 92, 93, 94, 95, 96, 98, 99, 100, 103, 104, 105, 106, 107, 108, 109, 
      110, 111, 112, 113, 114, 115, 116, 117, 118, 119, 120, 121, 122, 123, 
      124, 125, 126, 128, 129, 130, 131, 132, 133, 135, 136, 137, 138, 140, 
      141, 142, 144 ], 
  [ 1, 2, 3, 4, 5, 7, 8, 9, 10, 11, 12, 14, 15, 18, 19, 20, 21, 22, 23, 25, 
      26, 27, 28, 29, 30, 31, 32, 33, 34, 35, 36, 37, 38, 39, 40, 41, 42, 43, 
      44, 45, 46, 47, 48, 49, 50, 51, 52, 53, 54, 55, 56, 57, 58, 59, 60, 62, 
      63, 64, 65, 67, 68, 69, 70, 71, 72, 73, 74, 75, 77, 78, 79, 80, 83, 84, 
      85, 86, 87, 88, 89, 90, 91, 92, 93, 94, 96, 97, 98, 99, 100, 101, 102, 
      103, 104, 105, 106, 107, 108, 109, 110, 111, 112, 114, 116, 117, 118, 
      119, 120, 121, 122, 123, 125, 126, 130, 131, 133, 134, 135, 137, 142, 
      143, 144 ], 
  [ 1, 2, 3, 4, 6, 7, 8, 9, 10, 11, 12, 13, 14, 15, 16, 17, 18, 19, 20, 21, 
      22, 23, 24, 25, 26, 28, 29, 30, 31, 32, 33, 34, 35, 37, 38, 39, 40, 42, 
      43, 44, 45, 47, 48, 49, 51, 52, 53, 54, 56, 57, 58, 60, 61, 63, 64, 65, 
      66, 67, 68, 69, 70, 72, 73, 75, 76, 77, 79, 81, 82, 83, 84, 86, 87, 89, 
      90, 91, 92, 93, 95, 96, 97, 98, 100, 101, 102, 103, 104, 105, 106, 107, 
      109, 110, 111, 112, 113, 114, 115, 116, 118, 119, 120, 121, 122, 124, 
      125, 126, 127, 128, 130, 132, 133, 134, 135, 136, 137, 138, 139, 141, 
      142, 143, 144 ], 
  [ 1, 2, 3, 5, 6, 7, 8, 9, 10, 11, 12, 13, 14, 15, 16, 17, 18, 19, 20, 21, 
      22, 23, 24, 25, 27, 28, 29, 30, 31, 32, 33, 34, 36, 37, 38, 39, 41, 42, 
      44, 46, 47, 48, 49, 50, 51, 52, 53, 55, 56, 59, 60, 61, 62, 63, 64, 65, 
      66, 67, 68, 69, 70, 71, 74, 75, 76, 78, 79, 80, 81, 82, 83, 84, 86, 87, 
      88, 89, 90, 93, 94, 95, 96, 97, 98, 100, 101, 102, 104, 105, 106, 108, 
      109, 110, 112, 113, 114, 115, 117, 118, 119, 121, 122, 123, 124, 125, 
      126, 127, 128, 129, 130, 131, 132, 133, 134, 135, 137, 139, 140, 141, 
      142, 143, 144 ], 
  [ 1, 3, 4, 5, 6, 7, 8, 9, 10, 11, 12, 13, 14, 16, 18, 20, 21, 22, 23, 25, 
      26, 27, 28, 29, 30, 31, 32, 33, 34, 35, 36, 37, 38, 39, 42, 44, 45, 46, 
      47, 48, 51, 53, 54, 55, 56, 57, 58, 59, 61, 62, 64, 66, 67, 69, 71, 72, 
      73, 74, 76, 77, 78, 80, 81, 82, 83, 84, 85, 86, 88, 89, 90, 91, 92, 93, 
      94, 95, 96, 97, 98, 99, 100, 101, 102, 103, 104, 105, 106, 107, 108, 
      109, 110, 111, 113, 115, 116, 117, 118, 119, 120, 122, 123, 124, 125, 
      127, 128, 129, 130, 131, 132, 133, 134, 135, 136, 137, 138, 139, 140, 
      141, 142, 143, 144 ] ];
