return [ [ 2, 12, 22, 23, 24, 25, 26, 33, 35, 36, 42, 46, 48, 49 ], 
  [ 6, 17, 18, 23, 28, 30, 31, 32, 37, 38, 40, 47, 52, 53, 54, 55 ], 
  [ 1, 6, 8, 17, 18, 23, 24, 26, 32, 33, 35, 37, 46, 49, 53, 54 ], 
  [ 2, 15, 19, 27, 28, 30, 31, 32, 34, 37, 39, 44, 47, 50, 52, 53, 54 ], 
  [ 2, 15, 17, 20, 27, 28, 30, 31, 32, 34, 36, 39, 44, 50, 51, 52, 53 ], 
  [ 6, 10, 11, 17, 18, 20, 30, 32, 35, 38, 39, 41, 44, 47, 49, 53, 54 ], 
  [ 1, 6, 7, 19, 20, 21, 25, 27, 28, 29, 34, 39, 42, 44, 47, 48, 50, 52 ], 
  [ 1, 2, 6, 8, 12, 17, 18, 22, 23, 24, 25, 26, 32, 33, 35, 36, 46, 48, 49 ], 
  [ 3, 6, 10, 11, 16, 18, 20, 21, 22, 29, 31, 35, 38, 39, 41, 42, 44, 45, 47, 
      48, 49, 52, 53 ], 
  [ 1, 4, 6, 7, 10, 13, 17, 19, 20, 21, 24, 25, 27, 28, 29, 30, 34, 36, 40, 
      42, 44, 47, 48, 50, 51, 52 ], 
  [ 1, 2, 6, 7, 15, 17, 18, 19, 20, 21, 22, 25, 27, 28, 29, 30, 31, 32, 34, 
      36, 39, 44, 45, 47, 48, 50, 51, 52 ], 
  [ 2, 6, 10, 11, 15, 17, 18, 20, 21, 22, 23, 28, 29, 30, 31, 32, 34, 36, 38, 
      39, 40, 41, 43, 44, 45, 46, 47, 48, 49, 50, 51, 52, 53, 54, 55 ], 
  [ 1, 2, 3, 4, 6, 10, 11, 17, 18, 19, 20, 21, 22, 23, 24, 25, 26, 27, 28, 
      30, 31, 32, 33, 34, 35, 36, 37, 38, 39, 40, 42, 44, 46, 47, 48, 49, 50, 
      52, 53, 54 ], 
  [ 1, 3, 4, 5, 6, 7, 8, 9, 10, 11, 13, 14, 15, 16, 17, 18, 19, 20, 21, 24, 
      27, 28, 29, 30, 31, 32, 34, 35, 37, 38, 39, 40, 41, 42, 43, 44, 45, 47, 
      50, 51, 52, 53, 54, 55 ], 
  [ 1, 2, 4, 5, 6, 7, 8, 9, 10, 12, 13, 14, 15, 17, 18, 19, 21, 22, 23, 24, 
      25, 26, 27, 28, 29, 30, 31, 32, 33, 34, 36, 37, 40, 41, 43, 44, 45, 46, 
      47, 48, 49, 50, 51, 52, 53, 54, 55 ], 
  [ 1, 2, 3, 5, 6, 7, 8, 10, 11, 12, 13, 14, 15, 16, 17, 18, 20, 21, 22, 23, 
      24, 25, 27, 28, 29, 31, 32, 33, 34, 35, 36, 38, 39, 40, 41, 42, 43, 44, 
      45, 46, 48, 49, 50, 51, 52, 53, 55 ], 
  [ 1, 2, 3, 4, 5, 6, 7, 8, 9, 10, 12, 13, 14, 15, 16, 17, 18, 19, 20, 21, 
      22, 23, 24, 25, 26, 27, 28, 29, 30, 31, 32, 33, 34, 35, 36, 37, 38, 39, 
      40, 41, 42, 44, 45, 47, 48, 49, 51, 52, 53, 55 ], 
  [ 1, 3, 4, 5, 6, 7, 8, 9, 10, 11, 12, 13, 14, 16, 17, 18, 19, 20, 21, 22, 
      23, 24, 25, 26, 27, 28, 29, 30, 31, 33, 35, 36, 37, 38, 40, 41, 42, 43, 
      44, 45, 46, 47, 48, 49, 50, 51, 52, 53, 54, 55 ], 
  [ 1, 2, 3, 4, 5, 6, 7, 8, 9, 10, 11, 12, 13, 14, 15, 16, 17, 18, 19, 20, 
      21, 22, 24, 25, 26, 27, 29, 30, 31, 32, 33, 34, 35, 36, 37, 39, 41, 42, 
      43, 44, 45, 46, 47, 48, 49, 50, 51, 52, 53, 54 ] ];
