return 
[ [ 1, 5, 6, 17, 18, 22, 23, 25, 28, 29, 31, 33, 38, 41, 42, 45, 46, 47 ], 
  [ 6, 10, 18, 20, 21, 23, 25, 28, 31, 33, 34, 35, 36, 38, 41, 42, 45, 52 ], 
  [ 6, 10, 16, 18, 20, 21, 23, 25, 28, 31, 33, 34, 35, 36, 38, 41, 42, 45 ], 
  [ 1, 6, 10, 18, 20, 23, 25, 28, 29, 33, 35, 36, 38, 41, 42, 45, 47, 49, 52 ]
    , [ 1, 6, 10, 18, 20, 21, 23, 25, 28, 31, 33, 35, 36, 38, 41, 42, 45, 47, 
      52 ], [ 2, 3, 6, 7, 8, 12, 26, 27, 31, 36, 37, 39, 40, 43, 44, 48, 53, 
      55, 56 ], 
  [ 3, 6, 13, 14, 15, 17, 18, 20, 21, 25, 28, 29, 31, 35, 41, 42, 45, 46, 47, 
      52 ], [ 1, 6, 10, 17, 20, 23, 25, 28, 29, 32, 35, 36, 38, 41, 42, 45, 
      47, 49, 51, 52 ], 
  [ 1, 6, 10, 17, 20, 23, 25, 28, 29, 33, 35, 36, 38, 41, 42, 45, 47, 49, 51, 
      52 ], [ 6, 8, 10, 16, 18, 20, 21, 23, 25, 28, 31, 33, 34, 35, 36, 38, 
      42, 45, 50, 54 ], 
  [ 1, 6, 10, 11, 18, 20, 21, 23, 25, 31, 33, 34, 35, 36, 37, 38, 41, 42, 45, 
      52 ], [ 2, 3, 6, 7, 8, 12, 20, 23, 26, 27, 31, 36, 37, 38, 39, 40, 43, 
      48, 53, 55 ], 
  [ 1, 5, 6, 10, 12, 16, 18, 20, 21, 23, 25, 30, 31, 36, 37, 38, 41, 42, 45, 
      47 ], 
  [ 2, 5, 6, 12, 16, 18, 20, 21, 23, 25, 27, 31, 33, 35, 36, 37, 38, 39, 41, 
      42, 43 ], 
  [ 6, 9, 17, 18, 20, 21, 23, 25, 28, 31, 33, 34, 35, 36, 37, 38, 41, 42, 45, 
      51, 52, 56 ], 
  [ 3, 4, 6, 9, 13, 14, 15, 17, 18, 20, 21, 25, 28, 29, 33, 35, 41, 42, 45, 
      46, 47, 52 ], 
  [ 1, 5, 6, 12, 18, 20, 21, 22, 23, 25, 26, 30, 31, 33, 36, 37, 38, 41, 42, 
      45, 46, 47 ], 
  [ 2, 3, 4, 6, 9, 12, 18, 22, 24, 26, 29, 30, 36, 37, 40, 41, 42, 44, 46, 
      47, 48, 49 ], 
  [ 1, 2, 5, 6, 10, 11, 12, 16, 18, 20, 21, 23, 24, 27, 31, 34, 35, 36, 37, 
      38, 41, 42 ], 
  [ 1, 6, 10, 17, 20, 21, 23, 25, 28, 30, 31, 32, 35, 36, 37, 38, 41, 42, 45, 
      47, 51, 52, 56 ], 
  [ 1, 6, 10, 11, 17, 20, 21, 23, 25, 28, 31, 33, 34, 35, 36, 37, 38, 41, 42, 
      45, 51, 52, 56 ], 
  [ 2, 3, 4, 6, 9, 12, 19, 24, 29, 32, 35, 36, 37, 39, 40, 41, 42, 43, 44, 
      48, 49, 53, 54 ], 
  [ 2, 3, 4, 6, 9, 12, 18, 22, 24, 25, 29, 30, 32, 36, 37, 39, 40, 41, 42, 
      44, 47, 48, 49 ], 
  [ 1, 5, 6, 10, 11, 12, 16, 18, 20, 21, 23, 25, 27, 31, 33, 34, 35, 36, 37, 
      38, 41, 42, 45 ], 
  [ 3, 4, 6, 7, 9, 15, 17, 22, 25, 28, 29, 30, 32, 37, 39, 41, 42, 45, 47, 
      48, 50, 53, 55, 56 ], 
  [ 6, 8, 9, 10, 18, 20, 21, 23, 25, 28, 31, 33, 34, 35, 36, 37, 38, 42, 45, 
      50, 51, 52, 54, 56 ], 
  [ 1, 6, 7, 10, 11, 17, 20, 21, 23, 25, 30, 31, 32, 34, 35, 36, 37, 38, 41, 
      45, 51, 52, 53, 56 ], 
  [ 1, 2, 5, 6, 10, 12, 16, 18, 20, 21, 23, 24, 25, 30, 31, 32, 35, 36, 37, 
      38, 39, 41, 42, 47 ], 
  [ 2, 3, 4, 6, 9, 12, 18, 19, 22, 24, 25, 29, 32, 33, 35, 36, 37, 39, 40, 
      41, 42, 43, 44, 48, 49 ], 
  [ 3, 6, 7, 9, 13, 14, 15, 17, 18, 20, 21, 25, 28, 29, 30, 31, 37, 38, 41, 
      42, 45, 46, 47, 48, 52, 56 ], 
  [ 3, 4, 6, 9, 12, 17, 22, 25, 28, 29, 30, 32, 36, 37, 39, 40, 41, 42, 44, 
      45, 47, 48, 49, 50, 51, 56 ], 
  [ 2, 3, 4, 6, 7, 9, 12, 18, 19, 21, 22, 24, 26, 30, 31, 33, 36, 37, 40, 41, 
      43, 44, 46, 48, 55, 56 ], 
  [ 1, 3, 5, 6, 10, 11, 13, 14, 15, 16, 17, 25, 27, 28, 29, 31, 32, 34, 35, 
      39, 41, 42, 45, 46, 47, 52, 53 ], 
  [ 1, 2, 5, 6, 7, 10, 11, 12, 16, 18, 20, 21, 23, 24, 25, 27, 30, 31, 32, 
      34, 35, 36, 37, 38, 39, 41, 53 ], 
  [ 1, 5, 6, 7, 10, 11, 13, 14, 15, 16, 17, 25, 27, 28, 29, 30, 31, 34, 37, 
      38, 41, 42, 45, 46, 47, 48, 52, 56 ], 
  [ 1, 2, 4, 5, 6, 8, 10, 12, 16, 19, 22, 23, 24, 26, 30, 32, 36, 37, 39, 40, 
      42, 43, 44, 47, 49, 50, 51, 54 ], 
  [ 1, 5, 6, 10, 11, 13, 14, 15, 16, 17, 18, 20, 21, 23, 25, 27, 28, 29, 31, 
      33, 34, 35, 38, 41, 42, 45, 46, 47, 52 ], 
  [ 2, 3, 4, 6, 7, 9, 12, 18, 19, 21, 22, 24, 25, 30, 31, 32, 33, 35, 36, 37, 
      39, 40, 41, 43, 44, 48, 53, 55, 56 ], 
  [ 1, 2, 3, 5, 6, 7, 8, 10, 11, 12, 14, 16, 24, 26, 27, 30, 31, 32, 34, 36, 
      37, 39, 40, 41, 44, 46, 48, 53, 56 ], 
  [ 1, 5, 6, 8, 9, 10, 13, 14, 16, 17, 18, 20, 22, 23, 25, 26, 28, 29, 33, 
      36, 38, 41, 42, 45, 46, 47, 49, 50, 51, 52 ], 
  [ 4, 6, 8, 9, 10, 13, 14, 15, 16, 17, 18, 20, 21, 23, 25, 28, 29, 33, 34, 
      35, 36, 38, 41, 42, 45, 47, 49, 50, 51, 52, 54 ], 
  [ 1, 3, 5, 6, 7, 10, 11, 13, 14, 15, 16, 17, 25, 27, 28, 29, 30, 31, 32, 
      34, 37, 39, 41, 42, 45, 46, 47, 48, 52, 53, 56 ], 
  [ 3, 4, 6, 9, 12, 17, 19, 22, 25, 28, 29, 32, 33, 35, 36, 37, 39, 40, 41, 
      42, 43, 44, 45, 48, 49, 50, 51, 53, 54, 55, 56 ], 
  [ 1, 2, 5, 6, 7, 8, 10, 11, 12, 13, 14, 15, 16, 18, 20, 21, 23, 24, 26, 27, 
      30, 31, 34, 36, 37, 38, 41, 42, 45, 46, 47, 52 ], 
  [ 1, 3, 5, 6, 7, 9, 10, 11, 13, 14, 15, 16, 17, 22, 25, 27, 28, 29, 30, 32, 
      34, 37, 39, 41, 42, 45, 46, 47, 48, 50, 52, 53, 55, 56 ], 
  [ 1, 2, 4, 5, 6, 8, 10, 12, 16, 18, 19, 20, 21, 22, 23, 24, 25, 26, 30, 31, 
      32, 33, 35, 36, 37, 38, 39, 42, 43, 44, 47, 49, 50, 54 ], 
  [ 1, 3, 4, 5, 6, 9, 10, 11, 13, 14, 15, 16, 17, 19, 22, 25, 27, 28, 29, 32, 
      33, 34, 35, 39, 41, 42, 43, 45, 46, 47, 50, 52, 53, 54, 55 ], 
  [ 1, 5, 6, 7, 8, 9, 10, 11, 13, 14, 15, 16, 17, 22, 26, 27, 28, 29, 30, 34, 
      36, 37, 38, 41, 42, 45, 46, 47, 48, 49, 50, 51, 52, 55, 56 ], 
  [ 1, 2, 3, 4, 5, 6, 12, 18, 19, 20, 21, 22, 23, 24, 25, 26, 29, 30, 31, 32, 
      33, 35, 36, 37, 38, 39, 40, 41, 42, 43, 44, 46, 47, 48, 49 ], 
  [ 1, 2, 5, 6, 7, 8, 10, 11, 12, 16, 19, 22, 23, 24, 26, 27, 30, 31, 32, 34, 
      36, 37, 38, 39, 40, 43, 44, 48, 49, 50, 51, 53, 54, 55, 56 ], 
  [ 1, 2, 5, 6, 7, 8, 10, 11, 12, 16, 18, 19, 20, 21, 22, 23, 24, 25, 26, 27, 
      30, 31, 32, 33, 34, 35, 36, 37, 38, 39, 43, 50, 53, 54, 55 ], 
  [ 2, 3, 4, 6, 7, 8, 9, 12, 13, 14, 15, 17, 18, 20, 21, 23, 24, 26, 28, 29, 
      30, 31, 36, 37, 38, 40, 41, 42, 44, 45, 46, 47, 48, 49, 51, 52, 56 ], 
  [ 2, 3, 4, 6, 7, 8, 9, 12, 18, 19, 20, 21, 22, 23, 24, 25, 26, 30, 31, 32, 
      33, 35, 36, 37, 38, 39, 40, 43, 44, 48, 49, 50, 51, 53, 54, 55, 56 ], 
  [ 1, 3, 4, 6, 9, 12, 17, 18, 19, 20, 21, 22, 23, 24, 25, 26, 28, 29, 30, 
      31, 32, 33, 35, 36, 37, 38, 40, 41, 42, 44, 45, 46, 47, 48, 49, 51, 52, 
      56 ], [ 1, 2, 5, 6, 7, 8, 10, 11, 12, 13, 14, 15, 16, 17, 23, 24, 26, 
      27, 28, 29, 30, 31, 34, 36, 37, 38, 40, 41, 42, 44, 45, 46, 47, 48, 49, 
      51, 52, 56 ], 
  [ 1, 5, 6, 7, 8, 9, 10, 11, 13, 14, 15, 16, 17, 18, 20, 21, 22, 23, 25, 26, 
      27, 28, 30, 31, 33, 34, 36, 37, 38, 41, 42, 45, 46, 47, 50, 51, 52, 55, 
      56 ], 
  [ 1, 3, 4, 6, 7, 8, 9, 10, 11, 14, 15, 17, 19, 20, 21, 22, 25, 26, 28, 29, 
      30, 32, 33, 34, 35, 36, 37, 38, 41, 42, 45, 46, 47, 48, 49, 50, 51, 52, 
      53, 54, 55, 56 ], 
  [ 1, 2, 3, 5, 6, 8, 9, 10, 12, 13, 14, 16, 17, 18, 20, 22, 23, 24, 25, 26, 
      28, 29, 30, 31, 32, 36, 37, 38, 39, 40, 41, 42, 44, 45, 46, 47, 48, 49, 
      50, 51, 52, 56 ], 
  [ 1, 2, 3, 4, 5, 6, 7, 8, 10, 11, 12, 14, 15, 16, 19, 20, 21, 23, 24, 26, 
      27, 29, 30, 31, 32, 34, 35, 36, 37, 38, 39, 40, 41, 42, 43, 44, 46, 47, 
      48, 49, 53, 54 ], 
  [ 2, 3, 4, 6, 7, 8, 9, 12, 13, 14, 15, 16, 17, 18, 20, 21, 23, 25, 27, 28, 
      29, 31, 33, 34, 35, 36, 37, 38, 39, 40, 41, 42, 43, 44, 45, 48, 49, 50, 
      51, 53, 54, 55, 56 ], 
  [ 2, 3, 4, 5, 6, 7, 8, 9, 12, 13, 14, 15, 16, 17, 18, 20, 21, 22, 23, 25, 
      26, 27, 28, 29, 30, 31, 33, 36, 37, 38, 39, 40, 41, 42, 43, 44, 45, 46, 
      47, 48, 49, 50, 51, 55, 56 ], 
  [ 1, 2, 3, 4, 5, 6, 7, 8, 9, 10, 11, 12, 13, 14, 15, 16, 17, 19, 22, 24, 
      26, 27, 28, 29, 30, 32, 34, 36, 37, 39, 40, 41, 42, 43, 44, 45, 46, 47, 
      48, 49, 50, 51, 52, 53, 54, 55, 56 ], 
  [ 1, 3, 4, 5, 6, 7, 8, 10, 11, 12, 14, 15, 16, 17, 19, 20, 21, 22, 23, 25, 
      26, 27, 28, 29, 30, 31, 32, 33, 34, 35, 36, 37, 38, 39, 40, 41, 42, 43, 
      44, 45, 46, 47, 48, 49, 50, 51, 53, 54, 55, 56 ], 
  [ 1, 2, 3, 4, 5, 6, 7, 8, 9, 10, 11, 12, 13, 14, 15, 16, 18, 19, 20, 21, 
      22, 24, 25, 26, 27, 28, 29, 30, 31, 32, 33, 34, 35, 36, 37, 38, 39, 41, 
      42, 43, 44, 45, 46, 47, 48, 49, 50, 52, 53, 54, 55, 56 ], 
  [ 1, 2, 3, 4, 5, 6, 7, 8, 9, 10, 11, 13, 14, 15, 16, 17, 18, 19, 20, 21, 
      22, 23, 24, 25, 26, 27, 28, 29, 30, 31, 32, 33, 34, 35, 36, 37, 38, 39, 
      40, 41, 42, 43, 44, 46, 47, 48, 49, 50, 51, 52, 53, 54, 55, 56 ], 
  [ 1, 2, 3, 4, 5, 7, 8, 9, 10, 11, 12, 13, 14, 15, 16, 17, 18, 19, 20, 21, 
      22, 23, 24, 25, 26, 27, 28, 29, 30, 31, 32, 33, 34, 35, 36, 37, 38, 39, 
      40, 41, 42, 43, 44, 45, 46, 47, 48, 49, 50, 51, 52, 53, 54, 55, 56 ] ];
