return [ [ 2, 13, 14, 17, 21, 24, 25, 26, 28, 31, 37, 40, 46, 47, 49, 50 ], 
  [ 2, 13, 15, 18, 21, 24, 25, 26, 31, 36, 37, 38, 41, 42, 46, 51 ], 
  [ 2, 13, 16, 18, 19, 21, 24, 25, 27, 28, 38, 40, 41, 45, 47, 52 ], 
  [ 3, 5, 8, 9, 15, 20, 22, 26, 30, 31, 33, 34, 37, 42, 44, 48, 50 ], 
  [ 9, 11, 15, 20, 22, 26, 30, 31, 32, 33, 34, 36, 37, 42, 44, 48, 50, 51 ], 
  [ 3, 5, 6, 9, 14, 15, 19, 21, 24, 25, 26, 27, 30, 42, 45, 48, 49, 50, 51, 
      52 ], [ 3, 5, 6, 9, 10, 14, 15, 19, 26, 27, 32, 33, 34, 35, 39, 44, 48, 
      50, 51, 52 ], 
  [ 2, 9, 11, 13, 15, 18, 19, 22, 26, 30, 31, 33, 34, 36, 38, 42, 44, 48, 51, 
      52 ], 
  [ 1, 8, 9, 10, 11, 15, 16, 18, 19, 22, 24, 27, 30, 33, 34, 38, 42, 44, 51, 
      52 ], 
  [ 1, 5, 8, 10, 12, 14, 15, 17, 22, 24, 26, 30, 31, 33, 34, 37, 42, 44, 50, 
      51 ], [ 2, 13, 20, 21, 24, 25, 26, 29, 31, 32, 36, 37, 40, 41, 42, 45, 
      46, 48, 49, 50, 51 ], 
  [ 3, 5, 8, 9, 12, 15, 17, 18, 20, 23, 25, 30, 31, 33, 34, 37, 38, 42, 43, 
      44, 49, 50 ], 
  [ 1, 2, 7, 8, 13, 16, 17, 18, 20, 22, 23, 24, 28, 31, 34, 36, 37, 38, 40, 
      42, 43, 44, 47 ], 
  [ 2, 3, 5, 8, 9, 11, 13, 15, 16, 18, 19, 20, 21, 22, 23, 26, 30, 31, 33, 
      34, 36, 37, 38, 42, 43, 44, 45, 48, 52 ], 
  [ 3, 4, 5, 7, 8, 9, 11, 12, 15, 16, 17, 18, 20, 21, 23, 25, 29, 30, 31, 33, 
      36, 37, 38, 41, 42, 43, 45, 46, 49 ], 
  [ 2, 9, 11, 13, 15, 16, 18, 19, 20, 21, 22, 24, 25, 26, 27, 30, 31, 32, 34, 
      36, 37, 38, 40, 41, 42, 44, 45, 48, 50, 51, 52 ], 
  [ 1, 3, 5, 6, 8, 9, 10, 11, 14, 15, 16, 19, 20, 21, 22, 24, 26, 27, 30, 32, 
      33, 34, 37, 40, 42, 44, 45, 48, 50, 51, 52 ], 
  [ 2, 5, 12, 13, 14, 15, 17, 18, 19, 21, 23, 24, 25, 26, 28, 30, 31, 34, 35, 
      37, 38, 39, 42, 43, 44, 46, 47, 49, 50, 51, 52 ], 
  [ 1, 2, 3, 5, 6, 7, 8, 9, 13, 14, 15, 16, 17, 18, 20, 21, 22, 23, 24, 25, 
      26, 27, 28, 29, 31, 36, 37, 38, 40, 41, 42, 43, 45, 46, 47, 48, 49 ], 
  [ 2, 3, 5, 6, 9, 13, 14, 15, 18, 19, 20, 21, 23, 24, 25, 26, 27, 28, 29, 
      32, 34, 35, 37, 38, 39, 40, 41, 42, 43, 44, 45, 46, 47, 48, 49, 50, 51, 
      52 ], 
  [ 1, 2, 3, 5, 6, 8, 9, 13, 14, 15, 16, 17, 18, 19, 20, 21, 22, 23, 24, 25, 
      26, 27, 28, 30, 31, 34, 37, 38, 40, 42, 43, 44, 45, 47, 48, 49, 50, 52 ]
    , [ 1, 2, 3, 5, 6, 8, 9, 10, 12, 13, 14, 15, 17, 18, 19, 22, 23, 24, 25, 
      26, 27, 28, 30, 31, 33, 34, 35, 38, 39, 42, 43, 44, 47, 48, 49, 50, 51, 
      52 ], [ 2, 3, 4, 5, 9, 11, 12, 13, 15, 18, 19, 20, 21, 23, 25, 26, 29, 
      30, 31, 32, 33, 34, 35, 36, 37, 38, 39, 41, 42, 43, 44, 45, 46, 48, 49, 
      50, 51, 52 ], 
  [ 1, 2, 3, 4, 5, 6, 7, 8, 9, 10, 11, 13, 14, 15, 16, 18, 19, 20, 21, 22, 
      23, 24, 26, 27, 28, 29, 32, 33, 34, 35, 36, 37, 38, 39, 40, 41, 42, 43, 
      44, 45, 46, 47, 48, 51, 52 ], 
  [ 1, 2, 3, 4, 5, 6, 7, 8, 9, 10, 12, 13, 14, 15, 17, 18, 20, 22, 23, 24, 
      25, 26, 27, 28, 29, 31, 32, 33, 34, 35, 36, 37, 38, 39, 40, 41, 42, 43, 
      44, 46, 47, 48, 49, 50, 51 ], 
  [ 1, 3, 4, 5, 6, 7, 8, 9, 10, 11, 12, 14, 15, 16, 17, 18, 19, 20, 21, 23, 
      24, 25, 27, 28, 29, 30, 32, 33, 34, 35, 37, 38, 39, 40, 41, 42, 43, 44, 
      45, 46, 47, 49, 50, 51, 52 ], 
  [ 1, 3, 4, 5, 6, 7, 8, 9, 10, 11, 12, 13, 14, 15, 16, 17, 20, 21, 22, 23, 
      24, 25, 26, 27, 29, 30, 31, 32, 33, 34, 35, 36, 37, 38, 40, 41, 42, 45, 
      46, 47, 48, 49, 50, 51, 52 ], 
  [ 1, 2, 3, 4, 5, 6, 7, 8, 9, 10, 11, 12, 13, 14, 15, 16, 17, 18, 19, 21, 
      22, 23, 24, 25, 26, 27, 28, 29, 30, 31, 33, 35, 36, 38, 39, 41, 42, 43, 
      45, 46, 47, 48, 49, 51, 52 ], 
  [ 1, 2, 3, 4, 5, 6, 7, 8, 9, 10, 11, 12, 13, 14, 15, 16, 17, 18, 19, 20, 
      21, 22, 23, 25, 26, 27, 28, 29, 30, 31, 32, 33, 34, 35, 36, 37, 38, 39, 
      40, 41, 43, 44, 45, 46, 47, 48, 49, 50, 52 ] ];
