return [ [ 8, 10, 17, 18, 24, 27, 32, 34, 35, 36, 38, 39, 42, 43, 52, 53, 54 ]
    , [ 7, 9, 10, 16, 18, 20, 21, 22, 24, 31, 37, 43, 44, 45, 46, 48, 52 ], 
  [ 7, 9, 10, 11, 20, 21, 23, 24, 25, 28, 29, 30, 31, 44, 46, 48, 52 ], 
  [ 4, 14, 15, 17, 18, 20, 21, 24, 26, 27, 28, 32, 36, 46, 47, 48, 52, 53 ], 
  [ 2, 4, 14, 15, 18, 21, 26, 27, 28, 32, 36, 38, 47, 48, 52, 53, 54, 55 ], 
  [ 3, 4, 14, 17, 18, 20, 24, 26, 32, 34, 36, 38, 46, 47, 49, 52, 53, 54 ], 
  [ 2, 4, 6, 14, 15, 17, 18, 20, 21, 24, 26, 27, 28, 32, 46, 47, 48, 52 ], 
  [ 8, 10, 14, 24, 32, 34, 35, 36, 38, 39, 47, 49, 50, 51, 52, 53, 54, 55 ], 
  [ 7, 10, 11, 18, 20, 24, 26, 31, 32, 34, 38, 44, 46, 47, 49, 51, 52, 54 ], 
  [ 14, 15, 17, 18, 20, 21, 24, 26, 27, 28, 32, 36, 38, 46, 47, 48, 52, 53, 
      54 ], [ 2, 4, 14, 15, 18, 21, 26, 27, 32, 36, 38, 39, 45, 47, 48, 52, 
      53, 54, 55 ], 
  [ 3, 4, 14, 17, 18, 20, 24, 32, 34, 36, 38, 39, 44, 46, 47, 49, 52, 53, 54 ]
    , [ 10, 15, 17, 18, 20, 21, 24, 26, 27, 28, 32, 36, 38, 46, 47, 48, 52, 
      53, 54 ], 
  [ 2, 10, 13, 16, 20, 21, 22, 23, 24, 25, 29, 31, 32, 44, 45, 46, 47, 48, 52 
     ], [ 7, 9, 10, 11, 20, 21, 22, 23, 24, 25, 27, 28, 30, 31, 42, 44, 46, 
      48, 52 ], 
  [ 2, 3, 4, 14, 15, 16, 18, 21, 26, 32, 36, 38, 39, 45, 47, 48, 52, 53, 54, 
      55 ], [ 7, 9, 10, 11, 15, 16, 20, 21, 25, 28, 29, 31, 38, 40, 44, 46, 
      47, 48, 52, 54 ], 
  [ 7, 9, 10, 11, 20, 21, 23, 25, 28, 29, 30, 31, 38, 44, 46, 47, 48, 51, 52, 
      54 ], [ 7, 9, 10, 11, 18, 20, 24, 35, 36, 37, 38, 39, 40, 42, 43, 44, 
      46, 52, 53, 54 ], 
  [ 7, 10, 11, 12, 19, 20, 21, 24, 29, 30, 31, 34, 37, 38, 43, 44, 46, 48, 
      49, 54 ], 
  [ 3, 4, 14, 15, 17, 18, 20, 21, 24, 26, 28, 32, 36, 38, 46, 47, 48, 49, 52, 
      53, 54 ], 
  [ 2, 4, 6, 14, 15, 17, 18, 20, 21, 26, 27, 28, 32, 36, 38, 46, 47, 48, 52, 
      53, 54 ], 
  [ 8, 10, 14, 18, 26, 27, 28, 32, 34, 35, 36, 38, 39, 47, 49, 50, 51, 52, 
      53, 54, 55 ], 
  [ 1, 8, 10, 14, 24, 29, 30, 34, 35, 36, 37, 38, 39, 47, 49, 50, 51, 52, 53, 
      54, 55 ], 
  [ 6, 10, 11, 15, 17, 18, 20, 21, 24, 26, 27, 28, 32, 38, 40, 42, 46, 47, 
      48, 52, 54 ], 
  [ 7, 9, 10, 11, 20, 21, 22, 23, 25, 27, 28, 30, 31, 38, 42, 44, 46, 48, 51, 
      52, 54 ], 
  [ 7, 9, 10, 11, 16, 18, 20, 21, 22, 24, 31, 37, 38, 40, 42, 43, 44, 46, 48, 
      52, 54 ], 
  [ 2, 4, 6, 14, 15, 17, 18, 26, 27, 28, 32, 34, 35, 36, 38, 39, 47, 51, 52, 
      53, 54, 55 ], 
  [ 7, 9, 10, 15, 16, 20, 21, 25, 29, 36, 38, 39, 40, 41, 44, 45, 46, 47, 48, 
      52, 53, 54 ], 
  [ 7, 9, 10, 16, 18, 20, 21, 22, 31, 36, 37, 38, 39, 43, 44, 45, 46, 48, 52, 
      53, 54, 55 ], 
  [ 10, 11, 12, 17, 20, 21, 24, 26, 28, 29, 32, 34, 35, 36, 38, 46, 47, 48, 
      49, 50, 53, 54 ], 
  [ 2, 3, 4, 14, 15, 16, 18, 20, 21, 26, 28, 31, 32, 36, 38, 46, 47, 48, 49, 
      52, 53, 54, 55 ], 
  [ 7, 10, 11, 18, 20, 26, 28, 31, 32, 34, 35, 36, 38, 39, 44, 46, 47, 49, 
      51, 52, 53, 54, 55 ], 
  [ 7, 9, 10, 11, 16, 18, 20, 22, 31, 35, 36, 37, 38, 39, 40, 42, 43, 44, 46, 
      52, 53, 54, 55 ], 
  [ 1, 3, 4, 8, 10, 14, 17, 18, 19, 20, 24, 29, 32, 34, 36, 38, 39, 43, 44, 
      46, 47, 49, 53, 54 ], 
  [ 2, 4, 6, 8, 10, 14, 17, 18, 22, 27, 32, 34, 35, 36, 38, 39, 42, 43, 47, 
      51, 52, 53, 54, 55 ], 
  [ 2, 3, 4, 6, 11, 14, 15, 16, 17, 18, 20, 21, 24, 26, 28, 31, 32, 38, 40, 
      46, 47, 48, 49, 52, 54 ], 
  [ 2, 3, 4, 6, 7, 11, 14, 16, 17, 18, 20, 24, 26, 31, 32, 34, 38, 40, 44, 
      46, 47, 49, 51, 52, 54 ], 
  [ 7, 9, 10, 11, 12, 15, 16, 20, 21, 23, 24, 25, 26, 28, 29, 31, 32, 40, 41, 
      44, 45, 46, 47, 48, 52 ], 
  [ 1, 3, 5, 8, 10, 14, 15, 18, 20, 21, 24, 26, 27, 28, 29, 32, 36, 38, 46, 
      47, 48, 49, 50, 52, 53, 54 ], 
  [ 1, 3, 5, 8, 10, 14, 15, 17, 18, 20, 21, 24, 26, 27, 28, 29, 32, 36, 38, 
      46, 47, 48, 49, 50, 53, 54 ], 
  [ 1, 3, 5, 7, 8, 9, 10, 15, 18, 24, 26, 27, 28, 29, 30, 34, 35, 36, 37, 38, 
      39, 49, 50, 52, 53, 54 ], 
  [ 2, 4, 6, 10, 11, 12, 16, 17, 20, 21, 22, 23, 24, 25, 31, 32, 40, 41, 42, 
      43, 44, 45, 46, 47, 48, 52 ], 
  [ 2, 6, 8, 10, 11, 14, 18, 20, 22, 27, 28, 31, 32, 35, 36, 38, 39, 42, 44, 
      46, 47, 49, 51, 52, 53, 54, 55 ], 
  [ 1, 5, 6, 8, 10, 11, 14, 17, 20, 21, 24, 27, 28, 29, 32, 33, 35, 36, 38, 
      42, 46, 47, 48, 49, 50, 53, 54 ], 
  [ 1, 3, 7, 8, 10, 11, 13, 16, 18, 19, 20, 21, 22, 24, 29, 30, 31, 33, 37, 
      38, 40, 42, 43, 44, 46, 48, 49, 54 ], 
  [ 7, 9, 10, 11, 12, 15, 16, 18, 20, 21, 22, 23, 24, 25, 26, 27, 28, 31, 32, 
      40, 41, 42, 43, 44, 45, 46, 48, 52 ], 
  [ 1, 3, 5, 7, 8, 9, 10, 14, 15, 18, 26, 27, 28, 29, 30, 34, 35, 36, 37, 38, 
      39, 47, 49, 50, 51, 52, 53, 54, 55 ], 
  [ 1, 3, 5, 7, 8, 9, 10, 15, 17, 18, 19, 24, 27, 29, 30, 33, 34, 35, 36, 37, 
      38, 39, 40, 41, 42, 43, 52, 53, 54 ], 
  [ 1, 3, 5, 6, 8, 10, 11, 14, 15, 17, 18, 20, 21, 24, 26, 27, 28, 29, 32, 
      33, 38, 40, 42, 46, 47, 48, 49, 50, 54 ], 
  [ 2, 4, 6, 10, 11, 12, 15, 16, 17, 18, 20, 21, 22, 23, 24, 25, 26, 27, 28, 
      31, 32, 40, 41, 42, 43, 46, 47, 48, 52 ], 
  [ 2, 4, 6, 10, 11, 12, 13, 16, 17, 19, 20, 21, 22, 23, 24, 25, 29, 31, 32, 
      33, 40, 41, 42, 43, 44, 45, 46, 47, 48 ], 
  [ 2, 4, 6, 8, 10, 11, 14, 17, 18, 20, 22, 24, 31, 32, 34, 35, 36, 38, 39, 
      42, 43, 44, 46, 47, 49, 51, 52, 53, 54, 55 ], 
  [ 1, 3, 5, 7, 8, 9, 10, 11, 15, 18, 20, 24, 27, 28, 29, 30, 33, 35, 36, 37, 
      38, 39, 40, 42, 44, 46, 49, 52, 53, 54 ], 
  [ 2, 4, 6, 7, 10, 11, 12, 16, 17, 18, 20, 21, 22, 23, 24, 26, 31, 32, 34, 
      38, 40, 42, 43, 44, 46, 47, 48, 51, 52, 54 ], 
  [ 1, 3, 5, 7, 8, 9, 10, 15, 18, 20, 21, 24, 26, 27, 28, 29, 30, 32, 36, 37, 
      38, 39, 44, 45, 46, 48, 49, 50, 52, 53, 54 ], 
  [ 2, 3, 4, 6, 7, 11, 14, 15, 16, 17, 18, 20, 26, 28, 31, 32, 34, 35, 36, 
      38, 39, 40, 44, 46, 47, 49, 51, 52, 53, 54, 55 ], 
  [ 2, 4, 6, 10, 11, 12, 17, 20, 21, 22, 23, 24, 31, 32, 34, 35, 36, 38, 39, 
      42, 43, 44, 45, 46, 47, 48, 51, 52, 53, 54, 55 ], 
  [ 7, 9, 10, 11, 12, 15, 17, 18, 20, 21, 24, 26, 27, 28, 32, 34, 35, 36, 38, 
      39, 40, 41, 42, 43, 44, 45, 46, 48, 52, 53, 54 ], 
  [ 1, 3, 5, 7, 8, 9, 10, 13, 15, 16, 18, 20, 21, 22, 23, 24, 25, 26, 27, 28, 
      29, 30, 31, 32, 37, 44, 45, 46, 48, 49, 50, 52 ], 
  [ 1, 3, 5, 7, 8, 9, 10, 11, 13, 15, 16, 18, 20, 21, 22, 24, 25, 27, 28, 29, 
      30, 31, 33, 37, 38, 40, 42, 44, 46, 48, 49, 52, 54 ], 
  [ 7, 9, 10, 11, 12, 20, 21, 23, 24, 26, 28, 29, 30, 31, 32, 34, 35, 36, 37, 
      38, 39, 44, 45, 46, 47, 48, 49, 50, 51, 52, 53, 54, 55 ], 
  [ 1, 3, 5, 7, 8, 9, 10, 13, 15, 16, 18, 19, 20, 21, 22, 24, 25, 27, 29, 30, 
      33, 36, 37, 38, 39, 40, 41, 42, 43, 44, 45, 46, 48, 52, 53, 54 ], 
  [ 2, 4, 6, 8, 10, 11, 12, 14, 17, 18, 20, 21, 22, 23, 24, 26, 27, 28, 31, 
      32, 34, 35, 36, 38, 42, 43, 46, 47, 48, 49, 50, 51, 52, 53, 54, 55 ], 
  [ 1, 3, 5, 6, 7, 8, 10, 11, 14, 15, 17, 18, 20, 24, 26, 27, 28, 29, 30, 32, 
      33, 34, 35, 36, 38, 39, 40, 42, 44, 46, 47, 49, 50, 51, 52, 53, 54 ], 
  [ 7, 8, 9, 10, 11, 12, 18, 20, 21, 22, 23, 24, 26, 27, 28, 30, 31, 32, 34, 
      35, 36, 37, 38, 39, 42, 43, 44, 45, 46, 48, 49, 50, 51, 52, 53, 54, 55 ]
    , [ 1, 2, 3, 4, 5, 6, 7, 8, 9, 10, 13, 14, 15, 16, 17, 18, 19, 22, 25, 
      27, 29, 30, 33, 34, 35, 36, 37, 38, 39, 40, 41, 42, 43, 47, 51, 52, 53, 
      54, 55 ], 
  [ 1, 2, 3, 4, 5, 6, 8, 10, 11, 12, 13, 14, 15, 16, 17, 18, 19, 20, 21, 22, 
      23, 24, 25, 26, 27, 28, 29, 31, 32, 33, 40, 41, 42, 43, 46, 47, 48, 49, 
      50 ], [ 3, 4, 7, 9, 10, 11, 12, 15, 16, 17, 18, 19, 20, 21, 24, 26, 28, 
      29, 31, 32, 34, 35, 36, 37, 38, 39, 40, 41, 43, 44, 45, 46, 47, 48, 49, 
      52, 53, 54, 55 ], 
  [ 1, 3, 5, 7, 8, 9, 10, 11, 12, 13, 15, 16, 18, 19, 20, 21, 22, 23, 24, 25, 
      26, 27, 28, 29, 30, 31, 32, 33, 37, 40, 41, 42, 43, 44, 45, 46, 48, 49, 
      50 ], 
  [ 1, 2, 3, 4, 6, 7, 8, 10, 11, 13, 14, 16, 17, 18, 19, 20, 22, 24, 29, 30, 
      31, 33, 34, 35, 36, 37, 38, 39, 40, 42, 43, 44, 46, 47, 49, 51, 52, 53, 
      54, 55 ], 
  [ 1, 2, 3, 5, 6, 7, 8, 10, 11, 13, 14, 15, 16, 18, 20, 21, 22, 23, 24, 25, 
      26, 27, 28, 29, 30, 31, 32, 33, 38, 40, 42, 44, 46, 47, 48, 49, 50, 51, 
      52, 54 ], 
  [ 1, 2, 3, 5, 6, 7, 8, 9, 10, 11, 13, 14, 15, 16, 18, 20, 22, 25, 27, 28, 
      29, 30, 31, 33, 35, 36, 37, 38, 39, 40, 42, 44, 46, 47, 49, 51, 52, 53, 
      54, 55 ], 
  [ 1, 2, 3, 4, 6, 7, 8, 10, 11, 12, 13, 14, 16, 17, 18, 19, 20, 21, 22, 23, 
      24, 26, 29, 30, 31, 32, 33, 34, 38, 40, 42, 43, 44, 46, 47, 48, 49, 50, 
      51, 54 ], 
  [ 1, 2, 3, 5, 7, 8, 9, 10, 13, 14, 15, 16, 18, 20, 21, 22, 23, 25, 26, 27, 
      28, 29, 30, 31, 32, 36, 37, 38, 39, 44, 45, 46, 47, 48, 49, 50, 51, 52, 
      53, 54, 55 ], 
  [ 1, 2, 5, 6, 8, 9, 10, 11, 13, 14, 20, 21, 22, 23, 24, 25, 27, 28, 29, 30, 
      31, 32, 33, 35, 36, 37, 38, 39, 42, 44, 45, 46, 47, 48, 49, 50, 51, 52, 
      53, 54, 55 ], 
  [ 1, 2, 4, 6, 8, 10, 11, 12, 13, 14, 17, 19, 20, 21, 22, 23, 24, 29, 30, 
      31, 32, 33, 34, 35, 36, 37, 38, 39, 42, 43, 44, 45, 46, 47, 48, 49, 50, 
      51, 53, 54, 55 ], 
  [ 2, 4, 6, 7, 9, 10, 11, 12, 15, 16, 17, 18, 20, 21, 22, 23, 25, 26, 27, 
      28, 31, 32, 34, 35, 36, 38, 39, 40, 41, 42, 43, 44, 45, 46, 47, 48, 51, 
      52, 53, 54, 55 ], 
  [ 1, 3, 5, 7, 8, 9, 10, 11, 12, 15, 17, 18, 19, 20, 21, 24, 26, 27, 28, 29, 
      30, 32, 33, 34, 35, 36, 37, 38, 39, 40, 41, 42, 43, 44, 45, 46, 48, 49, 
      50, 53, 54 ], 
  [ 2, 4, 6, 7, 9, 10, 11, 12, 13, 16, 17, 19, 20, 21, 22, 23, 24, 25, 29, 
      30, 31, 33, 34, 35, 36, 37, 38, 39, 40, 41, 42, 43, 44, 45, 46, 47, 48, 
      51, 52, 53, 54, 55 ], 
  [ 1, 2, 3, 4, 5, 6, 8, 9, 10, 11, 13, 14, 15, 16, 17, 18, 19, 20, 21, 22, 
      24, 25, 27, 28, 29, 31, 32, 33, 35, 36, 37, 38, 39, 40, 41, 42, 43, 44, 
      45, 46, 47, 48, 49, 52, 53, 54, 55 ], 
  [ 1, 2, 3, 4, 5, 6, 7, 9, 11, 12, 13, 14, 15, 16, 17, 19, 20, 21, 23, 24, 
      25, 26, 28, 29, 30, 31, 32, 33, 34, 35, 36, 37, 38, 39, 40, 41, 44, 45, 
      46, 47, 48, 49, 50, 51, 52, 53, 54, 55 ], 
  [ 1, 2, 3, 4, 5, 6, 7, 8, 9, 10, 11, 12, 13, 14, 15, 16, 17, 18, 19, 20, 
      21, 22, 23, 24, 25, 26, 27, 28, 29, 30, 31, 33, 34, 35, 36, 37, 38, 40, 
      41, 42, 43, 46, 47, 48, 49, 50, 51, 52, 53, 54, 55 ], 
  [ 1, 2, 3, 4, 5, 6, 7, 8, 9, 11, 12, 13, 14, 15, 16, 17, 18, 19, 20, 21, 
      22, 23, 24, 25, 26, 27, 28, 30, 31, 32, 33, 34, 35, 36, 37, 38, 39, 40, 
      41, 42, 43, 44, 45, 46, 48, 49, 50, 51, 52, 53, 54, 55 ], 
  [ 1, 2, 3, 4, 5, 6, 7, 8, 9, 10, 11, 12, 13, 14, 15, 16, 17, 18, 19, 20, 
      21, 22, 23, 25, 26, 27, 28, 29, 30, 31, 32, 33, 34, 35, 36, 37, 38, 39, 
      40, 41, 42, 43, 44, 45, 46, 47, 48, 49, 50, 51, 53, 54, 55 ], 
  [ 1, 2, 3, 4, 5, 6, 7, 8, 9, 10, 11, 12, 13, 14, 15, 16, 17, 18, 19, 20, 
      22, 23, 24, 25, 26, 27, 28, 29, 30, 31, 32, 33, 34, 35, 36, 37, 38, 39, 
      40, 41, 42, 43, 44, 45, 46, 47, 48, 49, 50, 51, 52, 53, 55 ], 
  [ 1, 2, 3, 4, 5, 6, 7, 8, 9, 10, 11, 12, 13, 14, 15, 16, 17, 18, 19, 20, 
      21, 22, 23, 24, 25, 26, 27, 28, 29, 30, 31, 32, 33, 34, 35, 37, 38, 39, 
      40, 41, 42, 43, 44, 45, 47, 48, 49, 50, 51, 52, 53, 54, 55 ] ];
