return [ [ 7, 12, 14, 15, 16, 26, 33, 34, 35, 37, 38, 39, 40, 47, 49, 50, 51 ]
    , [ 7, 8, 12, 14, 15, 16, 26, 28, 33, 34, 35, 37, 38, 39, 40, 47, 49, 51 ]
    , [ 3, 7, 8, 9, 15, 16, 26, 30, 34, 35, 37, 39, 40, 43, 45, 48, 49, 50, 
      54 ], 
  [ 7, 8, 9, 13, 16, 19, 21, 22, 28, 30, 36, 38, 41, 43, 44, 47, 49, 54, 55, 
      56 ], 
  [ 7, 8, 9, 13, 15, 16, 17, 22, 23, 26, 29, 30, 36, 37, 38, 43, 44, 54, 55, 
      56 ], [ 3, 7, 8, 9, 14, 15, 20, 22, 26, 34, 35, 37, 38, 39, 40, 44, 47, 
      48, 50, 54 ], 
  [ 7, 8, 9, 12, 14, 15, 16, 26, 28, 34, 35, 36, 37, 38, 39, 40, 44, 47, 50, 
      51 ], 
  [ 3, 7, 8, 13, 15, 17, 22, 23, 26, 29, 30, 31, 34, 36, 37, 43, 44, 48, 54, 
      55, 56 ], 
  [ 7, 8, 10, 13, 15, 16, 17, 21, 22, 23, 26, 29, 30, 36, 37, 38, 43, 44, 51, 
      55, 56 ], 
  [ 3, 7, 8, 9, 10, 16, 21, 26, 30, 34, 35, 37, 39, 40, 43, 45, 48, 49, 50, 
      51, 54 ], 
  [ 3, 7, 8, 10, 13, 15, 17, 21, 22, 23, 26, 29, 30, 31, 34, 36, 37, 43, 44, 
      48, 55, 56 ], 
  [ 9, 10, 13, 15, 16, 17, 18, 22, 26, 28, 29, 30, 36, 38, 41, 43, 44, 49, 
      51, 53, 54, 56 ], 
  [ 3, 7, 8, 9, 10, 14, 15, 20, 21, 22, 26, 34, 35, 38, 39, 40, 44, 46, 47, 
      48, 50, 51, 54 ], 
  [ 2, 6, 7, 8, 12, 13, 19, 21, 22, 27, 28, 30, 34, 36, 41, 43, 44, 47, 48, 
      49, 54, 55, 56 ], 
  [ 3, 4, 8, 9, 10, 16, 22, 23, 26, 28, 30, 31, 32, 36, 37, 38, 39, 44, 47, 
      51, 53, 54, 55, 56 ], 
  [ 7, 8, 9, 10, 13, 15, 16, 17, 21, 22, 26, 28, 29, 30, 36, 38, 41, 43, 44, 
      49, 51, 54, 55, 56 ], 
  [ 2, 5, 7, 12, 14, 15, 16, 24, 26, 28, 33, 35, 37, 38, 39, 40, 43, 44, 47, 
      49, 50, 51, 52, 53 ], 
  [ 2, 5, 7, 8, 12, 14, 20, 21, 22, 23, 28, 33, 34, 35, 37, 38, 40, 44, 46, 
      47, 48, 49, 52, 55 ], 
  [ 7, 8, 9, 13, 15, 16, 17, 19, 21, 22, 23, 29, 30, 34, 36, 37, 38, 43, 44, 
      47, 48, 49, 54, 55, 56 ], 
  [ 3, 4, 8, 9, 10, 15, 16, 18, 22, 26, 28, 29, 30, 31, 36, 38, 39, 41, 43, 
      49, 51, 53, 54, 55, 56 ], 
  [ 2, 6, 7, 8, 12, 15, 16, 19, 21, 25, 27, 28, 29, 30, 34, 35, 40, 41, 43, 
      45, 47, 48, 49, 52, 55 ], 
  [ 7, 8, 9, 12, 14, 15, 16, 24, 26, 27, 28, 33, 34, 35, 36, 37, 38, 39, 40, 
      41, 43, 45, 49, 50, 51 ], 
  [ 3, 4, 8, 9, 10, 11, 15, 17, 18, 22, 26, 28, 29, 31, 36, 38, 39, 41, 43, 
      49, 50, 51, 53, 54, 55, 56 ], 
  [ 2, 5, 7, 9, 10, 12, 14, 17, 21, 22, 23, 24, 26, 28, 32, 36, 37, 38, 40, 
      42, 43, 46, 47, 51, 53, 54, 56 ], 
  [ 3, 7, 8, 9, 10, 14, 15, 16, 19, 20, 21, 22, 26, 30, 33, 34, 35, 37, 38, 
      39, 40, 45, 46, 47, 48, 49, 50, 51, 54 ], 
  [ 2, 6, 7, 8, 9, 12, 13, 15, 16, 17, 19, 21, 27, 28, 29, 30, 34, 36, 40, 
      41, 43, 44, 45, 47, 48, 49, 54, 55, 56 ], 
  [ 7, 8, 9, 10, 13, 14, 16, 17, 19, 21, 22, 23, 24, 26, 28, 30, 32, 36, 37, 
      38, 41, 42, 43, 44, 46, 47, 51, 54, 55, 56 ], 
  [ 2, 3, 5, 7, 8, 10, 12, 14, 15, 20, 21, 22, 26, 28, 33, 34, 35, 37, 38, 
      39, 40, 44, 46, 47, 48, 49, 50, 51, 52, 53 ], 
  [ 3, 4, 8, 9, 10, 11, 15, 16, 19, 20, 21, 22, 23, 25, 29, 30, 31, 33, 34, 
      35, 37, 38, 39, 40, 45, 46, 47, 48, 49, 50, 51, 52, 54, 55 ], 
  [ 3, 4, 7, 8, 9, 10, 11, 13, 14, 15, 16, 17, 19, 20, 21, 22, 23, 26, 29, 
      30, 31, 32, 34, 35, 36, 37, 38, 39, 42, 44, 46, 47, 48, 50, 51, 54, 55, 
      56 ], 
  [ 1, 2, 5, 6, 7, 8, 9, 12, 13, 14, 17, 19, 20, 21, 22, 23, 24, 27, 28, 32, 
      33, 34, 36, 37, 38, 40, 41, 42, 43, 44, 45, 46, 47, 48, 49, 54, 55, 56 ]
    , [ 1, 2, 3, 5, 6, 7, 8, 10, 12, 14, 15, 16, 18, 19, 20, 21, 24, 25, 26, 
      27, 28, 30, 33, 34, 35, 37, 39, 40, 41, 43, 45, 46, 47, 48, 49, 50, 51, 
      52, 53 ], 
  [ 2, 3, 4, 7, 8, 9, 10, 11, 12, 15, 16, 17, 21, 22, 23, 26, 28, 29, 30, 31, 
      34, 35, 36, 37, 38, 39, 40, 43, 44, 47, 48, 49, 50, 51, 52, 53, 54, 55, 
      56 ], 
  [ 2, 3, 4, 5, 7, 8, 9, 10, 11, 12, 14, 17, 20, 21, 22, 23, 26, 28, 31, 32, 
      34, 35, 36, 37, 38, 39, 40, 42, 44, 46, 47, 48, 50, 51, 52, 53, 54, 55, 
      56 ], 
  [ 7, 8, 9, 10, 11, 12, 13, 14, 15, 16, 17, 19, 21, 22, 23, 24, 26, 27, 28, 
      29, 30, 33, 34, 35, 36, 37, 38, 40, 41, 42, 43, 44, 45, 46, 47, 49, 50, 
      51, 54, 55 ], 
  [ 1, 3, 4, 6, 7, 8, 9, 10, 11, 13, 14, 15, 16, 17, 18, 19, 20, 21, 22, 23, 
      24, 25, 26, 27, 29, 30, 31, 32, 33, 34, 35, 36, 37, 38, 39, 41, 42, 43, 
      45, 46, 48, 49, 50, 51, 54, 55, 56 ], 
  [ 1, 2, 3, 5, 6, 7, 8, 9, 10, 12, 13, 14, 15, 16, 17, 18, 19, 20, 21, 22, 
      24, 26, 27, 28, 30, 32, 33, 34, 36, 37, 38, 39, 40, 41, 42, 43, 44, 45, 
      46, 47, 48, 49, 50, 51, 53, 54, 56 ], 
  [ 1, 2, 3, 4, 5, 6, 7, 8, 9, 12, 13, 14, 15, 16, 18, 19, 20, 22, 23, 24, 
      25, 26, 27, 28, 29, 30, 31, 32, 33, 34, 35, 36, 37, 38, 39, 40, 41, 43, 
      44, 45, 47, 48, 49, 52, 53, 54, 55, 56 ], 
  [ 1, 2, 3, 4, 5, 6, 7, 8, 10, 12, 13, 14, 15, 16, 18, 19, 20, 21, 22, 23, 
      24, 25, 26, 27, 28, 29, 30, 31, 32, 33, 34, 35, 36, 37, 38, 39, 41, 43, 
      44, 46, 47, 48, 49, 51, 52, 53, 55, 56 ], 
  [ 1, 2, 3, 4, 5, 6, 7, 8, 9, 10, 12, 13, 14, 15, 16, 18, 19, 20, 21, 22, 
      25, 26, 27, 28, 29, 30, 31, 32, 33, 34, 35, 36, 38, 39, 40, 41, 44, 45, 
      46, 47, 48, 49, 51, 52, 53, 54, 55, 56 ], 
  [ 1, 2, 3, 4, 5, 6, 7, 8, 9, 10, 12, 14, 16, 18, 19, 20, 21, 22, 23, 24, 
      25, 26, 27, 28, 30, 31, 32, 33, 34, 35, 36, 37, 38, 39, 40, 41, 43, 45, 
      46, 47, 48, 49, 51, 52, 53, 54, 55, 56 ], 
  [ 1, 2, 3, 4, 5, 6, 7, 8, 9, 10, 11, 12, 13, 14, 15, 16, 17, 18, 19, 20, 
      21, 25, 26, 27, 28, 29, 30, 31, 32, 34, 35, 36, 39, 40, 41, 42, 44, 45, 
      46, 47, 48, 50, 51, 52, 53, 54, 55, 56 ], 
  [ 1, 2, 3, 4, 5, 6, 7, 8, 9, 10, 11, 12, 13, 14, 15, 17, 18, 20, 21, 22, 
      25, 26, 27, 28, 29, 31, 32, 33, 34, 35, 36, 38, 39, 40, 41, 42, 44, 45, 
      46, 48, 49, 50, 51, 52, 53, 54, 55, 56 ], 
  [ 1, 2, 3, 4, 5, 6, 7, 8, 9, 10, 11, 13, 14, 15, 16, 17, 18, 19, 20, 21, 
      22, 23, 24, 25, 26, 28, 29, 30, 31, 32, 33, 35, 37, 38, 39, 40, 41, 42, 
      43, 44, 45, 46, 47, 48, 49, 50, 51, 52, 53, 54, 55, 56 ] ];
