return 
[ [ 2, 3, 4, 5, 7, 8, 9, 10, 11, 12, 13, 14, 15, 17, 18, 19, 21, 22, 24, 25, 
      26, 29, 30, 32, 33, 34, 35, 36, 37, 38, 39, 40, 43, 44, 46, 48, 49, 50, 
      51, 52, 54, 56, 58, 60, 61, 62, 63, 64, 65, 66, 68, 69, 71, 72, 73, 74, 
      75, 76, 77, 78, 79, 80, 82, 83, 84, 86, 87, 88, 89, 93, 94, 95, 96, 97, 
      99, 100, 101, 102, 104, 105, 108, 109, 111, 112, 114, 116, 118, 119, 
      120, 121, 122, 123, 124, 127, 128, 130, 132, 134, 135, 136, 138, 139, 
      140, 141, 142, 143, 147, 149, 150, 154, 155, 156, 157, 160, 161, 162, 
      163, 164, 166, 167, 168, 169, 170, 172, 173, 174, 175, 179, 180, 181, 
      182, 183, 184, 185, 186, 187, 188, 189, 191, 192 ], 
  [ 1, 2, 3, 4, 5, 6, 7, 8, 9, 10, 11, 12, 13, 14, 16, 17, 18, 19, 21, 22, 
      23, 24, 25, 26, 27, 28, 29, 30, 31, 32, 33, 34, 35, 36, 37, 38, 39, 40, 
      41, 42, 43, 44, 45, 46, 47, 48, 49, 50, 51, 52, 53, 54, 55, 57, 59, 60, 
      61, 62, 63, 64, 66, 67, 68, 69, 70, 71, 72, 73, 74, 75, 76, 77, 78, 79, 
      81, 82, 83, 84, 85, 86, 87, 88, 89, 91, 92, 93, 94, 95, 97, 98, 99, 
      100, 101, 102, 103, 104, 105, 106, 107, 108, 109, 110, 111, 112, 113, 
      114, 115, 116, 117, 118, 119, 120, 121, 122, 123, 124, 125, 126, 127, 
      128, 129, 130, 131, 132, 133, 134, 135, 136, 137, 138, 139, 140, 141, 
      142, 143, 144, 145, 146, 148, 149, 150, 151, 152, 153, 154, 155, 156, 
      157, 158, 159, 161, 162, 163, 164, 165, 166, 168, 169, 170, 171, 172, 
      173, 174, 175, 176, 177, 178, 179, 180, 181, 182, 183, 184, 186, 187, 
      188, 189, 190, 191, 192 ], 
  [ 1, 2, 3, 4, 5, 8, 10, 11, 12, 13, 14, 15, 16, 17, 18, 21, 22, 23, 24, 25, 
      28, 30, 33, 34, 35, 36, 37, 39, 42, 44, 46, 49, 50, 51, 54, 55, 56, 57, 
      58, 59, 60, 62, 64, 65, 66, 67, 68, 71, 73, 76, 77, 78, 79, 80, 82, 84, 
      86, 87, 89, 90, 92, 94, 95, 97, 98, 99, 100, 102, 104, 107, 108, 109, 
      110, 112, 114, 115, 118, 119, 121, 122, 126, 127, 128, 132, 134, 135, 
      139, 140, 141, 142, 148, 149, 153, 154, 155, 156, 158, 160, 162, 163, 
      166, 167, 168, 169, 170, 171, 172, 173, 174, 176, 181, 182, 184, 185, 
      186, 187, 188 ], 
  [ 4, 29, 46, 50, 55, 56, 57, 58, 73, 74, 84, 87, 88, 89, 90, 102, 105, 123, 
      139, 140, 148, 190 ], 
  [ 3, 33, 35, 44, 55, 56, 62, 64, 65, 73, 95, 107, 108, 110, 119, 132, 156, 
      161 ], 
  [ 34, 35, 39, 58, 64, 65, 73, 74, 86, 89, 115, 119, 120, 134, 140, 156, 
      167, 173, 181, 186 ], 
  [ 4, 46, 50, 56, 58, 62, 66, 73, 89, 100, 102, 105, 122, 139, 140, 148, 
      173, 181, 186 ], 
  [ 4, 46, 50, 56, 57, 58, 73, 84, 87, 88, 89, 90, 100, 102, 105, 127, 139, 
      140, 148, 181 ], 
  [ 3, 33, 35, 36, 44, 55, 62, 64, 65, 86, 95, 107, 108, 119, 132, 156, 161, 
      170, 188 ], 
  [ 34, 35, 39, 58, 62, 65, 73, 74, 86, 89, 115, 119, 120, 134, 140, 148, 
      156, 161, 167, 173, 181, 186 ], 
  [ 1, 23, 28, 57, 67, 76, 79, 80, 85, 86, 92, 99, 100, 115, 126, 168, 169, 
      170, 186, 187 ], 
  [ 47, 48, 49, 50, 51, 52, 84, 87, 88, 89, 90, 92, 98, 100, 101, 102, 103, 
      104, 105, 126, 127, 148, 171, 172, 174, 182, 187, 190, 191, 192 ], 
  [ 49, 50, 51, 52, 62, 84, 87, 89, 90, 100, 104, 126, 127, 140, 148, 155, 
      160, 174, 181, 182, 187 ], 
  [ 4, 46, 50, 56, 58, 62, 73, 84, 89, 90, 100, 102, 105, 122, 139, 140, 148, 
      160, 173, 174, 181 ], 
  [ 4, 46, 49, 50, 52, 58, 78, 79, 84, 87, 90, 100, 101, 104, 127, 140, 160, 
      174, 181, 184, 185, 187, 192 ], 
  [ 4, 29, 46, 48, 49, 50, 67, 84, 87, 90, 92, 98, 100, 101, 102, 104, 123, 
      127, 148, 171, 172, 174, 182, 187, 190, 191, 192 ], 
  [ 4, 18, 46, 50, 55, 57, 67, 73, 79, 84, 87, 90, 95, 100, 139, 140, 141, 
      148, 171, 184, 190 ], 
  [ 3, 33, 35, 44, 55, 56, 62, 64, 65, 73, 74, 95, 96, 107, 108, 119, 132, 
      140, 156, 160, 161, 173, 188 ], 
  [ 3, 33, 35, 44, 55, 56, 62, 64, 65, 73, 95, 107, 108, 110, 119, 132, 148, 
      161, 170, 182, 186 ], 
  [ 3, 33, 35, 36, 44, 55, 62, 64, 65, 73, 74, 86, 95, 107, 108, 119, 132, 
      140, 156, 161, 173, 188 ], 
  [ 13, 14, 15, 62, 63, 64, 65, 66, 70, 71, 72, 91, 97, 99, 116, 131, 132, 
      133, 134, 135, 136, 145, 147, 153, 154, 156, 161, 164, 165, 166, 167, 
      170, 178, 179, 180, 186 ], 
  [ 49, 50, 51, 52, 58, 78, 84, 87, 89, 90, 100, 104, 126, 127, 140, 155, 
      160, 174, 181, 184, 185, 187 ], 
  [ 28, 30, 46, 57, 58, 66, 73, 84, 86, 89, 100, 102, 105, 122, 139, 140, 
      148, 173, 174, 181, 186, 187 ], 
  [ 33, 36, 42, 44, 54, 55, 62, 64, 65, 95, 107, 108, 110, 119, 132, 145, 
      153, 156, 161, 166, 170, 176, 188 ], 
  [ 4, 46, 50, 56, 58, 62, 66, 73, 84, 87, 88, 89, 100, 102, 105, 127, 139, 
      140, 148, 181, 182, 186, 187 ], 
  [ 4, 30, 46, 50, 57, 58, 59, 66, 79, 86, 89, 100, 115, 120, 126, 127, 148, 
      158, 159, 181, 183, 184, 186, 187 ], 
  [ 3, 22, 30, 49, 50, 51, 52, 58, 61, 78, 84, 89, 100, 104, 114, 126, 127, 
      155, 157, 174, 181, 183, 184, 185, 187 ], 
  [ 1, 21, 23, 31, 41, 42, 64, 75, 76, 77, 78, 80, 92, 97, 99, 121, 124, 126, 
      135, 152, 155, 166, 170, 182, 186, 187 ], 
  [ 1, 23, 24, 28, 31, 41, 57, 64, 79, 80, 92, 99, 106, 109, 115, 126, 133, 
      134, 152, 153, 158, 165, 166, 167, 169, 184, 186 ], 
  [ 8, 13, 34, 42, 52, 55, 56, 59, 60, 61, 62, 71, 88, 89, 103, 104, 110, 
      119, 140, 155, 156, 160, 162, 163, 181 ], 
  [ 8, 13, 34, 38, 42, 59, 60, 62, 63, 64, 65, 71, 110, 119, 120, 124, 134, 
      135, 153, 154, 155, 156, 161, 170, 178, 179, 180, 181, 186 ], 
  [ 4, 30, 46, 50, 58, 62, 66, 73, 84, 86, 89, 100, 102, 105, 122, 139, 140, 
      148, 173, 174, 181, 186, 187 ], 
  [ 4, 30, 46, 50, 55, 57, 58, 67, 73, 74, 79, 84, 86, 87, 89, 90, 100, 102, 
      105, 139, 140, 148, 171, 184, 190 ], 
  [ 4, 36, 42, 44, 54, 59, 64, 65, 76, 78, 79, 95, 104, 119, 121, 124, 135, 
      153, 155, 156, 166, 170, 188 ], 
  [ 3, 33, 35, 36, 37, 44, 62, 64, 65, 73, 76, 86, 95, 107, 108, 119, 132, 
      156, 161, 170, 173, 186, 188 ], 
  [ 14, 55, 57, 58, 59, 60, 61, 64, 66, 74, 78, 79, 87, 88, 89, 115, 120, 
      126, 127, 140, 148, 158, 159, 181, 183, 184, 186, 187 ], 
  [ 1, 13, 23, 31, 41, 42, 57, 63, 64, 76, 77, 78, 79, 80, 95, 97, 124, 126, 
      135, 141, 153, 155, 165, 166, 169, 170, 184 ], 
  [ 8, 13, 21, 42, 52, 59, 61, 62, 71, 77, 78, 97, 103, 104, 121, 127, 135, 
      142, 143, 155, 156, 157, 160, 170, 181, 182, 187 ], 
  [ 8, 13, 21, 38, 42, 62, 63, 64, 75, 76, 77, 78, 80, 96, 97, 99, 121, 124, 
      135, 155, 156, 160, 161, 166, 170, 182, 186, 187 ], 
  [ 13, 14, 15, 55, 57, 59, 60, 64, 70, 71, 77, 78, 97, 126, 128, 141, 142, 
      153, 155, 158, 163, 166, 184 ], 
  [ 28, 45, 46, 57, 58, 66, 79, 80, 87, 90, 92, 99, 100, 113, 126, 127, 140, 
      148, 158, 167, 181, 184, 185, 186, 187 ], 
  [ 28, 30, 45, 46, 57, 58, 66, 74, 79, 85, 86, 87, 88, 89, 92, 100, 102, 
      105, 115, 120, 126, 127, 140, 148, 158, 159, 181, 183, 184, 186, 187 ], 
  [ 4, 29, 46, 48, 49, 50, 55, 56, 57, 58, 59, 84, 87, 88, 89, 90, 102, 104, 
      111, 112, 123, 127, 139, 140, 144, 148, 158, 162, 181 ], 
  [ 4, 30, 46, 50, 57, 58, 66, 73, 74, 79, 84, 86, 87, 88, 89, 100, 102, 105, 
      120, 127, 139, 140, 148, 181, 183, 184, 186, 187 ], 
  [ 4, 28, 30, 46, 50, 57, 58, 67, 73, 84, 86, 89, 90, 100, 102, 105, 122, 
      139, 140, 148, 171, 173, 174, 181 ], 
  [ 3, 33, 35, 36, 44, 55, 62, 64, 65, 73, 86, 95, 107, 108, 110, 115, 119, 
      132, 148, 153, 156, 161, 170, 186 ], 
  [ 1, 13, 23, 42, 57, 59, 63, 64, 65, 76, 77, 78, 79, 80, 95, 115, 121, 124, 
      126, 135, 153, 155, 156, 166, 170 ], 
  [ 8, 13, 21, 38, 42, 44, 62, 63, 64, 75, 76, 77, 78, 95, 96, 97, 118, 121, 
      124, 135, 141, 155, 156, 160, 161, 166, 170, 182, 188, 189 ], 
  [ 1, 13, 14, 23, 42, 55, 57, 59, 63, 64, 65, 77, 78, 79, 95, 110, 115, 121, 
      135, 153, 154, 156, 164, 166, 170 ], 
  [ 13, 14, 15, 55, 56, 58, 59, 60, 61, 62, 64, 65, 71, 78, 89, 104, 119, 
      140, 155, 156, 160, 162, 163, 181 ], 
  [ 8, 13, 14, 15, 34, 42, 55, 56, 62, 64, 65, 71, 110, 132, 134, 135, 140, 
      145, 147, 153, 154, 156, 160, 166, 167 ], 
  [ 3, 33, 35, 36, 37, 44, 63, 64, 65, 73, 76, 86, 95, 107, 108, 110, 115, 
      119, 121, 132, 153, 154, 156, 161, 170, 186 ], 
  [ 3, 4, 7, 29, 30, 35, 40, 46, 49, 50, 52, 58, 61, 62, 66, 69, 74, 84, 86, 
      88, 89, 101, 102, 104, 105, 111, 112, 120, 122, 123, 139, 140, 148, 
      150, 161, 162, 174, 175, 181, 183, 187, 192 ], 
  [ 1, 21, 22, 23, 42, 59, 77, 78, 90, 92, 97, 98, 103, 104, 121, 126, 127, 
      135, 142, 143, 155, 157, 160, 170, 182, 185, 187 ], 
  [ 13, 14, 15, 59, 60, 61, 62, 63, 64, 65, 66, 70, 71, 72, 97, 119, 120, 
      124, 132, 134, 135, 153, 154, 155, 156, 157, 161, 162, 163, 170, 178, 
      179, 180, 181, 183, 186 ], 
  [ 13, 14, 15, 58, 59, 60, 61, 62, 64, 65, 66, 71, 78, 89, 97, 104, 119, 
      155, 156, 162, 163, 170, 181, 186, 187 ], 
  [ 8, 13, 21, 23, 24, 28, 57, 66, 71, 77, 92, 97, 99, 114, 126, 127, 134, 
      135, 137, 138, 142, 155, 158, 181, 184, 185, 187 ], 
  [ 3, 4, 14, 33, 35, 36, 44, 54, 55, 62, 64, 65, 74, 78, 79, 86, 95, 104, 
      108, 119, 132, 140, 156, 161, 162, 166, 170, 188 ], 
  [ 1, 13, 14, 15, 23, 42, 47, 55, 57, 59, 70, 71, 77, 78, 90, 97, 125, 126, 
      128, 135, 137, 141, 142, 153, 155, 158, 160, 166, 184, 185 ], 
  [ 1, 6, 20, 21, 22, 23, 25, 26, 31, 41, 42, 47, 53, 75, 76, 77, 78, 80, 90, 
      92, 93, 94, 96, 97, 98, 99, 103, 113, 116, 117, 121, 124, 125, 126, 
      135, 136, 137, 142, 143, 151, 152, 155, 157, 160, 164, 166, 170, 176, 
      177, 182, 185, 187 ], 
  [ 4, 11, 18, 25, 29, 46, 48, 49, 50, 51, 54, 56, 77, 84, 87, 90, 95, 100, 
      104, 112, 123, 127, 128, 139, 141, 142, 160, 162, 172, 182, 185, 191 ], 
  [ 8, 13, 18, 21, 28, 38, 57, 63, 67, 68, 69, 73, 75, 76, 77, 79, 80, 82, 
      84, 85, 86, 92, 95, 99, 100, 168, 169, 170, 173, 174, 186, 187, 188 ], 
  [ 4, 13, 14, 15, 43, 50, 54, 59, 65, 71, 72, 77, 78, 79, 95, 97, 104, 127, 
      128, 135, 136, 138, 141, 142, 143, 155, 157, 160, 162, 164, 166, 170, 
      181, 184, 185 ], 
  [ 1, 6, 13, 14, 15, 20, 23, 31, 41, 42, 47, 53, 55, 57, 59, 63, 64, 65, 70, 
      77, 78, 79, 80, 90, 95, 96, 97, 103, 124, 125, 126, 135, 137, 141, 145, 
      153, 155, 157, 160, 164, 165, 166, 170, 178, 184, 185 ], 
  [ 1, 2, 14, 19, 23, 24, 28, 31, 32, 34, 55, 57, 64, 66, 79, 87, 91, 92, 99, 
      106, 109, 110, 115, 133, 134, 140, 145, 148, 149, 151, 152, 153, 154, 
      158, 165, 166, 167, 184, 186 ], 
  [ 1, 5, 13, 18, 23, 25, 31, 37, 41, 42, 57, 64, 73, 76, 77, 80, 94, 95, 97, 
      99, 107, 126, 135, 141, 153, 155, 165, 166, 169, 170, 176, 186 ], 
  [ 8, 13, 21, 28, 52, 57, 62, 66, 77, 79, 80, 87, 90, 92, 97, 99, 100, 126, 
      127, 140, 148, 155, 160, 170, 181, 182, 184, 185, 186, 187 ], 
  [ 8, 13, 21, 23, 24, 28, 38, 57, 63, 75, 76, 77, 79, 80, 85, 86, 92, 99, 
      100, 115, 120, 121, 124, 126, 127, 134, 135, 155, 156, 168, 169, 170, 
      181, 186, 187 ], 
  [ 13, 14, 15, 55, 57, 58, 59, 60, 61, 62, 64, 66, 70, 71, 78, 89, 97, 115, 
      126, 134, 140, 148, 153, 155, 156, 158, 159, 163, 181, 183, 184, 186, 
      187 ], [ 4, 29, 46, 48, 49, 50, 51, 52, 56, 58, 62, 66, 84, 87, 88, 89, 
      90, 100, 101, 102, 104, 105, 111, 112, 122, 123, 127, 139, 140, 148, 
      160, 162, 172, 174, 181, 182, 185, 187, 191, 192 ], 
  [ 10, 14, 16, 34, 35, 37, 39, 55, 56, 62, 64, 65, 66, 73, 107, 108, 110, 
      112, 119, 122, 132, 139, 140, 147, 148, 149, 154, 162, 167, 173, 186 ], 
  [ 4, 5, 14, 25, 50, 51, 54, 55, 62, 64, 78, 79, 87, 95, 97, 100, 101, 104, 
      118, 119, 128, 140, 141, 155, 160, 162, 163, 166, 170, 182, 184, 188 ], 
  [ 1, 3, 4, 16, 33, 35, 36, 42, 44, 54, 55, 59, 62, 65, 67, 86, 95, 98, 104, 
      107, 108, 110, 115, 119, 132, 148, 153, 156, 161, 162, 170, 176, 188 ], 
  [ 1, 8, 13, 21, 23, 24, 28, 31, 38, 41, 42, 57, 63, 64, 75, 76, 77, 78, 79, 
      80, 85, 92, 97, 99, 106, 115, 121, 124, 126, 134, 135, 152, 153, 155, 
      156, 165, 166, 169, 170, 184, 186, 187 ], 
  [ 8, 10, 13, 14, 23, 28, 34, 35, 37, 38, 57, 58, 63, 64, 65, 66, 73, 74, 
      79, 80, 85, 86, 115, 120, 122, 134, 135, 139, 140, 154, 156, 167, 168, 
      173, 175, 181, 185, 186 ], 
  [ 9, 10, 11, 14, 16, 18, 19, 22, 25, 29, 48, 49, 51, 54, 55, 56, 72, 77, 
      78, 83, 84, 87, 90, 94, 95, 98, 104, 112, 116, 117, 123, 128, 136, 139, 
      141, 142, 143, 144, 147, 160, 162, 164, 166, 172, 176, 182, 185, 191 ], 
  [ 1, 2, 4, 23, 24, 28, 32, 34, 36, 43, 46, 57, 59, 65, 66, 67, 79, 86, 92, 
      99, 108, 109, 110, 115, 127, 134, 148, 149, 151, 153, 154, 158, 167, 
      168, 170, 181, 186 ], 
  [ 10, 11, 14, 16, 18, 33, 35, 37, 39, 54, 55, 56, 62, 64, 65, 66, 73, 94, 
      95, 99, 107, 108, 110, 112, 116, 119, 132, 139, 147, 148, 149, 154, 
      162, 166, 167, 170, 176, 182, 186 ], 
  [ 8, 11, 13, 18, 21, 25, 28, 46, 49, 52, 57, 58, 71, 77, 78, 79, 80, 82, 
      84, 87, 90, 92, 99, 100, 126, 127, 140, 142, 155, 158, 160, 166, 167, 
      174, 181, 184, 185, 187, 192 ], 
  [ 2, 5, 9, 10, 14, 16, 17, 19, 27, 29, 32, 34, 35, 37, 39, 40, 48, 51, 55, 
      56, 60, 62, 64, 66, 68, 72, 73, 74, 83, 87, 88, 89, 91, 102, 105, 107, 
      108, 110, 111, 112, 116, 119, 122, 123, 129, 130, 131, 132, 139, 140, 
      144, 145, 146, 147, 148, 149, 150, 154, 161, 162, 163, 172, 173, 175, 
      179, 182, 186, 191 ], 
  [ 8, 10, 11, 13, 14, 16, 18, 33, 34, 35, 37, 39, 42, 54, 55, 56, 62, 64, 
      65, 71, 73, 82, 94, 95, 107, 108, 110, 112, 119, 122, 132, 135, 139, 
      140, 147, 149, 154, 156, 160, 162, 166, 167, 173, 176, 188 ], 
  [ 1, 3, 4, 7, 9, 10, 14, 16, 19, 22, 23, 26, 29, 31, 32, 33, 35, 36, 37, 
      38, 40, 42, 43, 44, 53, 54, 55, 59, 61, 63, 64, 65, 67, 69, 72, 74, 75, 
      76, 78, 79, 83, 85, 86, 93, 94, 95, 96, 98, 101, 103, 104, 107, 108, 
      110, 115, 116, 119, 120, 121, 124, 129, 130, 131, 132, 135, 136, 143, 
      144, 145, 147, 150, 151, 153, 154, 156, 157, 161, 162, 164, 166, 168, 
      170, 175, 176, 177, 178, 179, 180, 188, 189 ], 
  [ 1, 2, 6, 7, 8, 9, 13, 14, 15, 19, 20, 21, 23, 24, 26, 28, 31, 32, 34, 38, 
      40, 41, 42, 43, 45, 47, 48, 52, 53, 55, 56, 57, 58, 59, 60, 61, 62, 63, 
      64, 65, 66, 70, 71, 72, 74, 75, 77, 78, 79, 80, 85, 87, 88, 90, 91, 92, 
      93, 96, 97, 99, 103, 106, 110, 111, 113, 115, 116, 120, 121, 124, 125, 
      126, 127, 131, 133, 134, 135, 136, 137, 138, 140, 142, 143, 144, 145, 
      146, 147, 148, 151, 152, 153, 154, 155, 156, 157, 158, 159, 160, 161, 
      164, 165, 166, 167, 170, 178, 179, 180, 181, 182, 183, 184, 185, 186, 
      187 ], [ 2, 4, 7, 8, 9, 12, 13, 14, 15, 17, 19, 21, 24, 26, 29, 32, 34, 
      36, 38, 40, 42, 43, 44, 48, 50, 52, 53, 54, 55, 56, 59, 60, 61, 62, 63, 
      64, 65, 70, 71, 72, 74, 75, 77, 78, 79, 87, 88, 93, 95, 96, 97, 101, 
      103, 104, 108, 110, 111, 116, 118, 119, 120, 121, 124, 125, 127, 128, 
      130, 131, 132, 134, 135, 136, 138, 140, 141, 142, 143, 144, 145, 146, 
      147, 153, 154, 155, 156, 157, 160, 161, 162, 163, 164, 166, 170, 178, 
      179, 180, 181, 182, 183, 184, 188, 189 ], 
  [ 4, 5, 6, 7, 9, 11, 13, 14, 15, 18, 19, 20, 25, 26, 27, 29, 39, 40, 41, 
      43, 45, 46, 47, 48, 49, 50, 51, 52, 53, 54, 55, 56, 57, 58, 59, 60, 61, 
      62, 63, 64, 65, 66, 70, 71, 72, 73, 74, 77, 78, 79, 80, 84, 87, 88, 89, 
      90, 91, 95, 96, 97, 99, 100, 101, 103, 104, 105, 111, 112, 113, 116, 
      117, 119, 120, 123, 124, 125, 126, 127, 128, 131, 133, 136, 137, 138, 
      139, 140, 141, 142, 143, 144, 145, 146, 147, 148, 155, 157, 158, 159, 
      160, 161, 162, 163, 164, 165, 166, 167, 170, 178, 179, 180, 181, 182, 
      183, 184, 185, 186, 187, 190, 191, 192 ], 
  [ 1, 4, 8, 9, 10, 11, 13, 14, 16, 18, 19, 23, 28, 29, 31, 32, 33, 34, 35, 
      36, 37, 38, 39, 40, 42, 43, 46, 54, 55, 57, 59, 62, 63, 64, 65, 66, 67, 
      71, 72, 73, 74, 79, 82, 83, 85, 86, 91, 93, 94, 95, 99, 106, 107, 108, 
      109, 110, 111, 112, 115, 116, 119, 120, 122, 123, 129, 130, 131, 132, 
      133, 134, 135, 136, 139, 140, 144, 145, 147, 148, 149, 150, 151, 153, 
      154, 156, 158, 161, 162, 164, 165, 166, 167, 168, 170, 173, 175, 176, 
      178, 179, 180, 181, 186, 188 ], 
  [ 2, 3, 5, 7, 8, 9, 10, 11, 13, 14, 16, 17, 18, 19, 21, 22, 25, 26, 27, 29, 
      32, 33, 34, 35, 37, 38, 39, 40, 42, 44, 48, 49, 51, 52, 53, 54, 55, 56, 
      60, 61, 62, 63, 64, 68, 69, 71, 72, 73, 74, 75, 76, 77, 78, 82, 83, 84, 
      87, 88, 89, 93, 94, 95, 96, 98, 101, 102, 103, 104, 105, 107, 108, 110, 
      111, 112, 116, 117, 118, 119, 121, 122, 123, 124, 125, 128, 129, 130, 
      131, 132, 135, 136, 139, 140, 141, 142, 143, 144, 145, 146, 147, 149, 
      150, 154, 155, 156, 157, 160, 161, 162, 163, 164, 166, 172, 173, 174, 
      175, 176, 177, 179, 180, 182, 188, 189, 191, 192 ], 
  [ 1, 2, 3, 8, 10, 12, 13, 14, 15, 16, 17, 21, 22, 23, 24, 28, 30, 34, 35, 
      42, 44, 47, 48, 49, 50, 51, 52, 55, 56, 57, 58, 59, 60, 61, 62, 66, 70, 
      71, 72, 77, 78, 84, 87, 88, 89, 90, 92, 97, 98, 102, 103, 104, 110, 
      111, 112, 114, 115, 118, 121, 122, 125, 126, 127, 128, 132, 134, 135, 
      137, 138, 139, 140, 141, 142, 143, 144, 146, 148, 153, 154, 155, 156, 
      157, 158, 159, 160, 162, 163, 171, 172, 174, 181, 182, 183, 184, 185, 
      187 ], 
  [ 1, 2, 3, 4, 5, 7, 8, 9, 10, 11, 13, 14, 16, 18, 19, 21, 22, 23, 25, 26, 
      28, 29, 32, 33, 34, 35, 37, 38, 39, 40, 42, 43, 46, 48, 49, 51, 52, 54, 
      55, 56, 57, 58, 59, 60, 61, 62, 63, 64, 65, 66, 67, 68, 69, 71, 72, 73, 
      74, 75, 76, 77, 78, 79, 80, 82, 83, 84, 85, 86, 87, 88, 89, 90, 92, 93, 
      94, 95, 96, 98, 99, 100, 101, 102, 103, 104, 105, 107, 108, 110, 111, 
      112, 115, 116, 119, 120, 121, 122, 123, 124, 126, 127, 135, 136, 139, 
      140, 142, 143, 144, 147, 148, 149, 150, 151, 154, 155, 156, 157, 158, 
      160, 161, 162, 164, 166, 167, 168, 170, 172, 173, 174, 175, 176, 179, 
      180, 181, 182, 185, 186, 187, 188, 191, 192 ], 
  [ 1, 2, 3, 4, 5, 7, 8, 10, 12, 13, 14, 15, 16, 17, 21, 22, 23, 24, 28, 30, 
      34, 35, 36, 37, 38, 42, 44, 50, 51, 52, 55, 56, 57, 58, 59, 60, 61, 62, 
      63, 64, 65, 66, 67, 68, 69, 73, 74, 75, 76, 77, 78, 79, 80, 84, 85, 86, 
      87, 88, 89, 90, 92, 95, 96, 97, 98, 100, 101, 102, 103, 104, 105, 107, 
      108, 110, 114, 115, 118, 119, 120, 121, 122, 124, 126, 127, 132, 134, 
      135, 139, 140, 141, 148, 153, 154, 155, 156, 157, 160, 161, 162, 163, 
      168, 169, 170, 171, 172, 173, 174, 175, 181, 182, 183, 184, 185, 186, 
      187, 188, 189 ], 
  [ 1, 2, 4, 5, 6, 8, 9, 10, 11, 12, 13, 14, 15, 16, 17, 18, 19, 20, 21, 23, 
      24, 25, 27, 28, 29, 31, 32, 34, 36, 37, 39, 41, 42, 43, 46, 47, 48, 50, 
      51, 54, 55, 56, 57, 59, 60, 62, 64, 65, 66, 67, 68, 70, 71, 72, 73, 77, 
      79, 80, 81, 82, 83, 87, 90, 91, 92, 93, 94, 95, 97, 99, 100, 106, 107, 
      108, 109, 110, 111, 112, 113, 114, 116, 117, 118, 119, 122, 123, 125, 
      126, 127, 128, 129, 130, 131, 132, 133, 134, 135, 136, 137, 138, 139, 
      140, 141, 142, 144, 145, 146, 147, 148, 149, 151, 152, 153, 154, 155, 
      158, 160, 162, 163, 164, 165, 166, 167, 168, 169, 170, 171, 172, 173, 
      176, 178, 179, 181, 182, 184, 185, 186, 188, 190, 191 ], 
  [ 1, 2, 3, 4, 8, 9, 10, 11, 12, 13, 14, 15, 16, 17, 18, 19, 21, 22, 23, 24, 
      28, 29, 30, 32, 33, 34, 35, 36, 42, 43, 44, 46, 48, 49, 50, 54, 55, 56, 
      57, 58, 59, 62, 65, 66, 67, 71, 72, 77, 78, 79, 82, 83, 84, 86, 87, 90, 
      92, 93, 94, 95, 97, 98, 99, 102, 104, 108, 109, 110, 111, 112, 114, 
      115, 116, 118, 121, 122, 123, 127, 128, 130, 132, 134, 135, 136, 138, 
      139, 140, 141, 142, 143, 144, 147, 148, 149, 150, 151, 153, 154, 156, 
      158, 160, 162, 164, 166, 167, 168, 170, 171, 172, 174, 176, 181, 182, 
      184, 185, 187, 188 ], 
  [ 1, 2, 3, 4, 5, 6, 7, 8, 9, 10, 11, 12, 13, 14, 15, 16, 17, 18, 19, 20, 
      21, 22, 23, 24, 25, 26, 27, 28, 29, 30, 31, 32, 33, 34, 35, 36, 37, 38, 
      39, 40, 41, 42, 43, 44, 45, 46, 47, 48, 49, 50, 51, 52, 53, 54, 55, 56, 
      57, 58, 59, 60, 61, 63, 64, 65, 67, 68, 69, 70, 71, 72, 73, 74, 75, 76, 
      77, 78, 79, 80, 81, 82, 83, 84, 85, 86, 87, 88, 89, 90, 92, 93, 94, 95, 
      96, 98, 100, 101, 102, 103, 104, 105, 106, 107, 108, 109, 110, 111, 
      112, 113, 114, 115, 117, 118, 119, 120, 121, 122, 123, 124, 125, 126, 
      127, 128, 129, 130, 131, 132, 133, 134, 135, 136, 137, 138, 139, 140, 
      141, 142, 143, 144, 145, 146, 147, 149, 150, 151, 152, 153, 154, 155, 
      156, 157, 158, 159, 160, 162, 163, 164, 165, 166, 167, 168, 169, 171, 
      172, 173, 174, 175, 176, 177, 178, 179, 180, 181, 183, 184, 185, 188, 
      189, 190, 191, 192 ], 
  [ 33, 35, 55, 56, 62, 64, 65, 73, 95, 107, 108, 110, 119, 132, 147, 156, 
      161 ], 
  [ 33, 35, 55, 56, 62, 64, 65, 73, 74, 95, 96, 107, 108, 119, 132, 140, 147, 
      156, 160, 161, 173, 188 ], 
  [ 33, 34, 35, 39, 55, 56, 62, 64, 65, 73, 74, 107, 108, 110, 119, 132, 140, 
      145, 147, 149, 156, 161, 167, 173 ], 
  [ 33, 35, 37, 56, 62, 64, 65, 73, 95, 107, 108, 110, 119, 132, 147, 154, 
      156, 161 ], 
  [ 33, 55, 56, 62, 64, 65, 73, 95, 107, 108, 110, 119, 132, 145, 147, 156, 
      161 ], 
  [ 33, 35, 55, 56, 62, 64, 65, 73, 95, 107, 108, 110, 116, 119, 132, 147, 
      148, 161, 170, 182, 186 ], 
  [ 33, 55, 56, 62, 64, 65, 73, 74, 95, 96, 107, 108, 119, 132, 140, 145, 
      147, 156, 160, 161, 173, 188 ], 
  [ 8, 13, 34, 38, 42, 55, 56, 62, 63, 64, 65, 73, 74, 95, 96, 107, 108, 110, 
      119, 132, 140, 145, 147, 156, 160, 161, 173, 188 ], 
  [ 8, 11, 13, 18, 33, 34, 39, 42, 54, 55, 56, 62, 64, 65, 71, 73, 82, 95, 
      107, 108, 110, 119, 132, 140, 145, 147, 149, 156, 160, 166, 167, 173, 
      176, 188 ], 
  [ 33, 55, 56, 62, 64, 65, 73, 91, 95, 107, 108, 110, 116, 119, 132, 145, 
      147, 148, 161, 170, 182, 186 ], 
  [ 33, 35, 37, 56, 62, 64, 65, 73, 95, 96, 107, 108, 119, 132, 147, 156, 
      160, 161, 173, 188 ], 
  [ 3, 33, 35, 37, 44, 56, 63, 64, 65, 73, 76, 95, 96, 107, 108, 110, 119, 
      121, 132, 147, 154, 156, 161 ], 
  [ 33, 35, 37, 56, 62, 64, 65, 73, 95, 107, 108, 110, 116, 119, 132, 147, 
      154, 161, 170, 182, 186 ], 
  [ 33, 35, 37, 39, 56, 62, 64, 65, 73, 96, 107, 119, 132, 147, 156, 160, 
      161, 167, 173 ], 
  [ 33, 35, 37, 38, 63, 64, 65, 73, 74, 95, 96, 107, 108, 119, 132, 147, 156, 
      161, 173, 175, 188 ], 
  [ 33, 35, 37, 39, 56, 62, 64, 73, 96, 107, 129, 132, 145, 147, 156, 160, 
      161, 167, 173 ], 
  [ 33, 35, 39, 55, 56, 62, 64, 65, 73, 74, 96, 107, 119, 132, 140, 145, 147, 
      156, 160, 161, 167, 173 ], 
  [ 8, 10, 11, 13, 14, 16, 18, 33, 34, 35, 37, 39, 42, 55, 56, 62, 64, 71, 
      73, 82, 94, 107, 110, 112, 122, 129, 132, 135, 139, 140, 145, 147, 149, 
      154, 156, 160, 166, 167, 173, 176 ], 
  [ 33, 34, 35, 37, 39, 56, 62, 64, 73, 91, 107, 110, 129, 132, 145, 147, 
      149, 154, 156, 161, 167, 173, 186 ], 
  [ 4, 50, 55, 57, 67, 73, 74, 79, 84, 87, 90, 95, 100, 101, 105, 139, 140, 
      141, 148, 171, 184, 190 ], 
  [ 3, 33, 35, 44, 55, 56, 64, 65, 73, 91, 95, 107, 108, 110, 116, 119, 132, 
      145, 147, 148, 161, 170, 182, 186 ], 
  [ 33, 35, 39, 55, 56, 62, 64, 65, 73, 91, 107, 108, 110, 119, 132, 145, 
      147, 148, 149, 161, 167, 186 ], 
  [ 33, 35, 39, 55, 56, 62, 64, 73, 91, 107, 108, 110, 116, 119, 132, 145, 
      147, 148, 149, 161, 182, 186 ], 
  [ 33, 35, 37, 39, 56, 62, 64, 73, 107, 108, 110, 116, 119, 132, 147, 149, 
      154, 161, 182, 186 ], 
  [ 3, 33, 35, 37, 44, 56, 64, 65, 73, 76, 95, 107, 108, 110, 116, 119, 121, 
      132, 147, 154, 161, 170, 182, 186 ], 
  [ 33, 35, 37, 39, 56, 62, 64, 73, 91, 107, 110, 116, 129, 132, 145, 147, 
      149, 154, 161, 182, 186 ], 
  [ 33, 38, 63, 64, 65, 73, 74, 95, 96, 107, 108, 119, 132, 145, 147, 156, 
      161, 173, 188 ], 
  [ 33, 36, 37, 38, 63, 64, 65, 73, 74, 95, 96, 107, 108, 119, 129, 130, 132, 
      145, 147, 161, 173, 175, 188, 189 ], 
  [ 3, 33, 35, 36, 37, 38, 44, 63, 64, 65, 69, 73, 74, 76, 86, 95, 96, 107, 
      108, 119, 132, 156, 161, 173, 175, 188, 189 ], 
  [ 33, 35, 39, 56, 62, 73, 91, 110, 116, 129, 131, 132, 145, 146, 147, 149, 
      154, 161, 182 ], 
  [ 10, 11, 14, 16, 18, 33, 35, 37, 39, 55, 56, 62, 64, 66, 73, 91, 94, 99, 
      107, 110, 112, 116, 129, 132, 139, 145, 147, 148, 149, 154, 166, 167, 
      176, 182, 186 ], 
  [ 33, 34, 35, 39, 56, 62, 73, 91, 110, 129, 131, 132, 145, 146, 147, 149, 
      154, 156, 161 ], 
  [ 11, 18, 33, 35, 39, 56, 62, 73, 91, 110, 112, 116, 129, 131, 132, 139, 
      145, 146, 147, 149, 154, 182 ], 
  [ 11, 13, 18, 33, 34, 35, 39, 56, 62, 71, 73, 91, 110, 112, 129, 131, 132, 
      133, 139, 145, 146, 147, 149, 154, 156, 165, 167 ], 
  [ 4, 29, 46, 55, 57, 67, 73, 74, 84, 87, 90, 102, 105, 123, 139, 140, 148, 
      190 ], 
  [ 34, 35, 39, 58, 65, 73, 74, 86, 89, 91, 115, 119, 120, 134, 148, 161, 
      167, 173, 186 ], 
  [ 34, 35, 58, 65, 73, 74, 85, 86, 91, 115, 120, 134, 148, 161, 167, 173, 
      175, 186 ], 
  [ 49, 50, 51, 52, 58, 78, 84, 87, 89, 90, 100, 101, 104, 105, 140, 160, 
      174, 184, 185, 187, 192 ], 
  [ 50, 51, 52, 62, 66, 84, 87, 90, 97, 100, 101, 105, 114, 118, 122, 139, 
      140, 141, 148, 160, 171, 172, 174, 182, 184, 185, 187, 190, 191, 192 ], 
  [ 11, 18, 33, 39, 54, 55, 56, 62, 64, 65, 73, 91, 95, 99, 107, 108, 110, 
      116, 119, 132, 145, 147, 148, 149, 166, 167, 170, 176, 182, 186 ], 
  [ 3, 33, 35, 39, 55, 56, 64, 73, 89, 91, 102, 107, 108, 110, 116, 119, 145, 
      147, 148, 149, 150, 161, 182, 186 ], 
  [ 1, 2, 3, 6, 8, 9, 10, 11, 12, 13, 14, 15, 16, 17, 18, 19, 20, 21, 22, 23, 
      24, 28, 30, 31, 32, 33, 34, 35, 42, 44, 47, 48, 49, 55, 56, 57, 58, 62, 
      66, 70, 71, 72, 77, 78, 81, 82, 83, 84, 87, 90, 91, 92, 93, 94, 97, 98, 
      99, 102, 106, 109, 110, 111, 112, 113, 114, 115, 116, 117, 118, 121, 
      122, 123, 125, 128, 129, 130, 131, 132, 133, 134, 135, 136, 137, 138, 
      139, 140, 141, 142, 143, 144, 145, 146, 147, 148, 149, 150, 151, 152, 
      153, 154, 156, 158, 159, 160, 164, 165, 166, 167, 171, 172, 174, 176, 
      177, 182, 184, 185, 187 ], 
  [ 33, 36, 37, 38, 63, 64, 65, 73, 76, 86, 95, 107, 108, 119, 156, 161, 170, 
      173, 186, 188 ], 
  [ 10, 14, 16, 34, 35, 37, 39, 55, 56, 62, 64, 66, 73, 91, 107, 110, 112, 
      122, 129, 132, 139, 140, 145, 147, 148, 149, 154, 167, 173, 186 ], 
  [ 11, 18, 33, 36, 37, 38, 39, 54, 63, 64, 65, 73, 74, 82, 94, 95, 96, 109, 
      119, 129, 130, 132, 145, 147, 161, 166, 167, 173, 175, 180, 188, 189 ], 
  [ 49, 50, 51, 52, 84, 100, 114, 126, 127, 137, 138, 155, 157, 181, 183, 
      184, 185, 187 ], 
  [ 11, 13, 18, 25, 46, 49, 50, 51, 52, 66, 71, 84, 97, 99, 100, 112, 114, 
      128, 137, 138, 139, 141, 155, 157, 181, 183, 184, 185, 187, 192 ], 
  [ 13, 50, 51, 52, 57, 66, 77, 84, 97, 100, 114, 126, 127, 137, 138, 139, 
      141, 155, 157, 181, 183, 184, 185, 187 ], 
  [ 7, 13, 26, 45, 52, 57, 63, 66, 77, 84, 97, 100, 113, 114, 137, 138, 139, 
      141, 157, 164, 165, 183, 184, 185, 187 ], 
  [ 13, 55, 56, 59, 60, 61, 62, 71, 88, 89, 103, 104, 110, 119, 144, 146, 
      162, 163 ], 
  [ 9, 19, 28, 43, 46, 48, 57, 58, 66, 79, 87, 90, 92, 99, 111, 113, 123, 
      127, 138, 140, 148, 151, 158, 167, 181, 184, 185, 187 ], 
  [ 8, 13, 14, 15, 38, 62, 63, 64, 65, 71, 74, 96, 132, 134, 135, 140, 145, 
      147, 156, 160, 161, 166, 167, 180 ], 
  [ 13, 18, 57, 66, 77, 84, 97, 99, 100, 113, 114, 137, 138, 139, 141, 164, 
      165, 184, 185, 187 ], 
  [ 47, 48, 49, 84, 87, 90, 92, 98, 102, 113, 117, 123, 148, 171, 172, 174, 
      182, 187, 190, 191, 192 ], 
  [ 67, 68, 69, 84, 87, 90, 92, 98, 100, 101, 102, 105, 148, 171, 172, 174, 
      182, 187, 190, 191, 192 ], 
  [ 1, 47, 59, 77, 78, 90, 92, 97, 98, 103, 104, 121, 126, 127, 142, 143, 
      170, 182, 187 ], 
  [ 8, 13, 52, 66, 71, 97, 99, 114, 134, 135, 137, 138, 155, 157, 181, 183, 
      184, 185, 187 ], 
  [ 28, 30, 46, 57, 58, 66, 90, 92, 99, 109, 113, 114, 123, 138, 148, 151, 
      158, 167, 171, 184, 185, 187 ], 
  [ 11, 18, 28, 30, 46, 49, 57, 58, 82, 84, 90, 92, 99, 109, 113, 114, 123, 
      138, 151, 158, 167, 171, 174, 184, 185, 187 ], 
  [ 13, 14, 15, 59, 70, 71, 72, 77, 78, 97, 125, 128, 135, 136, 137, 138, 
      141, 142, 143, 155, 157, 160, 164, 166, 184, 185 ], 
  [ 1, 13, 14, 15, 23, 42, 47, 55, 57, 59, 70, 71, 72, 77, 78, 90, 97, 125, 
      128, 135, 136, 137, 138, 141, 142, 143, 144, 153, 158, 160, 164, 166, 
      184, 185 ], 
  [ 4, 13, 14, 15, 43, 50, 54, 59, 65, 70, 71, 72, 79, 95, 97, 125, 128, 135, 
      136, 137, 138, 141, 155, 157, 160, 162, 164, 166, 170, 178, 181, 184, 
      185 ], 
  [ 7, 26, 45, 50, 51, 52, 66, 84, 97, 100, 101, 105, 113, 114, 137, 138, 
      139, 141, 157, 183, 184, 185, 187, 190, 191, 192 ], 
  [ 13, 14, 15, 60, 62, 64, 66, 70, 71, 72, 97, 111, 134, 138, 140, 155, 163, 
      179, 181, 183, 184, 186 ] ];
