return [ [ 1, 10, 13, 16, 17, 19, 20, 22, 23, 26, 27, 31, 34, 36, 38, 39, 41 ]
    , [ 1, 10, 11, 13, 16, 17, 19, 20, 22, 26, 27, 31, 32, 34, 36, 39, 41 ], 
  [ 1, 10, 11, 13, 16, 17, 19, 20, 22, 23, 26, 31, 32, 33, 34, 36, 39, 41 ], 
  [ 1, 3, 6, 11, 12, 14, 15, 18, 19, 21, 24, 25, 32, 33, 35, 39, 40, 41 ], 
  [ 3, 7, 8, 11, 12, 15, 16, 18, 21, 22, 25, 27, 32, 34, 35, 39, 40, 41 ], 
  [ 1, 10, 11, 12, 13, 16, 17, 19, 20, 22, 26, 27, 32, 34, 36, 39, 40, 41 ], 
  [ 3, 4, 10, 13, 16, 17, 19, 20, 23, 26, 27, 30, 31, 34, 36, 37, 38, 39, 41 ]
    , [ 1, 5, 10, 11, 13, 15, 16, 19, 20, 22, 23, 26, 31, 32, 33, 34, 36, 39, 
      41 ], 
  [ 3, 7, 8, 11, 12, 14, 16, 17, 18, 24, 25, 27, 28, 32, 34, 35, 38, 39, 40 ],
  [ 3, 7, 8, 11, 12, 16, 18, 21, 24, 25, 27, 28, 32, 34, 35, 38, 39, 40, 41 ],
  [ 3, 8, 11, 16, 17, 19, 20, 23, 24, 26, 27, 31, 32, 33, 34, 36, 37, 38, 39, 
      41 ], 
  [ 3, 7, 8, 11, 12, 15, 16, 18, 20, 21, 22, 23, 32, 33, 34, 35, 36, 39, 40, 
      41 ], 
  [ 3, 7, 8, 11, 12, 15, 18, 19, 21, 22, 24, 25, 26, 27, 32, 33, 35, 39, 40, 
      41 ], 
  [ 3, 7, 8, 11, 12, 13, 14, 15, 16, 20, 23, 25, 29, 31, 32, 33, 34, 35, 36, 
      39, 40 ], 
  [ 1, 5, 10, 11, 12, 13, 15, 16, 19, 20, 22, 25, 26, 27, 30, 31, 32, 34, 36, 
      39, 40, 41 ], 
  [ 1, 3, 4, 10, 11, 13, 14, 16, 17, 19, 20, 23, 24, 26, 31, 32, 33, 34, 36, 
      37, 38, 39, 41 ], 
  [ 1, 8, 9, 10, 11, 16, 17, 18, 19, 20, 22, 23, 24, 26, 27, 31, 32, 33, 34, 
      36, 37, 38, 39, 41 ], 
  [ 2, 3, 4, 5, 9, 10, 11, 12, 13, 16, 17, 19, 20, 21, 22, 26, 27, 30, 32, 
      34, 36, 37, 39, 40, 41 ], 
  [ 1, 3, 4, 10, 11, 12, 13, 14, 16, 17, 19, 20, 24, 25, 26, 27, 30, 31, 32, 
      34, 36, 37, 38, 39, 40, 41 ], 
  [ 2, 3, 4, 5, 7, 8, 9, 10, 13, 16, 17, 20, 21, 22, 23, 26, 27, 28, 29, 30, 
      31, 34, 36, 37, 38, 39, 41 ], 
  [ 2, 3, 4, 5, 8, 9, 10, 11, 13, 16, 17, 19, 20, 21, 22, 23, 26, 27, 29, 30, 
      31, 32, 33, 34, 36, 37, 39, 41 ], 
  [ 3, 7, 8, 11, 12, 16, 19, 20, 21, 23, 24, 25, 26, 27, 28, 29, 30, 31, 32, 
      33, 34, 35, 36, 37, 38, 39, 40, 41 ], 
  [ 3, 5, 7, 8, 11, 12, 13, 15, 16, 19, 20, 21, 22, 23, 25, 26, 27, 29, 30, 
      31, 32, 33, 34, 35, 36, 39, 40, 41 ], 
  [ 1, 3, 6, 7, 8, 11, 12, 14, 15, 16, 18, 20, 21, 23, 24, 25, 28, 29, 31, 
      32, 33, 34, 35, 36, 38, 39, 40, 41 ], 
  [ 2, 3, 4, 5, 6, 7, 8, 9, 11, 12, 13, 14, 15, 16, 17, 18, 21, 22, 25, 27, 
      28, 29, 30, 32, 34, 35, 39, 40 ], 
  [ 2, 3, 4, 5, 6, 7, 8, 9, 11, 12, 13, 14, 15, 16, 17, 18, 20, 21, 22, 23, 
      28, 29, 32, 33, 34, 35, 36, 39, 40 ], 
  [ 1, 3, 7, 8, 11, 12, 13, 14, 15, 16, 17, 18, 19, 20, 22, 23, 24, 25, 26, 
      27, 31, 32, 33, 34, 35, 36, 38, 39, 40, 41 ], 
  [ 3, 4, 7, 8, 11, 12, 13, 14, 16, 17, 19, 20, 23, 24, 25, 26, 27, 28, 29, 
      30, 31, 32, 33, 34, 35, 36, 37, 38, 39, 40 ], 
  [ 2, 3, 4, 5, 7, 8, 9, 11, 12, 13, 16, 17, 19, 20, 21, 22, 23, 26, 27, 28, 
      29, 30, 32, 33, 34, 35, 36, 37, 39, 40 ], 
  [ 2, 3, 4, 5, 6, 7, 8, 9, 11, 12, 13, 14, 15, 17, 18, 19, 21, 22, 24, 25, 
      26, 27, 28, 29, 30, 32, 33, 35, 37, 39, 40 ], 
  [ 1, 2, 3, 4, 5, 6, 7, 8, 9, 10, 11, 13, 14, 15, 16, 17, 18, 20, 21, 22, 
      23, 24, 26, 28, 29, 31, 32, 33, 34, 36, 37, 38, 39, 41 ], 
  [ 1, 2, 3, 4, 5, 6, 7, 9, 10, 11, 12, 13, 14, 15, 16, 17, 18, 19, 21, 22, 
      24, 25, 26, 27, 28, 30, 32, 34, 35, 37, 38, 39, 40, 41 ], 
  [ 1, 2, 3, 4, 5, 6, 7, 10, 11, 12, 13, 14, 15, 16, 19, 20, 21, 23, 24, 25, 
      26, 28, 29, 30, 31, 32, 33, 34, 35, 36, 37, 38, 39, 40, 41 ], 
  [ 1, 2, 3, 4, 5, 6, 7, 9, 10, 11, 12, 13, 14, 15, 16, 17, 18, 19, 20, 21, 
      22, 23, 24, 26, 28, 32, 33, 34, 35, 36, 37, 38, 39, 40, 41 ], 
  [ 1, 2, 5, 6, 7, 8, 9, 10, 11, 12, 15, 16, 18, 19, 20, 21, 22, 23, 24, 25, 
      26, 27, 28, 29, 30, 31, 32, 33, 34, 35, 36, 37, 38, 39, 40, 41 ], 
  [ 1, 2, 3, 4, 5, 6, 7, 8, 9, 10, 11, 12, 13, 14, 15, 16, 17, 18, 20, 21, 
      22, 24, 25, 26, 27, 28, 29, 30, 31, 32, 34, 36, 37, 38, 39, 40, 41 ], 
  [ 1, 2, 4, 5, 6, 7, 8, 9, 10, 11, 12, 13, 14, 15, 16, 17, 18, 19, 20, 22, 
      23, 24, 25, 26, 27, 28, 29, 30, 31, 32, 33, 34, 35, 36, 37, 38, 39, 40 ]
    , [ 1, 2, 3, 4, 5, 6, 7, 8, 9, 10, 11, 13, 14, 15, 16, 17, 18, 19, 20, 
      21, 22, 23, 24, 25, 26, 27, 28, 29, 30, 31, 32, 33, 34, 35, 37, 38, 39, 
      40, 41 ], 
  [ 1, 2, 3, 4, 5, 6, 7, 8, 9, 10, 11, 12, 13, 14, 15, 16, 17, 18, 19, 21, 
      22, 23, 24, 25, 26, 27, 28, 29, 30, 31, 32, 33, 34, 35, 36, 37, 38, 39, 
      41 ], [ 1, 2, 3, 4, 5, 6, 7, 8, 9, 10, 11, 12, 13, 14, 15, 16, 17, 18, 
      19, 20, 21, 22, 23, 24, 25, 26, 27, 28, 29, 30, 31, 32, 33, 34, 35, 36, 
      37, 38, 40, 41 ] ];
