return [ [ 13, 15, 16, 22, 25, 32, 34, 35, 38, 42, 44, 47, 49, 52, 53, 55 ], 
  [ 6, 13, 19, 20, 21, 22, 28, 31, 32, 34, 38, 42, 46, 52, 55, 59 ], 
  [ 6, 11, 13, 18, 22, 24, 25, 33, 34, 35, 37, 39, 40, 48, 49, 52, 59 ], 
  [ 6, 11, 12, 19, 21, 28, 32, 33, 37, 40, 42, 45, 46, 50, 52, 54, 59 ], 
  [ 11, 16, 21, 22, 27, 28, 31, 34, 39, 40, 42, 44, 46, 50, 51, 52, 57, 59 ], 
  [ 6, 11, 12, 13, 18, 19, 22, 25, 32, 33, 37, 39, 43, 47, 49, 55, 59, 60 ], 
  [ 6, 11, 12, 21, 22, 28, 31, 32, 34, 37, 39, 40, 42, 46, 51, 52, 55, 59 ], 
  [ 6, 11, 12, 16, 21, 22, 28, 31, 32, 39, 42, 44, 46, 50, 51, 52, 55, 59 ], 
  [ 6, 13, 15, 18, 19, 20, 21, 22, 25, 28, 31, 32, 34, 38, 42, 46, 55, 56, 59 
     ], [ 6, 11, 18, 21, 22, 28, 29, 31, 32, 34, 35, 37, 39, 46, 51, 52, 55, 
      56, 59 ], 
  [ 12, 15, 19, 25, 26, 30, 31, 32, 33, 37, 39, 40, 42, 43, 48, 50, 54, 58, 
      59 ], [ 6, 11, 12, 17, 18, 19, 25, 30, 31, 32, 33, 37, 39, 43, 46, 54, 
      55, 59, 60 ], 
  [ 6, 11, 12, 16, 21, 22, 28, 31, 34, 39, 40, 42, 44, 46, 50, 51, 52, 55, 59 
     ], [ 6, 11, 12, 19, 21, 22, 28, 31, 32, 37, 39, 40, 42, 46, 50, 51, 52, 
      54, 59 ], 
  [ 13, 15, 16, 25, 26, 31, 32, 33, 34, 35, 37, 39, 40, 42, 48, 49, 50, 52, 
      57, 58, 59 ], 
  [ 6, 13, 15, 16, 19, 20, 22, 25, 28, 31, 32, 34, 38, 42, 44, 46, 47, 50, 
      52, 53, 55 ], 
  [ 3, 6, 7, 13, 18, 24, 25, 26, 33, 34, 35, 37, 39, 40, 48, 49, 50, 52, 57, 
      58, 59 ], 
  [ 11, 13, 15, 16, 22, 31, 32, 33, 34, 35, 37, 39, 40, 42, 44, 46, 48, 49, 
      52, 57, 59 ], 
  [ 4, 11, 13, 15, 22, 24, 25, 32, 33, 34, 35, 37, 39, 40, 42, 48, 49, 52, 
      57, 58, 59 ], 
  [ 2, 6, 11, 14, 19, 24, 25, 33, 34, 37, 40, 41, 44, 45, 46, 47, 48, 49, 50, 
      52, 54 ], 
  [ 12, 13, 15, 16, 19, 25, 26, 31, 32, 33, 37, 39, 40, 42, 43, 47, 48, 49, 
      50, 58, 59 ], 
  [ 2, 6, 12, 17, 19, 20, 21, 22, 28, 31, 32, 34, 37, 40, 42, 46, 51, 52, 54, 
      55, 59 ], 
  [ 6, 11, 12, 13, 18, 19, 22, 24, 25, 33, 34, 37, 39, 40, 43, 47, 48, 49, 
      55, 59, 60 ], 
  [ 4, 11, 13, 15, 16, 22, 25, 32, 33, 34, 35, 36, 39, 42, 44, 49, 52, 53, 
      55, 57, 58, 59 ], 
  [ 6, 11, 13, 18, 19, 22, 24, 25, 26, 33, 34, 35, 37, 38, 39, 40, 45, 47, 
      48, 49, 50, 52 ], 
  [ 3, 6, 9, 11, 13, 21, 22, 27, 28, 33, 34, 38, 40, 42, 44, 45, 46, 50, 51, 
      52, 57, 59 ], 
  [ 2, 13, 14, 15, 16, 19, 20, 22, 27, 28, 31, 34, 38, 40, 42, 44, 46, 47, 
      48, 50, 52, 53, 57 ], 
  [ 3, 6, 7, 13, 15, 18, 19, 25, 26, 28, 30, 31, 32, 33, 37, 39, 43, 48, 50, 
      54, 56, 58, 59 ], 
  [ 6, 11, 12, 15, 19, 25, 28, 32, 33, 37, 40, 41, 42, 43, 44, 45, 46, 47, 
      48, 49, 50, 52, 54 ], 
  [ 2, 6, 11, 12, 17, 18, 19, 24, 25, 30, 31, 33, 34, 37, 39, 40, 43, 46, 48, 
      54, 55, 59, 60 ], 
  [ 11, 13, 15, 16, 22, 28, 31, 32, 33, 34, 35, 36, 37, 39, 43, 44, 46, 48, 
      49, 52, 55, 56, 57, 59 ], 
  [ 2, 4, 11, 14, 15, 16, 20, 22, 24, 27, 28, 31, 34, 39, 40, 42, 44, 46, 48, 
      50, 51, 52, 53, 57 ], 
  [ 3, 6, 7, 11, 13, 18, 22, 28, 29, 31, 32, 33, 34, 35, 36, 37, 39, 46, 51, 
      52, 55, 56, 57, 59 ], 
  [ 3, 6, 9, 11, 12, 13, 19, 21, 22, 28, 33, 38, 40, 41, 42, 44, 45, 46, 47, 
      50, 51, 52, 54, 59 ], 
  [ 3, 6, 9, 11, 12, 13, 19, 21, 22, 28, 32, 33, 38, 41, 42, 44, 45, 46, 47, 
      50, 51, 52, 54, 59 ], 
  [ 2, 4, 11, 12, 15, 17, 19, 20, 24, 25, 30, 31, 32, 33, 37, 39, 40, 42, 43, 
      46, 48, 54, 58, 59, 60 ], 
  [ 11, 13, 15, 16, 21, 22, 26, 27, 28, 31, 33, 34, 35, 38, 39, 40, 42, 44, 
      45, 46, 48, 50, 52, 56, 57, 59 ], 
  [ 6, 11, 12, 15, 18, 19, 21, 25, 26, 28, 30, 31, 32, 33, 37, 39, 40, 42, 
      43, 45, 46, 48, 50, 54, 56, 59 ], 
  [ 2, 4, 11, 14, 15, 19, 20, 23, 24, 25, 32, 33, 37, 40, 41, 42, 44, 45, 46, 
      47, 48, 49, 50, 52, 53, 54, 58 ], 
  [ 3, 6, 7, 13, 15, 16, 18, 25, 26, 28, 31, 32, 33, 34, 35, 36, 37, 39, 43, 
      48, 49, 50, 52, 55, 56, 57, 58, 59 ], 
  [ 3, 4, 6, 9, 11, 13, 15, 19, 20, 22, 23, 25, 28, 32, 33, 38, 41, 42, 44, 
      45, 46, 47, 50, 51, 52, 53, 54, 58 ], 
  [ 4, 6, 11, 12, 15, 18, 21, 22, 24, 25, 28, 29, 32, 34, 35, 37, 39, 40, 42, 
      43, 48, 49, 51, 52, 55, 56, 59, 60 ], 
  [ 5, 6, 10, 11, 12, 16, 17, 18, 19, 25, 26, 30, 31, 32, 33, 37, 39, 41, 43, 
      44, 45, 46, 47, 49, 50, 54, 55, 60 ], 
  [ 3, 5, 6, 8, 9, 12, 13, 16, 17, 19, 20, 21, 22, 28, 31, 32, 36, 38, 41, 
      42, 44, 46, 47, 50, 51, 52, 53, 54, 55, 59 ], 
  [ 3, 5, 6, 7, 10, 12, 13, 16, 17, 18, 19, 25, 26, 30, 31, 32, 33, 36, 37, 
      39, 41, 43, 47, 49, 50, 54, 55, 58, 59, 60 ], 
  [ 3, 4, 6, 7, 11, 13, 15, 18, 22, 24, 25, 28, 29, 32, 33, 34, 35, 36, 37, 
      39, 43, 48, 49, 51, 52, 55, 56, 57, 58, 59, 60 ], 
  [ 1, 2, 3, 6, 7, 8, 9, 13, 17, 18, 19, 20, 21, 22, 27, 28, 29, 30, 31, 32, 
      34, 35, 36, 37, 38, 46, 51, 52, 54, 55, 56, 57, 59 ], 
  [ 1, 2, 3, 6, 7, 9, 10, 13, 14, 18, 19, 23, 24, 25, 26, 27, 30, 33, 34, 35, 
      37, 38, 40, 41, 45, 47, 48, 49, 50, 52, 54, 57, 58 ], 
  [ 2, 4, 6, 11, 12, 15, 17, 18, 19, 20, 21, 22, 24, 25, 28, 29, 30, 31, 32, 
      34, 37, 39, 40, 42, 43, 46, 48, 51, 54, 55, 56, 59, 60 ], 
  [ 2, 5, 6, 10, 11, 12, 14, 16, 17, 18, 19, 24, 25, 26, 30, 31, 33, 34, 37, 
      39, 40, 41, 43, 44, 45, 46, 47, 48, 49, 50, 54, 55, 60 ], 
  [ 2, 3, 4, 6, 9, 11, 13, 14, 15, 19, 20, 22, 23, 24, 25, 27, 28, 33, 34, 
      38, 40, 41, 42, 44, 45, 46, 47, 48, 50, 51, 52, 53, 54, 57, 58 ], 
  [ 2, 3, 5, 6, 8, 9, 12, 13, 14, 16, 17, 19, 20, 21, 22, 27, 28, 31, 34, 36, 
      38, 40, 41, 42, 44, 46, 47, 50, 51, 52, 53, 54, 55, 57, 59 ], 
  [ 6, 11, 12, 13, 15, 16, 18, 19, 21, 22, 25, 26, 28, 31, 32, 33, 34, 35, 
      37, 38, 39, 40, 42, 43, 44, 45, 46, 47, 48, 49, 50, 52, 55, 56, 59 ], 
  [ 2, 4, 11, 13, 14, 15, 16, 19, 20, 22, 23, 24, 25, 26, 27, 31, 32, 33, 34, 
      35, 37, 38, 39, 40, 42, 44, 45, 46, 47, 48, 49, 50, 52, 53, 57, 58 ], 
  [ 2, 3, 4, 6, 7, 11, 13, 15, 17, 18, 19, 20, 22, 24, 25, 28, 29, 30, 31, 
      32, 33, 34, 36, 37, 39, 43, 46, 48, 51, 54, 55, 56, 57, 58, 59, 60 ], 
  [ 2, 5, 8, 12, 13, 14, 15, 16, 17, 19, 20, 21, 22, 27, 28, 31, 32, 34, 35, 
      36, 37, 38, 40, 42, 43, 44, 46, 47, 48, 49, 52, 53, 55, 56, 57, 59 ], 
  [ 2, 3, 5, 6, 7, 10, 12, 13, 14, 16, 17, 18, 19, 24, 25, 26, 30, 31, 33, 
      34, 36, 37, 39, 40, 41, 43, 47, 48, 49, 50, 54, 55, 57, 58, 59, 60 ], 
  [ 2, 4, 5, 10, 11, 12, 14, 15, 16, 17, 19, 20, 23, 24, 25, 26, 30, 31, 32, 
      33, 37, 39, 40, 41, 42, 43, 44, 45, 46, 47, 48, 49, 50, 53, 54, 58, 60 ]
    , [ 2, 4, 5, 8, 11, 12, 14, 15, 16, 17, 20, 21, 22, 24, 27, 28, 29, 31, 
      32, 34, 35, 36, 37, 39, 40, 42, 43, 44, 46, 48, 49, 51, 52, 53, 55, 56, 
      57, 59, 60 ], 
  [ 1, 3, 4, 6, 7, 8, 9, 11, 13, 15, 16, 18, 20, 21, 22, 23, 25, 26, 27, 28, 
      29, 31, 32, 33, 34, 35, 36, 38, 39, 42, 44, 45, 46, 50, 51, 52, 53, 55, 
      56, 57, 58, 59 ], 
  [ 1, 2, 3, 4, 6, 7, 9, 11, 13, 15, 18, 19, 20, 21, 22, 23, 24, 25, 26, 27, 
      28, 29, 30, 31, 32, 33, 34, 35, 37, 38, 39, 40, 42, 45, 46, 48, 50, 51, 
      52, 54, 56, 57, 58, 59 ], 
  [ 2, 3, 4, 5, 6, 11, 12, 13, 14, 15, 16, 17, 19, 20, 22, 24, 25, 28, 31, 
      32, 33, 34, 36, 37, 39, 40, 41, 42, 43, 44, 46, 47, 48, 49, 50, 51, 52, 
      53, 54, 55, 57, 58, 59, 60 ], 
  [ 1, 3, 4, 6, 7, 9, 10, 11, 12, 13, 15, 18, 19, 21, 22, 23, 24, 25, 26, 28, 
      29, 30, 32, 33, 35, 37, 38, 39, 40, 41, 42, 43, 45, 47, 48, 49, 50, 51, 
      52, 54, 56, 58, 59, 60 ], 
  [ 1, 3, 5, 6, 7, 8, 9, 10, 11, 12, 13, 16, 17, 18, 19, 21, 22, 26, 28, 29, 
      30, 31, 32, 33, 35, 36, 37, 38, 39, 41, 43, 44, 45, 46, 47, 49, 50, 51, 
      52, 54, 55, 56, 59, 60 ], 
  [ 1, 3, 4, 5, 6, 7, 8, 9, 10, 11, 12, 13, 15, 16, 18, 21, 22, 23, 25, 26, 
      28, 29, 32, 33, 35, 36, 38, 39, 41, 42, 43, 44, 45, 47, 49, 50, 51, 52, 
      53, 55, 56, 58, 59, 60 ], 
  [ 1, 3, 4, 5, 6, 7, 8, 9, 10, 11, 12, 13, 15, 16, 17, 18, 19, 20, 21, 22, 
      23, 25, 26, 28, 29, 30, 31, 32, 33, 36, 38, 39, 41, 42, 43, 44, 45, 46, 
      47, 50, 51, 53, 54, 55, 56, 58, 59, 60 ], 
  [ 1, 3, 4, 5, 6, 7, 8, 9, 10, 11, 12, 13, 14, 15, 16, 18, 21, 22, 23, 24, 
      25, 26, 27, 28, 29, 33, 34, 35, 36, 38, 39, 40, 41, 42, 43, 44, 45, 47, 
      48, 49, 50, 51, 52, 53, 55, 56, 57, 58, 59, 60 ], 
  [ 1, 2, 4, 5, 7, 8, 10, 11, 12, 13, 14, 15, 16, 17, 18, 19, 20, 21, 22, 23, 
      24, 25, 26, 27, 29, 30, 31, 32, 33, 34, 35, 36, 37, 38, 39, 40, 42, 43, 
      44, 45, 46, 47, 48, 49, 53, 55, 56, 57, 58, 59, 60 ], 
  [ 1, 2, 3, 5, 6, 7, 8, 9, 10, 11, 12, 13, 14, 16, 17, 18, 19, 21, 22, 24, 
      26, 27, 28, 29, 30, 31, 33, 34, 35, 36, 37, 38, 39, 40, 41, 43, 44, 45, 
      46, 47, 48, 49, 50, 51, 52, 54, 55, 56, 57, 59, 60 ], 
  [ 1, 2, 3, 5, 6, 7, 8, 9, 10, 12, 13, 14, 15, 16, 17, 18, 19, 20, 21, 23, 
      25, 26, 27, 28, 30, 31, 32, 33, 34, 35, 36, 37, 38, 40, 41, 42, 43, 44, 
      45, 46, 47, 48, 49, 50, 52, 53, 54, 55, 56, 57, 58, 59 ], 
  [ 1, 2, 4, 5, 6, 8, 9, 10, 11, 12, 14, 15, 16, 17, 18, 19, 20, 21, 22, 23, 
      24, 25, 26, 27, 28, 29, 30, 31, 32, 34, 35, 37, 38, 39, 40, 41, 42, 43, 
      44, 45, 46, 47, 48, 49, 50, 51, 52, 53, 54, 55, 56, 60 ], 
  [ 1, 2, 3, 4, 5, 6, 7, 8, 9, 10, 11, 13, 14, 15, 16, 17, 18, 19, 20, 22, 
      23, 24, 25, 26, 27, 28, 29, 30, 31, 32, 33, 34, 35, 36, 37, 38, 39, 41, 
      43, 44, 45, 46, 47, 48, 49, 50, 51, 52, 53, 54, 55, 56, 57, 58, 60 ], 
  [ 1, 2, 3, 4, 5, 6, 7, 8, 9, 10, 12, 13, 14, 15, 16, 17, 18, 19, 20, 21, 
      22, 23, 24, 25, 26, 27, 28, 29, 30, 31, 32, 34, 35, 36, 37, 38, 39, 40, 
      41, 42, 43, 47, 48, 49, 50, 51, 52, 53, 54, 55, 56, 57, 58, 59, 60 ], 
  [ 1, 2, 3, 4, 5, 7, 8, 9, 10, 11, 12, 13, 14, 15, 16, 17, 19, 20, 21, 22, 
      23, 24, 26, 27, 28, 29, 30, 31, 32, 33, 35, 36, 37, 38, 39, 40, 41, 42, 
      43, 44, 45, 46, 47, 48, 49, 50, 51, 52, 53, 54, 56, 57, 58, 59, 60 ], 
  [ 1, 2, 3, 4, 5, 6, 7, 8, 9, 10, 11, 12, 14, 15, 16, 17, 18, 20, 21, 23, 
      24, 25, 26, 27, 28, 29, 30, 31, 32, 33, 34, 35, 36, 37, 39, 40, 41, 42, 
      43, 44, 45, 46, 48, 49, 50, 51, 52, 53, 54, 55, 56, 57, 58, 59, 60 ], 
  [ 1, 2, 3, 4, 5, 6, 7, 8, 9, 10, 11, 12, 13, 14, 15, 17, 18, 19, 20, 21, 
      22, 23, 24, 25, 27, 28, 29, 30, 32, 33, 34, 35, 36, 37, 38, 40, 41, 42, 
      43, 44, 45, 46, 47, 48, 49, 51, 52, 53, 54, 55, 56, 57, 58, 59, 60 ], 
  [ 1, 2, 3, 4, 5, 6, 7, 8, 9, 10, 11, 12, 13, 14, 16, 17, 18, 19, 20, 21, 
      22, 23, 24, 25, 26, 27, 29, 30, 31, 32, 33, 34, 35, 36, 37, 38, 39, 40, 
      41, 42, 44, 45, 46, 47, 49, 50, 51, 52, 53, 54, 55, 57, 58, 59, 60 ], 
  [ 1, 2, 3, 4, 5, 6, 7, 8, 9, 10, 11, 12, 13, 14, 15, 16, 17, 18, 19, 20, 
      21, 22, 23, 24, 25, 26, 27, 28, 29, 30, 31, 33, 34, 36, 38, 39, 40, 41, 
      42, 43, 44, 45, 46, 47, 48, 50, 51, 53, 54, 55, 56, 57, 58, 59, 60 ] ];
