return 
[ [ 5, 27, 29, 31, 38, 41, 42, 49, 55, 57, 58, 65, 70, 77, 94, 95, 96, 97, 
      99, 106 ], 
  [ 5, 24, 25, 31, 32, 33, 35, 44, 46, 51, 54, 57, 66, 69, 78, 81, 82, 90, 
      103, 108, 110, 111 ], 
  [ 14, 25, 30, 31, 33, 38, 52, 56, 61, 66, 68, 69, 70, 71, 72, 78, 82, 83, 
      98, 104, 110, 111, 112 ], 
  [ 14, 25, 30, 31, 32, 33, 35, 38, 42, 45, 54, 58, 68, 69, 78, 81, 82, 102, 
      104, 107, 108, 110, 112 ], 
  [ 14, 19, 25, 30, 33, 43, 45, 49, 52, 53, 56, 57, 70, 71, 72, 83, 87, 90, 
      94, 97, 98, 100, 104 ], 
  [ 14, 25, 30, 31, 33, 42, 46, 47, 48, 61, 64, 69, 70, 72, 75, 78, 81, 87, 
      100, 101, 102, 103, 108, 112 ], 
  [ 5, 24, 25, 28, 31, 32, 35, 42, 44, 45, 54, 57, 58, 69, 77, 78, 81, 82, 
      90, 92, 102, 106, 107, 108 ], 
  [ 14, 25, 30, 31, 42, 46, 48, 57, 61, 64, 66, 69, 70, 72, 75, 77, 87, 96, 
      97, 98, 100, 101, 102, 106, 108 ], 
  [ 2, 13, 18, 19, 20, 22, 34, 35, 50, 54, 56, 59, 62, 63, 68, 74, 76, 82, 
      84, 86, 88, 89, 104, 105, 107, 111 ], 
  [ 5, 25, 29, 30, 31, 32, 35, 38, 42, 46, 49, 54, 57, 66, 71, 72, 77, 80, 
      81, 94, 97, 102, 104, 105, 107, 110 ], 
  [ 5, 14, 25, 29, 31, 32, 35, 38, 40, 42, 46, 49, 57, 61, 64, 66, 77, 80, 
      82, 85, 96, 102, 104, 106, 107, 108 ], 
  [ 14, 17, 25, 30, 31, 33, 35, 38, 42, 44, 45, 54, 58, 65, 68, 69, 70, 78, 
      81, 82, 94, 95, 102, 104, 106, 107, 112 ], 
  [ 2, 14, 16, 20, 25, 26, 30, 31, 33, 35, 43, 45, 48, 51, 52, 56, 57, 58, 
      69, 70, 75, 78, 83, 90, 95, 100, 108, 110, 112 ], 
  [ 5, 14, 19, 22, 24, 25, 31, 32, 33, 35, 38, 42, 45, 49, 54, 55, 57, 58, 
      68, 78, 81, 82, 83, 89, 90, 104, 107, 108, 110 ], 
  [ 2, 14, 16, 20, 25, 26, 30, 33, 35, 39, 43, 44, 45, 48, 50, 52, 56, 57, 
      58, 69, 70, 75, 83, 87, 90, 94, 95, 98, 100, 106 ], 
  [ 5, 24, 26, 27, 28, 31, 36, 41, 44, 45, 55, 57, 58, 69, 70, 73, 75, 77, 
      78, 79, 82, 83, 86, 90, 92, 95, 96, 100, 106, 108 ], 
  [ 5, 17, 19, 20, 24, 27, 31, 33, 41, 44, 45, 49, 52, 53, 55, 57, 58, 60, 
      70, 78, 79, 81, 83, 86, 90, 94, 95, 97, 100, 110 ], 
  [ 7, 13, 15, 19, 28, 29, 35, 37, 38, 39, 41, 42, 44, 45, 49, 50, 55, 59, 
      77, 80, 81, 82, 85, 86, 93, 94, 95, 102, 104, 105, 106 ], 
  [ 5, 7, 13, 15, 19, 24, 28, 29, 31, 32, 35, 38, 41, 42, 45, 49, 55, 59, 68, 
      77, 78, 80, 81, 82, 85, 86, 89, 95, 102, 104, 105 ], 
  [ 2, 10, 16, 20, 26, 27, 36, 39, 41, 44, 50, 52, 53, 55, 57, 58, 70, 73, 
      75, 79, 83, 86, 87, 88, 90, 94, 95, 96, 97, 98, 100, 106 ], 
  [ 2, 5, 13, 14, 19, 20, 24, 26, 31, 32, 33, 35, 38, 41, 42, 45, 49, 51, 55, 
      56, 58, 68, 78, 81, 82, 83, 85, 86, 89, 95, 104, 105, 108, 110 ], 
  [ 2, 6, 13, 15, 20, 26, 28, 30, 35, 37, 38, 39, 41, 42, 44, 45, 48, 50, 55, 
      58, 62, 69, 77, 81, 82, 85, 86, 92, 94, 95, 100, 102, 105, 106 ], 
  [ 5, 8, 13, 24, 25, 26, 27, 28, 31, 32, 35, 41, 42, 44, 45, 55, 57, 58, 69, 
      70, 75, 77, 78, 79, 81, 82, 86, 90, 92, 95, 100, 102, 106, 108 ], 
  [ 5, 6, 15, 22, 24, 25, 28, 30, 31, 32, 35, 38, 42, 43, 45, 54, 55, 57, 58, 
      67, 68, 69, 77, 78, 81, 82, 89, 90, 92, 100, 102, 107, 108, 110, 112 ], 
  [ 2, 5, 16, 20, 24, 26, 27, 31, 36, 41, 44, 50, 51, 52, 53, 55, 57, 58, 66, 
      69, 70, 73, 75, 78, 79, 82, 83, 86, 88, 90, 95, 96, 97, 98, 100, 106, 
      108, 110, 111 ], 
  [ 2, 5, 6, 13, 15, 20, 24, 26, 28, 30, 31, 32, 35, 38, 41, 42, 45, 48, 51, 
      55, 58, 62, 67, 68, 69, 77, 78, 81, 82, 85, 86, 89, 92, 95, 100, 102, 
      105, 108, 110, 112 ], 
  [ 5, 7, 14, 19, 24, 25, 28, 29, 30, 31, 32, 33, 35, 38, 42, 44, 45, 46, 49, 
      54, 57, 58, 64, 66, 69, 71, 77, 78, 80, 81, 82, 90, 94, 102, 103, 104, 
      106, 107, 108, 110, 111 ], 
  [ 5, 8, 13, 17, 19, 20, 22, 24, 25, 27, 31, 32, 33, 35, 38, 41, 44, 45, 49, 
      52, 54, 55, 57, 58, 60, 68, 70, 74, 78, 79, 81, 82, 83, 84, 86, 89, 90, 
      94, 95, 104, 110 ], 
  [ 3, 7, 8, 10, 13, 15, 19, 22, 25, 27, 28, 29, 35, 37, 38, 39, 41, 44, 45, 
      49, 50, 55, 57, 59, 61, 70, 73, 74, 77, 79, 80, 82, 83, 85, 86, 87, 90, 
      93, 94, 95, 96, 98, 102, 104, 106 ], 
  [ 14, 17, 19, 20, 22, 25, 30, 31, 33, 35, 38, 42, 43, 44, 45, 49, 50, 52, 
      53, 54, 55, 56, 57, 58, 65, 66, 68, 69, 70, 71, 72, 78, 81, 82, 83, 90, 
      94, 95, 97, 98, 100, 104, 105, 106, 107, 110, 111, 112 ], 
  [ 2, 3, 6, 8, 10, 13, 15, 16, 20, 21, 22, 25, 26, 27, 28, 30, 35, 36, 37, 
      38, 39, 41, 43, 44, 45, 48, 50, 52, 55, 57, 58, 61, 62, 69, 70, 73, 74, 
      75, 77, 79, 82, 83, 85, 86, 87, 88, 90, 92, 94, 95, 96, 98, 100, 102, 
      106, 109 ], 
  [ 5, 6, 7, 8, 14, 16, 19, 21, 23, 24, 25, 27, 28, 29, 30, 31, 32, 33, 43, 
      45, 46, 47, 48, 49, 51, 52, 53, 56, 57, 61, 64, 66, 67, 69, 70, 71, 72, 
      73, 75, 77, 78, 79, 80, 83, 87, 90, 91, 96, 97, 98, 100, 101, 102, 103, 
      104, 108, 109, 110, 111, 112 ], 
  [ 1, 3, 5, 8, 9, 10, 12, 16, 17, 21, 22, 24, 25, 27, 31, 32, 33, 34, 36, 
      43, 44, 46, 47, 51, 52, 53, 54, 55, 57, 60, 61, 66, 67, 68, 69, 70, 72, 
      73, 74, 75, 78, 79, 81, 82, 83, 84, 87, 88, 89, 90, 96, 97, 98, 100, 
      103, 108, 109, 110, 111, 112 ], 
  [ 2, 5, 7, 8, 13, 16, 17, 18, 19, 20, 22, 23, 24, 25, 27, 29, 31, 32, 34, 
      35, 41, 43, 49, 50, 51, 52, 53, 54, 56, 57, 59, 60, 62, 63, 65, 66, 67, 
      68, 70, 71, 72, 74, 76, 78, 79, 80, 84, 86, 88, 89, 90, 91, 93, 95, 97, 
      98, 99, 104, 105, 107, 109, 110, 111, 112 ], 
  [ 3, 5, 6, 7, 10, 15, 17, 19, 20, 21, 22, 23, 24, 27, 28, 29, 30, 31, 36, 
      37, 38, 41, 43, 44, 45, 49, 50, 52, 53, 55, 57, 58, 59, 60, 62, 65, 66, 
      67, 68, 69, 70, 71, 73, 74, 76, 77, 78, 79, 82, 83, 86, 88, 89, 90, 92, 
      93, 94, 95, 96, 97, 98, 99, 100, 106, 109, 110, 111, 112 ], 
  [ 2, 5, 7, 8, 13, 14, 16, 19, 20, 24, 25, 26, 27, 28, 29, 30, 31, 32, 33, 
      35, 38, 39, 41, 42, 44, 45, 46, 48, 49, 50, 51, 52, 53, 55, 56, 57, 58, 
      61, 64, 66, 69, 70, 71, 72, 73, 75, 77, 78, 79, 80, 81, 82, 83, 85, 86, 
      87, 90, 91, 94, 95, 96, 97, 98, 100, 102, 103, 104, 105, 106, 108, 110, 
      111 ], 
  [ 5, 6, 7, 8, 13, 15, 17, 19, 20, 22, 23, 24, 25, 27, 28, 29, 30, 31, 32, 
      35, 37, 38, 41, 42, 43, 44, 45, 49, 50, 52, 53, 54, 55, 57, 58, 59, 60, 
      62, 63, 65, 66, 67, 68, 69, 70, 71, 72, 74, 76, 77, 78, 79, 80, 81, 82, 
      84, 86, 89, 90, 92, 93, 94, 95, 97, 98, 99, 100, 102, 104, 105, 106, 
      107, 109, 110, 111, 112 ], 
  [ 1, 2, 3, 5, 6, 8, 9, 10, 12, 13, 15, 16, 17, 20, 21, 22, 24, 25, 26, 27, 
      28, 30, 31, 32, 33, 34, 35, 36, 37, 38, 39, 41, 43, 44, 45, 46, 47, 48, 
      51, 52, 54, 55, 57, 58, 60, 61, 62, 67, 68, 69, 70, 73, 74, 75, 77, 78, 
      79, 81, 82, 83, 84, 85, 86, 87, 88, 89, 90, 92, 94, 95, 96, 100, 102, 
      103, 108, 109, 110, 112 ], 
  [ 2, 3, 4, 6, 7, 8, 10, 11, 13, 14, 15, 16, 18, 19, 20, 21, 22, 23, 25, 26, 
      27, 28, 29, 30, 35, 36, 37, 38, 39, 40, 41, 42, 43, 45, 48, 49, 50, 52, 
      53, 55, 56, 57, 58, 59, 61, 62, 63, 64, 65, 70, 71, 72, 73, 74, 75, 76, 
      77, 79, 80, 83, 85, 86, 87, 88, 90, 91, 92, 93, 94, 95, 96, 97, 98, 99, 
      100, 101, 102, 104, 105, 106, 107, 109 ], 
  [ 2, 3, 4, 5, 6, 7, 8, 13, 14, 15, 16, 18, 19, 20, 21, 22, 23, 24, 25, 26, 
      27, 28, 29, 30, 31, 32, 35, 36, 38, 40, 41, 42, 43, 45, 48, 49, 50, 51, 
      52, 53, 55, 56, 57, 58, 59, 61, 62, 63, 64, 65, 66, 67, 68, 69, 70, 71, 
      72, 73, 74, 75, 76, 77, 78, 79, 80, 82, 83, 85, 86, 88, 89, 90, 91, 92, 
      95, 96, 97, 98, 99, 100, 101, 102, 104, 105, 106, 107, 108, 109, 110, 
      111, 112 ], 
  [ 1, 2, 3, 5, 6, 7, 8, 10, 12, 13, 15, 16, 17, 19, 20, 21, 22, 23, 24, 25, 
      27, 28, 29, 30, 31, 32, 33, 34, 35, 37, 38, 39, 41, 43, 44, 45, 46, 47, 
      48, 49, 50, 51, 52, 53, 54, 55, 56, 57, 59, 60, 61, 62, 66, 67, 68, 69, 
      70, 71, 72, 73, 74, 77, 78, 79, 80, 81, 82, 83, 84, 85, 86, 87, 88, 89, 
      90, 91, 93, 94, 95, 96, 97, 98, 100, 102, 103, 104, 105, 109, 110, 111, 
      112 ], [ 1, 2, 3, 4, 5, 6, 7, 8, 9, 10, 11, 12, 13, 14, 15, 16, 17, 18, 
      19, 20, 21, 23, 24, 26, 27, 28, 29, 30, 31, 32, 33, 34, 36, 37, 38, 39, 
      40, 41, 42, 44, 45, 46, 47, 48, 49, 50, 51, 52, 53, 55, 56, 58, 59, 60, 
      61, 62, 63, 64, 65, 66, 67, 68, 69, 70, 71, 72, 73, 74, 75, 76, 77, 78, 
      79, 80, 81, 82, 83, 84, 85, 86, 87, 88, 89, 91, 92, 93, 94, 95, 96, 97, 
      98, 99, 100, 101, 102, 103, 104, 105, 106, 108, 109, 110, 111, 112 ], 
  [ 1, 2, 3, 4, 5, 6, 7, 8, 9, 10, 11, 12, 13, 14, 15, 16, 17, 18, 19, 21, 
      22, 23, 24, 25, 26, 27, 28, 29, 31, 32, 33, 34, 35, 36, 37, 39, 40, 41, 
      42, 43, 44, 45, 46, 47, 48, 49, 50, 51, 53, 54, 55, 56, 57, 59, 60, 61, 
      62, 63, 64, 65, 66, 67, 68, 69, 70, 72, 73, 74, 75, 76, 77, 78, 79, 80, 
      81, 82, 83, 84, 85, 86, 87, 88, 89, 90, 91, 92, 93, 95, 96, 97, 98, 99, 
      100, 101, 102, 103, 104, 105, 106, 107, 108, 109, 111, 112 ], 
  [ 1, 2, 3, 4, 5, 6, 7, 8, 9, 10, 11, 12, 13, 14, 15, 16, 17, 18, 19, 20, 
      21, 22, 23, 24, 25, 26, 27, 28, 29, 30, 31, 32, 33, 34, 35, 36, 37, 38, 
      39, 40, 41, 42, 43, 45, 46, 47, 48, 49, 51, 52, 53, 54, 55, 56, 57, 58, 
      59, 60, 61, 62, 63, 64, 65, 67, 68, 70, 71, 72, 73, 74, 75, 76, 77, 78, 
      79, 80, 81, 83, 84, 85, 86, 87, 88, 89, 90, 91, 92, 93, 94, 95, 96, 97, 
      99, 100, 101, 102, 103, 104, 105, 107, 108, 109, 110, 112 ] ];
