return [ [ 36, 37, 44, 47, 48, 55, 56, 57, 59, 83, 86, 93, 94, 95, 96 ], 
  [ 1, 24, 31, 32, 33, 34, 35, 44, 47, 48, 56, 58, 75, 76, 83 ], 
  [ 26, 27, 33, 35, 38, 39, 58, 60, 63, 65, 69, 74, 75, 84, 85, 87 ], 
  [ 3, 21, 27, 28, 31, 32, 35, 38, 39, 40, 41, 42, 65, 67, 71, 87 ], 
  [ 26, 27, 33, 35, 39, 42, 58, 60, 63, 65, 69, 74, 75, 83, 84, 85, 87 ], 
  [ 17, 26, 27, 32, 35, 38, 39, 40, 41, 42, 65, 67, 71, 84, 85, 87, 89 ], 
  [ 1, 24, 32, 33, 35, 42, 46, 56, 57, 58, 62, 74, 75, 76, 83, 84, 85 ], 
  [ 1, 24, 32, 33, 34, 35, 44, 47, 48, 50, 56, 57, 58, 74, 75, 76, 83 ], 
  [ 3, 16, 21, 27, 28, 31, 38, 39, 40, 41, 42, 60, 65, 71, 80, 87, 92 ], 
  [ 9, 10, 11, 29, 30, 31, 34, 38, 43, 45, 51, 54, 73, 81, 82, 88, 90 ], 
  [ 1, 24, 33, 43, 44, 47, 48, 50, 52, 57, 68, 74, 75, 79, 90, 91, 93, 94 ], 
  [ 1, 24, 36, 44, 47, 48, 50, 55, 56, 57, 59, 68, 83, 86, 93, 94, 95, 96 ], 
  [ 1, 24, 28, 31, 34, 35, 36, 44, 47, 48, 52, 57, 75, 76, 81, 83, 90, 95 ], 
  [ 4, 14, 18, 34, 36, 49, 51, 52, 53, 57, 59, 60, 63, 77, 78, 84, 92, 93 ], 
  [ 14, 33, 34, 44, 46, 47, 50, 51, 52, 53, 57, 59, 74, 75, 83, 84, 90, 91, 
      93 ], [ 24, 25, 44, 47, 48, 50, 51, 55, 56, 57, 58, 59, 68, 83, 86, 93, 
      94, 95, 96 ], 
  [ 24, 25, 42, 44, 47, 48, 50, 51, 57, 58, 68, 74, 75, 79, 82, 83, 86, 93, 
      94 ], [ 1, 24, 25, 28, 32, 44, 45, 47, 48, 50, 57, 68, 72, 76, 79, 81, 
      86, 91, 96 ], 
  [ 1, 24, 29, 31, 32, 33, 34, 44, 47, 48, 50, 56, 58, 68, 72, 74, 75, 76, 83 
     ], [ 1, 24, 32, 33, 35, 42, 47, 48, 56, 57, 58, 62, 74, 75, 76, 79, 83, 
      85, 94 ], 
  [ 1, 15, 24, 29, 33, 34, 46, 50, 51, 52, 57, 58, 60, 63, 74, 83, 84, 90, 93 
     ], [ 3, 21, 27, 28, 31, 32, 35, 38, 39, 40, 41, 42, 65, 71, 75, 79, 80, 
      85, 87 ], 
  [ 3, 21, 27, 28, 31, 32, 35, 38, 39, 40, 41, 42, 65, 67, 71, 83, 84, 86, 92 
     ], [ 3, 16, 21, 27, 28, 31, 35, 38, 39, 40, 41, 42, 60, 65, 71, 75, 80, 
      85, 87 ], 
  [ 4, 18, 20, 22, 38, 43, 45, 49, 51, 53, 54, 59, 64, 70, 82, 84, 86, 92, 93 
     ], [ 14, 15, 33, 34, 35, 46, 48, 56, 57, 58, 60, 62, 74, 75, 76, 83, 84, 
      85, 93, 94 ], 
  [ 24, 25, 33, 43, 44, 47, 48, 50, 51, 57, 58, 68, 74, 75, 79, 82, 90, 91, 
      93, 94 ], 
  [ 1, 16, 20, 21, 28, 29, 38, 39, 43, 49, 52, 64, 65, 68, 70, 80, 82, 87, 
      88, 92 ], 
  [ 1, 24, 32, 33, 35, 42, 44, 46, 48, 50, 56, 57, 58, 74, 75, 76, 83, 84, 
      86, 93 ], 
  [ 3, 13, 21, 27, 31, 32, 35, 38, 40, 41, 42, 56, 58, 65, 67, 71, 73, 83, 
      84, 86 ], 
  [ 3, 15, 23, 24, 25, 33, 43, 48, 50, 51, 57, 58, 66, 68, 74, 82, 90, 91, 
      93, 94 ], 
  [ 3, 9, 21, 27, 28, 31, 32, 38, 39, 40, 42, 43, 65, 68, 71, 72, 75, 79, 80, 
      87 ], [ 5, 11, 14, 26, 33, 34, 39, 42, 46, 52, 60, 63, 69, 74, 75, 83, 
      84, 87, 92, 93 ], 
  [ 5, 11, 14, 26, 30, 33, 34, 42, 46, 51, 58, 63, 69, 74, 75, 82, 83, 84, 
      87, 93 ], 
  [ 5, 11, 20, 26, 29, 30, 38, 39, 42, 65, 67, 69, 70, 74, 82, 84, 87, 88, 
      89, 92 ], 
  [ 5, 11, 20, 26, 29, 30, 31, 32, 42, 58, 65, 67, 68, 72, 73, 74, 75, 79, 
      82, 87 ], 
  [ 14, 15, 33, 34, 44, 46, 50, 51, 52, 56, 57, 58, 59, 60, 63, 74, 75, 83, 
      84, 90, 93 ], 
  [ 1, 15, 24, 33, 35, 42, 46, 48, 56, 57, 58, 60, 62, 74, 75, 76, 83, 84, 
      85, 93, 94 ], 
  [ 1, 15, 24, 31, 33, 34, 35, 36, 44, 47, 48, 52, 56, 57, 58, 60, 75, 76, 
      83, 90, 95 ], 
  [ 3, 16, 17, 21, 27, 28, 35, 38, 39, 40, 41, 42, 49, 60, 65, 71, 80, 84, 
      85, 87, 92 ], 
  [ 1, 3, 15, 24, 27, 33, 42, 46, 48, 56, 58, 60, 62, 68, 72, 74, 75, 76, 83, 
      93, 94 ], 
  [ 9, 29, 30, 31, 33, 34, 38, 43, 44, 46, 50, 51, 52, 58, 63, 74, 75, 83, 
      84, 90, 93 ], 
  [ 4, 11, 18, 20, 28, 34, 38, 43, 45, 49, 51, 52, 53, 54, 70, 78, 81, 82, 
      88, 90, 92 ], 
  [ 1, 15, 24, 33, 34, 35, 44, 46, 48, 50, 52, 56, 57, 58, 60, 74, 75, 76, 
      83, 84, 90, 93 ], 
  [ 1, 14, 15, 24, 33, 34, 35, 36, 47, 48, 56, 57, 58, 60, 62, 74, 75, 76, 
      83, 85, 94, 95 ], 
  [ 3, 16, 21, 27, 28, 31, 35, 38, 39, 40, 41, 42, 60, 63, 65, 67, 71, 83, 
      84, 87, 88, 92 ], 
  [ 4, 18, 20, 22, 23, 43, 45, 47, 49, 51, 53, 54, 55, 59, 64, 70, 79, 82, 
      86, 91, 92, 93 ], 
  [ 7, 10, 13, 15, 24, 31, 32, 33, 34, 35, 44, 47, 48, 56, 58, 73, 75, 76, 
      81, 83, 90, 95 ], 
  [ 4, 11, 18, 20, 28, 29, 34, 38, 39, 43, 45, 49, 51, 52, 53, 63, 64, 70, 
      82, 87, 88, 92 ], 
  [ 5, 11, 14, 26, 27, 33, 34, 35, 39, 42, 46, 60, 62, 63, 69, 74, 75, 76, 
      83, 84, 85, 87 ], 
  [ 4, 9, 11, 18, 20, 28, 29, 31, 34, 38, 39, 43, 45, 52, 63, 64, 67, 70, 87, 
      88, 89, 92 ], 
  [ 9, 10, 11, 29, 30, 31, 32, 33, 38, 39, 42, 43, 58, 65, 68, 72, 73, 74, 
      75, 79, 82, 87 ], 
  [ 3, 16, 17, 21, 27, 28, 35, 38, 39, 40, 41, 49, 60, 63, 64, 65, 67, 71, 
      84, 87, 88, 89, 92 ], 
  [ 4, 18, 20, 22, 23, 29, 43, 45, 47, 50, 51, 54, 55, 59, 64, 68, 70, 79, 
      82, 86, 91, 92, 93 ], 
  [ 1, 3, 9, 16, 21, 27, 28, 31, 38, 39, 40, 42, 43, 52, 60, 65, 68, 71, 72, 
      75, 80, 87, 92 ], 
  [ 8, 9, 18, 23, 25, 29, 30, 43, 45, 46, 50, 51, 54, 64, 68, 70, 72, 82, 86, 
      89, 91, 92, 93 ], 
  [ 2, 4, 11, 17, 18, 20, 28, 34, 35, 38, 41, 45, 49, 51, 53, 54, 70, 78, 81, 
      82, 84, 88, 92 ], 
  [ 9, 10, 11, 29, 30, 38, 39, 42, 46, 54, 65, 69, 70, 71, 72, 73, 74, 82, 
      84, 87, 88, 89, 92 ], 
  [ 9, 10, 11, 29, 30, 33, 38, 39, 42, 43, 46, 54, 58, 65, 68, 72, 73, 74, 
      82, 84, 87, 92, 93 ], 
  [ 1, 9, 10, 11, 24, 28, 29, 39, 43, 45, 50, 52, 54, 68, 70, 72, 74, 79, 81, 
      82, 90, 91, 92 ], 
  [ 7, 10, 13, 16, 21, 28, 31, 32, 35, 38, 39, 40, 41, 42, 54, 65, 67, 71, 
      73, 81, 83, 84, 86, 88, 92 ], 
  [ 5, 11, 14, 22, 33, 34, 43, 44, 45, 47, 48, 50, 51, 52, 53, 57, 59, 74, 
      75, 79, 82, 90, 91, 93, 94 ], 
  [ 5, 11, 14, 22, 28, 34, 35, 36, 37, 45, 48, 49, 52, 53, 57, 59, 60, 77, 
      78, 80, 84, 85, 92, 93, 94 ], 
  [ 7, 10, 13, 16, 20, 21, 28, 31, 32, 38, 39, 40, 41, 42, 54, 61, 65, 67, 
      71, 73, 79, 80, 81, 86, 88, 92 ], 
  [ 3, 12, 13, 21, 27, 28, 31, 32, 35, 40, 41, 42, 48, 55, 56, 58, 65, 67, 
      68, 71, 72, 73, 76, 81, 83, 86 ], 
  [ 1, 24, 25, 32, 33, 42, 44, 46, 47, 48, 50, 56, 57, 58, 62, 68, 72, 74, 
      75, 76, 79, 83, 86, 91, 93, 94, 96 ], 
  [ 1, 2, 9, 24, 25, 28, 31, 38, 42, 43, 44, 52, 54, 57, 61, 65, 68, 72, 73, 
      75, 79, 80, 81, 82, 86, 90, 92 ], 
  [ 9, 10, 11, 29, 30, 32, 33, 39, 42, 43, 45, 46, 50, 54, 64, 68, 70, 72, 
      74, 79, 82, 86, 87, 89, 91, 92, 93 ], 
  [ 3, 9, 10, 11, 21, 27, 28, 31, 32, 33, 35, 38, 39, 42, 43, 48, 58, 65, 68, 
      71, 72, 73, 75, 76, 79, 81, 87 ], 
  [ 4, 9, 10, 11, 18, 20, 28, 29, 31, 34, 38, 39, 43, 45, 47, 51, 52, 53, 54, 
      70, 79, 81, 82, 88, 90, 91, 92 ], 
  [ 1, 4, 6, 14, 16, 18, 19, 26, 29, 34, 36, 39, 40, 46, 50, 52, 59, 60, 63, 
      67, 69, 74, 77, 83, 84, 88, 89, 92 ], 
  [ 1, 7, 10, 13, 15, 16, 24, 28, 31, 32, 33, 34, 35, 36, 39, 40, 44, 47, 48, 
      52, 56, 60, 75, 76, 81, 83, 90, 95 ], 
  [ 5, 11, 14, 22, 34, 42, 44, 45, 46, 47, 50, 51, 52, 53, 54, 57, 59, 74, 
      75, 79, 82, 83, 84, 86, 90, 91, 92, 93 ], 
  [ 5, 11, 14, 18, 19, 22, 34, 45, 49, 50, 51, 52, 53, 57, 59, 60, 63, 64, 
      69, 70, 74, 77, 78, 82, 84, 87, 92, 93 ], 
  [ 5, 11, 14, 18, 19, 22, 34, 45, 46, 50, 51, 52, 53, 54, 57, 59, 66, 69, 
      70, 74, 77, 78, 82, 84, 90, 91, 92, 93 ], 
  [ 3, 5, 11, 14, 15, 26, 27, 33, 34, 35, 42, 46, 48, 56, 58, 60, 62, 63, 69, 
      74, 75, 76, 83, 84, 85, 87, 93, 94 ], 
  [ 2, 3, 6, 13, 17, 21, 26, 27, 30, 32, 35, 37, 38, 40, 41, 42, 49, 56, 58, 
      64, 65, 67, 71, 73, 84, 85, 86, 87, 89 ], 
  [ 4, 5, 11, 14, 18, 19, 20, 22, 34, 38, 43, 45, 49, 51, 52, 53, 54, 59, 63, 
      64, 69, 70, 78, 82, 84, 87, 88, 90, 92, 93 ], 
  [ 1, 2, 6, 13, 24, 25, 26, 30, 32, 35, 37, 40, 42, 44, 46, 50, 56, 57, 58, 
      62, 65, 72, 73, 74, 75, 76, 83, 84, 85, 86, 96 ], 
  [ 1, 7, 10, 13, 15, 16, 24, 26, 27, 32, 33, 35, 39, 40, 42, 46, 56, 58, 60, 
      62, 65, 69, 71, 72, 73, 74, 75, 76, 83, 84, 85 ], 
  [ 5, 8, 9, 11, 14, 17, 18, 26, 27, 33, 34, 35, 38, 39, 46, 52, 53, 60, 62, 
      63, 69, 70, 74, 75, 76, 77, 84, 85, 87, 89, 91 ], 
  [ 5, 7, 10, 11, 13, 16, 20, 21, 26, 28, 31, 32, 35, 38, 39, 40, 41, 42, 61, 
      65, 67, 69, 71, 73, 75, 79, 80, 81, 85, 87, 88 ], 
  [ 3, 7, 10, 13, 15, 16, 21, 26, 27, 31, 32, 33, 35, 38, 39, 40, 41, 42, 56, 
      58, 60, 63, 65, 67, 69, 71, 73, 75, 83, 84, 85, 87, 88 ], 
  [ 2, 6, 8, 9, 12, 13, 17, 25, 26, 27, 30, 31, 32, 35, 37, 38, 40, 41, 42, 
      44, 46, 56, 58, 62, 65, 67, 71, 72, 73, 75, 76, 83, 84, 85, 86, 89, 96 ]
    , [ 2, 6, 8, 9, 17, 18, 19, 22, 23, 25, 30, 37, 38, 43, 44, 45, 46, 49, 
      50, 51, 52, 53, 54, 57, 59, 64, 66, 70, 77, 78, 82, 84, 86, 89, 90, 91, 
      92, 93, 96 ], 
  [ 2, 3, 6, 7, 10, 13, 15, 16, 17, 19, 21, 26, 27, 30, 32, 33, 35, 37, 38, 
      39, 40, 41, 49, 53, 56, 58, 60, 63, 64, 65, 67, 69, 71, 73, 78, 84, 85, 
      87, 88, 89 ], 
  [ 2, 3, 6, 7, 10, 13, 15, 19, 21, 22, 23, 24, 25, 30, 32, 33, 37, 43, 44, 
      45, 47, 48, 49, 50, 51, 53, 54, 55, 56, 57, 58, 59, 61, 64, 66, 68, 73, 
      78, 79, 81, 82, 86, 90, 91, 93, 94, 95, 96 ], 
  [ 2, 5, 6, 7, 10, 11, 13, 16, 17, 19, 20, 21, 22, 26, 28, 30, 32, 35, 37, 
      38, 39, 40, 41, 42, 45, 49, 53, 54, 61, 64, 65, 67, 69, 70, 71, 73, 78, 
      79, 80, 81, 82, 84, 85, 86, 87, 88, 89, 92 ], 
  [ 1, 2, 9, 10, 11, 24, 25, 28, 29, 30, 31, 32, 33, 34, 35, 38, 39, 42, 43, 
      44, 45, 46, 47, 48, 50, 51, 52, 53, 54, 57, 58, 65, 68, 72, 73, 74, 75, 
      76, 79, 81, 82, 83, 84, 86, 90, 91, 92, 93 ], 
  [ 1, 2, 4, 5, 6, 11, 14, 16, 17, 18, 19, 20, 22, 26, 28, 29, 30, 34, 35, 
      36, 37, 38, 39, 40, 41, 45, 49, 50, 51, 52, 53, 57, 59, 60, 63, 64, 65, 
      67, 69, 70, 74, 77, 78, 80, 82, 84, 85, 87, 88, 89, 92 ], 
  [ 4, 5, 6, 9, 10, 11, 14, 18, 19, 20, 22, 26, 29, 30, 31, 32, 33, 34, 38, 
      39, 42, 43, 44, 45, 46, 47, 50, 51, 52, 53, 54, 59, 63, 64, 67, 69, 70, 
      74, 75, 79, 82, 83, 84, 86, 87, 88, 89, 90, 91, 92, 93 ], 
  [ 1, 3, 6, 7, 10, 13, 15, 16, 19, 21, 22, 23, 24, 28, 32, 33, 36, 37, 39, 
      40, 43, 44, 45, 47, 48, 49, 50, 52, 53, 54, 55, 56, 57, 59, 60, 61, 64, 
      66, 68, 77, 78, 79, 80, 81, 86, 90, 91, 92, 93, 94, 95, 96 ], 
  [ 1, 5, 6, 7, 9, 10, 11, 13, 16, 19, 20, 21, 22, 24, 26, 28, 29, 30, 31, 
      32, 38, 39, 40, 42, 43, 44, 45, 50, 52, 54, 61, 64, 65, 67, 68, 69, 70, 
      71, 72, 73, 74, 75, 79, 80, 81, 82, 86, 87, 88, 89, 90, 92 ], 
  [ 2, 5, 6, 7, 10, 11, 13, 14, 15, 19, 22, 24, 25, 26, 30, 32, 33, 34, 35, 
      37, 42, 44, 45, 46, 47, 48, 50, 51, 53, 54, 56, 57, 58, 59, 61, 62, 66, 
      69, 73, 74, 75, 76, 78, 79, 81, 82, 83, 84, 85, 86, 90, 91, 93, 94, 95, 
      96 ], [ 1, 2, 4, 5, 6, 11, 12, 13, 14, 20, 22, 24, 25, 26, 28, 29, 30, 
      31, 32, 34, 35, 36, 37, 40, 41, 42, 44, 45, 47, 48, 50, 51, 55, 56, 57, 
      58, 59, 61, 62, 65, 67, 68, 72, 73, 74, 75, 76, 79, 80, 81, 82, 83, 85, 
      86, 94, 95, 96 ], 
  [ 2, 3, 5, 6, 8, 9, 11, 12, 13, 17, 20, 21, 22, 23, 25, 26, 27, 28, 30, 31, 
      32, 35, 37, 38, 40, 41, 42, 43, 44, 45, 48, 49, 55, 56, 58, 61, 62, 64, 
      65, 67, 68, 70, 71, 72, 73, 75, 76, 79, 80, 81, 82, 85, 86, 87, 89, 94, 
      96 ], [ 2, 3, 5, 6, 8, 9, 11, 14, 15, 17, 18, 19, 22, 23, 25, 26, 27, 
      30, 33, 34, 35, 37, 38, 43, 44, 45, 46, 48, 49, 50, 51, 52, 53, 56, 57, 
      58, 59, 60, 62, 63, 64, 66, 69, 70, 74, 75, 76, 77, 78, 82, 84, 85, 87, 
      89, 90, 91, 93, 94, 96 ], 
  [ 1, 5, 6, 7, 10, 11, 13, 14, 15, 16, 19, 22, 24, 26, 28, 32, 33, 34, 35, 
      36, 37, 39, 40, 42, 44, 45, 46, 47, 48, 50, 52, 53, 54, 56, 57, 59, 60, 
      61, 62, 66, 69, 74, 75, 76, 77, 78, 79, 80, 81, 83, 84, 85, 86, 90, 91, 
      92, 93, 94, 95, 96 ], 
  [ 1, 3, 6, 7, 9, 10, 11, 13, 15, 16, 19, 21, 24, 26, 27, 28, 29, 30, 31, 
      32, 33, 34, 35, 38, 39, 40, 42, 43, 44, 45, 46, 48, 50, 52, 54, 56, 58, 
      60, 63, 64, 65, 67, 68, 69, 71, 72, 73, 74, 75, 76, 81, 83, 84, 86, 87, 
      88, 89, 90, 92, 93 ], 
  [ 1, 2, 3, 7, 8, 9, 10, 11, 15, 16, 17, 18, 19, 21, 23, 24, 25, 27, 28, 29, 
      30, 33, 34, 35, 38, 39, 43, 45, 46, 48, 49, 50, 51, 52, 53, 54, 57, 58, 
      60, 63, 64, 65, 66, 68, 69, 70, 71, 72, 73, 74, 76, 77, 78, 81, 82, 84, 
      87, 88, 89, 90, 91, 92, 93 ], 
  [ 1, 2, 4, 6, 7, 8, 9, 10, 12, 13, 14, 15, 16, 17, 18, 19, 24, 25, 26, 27, 
      29, 30, 31, 32, 33, 34, 35, 36, 37, 38, 39, 40, 41, 44, 46, 47, 50, 51, 
      52, 53, 56, 57, 58, 59, 60, 62, 63, 65, 66, 67, 69, 71, 72, 73, 74, 75, 
      76, 77, 78, 83, 84, 85, 88, 89, 90, 91, 95, 96 ], 
  [ 1, 2, 3, 7, 8, 9, 10, 12, 13, 15, 16, 17, 21, 23, 24, 25, 27, 28, 31, 32, 
      33, 35, 36, 37, 38, 39, 40, 41, 42, 43, 44, 46, 47, 48, 49, 52, 53, 54, 
      55, 56, 57, 58, 60, 61, 62, 65, 66, 68, 71, 72, 73, 75, 76, 77, 78, 79, 
      80, 81, 83, 84, 85, 86, 90, 91, 92, 93, 94, 95, 96 ], 
  [ 3, 4, 5, 6, 7, 8, 9, 10, 11, 12, 13, 14, 15, 18, 19, 20, 21, 22, 23, 24, 
      25, 26, 27, 29, 30, 31, 32, 33, 34, 42, 43, 44, 45, 46, 47, 48, 50, 51, 
      54, 55, 56, 58, 59, 61, 62, 63, 64, 66, 67, 68, 69, 70, 71, 72, 73, 74, 
      75, 76, 79, 81, 82, 83, 86, 87, 88, 89, 90, 91, 93, 94, 95, 96 ], 
  [ 1, 2, 3, 4, 5, 6, 7, 10, 11, 13, 14, 15, 16, 19, 20, 21, 22, 24, 26, 28, 
      29, 30, 31, 32, 33, 34, 35, 36, 37, 38, 39, 40, 41, 42, 43, 44, 45, 47, 
      48, 49, 50, 51, 52, 53, 54, 55, 56, 57, 58, 59, 60, 61, 63, 64, 65, 67, 
      68, 69, 73, 74, 75, 78, 79, 80, 81, 82, 83, 84, 85, 86, 87, 88, 90, 92, 
      93, 94, 95 ], 
  [ 1, 2, 3, 5, 6, 7, 8, 9, 10, 11, 13, 15, 16, 17, 19, 21, 22, 23, 24, 25, 
      26, 27, 28, 30, 32, 33, 35, 37, 38, 39, 40, 42, 43, 44, 45, 46, 48, 49, 
      50, 52, 53, 54, 56, 57, 58, 60, 61, 62, 64, 65, 66, 68, 69, 70, 71, 72, 
      73, 74, 75, 76, 77, 78, 79, 80, 81, 82, 84, 85, 86, 87, 89, 90, 91, 92, 
      93, 94, 96 ], 
  [ 1, 2, 3, 4, 6, 7, 8, 9, 10, 12, 13, 15, 16, 17, 18, 19, 21, 23, 24, 25, 
      27, 28, 29, 30, 31, 32, 33, 34, 35, 36, 37, 38, 39, 40, 41, 43, 44, 45, 
      46, 47, 48, 49, 50, 51, 52, 53, 54, 55, 56, 57, 58, 59, 60, 63, 64, 65, 
      66, 67, 68, 71, 72, 73, 76, 77, 78, 81, 83, 84, 86, 88, 89, 90, 91, 92, 
      93, 95, 96 ], 
  [ 1, 2, 4, 5, 6, 7, 8, 9, 10, 11, 12, 13, 14, 16, 17, 18, 19, 20, 22, 24, 
      25, 26, 28, 29, 30, 31, 32, 34, 35, 36, 37, 38, 39, 40, 41, 42, 44, 45, 
      46, 47, 50, 51, 52, 53, 54, 57, 59, 61, 62, 65, 66, 67, 69, 70, 71, 72, 
      73, 74, 75, 76, 77, 78, 79, 80, 81, 82, 83, 84, 85, 86, 88, 89, 90, 91, 
      92, 95, 96 ], 
  [ 1, 3, 4, 5, 6, 7, 8, 9, 10, 11, 12, 13, 14, 15, 16, 18, 19, 20, 21, 22, 
      23, 24, 26, 27, 28, 29, 31, 32, 33, 34, 36, 39, 40, 42, 43, 44, 45, 46, 
      47, 48, 50, 52, 54, 55, 56, 59, 60, 61, 62, 63, 64, 66, 67, 68, 69, 70, 
      71, 72, 74, 75, 76, 77, 79, 80, 81, 83, 86, 87, 88, 89, 90, 91, 92, 93, 
      94, 95, 96 ], 
  [ 3, 4, 5, 6, 7, 8, 9, 10, 11, 12, 13, 14, 15, 16, 17, 18, 19, 20, 21, 22, 
      23, 26, 27, 28, 31, 32, 33, 34, 35, 36, 37, 38, 39, 40, 41, 42, 43, 44, 
      45, 46, 47, 48, 49, 52, 53, 54, 55, 56, 59, 60, 61, 62, 63, 64, 66, 67, 
      69, 70, 71, 75, 76, 77, 78, 79, 80, 81, 83, 84, 85, 86, 87, 88, 89, 90, 
      91, 92, 93, 94, 95, 96 ], 
  [ 1, 2, 3, 4, 5, 6, 7, 8, 9, 10, 12, 13, 14, 15, 16, 17, 18, 19, 20, 21, 
      22, 23, 24, 25, 26, 27, 29, 30, 31, 32, 33, 36, 37, 38, 39, 40, 41, 42, 
      43, 44, 46, 47, 49, 50, 51, 52, 53, 54, 55, 56, 57, 58, 59, 60, 61, 62, 
      63, 64, 65, 66, 67, 68, 69, 70, 71, 72, 73, 74, 75, 77, 78, 79, 80, 82, 
      83, 84, 85, 86, 87, 88, 89, 90, 91, 92, 93, 94, 95, 96 ], 
  [ 1, 2, 3, 4, 5, 6, 7, 8, 9, 11, 12, 13, 14, 15, 16, 17, 18, 19, 20, 21, 
      22, 23, 24, 25, 26, 27, 28, 29, 30, 31, 34, 35, 36, 37, 38, 40, 41, 42, 
      43, 44, 45, 46, 48, 49, 50, 51, 52, 54, 55, 56, 57, 58, 59, 60, 61, 62, 
      63, 64, 65, 66, 67, 68, 69, 70, 71, 72, 73, 74, 75, 76, 77, 78, 80, 81, 
      82, 83, 84, 85, 86, 87, 88, 89, 90, 92, 93, 94, 95, 96 ], 
  [ 1, 2, 3, 4, 5, 6, 7, 8, 9, 10, 11, 12, 13, 14, 15, 16, 17, 18, 19, 20, 
      21, 22, 23, 24, 25, 26, 27, 28, 29, 30, 31, 32, 33, 34, 35, 36, 37, 38, 
      39, 40, 41, 43, 44, 45, 47, 48, 49, 50, 51, 52, 53, 55, 56, 57, 58, 59, 
      60, 61, 62, 63, 64, 65, 66, 67, 68, 69, 70, 71, 72, 73, 74, 75, 76, 77, 
      78, 79, 80, 81, 82, 85, 87, 88, 89, 90, 91, 94, 95, 96 ] ];
