return 
[ [ 6, 13, 14, 19, 21, 27, 31, 32, 38, 39, 41, 44, 45, 46, 49, 50, 54, 63 ], 
  [ 6, 18, 21, 22, 27, 29, 37, 41, 42, 44, 46, 47, 51, 54, 55, 57, 58, 61, 
      62, 63 ], 
  [ 6, 13, 14, 19, 21, 27, 31, 32, 38, 39, 41, 43, 44, 45, 46, 47, 48, 49, 
      50, 54, 55, 56 ], 
  [ 6, 10, 13, 14, 20, 22, 29, 30, 32, 35, 38, 39, 40, 44, 45, 48, 49, 51, 
      57, 59, 63, 64, 65 ], 
  [ 6, 10, 18, 19, 21, 22, 27, 29, 32, 36, 41, 42, 44, 46, 47, 49, 51, 54, 
      55, 57, 58, 61, 63 ], 
  [ 6, 13, 14, 20, 21, 22, 23, 27, 28, 29, 35, 39, 40, 42, 44, 51, 52, 53, 
      55, 58, 59, 62, 63, 65 ], 
  [ 4, 8, 10, 13, 18, 19, 22, 23, 26, 27, 29, 36, 39, 41, 42, 44, 46, 49, 51, 
      52, 57, 58, 59, 61, 63 ], 
  [ 3, 6, 14, 16, 18, 19, 22, 27, 29, 32, 35, 37, 41, 44, 45, 46, 47, 51, 54, 
      55, 57, 58, 61, 62, 63, 64 ], 
  [ 2, 6, 10, 13, 14, 15, 21, 22, 23, 27, 29, 31, 36, 37, 38, 41, 44, 45, 46, 
      49, 50, 54, 57, 58, 59, 62, 63 ], 
  [ 6, 13, 14, 18, 21, 22, 23, 27, 29, 35, 37, 40, 41, 42, 44, 45, 46, 47, 
      51, 54, 55, 56, 57, 58, 59, 62, 63, 64 ], 
  [ 3, 6, 13, 14, 17, 19, 20, 21, 22, 23, 27, 28, 32, 35, 39, 40, 41, 42, 43, 
      48, 51, 52, 53, 55, 56, 59, 62, 63, 65 ], 
  [ 2, 6, 10, 13, 14, 15, 21, 22, 23, 27, 29, 31, 36, 37, 38, 41, 44, 45, 46, 
      47, 49, 50, 54, 55, 56, 57, 58, 59, 62 ], 
  [ 4, 8, 10, 13, 18, 19, 22, 23, 25, 26, 27, 29, 36, 39, 41, 42, 43, 44, 46, 
      47, 49, 51, 52, 55, 56, 57, 58, 59, 61 ], 
  [ 2, 4, 6, 8, 10, 13, 15, 18, 21, 22, 23, 26, 27, 29, 31, 36, 37, 41, 42, 
      44, 46, 49, 51, 54, 57, 58, 59, 61, 62, 63 ], 
  [ 2, 3, 6, 10, 14, 15, 16, 19, 21, 22, 24, 27, 29, 31, 32, 36, 37, 38, 41, 
      44, 45, 46, 47, 49, 50, 54, 55, 57, 58, 60, 61, 62, 63 ], 
  [ 2, 4, 6, 8, 10, 13, 15, 18, 21, 22, 23, 25, 26, 27, 29, 31, 36, 37, 41, 
      42, 44, 46, 47, 49, 51, 54, 55, 56, 57, 58, 59, 61, 62 ], 
  [ 2, 3, 5, 6, 7, 10, 14, 15, 16, 17, 19, 21, 22, 24, 25, 27, 31, 32, 34, 
      36, 37, 38, 41, 43, 45, 46, 47, 48, 49, 50, 54, 55, 56, 57, 60, 61, 62 ]
    , [ 3, 5, 6, 9, 13, 14, 16, 17, 19, 20, 22, 23, 27, 28, 29, 30, 32, 35, 
      37, 39, 40, 41, 43, 44, 45, 47, 48, 51, 52, 55, 56, 57, 58, 59, 62, 63, 
      64, 65 ], 
  [ 6, 10, 13, 14, 18, 19, 20, 21, 22, 23, 27, 29, 32, 33, 35, 36, 38, 39, 
      40, 41, 42, 43, 44, 45, 46, 47, 48, 49, 50, 51, 52, 53, 54, 55, 56, 57, 
      58, 59, 63, 64 ], 
  [ 3, 4, 5, 8, 9, 13, 14, 16, 17, 18, 19, 22, 23, 25, 26, 27, 28, 29, 30, 
      35, 37, 39, 40, 41, 42, 43, 44, 45, 46, 47, 51, 52, 55, 56, 57, 58, 59, 
      61, 62, 63, 64, 65 ], 
  [ 1, 2, 4, 6, 7, 8, 10, 11, 12, 13, 15, 18, 19, 20, 21, 23, 24, 25, 26, 27, 
      29, 31, 32, 33, 34, 36, 38, 39, 41, 42, 43, 44, 46, 47, 48, 49, 50, 51, 
      52, 53, 54, 55, 56, 58, 59, 60, 61 ], 
  [ 2, 3, 4, 5, 6, 10, 13, 14, 16, 17, 18, 19, 21, 22, 25, 26, 27, 29, 30, 
      31, 32, 34, 35, 37, 38, 39, 40, 41, 42, 43, 44, 45, 46, 47, 48, 49, 51, 
      54, 55, 56, 57, 59, 60, 61, 62, 63, 64, 65 ], 
  [ 1, 2, 3, 4, 6, 8, 10, 11, 12, 13, 14, 15, 18, 19, 20, 21, 22, 23, 24, 26, 
      27, 28, 29, 31, 32, 33, 35, 36, 38, 39, 41, 42, 44, 46, 49, 50, 51, 52, 
      53, 54, 55, 58, 59, 60, 61, 62, 63, 65 ], 
  [ 1, 2, 3, 4, 6, 7, 8, 10, 11, 12, 13, 14, 15, 17, 18, 19, 20, 21, 22, 23, 
      24, 25, 26, 27, 28, 31, 32, 33, 34, 35, 36, 38, 39, 41, 42, 43, 46, 48, 
      49, 50, 51, 52, 53, 54, 55, 56, 59, 60, 61, 62, 65 ], 
  [ 1, 2, 3, 5, 6, 7, 8, 9, 10, 11, 14, 15, 16, 17, 18, 19, 20, 21, 22, 23, 
      24, 25, 26, 27, 28, 29, 32, 33, 34, 35, 36, 37, 38, 40, 41, 42, 43, 45, 
      46, 47, 48, 50, 51, 52, 53, 54, 55, 56, 57, 58, 59, 60, 61, 62, 63, 64 ]
    , [ 1, 3, 4, 5, 6, 7, 8, 9, 12, 13, 14, 15, 16, 17, 18, 19, 20, 21, 22, 
      23, 24, 25, 27, 28, 30, 31, 32, 33, 35, 36, 37, 39, 40, 41, 42, 43, 44, 
      45, 46, 47, 48, 49, 50, 51, 52, 53, 54, 55, 56, 57, 58, 61, 62, 63, 64, 
      65 ], [ 1, 2, 4, 5, 6, 7, 8, 9, 10, 11, 12, 13, 14, 15, 17, 18, 20, 21, 
      22, 23, 25, 26, 27, 28, 29, 30, 31, 33, 34, 35, 36, 37, 38, 39, 40, 42, 
      43, 44, 45, 46, 47, 48, 49, 50, 51, 52, 53, 54, 55, 56, 57, 58, 59, 62, 
      64, 65 ], 
  [ 1, 2, 3, 4, 5, 6, 7, 8, 9, 11, 12, 13, 14, 15, 16, 17, 18, 19, 20, 21, 
      23, 24, 25, 26, 27, 28, 29, 30, 31, 32, 33, 34, 35, 37, 38, 39, 40, 41, 
      42, 43, 44, 45, 46, 47, 48, 50, 51, 52, 53, 54, 55, 56, 58, 59, 60, 61, 
      62, 63, 64, 65 ], 
  [ 1, 2, 3, 4, 5, 6, 7, 8, 9, 10, 11, 12, 14, 15, 16, 17, 18, 19, 20, 21, 
      22, 24, 25, 26, 27, 28, 29, 30, 31, 32, 33, 34, 35, 36, 37, 38, 39, 40, 
      42, 43, 44, 45, 46, 47, 48, 49, 50, 51, 52, 53, 54, 55, 57, 58, 60, 61, 
      62, 63, 64, 65 ], 
  [ 1, 2, 3, 4, 5, 6, 7, 8, 9, 10, 11, 12, 13, 14, 15, 16, 17, 18, 19, 20, 
      22, 23, 24, 25, 26, 27, 28, 29, 30, 31, 32, 33, 34, 35, 36, 37, 38, 39, 
      41, 43, 44, 45, 46, 47, 48, 49, 50, 51, 52, 54, 55, 56, 57, 58, 59, 60, 
      61, 62, 64, 65 ], 
  [ 1, 2, 3, 4, 5, 6, 7, 8, 9, 10, 11, 12, 13, 14, 15, 16, 17, 18, 20, 21, 
      22, 23, 24, 25, 26, 28, 29, 30, 31, 32, 33, 34, 35, 36, 37, 38, 40, 41, 
      42, 44, 45, 46, 47, 48, 49, 50, 51, 53, 54, 55, 56, 57, 58, 59, 60, 61, 
      62, 63, 64, 65 ] ];
