return 
[ [ 1, 2, 3, 4, 6, 7, 8, 10, 11, 12, 13, 14, 15, 16, 17, 18, 19, 20, 21, 22, 
      23, 24, 25, 26, 27, 28, 29, 30, 31, 32, 33, 34, 35, 36, 37, 39, 40, 41, 
      42, 43, 44, 45, 46, 47, 49, 50, 51, 52, 53, 54, 55, 56, 57, 58, 59, 60, 
      61, 62, 63, 64, 65, 66, 67, 68, 69, 70, 71, 72, 73, 74, 75, 76 ], 
  [ 3, 4, 5, 6, 7, 8, 9, 10, 15, 16, 17, 18, 19, 20, 21, 22, 24, 25, 26, 28, 
      29, 30, 31, 32, 33, 34, 35, 36, 38, 39, 41, 42, 43, 44, 45, 46, 48, 49, 
      51, 53, 55, 56, 58, 59, 61, 62, 63, 64, 65, 66, 67, 68, 69, 70, 71, 72, 
      73, 74, 75, 76 ], 
  [ 1, 2, 3, 4, 5, 6, 7, 8, 9, 10, 11, 12, 13, 14, 15, 16, 17, 18, 19, 20, 
      21, 22, 23, 24, 25, 26, 27, 28, 29, 30, 31, 32, 33, 34, 36, 37, 38, 39, 
      40, 41, 42, 44, 45, 46, 47, 48, 49, 50, 51, 52, 53, 54, 55, 56, 57, 58, 
      59, 60, 61, 62, 63, 64, 65, 66, 67, 68, 69, 71, 72, 73, 74, 75 ], 
  [ 1, 2, 3, 4, 5, 6, 7, 8, 9, 10, 11, 12, 13, 14, 15, 17, 18, 19, 21, 22, 
      23, 24, 25, 26, 27, 28, 29, 30, 31, 32, 33, 34, 35, 36, 37, 38, 39, 40, 
      41, 42, 43, 44, 45, 46, 47, 48, 49, 50, 51, 52, 54, 55, 56, 57, 58, 59, 
      60, 61, 63, 64, 65, 66, 67, 68, 69, 70, 71, 72, 73, 74, 75, 76 ], 
  [ 4, 5, 6, 20, 21, 22, 26, 34, 42, 45, 46, 47, 48, 49, 50, 52, 54, 66, 69, 
      72, 76 ], 
  [ 9, 19, 20, 24, 27, 29, 35, 42, 43, 44, 45, 46, 48, 49, 58, 59, 73, 74 ], 
  [ 4, 5, 6, 10, 20, 21, 22, 26, 34, 42, 45, 46, 49, 52, 61, 66, 72, 76 ], 
  [ 4, 5, 6, 17, 20, 21, 22, 24, 34, 41, 42, 45, 51, 54, 56, 65, 66, 70 ], 
  [ 5, 20, 21, 22, 24, 34, 41, 42, 43, 44, 45, 46, 47, 48, 63, 69, 70, 71, 76 
     ], [ 3, 4, 5, 6, 19, 20, 21, 22, 24, 34, 40, 42, 45, 51, 52, 54, 56, 60, 
      62, 65, 68, 70 ], 
  [ 3, 9, 19, 20, 21, 22, 31, 32, 42, 43, 44, 45, 48, 49, 50, 51, 55, 58, 65 ]
    , [ 4, 5, 6, 9, 13, 20, 24, 34, 35, 41, 42, 45, 46, 47, 51, 54, 60, 61, 
      66, 67, 70, 76 ], 
  [ 2, 7, 9, 19, 20, 24, 27, 29, 31, 35, 41, 42, 43, 44, 45, 48, 58, 59, 65, 
      70 ], [ 3, 4, 5, 9, 10, 19, 20, 21, 24, 27, 36, 43, 45, 46, 47, 48, 57, 
      60, 61, 73, 75, 76 ], 
  [ 5, 16, 20, 21, 22, 24, 34, 41, 42, 43, 44, 45, 46, 47, 48, 53, 63, 69, 71 
     ], [ 4, 5, 6, 16, 20, 24, 26, 34, 35, 36, 37, 42, 46, 60, 61, 62, 67, 
      71, 74, 76 ], 
  [ 5, 6, 9, 17, 20, 21, 22, 24, 41, 42, 44, 45, 46, 47, 48, 51, 54, 63, 65, 
      70 ], [ 3, 4, 5, 6, 16, 17, 19, 20, 21, 22, 24, 34, 40, 42, 51, 52, 54, 
      56, 60, 62, 65, 70 ], 
  [ 19, 20, 24, 27, 29, 42, 43, 44, 45, 46, 48, 49, 53, 58, 59, 62, 68, 69, 
      73, 74 ], 
  [ 19, 20, 24, 27, 29, 35, 42, 43, 44, 45, 46, 48, 49, 58, 59, 62, 68, 69, 
      73, 74 ], 
  [ 5, 9, 20, 21, 22, 24, 41, 42, 43, 44, 45, 46, 47, 48, 51, 61, 63, 70, 71, 
      76 ], [ 2, 4, 5, 6, 9, 13, 20, 24, 27, 29, 34, 35, 41, 42, 45, 46, 47, 
      48, 54, 60, 66, 67, 69, 70, 76 ], 
  [ 5, 16, 20, 21, 22, 24, 34, 41, 42, 43, 44, 45, 46, 47, 51, 61, 63, 70, 
      71, 76 ], 
  [ 1, 5, 8, 12, 16, 19, 23, 24, 25, 34, 35, 42, 43, 44, 46, 49, 58, 59, 60, 
      62, 67, 73, 74 ], 
  [ 1, 3, 5, 8, 12, 16, 19, 21, 22, 23, 32, 34, 40, 42, 43, 44, 49, 51, 52, 
      55, 56, 58, 65, 68 ], 
  [ 3, 6, 9, 10, 17, 20, 21, 22, 31, 32, 39, 41, 45, 51, 54, 56, 65, 66, 70, 
      75 ], [ 3, 19, 20, 21, 22, 31, 32, 42, 43, 44, 45, 48, 49, 50, 51, 53, 
      55, 58, 62, 65, 68 ], 
  [ 3, 4, 5, 10, 16, 19, 21, 22, 24, 26, 34, 36, 37, 43, 45, 52, 56, 60, 61, 
      64, 68, 71, 76 ], 
  [ 3, 5, 6, 9, 17, 18, 20, 21, 22, 24, 41, 44, 45, 46, 47, 48, 51, 54, 57, 
      58, 63, 65, 70 ], 
  [ 2, 7, 8, 11, 19, 20, 24, 27, 29, 31, 35, 41, 42, 43, 44, 45, 48, 58, 59, 
      62, 65, 68, 69, 70 ], 
  [ 2, 7, 8, 9, 11, 20, 29, 31, 32, 35, 38, 41, 42, 43, 44, 45, 48, 51, 58, 
      62, 65, 68, 70 ], 
  [ 1, 5, 8, 12, 13, 16, 21, 22, 24, 30, 34, 37, 41, 42, 43, 44, 46, 47, 51, 
      52, 56, 60, 61, 63, 67, 70, 71, 76 ], 
  [ 1, 5, 8, 11, 12, 19, 23, 24, 25, 27, 29, 34, 35, 42, 43, 44, 46, 48, 49, 
      58, 59, 60, 62, 67, 68, 69, 73, 74 ], 
  [ 1, 5, 6, 8, 11, 12, 19, 23, 24, 27, 29, 34, 35, 40, 42, 43, 44, 46, 48, 
      49, 58, 59, 60, 62, 65, 67, 68, 69, 70 ], 
  [ 2, 7, 8, 9, 11, 20, 25, 29, 31, 32, 35, 38, 39, 41, 43, 44, 45, 58, 62, 
      65, 68, 70, 73, 75 ], 
  [ 2, 4, 6, 9, 11, 15, 19, 20, 27, 28, 29, 31, 35, 38, 39, 40, 42, 45, 48, 
      49, 50, 54, 62, 65, 66, 68, 69, 72 ], 
  [ 1, 5, 8, 12, 13, 16, 20, 21, 22, 24, 34, 41, 42, 43, 44, 45, 46, 47, 51, 
      52, 56, 60, 61, 62, 67, 68, 70, 76 ], 
  [ 1, 4, 5, 8, 11, 16, 19, 24, 25, 27, 28, 29, 34, 35, 42, 43, 48, 49, 53, 
      59, 60, 62, 67, 69, 74, 76 ], 
  [ 4, 5, 6, 9, 13, 17, 20, 24, 26, 30, 34, 35, 37, 41, 42, 46, 47, 51, 54, 
      60, 61, 63, 66, 67, 70, 71, 76 ], 
  [ 1, 5, 8, 11, 12, 16, 19, 23, 24, 25, 27, 29, 34, 42, 43, 44, 46, 48, 49, 
      53, 58, 59, 60, 62, 67, 68, 69, 73, 74 ], 
  [ 1, 4, 5, 6, 8, 9, 12, 13, 20, 24, 28, 34, 35, 38, 40, 41, 42, 44, 45, 46, 
      47, 51, 54, 60, 61, 62, 65, 66, 67, 68, 72 ], 
  [ 2, 7, 14, 19, 20, 21, 22, 24, 27, 29, 31, 33, 41, 42, 43, 44, 45, 46, 47, 
      48, 49, 50, 53, 55, 59, 63, 64, 69, 71, 74 ], 
  [ 1, 4, 5, 6, 8, 12, 15, 23, 24, 25, 28, 32, 34, 35, 38, 39, 40, 42, 44, 
      46, 51, 58, 60, 61, 62, 65, 67, 68, 72, 73 ], 
  [ 3, 4, 5, 6, 10, 16, 19, 20, 21, 22, 24, 34, 42, 43, 45, 46, 49, 51, 52, 
      56, 60, 61, 62, 67, 68, 70, 76 ], 
  [ 1, 4, 5, 6, 8, 12, 15, 16, 19, 23, 24, 25, 28, 34, 35, 39, 40, 42, 44, 
      46, 49, 58, 59, 60, 62, 65, 67, 72, 73, 74 ], 
  [ 4, 6, 9, 15, 19, 20, 24, 27, 29, 35, 38, 39, 42, 44, 45, 46, 48, 49, 58, 
      59, 62, 65, 68, 69, 72, 73, 74 ], 
  [ 4, 5, 6, 9, 17, 20, 21, 22, 24, 26, 34, 35, 41, 42, 44, 45, 46, 47, 48, 
      54, 63, 65, 66, 69, 70, 71, 72, 76 ], 
  [ 4, 5, 6, 9, 17, 20, 21, 22, 24, 26, 34, 35, 41, 42, 44, 45, 46, 47, 51, 
      54, 61, 63, 65, 66, 70, 71, 72, 76 ], 
  [ 1, 4, 5, 6, 8, 12, 13, 20, 21, 22, 24, 28, 34, 35, 40, 41, 42, 44, 45, 
      46, 47, 51, 52, 54, 56, 60, 61, 62, 65, 66, 67, 68, 70, 72, 76 ], 
  [ 1, 2, 4, 5, 8, 9, 10, 11, 13, 14, 16, 20, 22, 24, 25, 26, 27, 28, 34, 36, 
      37, 38, 41, 45, 48, 50, 52, 53, 60, 61, 62, 66, 68, 69, 71, 75, 76 ], 
  [ 2, 4, 5, 6, 7, 9, 13, 14, 17, 20, 24, 26, 27, 29, 30, 33, 34, 35, 37, 41, 
      42, 46, 47, 48, 54, 59, 60, 63, 66, 67, 69, 70, 71, 74, 76 ], 
  [ 1, 4, 5, 6, 8, 10, 12, 16, 22, 24, 25, 26, 28, 34, 35, 36, 37, 39, 40, 
      42, 44, 46, 49, 52, 60, 61, 62, 65, 67, 71, 72, 73, 74, 76 ], 
  [ 2, 3, 6, 7, 9, 17, 18, 19, 20, 21, 22, 24, 27, 29, 31, 41, 42, 43, 44, 
      45, 46, 47, 48, 49, 50, 51, 54, 55, 57, 58, 59, 63, 65, 70 ], 
  [ 1, 4, 5, 6, 8, 11, 12, 15, 19, 23, 24, 25, 27, 28, 29, 34, 35, 38, 39, 
      40, 42, 44, 46, 48, 49, 58, 59, 60, 62, 65, 67, 68, 69, 72, 73, 74 ], 
  [ 1, 4, 5, 6, 8, 12, 13, 16, 17, 20, 21, 22, 24, 26, 28, 30, 34, 35, 37, 
      40, 41, 42, 44, 46, 47, 51, 52, 54, 56, 60, 61, 62, 63, 65, 66, 67, 70, 
      71, 72, 76 ], 
  [ 1, 2, 4, 5, 6, 8, 11, 12, 13, 19, 20, 21, 22, 24, 27, 28, 29, 31, 34, 35, 
      40, 41, 42, 43, 44, 45, 46, 47, 48, 49, 50, 52, 54, 56, 60, 62, 65, 66, 
      67, 68, 69, 70, 72, 76 ], 
  [ 1, 2, 4, 5, 6, 7, 8, 9, 11, 12, 13, 14, 17, 20, 24, 26, 27, 28, 29, 30, 
      33, 34, 35, 37, 38, 40, 41, 42, 44, 46, 47, 48, 54, 59, 60, 62, 63, 65, 
      66, 67, 69, 71, 72, 74 ], 
  [ 1, 3, 4, 5, 6, 8, 10, 12, 15, 16, 19, 21, 22, 23, 24, 25, 28, 32, 34, 35, 
      39, 40, 42, 43, 44, 46, 49, 51, 52, 56, 58, 60, 61, 62, 65, 67, 68, 70, 
      72, 73, 76 ], 
  [ 2, 4, 6, 7, 9, 14, 17, 19, 20, 21, 22, 24, 26, 27, 29, 31, 33, 35, 41, 
      42, 43, 44, 45, 46, 47, 48, 49, 50, 54, 55, 59, 63, 64, 65, 66, 69, 70, 
      71, 72, 74, 76 ], 
  [ 1, 2, 4, 5, 7, 8, 10, 11, 13, 14, 16, 19, 22, 24, 25, 26, 27, 28, 29, 30, 
      31, 33, 34, 36, 37, 41, 42, 43, 48, 49, 50, 52, 53, 55, 56, 59, 60, 61, 
      64, 66, 67, 69, 71, 74, 75, 76 ], 
  [ 1, 2, 4, 5, 6, 8, 9, 10, 11, 12, 13, 14, 20, 22, 24, 25, 26, 27, 28, 29, 
      34, 35, 36, 37, 38, 39, 40, 41, 42, 44, 45, 46, 47, 48, 49, 50, 52, 54, 
      60, 61, 62, 65, 66, 67, 68, 69, 71, 72, 73, 74, 75, 76 ], 
  [ 1, 2, 3, 5, 6, 7, 8, 11, 12, 13, 16, 17, 18, 19, 20, 21, 22, 23, 24, 27, 
      29, 30, 31, 34, 40, 41, 42, 43, 44, 45, 46, 47, 48, 49, 50, 51, 52, 53, 
      54, 55, 56, 57, 58, 59, 60, 62, 63, 65, 67, 68, 69, 70 ], 
  [ 1, 4, 5, 8, 10, 11, 12, 14, 15, 16, 19, 22, 23, 24, 25, 26, 27, 28, 32, 
      33, 34, 35, 36, 37, 38, 39, 40, 42, 43, 44, 48, 49, 50, 52, 53, 55, 58, 
      59, 60, 61, 62, 64, 65, 68, 69, 71, 72, 73, 74, 76 ], 
  [ 3, 4, 5, 6, 9, 10, 15, 16, 17, 19, 20, 21, 22, 26, 28, 31, 32, 34, 35, 
      38, 39, 40, 42, 43, 45, 48, 49, 50, 51, 52, 53, 54, 55, 56, 61, 62, 64, 
      65, 66, 68, 69, 70, 72, 76 ], 
  [ 1, 2, 3, 4, 5, 6, 8, 9, 10, 11, 12, 13, 15, 19, 20, 21, 22, 23, 24, 25, 
      27, 28, 29, 31, 32, 35, 38, 39, 40, 41, 42, 43, 44, 45, 46, 47, 48, 49, 
      50, 51, 52, 54, 56, 57, 58, 60, 61, 62, 65, 66, 67, 68, 70, 72, 73, 75, 
      76 ], 
  [ 1, 2, 4, 5, 6, 7, 8, 11, 12, 13, 14, 16, 17, 19, 20, 21, 22, 24, 26, 27, 
      28, 29, 30, 31, 33, 34, 35, 37, 40, 41, 42, 43, 44, 46, 47, 48, 49, 50, 
      52, 53, 54, 55, 56, 59, 60, 62, 63, 64, 65, 66, 67, 69, 70, 71, 72, 74, 
      76 ], 
  [ 1, 2, 3, 4, 5, 6, 9, 10, 11, 12, 13, 14, 15, 16, 19, 20, 21, 23, 25, 26, 
      27, 28, 29, 31, 32, 34, 35, 36, 37, 38, 39, 40, 42, 43, 45, 46, 47, 48, 
      49, 50, 51, 52, 53, 54, 56, 57, 60, 61, 62, 64, 66, 67, 68, 69, 70, 72, 
      73, 74, 75, 76 ], 
  [ 2, 3, 4, 6, 7, 9, 10, 14, 15, 17, 18, 19, 20, 21, 22, 24, 26, 27, 29, 31, 
      32, 33, 35, 36, 39, 41, 42, 43, 44, 45, 46, 47, 49, 50, 51, 54, 55, 57, 
      58, 59, 61, 63, 64, 65, 66, 70, 71, 72, 73, 74, 75, 76 ], 
  [ 2, 3, 4, 5, 6, 7, 9, 10, 13, 14, 16, 17, 18, 19, 20, 21, 22, 24, 26, 27, 
      29, 30, 31, 33, 34, 36, 37, 41, 42, 43, 45, 46, 47, 48, 49, 50, 51, 52, 
      53, 54, 55, 56, 57, 59, 60, 61, 63, 64, 66, 67, 69, 70, 71, 74, 75, 76 ]
    , [ 1, 2, 5, 6, 7, 8, 9, 10, 11, 12, 13, 14, 16, 17, 18, 20, 22, 23, 24, 
      25, 27, 29, 30, 32, 33, 34, 35, 36, 37, 38, 39, 40, 41, 42, 43, 44, 45, 
      46, 47, 48, 49, 50, 51, 52, 53, 54, 55, 57, 58, 59, 60, 61, 62, 63, 65, 
      67, 68, 69, 70, 71, 73, 74, 75, 76 ], 
  [ 1, 5, 11, 16, 19, 23, 25, 27, 29, 34, 35, 42, 43, 48, 49, 53, 59, 60, 62, 
      67, 69, 74 ], 
  [ 11, 15, 19, 23, 25, 27, 29, 32, 35, 38, 39, 42, 43, 48, 49, 53, 58, 59, 
      62, 68, 69, 73, 74 ] ];
