return [ [ 3, 9, 10, 16, 18, 19, 20, 21, 22, 25, 26, 27, 28, 42, 47, 49 ], 
  [ 3, 9, 10, 16, 18, 19, 20, 21, 22, 25, 26, 27, 28, 36, 42, 43, 47 ], 
  [ 6, 7, 8, 17, 22, 28, 29, 30, 31, 32, 33, 41, 44, 45, 47, 48, 49, 50 ], 
  [ 6, 7, 8, 17, 19, 22, 25, 26, 27, 28, 30, 33, 40, 41, 43, 44, 47, 48 ], 
  [ 6, 7, 8, 17, 19, 22, 25, 28, 29, 30, 31, 33, 40, 41, 44, 47, 48, 50 ], 
  [ 6, 8, 9, 16, 18, 19, 20, 22, 25, 26, 27, 28, 35, 41, 42, 45, 47, 49 ], 
  [ 1, 3, 4, 10, 15, 18, 19, 20, 21, 22, 25, 26, 27, 28, 36, 38, 40, 43 ], 
  [ 9, 10, 16, 18, 19, 20, 21, 22, 25, 26, 27, 28, 35, 41, 42, 45, 47, 49 ], 
  [ 2, 3, 9, 10, 16, 18, 19, 20, 21, 22, 25, 26, 27, 28, 36, 38, 40, 43 ], 
  [ 1, 3, 7, 10, 13, 15, 19, 20, 21, 22, 23, 24, 25, 26, 27, 29, 42, 48, 49 ],
  [ 9, 10, 16, 18, 19, 20, 21, 22, 25, 26, 27, 35, 36, 41, 42, 43, 44, 45, 47 
     ], [ 9, 10, 16, 18, 19, 20, 21, 22, 25, 26, 27, 28, 35, 36, 41, 42, 43, 
      45, 47 ], 
  [ 2, 6, 9, 11, 17, 18, 22, 25, 26, 27, 28, 31, 32, 33, 41, 43, 44, 45, 47 ],
  [ 6, 8, 9, 16, 18, 19, 20, 22, 25, 26, 27, 33, 35, 36, 41, 42, 43, 44, 45, 
      47 ], 
  [ 6, 8, 9, 16, 18, 19, 20, 22, 25, 26, 27, 28, 33, 35, 36, 41, 42, 43, 45, 
      47 ], [ 2, 6, 8, 9, 16, 17, 18, 19, 22, 25, 26, 27, 28, 33, 40, 41, 43, 
      44, 45, 47 ], 
  [ 1, 3, 4, 6, 10, 15, 18, 20, 21, 22, 28, 29, 31, 32, 35, 36, 38, 45, 49, 
      50 ], [ 2, 9, 10, 16, 18, 19, 20, 21, 22, 25, 26, 27, 28, 35, 36, 38, 
      40, 41, 43, 45 ], 
  [ 1, 3, 6, 10, 11, 18, 19, 21, 27, 28, 29, 31, 32, 33, 34, 35, 36, 42, 44, 
      45 ], [ 1, 3, 4, 7, 10, 11, 13, 14, 21, 22, 27, 28, 29, 30, 32, 37, 38, 
      39, 41, 43 ], 
  [ 1, 4, 6, 10, 15, 18, 19, 20, 21, 22, 25, 26, 27, 28, 35, 36, 38, 40, 41, 
      43, 45 ], 
  [ 1, 3, 4, 6, 10, 15, 18, 19, 20, 21, 22, 25, 28, 29, 31, 35, 36, 38, 40, 
      45, 50 ], 
  [ 1, 3, 6, 7, 8, 10, 13, 19, 20, 21, 22, 24, 25, 27, 28, 29, 31, 35, 42, 
      45, 49 ], 
  [ 1, 3, 4, 7, 10, 11, 13, 14, 15, 21, 22, 28, 29, 30, 32, 37, 38, 39, 41, 
      48, 49 ], 
  [ 1, 3, 6, 7, 10, 11, 13, 19, 21, 27, 28, 29, 31, 32, 33, 34, 35, 36, 42, 
      44, 45 ], 
  [ 2, 6, 8, 9, 16, 17, 18, 19, 20, 22, 25, 26, 27, 28, 33, 35, 36, 38, 40, 
      41, 43, 45 ], 
  [ 1, 3, 7, 9, 10, 13, 15, 16, 18, 19, 20, 21, 22, 23, 24, 25, 26, 27, 42, 
      47, 48, 49 ], 
  [ 6, 9, 11, 13, 15, 17, 19, 22, 25, 26, 28, 29, 31, 32, 35, 37, 38, 41, 44, 
      45, 48, 49 ], 
  [ 1, 2, 3, 4, 7, 10, 11, 14, 15, 18, 21, 22, 28, 29, 30, 32, 39, 41, 47, 
      48, 49, 50 ], 
  [ 1, 6, 7, 8, 10, 13, 15, 19, 20, 21, 22, 23, 24, 25, 26, 27, 29, 35, 42, 
      44, 45, 48, 49 ], 
  [ 1, 3, 6, 7, 8, 10, 13, 19, 20, 21, 24, 27, 28, 29, 31, 32, 33, 34, 35, 
      36, 42, 45, 49 ], 
  [ 1, 3, 4, 6, 7, 11, 13, 14, 17, 21, 22, 27, 28, 29, 30, 31, 32, 37, 38, 
      39, 41, 43, 44, 45 ], 
  [ 1, 2, 3, 4, 6, 10, 11, 14, 15, 17, 18, 21, 22, 28, 29, 31, 32, 35, 38, 
      39, 41, 45, 49, 50 ], 
  [ 1, 3, 4, 6, 7, 11, 13, 14, 15, 17, 21, 22, 28, 29, 30, 31, 32, 37, 38, 
      39, 41, 44, 45, 48, 49 ], 
  [ 2, 3, 9, 10, 11, 16, 18, 20, 21, 22, 25, 26, 27, 28, 31, 32, 35, 36, 38, 
      41, 42, 43, 45, 47, 49 ], 
  [ 1, 2, 3, 6, 9, 10, 11, 13, 15, 17, 18, 21, 22, 25, 26, 27, 28, 31, 32, 
      35, 38, 39, 41, 45, 49 ], 
  [ 1, 2, 3, 4, 7, 9, 13, 14, 15, 18, 19, 21, 22, 25, 26, 27, 28, 30, 37, 39, 
      40, 41, 43, 44, 47, 48 ], 
  [ 1, 4, 7, 9, 10, 13, 15, 16, 18, 19, 20, 21, 22, 23, 24, 25, 26, 27, 30, 
      37, 41, 43, 44, 46, 47, 48 ], 
  [ 1, 2, 3, 4, 6, 7, 11, 14, 15, 17, 18, 21, 22, 28, 29, 30, 31, 32, 39, 41, 
      44, 45, 47, 48, 49, 50 ], 
  [ 2, 6, 8, 9, 11, 16, 17, 18, 20, 22, 25, 26, 27, 28, 31, 32, 33, 35, 36, 
      38, 41, 42, 43, 45, 47, 49 ], 
  [ 1, 3, 4, 6, 7, 10, 11, 13, 14, 15, 17, 21, 28, 29, 30, 31, 32, 35, 37, 
      38, 39, 41, 44, 45, 48, 49 ], 
  [ 1, 3, 6, 7, 8, 10, 11, 13, 17, 20, 21, 24, 27, 28, 29, 31, 32, 33, 34, 
      35, 36, 38, 39, 42, 45, 49 ], 
  [ 1, 6, 7, 8, 9, 10, 13, 15, 16, 18, 19, 20, 21, 22, 23, 24, 25, 26, 27, 
      35, 41, 42, 44, 45, 47, 48, 49 ], 
  [ 1, 2, 3, 4, 7, 9, 10, 11, 13, 14, 15, 18, 21, 22, 26, 27, 28, 30, 32, 37, 
      38, 39, 41, 43, 47, 48, 49 ], 
  [ 1, 2, 3, 4, 6, 7, 8, 14, 16, 17, 18, 20, 21, 22, 24, 25, 27, 28, 30, 31, 
      38, 39, 41, 43, 45, 46, 47, 49 ], 
  [ 1, 2, 6, 8, 9, 10, 13, 15, 16, 17, 18, 19, 20, 21, 22, 23, 24, 25, 26, 
      27, 28, 35, 38, 39, 40, 41, 45, 49 ], 
  [ 1, 2, 3, 4, 6, 7, 11, 12, 14, 17, 18, 21, 22, 27, 28, 29, 30, 31, 32, 33, 
      34, 39, 41, 43, 44, 45, 47, 50 ], 
  [ 1, 3, 5, 6, 7, 8, 10, 13, 15, 19, 20, 21, 23, 24, 25, 26, 27, 29, 31, 32, 
      33, 34, 35, 36, 42, 44, 45, 48, 49 ], 
  [ 1, 2, 3, 4, 5, 6, 8, 10, 12, 14, 15, 16, 17, 18, 21, 23, 24, 25, 31, 33, 
      34, 35, 39, 40, 41, 44, 45, 46, 50 ], 
  [ 1, 3, 4, 6, 7, 10, 11, 12, 13, 14, 17, 21, 27, 28, 29, 30, 31, 32, 33, 
      34, 35, 36, 37, 38, 39, 41, 43, 44, 45 ], 
  [ 6, 7, 8, 9, 11, 13, 17, 19, 20, 22, 25, 26, 27, 28, 29, 30, 31, 32, 33, 
      35, 36, 37, 38, 41, 42, 43, 44, 45, 47, 48, 49 ], 
  [ 2, 3, 5, 9, 10, 11, 13, 14, 15, 17, 19, 21, 22, 23, 25, 26, 28, 29, 31, 
      32, 35, 37, 38, 39, 40, 41, 44, 45, 48, 49, 50 ], 
  [ 1, 2, 3, 4, 5, 7, 10, 12, 14, 15, 16, 18, 21, 22, 23, 24, 26, 27, 28, 30, 
      32, 34, 39, 40, 41, 43, 46, 47, 48, 49, 50 ], 
  [ 1, 2, 3, 4, 5, 9, 10, 12, 13, 14, 15, 16, 18, 19, 20, 21, 22, 23, 24, 25, 
      26, 27, 34, 36, 37, 38, 39, 40, 43, 46, 50 ], 
  [ 1, 2, 3, 4, 6, 7, 9, 11, 13, 14, 15, 17, 18, 21, 22, 25, 26, 27, 28, 30, 
      31, 32, 37, 38, 39, 41, 43, 44, 45, 47, 48, 49 ], 
  [ 1, 2, 3, 4, 7, 9, 10, 13, 14, 15, 16, 18, 19, 20, 21, 22, 23, 24, 25, 26, 
      27, 28, 30, 37, 38, 39, 40, 41, 43, 46, 47, 48, 49 ], 
  [ 1, 2, 3, 4, 5, 7, 9, 10, 11, 12, 13, 14, 15, 18, 19, 21, 22, 26, 27, 28, 
      29, 30, 32, 34, 37, 39, 40, 41, 43, 44, 47, 48, 50 ], 
  [ 1, 2, 3, 4, 5, 7, 9, 10, 12, 13, 14, 15, 16, 18, 19, 21, 22, 23, 24, 25, 
      26, 27, 30, 34, 37, 39, 40, 41, 43, 44, 46, 47, 48, 50 ], 
  [ 1, 3, 4, 6, 7, 9, 10, 11, 13, 15, 18, 19, 20, 21, 22, 25, 26, 27, 28, 29, 
      30, 31, 32, 35, 36, 37, 38, 41, 42, 43, 44, 45, 47, 48, 49 ], 
  [ 1, 2, 4, 5, 6, 7, 8, 9, 12, 13, 14, 15, 16, 17, 18, 19, 22, 23, 24, 25, 
      26, 27, 30, 33, 34, 37, 39, 40, 41, 43, 44, 46, 47, 48, 50 ], 
  [ 1, 2, 3, 4, 5, 6, 8, 10, 11, 12, 14, 15, 16, 17, 18, 20, 21, 23, 24, 28, 
      29, 31, 32, 33, 34, 35, 36, 38, 39, 40, 42, 45, 46, 49, 50 ], 
  [ 1, 2, 4, 6, 7, 8, 9, 13, 14, 15, 16, 17, 18, 19, 20, 21, 22, 23, 24, 25, 
      26, 27, 28, 30, 37, 38, 39, 40, 41, 43, 44, 45, 46, 47, 48, 49 ], 
  [ 1, 2, 3, 4, 5, 6, 7, 9, 11, 12, 13, 14, 15, 17, 18, 19, 22, 25, 26, 27, 
      28, 29, 30, 31, 32, 33, 34, 37, 39, 40, 41, 43, 44, 47, 48, 50 ], 
  [ 1, 2, 3, 5, 6, 8, 9, 10, 11, 13, 15, 16, 17, 18, 19, 20, 21, 22, 23, 24, 
      25, 26, 27, 28, 29, 31, 32, 33, 34, 35, 36, 38, 39, 40, 42, 45, 49, 50 ]
    , [ 1, 2, 3, 4, 5, 6, 7, 8, 12, 14, 15, 16, 17, 18, 21, 22, 23, 24, 25, 
      26, 27, 28, 30, 31, 32, 33, 34, 39, 40, 41, 43, 44, 45, 46, 47, 48, 49, 
      50 ], 
  [ 1, 2, 3, 4, 5, 6, 8, 10, 12, 14, 15, 16, 17, 18, 20, 21, 22, 23, 24, 25, 
      26, 27, 28, 31, 32, 33, 34, 35, 36, 38, 39, 40, 41, 43, 45, 46, 49, 50 ]
    , [ 1, 2, 4, 5, 6, 8, 9, 10, 12, 13, 14, 15, 16, 17, 18, 19, 20, 21, 22, 
      23, 24, 25, 26, 27, 33, 34, 35, 36, 37, 38, 39, 40, 41, 43, 44, 45, 46, 
      50 ], 
  [ 1, 2, 3, 4, 6, 7, 8, 10, 11, 12, 14, 16, 17, 18, 20, 21, 22, 24, 27, 28, 
      29, 30, 31, 32, 33, 34, 35, 36, 38, 39, 41, 42, 43, 45, 46, 47, 49, 50 ]
    , [ 1, 2, 3, 4, 5, 6, 7, 8, 10, 11, 12, 14, 15, 16, 17, 18, 21, 23, 24, 
      28, 29, 30, 31, 32, 33, 34, 35, 39, 40, 41, 42, 44, 45, 46, 47, 48, 49, 
      50 ], 
  [ 1, 2, 3, 4, 5, 6, 9, 10, 11, 12, 13, 14, 15, 17, 18, 19, 21, 22, 25, 26, 
      27, 28, 29, 31, 32, 33, 34, 35, 36, 37, 38, 39, 40, 41, 43, 44, 45, 50 ]
    , [ 2, 3, 4, 5, 9, 10, 11, 12, 14, 15, 16, 18, 19, 20, 21, 22, 23, 25, 
      26, 28, 29, 30, 31, 32, 35, 36, 37, 38, 40, 41, 42, 43, 44, 45, 46, 47, 
      48, 49, 50 ], 
  [ 1, 2, 3, 5, 6, 7, 8, 9, 10, 11, 13, 15, 16, 17, 18, 19, 21, 22, 23, 24, 
      25, 26, 27, 28, 29, 31, 32, 33, 34, 35, 39, 40, 41, 42, 44, 45, 47, 48, 
      49, 50 ], 
  [ 2, 4, 5, 6, 8, 9, 11, 12, 14, 15, 16, 17, 18, 19, 20, 22, 23, 25, 26, 28, 
      29, 30, 31, 32, 33, 35, 36, 37, 38, 40, 41, 42, 43, 44, 45, 46, 47, 48, 
      49, 50 ], 
  [ 1, 2, 3, 4, 5, 7, 9, 10, 11, 12, 13, 14, 15, 16, 18, 19, 20, 21, 22, 23, 
      24, 26, 27, 28, 29, 30, 32, 34, 36, 37, 38, 39, 40, 42, 43, 46, 47, 48, 
      49, 50 ], 
  [ 1, 2, 3, 4, 6, 7, 8, 9, 10, 11, 13, 14, 15, 16, 17, 18, 19, 20, 21, 22, 
      23, 24, 25, 28, 29, 30, 31, 35, 37, 38, 39, 40, 41, 42, 44, 45, 46, 47, 
      48, 49, 50 ], 
  [ 1, 3, 4, 5, 6, 7, 8, 10, 12, 13, 14, 15, 17, 19, 20, 21, 22, 23, 24, 25, 
      26, 27, 28, 29, 30, 31, 32, 33, 34, 35, 36, 37, 38, 39, 40, 41, 43, 44, 
      45, 46, 48, 49, 50 ], 
  [ 2, 3, 5, 7, 8, 9, 10, 11, 12, 13, 14, 16, 17, 19, 20, 21, 22, 23, 24, 25, 
      26, 27, 28, 29, 30, 31, 32, 33, 34, 35, 36, 37, 38, 39, 40, 41, 42, 43, 
      44, 45, 46, 47, 48, 49, 50 ], 
  [ 1, 2, 3, 4, 5, 6, 7, 8, 9, 11, 12, 13, 14, 15, 16, 17, 18, 19, 20, 21, 
      22, 23, 24, 25, 26, 27, 28, 29, 30, 31, 32, 33, 34, 36, 37, 38, 39, 40, 
      42, 43, 44, 45, 46, 47, 48, 49, 50 ], 
  [ 1, 2, 4, 5, 6, 7, 8, 9, 10, 11, 12, 13, 14, 15, 16, 17, 18, 19, 20, 21, 
      22, 23, 24, 26, 27, 28, 29, 30, 32, 33, 34, 35, 36, 37, 38, 39, 40, 41, 
      42, 43, 44, 45, 46, 47, 48, 49, 50 ], 
  [ 1, 2, 3, 4, 5, 6, 7, 8, 9, 10, 11, 12, 13, 14, 15, 16, 17, 18, 19, 20, 
      21, 23, 24, 25, 26, 27, 28, 30, 31, 32, 33, 34, 35, 36, 37, 38, 39, 40, 
      41, 42, 43, 44, 45, 46, 47, 48, 49 ] ];
