return 
[ [ 1, 2, 3, 7, 8, 9, 15, 16, 17, 22, 23, 24, 25, 26, 27, 28, 33, 34, 35, 36, 
      39, 40, 41, 42, 43 ], 
  [ 1, 2, 3, 7, 8, 9, 18, 19, 21, 22, 23, 24, 25, 26, 27, 28, 33, 34, 35, 36, 
      39, 40, 41, 42, 43 ], 
  [ 1, 2, 3, 4, 5, 6, 7, 8, 9, 10, 11, 12, 13, 14, 15, 20, 21, 23, 25, 29, 
      30, 32, 33, 38, 40 ], 
  [ 1, 2, 3, 4, 5, 6, 7, 8, 9, 10, 11, 13, 14, 16, 18, 19, 20, 21, 22, 23, 
      29, 34, 35, 36, 37, 39 ], 
  [ 1, 2, 3, 4, 5, 6, 7, 8, 9, 10, 13, 14, 15, 16, 17, 20, 22, 23, 24, 28, 
      29, 30, 31, 34, 37, 39, 43 ], 
  [ 1, 2, 3, 4, 5, 6, 7, 8, 9, 10, 11, 13, 14, 15, 16, 17, 18, 20, 22, 23, 
      29, 31, 32, 34, 35, 37, 39 ], 
  [ 1, 2, 3, 4, 7, 8, 9, 10, 13, 16, 17, 18, 19, 22, 23, 24, 25, 26, 27, 28, 
      31, 33, 34, 35, 36, 37, 39, 40, 41, 42, 43 ], 
  [ 1, 2, 3, 4, 5, 6, 7, 8, 9, 10, 13, 14, 16, 17, 18, 19, 20, 21, 22, 23, 
      24, 28, 29, 30, 31, 34, 35, 36, 37, 39, 43 ], 
  [ 1, 2, 3, 4, 5, 7, 8, 9, 10, 11, 13, 16, 18, 20, 22, 23, 24, 25, 26, 27, 
      28, 29, 31, 32, 33, 37, 39, 40, 41, 42, 43 ], 
  [ 1, 2, 3, 4, 5, 6, 7, 8, 9, 10, 11, 12, 13, 14, 15, 16, 17, 18, 19, 20, 
      21, 23, 29, 30, 31, 32, 34, 35, 36, 37, 38 ], 
  [ 1, 2, 3, 4, 5, 6, 7, 8, 9, 10, 11, 12, 13, 14, 18, 19, 20, 21, 22, 23, 
      24, 25, 33, 34, 35, 36, 39, 40, 41, 42, 43 ], 
  [ 1, 2, 3, 4, 5, 7, 8, 9, 10, 11, 13, 16, 18, 19, 20, 21, 22, 23, 24, 25, 
      27, 28, 29, 33, 34, 35, 36, 37, 39, 40, 41, 42, 43 ], 
  [ 4, 5, 6, 8, 9, 10, 11, 12, 15, 16, 17, 18, 19, 21, 22, 23, 24, 25, 26, 
      27, 28, 29, 30, 31, 32, 34, 35, 36, 37, 38, 40, 41, 42 ], 
  [ 1, 2, 3, 4, 5, 7, 8, 9, 10, 11, 13, 15, 16, 17, 18, 20, 22, 23, 24, 25, 
      26, 27, 28, 29, 31, 32, 33, 34, 35, 37, 39, 40, 41, 43 ], 
  [ 1, 2, 3, 4, 5, 6, 7, 8, 9, 10, 11, 12, 13, 14, 15, 16, 18, 19, 20, 21, 
      22, 23, 25, 27, 29, 32, 33, 34, 36, 37, 38, 39, 40, 42 ], 
  [ 4, 5, 6, 10, 11, 12, 13, 14, 15, 16, 17, 18, 19, 20, 21, 22, 24, 25, 26, 
      27, 28, 29, 30, 31, 32, 33, 34, 35, 36, 37, 38, 39, 40, 41, 42, 43 ], 
  [ 1, 2, 3, 4, 5, 6, 7, 8, 9, 13, 14, 15, 16, 17, 18, 19, 20, 21, 22, 23, 
      24, 25, 26, 27, 28, 29, 30, 31, 32, 33, 34, 35, 36, 37, 38, 39, 43 ], 
  [ 3, 4, 5, 6, 8, 10, 11, 12, 13, 14, 15, 16, 17, 18, 19, 21, 22, 23, 24, 
      25, 26, 27, 28, 29, 30, 31, 32, 33, 34, 35, 36, 37, 38, 39, 40, 41, 42 ]
    , [ 1, 2, 3, 4, 5, 6, 7, 8, 9, 10, 11, 12, 13, 14, 15, 16, 17, 20, 22, 
      23, 24, 25, 26, 27, 28, 29, 30, 31, 32, 33, 37, 38, 39, 40, 41, 42, 43 ]
    , [ 1, 2, 3, 4, 5, 6, 7, 8, 9, 10, 11, 12, 13, 14, 18, 19, 20, 21, 22, 
      23, 24, 25, 26, 27, 28, 29, 30, 31, 32, 33, 37, 38, 39, 40, 41, 42, 43 ]
    , [ 1, 3, 4, 5, 7, 10, 11, 12, 13, 14, 15, 16, 17, 18, 19, 20, 21, 23, 
      24, 25, 26, 27, 28, 29, 30, 31, 32, 33, 34, 35, 36, 37, 38, 39, 40, 41, 
      42, 43 ], 
  [ 1, 2, 3, 4, 5, 6, 7, 8, 9, 10, 11, 13, 14, 15, 17, 18, 19, 20, 21, 22, 
      23, 24, 25, 26, 27, 28, 29, 30, 31, 32, 33, 34, 35, 37, 38, 39, 40, 41, 
      43 ], [ 1, 2, 3, 4, 5, 7, 8, 9, 10, 11, 12, 13, 15, 16, 17, 18, 19, 20, 
      21, 23, 24, 25, 26, 27, 28, 29, 30, 31, 32, 33, 34, 35, 36, 37, 38, 40, 
      41, 42, 43 ], 
  [ 1, 2, 3, 4, 5, 6, 7, 8, 9, 10, 11, 12, 13, 14, 15, 16, 17, 18, 19, 20, 
      22, 23, 24, 25, 26, 27, 31, 32, 33, 34, 35, 36, 37, 38, 39, 40, 41, 42, 
      43 ] ];
