return [ [ 5, 7, 17, 27, 31, 36, 38, 39, 42, 45, 57, 67, 68, 69, 71, 74 ], 
  [ 10, 11, 27, 28, 34, 35, 39, 40, 47, 49, 54, 56, 57, 67, 68, 74, 75 ], 
  [ 11, 20, 21, 23, 29, 32, 33, 38, 42, 43, 44, 47, 49, 50, 64, 66, 72, 73, 
      76, 77, 78 ], 
  [ 10, 11, 13, 24, 25, 27, 28, 32, 33, 38, 42, 47, 49, 57, 59, 60, 61, 62, 
      66, 68, 72 ], 
  [ 7, 9, 10, 11, 23, 27, 29, 34, 35, 36, 37, 38, 40, 47, 56, 67, 68, 70, 72, 
      75, 78 ], 
  [ 11, 13, 14, 24, 25, 27, 28, 32, 38, 39, 42, 46, 47, 49, 57, 60, 61, 62, 
      66, 68, 72, 77 ], 
  [ 1, 10, 11, 12, 23, 33, 35, 36, 37, 38, 46, 47, 48, 49, 50, 59, 61, 64, 
      73, 76, 77, 78 ], 
  [ 5, 7, 9, 10, 21, 25, 27, 29, 30, 32, 33, 36, 38, 47, 49, 50, 57, 59, 60, 
      61, 71, 72, 78 ], 
  [ 5, 7, 19, 21, 27, 29, 30, 33, 36, 38, 42, 45, 46, 47, 50, 55, 60, 61, 67, 
      71, 72, 73, 76, 78 ], 
  [ 5, 7, 11, 21, 23, 27, 29, 32, 33, 36, 38, 42, 43, 44, 49, 50, 64, 66, 69, 
      72, 74, 76, 77, 78 ], 
  [ 1, 7, 9, 10, 11, 12, 23, 27, 33, 34, 35, 36, 37, 38, 45, 50, 53, 65, 67, 
      69, 70, 71, 74, 76 ], 
  [ 5, 7, 13, 14, 21, 24, 25, 27, 29, 32, 36, 38, 39, 42, 46, 47, 49, 57, 60, 
      61, 62, 68, 72, 77, 78 ], 
  [ 2, 5, 7, 13, 16, 17, 18, 24, 27, 31, 36, 39, 40, 42, 45, 51, 54, 56, 57, 
      62, 67, 68, 69, 71, 74 ], 
  [ 7, 11, 13, 14, 23, 24, 27, 29, 31, 36, 37, 38, 39, 40, 42, 46, 47, 56, 
      61, 67, 68, 72, 73, 77, 78 ], 
  [ 5, 7, 10, 13, 21, 24, 25, 27, 29, 30, 32, 33, 36, 38, 42, 47, 49, 57, 59, 
      60, 61, 62, 68, 71, 72, 78 ], 
  [ 7, 9, 10, 13, 24, 25, 27, 29, 30, 32, 33, 36, 38, 40, 42, 47, 56, 57, 59, 
      60, 61, 67, 68, 71, 72, 78 ], 
  [ 5, 7, 11, 13, 14, 21, 23, 24, 27, 29, 31, 36, 38, 39, 42, 46, 47, 49, 61, 
      62, 64, 68, 72, 73, 77, 78 ], 
  [ 7, 9, 10, 11, 23, 27, 28, 29, 32, 33, 34, 35, 36, 37, 38, 46, 47, 48, 49, 
      50, 58, 59, 60, 61, 66, 72, 76, 77, 78 ], 
  [ 10, 11, 13, 14, 24, 25, 27, 28, 33, 34, 39, 40, 42, 43, 47, 49, 51, 54, 
      56, 57, 59, 61, 62, 63, 66, 67, 68, 72, 74, 75 ], 
  [ 1, 3, 8, 10, 11, 12, 16, 17, 18, 22, 27, 28, 31, 34, 35, 39, 40, 41, 45, 
      51, 53, 54, 56, 57, 65, 67, 68, 71, 74, 75 ], 
  [ 2, 5, 7, 13, 15, 20, 21, 23, 24, 26, 29, 32, 33, 36, 42, 43, 44, 48, 49, 
      50, 52, 58, 59, 62, 64, 66, 69, 74, 76, 77, 78 ], 
  [ 2, 7, 9, 10, 13, 15, 16, 23, 24, 26, 32, 34, 35, 36, 37, 39, 40, 48, 49, 
      53, 56, 57, 58, 59, 65, 66, 68, 69, 74, 75, 77 ], 
  [ 1, 2, 8, 10, 11, 13, 16, 18, 24, 26, 27, 28, 31, 33, 34, 39, 40, 42, 51, 
      54, 56, 57, 59, 61, 62, 65, 66, 67, 68, 71, 74 ], 
  [ 7, 9, 10, 11, 23, 27, 29, 32, 33, 34, 35, 36, 37, 38, 42, 43, 44, 47, 49, 
      50, 66, 67, 68, 69, 70, 72, 74, 75, 76, 77, 78 ], 
  [ 1, 10, 11, 12, 13, 14, 23, 31, 33, 35, 36, 37, 38, 39, 40, 41, 42, 43, 
      46, 47, 48, 49, 59, 61, 64, 67, 68, 73, 74, 75, 76, 77, 78 ], 
  [ 5, 6, 7, 9, 13, 20, 21, 24, 25, 27, 29, 30, 32, 33, 36, 38, 40, 42, 47, 
      50, 54, 55, 56, 57, 59, 60, 61, 62, 63, 67, 71, 72, 73, 78 ], 
  [ 1, 4, 7, 10, 11, 12, 14, 17, 19, 23, 27, 29, 30, 31, 35, 36, 37, 38, 39, 
      40, 41, 45, 46, 47, 56, 61, 67, 68, 70, 71, 72, 73, 75, 78 ], 
  [ 4, 5, 7, 11, 13, 14, 17, 21, 22, 23, 24, 25, 27, 28, 29, 34, 36, 39, 40, 
      41, 43, 48, 49, 51, 52, 54, 56, 57, 58, 59, 62, 63, 64, 66, 72, 74, 75, 
      78 ], [ 1, 5, 6, 7, 9, 10, 11, 12, 16, 17, 23, 27, 31, 34, 35, 36, 37, 
      38, 39, 40, 41, 45, 47, 49, 50, 53, 54, 56, 57, 64, 65, 67, 68, 69, 70, 
      71, 73, 74, 75 ], 
  [ 4, 5, 7, 9, 10, 14, 17, 19, 21, 25, 27, 29, 30, 32, 33, 35, 36, 37, 38, 
      39, 42, 43, 44, 45, 46, 47, 49, 50, 57, 60, 61, 67, 68, 69, 70, 71, 72, 
      74, 75, 76, 77, 78 ], 
  [ 1, 4, 5, 7, 8, 10, 11, 14, 17, 21, 22, 23, 24, 25, 26, 27, 28, 29, 30, 
      33, 34, 39, 41, 43, 49, 51, 52, 54, 56, 57, 58, 59, 61, 62, 63, 64, 65, 
      66, 71, 72, 74, 75 ], 
  [ 7, 9, 10, 11, 13, 14, 23, 24, 25, 27, 28, 29, 32, 33, 34, 35, 36, 37, 38, 
      39, 40, 42, 43, 46, 47, 48, 49, 56, 57, 58, 59, 60, 61, 66, 67, 68, 72, 
      74, 75, 76, 77, 78 ], 
  [ 1, 5, 6, 7, 8, 9, 10, 11, 20, 21, 23, 24, 25, 26, 27, 28, 29, 30, 32, 33, 
      34, 38, 47, 49, 50, 52, 54, 55, 56, 57, 58, 59, 60, 61, 62, 63, 64, 65, 
      66, 71, 72, 73 ], 
  [ 1, 4, 5, 7, 10, 11, 12, 14, 17, 19, 21, 23, 27, 29, 30, 31, 33, 35, 36, 
      37, 38, 39, 41, 42, 43, 44, 45, 46, 47, 49, 50, 61, 64, 67, 68, 69, 70, 
      71, 72, 73, 74, 75, 76, 77, 78 ], 
  [ 1, 2, 3, 5, 7, 8, 10, 11, 12, 13, 15, 16, 17, 18, 22, 23, 24, 26, 27, 28, 
      31, 34, 35, 36, 39, 40, 41, 45, 48, 49, 51, 52, 53, 54, 56, 57, 58, 59, 
      62, 64, 65, 66, 68, 69, 71, 74, 75 ], 
  [ 2, 4, 5, 6, 7, 9, 13, 14, 16, 17, 18, 19, 20, 21, 24, 25, 27, 29, 30, 31, 
      32, 36, 37, 38, 39, 40, 42, 44, 45, 46, 47, 50, 51, 54, 55, 56, 57, 60, 
      61, 62, 63, 67, 68, 69, 70, 71, 72, 73, 77, 78 ], 
  [ 5, 6, 7, 9, 11, 13, 14, 20, 21, 23, 24, 25, 27, 28, 29, 32, 33, 34, 36, 
      37, 38, 39, 40, 42, 43, 46, 47, 48, 49, 50, 52, 54, 55, 56, 57, 58, 59, 
      60, 61, 62, 63, 64, 66, 67, 72, 73, 74, 76, 77, 78 ], 
  [ 1, 2, 3, 5, 7, 8, 10, 11, 12, 13, 15, 18, 19, 20, 21, 23, 24, 26, 27, 28, 
      29, 30, 31, 32, 33, 35, 36, 38, 42, 44, 45, 46, 47, 48, 49, 50, 52, 55, 
      58, 59, 60, 61, 62, 64, 66, 68, 69, 71, 72, 73, 76, 77, 78 ], 
  [ 1, 2, 3, 4, 8, 10, 11, 12, 13, 14, 15, 18, 19, 20, 21, 22, 23, 24, 25, 
      26, 28, 29, 30, 31, 32, 33, 35, 38, 41, 42, 43, 44, 46, 47, 48, 49, 51, 
      52, 55, 58, 59, 60, 61, 62, 63, 64, 66, 68, 72, 73, 75, 76, 77, 78 ], 
  [ 1, 3, 4, 5, 7, 8, 9, 10, 11, 12, 14, 15, 17, 19, 21, 22, 23, 25, 26, 27, 
      28, 29, 30, 32, 33, 34, 35, 36, 37, 38, 39, 41, 43, 44, 45, 46, 48, 49, 
      50, 52, 53, 57, 58, 59, 60, 61, 64, 65, 66, 69, 70, 71, 72, 74, 75, 76, 
      77, 78 ], 
  [ 1, 2, 4, 5, 6, 7, 9, 10, 11, 13, 14, 16, 17, 20, 21, 23, 24, 25, 26, 27, 
      29, 30, 31, 32, 33, 34, 36, 37, 38, 39, 40, 41, 42, 43, 44, 47, 49, 50, 
      51, 54, 56, 57, 59, 61, 62, 63, 64, 65, 66, 67, 68, 69, 70, 71, 72, 73, 
      74, 75, 77, 78 ], 
  [ 1, 3, 4, 5, 7, 8, 10, 11, 12, 13, 14, 17, 18, 19, 21, 22, 23, 24, 25, 27, 
      28, 29, 30, 31, 33, 35, 36, 38, 39, 40, 41, 42, 43, 45, 46, 47, 48, 49, 
      51, 52, 54, 55, 56, 57, 58, 59, 60, 61, 62, 63, 64, 67, 68, 71, 72, 73, 
      74, 75, 76, 78 ], 
  [ 1, 2, 3, 4, 5, 7, 8, 10, 11, 12, 13, 14, 15, 17, 18, 19, 21, 22, 23, 24, 
      25, 26, 27, 28, 29, 30, 31, 32, 33, 35, 36, 38, 39, 41, 42, 43, 44, 45, 
      46, 48, 49, 51, 52, 57, 58, 59, 60, 61, 62, 64, 66, 68, 69, 71, 72, 74, 
      75, 76, 77, 78 ], 
  [ 1, 2, 3, 5, 6, 7, 8, 9, 10, 11, 12, 13, 15, 16, 18, 20, 23, 24, 26, 27, 
      28, 31, 32, 33, 34, 35, 36, 37, 38, 39, 40, 42, 45, 46, 47, 48, 49, 50, 
      52, 53, 54, 55, 56, 57, 58, 59, 60, 61, 62, 64, 65, 66, 67, 68, 69, 71, 
      73, 74, 76, 77 ], 
  [ 1, 2, 3, 4, 7, 8, 9, 10, 11, 12, 13, 14, 15, 16, 17, 18, 19, 22, 23, 24, 
      25, 26, 27, 28, 29, 30, 31, 32, 33, 34, 35, 36, 37, 38, 39, 40, 41, 42, 
      43, 44, 45, 46, 48, 51, 53, 56, 57, 58, 59, 60, 61, 65, 66, 67, 68, 69, 
      70, 71, 72, 74, 75, 76, 77, 78 ], 
  [ 2, 3, 4, 5, 6, 7, 9, 11, 12, 13, 14, 15, 16, 17, 18, 19, 20, 21, 22, 23, 
      24, 25, 27, 28, 29, 31, 32, 34, 35, 36, 37, 38, 39, 40, 41, 42, 43, 44, 
      45, 46, 47, 48, 49, 50, 51, 52, 53, 54, 55, 56, 57, 58, 60, 62, 63, 64, 
      66, 67, 68, 69, 70, 72, 73, 74, 75, 76, 77, 78 ], 
  [ 2, 3, 4, 5, 6, 7, 8, 9, 10, 13, 14, 15, 16, 17, 18, 19, 20, 21, 22, 24, 
      25, 26, 27, 28, 29, 30, 32, 33, 34, 35, 36, 37, 39, 40, 42, 43, 44, 45, 
      46, 47, 48, 49, 50, 51, 52, 53, 54, 55, 56, 57, 58, 59, 60, 61, 62, 63, 
      65, 66, 67, 68, 69, 70, 71, 72, 74, 75, 76, 77, 78 ], 
  [ 1, 2, 3, 4, 5, 6, 7, 8, 9, 10, 12, 13, 14, 15, 16, 17, 18, 19, 20, 21, 
      22, 23, 24, 25, 26, 29, 30, 31, 32, 33, 35, 36, 37, 38, 39, 40, 41, 42, 
      43, 44, 45, 46, 47, 48, 49, 50, 51, 52, 53, 54, 55, 56, 57, 58, 59, 60, 
      61, 62, 63, 64, 65, 67, 68, 69, 70, 71, 73, 74, 75, 76, 77, 78 ], 
  [ 1, 2, 3, 4, 5, 6, 7, 8, 9, 11, 12, 13, 14, 15, 16, 17, 18, 19, 20, 21, 
      22, 23, 24, 25, 26, 27, 28, 29, 30, 31, 32, 33, 34, 36, 37, 38, 39, 40, 
      41, 42, 43, 44, 45, 46, 48, 50, 51, 52, 53, 54, 55, 56, 57, 58, 59, 60, 
      61, 62, 63, 64, 65, 66, 67, 69, 70, 71, 72, 73, 74, 76, 77, 78 ], 
  [ 1, 2, 3, 4, 5, 6, 7, 8, 10, 11, 12, 13, 14, 15, 16, 17, 18, 19, 20, 21, 
      22, 23, 24, 26, 27, 28, 29, 30, 31, 33, 34, 35, 36, 37, 39, 40, 41, 42, 
      43, 44, 45, 46, 47, 48, 49, 50, 51, 52, 53, 54, 55, 56, 58, 59, 61, 62, 
      63, 64, 65, 66, 67, 68, 69, 70, 71, 72, 73, 74, 75, 76, 77, 78 ], 
  [ 1, 2, 3, 4, 5, 6, 7, 8, 9, 10, 11, 12, 13, 15, 16, 17, 18, 19, 20, 21, 
      22, 23, 24, 25, 26, 27, 28, 29, 30, 31, 32, 33, 34, 35, 36, 38, 40, 41, 
      42, 43, 44, 45, 47, 48, 49, 50, 51, 52, 53, 54, 55, 56, 57, 58, 59, 60, 
      62, 63, 64, 65, 66, 67, 68, 69, 70, 71, 72, 73, 74, 75, 76, 78 ], 
  [ 1, 2, 3, 4, 5, 6, 7, 8, 9, 10, 11, 12, 13, 14, 15, 16, 17, 18, 19, 20, 
      21, 22, 23, 24, 25, 26, 27, 28, 29, 30, 31, 32, 34, 35, 36, 37, 38, 39, 
      40, 41, 44, 45, 46, 47, 48, 49, 50, 51, 52, 53, 54, 55, 56, 57, 58, 59, 
      60, 61, 62, 63, 64, 65, 66, 68, 69, 70, 71, 72, 73, 75, 77, 78 ] ];
