return [ [ 7, 9, 10, 27, 28, 29, 33, 34, 37, 39, 41, 42, 59, 61, 64, 65, 72 ],
  [ 1, 8, 10, 21, 23, 26, 31, 32, 34, 41, 46, 51, 53, 55, 56, 66, 68, 69 ], 
  [ 2, 13, 18, 21, 22, 25, 27, 35, 39, 44, 45, 46, 47, 50, 58, 67, 68, 70, 71 
     ], [ 2, 13, 18, 21, 22, 27, 31, 36, 39, 40, 44, 45, 46, 47, 50, 67, 68, 
      70, 71 ], 
  [ 7, 8, 11, 22, 24, 27, 29, 30, 31, 33, 34, 37, 40, 42, 43, 61, 63, 64, 66 ]
    , [ 7, 8, 22, 24, 27, 28, 30, 34, 36, 37, 38, 42, 43, 48, 60, 61, 62, 63, 
      69, 71 ], 
  [ 4, 13, 17, 18, 19, 21, 23, 35, 36, 39, 43, 44, 45, 46, 52, 53, 68, 69, 
      70, 71, 72 ], 
  [ 7, 8, 22, 24, 27, 28, 29, 30, 31, 33, 34, 36, 37, 38, 40, 42, 43, 61, 63, 
      66, 69 ], 
  [ 2, 7, 9, 10, 14, 21, 22, 27, 29, 31, 39, 40, 41, 47, 49, 50, 57, 59, 61, 
      63, 64, 67, 68 ], 
  [ 7, 9, 10, 11, 21, 22, 27, 30, 31, 32, 34, 36, 39, 40, 41, 49, 50, 57, 63, 
      64, 67, 68, 71 ], 
  [ 1, 3, 7, 8, 10, 15, 22, 23, 24, 25, 28, 30, 34, 36, 37, 38, 42, 48, 60, 
      61, 62, 63, 65, 67, 69 ], 
  [ 7, 8, 9, 10, 22, 27, 28, 36, 37, 39, 42, 45, 48, 49, 50, 52, 59, 60, 61, 
      67, 68, 69, 70, 71, 72 ], 
  [ 7, 8, 9, 10, 22, 27, 28, 33, 36, 37, 38, 39, 40, 42, 45, 47, 49, 59, 60, 
      61, 66, 67, 68, 69, 70 ], 
  [ 7, 8, 9, 10, 22, 27, 28, 29, 33, 37, 39, 40, 41, 42, 44, 47, 49, 50, 59, 
      61, 64, 66, 67, 68, 70, 72 ], 
  [ 6, 7, 8, 11, 15, 20, 22, 25, 27, 28, 29, 30, 40, 41, 42, 44, 47, 49, 50, 
      58, 59, 64, 66, 67, 68, 72 ], 
  [ 2, 4, 6, 7, 11, 13, 17, 18, 19, 20, 21, 22, 27, 31, 35, 36, 39, 40, 43, 
      44, 45, 46, 47, 50, 52, 53, 55, 58, 59, 68, 70, 71, 72 ], 
  [ 3, 6, 7, 9, 10, 11, 15, 17, 19, 23, 27, 28, 30, 32, 33, 34, 36, 37, 38, 
      39, 42, 43, 45, 48, 50, 52, 59, 60, 61, 64, 65, 67, 69, 70, 71, 72 ], 
  [ 7, 8, 9, 10, 11, 12, 22, 27, 28, 29, 30, 31, 32, 33, 34, 36, 37, 39, 40, 
      41, 42, 43, 44, 48, 49, 50, 61, 63, 64, 66, 67, 68, 69, 70, 71, 72 ], 
  [ 1, 2, 6, 7, 8, 10, 11, 14, 15, 20, 21, 22, 24, 25, 26, 27, 29, 30, 31, 
      34, 40, 41, 42, 47, 49, 50, 51, 54, 55, 57, 58, 59, 61, 63, 64, 65, 66, 
      67, 68 ], 
  [ 1, 3, 6, 7, 8, 10, 11, 15, 19, 20, 21, 22, 23, 25, 26, 30, 31, 32, 34, 
      36, 40, 41, 42, 46, 49, 50, 51, 54, 55, 56, 57, 58, 63, 64, 65, 66, 67, 
      68, 69 ], 
  [ 1, 2, 3, 7, 8, 9, 10, 14, 15, 21, 22, 23, 24, 25, 26, 27, 28, 29, 30, 31, 
      32, 33, 34, 36, 37, 38, 39, 40, 41, 42, 45, 47, 49, 51, 57, 59, 60, 61, 
      63, 64, 65, 66, 67, 68, 69 ], 
  [ 2, 3, 5, 6, 7, 9, 11, 12, 13, 14, 15, 18, 19, 20, 21, 22, 25, 27, 28, 29, 
      30, 31, 32, 36, 39, 40, 41, 44, 45, 46, 47, 49, 50, 51, 52, 54, 55, 56, 
      57, 58, 59, 60, 63, 64, 67, 68, 71, 72 ], 
  [ 1, 3, 4, 6, 7, 8, 9, 10, 11, 13, 15, 17, 19, 20, 21, 22, 23, 25, 26, 27, 
      28, 30, 32, 33, 34, 35, 36, 37, 38, 39, 40, 41, 42, 43, 44, 45, 46, 47, 
      49, 50, 52, 57, 58, 59, 60, 64, 65, 66, 67, 68, 69, 70, 71, 72 ], 
  [ 1, 4, 5, 6, 7, 8, 9, 10, 11, 12, 13, 16, 17, 18, 19, 20, 21, 22, 23, 26, 
      31, 32, 33, 34, 35, 36, 37, 39, 40, 41, 42, 43, 44, 46, 48, 49, 50, 52, 
      53, 54, 55, 56, 57, 58, 62, 63, 64, 65, 66, 68, 69, 70, 71, 72 ], 
  [ 1, 2, 3, 4, 6, 7, 8, 10, 11, 15, 17, 19, 20, 21, 22, 23, 24, 25, 26, 27, 
      28, 29, 30, 31, 32, 33, 34, 35, 36, 37, 38, 39, 40, 41, 42, 43, 44, 45, 
      46, 47, 50, 51, 53, 55, 58, 59, 61, 64, 65, 66, 67, 68, 69, 70, 72 ], 
  [ 1, 2, 3, 5, 6, 7, 8, 9, 10, 11, 12, 14, 15, 18, 19, 21, 22, 23, 24, 25, 
      27, 28, 29, 30, 31, 32, 34, 36, 37, 39, 41, 42, 45, 48, 49, 50, 51, 52, 
      54, 55, 56, 57, 58, 59, 60, 61, 62, 63, 64, 65, 67, 68, 69, 71, 72 ], 
  [ 1, 2, 4, 5, 6, 7, 8, 9, 10, 11, 12, 13, 14, 16, 17, 18, 20, 21, 22, 24, 
      26, 27, 29, 31, 33, 34, 35, 37, 39, 40, 41, 42, 43, 44, 47, 48, 49, 50, 
      52, 53, 54, 55, 57, 58, 59, 61, 62, 63, 64, 65, 66, 68, 70, 71, 72 ], 
  [ 2, 3, 4, 5, 6, 7, 8, 9, 11, 12, 13, 14, 15, 16, 17, 18, 19, 20, 22, 24, 
      25, 27, 28, 29, 30, 31, 32, 33, 35, 36, 37, 38, 39, 40, 42, 43, 44, 45, 
      46, 47, 48, 49, 50, 51, 52, 53, 54, 55, 56, 58, 59, 60, 61, 62, 63, 64, 
      66, 67, 68, 69, 70, 71, 72 ], 
  [ 1, 2, 3, 4, 5, 6, 7, 8, 9, 10, 11, 13, 14, 15, 16, 17, 18, 19, 20, 21, 
      22, 23, 24, 25, 26, 27, 30, 31, 32, 33, 34, 35, 36, 37, 38, 39, 40, 42, 
      43, 45, 46, 47, 48, 49, 50, 51, 52, 53, 54, 55, 56, 57, 58, 59, 60, 61, 
      62, 63, 64, 65, 66, 67, 68, 69, 70, 71 ], 
  [ 1, 2, 3, 4, 5, 6, 7, 8, 9, 11, 12, 13, 14, 15, 16, 17, 18, 19, 20, 21, 
      22, 23, 24, 25, 26, 27, 28, 29, 30, 31, 32, 33, 34, 35, 36, 37, 38, 39, 
      40, 41, 42, 43, 44, 45, 46, 47, 49, 51, 52, 53, 54, 55, 56, 57, 58, 59, 
      60, 62, 63, 64, 65, 66, 68, 69, 71, 72 ] ];
