return [ [ 5, 6, 7, 8, 25, 26, 28, 29, 34, 39, 40, 41, 45, 46, 49, 50, 51 ], 
  [ 1, 6, 9, 15, 18, 21, 25, 28, 29, 30, 31, 32, 34, 39, 41, 49, 51, 52 ], 
  [ 3, 8, 9, 10, 14, 16, 17, 26, 27, 30, 33, 34, 35, 36, 43, 44, 45, 49 ], 
  [ 3, 8, 9, 10, 16, 17, 18, 25, 27, 30, 31, 32, 33, 35, 44, 48, 49, 52 ], 
  [ 4, 5, 17, 19, 20, 21, 23, 25, 28, 29, 30, 31, 33, 45, 48, 49, 50, 51, 52 ]
    , [ 1, 6, 15, 18, 20, 21, 28, 29, 30, 31, 34, 38, 39, 41, 42, 49, 50, 51, 
      52 ], [ 2, 7, 10, 13, 15, 16, 30, 31, 32, 34, 35, 36, 38, 41, 42, 43, 
      44, 49, 52 ], 
  [ 3, 8, 9, 10, 16, 17, 19, 27, 30, 31, 33, 35, 36, 43, 44, 45, 48, 49, 52 ],
  [ 5, 6, 7, 8, 13, 22, 23, 24, 25, 26, 27, 32, 39, 40, 41, 44, 46, 47, 48, 
      51 ], 
  [ 5, 7, 8, 10, 13, 14, 16, 17, 24, 26, 27, 32, 34, 35, 41, 42, 43, 44, 49, 
      52 ], [ 6, 7, 8, 9, 10, 13, 18, 25, 27, 28, 30, 32, 34, 35, 39, 41, 42, 
      43, 44, 49, 52 ], 
  [ 5, 6, 8, 9, 17, 18, 21, 23, 25, 27, 28, 30, 32, 34, 35, 39, 45, 48, 49, 
      50, 51, 52 ], 
  [ 5, 6, 7, 8, 10, 13, 15, 16, 24, 27, 28, 30, 32, 34, 35, 39, 41, 42, 43, 
      44, 49, 52 ], 
  [ 5, 8, 9, 10, 12, 13, 14, 16, 17, 24, 26, 27, 32, 34, 35, 36, 41, 43, 44, 
      45, 46, 49 ], 
  [ 5, 6, 7, 8, 17, 21, 23, 25, 26, 27, 28, 29, 30, 33, 34, 35, 39, 40, 45, 
      48, 49, 50, 51, 52 ], 
  [ 6, 8, 9, 10, 13, 17, 18, 21, 23, 25, 27, 28, 30, 31, 32, 34, 35, 39, 41, 
      44, 48, 49, 51, 52 ], 
  [ 2, 7, 9, 10, 12, 13, 14, 17, 18, 21, 25, 26, 31, 32, 34, 35, 36, 38, 40, 
      41, 42, 43, 44, 49, 52 ], 
  [ 1, 4, 5, 6, 9, 15, 17, 18, 19, 20, 21, 23, 25, 28, 29, 30, 31, 32, 34, 
      39, 45, 48, 49, 50, 51, 52 ], 
  [ 2, 3, 7, 8, 9, 10, 13, 14, 16, 17, 18, 25, 26, 27, 30, 31, 32, 33, 34, 
      35, 36, 38, 41, 42, 43, 44, 49, 52 ], 
  [ 2, 5, 6, 7, 8, 10, 11, 13, 22, 23, 24, 25, 26, 27, 28, 29, 33, 39, 40, 
      41, 44, 45, 46, 47, 48, 49, 50, 51 ], 
  [ 3, 4, 5, 8, 9, 10, 11, 16, 17, 18, 19, 20, 21, 23, 24, 25, 27, 28, 30, 
      31, 32, 33, 35, 45, 48, 49, 50, 51, 52 ], 
  [ 1, 2, 6, 7, 9, 10, 12, 13, 15, 18, 21, 25, 28, 29, 30, 31, 32, 34, 35, 
      36, 38, 39, 40, 41, 42, 43, 44, 49, 52 ], 
  [ 3, 5, 6, 7, 8, 9, 10, 11, 14, 16, 17, 18, 24, 25, 26, 27, 28, 30, 32, 33, 
      34, 35, 42, 43, 44, 45, 47, 48, 49, 50, 52 ], 
  [ 5, 6, 7, 8, 9, 10, 11, 12, 13, 14, 17, 18, 21, 23, 24, 25, 26, 27, 28, 
      32, 34, 35, 39, 40, 41, 42, 43, 44, 45, 46, 47, 48, 49, 50, 51, 52 ], 
  [ 1, 2, 4, 5, 6, 7, 8, 9, 10, 12, 13, 15, 16, 17, 19, 21, 22, 23, 24, 25, 
      26, 27, 28, 29, 30, 31, 32, 33, 34, 35, 36, 39, 40, 41, 43, 44, 45, 46, 
      48, 49, 51, 52 ], 
  [ 2, 3, 4, 5, 6, 7, 8, 10, 11, 13, 14, 15, 16, 17, 18, 20, 21, 22, 23, 24, 
      25, 26, 27, 28, 29, 30, 31, 32, 33, 34, 35, 38, 39, 40, 41, 42, 44, 47, 
      48, 49, 50, 51, 52 ], 
  [ 1, 3, 4, 5, 6, 8, 9, 10, 11, 12, 13, 14, 15, 16, 17, 18, 19, 20, 21, 23, 
      24, 27, 28, 30, 31, 32, 34, 35, 36, 37, 38, 39, 41, 42, 43, 44, 45, 46, 
      47, 48, 49, 50, 51, 52 ], 
  [ 1, 2, 4, 5, 6, 7, 9, 10, 11, 12, 13, 14, 15, 17, 18, 19, 20, 21, 22, 23, 
      24, 25, 26, 28, 29, 31, 32, 34, 36, 37, 38, 39, 40, 41, 42, 43, 44, 45, 
      46, 47, 48, 49, 50, 51, 52 ], 
  [ 1, 2, 3, 4, 5, 6, 7, 8, 9, 10, 11, 13, 14, 15, 16, 17, 18, 19, 20, 22, 
      23, 24, 25, 26, 27, 28, 29, 30, 31, 32, 33, 34, 36, 37, 38, 39, 41, 42, 
      43, 44, 45, 46, 47, 48, 49, 50, 51, 52 ], 
  [ 1, 2, 3, 4, 5, 6, 7, 9, 10, 11, 12, 13, 14, 15, 16, 17, 18, 19, 20, 21, 
      22, 23, 24, 25, 26, 27, 28, 29, 30, 31, 32, 33, 34, 35, 36, 37, 38, 39, 
      40, 42, 43, 44, 45, 47, 48, 49, 50, 52 ], 
  [ 1, 2, 3, 4, 5, 6, 8, 9, 10, 11, 12, 13, 14, 15, 16, 17, 18, 19, 20, 21, 
      22, 23, 24, 25, 26, 27, 28, 29, 30, 31, 32, 33, 34, 35, 36, 37, 38, 39, 
      40, 41, 44, 45, 46, 47, 48, 49, 50, 51 ], 
  [ 1, 2, 3, 4, 5, 6, 7, 8, 9, 10, 11, 12, 13, 15, 16, 18, 19, 20, 21, 22, 
      23, 24, 25, 27, 28, 29, 30, 31, 32, 33, 35, 36, 37, 38, 39, 40, 41, 42, 
      43, 44, 45, 46, 47, 48, 49, 50, 51, 52 ] ];
