return [ [ 6, 10, 29, 36, 39, 41, 43, 44, 59, 63, 69, 76, 77, 91, 94 ], 
  [ 13, 14, 15, 25, 31, 32, 33, 40, 42, 64, 67, 68, 71, 73, 74, 81, 88, 89, 
      90 ], [ 8, 17, 19, 22, 30, 33, 42, 50, 52, 53, 64, 65, 68, 71, 72, 76, 
      86, 87, 90 ], 
  [ 4, 9, 26, 27, 28, 39, 43, 45, 53, 55, 56, 60, 63, 69, 70, 76, 84, 86, 87, 
      91, 93, 94 ], 
  [ 13, 14, 15, 33, 34, 35, 40, 41, 44, 47, 57, 59, 65, 66, 72, 76, 77, 78, 
      81, 82, 90, 91, 92 ], 
  [ 6, 14, 15, 16, 23, 25, 26, 36, 41, 43, 44, 54, 63, 67, 69, 71, 73, 74, 
      75, 82, 84, 88, 89 ], 
  [ 7, 9, 13, 20, 27, 28, 29, 32, 39, 43, 53, 55, 56, 59, 60, 65, 69, 70, 76, 
      87, 91, 93, 94 ], 
  [ 7, 13, 16, 17, 20, 27, 32, 33, 43, 44, 48, 49, 51, 52, 56, 58, 60, 71, 
      72, 73, 74, 75, 84, 85, 87, 92 ], 
  [ 4, 13, 14, 15, 26, 28, 30, 31, 32, 33, 34, 40, 41, 42, 43, 49, 65, 68, 
      69, 70, 71, 72, 74, 75, 76, 77, 88 ], 
  [ 3, 9, 13, 14, 15, 18, 21, 31, 36, 40, 41, 42, 47, 50, 54, 57, 61, 66, 67, 
      68, 71, 73, 81, 82, 88, 89, 90 ], 
  [ 2, 4, 15, 17, 19, 22, 26, 30, 33, 38, 42, 44, 49, 50, 52, 63, 64, 68, 71, 
      72, 75, 76, 82, 84, 86, 87, 88, 90 ], 
  [ 5, 6, 13, 14, 15, 16, 23, 24, 25, 29, 32, 35, 36, 41, 43, 44, 48, 54, 59, 
      67, 69, 71, 73, 74, 75, 82, 89, 92 ], 
  [ 7, 13, 20, 27, 28, 29, 32, 33, 43, 44, 48, 49, 51, 56, 59, 60, 65, 69, 
      70, 72, 74, 75, 76, 87, 91, 92, 93, 94 ], 
  [ 6, 7, 13, 16, 20, 27, 29, 32, 33, 43, 44, 48, 49, 51, 52, 56, 59, 60, 69, 
      71, 72, 74, 75, 76, 84, 87, 92, 94 ], 
  [ 3, 7, 9, 13, 18, 19, 20, 30, 31, 32, 33, 42, 47, 50, 52, 53, 55, 64, 65, 
      68, 71, 72, 76, 79, 83, 86, 87, 90 ], 
  [ 6, 7, 13, 14, 16, 23, 24, 26, 27, 36, 41, 43, 44, 52, 54, 58, 59, 63, 67, 
      68, 71, 73, 75, 80, 82, 84, 89, 90, 92 ], 
  [ 4, 8, 17, 19, 20, 22, 26, 28, 30, 32, 33, 42, 49, 50, 52, 53, 56, 60, 64, 
      65, 68, 70, 71, 72, 75, 76, 83, 84, 85, 86, 87 ], 
  [ 9, 13, 14, 15, 25, 26, 31, 32, 33, 36, 40, 41, 42, 43, 44, 54, 63, 64, 
      67, 68, 69, 70, 71, 73, 74, 75, 76, 87, 88, 89, 90, 91 ], 
  [ 2, 4, 9, 11, 13, 15, 19, 26, 28, 30, 31, 32, 36, 38, 40, 41, 42, 43, 49, 
      53, 65, 68, 69, 70, 71, 72, 75, 76, 77, 86, 88, 94 ], 
  [ 3, 7, 8, 9, 13, 17, 18, 19, 20, 22, 30, 31, 32, 33, 42, 47, 50, 52, 53, 
      55, 58, 61, 64, 65, 68, 71, 72, 73, 79, 81, 83, 85, 86, 87, 90 ], 
  [ 2, 5, 6, 15, 16, 17, 19, 20, 23, 25, 29, 32, 33, 35, 42, 44, 46, 48, 49, 
      50, 51, 52, 56, 60, 64, 69, 71, 72, 74, 75, 76, 82, 83, 84, 85, 87, 94 ]
    , [ 2, 5, 8, 11, 15, 17, 19, 20, 25, 28, 29, 32, 33, 35, 40, 42, 44, 46, 
      48, 49, 51, 53, 56, 60, 64, 65, 69, 70, 72, 74, 75, 76, 78, 83, 85, 87, 
      91, 93, 94 ], 
  [ 1, 5, 6, 7, 10, 13, 14, 15, 16, 18, 20, 23, 24, 25, 29, 30, 31, 32, 33, 
      34, 35, 37, 40, 41, 42, 47, 48, 50, 52, 57, 59, 62, 64, 65, 66, 67, 68, 
      69, 71, 72, 74, 76, 77, 78, 79, 81, 82, 83, 88, 89, 90, 92 ], 
  [ 2, 3, 5, 7, 8, 9, 11, 13, 15, 17, 18, 19, 20, 21, 22, 23, 24, 25, 30, 31, 
      32, 35, 36, 37, 38, 40, 42, 46, 47, 50, 52, 53, 55, 57, 58, 61, 62, 64, 
      65, 66, 67, 68, 71, 72, 73, 78, 79, 80, 81, 82, 83, 85, 86, 88, 89, 90, 
      95 ], [ 2, 3, 5, 6, 7, 9, 10, 11, 13, 15, 18, 19, 20, 21, 23, 24, 25, 
      29, 30, 31, 32, 35, 36, 37, 38, 39, 40, 41, 42, 46, 47, 50, 52, 53, 55, 
      57, 59, 62, 64, 65, 66, 67, 68, 69, 71, 72, 76, 77, 78, 79, 80, 82, 83, 
      86, 88, 89, 90, 94, 95 ], 
  [ 2, 3, 4, 8, 9, 11, 13, 14, 15, 17, 18, 19, 21, 22, 26, 28, 30, 31, 32, 
      33, 34, 35, 36, 38, 40, 41, 42, 43, 44, 47, 49, 50, 53, 54, 57, 61, 62, 
      63, 64, 65, 66, 68, 70, 71, 72, 73, 75, 76, 77, 78, 81, 82, 83, 86, 87, 
      88, 89, 90, 91, 96 ], 
  [ 4, 5, 6, 7, 8, 9, 10, 11, 13, 20, 22, 23, 24, 25, 26, 27, 28, 29, 30, 31, 
      32, 36, 37, 38, 39, 40, 41, 43, 45, 46, 52, 53, 55, 56, 58, 59, 60, 62, 
      63, 64, 65, 66, 67, 68, 69, 70, 71, 73, 76, 77, 78, 79, 80, 84, 85, 86, 
      88, 89, 90, 91, 93, 94, 95 ], 
  [ 1, 2, 4, 5, 6, 8, 10, 11, 14, 15, 16, 17, 18, 19, 20, 22, 23, 25, 26, 28, 
      29, 30, 31, 32, 33, 34, 35, 37, 38, 40, 41, 42, 45, 46, 48, 49, 50, 51, 
      52, 53, 56, 57, 60, 62, 64, 65, 66, 68, 69, 70, 71, 72, 74, 75, 76, 77, 
      78, 79, 81, 82, 83, 84, 85, 86, 88, 89, 93, 94 ], 
  [ 4, 5, 6, 7, 8, 13, 14, 15, 16, 17, 20, 22, 23, 24, 25, 26, 27, 28, 29, 
      30, 32, 33, 34, 35, 40, 41, 42, 43, 44, 47, 48, 49, 50, 52, 54, 56, 58, 
      59, 60, 61, 62, 63, 64, 65, 66, 67, 68, 69, 70, 71, 72, 73, 74, 75, 76, 
      77, 78, 81, 82, 83, 84, 85, 87, 88, 89, 90, 91, 92, 96 ], 
  [ 1, 2, 3, 4, 5, 7, 9, 12, 13, 14, 15, 16, 17, 18, 19, 20, 21, 22, 23, 24, 
      25, 26, 27, 30, 31, 32, 33, 34, 35, 36, 37, 38, 42, 43, 44, 45, 46, 47, 
      48, 49, 50, 51, 52, 54, 55, 56, 57, 58, 61, 62, 63, 64, 67, 68, 71, 72, 
      73, 74, 75, 79, 80, 81, 82, 83, 84, 85, 86, 87, 88, 89, 90, 92, 95, 96 ]
    , [ 2, 3, 4, 5, 6, 7, 8, 9, 11, 13, 15, 17, 19, 20, 21, 22, 23, 24, 25, 
      26, 27, 28, 29, 30, 32, 35, 36, 38, 39, 40, 41, 42, 43, 44, 46, 47, 49, 
      50, 52, 53, 54, 55, 56, 58, 59, 60, 61, 62, 63, 64, 65, 66, 67, 68, 69, 
      70, 71, 72, 73, 75, 76, 77, 78, 80, 82, 83, 84, 85, 86, 87, 88, 89, 90, 
      91, 94, 95, 96 ], 
  [ 1, 2, 4, 5, 6, 7, 8, 10, 11, 13, 14, 15, 16, 17, 20, 22, 23, 24, 25, 26, 
      27, 28, 29, 30, 31, 32, 33, 34, 35, 36, 37, 38, 40, 41, 43, 44, 45, 46, 
      48, 49, 51, 52, 56, 57, 58, 59, 60, 62, 63, 64, 65, 66, 67, 68, 69, 70, 
      71, 72, 73, 74, 75, 76, 77, 78, 79, 80, 81, 82, 84, 85, 88, 89, 90, 91, 
      92, 93, 94 ], 
  [ 1, 2, 3, 4, 5, 6, 7, 9, 10, 12, 13, 14, 15, 16, 18, 19, 20, 21, 23, 24, 
      25, 26, 27, 29, 30, 31, 32, 33, 34, 35, 36, 37, 38, 39, 41, 42, 43, 44, 
      45, 46, 47, 48, 49, 50, 51, 52, 54, 55, 56, 57, 59, 62, 63, 64, 67, 68, 
      69, 71, 72, 74, 75, 76, 77, 79, 80, 82, 83, 84, 86, 87, 88, 89, 90, 92, 
      94, 95, 96 ], 
  [ 1, 2, 3, 4, 5, 7, 9, 10, 11, 12, 13, 14, 15, 18, 19, 20, 21, 24, 25, 26, 
      27, 28, 29, 30, 31, 32, 33, 34, 35, 36, 37, 38, 39, 40, 41, 42, 43, 44, 
      45, 46, 47, 48, 49, 51, 53, 54, 55, 56, 57, 59, 62, 63, 64, 65, 67, 68, 
      69, 70, 72, 74, 75, 76, 77, 78, 79, 80, 83, 86, 87, 88, 89, 90, 91, 92, 
      93, 94, 95, 96 ], 
  [ 1, 2, 3, 4, 5, 6, 7, 8, 10, 11, 12, 14, 15, 16, 17, 18, 19, 20, 21, 22, 
      23, 24, 25, 26, 27, 28, 29, 30, 33, 34, 35, 37, 38, 39, 40, 41, 42, 44, 
      45, 46, 47, 48, 49, 50, 51, 52, 53, 54, 55, 56, 57, 58, 59, 60, 61, 62, 
      63, 64, 65, 66, 67, 68, 69, 70, 72, 74, 75, 76, 77, 78, 79, 80, 81, 82, 
      83, 84, 85, 86, 87, 88, 89, 90, 91, 92, 93, 94, 95, 96 ], 
  [ 1, 2, 3, 4, 5, 6, 7, 8, 9, 10, 11, 12, 13, 14, 16, 17, 18, 19, 20, 21, 
      22, 23, 24, 26, 27, 28, 29, 30, 31, 32, 33, 34, 35, 36, 37, 38, 39, 41, 
      43, 44, 45, 46, 47, 48, 49, 50, 51, 52, 53, 54, 55, 56, 57, 58, 59, 60, 
      61, 62, 63, 64, 65, 66, 68, 70, 71, 72, 73, 75, 76, 77, 78, 79, 80, 81, 
      82, 83, 84, 85, 86, 87, 89, 90, 91, 92, 93, 94, 95, 96 ], 
  [ 1, 2, 3, 4, 5, 6, 7, 8, 9, 10, 11, 12, 13, 14, 15, 16, 17, 18, 19, 20, 
      21, 22, 23, 24, 25, 26, 27, 28, 29, 30, 31, 32, 34, 35, 36, 37, 38, 39, 
      40, 41, 42, 43, 45, 46, 47, 48, 49, 50, 51, 52, 53, 54, 55, 56, 57, 58, 
      59, 60, 61, 62, 65, 66, 67, 68, 69, 70, 71, 72, 73, 74, 75, 77, 78, 79, 
      80, 81, 82, 83, 84, 85, 86, 88, 89, 92, 93, 94, 95, 96 ] ];
