return [ [ 5, 9, 25, 29, 32, 33, 38, 51, 52, 58, 67, 75, 77, 78, 79, 85 ], 
  [ 2, 16, 18, 20, 31, 32, 40, 44, 45, 47, 56, 58, 59, 69, 70, 71, 73, 80, 
      82, 88 ], 
  [ 5, 9, 10, 25, 35, 36, 38, 49, 54, 61, 62, 63, 64, 75, 76, 84, 85, 86, 89, 
      90 ], [ 5, 15, 18, 19, 25, 31, 36, 42, 43, 45, 46, 48, 54, 56, 57, 69, 
      71, 73, 74, 83, 84, 88 ], 
  [ 9, 11, 12, 25, 29, 37, 38, 39, 51, 52, 53, 58, 59, 60, 65, 67, 68, 76, 
      77, 78, 79, 86 ], 
  [ 14, 15, 18, 19, 30, 31, 36, 41, 42, 43, 45, 46, 48, 54, 66, 69, 71, 72, 
      73, 74, 83, 84, 88 ], 
  [ 5, 14, 15, 16, 17, 25, 31, 32, 33, 38, 42, 43, 44, 51, 52, 58, 69, 70, 
      71, 80, 81, 83, 87, 88 ], 
  [ 6, 13, 18, 24, 26, 35, 41, 42, 43, 45, 50, 53, 54, 55, 57, 63, 65, 72, 
      73, 84, 86, 87, 88, 91 ], 
  [ 6, 13, 18, 24, 35, 36, 41, 43, 45, 50, 53, 54, 55, 57, 61, 63, 72, 73, 
      83, 84, 85, 86, 88, 91 ], 
  [ 4, 9, 10, 11, 12, 20, 22, 27, 29, 34, 35, 37, 38, 39, 49, 51, 60, 61, 62, 
      75, 76, 78, 79, 85, 86 ], 
  [ 1, 9, 10, 14, 23, 24, 25, 30, 35, 38, 41, 42, 49, 53, 54, 59, 63, 64, 65, 
      68, 75, 76, 84, 85, 86, 89, 90 ], 
  [ 14, 16, 17, 25, 31, 32, 33, 37, 38, 39, 42, 43, 44, 51, 52, 53, 58, 59, 
      60, 70, 71, 76, 78, 79, 80, 81, 86, 87, 88 ], 
  [ 14, 23, 24, 25, 30, 31, 38, 41, 42, 43, 45, 46, 48, 53, 54, 59, 63, 64, 
      71, 73, 74, 75, 76, 84, 85, 86, 88, 89, 90 ], 
  [ 2, 4, 9, 10, 11, 12, 13, 16, 20, 22, 27, 29, 34, 35, 37, 38, 39, 49, 50, 
      51, 52, 61, 64, 67, 75, 79, 85, 86, 89 ], 
  [ 4, 8, 13, 15, 18, 19, 21, 26, 28, 36, 40, 42, 44, 45, 46, 47, 48, 50, 54, 
      55, 56, 57, 70, 71, 73, 74, 82, 84, 87, 88, 91 ], 
  [ 5, 6, 14, 15, 18, 24, 25, 30, 31, 36, 38, 41, 42, 43, 45, 46, 48, 53, 54, 
      57, 62, 63, 66, 69, 71, 73, 74, 75, 76, 83, 84, 85, 88, 90 ], 
  [ 1, 2, 8, 9, 11, 14, 16, 20, 25, 26, 27, 29, 31, 32, 37, 38, 39, 42, 44, 
      51, 52, 53, 58, 59, 60, 65, 67, 68, 70, 76, 78, 79, 80, 86, 87, 88 ], 
  [ 3, 5, 6, 9, 11, 12, 17, 22, 24, 25, 29, 33, 34, 35, 37, 38, 39, 43, 51, 
      52, 53, 57, 58, 60, 61, 62, 63, 65, 67, 75, 76, 77, 78, 79, 81, 83, 85, 
      86, 90 ], 
  [ 5, 6, 7, 9, 11, 12, 23, 24, 25, 29, 35, 37, 38, 39, 49, 52, 53, 54, 56, 
      57, 58, 59, 60, 61, 62, 63, 64, 65, 67, 68, 75, 76, 77, 78, 79, 85, 86, 
      89, 90 ], 
  [ 1, 5, 8, 9, 14, 15, 23, 24, 25, 26, 28, 29, 30, 32, 33, 38, 41, 42, 44, 
      45, 46, 52, 53, 56, 57, 58, 59, 65, 67, 68, 70, 71, 75, 77, 78, 79, 82, 
      85, 87, 88, 91 ], 
  [ 1, 5, 9, 10, 14, 15, 16, 17, 25, 27, 30, 31, 34, 36, 37, 38, 39, 40, 41, 
      42, 43, 50, 52, 58, 61, 62, 63, 64, 66, 69, 70, 72, 73, 74, 75, 76, 83, 
      84, 85, 86, 87 ], 
  [ 3, 5, 6, 15, 17, 18, 19, 21, 24, 25, 28, 30, 31, 33, 36, 40, 42, 43, 45, 
      46, 47, 48, 54, 56, 57, 58, 62, 63, 66, 69, 70, 71, 73, 74, 75, 76, 77, 
      81, 82, 83, 84, 90 ], 
  [ 2, 3, 4, 5, 9, 10, 11, 12, 13, 16, 17, 20, 21, 22, 25, 27, 29, 31, 34, 
      35, 36, 37, 38, 39, 40, 43, 48, 49, 50, 51, 52, 58, 61, 62, 63, 64, 67, 
      69, 73, 74, 75, 76, 77, 83, 84, 85, 86, 89, 90 ], 
  [ 2, 3, 4, 5, 8, 13, 15, 16, 17, 18, 19, 20, 21, 22, 25, 26, 28, 29, 31, 
      32, 33, 36, 40, 42, 43, 44, 45, 46, 47, 48, 50, 51, 52, 55, 56, 57, 58, 
      67, 69, 70, 71, 73, 74, 77, 80, 81, 82, 83, 84, 87, 88, 91 ], 
  [ 1, 2, 3, 4, 8, 10, 13, 14, 15, 16, 17, 18, 19, 20, 21, 22, 26, 27, 28, 
      30, 31, 32, 33, 34, 36, 40, 41, 42, 43, 44, 45, 46, 47, 48, 50, 51, 55, 
      66, 69, 70, 71, 72, 73, 74, 80, 81, 82, 83, 84, 87, 88, 91 ], 
  [ 1, 2, 5, 6, 8, 9, 11, 14, 15, 16, 18, 20, 24, 25, 26, 27, 28, 29, 30, 31, 
      32, 33, 38, 39, 42, 44, 45, 47, 51, 52, 53, 56, 57, 58, 59, 60, 62, 65, 
      66, 67, 68, 69, 70, 71, 75, 76, 77, 78, 79, 80, 81, 82, 87, 88 ], 
  [ 5, 6, 7, 14, 15, 16, 17, 18, 19, 23, 24, 25, 30, 31, 32, 33, 36, 37, 38, 
      39, 40, 41, 42, 43, 44, 45, 46, 47, 50, 52, 53, 54, 55, 56, 57, 58, 59, 
      60, 61, 62, 63, 64, 66, 69, 70, 71, 72, 73, 74, 75, 76, 78, 79, 80, 81, 
      82, 83, 84, 85, 86, 87, 88, 91 ], 
  [ 1, 2, 3, 4, 8, 9, 10, 11, 12, 13, 14, 16, 17, 20, 21, 22, 23, 24, 25, 26, 
      27, 28, 29, 30, 31, 32, 33, 34, 35, 37, 38, 39, 40, 41, 42, 43, 44, 45, 
      46, 48, 49, 50, 51, 52, 53, 58, 59, 63, 64, 65, 67, 68, 70, 71, 73, 74, 
      75, 76, 77, 78, 79, 82, 84, 85, 86, 87, 88, 89, 90, 91 ], 
  [ 1, 2, 4, 5, 6, 8, 9, 10, 11, 13, 14, 15, 16, 17, 18, 20, 22, 24, 25, 26, 
      27, 29, 30, 31, 32, 33, 34, 35, 36, 37, 38, 39, 40, 41, 42, 43, 44, 45, 
      47, 50, 51, 52, 53, 55, 57, 58, 60, 61, 62, 63, 65, 66, 67, 69, 70, 72, 
      73, 75, 76, 78, 79, 80, 81, 82, 83, 84, 85, 86, 87, 88, 91 ], 
  [ 1, 2, 4, 5, 6, 8, 9, 10, 11, 13, 14, 15, 16, 18, 20, 21, 23, 24, 25, 26, 
      27, 28, 29, 30, 31, 32, 35, 36, 38, 39, 40, 41, 42, 44, 45, 46, 47, 48, 
      49, 50, 52, 53, 54, 56, 57, 58, 59, 62, 63, 64, 65, 66, 67, 68, 69, 70, 
      71, 73, 74, 75, 76, 77, 78, 82, 84, 85, 87, 88, 89, 90, 91 ], 
  [ 1, 2, 3, 4, 5, 6, 8, 9, 10, 11, 13, 14, 15, 16, 17, 18, 20, 21, 22, 24, 
      25, 26, 27, 28, 29, 30, 31, 32, 33, 34, 35, 36, 38, 39, 40, 41, 42, 43, 
      44, 45, 46, 47, 48, 50, 51, 52, 53, 57, 58, 62, 63, 65, 66, 67, 69, 70, 
      71, 73, 74, 75, 76, 77, 78, 81, 82, 83, 84, 85, 87, 88, 90, 91 ], 
  [ 1, 2, 4, 5, 6, 7, 8, 9, 10, 11, 13, 14, 15, 16, 18, 20, 23, 24, 25, 26, 
      27, 29, 30, 31, 32, 35, 36, 37, 38, 39, 40, 41, 42, 44, 45, 47, 49, 50, 
      52, 53, 54, 55, 56, 57, 58, 59, 60, 61, 62, 63, 64, 65, 66, 67, 68, 69, 
      70, 72, 73, 75, 76, 78, 79, 80, 82, 84, 85, 86, 87, 88, 89, 91 ], 
  [ 1, 2, 3, 5, 6, 7, 9, 11, 12, 14, 15, 16, 17, 18, 19, 23, 24, 25, 26, 27, 
      28, 30, 31, 32, 33, 34, 37, 38, 39, 41, 42, 43, 45, 46, 48, 51, 52, 53, 
      54, 56, 57, 58, 59, 60, 61, 62, 63, 64, 65, 66, 67, 68, 69, 70, 71, 72, 
      73, 74, 75, 76, 77, 78, 79, 80, 81, 83, 85, 86, 87, 88, 89, 90 ], 
  [ 1, 2, 3, 4, 5, 6, 7, 8, 9, 10, 11, 12, 13, 14, 15, 16, 17, 18, 19, 20, 
      21, 22, 23, 25, 26, 27, 28, 29, 31, 32, 34, 35, 36, 37, 38, 39, 40, 41, 
      42, 43, 44, 46, 47, 48, 49, 50, 51, 52, 53, 54, 55, 56, 57, 58, 59, 60, 
      61, 62, 63, 64, 65, 66, 67, 68, 69, 70, 71, 72, 73, 74, 76, 77, 78, 80, 
      81, 83, 84, 85, 86, 87, 88, 89, 90, 91 ], 
  [ 1, 2, 3, 4, 5, 6, 7, 8, 9, 10, 11, 12, 13, 14, 15, 16, 18, 19, 20, 21, 
      22, 23, 24, 25, 26, 27, 28, 29, 30, 31, 32, 33, 34, 35, 36, 38, 39, 41, 
      42, 43, 44, 45, 46, 47, 48, 49, 50, 51, 52, 53, 54, 55, 56, 57, 59, 60, 
      61, 62, 64, 65, 66, 67, 68, 69, 71, 72, 74, 75, 76, 77, 78, 79, 80, 81, 
      82, 83, 84, 85, 86, 87, 88, 89, 90, 91 ] ];
