return [ [ 5, 16, 18, 19, 22, 25, 30, 34, 36, 41, 42, 44, 47 ], 
  [ 3, 12, 17, 20, 22, 24, 26, 27, 29, 31, 37, 38, 39, 43, 45 ], 
  [ 7, 14, 17, 18, 19, 20, 22, 26, 27, 34, 35, 36, 37, 39, 41, 44 ], 
  [ 7, 8, 16, 17, 18, 19, 20, 22, 24, 25, 31, 33, 36, 37, 42, 44, 45 ], 
  [ 2, 8, 9, 10, 14, 16, 17, 19, 20, 21, 23, 33, 34, 35, 36, 37, 41 ], 
  [ 3, 12, 13, 18, 22, 26, 27, 28, 30, 31, 34, 36, 38, 40, 44, 45, 47 ], 
  [ 3, 12, 21, 22, 26, 27, 28, 30, 32, 34, 35, 36, 38, 39, 40, 41, 43, 44, 
      46, 47 ], 
  [ 3, 7, 8, 12, 16, 18, 19, 20, 25, 30, 31, 33, 34, 35, 36, 37, 40, 42, 44, 
      45 ], [ 4, 5, 7, 8, 9, 11, 16, 18, 19, 21, 25, 30, 32, 33, 34, 35, 36, 
      40, 41, 42, 44, 47 ], 
  [ 1, 3, 5, 7, 9, 12, 13, 16, 18, 23, 25, 28, 30, 31, 33, 34, 35, 36, 40, 
      42, 44, 45 ], 
  [ 3, 5, 12, 13, 14, 18, 19, 20, 22, 25, 26, 27, 28, 30, 31, 34, 36, 37, 41, 
      42, 44, 45, 47 ], 
  [ 3, 4, 5, 9, 10, 12, 14, 16, 17, 20, 21, 22, 23, 25, 28, 34, 35, 36, 37, 
      41, 42, 43, 46 ], 
  [ 1, 2, 7, 8, 9, 10, 14, 17, 18, 19, 20, 21, 23, 26, 27, 29, 33, 34, 35, 
      36, 37, 38, 39, 41 ], 
  [ 1, 3, 7, 8, 9, 12, 16, 17, 18, 19, 20, 21, 23, 25, 26, 30, 31, 33, 34, 
      35, 36, 37, 38, 40, 41, 42, 45 ], 
  [ 1, 3, 4, 5, 6, 7, 9, 11, 12, 13, 15, 16, 18, 23, 25, 28, 30, 31, 32, 33, 
      34, 35, 40, 42, 44, 45, 46, 47 ], 
  [ 1, 3, 5, 7, 9, 12, 13, 14, 16, 17, 18, 19, 20, 22, 23, 25, 26, 28, 30, 
      31, 33, 34, 35, 36, 37, 41, 42, 44, 45 ], 
  [ 1, 3, 6, 7, 12, 13, 15, 16, 17, 18, 22, 23, 24, 26, 27, 28, 29, 30, 31, 
      32, 34, 35, 38, 39, 40, 43, 44, 45, 46, 47 ], 
  [ 1, 4, 5, 6, 7, 8, 9, 11, 13, 16, 17, 18, 19, 21, 22, 24, 25, 26, 30, 31, 
      32, 33, 36, 38, 40, 41, 42, 43, 44, 45, 47 ], 
  [ 3, 7, 8, 12, 16, 17, 18, 19, 20, 21, 22, 24, 25, 26, 27, 30, 31, 32, 34, 
      35, 36, 37, 38, 39, 40, 41, 42, 43, 44, 45, 47 ], 
  [ 1, 2, 3, 7, 8, 12, 13, 14, 15, 16, 17, 18, 19, 20, 22, 23, 24, 26, 27, 
      28, 29, 30, 31, 33, 34, 35, 36, 37, 38, 39, 40, 44, 45 ], 
  [ 1, 3, 4, 5, 6, 7, 9, 12, 13, 16, 17, 18, 21, 22, 23, 25, 26, 28, 30, 31, 
      32, 34, 35, 36, 38, 40, 41, 42, 43, 44, 45, 46, 47 ], 
  [ 1, 2, 4, 5, 6, 7, 8, 9, 10, 11, 13, 14, 17, 18, 19, 20, 21, 22, 24, 25, 
      26, 27, 29, 31, 32, 33, 36, 37, 38, 39, 41, 42, 43, 44, 45, 47 ], 
  [ 1, 3, 4, 5, 6, 7, 9, 10, 12, 13, 14, 17, 18, 20, 21, 22, 23, 25, 26, 27, 
      28, 29, 31, 32, 34, 35, 36, 37, 38, 39, 41, 42, 43, 44, 45, 46, 47 ], 
  [ 1, 2, 3, 4, 6, 7, 8, 9, 10, 11, 12, 15, 16, 17, 18, 19, 20, 21, 23, 24, 
      25, 26, 27, 29, 30, 31, 32, 33, 34, 35, 37, 38, 39, 40, 41, 42, 43, 45, 
      46, 47 ], 
  [ 1, 2, 3, 4, 5, 6, 7, 9, 10, 11, 12, 13, 14, 15, 16, 17, 18, 19, 20, 22, 
      23, 24, 25, 26, 27, 28, 29, 30, 31, 32, 33, 34, 35, 37, 39, 41, 42, 43, 
      44, 45, 46, 47 ], 
  [ 1, 2, 3, 4, 5, 6, 7, 8, 9, 10, 11, 12, 13, 14, 15, 18, 19, 20, 21, 23, 
      25, 26, 27, 28, 29, 30, 31, 32, 33, 34, 35, 36, 37, 38, 39, 40, 41, 42, 
      44, 45, 46, 47 ], 
  [ 1, 2, 3, 4, 5, 6, 7, 8, 9, 10, 11, 13, 14, 15, 16, 17, 18, 19, 20, 21, 
      22, 23, 24, 26, 27, 28, 29, 30, 31, 32, 33, 34, 35, 36, 38, 39, 40, 41, 
      42, 43, 44, 46, 47 ], 
  [ 1, 2, 3, 4, 5, 6, 7, 8, 9, 10, 11, 12, 13, 14, 15, 16, 17, 18, 20, 21, 
      22, 23, 24, 25, 27, 28, 29, 31, 32, 33, 34, 35, 36, 37, 38, 39, 40, 42, 
      43, 44, 45, 46, 47 ] ];
