return [ [ 2, 3, 5, 15, 16, 18, 20, 23, 31, 32, 33, 34, 38, 42, 44 ], 
  [ 2, 3, 5, 6, 15, 17, 20, 23, 24, 28, 30, 32, 34, 40, 44 ], 
  [ 2, 3, 5, 6, 15, 16, 18, 20, 23, 28, 31, 32, 33, 34, 42, 44 ], 
  [ 2, 3, 4, 5, 9, 15, 16, 17, 23, 31, 34, 36, 38, 39, 42, 43 ], 
  [ 1, 8, 9, 11, 13, 16, 21, 23, 28, 31, 33, 35, 37, 40, 46, 48 ], 
  [ 1, 8, 9, 10, 12, 13, 14, 28, 31, 32, 33, 34, 37, 40, 44, 47 ], 
  [ 2, 3, 5, 6, 15, 18, 20, 23, 28, 31, 32, 33, 34, 40, 42, 44, 47 ], 
  [ 2, 4, 5, 6, 13, 16, 17, 18, 23, 24, 29, 30, 34, 37, 44, 45, 46 ], 
  [ 2, 3, 4, 5, 9, 10, 15, 16, 22, 23, 31, 33, 38, 39, 40, 42, 43 ], 
  [ 2, 3, 4, 5, 9, 10, 15, 16, 17, 22, 23, 31, 38, 39, 40, 42, 43 ], 
  [ 3, 5, 8, 9, 10, 14, 15, 16, 17, 19, 21, 22, 25, 31, 33, 35, 43 ], 
  [ 1, 4, 9, 11, 13, 16, 18, 19, 21, 23, 25, 31, 33, 35, 37, 38, 48 ], 
  [ 2, 3, 5, 6, 15, 18, 20, 23, 24, 28, 30, 32, 33, 34, 37, 40, 44, 47 ], 
  [ 2, 3, 4, 9, 13, 16, 18, 19, 21, 23, 26, 28, 31, 33, 35, 37, 38, 48 ], 
  [ 3, 8, 9, 10, 15, 16, 17, 19, 21, 22, 25, 31, 33, 35, 40, 43, 46, 48 ], 
  [ 4, 9, 10, 11, 13, 16, 19, 21, 22, 23, 25, 31, 33, 35, 38, 40, 46, 48 ], 
  [ 2, 4, 9, 10, 11, 13, 16, 19, 21, 22, 23, 25, 31, 38, 40, 42, 46, 48 ], 
  [ 1, 8, 9, 10, 11, 13, 16, 19, 21, 24, 25, 27, 35, 37, 38, 41, 46, 48 ], 
  [ 2, 4, 6, 7, 13, 15, 16, 17, 18, 19, 24, 25, 27, 34, 38, 42, 44, 46, 48 ], 
  [ 2, 3, 4, 5, 9, 15, 16, 18, 20, 23, 31, 32, 33, 34, 36, 38, 39, 42, 43 ], 
  [ 2, 3, 4, 8, 9, 15, 16, 18, 20, 23, 24, 31, 32, 33, 36, 38, 39, 43, 48 ], 
  [ 2, 3, 4, 5, 9, 10, 15, 18, 22, 23, 31, 32, 33, 38, 39, 40, 42, 43, 47 ], 
  [ 1, 8, 9, 10, 11, 13, 16, 19, 21, 23, 25, 31, 33, 35, 37, 38, 40, 46, 48 ],
  [ 3, 8, 9, 10, 11, 14, 16, 17, 19, 21, 22, 25, 31, 33, 35, 39, 40, 43, 46 ],
  [ 2, 3, 4, 8, 9, 15, 16, 17, 23, 24, 27, 31, 34, 36, 38, 39, 42, 43, 46, 48 
     ], [ 2, 3, 4, 8, 9, 15, 16, 18, 23, 24, 27, 31, 32, 34, 36, 38, 39, 42, 
      43, 48 ], 
  [ 2, 3, 4, 5, 8, 9, 14, 15, 16, 17, 23, 24, 29, 31, 34, 36, 38, 39, 46, 48 ]
    , [ 2, 3, 5, 9, 10, 15, 18, 20, 23, 31, 32, 33, 34, 36, 38, 40, 42, 43, 
      44, 47 ], 
  [ 1, 3, 4, 8, 9, 11, 13, 16, 18, 21, 23, 28, 31, 32, 33, 35, 37, 38, 39, 48 
     ], [ 2, 3, 5, 8, 13, 14, 15, 16, 18, 20, 23, 24, 28, 29, 31, 32, 33, 34, 
      38, 44, 48 ], 
  [ 2, 3, 4, 9, 10, 13, 18, 19, 21, 22, 23, 26, 28, 29, 31, 33, 37, 38, 40, 
      47, 48 ], 
  [ 1, 2, 6, 8, 11, 13, 14, 16, 23, 24, 27, 28, 29, 31, 34, 37, 40, 42, 45, 
      46, 48 ], 
  [ 1, 4, 9, 10, 11, 13, 16, 18, 19, 21, 22, 23, 25, 33, 35, 37, 38, 40, 46, 
      47, 48 ], 
  [ 1, 2, 8, 9, 10, 11, 13, 16, 19, 21, 23, 24, 25, 27, 31, 37, 38, 40, 42, 
      46, 48 ], 
  [ 3, 4, 8, 9, 10, 11, 16, 19, 21, 22, 23, 25, 31, 33, 35, 38, 39, 40, 43, 
      46, 48 ], 
  [ 2, 3, 4, 5, 6, 13, 14, 16, 18, 20, 23, 28, 29, 31, 32, 33, 34, 38, 39, 
      42, 44, 45 ], 
  [ 2, 3, 5, 6, 8, 14, 15, 16, 17, 20, 23, 24, 27, 28, 31, 32, 33, 34, 40, 
      42, 44, 45 ], 
  [ 2, 3, 4, 5, 8, 9, 14, 15, 16, 18, 20, 23, 24, 29, 31, 32, 33, 34, 36, 38, 
      39, 48 ], 
  [ 2, 3, 5, 8, 9, 10, 14, 15, 19, 21, 22, 24, 26, 28, 29, 31, 33, 37, 40, 
      41, 47, 48 ], 
  [ 2, 3, 5, 6, 8, 9, 10, 14, 15, 16, 17, 21, 24, 27, 28, 31, 33, 34, 40, 42, 
      44, 45 ], 
  [ 1, 2, 4, 9, 10, 11, 13, 16, 18, 19, 21, 22, 23, 25, 31, 33, 37, 38, 40, 
      42, 47, 48 ], 
  [ 2, 3, 4, 5, 6, 13, 14, 16, 18, 20, 23, 24, 28, 29, 30, 32, 33, 34, 37, 
      38, 39, 44, 45 ], 
  [ 1, 2, 4, 6, 9, 10, 11, 13, 16, 18, 19, 21, 22, 23, 25, 33, 34, 37, 38, 
      40, 42, 44, 47 ], 
  [ 2, 3, 5, 8, 9, 10, 14, 15, 16, 17, 19, 21, 22, 24, 26, 28, 29, 31, 33, 
      35, 40, 41, 46, 48 ], 
  [ 2, 3, 5, 8, 9, 10, 11, 14, 15, 16, 17, 19, 21, 22, 24, 25, 27, 31, 33, 
      39, 40, 42, 43, 45 ], 
  [ 2, 3, 4, 7, 8, 9, 16, 18, 19, 20, 23, 24, 26, 30, 31, 32, 33, 35, 36, 37, 
      38, 39, 41, 43, 48 ], 
  [ 2, 3, 4, 8, 9, 10, 11, 15, 16, 17, 19, 21, 22, 23, 24, 25, 27, 31, 38, 
      39, 40, 42, 43, 46, 48 ], 
  [ 2, 3, 5, 8, 9, 10, 14, 15, 16, 17, 20, 23, 24, 27, 31, 32, 33, 34, 36, 
      38, 39, 40, 42, 43, 44, 45 ], 
  [ 1, 2, 3, 5, 8, 9, 10, 11, 14, 15, 19, 21, 22, 24, 25, 27, 31, 32, 33, 37, 
      39, 40, 42, 43, 45, 47 ], 
  [ 1, 2, 4, 6, 9, 10, 11, 13, 15, 16, 17, 18, 19, 21, 22, 23, 24, 25, 27, 
      34, 37, 38, 40, 42, 44, 46, 47, 48 ], 
  [ 2, 3, 4, 8, 9, 10, 11, 13, 14, 16, 19, 21, 22, 23, 24, 26, 28, 29, 31, 
      33, 35, 37, 38, 39, 40, 41, 46, 48 ], 
  [ 1, 2, 3, 4, 8, 9, 10, 11, 15, 16, 18, 19, 21, 22, 23, 24, 25, 27, 31, 32, 
      33, 37, 38, 39, 40, 42, 43, 47, 48 ], 
  [ 2, 3, 5, 8, 9, 10, 12, 13, 14, 15, 16, 17, 20, 23, 24, 26, 28, 29, 31, 
      33, 34, 35, 36, 38, 40, 41, 44, 46, 48 ], 
  [ 2, 3, 4, 5, 7, 8, 9, 10, 14, 15, 16, 17, 19, 20, 22, 23, 24, 26, 29, 31, 
      33, 35, 36, 38, 39, 40, 41, 43, 46, 48 ], 
  [ 2, 3, 5, 8, 9, 10, 12, 13, 14, 15, 18, 20, 23, 24, 26, 28, 29, 30, 31, 
      32, 33, 34, 36, 37, 38, 40, 41, 44, 47, 48 ], 
  [ 2, 3, 4, 5, 7, 8, 9, 10, 14, 15, 18, 19, 20, 22, 23, 24, 26, 29, 30, 31, 
      32, 33, 36, 37, 38, 39, 40, 41, 43, 47, 48 ], 
  [ 2, 3, 4, 5, 6, 8, 9, 10, 11, 13, 14, 15, 16, 17, 21, 22, 23, 24, 27, 28, 
      29, 31, 34, 38, 39, 40, 42, 44, 45, 46, 48 ], 
  [ 1, 3, 4, 7, 8, 9, 10, 11, 15, 16, 17, 18, 19, 20, 21, 22, 23, 24, 25, 27, 
      30, 32, 33, 35, 36, 37, 38, 39, 40, 41, 43, 46, 47, 48 ], 
  [ 1, 2, 3, 4, 5, 6, 8, 9, 10, 11, 13, 14, 15, 16, 18, 21, 22, 23, 24, 27, 
      28, 29, 31, 32, 33, 34, 37, 38, 39, 40, 42, 44, 45, 47, 48 ], 
  [ 1, 2, 3, 4, 5, 6, 7, 9, 10, 11, 15, 16, 17, 18, 19, 20, 21, 22, 23, 24, 
      25, 27, 30, 32, 33, 34, 36, 37, 38, 39, 40, 42, 43, 44, 45, 47 ], 
  [ 2, 3, 4, 5, 6, 7, 9, 10, 12, 13, 15, 16, 17, 18, 19, 20, 21, 22, 23, 25, 
      26, 28, 29, 31, 33, 34, 35, 36, 38, 40, 42, 43, 44, 46, 47, 48 ], 
  [ 2, 3, 4, 5, 6, 7, 9, 10, 12, 13, 15, 16, 17, 18, 19, 20, 21, 22, 23, 24, 
      26, 28, 29, 30, 33, 34, 35, 36, 37, 38, 40, 41, 44, 46, 47, 48 ], 
  [ 2, 3, 4, 5, 6, 7, 9, 10, 11, 12, 13, 14, 16, 17, 19, 20, 21, 22, 23, 25, 
      26, 28, 29, 31, 33, 34, 35, 36, 38, 39, 40, 42, 43, 44, 45, 46 ], 
  [ 1, 2, 5, 6, 8, 9, 10, 11, 12, 13, 14, 15, 16, 17, 19, 21, 22, 24, 25, 26, 
      27, 28, 29, 31, 33, 34, 35, 37, 40, 41, 42, 44, 45, 46, 47, 48 ], 
  [ 1, 2, 3, 4, 5, 6, 7, 9, 10, 11, 12, 13, 14, 18, 19, 20, 21, 22, 23, 25, 
      26, 28, 29, 30, 31, 32, 33, 34, 36, 37, 38, 39, 40, 42, 43, 44, 45, 47 ]
    , [ 1, 2, 3, 6, 7, 8, 9, 10, 12, 13, 15, 16, 17, 18, 19, 20, 21, 23, 24, 
      25, 26, 27, 28, 30, 31, 32, 33, 34, 35, 36, 37, 38, 40, 41, 42, 43, 44, 
      46, 47, 48 ], 
  [ 1, 3, 4, 5, 6, 8, 9, 10, 11, 12, 13, 14, 15, 16, 17, 18, 20, 21, 22, 23, 
      25, 27, 28, 29, 31, 32, 33, 34, 35, 36, 38, 39, 40, 42, 43, 44, 45, 46, 
      47, 48 ], 
  [ 1, 2, 3, 4, 5, 6, 7, 8, 10, 11, 13, 14, 15, 16, 17, 18, 19, 20, 21, 22, 
      23, 24, 25, 26, 27, 28, 29, 30, 31, 32, 33, 35, 37, 38, 39, 40, 41, 42, 
      43, 44, 45, 46, 47, 48 ], 
  [ 1, 2, 4, 5, 7, 8, 9, 10, 11, 12, 13, 14, 15, 16, 17, 18, 19, 20, 22, 23, 
      24, 25, 26, 27, 29, 30, 31, 32, 33, 34, 35, 36, 37, 38, 39, 40, 41, 42, 
      43, 44, 45, 46, 47, 48 ], 
  [ 1, 2, 3, 4, 5, 6, 7, 8, 9, 10, 11, 12, 13, 14, 15, 16, 18, 19, 20, 21, 
      22, 24, 25, 26, 27, 28, 29, 30, 31, 32, 33, 34, 35, 36, 37, 38, 39, 41, 
      42, 43, 44, 45, 47, 48 ] ];
