return [ [ 4, 6, 7, 13, 14, 15, 16, 17, 20, 21, 24, 33, 36, 37, 39, 41, 42 ], 
  [ 1, 8, 12, 17, 18, 19, 22, 23, 24, 25, 26, 27, 28, 29, 42, 43, 44 ], 
  [ 1, 8, 12, 13, 17, 18, 19, 22, 23, 24, 25, 27, 29, 36, 37, 38, 40 ], 
  [ 4, 6, 7, 15, 17, 18, 19, 21, 24, 26, 31, 32, 33, 35, 37, 38, 39, 41 ], 
  [ 4, 6, 7, 13, 14, 15, 16, 18, 20, 21, 24, 32, 33, 36, 38, 39, 40, 44 ], 
  [ 4, 6, 7, 15, 17, 18, 19, 21, 24, 26, 28, 29, 31, 32, 33, 35, 37, 41, 44 ],
  [ 4, 6, 7, 15, 17, 19, 21, 24, 26, 28, 29, 31, 32, 33, 35, 37, 41, 42, 43, 
      44 ], 
  [ 4, 6, 7, 15, 16, 20, 21, 24, 26, 28, 29, 31, 32, 33, 35, 37, 41, 42, 43, 
      44 ], [ 1, 8, 12, 17, 18, 19, 22, 23, 24, 25, 26, 27, 28, 29, 36, 37, 
      38, 39, 40, 41 ], 
  [ 4, 6, 7, 9, 10, 11, 13, 14, 15, 16, 17, 20, 21, 30, 31, 33, 35, 36, 37, 
      39, 41, 42 ], 
  [ 4, 6, 7, 13, 14, 15, 16, 17, 19, 20, 21, 24, 26, 31, 32, 33, 35, 37, 38, 
      39, 41, 42, 43 ], 
  [ 4, 6, 7, 13, 14, 15, 16, 20, 21, 24, 26, 28, 29, 32, 33, 36, 37, 38, 39, 
      40, 41, 42, 43, 44 ], 
  [ 1, 2, 3, 4, 5, 6, 7, 9, 11, 14, 17, 18, 19, 21, 23, 24, 25, 27, 28, 30, 
      33, 36, 39, 40, 41 ], 
  [ 1, 3, 5, 6, 7, 12, 15, 17, 18, 19, 21, 22, 23, 24, 25, 26, 27, 31, 32, 
      33, 35, 37, 38, 39, 41 ], 
  [ 1, 2, 3, 4, 6, 8, 9, 10, 13, 14, 18, 19, 20, 22, 23, 24, 25, 27, 29, 30, 
      32, 34, 36, 38, 40, 43 ], 
  [ 1, 2, 3, 4, 5, 6, 7, 8, 9, 10, 11, 13, 14, 15, 16, 17, 20, 21, 23, 24, 
      27, 36, 37, 39, 41, 42 ], 
  [ 1, 3, 5, 6, 7, 12, 15, 17, 18, 19, 21, 22, 23, 24, 25, 26, 27, 28, 29, 
      31, 32, 33, 35, 37, 41, 44 ], 
  [ 1, 2, 3, 4, 5, 6, 7, 9, 11, 14, 17, 18, 21, 23, 24, 25, 26, 27, 28, 29, 
      30, 33, 36, 39, 42, 43, 44 ], 
  [ 1, 3, 6, 8, 12, 13, 15, 17, 18, 19, 20, 22, 23, 24, 25, 26, 27, 28, 29, 
      31, 32, 37, 38, 40, 41, 42, 44 ], 
  [ 1, 3, 5, 6, 7, 8, 12, 15, 16, 17, 19, 20, 21, 22, 23, 24, 25, 26, 27, 31, 
      32, 33, 35, 37, 38, 39, 41 ], 
  [ 4, 6, 7, 9, 11, 13, 14, 15, 17, 18, 19, 21, 26, 28, 29, 30, 31, 32, 33, 
      34, 35, 36, 37, 38, 39, 40, 41, 42, 43, 44 ], 
  [ 4, 6, 7, 9, 10, 11, 13, 14, 15, 16, 20, 21, 26, 28, 29, 30, 31, 32, 33, 
      34, 35, 36, 37, 38, 39, 40, 41, 42, 43, 44 ], 
  [ 1, 3, 5, 6, 7, 8, 12, 15, 16, 17, 19, 20, 21, 22, 23, 24, 25, 26, 27, 28, 
      29, 31, 32, 33, 35, 37, 41, 42, 43, 44 ], 
  [ 1, 2, 3, 4, 5, 6, 7, 9, 11, 13, 14, 15, 17, 18, 19, 21, 23, 24, 26, 27, 
      28, 29, 36, 37, 38, 39, 40, 41, 42, 43, 44 ], 
  [ 1, 2, 3, 4, 5, 6, 7, 9, 11, 12, 17, 18, 19, 21, 22, 23, 24, 25, 26, 27, 
      28, 29, 30, 31, 32, 33, 34, 35, 42, 43, 44 ], 
  [ 3, 4, 6, 7, 9, 13, 14, 15, 17, 18, 19, 20, 21, 23, 24, 25, 26, 28, 29, 
      30, 31, 32, 33, 36, 37, 38, 39, 40, 41, 42, 43, 44 ], 
  [ 1, 2, 3, 4, 5, 6, 7, 8, 9, 10, 11, 13, 14, 15, 16, 20, 21, 23, 24, 26, 
      27, 28, 29, 36, 37, 38, 39, 40, 41, 42, 43, 44 ], 
  [ 1, 2, 3, 4, 5, 6, 7, 8, 9, 10, 11, 13, 14, 15, 16, 17, 18, 20, 21, 23, 
      24, 25, 27, 28, 30, 33, 36, 39, 40, 41, 42, 44 ], 
  [ 1, 2, 3, 4, 5, 6, 7, 8, 9, 10, 11, 12, 16, 20, 21, 22, 23, 24, 25, 26, 
      27, 28, 29, 30, 31, 32, 33, 34, 35, 42, 43, 44 ], 
  [ 1, 2, 3, 4, 5, 6, 7, 9, 11, 13, 14, 17, 18, 19, 21, 22, 23, 24, 25, 26, 
      27, 28, 29, 30, 32, 33, 34, 36, 38, 39, 40, 42, 43 ], 
  [ 1, 3, 5, 6, 7, 8, 13, 14, 15, 16, 17, 18, 19, 20, 21, 22, 23, 24, 25, 26, 
      27, 28, 29, 32, 33, 36, 37, 38, 39, 40, 41, 42, 43, 44 ], 
  [ 1, 2, 3, 4, 5, 6, 7, 9, 11, 12, 17, 18, 19, 21, 22, 23, 24, 25, 26, 27, 
      28, 29, 30, 31, 32, 33, 34, 35, 36, 37, 38, 39, 40, 41 ], 
  [ 1, 2, 3, 4, 5, 6, 7, 8, 9, 10, 11, 13, 14, 16, 18, 20, 21, 22, 23, 24, 
      25, 26, 27, 28, 29, 30, 32, 33, 34, 36, 38, 39, 40, 42, 43, 44 ], 
  [ 4, 6, 7, 8, 10, 12, 13, 14, 15, 16, 17, 18, 19, 20, 22, 23, 24, 25, 26, 
      27, 28, 29, 30, 31, 32, 33, 34, 35, 36, 37, 38, 39, 40, 41, 42, 43, 44 ]
    , [ 1, 2, 3, 4, 5, 6, 7, 8, 9, 10, 11, 12, 13, 14, 15, 16, 17, 18, 19, 
      20, 21, 22, 23, 24, 25, 27, 30, 31, 32, 33, 34, 35, 36, 37, 38, 39, 40, 
      41 ], [ 1, 2, 3, 4, 5, 6, 7, 8, 9, 10, 11, 12, 13, 15, 16, 17, 18, 20, 
      21, 22, 23, 24, 25, 26, 27, 28, 29, 30, 31, 32, 33, 34, 35, 36, 37, 38, 
      39, 40, 41, 42, 44 ], 
  [ 1, 2, 3, 4, 5, 6, 7, 8, 9, 10, 11, 12, 13, 14, 15, 16, 17, 18, 19, 20, 
      21, 22, 23, 24, 25, 26, 27, 28, 30, 31, 32, 33, 34, 35, 38, 39, 40, 41, 
      42, 43, 44 ], 
  [ 1, 2, 3, 4, 5, 6, 8, 9, 10, 11, 12, 13, 14, 15, 16, 17, 18, 19, 20, 21, 
      22, 24, 25, 26, 27, 28, 29, 30, 31, 32, 33, 34, 35, 36, 37, 38, 39, 40, 
      41, 42, 43, 44 ] ];
