return [ [ 5, 14, 15, 17, 18, 19, 20, 29, 33, 35, 36, 37, 38, 42, 44, 45 ], 
  [ 5, 13, 14, 18, 19, 20, 23, 26, 29, 33, 35, 37, 38, 42, 43, 44 ], 
  [ 5, 14, 15, 18, 19, 20, 23, 26, 30, 33, 35, 38, 42, 43, 44, 45 ], 
  [ 1, 5, 12, 13, 14, 18, 19, 26, 29, 30, 33, 35, 39, 42, 43, 44 ], 
  [ 1, 5, 11, 12, 13, 14, 15, 17, 18, 19, 20, 29, 30, 38, 42, 44 ], 
  [ 1, 5, 7, 13, 14, 15, 20, 23, 26, 29, 30, 32, 33, 38, 42, 43, 44 ], 
  [ 1, 5, 12, 13, 14, 15, 17, 18, 19, 26, 30, 33, 35, 38, 42, 44, 47 ], 
  [ 1, 5, 12, 13, 14, 15, 17, 18, 19, 20, 29, 30, 33, 35, 38, 42, 44 ], 
  [ 1, 5, 12, 13, 14, 19, 23, 26, 29, 30, 33, 34, 35, 39, 42, 43, 44 ], 
  [ 1, 5, 12, 13, 14, 15, 17, 18, 20, 23, 30, 33, 35, 38, 41, 42, 44 ], 
  [ 1, 5, 6, 12, 14, 15, 19, 22, 23, 26, 29, 30, 33, 35, 42, 43, 44 ], 
  [ 5, 14, 15, 18, 19, 20, 23, 26, 29, 33, 35, 36, 37, 38, 42, 43, 44, 45 ], 
  [ 5, 7, 11, 13, 14, 15, 18, 19, 20, 23, 29, 30, 37, 38, 42, 43, 44, 45 ], 
  [ 1, 8, 10, 11, 15, 16, 17, 21, 22, 24, 27, 28, 32, 38, 40, 41, 46, 47 ], 
  [ 1, 5, 12, 13, 14, 15, 17, 18, 19, 26, 29, 30, 33, 35, 39, 42, 44, 47 ], 
  [ 1, 5, 12, 13, 14, 15, 17, 18, 23, 26, 30, 33, 35, 38, 41, 42, 44, 47 ], 
  [ 1, 5, 6, 12, 14, 19, 22, 23, 26, 29, 30, 33, 34, 35, 39, 42, 43, 44 ], 
  [ 5, 7, 13, 14, 15, 18, 19, 20, 23, 26, 29, 30, 33, 37, 38, 42, 43, 44, 45 ]
    , [ 5, 7, 9, 13, 14, 18, 19, 20, 23, 26, 30, 33, 35, 37, 38, 42, 43, 44, 
      45 ], 
  [ 1, 5, 7, 11, 13, 15, 20, 23, 26, 29, 30, 32, 33, 38, 40, 42, 43, 44, 46 ],
  [ 3, 8, 9, 11, 16, 17, 20, 22, 23, 25, 27, 30, 32, 34, 40, 41, 43, 44, 46 ],
  [ 3, 8, 9, 11, 13, 16, 17, 18, 21, 24, 28, 32, 33, 38, 39, 40, 41, 42, 47 ],
  [ 1, 10, 11, 14, 15, 16, 17, 21, 22, 24, 27, 29, 32, 34, 39, 40, 41, 46, 47 
     ], [ 1, 3, 10, 11, 16, 17, 21, 22, 24, 25, 27, 29, 32, 34, 39, 40, 43, 
      44, 46 ], 
  [ 1, 5, 12, 13, 14, 15, 18, 19, 20, 23, 26, 29, 30, 33, 35, 38, 42, 43, 44 ]
    , [ 5, 6, 12, 14, 15, 18, 19, 20, 23, 26, 29, 30, 33, 35, 36, 42, 43, 44, 
      45 ], 
  [ 5, 6, 8, 12, 15, 18, 19, 20, 23, 26, 30, 33, 35, 36, 38, 42, 43, 44, 45 ],
  [ 1, 5, 11, 12, 13, 14, 15, 17, 18, 20, 23, 29, 30, 33, 38, 40, 41, 42, 44 ]
    , [ 3, 9, 13, 14, 18, 19, 20, 23, 24, 26, 29, 33, 34, 35, 37, 38, 39, 42, 
      43, 44 ], 
  [ 3, 8, 9, 11, 16, 17, 18, 21, 24, 27, 28, 31, 33, 35, 38, 39, 40, 41, 42, 
      47 ], 
  [ 3, 8, 9, 11, 13, 15, 16, 17, 18, 20, 21, 24, 27, 28, 32, 38, 40, 41, 46, 
      47 ], 
  [ 3, 8, 9, 11, 16, 17, 19, 22, 24, 25, 26, 30, 32, 34, 39, 42, 43, 44, 46, 
      47 ], [ 8, 9, 14, 15, 16, 17, 18, 19, 20, 23, 26, 30, 33, 35, 38, 41, 
      42, 43, 44, 45, 47 ], 
  [ 1, 5, 11, 14, 15, 16, 17, 18, 19, 20, 24, 27, 29, 35, 36, 37, 38, 42, 43, 
      44, 45 ], 
  [ 3, 8, 9, 11, 16, 17, 19, 22, 24, 25, 26, 27, 31, 34, 35, 39, 42, 43, 44, 
      46, 47 ], 
  [ 3, 8, 9, 11, 16, 17, 19, 20, 22, 24, 25, 27, 29, 30, 32, 34, 39, 40, 43, 
      44, 46 ], 
  [ 1, 5, 7, 11, 13, 14, 15, 16, 17, 18, 19, 20, 24, 29, 30, 32, 37, 38, 42, 
      43, 44, 45 ], 
  [ 1, 5, 7, 11, 13, 14, 15, 19, 20, 23, 24, 26, 29, 30, 32, 34, 37, 38, 42, 
      43, 44, 46 ], 
  [ 3, 8, 9, 11, 16, 17, 22, 23, 25, 26, 30, 32, 33, 34, 39, 40, 41, 42, 43, 
      44, 46, 47 ], 
  [ 3, 8, 9, 11, 13, 17, 21, 23, 24, 26, 28, 32, 33, 34, 38, 39, 40, 41, 42, 
      44, 46, 47 ], 
  [ 1, 5, 6, 12, 14, 15, 16, 17, 18, 19, 22, 26, 29, 30, 33, 35, 39, 42, 43, 
      44, 45, 47 ], 
  [ 2, 4, 5, 6, 7, 12, 13, 14, 15, 18, 19, 20, 23, 26, 29, 30, 33, 36, 37, 
      42, 44, 45 ], 
  [ 1, 5, 7, 9, 13, 14, 19, 20, 23, 24, 26, 29, 30, 32, 33, 34, 35, 37, 38, 
      39, 42, 43, 44 ], 
  [ 1, 5, 7, 11, 13, 14, 15, 16, 17, 18, 20, 23, 29, 30, 32, 33, 38, 40, 41, 
      42, 43, 44, 45 ], 
  [ 1, 5, 7, 9, 13, 14, 15, 16, 17, 18, 20, 23, 26, 30, 32, 33, 35, 38, 41, 
      42, 43, 44, 45, 47 ], 
  [ 1, 5, 6, 8, 12, 14, 15, 16, 17, 18, 19, 22, 23, 26, 30, 33, 35, 38, 41, 
      42, 43, 44, 45, 47 ], 
  [ 1, 5, 7, 9, 13, 14, 15, 16, 17, 18, 19, 20, 24, 26, 29, 30, 32, 33, 35, 
      37, 38, 39, 42, 43, 44, 45, 47 ], 
  [ 2, 4, 5, 6, 7, 9, 12, 13, 14, 15, 17, 18, 19, 20, 26, 29, 30, 31, 33, 35, 
      36, 37, 39, 42, 44, 45, 47 ], 
  [ 2, 3, 4, 5, 6, 7, 8, 9, 12, 13, 18, 19, 20, 23, 25, 26, 28, 30, 31, 33, 
      35, 36, 37, 38, 42, 43, 44, 45 ], 
  [ 1, 5, 6, 8, 11, 12, 14, 15, 16, 17, 18, 19, 20, 22, 23, 27, 29, 30, 33, 
      35, 36, 38, 40, 41, 42, 43, 44, 45 ], 
  [ 2, 4, 5, 6, 7, 8, 11, 12, 13, 14, 15, 17, 18, 19, 20, 23, 28, 29, 30, 33, 
      36, 37, 38, 40, 41, 42, 44, 45 ], 
  [ 2, 3, 4, 6, 7, 8, 9, 10, 11, 12, 13, 16, 17, 18, 21, 22, 25, 28, 30, 31, 
      32, 33, 39, 40, 41, 42, 45, 47 ], 
  [ 2, 3, 4, 5, 6, 7, 9, 12, 13, 14, 18, 19, 20, 23, 25, 26, 29, 30, 31, 33, 
      34, 35, 36, 37, 39, 42, 43, 44, 45 ], 
  [ 2, 3, 4, 6, 7, 8, 9, 10, 11, 12, 13, 17, 19, 21, 22, 24, 25, 26, 28, 30, 
      31, 32, 34, 37, 39, 42, 44, 46, 47 ], 
  [ 1, 3, 8, 9, 10, 11, 16, 17, 21, 22, 23, 24, 25, 26, 27, 28, 31, 32, 33, 
      34, 35, 38, 39, 40, 41, 42, 43, 44, 46, 47 ], 
  [ 2, 4, 5, 6, 7, 8, 9, 12, 13, 14, 15, 17, 18, 19, 20, 23, 26, 28, 30, 31, 
      33, 35, 36, 37, 38, 41, 42, 44, 45, 47 ], 
  [ 2, 3, 4, 6, 7, 8, 9, 10, 11, 12, 13, 17, 21, 22, 23, 25, 26, 28, 30, 31, 
      32, 33, 34, 39, 40, 41, 42, 44, 46, 47 ], 
  [ 2, 3, 4, 6, 7, 8, 9, 10, 11, 12, 13, 14, 16, 17, 18, 19, 21, 22, 24, 25, 
      28, 30, 31, 32, 34, 37, 39, 41, 42, 45, 47 ], 
  [ 3, 8, 9, 11, 14, 15, 16, 17, 18, 19, 20, 23, 24, 25, 26, 27, 28, 29, 31, 
      33, 34, 35, 36, 37, 38, 39, 40, 41, 42, 43, 44, 45, 46, 47 ], 
  [ 3, 7, 8, 9, 11, 13, 14, 15, 16, 17, 18, 19, 20, 23, 24, 25, 26, 28, 29, 
      30, 32, 33, 34, 37, 38, 39, 40, 41, 42, 43, 44, 45, 46, 47 ], 
  [ 3, 6, 8, 9, 11, 12, 14, 15, 16, 17, 18, 19, 20, 22, 23, 25, 26, 27, 29, 
      30, 31, 33, 34, 35, 36, 39, 40, 41, 42, 43, 44, 45, 46, 47 ], 
  [ 1, 3, 8, 9, 11, 12, 13, 14, 15, 16, 17, 18, 19, 20, 21, 22, 23, 24, 26, 
      27, 29, 30, 32, 33, 34, 35, 38, 39, 40, 41, 42, 43, 44, 46, 47 ], 
  [ 2, 3, 4, 6, 7, 8, 9, 11, 12, 13, 14, 15, 17, 18, 19, 20, 23, 25, 26, 28, 
      29, 30, 31, 33, 34, 36, 37, 39, 40, 41, 42, 44, 45, 46, 47 ], 
  [ 2, 3, 4, 6, 7, 8, 9, 10, 11, 12, 13, 14, 15, 16, 17, 18, 19, 20, 21, 22, 
      24, 25, 27, 28, 29, 30, 31, 32, 34, 36, 37, 39, 40, 41, 45, 46, 47 ], 
  [ 1, 2, 3, 4, 5, 6, 7, 8, 9, 10, 12, 13, 14, 16, 17, 18, 19, 21, 22, 23, 
      24, 25, 26, 28, 30, 31, 32, 33, 34, 35, 37, 38, 39, 41, 42, 43, 44, 45, 
      47 ], [ 1, 2, 3, 4, 5, 6, 7, 8, 10, 11, 12, 13, 14, 15, 16, 17, 18, 19, 
      20, 21, 22, 23, 24, 25, 27, 28, 29, 30, 32, 34, 36, 37, 38, 40, 41, 43, 
      44, 45, 46 ], 
  [ 1, 2, 3, 4, 5, 6, 7, 9, 10, 11, 12, 13, 14, 15, 16, 17, 18, 19, 20, 21, 
      22, 24, 25, 26, 27, 29, 30, 31, 32, 34, 35, 36, 37, 39, 42, 43, 44, 45, 
      46, 47 ], 
  [ 1, 2, 3, 4, 5, 6, 7, 8, 9, 10, 11, 12, 13, 15, 16, 17, 18, 20, 21, 22, 
      23, 25, 26, 27, 28, 30, 31, 32, 33, 35, 36, 38, 40, 41, 42, 43, 44, 45, 
      46, 47 ], 
  [ 1, 2, 3, 4, 5, 7, 9, 10, 11, 13, 14, 15, 16, 17, 18, 20, 21, 23, 24, 25, 
      26, 27, 28, 29, 31, 32, 33, 34, 35, 36, 37, 38, 39, 40, 41, 42, 43, 44, 
      45, 46, 47 ], 
  [ 1, 2, 5, 6, 7, 8, 9, 10, 11, 14, 15, 16, 17, 19, 20, 22, 23, 24, 25, 26, 
      27, 28, 29, 30, 31, 32, 33, 34, 35, 36, 37, 38, 39, 40, 41, 42, 43, 44, 
      45, 46, 47 ], 
  [ 1, 2, 3, 4, 5, 6, 7, 8, 10, 11, 12, 13, 14, 15, 16, 17, 18, 19, 21, 22, 
      23, 24, 25, 26, 28, 29, 30, 32, 33, 34, 37, 38, 39, 40, 41, 42, 43, 44, 
      45, 46, 47 ], 
  [ 1, 2, 3, 4, 5, 6, 7, 9, 10, 11, 12, 13, 14, 15, 16, 17, 18, 20, 21, 22, 
      23, 25, 26, 27, 29, 30, 31, 32, 33, 34, 35, 36, 39, 40, 41, 42, 43, 44, 
      45, 46, 47 ], 
  [ 1, 2, 3, 4, 5, 6, 7, 8, 9, 10, 11, 12, 13, 15, 16, 17, 18, 19, 20, 21, 
      22, 24, 25, 26, 27, 28, 29, 30, 31, 32, 33, 35, 36, 37, 38, 39, 40, 42, 
      43, 44, 45, 46, 47 ], 
  [ 1, 2, 3, 4, 5, 6, 7, 8, 9, 10, 11, 12, 13, 14, 16, 17, 18, 19, 20, 21, 
      22, 23, 24, 25, 27, 28, 29, 30, 31, 32, 33, 34, 35, 36, 37, 38, 39, 40, 
      41, 42, 43, 44, 45 ], 
  [ 1, 2, 3, 4, 5, 6, 7, 8, 9, 10, 12, 13, 14, 15, 16, 17, 18, 19, 20, 21, 
      22, 23, 24, 25, 26, 27, 28, 29, 30, 31, 32, 33, 34, 35, 36, 37, 38, 39, 
      40, 41, 43, 44, 45, 46, 47 ] ];
