return [ [ 6, 13, 17, 18, 30, 31, 35, 39, 40, 44, 45, 50, 53, 55, 56, 62, 63 ]
    , [ 6, 17, 18, 19, 30, 31, 35, 39, 40, 42, 44, 50, 53, 55, 56, 57, 62, 63 
     ], [ 6, 13, 17, 18, 23, 27, 28, 35, 44, 45, 46, 48, 49, 50, 52, 57, 58, 
      61 ], [ 6, 13, 17, 18, 23, 30, 31, 35, 39, 40, 44, 45, 50, 55, 56, 57, 
      61, 62, 63 ], 
  [ 13, 18, 22, 25, 30, 35, 36, 39, 44, 45, 46, 50, 52, 53, 54, 56, 58, 61, 
      62, 63 ], 
  [ 6, 13, 17, 18, 23, 27, 30, 35, 39, 44, 45, 46, 49, 50, 52, 56, 57, 58, 
      61, 63 ], 
  [ 3, 13, 16, 18, 20, 25, 30, 35, 36, 39, 41, 44, 45, 46, 50, 53, 54, 56, 
      58, 61, 62 ], 
  [ 6, 13, 17, 18, 19, 30, 31, 37, 39, 40, 42, 44, 45, 47, 50, 53, 55, 56, 
      57, 59, 60, 62, 63 ], 
  [ 6, 13, 17, 18, 22, 23, 24, 25, 30, 31, 35, 39, 44, 45, 46, 50, 52, 53, 
      54, 56, 58, 61, 62, 63 ], 
  [ 2, 6, 8, 15, 19, 20, 22, 24, 28, 29, 36, 38, 39, 44, 45, 46, 52, 53, 54, 
      57, 59, 61, 62, 63, 64 ], 
  [ 3, 6, 13, 16, 17, 18, 20, 23, 27, 28, 30, 35, 39, 40, 41, 44, 45, 46, 48, 
      49, 50, 55, 56, 57, 58, 61 ], 
  [ 6, 13, 14, 17, 18, 20, 23, 27, 28, 35, 38, 39, 40, 41, 42, 45, 46, 47, 
      48, 49, 50, 51, 52, 55, 57, 61, 63 ], 
  [ 2, 4, 6, 8, 9, 15, 17, 19, 24, 26, 27, 28, 29, 36, 38, 44, 45, 46, 49, 
      52, 53, 57, 58, 59, 61, 62, 64 ], 
  [ 2, 4, 6, 8, 9, 15, 17, 19, 24, 26, 27, 28, 29, 36, 38, 43, 44, 46, 48, 
      49, 52, 53, 57, 58, 59, 61, 62, 64 ], 
  [ 3, 6, 13, 16, 17, 18, 20, 23, 24, 25, 28, 30, 31, 35, 39, 40, 41, 44, 45, 
      46, 48, 50, 53, 54, 55, 56, 58, 61, 62 ], 
  [ 2, 6, 8, 14, 15, 19, 20, 22, 24, 28, 29, 35, 36, 38, 39, 41, 43, 44, 46, 
      48, 52, 53, 54, 57, 59, 61, 62, 63, 64 ], 
  [ 3, 5, 6, 7, 13, 14, 16, 17, 18, 20, 21, 22, 24, 25, 26, 28, 30, 31, 35, 
      37, 39, 40, 41, 44, 45, 46, 47, 48, 52, 53, 54, 55, 56, 58, 59, 60, 62, 
      63 ], [ 6, 8, 13, 14, 17, 18, 19, 20, 22, 23, 24, 28, 29, 30, 31, 34, 
      35, 38, 39, 40, 41, 42, 44, 45, 46, 47, 48, 49, 50, 51, 52, 53, 54, 55, 
      57, 59, 60, 61, 62, 63 ], 
  [ 2, 3, 5, 6, 7, 8, 13, 14, 15, 16, 18, 20, 21, 22, 24, 25, 26, 28, 30, 35, 
      36, 37, 38, 39, 41, 43, 44, 45, 46, 47, 48, 52, 53, 54, 56, 58, 59, 60, 
      61, 62, 63, 64 ], 
  [ 1, 2, 4, 6, 7, 8, 9, 11, 12, 13, 15, 17, 18, 19, 22, 23, 24, 25, 26, 27, 
      29, 30, 31, 34, 36, 37, 38, 39, 42, 44, 45, 46, 47, 49, 50, 51, 52, 53, 
      54, 56, 57, 58, 59, 60, 61, 62, 63 ], 
  [ 2, 3, 4, 5, 6, 8, 13, 14, 16, 17, 18, 19, 20, 21, 26, 27, 28, 30, 33, 35, 
      36, 37, 38, 39, 40, 41, 42, 43, 44, 45, 46, 47, 48, 49, 50, 52, 53, 55, 
      56, 57, 58, 59, 60, 61, 62, 63, 64, 65 ], 
  [ 1, 2, 3, 4, 6, 8, 9, 11, 12, 15, 17, 18, 19, 20, 22, 23, 24, 25, 27, 28, 
      29, 30, 31, 32, 34, 35, 36, 38, 39, 40, 42, 44, 45, 46, 49, 50, 51, 52, 
      53, 54, 56, 57, 58, 61, 62, 63, 64, 65 ], 
  [ 1, 2, 3, 4, 6, 7, 8, 9, 11, 12, 15, 17, 18, 19, 20, 21, 22, 24, 25, 26, 
      27, 28, 29, 30, 31, 32, 34, 36, 37, 38, 39, 40, 42, 44, 45, 46, 47, 49, 
      51, 52, 53, 54, 56, 57, 58, 59, 60, 62, 63, 64, 65 ], 
  [ 1, 2, 3, 5, 6, 7, 8, 9, 10, 11, 13, 14, 15, 16, 17, 18, 20, 21, 22, 23, 
      24, 25, 26, 27, 28, 29, 30, 31, 32, 34, 35, 37, 38, 39, 40, 41, 43, 44, 
      45, 46, 47, 48, 49, 51, 52, 54, 55, 56, 57, 58, 59, 60, 61, 62, 63, 64 ]
    , [ 1, 2, 4, 5, 6, 7, 8, 9, 10, 11, 12, 13, 14, 15, 16, 17, 18, 19, 22, 
      23, 24, 25, 26, 27, 29, 30, 31, 33, 34, 35, 36, 37, 38, 39, 41, 42, 43, 
      44, 46, 47, 48, 49, 50, 51, 52, 53, 54, 55, 56, 57, 58, 59, 60, 61, 62, 
      63 ], [ 1, 2, 3, 4, 5, 6, 7, 9, 10, 11, 12, 13, 14, 15, 16, 17, 18, 19, 
      20, 21, 22, 23, 24, 25, 26, 27, 28, 29, 31, 32, 33, 35, 36, 37, 38, 39, 
      40, 41, 42, 43, 44, 45, 46, 47, 48, 50, 51, 52, 53, 54, 55, 56, 57, 58, 
      59, 61, 62, 63, 64, 65 ], 
  [ 1, 2, 3, 4, 5, 6, 7, 8, 9, 10, 11, 12, 14, 15, 16, 17, 18, 19, 20, 21, 
      22, 24, 25, 26, 27, 28, 29, 30, 31, 32, 33, 34, 35, 36, 37, 38, 39, 40, 
      41, 42, 43, 44, 46, 47, 48, 49, 51, 52, 53, 54, 55, 56, 57, 58, 59, 60, 
      62, 63, 64, 65 ], 
  [ 1, 2, 3, 4, 5, 6, 7, 8, 9, 10, 11, 12, 13, 14, 15, 16, 17, 18, 19, 21, 
      22, 23, 24, 25, 26, 27, 28, 29, 30, 31, 32, 33, 34, 35, 36, 37, 38, 40, 
      42, 43, 44, 45, 47, 48, 49, 50, 51, 52, 53, 55, 56, 57, 58, 59, 60, 61, 
      62, 63, 64, 65 ] ];
