return [ [ 27, 31, 49, 52, 56, 58, 59, 63, 64, 65, 70, 71, 87, 99, 112, 119 ],
  [ 13, 27, 31, 49, 52, 56, 58, 59, 63, 64, 65, 70, 71, 99, 112, 119 ], 
  [ 25, 26, 27, 28, 52, 62, 77, 78, 83, 84, 95, 96, 111, 113, 114, 115, 117 ],
  [ 13, 25, 27, 31, 49, 52, 56, 59, 63, 64, 65, 70, 71, 99, 112, 119, 120 ], 
  [ 13, 25, 27, 32, 49, 52, 56, 59, 65, 70, 71, 89, 93, 99, 112, 115, 119 ], 
  [ 13, 14, 48, 49, 51, 56, 60, 62, 69, 77, 78, 88, 89, 107, 112, 115, 117 ], 
  [ 1, 16, 26, 32, 34, 42, 47, 53, 54, 56, 63, 66, 85, 86, 94, 101, 115 ], 
  [ 1, 16, 22, 26, 32, 34, 46, 47, 52, 53, 54, 55, 57, 66, 74, 94, 118 ], 
  [ 7, 31, 32, 35, 36, 37, 38, 44, 54, 55, 64, 65, 72, 90, 92, 101, 102 ], 
  [ 25, 28, 33, 34, 48, 49, 52, 53, 56, 69, 77, 78, 88, 97, 114, 115, 117, 
      120 ], 
  [ 13, 25, 27, 38, 49, 52, 59, 63, 64, 65, 70, 71, 96, 99, 100, 112, 117, 
      120 ], 
  [ 13, 25, 27, 32, 49, 52, 59, 65, 70, 71, 79, 87, 89, 93, 99, 112, 115, 119 
     ], [ 1, 16, 30, 31, 32, 35, 38, 54, 58, 63, 64, 65, 72, 90, 92, 94, 100, 
      112 ], [ 1, 16, 22, 25, 26, 34, 47, 52, 53, 54, 55, 57, 65, 74, 94, 98, 
      117, 118 ], 
  [ 13, 25, 27, 31, 32, 49, 52, 56, 59, 64, 65, 70, 71, 89, 90, 93, 99, 112, 
      119 ], 
  [ 23, 24, 25, 27, 31, 49, 52, 53, 55, 56, 64, 65, 77, 89, 90, 94, 112, 117, 
      119 ], [ 1, 16, 26, 31, 32, 34, 47, 52, 53, 54, 55, 56, 63, 65, 66, 85, 
      86, 94, 101 ], 
  [ 1, 10, 22, 26, 31, 33, 46, 50, 52, 53, 56, 58, 62, 85, 86, 87, 94, 114, 
      118 ], 
  [ 7, 10, 33, 42, 48, 52, 60, 61, 62, 69, 83, 84, 85, 87, 103, 104, 114, 
      115, 117 ], 
  [ 25, 26, 27, 28, 38, 52, 53, 55, 56, 62, 65, 77, 78, 86, 94, 95, 99, 111, 
      112, 117 ], 
  [ 25, 26, 27, 28, 34, 49, 52, 53, 55, 56, 62, 63, 65, 66, 86, 99, 114, 115, 
      117, 120 ], 
  [ 25, 26, 27, 28, 34, 37, 49, 52, 55, 62, 65, 77, 78, 95, 96, 111, 113, 
      114, 115, 117 ], 
  [ 13, 27, 49, 52, 56, 58, 59, 60, 63, 64, 65, 70, 71, 87, 96, 99, 107, 112, 
      115, 117 ], 
  [ 13, 27, 38, 49, 52, 58, 59, 60, 63, 64, 65, 70, 71, 87, 96, 99, 100, 107, 
      112, 117 ], 
  [ 13, 25, 27, 38, 49, 52, 59, 60, 63, 65, 70, 71, 79, 87, 96, 99, 100, 112, 
      117, 120 ], 
  [ 13, 27, 31, 38, 49, 52, 56, 58, 59, 63, 64, 65, 70, 71, 94, 99, 100, 107, 
      112, 117 ], 
  [ 13, 25, 27, 31, 38, 49, 52, 56, 59, 63, 64, 65, 70, 71, 94, 99, 100, 112, 
      117, 120 ], 
  [ 13, 27, 32, 48, 49, 52, 56, 58, 59, 65, 70, 71, 87, 89, 93, 99, 103, 112, 
      115, 119 ], 
  [ 21, 23, 25, 28, 33, 34, 48, 49, 52, 53, 56, 69, 77, 78, 88, 97, 98, 114, 
      117, 120 ], 
  [ 1, 26, 31, 33, 46, 47, 50, 52, 53, 56, 58, 62, 63, 66, 85, 86, 87, 94, 
      114, 118 ], 
  [ 1, 16, 26, 31, 32, 33, 46, 47, 52, 53, 54, 56, 58, 63, 66, 85, 86, 87, 
      94, 118 ], 
  [ 1, 16, 22, 26, 32, 34, 46, 47, 52, 53, 54, 55, 57, 66, 74, 94, 100, 112, 
      116, 117 ], 
  [ 7, 28, 31, 32, 35, 36, 37, 38, 44, 54, 55, 64, 65, 72, 86, 95, 99, 101, 
      102, 111 ], 
  [ 7, 10, 13, 14, 28, 48, 51, 60, 61, 62, 69, 84, 87, 95, 99, 103, 114, 115, 
      119, 120 ], 
  [ 27, 31, 38, 49, 52, 56, 58, 59, 60, 63, 64, 65, 70, 71, 87, 94, 99, 100, 
      107, 112, 117 ], 
  [ 27, 31, 32, 48, 49, 52, 56, 58, 59, 64, 65, 70, 71, 87, 89, 90, 93, 99, 
      103, 112, 119 ], 
  [ 25, 26, 27, 28, 34, 49, 52, 53, 55, 56, 62, 65, 77, 78, 86, 95, 99, 111, 
      114, 115, 117 ], 
  [ 13, 27, 31, 32, 48, 49, 52, 56, 58, 59, 64, 65, 70, 71, 89, 90, 93, 99, 
      103, 112, 119 ], 
  [ 13, 14, 25, 27, 49, 52, 56, 59, 63, 64, 65, 70, 71, 89, 96, 99, 112, 115, 
      117, 119, 120 ], 
  [ 1, 16, 26, 32, 38, 42, 46, 47, 53, 54, 55, 66, 72, 85, 86, 94, 100, 101, 
      102, 112, 116 ], 
  [ 1, 16, 26, 31, 32, 35, 38, 54, 58, 63, 64, 65, 72, 87, 90, 92, 94, 100, 
      101, 102, 112 ], 
  [ 1, 16, 22, 25, 26, 31, 32, 34, 47, 52, 53, 54, 55, 57, 65, 74, 91, 92, 
      94, 98, 118 ], 
  [ 1, 16, 22, 26, 31, 32, 33, 34, 46, 47, 52, 53, 54, 55, 56, 66, 74, 85, 
      86, 94, 118 ], 
  [ 7, 28, 35, 37, 38, 44, 48, 49, 60, 64, 65, 78, 88, 89, 95, 96, 99, 107, 
      111, 112, 117 ], 
  [ 7, 8, 9, 37, 38, 39, 42, 43, 44, 45, 60, 68, 79, 85, 87, 96, 100, 101, 
      102, 110, 113 ], 
  [ 1, 10, 16, 22, 31, 32, 33, 46, 47, 52, 53, 54, 56, 58, 63, 66, 74, 86, 
      94, 118, 120 ], 
  [ 13, 14, 27, 48, 49, 52, 56, 58, 59, 63, 64, 65, 70, 71, 87, 89, 96, 99, 
      103, 112, 115, 119 ], 
  [ 13, 14, 25, 27, 49, 52, 59, 60, 63, 65, 70, 71, 79, 87, 89, 96, 99, 112, 
      115, 117, 119, 120 ], 
  [ 1, 16, 26, 32, 34, 38, 42, 47, 52, 53, 54, 55, 63, 65, 66, 85, 86, 94, 
      100, 101, 112, 117 ], 
  [ 1, 22, 25, 26, 28, 34, 49, 50, 52, 53, 56, 62, 63, 65, 78, 86, 99, 111, 
      114, 115, 117, 120 ], 
  [ 1, 16, 22, 25, 26, 31, 32, 34, 47, 52, 53, 54, 55, 56, 63, 65, 66, 74, 
      86, 94, 118, 120 ], 
  [ 1, 16, 22, 26, 31, 32, 33, 34, 46, 47, 52, 53, 54, 55, 57, 74, 91, 92, 
      94, 98, 104, 118 ], 
  [ 1, 16, 17, 22, 26, 32, 38, 46, 47, 53, 54, 55, 57, 66, 72, 74, 86, 94, 
      100, 102, 112, 116 ], 
  [ 1, 16, 22, 24, 25, 26, 32, 34, 52, 53, 54, 55, 57, 65, 74, 78, 92, 94, 
      98, 112, 117, 118 ], 
  [ 7, 8, 9, 31, 33, 35, 37, 39, 43, 45, 48, 49, 60, 64, 84, 87, 89, 90, 96, 
      103, 113, 114 ], 
  [ 3, 10, 11, 12, 23, 31, 33, 52, 53, 56, 57, 69, 71, 74, 85, 86, 87, 91, 
      94, 104, 114, 118 ], 
  [ 13, 14, 48, 49, 50, 51, 53, 56, 60, 61, 62, 69, 77, 78, 88, 95, 99, 105, 
      107, 112, 114, 115, 117 ], 
  [ 23, 24, 25, 27, 31, 32, 48, 49, 52, 53, 56, 64, 65, 71, 76, 79, 87, 88, 
      89, 90, 92, 99, 112 ], 
  [ 1, 15, 16, 26, 30, 31, 32, 38, 53, 58, 63, 71, 72, 76, 79, 86, 87, 91, 
      92, 99, 102, 112, 118 ], 
  [ 1, 16, 22, 26, 32, 34, 38, 42, 46, 47, 52, 53, 54, 55, 66, 74, 85, 86, 
      94, 100, 112, 116, 117 ], 
  [ 1, 16, 22, 25, 26, 32, 34, 47, 52, 53, 54, 55, 57, 63, 65, 66, 74, 94, 
      100, 112, 117, 118, 120 ], 
  [ 1, 16, 22, 25, 26, 32, 34, 38, 47, 52, 53, 54, 55, 63, 65, 66, 74, 86, 
      94, 100, 112, 117, 120 ], 
  [ 7, 26, 27, 28, 33, 42, 48, 52, 60, 62, 77, 78, 83, 84, 85, 87, 95, 96, 
      111, 113, 114, 115, 117 ], 
  [ 7, 8, 9, 31, 33, 35, 36, 37, 39, 40, 43, 48, 49, 60, 64, 75, 77, 87, 95, 
      96, 102, 113, 114 ], 
  [ 1, 10, 16, 22, 26, 31, 32, 33, 46, 47, 52, 53, 54, 57, 58, 74, 86, 87, 
      91, 92, 94, 104, 118 ], 
  [ 1, 10, 16, 22, 24, 26, 32, 33, 46, 48, 52, 53, 54, 57, 58, 74, 78, 87, 
      92, 94, 104, 112, 118 ], 
  [ 26, 27, 28, 38, 42, 52, 53, 56, 60, 62, 63, 66, 85, 86, 87, 94, 99, 112, 
      114, 115, 117, 118, 119, 120 ], 
  [ 13, 14, 48, 49, 51, 56, 59, 60, 62, 63, 64, 65, 75, 77, 78, 88, 89, 95, 
      96, 99, 107, 112, 115, 117 ], 
  [ 23, 24, 25, 26, 27, 28, 52, 53, 54, 55, 56, 62, 63, 64, 65, 66, 77, 78, 
      94, 112, 117, 118, 119, 120 ], 
  [ 4, 7, 14, 21, 28, 33, 39, 42, 48, 52, 60, 62, 69, 83, 84, 85, 87, 96, 
      103, 104, 113, 114, 115, 117 ], 
  [ 7, 8, 9, 32, 35, 36, 37, 38, 39, 41, 42, 45, 48, 54, 60, 73, 78, 96, 100, 
      101, 107, 111, 112, 113 ], 
  [ 1, 10, 11, 16, 22, 31, 33, 46, 47, 50, 52, 53, 56, 58, 62, 63, 66, 74, 
      85, 86, 94, 118, 119, 120 ], 
  [ 3, 10, 11, 12, 15, 21, 46, 47, 52, 53, 57, 66, 69, 71, 74, 85, 86, 87, 
      91, 104, 114, 118, 119, 120 ], 
  [ 1, 16, 26, 31, 32, 38, 46, 47, 52, 53, 54, 55, 58, 63, 65, 66, 72, 85, 
      86, 87, 94, 100, 101, 102, 112 ], 
  [ 1, 16, 22, 26, 27, 28, 38, 42, 56, 62, 63, 66, 67, 68, 74, 85, 86, 94, 
      99, 101, 111, 115, 118, 119, 120 ], 
  [ 1, 16, 22, 24, 25, 26, 32, 34, 52, 53, 54, 55, 56, 62, 63, 65, 66, 74, 
      78, 94, 112, 117, 118, 119, 120 ], 
  [ 7, 8, 9, 31, 32, 37, 38, 43, 44, 45, 67, 68, 76, 79, 80, 85, 86, 87, 90, 
      91, 92, 93, 99, 101, 102 ], 
  [ 7, 8, 9, 25, 31, 32, 34, 37, 38, 43, 44, 49, 52, 55, 68, 76, 79, 85, 86, 
      87, 91, 92, 98, 99, 102 ], 
  [ 6, 10, 16, 25, 30, 31, 32, 38, 52, 56, 58, 65, 68, 70, 71, 74, 79, 85, 
      87, 90, 93, 94, 99, 101, 112 ], 
  [ 1, 16, 22, 23, 24, 25, 26, 31, 32, 33, 34, 35, 52, 53, 54, 55, 56, 65, 
      74, 78, 90, 92, 94, 97, 98, 118 ], 
  [ 7, 28, 33, 38, 42, 48, 50, 51, 53, 56, 60, 61, 62, 77, 78, 86, 94, 95, 
      99, 107, 111, 112, 114, 115, 116, 117 ], 
  [ 7, 28, 33, 38, 42, 48, 50, 51, 53, 56, 60, 61, 62, 69, 77, 78, 86, 94, 
      95, 99, 107, 111, 112, 114, 115, 116 ], 
  [ 6, 10, 13, 25, 30, 31, 38, 49, 52, 56, 58, 59, 61, 63, 64, 65, 70, 71, 
      94, 99, 100, 105, 107, 112, 117, 120 ], 
  [ 1, 2, 13, 15, 16, 23, 27, 30, 31, 35, 56, 58, 62, 63, 64, 65, 70, 71, 72, 
      77, 90, 94, 101, 107, 112, 118, 119 ], 
  [ 7, 31, 32, 33, 35, 36, 37, 38, 39, 46, 48, 52, 54, 55, 58, 64, 65, 72, 
      85, 87, 90, 92, 94, 100, 101, 102, 112 ], 
  [ 7, 23, 24, 25, 28, 33, 34, 44, 48, 49, 52, 53, 56, 67, 69, 76, 83, 84, 
      86, 88, 89, 97, 98, 99, 114, 115, 117 ], 
  [ 6, 10, 13, 14, 25, 30, 49, 52, 56, 58, 59, 61, 63, 64, 65, 70, 71, 82, 
      89, 96, 99, 103, 105, 107, 115, 117, 120 ], 
  [ 6, 10, 13, 22, 25, 33, 34, 48, 49, 50, 51, 52, 53, 56, 61, 62, 69, 77, 
      78, 88, 97, 105, 106, 114, 115, 117, 120 ], 
  [ 1, 7, 10, 16, 22, 24, 26, 32, 33, 38, 46, 48, 53, 54, 57, 58, 67, 74, 78, 
      86, 87, 92, 94, 104, 111, 112, 118 ], 
  [ 10, 11, 12, 38, 42, 52, 53, 56, 57, 60, 61, 69, 70, 71, 74, 85, 86, 87, 
      94, 99, 112, 114, 115, 117, 118, 119, 120 ], 
  [ 1, 16, 22, 24, 25, 26, 31, 32, 33, 34, 35, 52, 53, 54, 55, 56, 65, 67, 
      68, 74, 78, 85, 86, 90, 94, 97, 101, 111 ], 
  [ 6, 10, 13, 14, 25, 30, 49, 52, 58, 59, 60, 61, 63, 65, 70, 71, 79, 82, 
      87, 89, 96, 99, 103, 105, 107, 115, 117, 120 ], 
  [ 6, 10, 13, 14, 25, 30, 48, 49, 52, 56, 58, 59, 61, 63, 64, 65, 70, 71, 
      82, 88, 89, 99, 103, 105, 107, 112, 117, 120 ], 
  [ 6, 10, 15, 16, 17, 25, 30, 31, 32, 38, 46, 52, 54, 55, 58, 63, 64, 65, 
      66, 71, 72, 74, 90, 92, 94, 100, 112, 120 ], 
  [ 7, 8, 9, 25, 31, 32, 34, 37, 38, 43, 44, 45, 49, 52, 67, 68, 76, 79, 80, 
      85, 86, 87, 89, 90, 91, 92, 93, 98, 99 ], 
  [ 7, 8, 9, 31, 32, 33, 35, 36, 37, 38, 39, 42, 43, 45, 48, 54, 60, 64, 85, 
      87, 90, 92, 94, 96, 100, 101, 102, 112, 113 ], 
  [ 6, 7, 10, 13, 22, 25, 26, 27, 28, 42, 44, 52, 60, 61, 62, 68, 79, 83, 84, 
      85, 87, 95, 96, 111, 113, 114, 115, 117, 120 ], 
  [ 6, 7, 10, 13, 22, 28, 33, 44, 48, 50, 51, 53, 56, 61, 62, 69, 77, 78, 86, 
      88, 95, 97, 99, 105, 106, 111, 114, 115, 120 ], 
  [ 1, 2, 13, 15, 16, 23, 27, 30, 31, 35, 38, 56, 58, 62, 63, 64, 70, 71, 72, 
      76, 77, 90, 94, 95, 99, 101, 107, 112, 118, 119 ], 
  [ 1, 4, 7, 14, 20, 26, 28, 33, 39, 42, 48, 50, 52, 58, 60, 62, 63, 73, 78, 
      84, 85, 87, 96, 103, 107, 111, 113, 114, 115, 117 ], 
  [ 7, 8, 9, 35, 36, 37, 38, 39, 40, 41, 42, 43, 44, 45, 60, 72, 73, 75, 95, 
      96, 100, 101, 102, 107, 108, 109, 110, 111, 113, 116 ], 
  [ 1, 6, 10, 13, 16, 22, 24, 25, 26, 27, 30, 32, 48, 52, 53, 56, 58, 62, 65, 
      68, 74, 78, 79, 85, 87, 88, 99, 101, 112, 115, 119 ], 
  [ 1, 2, 13, 15, 23, 26, 27, 30, 31, 35, 38, 56, 58, 60, 62, 63, 64, 65, 71, 
      72, 76, 77, 79, 87, 94, 95, 99, 101, 102, 107, 112, 118 ], 
  [ 1, 7, 8, 9, 20, 26, 30, 35, 41, 43, 44, 45, 50, 58, 60, 76, 79, 82, 83, 
      84, 87, 95, 96, 99, 101, 103, 105, 107, 108, 111, 114, 115 ], 
  [ 6, 7, 10, 17, 25, 30, 31, 32, 33, 35, 36, 37, 38, 39, 44, 46, 48, 52, 54, 
      55, 58, 64, 65, 72, 88, 90, 92, 94, 97, 100, 110, 112 ], 
  [ 6, 8, 10, 13, 25, 27, 30, 38, 42, 49, 52, 58, 59, 60, 61, 63, 65, 68, 70, 
      71, 79, 85, 87, 96, 99, 100, 101, 105, 107, 115, 117, 120 ], 
  [ 4, 7, 10, 11, 12, 14, 21, 28, 33, 34, 39, 47, 48, 49, 50, 51, 52, 53, 56, 
      59, 61, 69, 86, 99, 103, 104, 105, 106, 114, 115, 117, 120 ], 
  [ 6, 7, 10, 13, 22, 25, 28, 33, 34, 44, 48, 49, 50, 51, 52, 53, 56, 61, 62, 
      77, 78, 86, 88, 95, 97, 99, 105, 106, 111, 114, 115, 117, 120 ], 
  [ 6, 8, 10, 13, 25, 27, 30, 31, 38, 42, 49, 52, 56, 58, 59, 61, 63, 64, 65, 
      68, 70, 71, 85, 94, 96, 99, 100, 101, 105, 107, 115, 117, 120 ], 
  [ 4, 7, 14, 19, 20, 21, 28, 33, 39, 42, 48, 50, 51, 60, 61, 62, 69, 73, 75, 
      77, 78, 83, 84, 95, 96, 103, 104, 107, 111, 113, 114, 115, 116, 117 ], 
  [ 1, 7, 8, 9, 20, 26, 30, 35, 41, 44, 45, 48, 49, 50, 58, 60, 65, 78, 79, 
      82, 84, 87, 88, 89, 95, 96, 99, 101, 103, 105, 107, 111, 114, 115 ], 
  [ 6, 10, 15, 16, 17, 25, 30, 31, 32, 38, 46, 52, 55, 57, 58, 65, 68, 70, 
      71, 72, 74, 79, 80, 85, 87, 90, 91, 92, 93, 94, 100, 101, 102, 112 ], 
  [ 1, 16, 22, 24, 25, 26, 27, 28, 32, 34, 38, 42, 52, 53, 54, 55, 56, 62, 
      63, 65, 66, 67, 68, 74, 78, 85, 86, 94, 99, 101, 111, 112, 115, 117, 
      119, 120 ], 
  [ 5, 6, 10, 11, 13, 14, 16, 24, 25, 30, 31, 32, 48, 49, 52, 53, 56, 58, 59, 
      63, 64, 65, 70, 71, 74, 82, 88, 89, 90, 93, 99, 103, 105, 112, 119, 120 
     ], [ 5, 6, 7, 10, 11, 13, 14, 20, 22, 24, 28, 44, 48, 50, 51, 53, 61, 
      62, 67, 69, 74, 78, 82, 84, 86, 88, 95, 99, 103, 105, 106, 111, 114, 
      115, 119, 120 ], 
  [ 1, 4, 7, 10, 14, 20, 21, 22, 26, 28, 33, 39, 42, 50, 52, 58, 60, 61, 62, 
      63, 69, 73, 83, 84, 85, 87, 96, 103, 104, 107, 111, 113, 114, 115, 117, 
      118, 120 ], 
  [ 1, 6, 10, 15, 16, 17, 22, 25, 26, 30, 31, 32, 38, 46, 47, 52, 53, 54, 55, 
      57, 58, 63, 65, 66, 71, 72, 74, 79, 86, 87, 91, 92, 94, 100, 102, 112, 
      118, 120 ], 
  [ 5, 6, 7, 10, 11, 13, 14, 20, 22, 24, 28, 33, 44, 48, 50, 51, 53, 56, 61, 
      62, 67, 69, 74, 77, 78, 82, 86, 88, 95, 97, 99, 103, 105, 106, 111, 
      115, 119, 120 ], 
  [ 6, 7, 8, 9, 10, 17, 25, 30, 31, 32, 34, 37, 38, 39, 40, 41, 44, 46, 47, 
      49, 52, 55, 58, 59, 65, 68, 72, 79, 85, 86, 87, 91, 93, 99, 100, 101, 
      102, 105, 106, 110 ], 
  [ 5, 6, 7, 10, 11, 14, 20, 22, 24, 25, 28, 33, 34, 44, 48, 49, 50, 52, 53, 
      56, 61, 67, 69, 74, 78, 82, 84, 86, 88, 89, 97, 99, 103, 105, 106, 111, 
      114, 115, 117, 120 ], 
  [ 4, 6, 7, 10, 13, 14, 25, 28, 29, 30, 37, 38, 39, 44, 48, 49, 52, 58, 59, 
      60, 61, 63, 64, 65, 70, 71, 75, 76, 79, 82, 87, 88, 89, 95, 96, 99, 
      100, 103, 105, 107, 110, 112, 117, 120 ], 
  [ 7, 8, 9, 10, 11, 12, 31, 32, 33, 34, 38, 39, 40, 41, 42, 46, 47, 48, 49, 
      50, 51, 52, 53, 56, 57, 58, 59, 60, 61, 70, 85, 86, 87, 91, 93, 94, 99, 
      100, 103, 104, 105, 106, 107, 112, 114, 115, 116, 117 ], 
  [ 3, 4, 5, 7, 10, 11, 12, 14, 15, 16, 18, 21, 23, 24, 28, 29, 31, 32, 33, 
      38, 39, 46, 47, 48, 52, 53, 54, 56, 57, 58, 59, 63, 64, 66, 67, 69, 70, 
      71, 74, 76, 80, 85, 86, 87, 90, 91, 92, 93, 94, 99, 100, 103, 104, 112, 
      118, 119, 120 ], 
  [ 7, 8, 9, 23, 24, 25, 26, 27, 28, 31, 32, 33, 34, 35, 36, 37, 38, 42, 43, 
      44, 45, 48, 49, 52, 53, 54, 55, 56, 60, 64, 65, 67, 68, 76, 77, 78, 79, 
      83, 84, 85, 86, 87, 88, 89, 90, 92, 94, 95, 96, 97, 98, 99, 101, 102, 
      111, 112, 113, 114, 115, 117 ], 
  [ 1, 2, 4, 7, 8, 9, 26, 27, 28, 31, 32, 33, 34, 35, 36, 37, 38, 39, 40, 41, 
      42, 46, 47, 48, 49, 50, 51, 52, 53, 54, 55, 56, 58, 59, 60, 62, 63, 64, 
      65, 66, 72, 73, 75, 77, 78, 85, 86, 87, 94, 95, 96, 99, 100, 101, 102, 
      107, 111, 112, 113, 114, 115, 116, 117 ], 
  [ 1, 2, 6, 7, 10, 13, 15, 16, 17, 22, 23, 24, 25, 26, 27, 28, 30, 31, 32, 
      33, 35, 36, 38, 44, 46, 48, 52, 53, 54, 55, 56, 58, 62, 63, 64, 65, 66, 
      67, 68, 71, 72, 74, 76, 77, 78, 79, 85, 86, 87, 88, 90, 92, 94, 95, 97, 
      99, 101, 102, 111, 112, 118, 119, 120 ], 
  [ 1, 2, 6, 7, 8, 9, 10, 13, 17, 22, 25, 26, 27, 30, 31, 32, 33, 34, 35, 36, 
      38, 40, 41, 42, 44, 46, 48, 49, 50, 51, 52, 53, 55, 56, 58, 60, 61, 62, 
      65, 68, 72, 77, 78, 79, 85, 86, 87, 88, 94, 95, 97, 99, 101, 102, 105, 
      106, 107, 111, 112, 114, 115, 116, 117 ], 
  [ 1, 5, 6, 7, 8, 9, 10, 11, 16, 20, 22, 24, 25, 26, 30, 31, 32, 33, 34, 35, 
      38, 41, 42, 44, 45, 48, 49, 50, 52, 53, 56, 58, 60, 61, 65, 67, 68, 70, 
      74, 78, 79, 82, 84, 85, 86, 87, 88, 89, 90, 93, 94, 97, 99, 101, 103, 
      105, 106, 107, 111, 112, 114, 115, 117 ], 
  [ 3, 5, 6, 7, 8, 9, 10, 11, 12, 23, 24, 25, 31, 32, 33, 34, 38, 42, 43, 44, 
      45, 48, 49, 52, 53, 56, 57, 60, 61, 67, 68, 69, 70, 71, 74, 76, 79, 80, 
      81, 82, 83, 84, 85, 86, 87, 88, 89, 90, 91, 92, 93, 94, 97, 98, 99, 
      103, 104, 105, 106, 112, 114, 115, 117 ], 
  [ 2, 3, 4, 7, 8, 10, 11, 12, 13, 14, 15, 19, 21, 23, 27, 28, 29, 31, 33, 
      38, 39, 40, 42, 46, 47, 48, 49, 50, 51, 52, 53, 56, 57, 58, 59, 60, 61, 
      62, 63, 64, 66, 69, 70, 71, 75, 76, 77, 83, 85, 86, 87, 91, 94, 95, 96, 
      99, 100, 103, 104, 105, 107, 112, 114, 115, 116, 117, 118, 119, 120 ], 
  [ 1, 2, 6, 7, 8, 9, 10, 13, 17, 19, 20, 22, 25, 26, 27, 30, 33, 34, 35, 36, 
      37, 39, 40, 41, 42, 43, 44, 45, 46, 48, 49, 50, 51, 52, 55, 58, 60, 61, 
      62, 65, 68, 72, 73, 75, 77, 78, 79, 81, 82, 83, 84, 85, 87, 88, 89, 95, 
      96, 97, 98, 101, 102, 103, 104, 105, 106, 107, 108, 109, 110, 111, 113, 
      114, 115, 116, 117 ], 
  [ 1, 5, 6, 7, 8, 10, 11, 13, 14, 16, 20, 22, 23, 24, 25, 26, 27, 28, 30, 
      31, 33, 35, 38, 42, 44, 45, 48, 49, 50, 52, 53, 56, 58, 60, 61, 62, 63, 
      64, 65, 67, 68, 69, 70, 71, 74, 76, 77, 78, 79, 82, 83, 84, 85, 86, 87, 
      88, 89, 90, 94, 95, 96, 97, 99, 101, 103, 105, 107, 111, 112, 114, 115, 
      117, 118, 119, 120 ], 
  [ 2, 4, 5, 6, 7, 8, 10, 11, 13, 14, 15, 16, 17, 18, 24, 25, 27, 28, 29, 30, 
      31, 32, 36, 37, 38, 39, 40, 44, 45, 46, 47, 48, 49, 52, 53, 54, 55, 58, 
      59, 63, 64, 65, 66, 67, 68, 70, 71, 72, 74, 75, 76, 79, 80, 82, 85, 86, 
      87, 88, 89, 90, 91, 92, 93, 95, 96, 99, 100, 101, 102, 103, 105, 109, 
      110, 112, 119, 120 ], 
  [ 1, 5, 6, 7, 8, 9, 10, 11, 16, 17, 18, 20, 22, 24, 25, 26, 30, 31, 32, 33, 
      34, 35, 36, 37, 38, 39, 40, 41, 42, 43, 44, 45, 46, 47, 48, 49, 50, 52, 
      53, 54, 55, 57, 58, 60, 61, 65, 67, 68, 70, 72, 73, 74, 78, 79, 80, 81, 
      82, 84, 85, 86, 87, 88, 89, 90, 91, 92, 93, 94, 97, 98, 100, 101, 102, 
      103, 104, 105, 106, 107, 108, 109, 110, 111, 112, 113, 114, 116, 117 ], 
  [ 1, 2, 4, 5, 6, 7, 8, 10, 11, 13, 14, 16, 17, 18, 20, 22, 24, 25, 27, 28, 
      30, 31, 32, 33, 34, 35, 36, 37, 38, 39, 40, 41, 42, 44, 45, 46, 47, 48, 
      49, 50, 51, 52, 53, 54, 55, 56, 58, 59, 61, 62, 63, 64, 65, 66, 67, 68, 
      70, 72, 73, 74, 75, 77, 78, 82, 85, 86, 88, 89, 90, 93, 94, 95, 96, 97, 
      99, 100, 101, 103, 105, 106, 107, 109, 110, 111, 112, 115, 116, 117, 
      119, 120 ], 
  [ 1, 2, 4, 5, 6, 7, 8, 9, 10, 11, 13, 14, 16, 17, 18, 20, 22, 24, 25, 26, 
      27, 28, 30, 32, 34, 36, 37, 38, 39, 40, 41, 42, 44, 45, 46, 47, 48, 49, 
      50, 51, 52, 53, 54, 55, 58, 59, 60, 61, 62, 63, 65, 66, 67, 68, 70, 72, 
      73, 74, 75, 78, 79, 82, 84, 85, 86, 87, 88, 89, 93, 95, 96, 99, 100, 
      101, 102, 103, 105, 106, 107, 109, 110, 111, 112, 113, 114, 115, 116, 
      117, 119, 120 ], 
  [ 1, 2, 3, 4, 5, 6, 10, 11, 12, 13, 14, 15, 16, 17, 18, 19, 20, 21, 22, 23, 
      24, 25, 29, 30, 31, 32, 33, 34, 35, 36, 37, 39, 40, 41, 46, 47, 48, 49, 
      50, 51, 52, 53, 54, 55, 56, 57, 58, 59, 61, 62, 63, 64, 65, 66, 69, 70, 
      71, 72, 73, 74, 75, 77, 78, 80, 81, 82, 88, 89, 90, 91, 92, 93, 94, 97, 
      98, 100, 103, 104, 105, 106, 107, 108, 109, 110, 112, 116, 117, 118, 
      119, 120 ], 
  [ 1, 2, 3, 4, 5, 6, 7, 10, 11, 12, 13, 14, 15, 16, 17, 18, 19, 20, 21, 22, 
      23, 24, 28, 29, 30, 31, 32, 33, 35, 36, 38, 39, 40, 41, 44, 46, 47, 48, 
      50, 51, 53, 54, 56, 57, 58, 59, 61, 62, 63, 64, 66, 67, 69, 70, 71, 72, 
      73, 74, 75, 76, 77, 78, 80, 81, 82, 86, 88, 90, 91, 92, 93, 94, 95, 97, 
      99, 100, 103, 104, 105, 106, 107, 108, 109, 110, 111, 112, 116, 118, 
      119, 120 ], 
  [ 2, 3, 4, 5, 6, 7, 8, 10, 11, 12, 13, 14, 15, 17, 18, 19, 21, 23, 24, 25, 
      27, 28, 29, 31, 32, 33, 34, 36, 37, 38, 39, 40, 42, 44, 45, 46, 47, 48, 
      49, 51, 52, 53, 54, 55, 56, 57, 59, 61, 64, 66, 67, 68, 69, 70, 71, 74, 
      75, 76, 77, 80, 81, 82, 83, 85, 86, 88, 89, 90, 91, 92, 93, 94, 95, 96, 
      97, 98, 99, 100, 103, 104, 105, 106, 109, 110, 112, 115, 116, 117, 119, 
      120 ], 
  [ 1, 2, 3, 4, 5, 6, 7, 8, 10, 11, 12, 13, 14, 15, 16, 17, 18, 19, 20, 21, 
      22, 23, 27, 28, 29, 30, 31, 33, 35, 38, 39, 40, 41, 42, 44, 45, 46, 47, 
      50, 51, 56, 57, 58, 59, 61, 62, 63, 64, 66, 67, 68, 69, 70, 71, 72, 73, 
      74, 75, 76, 77, 80, 81, 82, 83, 85, 86, 90, 91, 93, 94, 95, 96, 97, 99, 
      100, 101, 103, 104, 105, 106, 107, 108, 109, 110, 111, 115, 116, 118, 
      119, 120 ], 
  [ 1, 2, 3, 5, 6, 7, 8, 9, 10, 11, 12, 13, 15, 16, 17, 19, 20, 22, 23, 24, 
      26, 27, 30, 31, 32, 33, 35, 36, 38, 40, 41, 42, 43, 44, 45, 46, 48, 50, 
      51, 53, 56, 57, 58, 60, 61, 62, 67, 68, 69, 70, 71, 72, 74, 76, 77, 78, 
      79, 80, 81, 82, 83, 84, 85, 86, 87, 88, 90, 91, 92, 93, 94, 95, 97, 99, 
      101, 102, 103, 104, 105, 106, 107, 108, 109, 111, 112, 114, 115, 116, 
      118, 119 ], 
  [ 1, 2, 3, 4, 5, 6, 7, 8, 9, 10, 11, 12, 13, 14, 15, 16, 17, 18, 19, 20, 
      21, 22, 26, 27, 28, 29, 30, 38, 39, 40, 41, 42, 43, 44, 45, 46, 47, 50, 
      51, 57, 58, 59, 60, 61, 62, 63, 66, 67, 68, 69, 70, 71, 72, 73, 74, 75, 
      76, 79, 80, 81, 82, 83, 84, 85, 86, 87, 91, 93, 95, 96, 99, 100, 101, 
      102, 103, 104, 105, 106, 107, 108, 109, 110, 111, 113, 114, 115, 116, 
      118, 119, 120 ], 
  [ 1, 2, 3, 4, 5, 6, 7, 8, 10, 11, 13, 14, 15, 16, 17, 18, 19, 20, 21, 22, 
      23, 24, 25, 26, 27, 28, 29, 30, 31, 33, 35, 36, 37, 38, 39, 40, 42, 43, 
      44, 45, 46, 47, 48, 49, 50, 52, 53, 54, 55, 57, 58, 60, 61, 62, 63, 64, 
      65, 66, 67, 68, 69, 70, 71, 72, 73, 74, 75, 76, 77, 78, 79, 80, 81, 82, 
      83, 84, 85, 86, 87, 88, 89, 90, 91, 92, 94, 95, 96, 97, 98, 100, 101, 
      102, 103, 104, 105, 107, 108, 109, 110, 111, 112, 113, 114, 116, 117, 
      118, 119, 120 ], 
  [ 1, 2, 3, 4, 5, 6, 7, 8, 9, 10, 11, 12, 13, 14, 15, 16, 17, 18, 19, 20, 
      21, 22, 23, 24, 25, 26, 27, 28, 29, 30, 31, 32, 33, 34, 35, 36, 37, 39, 
      40, 41, 43, 44, 45, 46, 47, 48, 49, 50, 51, 52, 53, 54, 55, 56, 58, 59, 
      62, 63, 64, 65, 66, 67, 68, 69, 71, 72, 73, 74, 75, 76, 77, 78, 79, 80, 
      81, 82, 83, 84, 85, 86, 87, 88, 89, 90, 91, 92, 93, 95, 96, 97, 98, 99, 
      101, 102, 103, 104, 105, 106, 108, 109, 110, 111, 113, 114, 115, 118, 
      119, 120 ] ];
