return 
[ [ 7, 20, 21, 23, 24, 27, 28, 29, 34, 35, 37, 53, 54, 58, 59, 66, 75, 77 ], 
  [ 10, 19, 20, 21, 26, 30, 34, 35, 46, 47, 49, 52, 53, 56, 62, 63, 72, 75, 
      77 ], [ 7, 10, 20, 21, 22, 24, 25, 26, 30, 40, 45, 46, 47, 49, 52, 59, 
      61, 63, 77 ], 
  [ 1, 8, 10, 23, 28, 29, 30, 32, 35, 36, 41, 43, 44, 48, 66, 71, 72, 73, 74 ]
    , [ 1, 8, 10, 21, 22, 24, 25, 26, 33, 39, 42, 46, 50, 55, 60, 61, 68, 69, 
      76 ], [ 2, 13, 16, 21, 23, 24, 33, 36, 37, 39, 50, 53, 54, 55, 58, 60, 
      66, 70, 75, 76 ], 
  [ 2, 13, 16, 21, 23, 24, 27, 29, 34, 36, 37, 50, 53, 54, 55, 58, 60, 66, 
      75, 76 ], 
  [ 7, 8, 20, 21, 23, 24, 27, 28, 29, 30, 34, 35, 37, 52, 54, 58, 66, 75, 76, 
      77 ], [ 10, 19, 20, 28, 29, 32, 35, 40, 45, 49, 53, 54, 58, 59, 65, 66, 
      71, 72, 73, 77 ], 
  [ 10, 13, 19, 20, 29, 30, 35, 37, 40, 46, 48, 49, 52, 56, 62, 66, 72, 73, 
      75, 77 ], 
  [ 10, 19, 21, 25, 26, 33, 34, 35, 46, 49, 52, 53, 54, 56, 62, 63, 72, 75, 
      76, 77 ], 
  [ 10, 21, 24, 25, 26, 33, 34, 35, 37, 46, 49, 50, 52, 53, 54, 66, 72, 75, 
      76, 77 ], 
  [ 7, 10, 19, 20, 21, 29, 30, 34, 35, 40, 46, 49, 52, 56, 62, 63, 64, 72, 
      75, 77 ], 
  [ 10, 19, 20, 21, 28, 29, 32, 35, 37, 45, 46, 49, 53, 54, 58, 59, 65, 66, 
      70, 73, 77 ], 
  [ 7, 10, 21, 22, 24, 26, 30, 34, 40, 42, 46, 47, 52, 56, 61, 62, 63, 64, 
      69, 72, 75 ], 
  [ 3, 11, 18, 26, 27, 28, 32, 36, 38, 39, 44, 45, 47, 53, 54, 55, 59, 60, 
      65, 66, 71 ], 
  [ 3, 11, 18, 23, 27, 28, 32, 36, 38, 39, 41, 44, 47, 53, 55, 59, 60, 65, 
      66, 67, 71 ], 
  [ 2, 13, 19, 20, 21, 23, 24, 28, 29, 35, 37, 45, 49, 53, 54, 58, 59, 66, 
      70, 73, 75, 77 ], 
  [ 4, 13, 14, 15, 16, 23, 33, 34, 35, 36, 37, 43, 48, 50, 52, 54, 57, 66, 
      72, 75, 76, 77 ], 
  [ 8, 19, 28, 29, 30, 31, 32, 35, 37, 40, 43, 45, 46, 48, 49, 56, 61, 65, 
      72, 73, 77, 78 ], 
  [ 7, 8, 9, 24, 25, 26, 28, 30, 31, 35, 37, 40, 45, 46, 49, 59, 61, 63, 65, 
      68, 77, 78 ], 
  [ 10, 13, 14, 21, 33, 34, 35, 37, 46, 49, 50, 53, 56, 57, 58, 62, 66, 70, 
      72, 75, 76, 77 ], 
  [ 1, 7, 8, 10, 21, 22, 24, 25, 26, 28, 30, 35, 40, 45, 46, 49, 59, 61, 63, 
      68, 77, 78 ], 
  [ 7, 8, 9, 10, 21, 24, 25, 26, 28, 35, 37, 38, 40, 45, 46, 49, 59, 61, 63, 
      66, 68, 77 ], 
  [ 4, 13, 14, 15, 16, 25, 33, 34, 35, 36, 37, 48, 49, 50, 52, 53, 54, 57, 
      66, 72, 75, 76, 77 ], 
  [ 8, 19, 26, 28, 29, 30, 31, 32, 34, 35, 37, 43, 45, 46, 48, 49, 52, 54, 
      56, 61, 72, 76, 77 ], 
  [ 2, 10, 17, 20, 22, 24, 29, 30, 38, 40, 44, 45, 47, 49, 51, 59, 61, 63, 
      64, 65, 66, 71, 73 ], 
  [ 7, 10, 20, 21, 22, 24, 25, 27, 29, 30, 31, 40, 45, 46, 47, 49, 52, 59, 
      61, 63, 64, 65, 71 ], 
  [ 2, 7, 8, 9, 17, 21, 23, 24, 27, 28, 29, 37, 38, 45, 55, 58, 59, 60, 61, 
      64, 65, 66, 67, 68 ], 
  [ 2, 10, 13, 19, 20, 22, 24, 29, 30, 37, 40, 45, 46, 48, 49, 52, 56, 61, 
      62, 66, 72, 73, 75, 77 ], 
  [ 7, 10, 21, 22, 24, 25, 26, 27, 29, 30, 31, 34, 40, 42, 45, 46, 47, 49, 
      52, 61, 63, 64, 71, 72 ], 
  [ 1, 7, 8, 9, 10, 21, 24, 25, 26, 28, 30, 35, 38, 40, 46, 57, 59, 63, 67, 
      68, 69, 75, 77, 78 ], 
  [ 4, 11, 12, 17, 18, 22, 25, 27, 31, 39, 41, 42, 44, 45, 47, 51, 55, 59, 
      60, 61, 63, 64, 65, 71 ], 
  [ 6, 7, 15, 18, 20, 22, 24, 25, 26, 30, 31, 40, 42, 45, 46, 47, 49, 52, 59, 
      61, 63, 65, 68, 77, 78 ], 
  [ 7, 10, 19, 20, 21, 22, 24, 26, 29, 30, 34, 40, 45, 46, 47, 49, 52, 56, 
      61, 62, 63, 64, 72, 75, 77 ], 
  [ 1, 8, 10, 17, 18, 22, 28, 30, 38, 39, 40, 41, 44, 45, 47, 51, 59, 60, 61, 
      63, 64, 65, 67, 71, 78 ], 
  [ 7, 8, 9, 19, 26, 28, 29, 30, 31, 32, 34, 35, 37, 40, 43, 45, 46, 49, 56, 
      61, 63, 64, 65, 72, 77, 78 ], 
  [ 1, 3, 7, 8, 10, 18, 21, 22, 26, 30, 34, 39, 40, 42, 43, 46, 47, 56, 60, 
      61, 62, 63, 64, 69, 72, 78 ], 
  [ 7, 8, 9, 10, 21, 24, 25, 26, 27, 31, 34, 37, 38, 40, 42, 46, 50, 55, 60, 
      61, 66, 68, 69, 71, 72, 76 ], 
  [ 1, 2, 8, 10, 13, 19, 22, 23, 28, 29, 30, 35, 37, 40, 43, 45, 46, 48, 49, 
      56, 61, 62, 66, 72, 73, 77, 78 ], 
  [ 6, 7, 10, 11, 18, 20, 21, 24, 26, 27, 28, 38, 39, 40, 45, 47, 54, 55, 58, 
      59, 60, 65, 66, 68, 70, 71, 77 ], 
  [ 6, 7, 8, 14, 15, 20, 29, 30, 31, 32, 34, 35, 37, 40, 43, 46, 48, 49, 52, 
      56, 58, 61, 65, 72, 73, 76, 77, 78 ], 
  [ 8, 10, 19, 20, 28, 29, 30, 31, 32, 35, 37, 40, 45, 46, 48, 49, 52, 54, 
      56, 58, 61, 65, 66, 71, 72, 73, 76, 77 ], 
  [ 8, 10, 19, 20, 28, 29, 30, 32, 35, 36, 44, 45, 47, 48, 49, 52, 53, 54, 
      56, 58, 60, 61, 66, 71, 72, 73, 74, 76 ], 
  [ 1, 2, 8, 10, 17, 22, 23, 28, 29, 30, 35, 38, 40, 41, 44, 45, 49, 51, 59, 
      61, 63, 64, 65, 66, 67, 71, 73, 78 ], 
  [ 7, 8, 9, 10, 21, 24, 25, 26, 27, 28, 31, 37, 38, 40, 45, 46, 54, 55, 58, 
      59, 60, 61, 65, 66, 68, 71, 76, 77 ], 
  [ 6, 7, 10, 14, 15, 20, 21, 24, 25, 33, 34, 35, 37, 40, 46, 49, 50, 52, 53, 
      57, 58, 59, 66, 68, 70, 72, 75, 76, 77 ], 
  [ 8, 10, 19, 20, 28, 29, 30, 32, 35, 38, 40, 44, 45, 47, 49, 51, 53, 56, 
      58, 59, 60, 61, 63, 64, 65, 66, 71, 72, 73, 74 ], 
  [ 7, 8, 9, 10, 21, 24, 25, 26, 34, 35, 37, 38, 40, 46, 49, 50, 53, 56, 57, 
      58, 59, 60, 61, 63, 66, 68, 69, 72, 75, 76, 77 ], 
  [ 6, 7, 10, 11, 14, 19, 20, 21, 27, 28, 29, 32, 34, 35, 36, 38, 40, 51, 53, 
      54, 58, 59, 64, 65, 66, 70, 71, 72, 73, 74, 77 ], 
  [ 1, 8, 10, 19, 20, 21, 22, 24, 25, 26, 28, 30, 33, 35, 39, 45, 46, 47, 49, 
      52, 53, 54, 56, 58, 59, 60, 61, 62, 63, 70, 75, 76, 77 ], 
  [ 5, 6, 7, 9, 11, 13, 14, 16, 19, 20, 21, 23, 27, 28, 29, 32, 34, 35, 36, 
      37, 38, 51, 53, 54, 57, 58, 59, 64, 65, 66, 67, 70, 73, 74, 75, 77 ], 
  [ 2, 4, 6, 7, 11, 12, 15, 17, 18, 20, 22, 24, 25, 27, 29, 30, 31, 40, 41, 
      42, 44, 45, 47, 48, 49, 51, 52, 55, 59, 61, 63, 64, 65, 68, 71, 73, 78 ]
    , [ 2, 4, 6, 7, 11, 13, 14, 15, 16, 20, 21, 23, 24, 25, 27, 29, 33, 34, 
      35, 36, 37, 48, 49, 50, 52, 53, 54, 55, 57, 58, 59, 66, 68, 70, 73, 75, 
      76, 77 ], 
  [ 3, 6, 7, 10, 11, 14, 18, 19, 20, 21, 26, 27, 28, 29, 32, 34, 36, 38, 39, 
      40, 44, 45, 47, 51, 53, 54, 58, 59, 60, 64, 65, 66, 70, 71, 72, 73, 74, 
      77 ], [ 1, 2, 6, 7, 8, 10, 11, 17, 18, 20, 21, 22, 23, 24, 27, 28, 29, 
      30, 38, 39, 40, 41, 44, 45, 47, 51, 55, 58, 59, 60, 61, 64, 65, 66, 67, 
      68, 70, 71, 73, 78 ], 
  [ 1, 2, 6, 7, 8, 10, 13, 14, 15, 20, 21, 22, 23, 24, 29, 30, 33, 34, 35, 
      37, 40, 43, 46, 48, 49, 50, 52, 56, 57, 58, 61, 62, 66, 68, 70, 72, 73, 
      75, 76, 77, 78 ], 
  [ 2, 5, 7, 8, 9, 13, 16, 17, 19, 21, 23, 24, 25, 26, 27, 28, 29, 34, 35, 
      37, 38, 45, 49, 50, 53, 54, 55, 56, 57, 58, 59, 60, 61, 63, 64, 66, 67, 
      68, 69, 75, 76, 77 ], 
  [ 7, 8, 9, 10, 19, 20, 21, 24, 25, 26, 27, 28, 29, 30, 31, 32, 34, 35, 37, 
      38, 40, 45, 46, 47, 49, 52, 53, 54, 56, 58, 59, 60, 61, 63, 64, 65, 66, 
      71, 72, 75, 76, 77 ], 
  [ 1, 3, 6, 7, 8, 10, 11, 14, 18, 20, 21, 23, 27, 28, 29, 30, 32, 34, 35, 
      36, 38, 39, 40, 41, 43, 44, 47, 51, 53, 58, 59, 60, 64, 65, 66, 67, 70, 
      71, 72, 73, 74, 78 ], 
  [ 1, 3, 6, 7, 8, 10, 14, 15, 18, 20, 21, 22, 24, 25, 26, 30, 33, 34, 35, 
      39, 40, 42, 43, 46, 47, 49, 50, 52, 53, 56, 57, 58, 59, 60, 61, 62, 63, 
      68, 69, 70, 72, 75, 76, 77, 78 ], 
  [ 1, 2, 3, 8, 10, 13, 14, 19, 20, 21, 22, 23, 24, 26, 28, 29, 30, 32, 33, 
      34, 35, 36, 37, 39, 43, 44, 45, 46, 47, 48, 49, 50, 52, 53, 54, 56, 58, 
      60, 61, 62, 66, 70, 72, 73, 74, 75, 76, 77 ], 
  [ 2, 3, 5, 6, 7, 9, 11, 13, 14, 16, 17, 18, 19, 20, 21, 23, 24, 26, 27, 28, 
      29, 32, 34, 36, 37, 38, 39, 44, 45, 47, 50, 51, 53, 54, 55, 57, 58, 59, 
      60, 64, 65, 66, 67, 68, 69, 70, 73, 74, 75, 77 ], 
  [ 1, 2, 3, 7, 8, 9, 10, 17, 18, 21, 22, 23, 24, 25, 26, 27, 28, 29, 30, 31, 
      32, 34, 35, 37, 38, 39, 40, 41, 42, 43, 44, 45, 46, 47, 49, 50, 53, 55, 
      59, 60, 61, 63, 64, 65, 66, 67, 68, 69, 71, 72, 78 ], 
  [ 4, 5, 6, 7, 9, 10, 11, 12, 13, 14, 15, 16, 19, 20, 21, 25, 27, 29, 31, 
      32, 33, 34, 35, 36, 37, 38, 40, 46, 48, 49, 51, 52, 53, 54, 56, 57, 58, 
      59, 62, 63, 64, 65, 66, 70, 71, 72, 73, 74, 75, 76, 77 ], 
  [ 1, 4, 5, 6, 7, 8, 9, 10, 11, 12, 13, 14, 15, 16, 19, 20, 21, 23, 27, 28, 
      29, 30, 31, 32, 33, 34, 35, 36, 37, 38, 40, 41, 43, 46, 48, 51, 52, 54, 
      56, 57, 58, 62, 64, 65, 66, 67, 70, 71, 72, 73, 74, 75, 76, 77, 78 ], 
  [ 1, 4, 5, 6, 7, 8, 9, 10, 11, 12, 15, 16, 17, 18, 19, 20, 21, 22, 24, 25, 
      26, 27, 28, 30, 31, 33, 38, 39, 40, 41, 42, 45, 46, 47, 51, 52, 54, 55, 
      56, 57, 58, 59, 60, 61, 62, 63, 64, 65, 67, 68, 69, 70, 71, 75, 76, 77, 
      78 ], 
  [ 1, 3, 4, 6, 7, 8, 9, 10, 11, 14, 15, 16, 18, 20, 21, 23, 24, 25, 26, 27, 
      28, 30, 31, 32, 33, 34, 35, 36, 37, 38, 39, 40, 41, 42, 43, 46, 47, 50, 
      52, 53, 54, 55, 57, 58, 59, 60, 65, 66, 67, 68, 69, 70, 71, 72, 75, 76, 
      77, 78 ], 
  [ 1, 2, 3, 5, 6, 7, 8, 9, 10, 13, 14, 17, 18, 19, 20, 21, 22, 23, 24, 26, 
      28, 29, 30, 32, 34, 35, 37, 38, 39, 40, 43, 44, 45, 46, 47, 49, 50, 51, 
      53, 56, 57, 58, 59, 60, 61, 62, 63, 64, 65, 66, 67, 68, 69, 70, 72, 73, 
      74, 75, 77, 78 ], 
  [ 1, 2, 3, 4, 6, 7, 8, 10, 11, 14, 15, 18, 20, 21, 22, 23, 24, 25, 26, 27, 
      28, 29, 30, 31, 32, 33, 34, 35, 36, 37, 39, 40, 41, 42, 43, 44, 45, 46, 
      47, 48, 49, 50, 52, 53, 54, 55, 58, 59, 60, 61, 65, 66, 68, 70, 71, 72, 
      73, 76, 77, 78 ], 
  [ 1, 3, 4, 6, 7, 8, 10, 11, 12, 14, 15, 18, 19, 20, 21, 22, 25, 26, 27, 28, 
      29, 30, 31, 32, 33, 34, 35, 36, 39, 40, 41, 42, 43, 44, 45, 46, 47, 48, 
      49, 51, 52, 53, 54, 56, 58, 59, 60, 61, 62, 63, 64, 65, 70, 71, 72, 73, 
      74, 76, 77, 78 ], 
  [ 1, 2, 4, 5, 6, 7, 8, 9, 10, 11, 12, 13, 15, 16, 17, 19, 20, 21, 22, 23, 
      24, 25, 27, 28, 29, 30, 31, 33, 35, 37, 38, 40, 41, 45, 46, 48, 49, 51, 
      52, 54, 55, 56, 57, 58, 59, 61, 62, 63, 64, 65, 66, 67, 68, 70, 71, 73, 
      75, 76, 77, 78 ], 
  [ 2, 3, 4, 5, 6, 7, 9, 10, 11, 12, 13, 14, 15, 16, 17, 18, 19, 20, 21, 22, 
      24, 25, 26, 27, 29, 31, 32, 33, 34, 36, 37, 38, 39, 40, 42, 44, 45, 46, 
      47, 48, 49, 50, 51, 52, 53, 54, 55, 56, 57, 58, 59, 60, 61, 62, 63, 64, 
      65, 66, 68, 69, 70, 71, 72, 73, 74, 75, 76, 77 ], 
  [ 2, 3, 4, 5, 6, 7, 8, 9, 11, 12, 13, 14, 15, 16, 17, 18, 19, 20, 23, 24, 
      25, 26, 27, 28, 29, 30, 31, 32, 34, 35, 36, 37, 38, 40, 41, 42, 43, 44, 
      45, 47, 48, 49, 50, 51, 52, 53, 54, 55, 56, 57, 58, 59, 60, 61, 63, 64, 
      65, 66, 67, 68, 69, 71, 72, 73, 74, 75, 76, 77, 78 ], 
  [ 1, 2, 3, 4, 5, 6, 7, 8, 9, 11, 12, 13, 14, 15, 16, 17, 18, 19, 20, 21, 
      22, 23, 24, 25, 26, 27, 28, 29, 30, 31, 32, 33, 34, 35, 36, 37, 39, 41, 
      42, 43, 44, 45, 46, 47, 48, 49, 50, 51, 52, 53, 54, 55, 56, 57, 58, 59, 
      60, 61, 62, 63, 64, 65, 67, 68, 69, 70, 73, 74, 75, 76, 77, 78 ], 
  [ 1, 2, 3, 4, 5, 6, 7, 8, 10, 11, 12, 13, 14, 15, 16, 17, 18, 19, 20, 21, 
      22, 23, 24, 25, 26, 27, 28, 29, 30, 33, 34, 35, 36, 38, 39, 40, 41, 42, 
      43, 44, 45, 47, 48, 49, 50, 51, 52, 53, 54, 55, 56, 57, 58, 59, 60, 61, 
      62, 63, 64, 66, 67, 68, 69, 70, 71, 72, 73, 74, 75, 76, 77, 78 ], 
  [ 1, 2, 3, 4, 5, 6, 7, 9, 10, 11, 12, 13, 14, 15, 16, 17, 18, 19, 20, 21, 
      22, 23, 24, 25, 26, 27, 28, 29, 30, 31, 32, 33, 34, 35, 36, 37, 38, 39, 
      40, 41, 42, 43, 44, 45, 46, 47, 48, 49, 50, 51, 52, 53, 54, 55, 57, 59, 
      62, 63, 64, 65, 66, 67, 68, 69, 70, 71, 72, 73, 74, 75, 77, 78 ], 
  [ 1, 2, 3, 4, 5, 6, 7, 8, 9, 10, 11, 12, 13, 14, 15, 16, 17, 18, 19, 21, 
      22, 23, 25, 26, 27, 28, 29, 31, 32, 33, 34, 35, 36, 37, 38, 39, 40, 41, 
      42, 43, 44, 45, 46, 48, 49, 50, 51, 53, 54, 55, 56, 57, 58, 59, 60, 61, 
      62, 63, 64, 65, 66, 67, 68, 69, 70, 71, 72, 73, 74, 76, 77, 78 ], 
  [ 1, 2, 3, 4, 5, 6, 7, 8, 9, 10, 11, 12, 13, 14, 15, 16, 17, 18, 19, 20, 
      21, 22, 23, 24, 26, 27, 28, 29, 30, 31, 32, 33, 34, 36, 37, 38, 39, 40, 
      41, 42, 43, 44, 45, 46, 47, 48, 50, 51, 52, 54, 55, 56, 57, 58, 60, 61, 
      62, 64, 65, 66, 67, 68, 69, 70, 71, 72, 73, 74, 75, 76, 77, 78 ] ];
