return 
[ [ 7, 8, 15, 16, 21, 25, 29, 30, 34, 37, 42, 45, 46, 47, 48, 51, 52, 53, 59 ]
    , [ 8, 10, 11, 16, 20, 21, 22, 26, 29, 30, 45, 47, 48, 49, 50, 51, 52, 
      53, 60 ], 
  [ 7, 8, 15, 16, 21, 25, 27, 29, 30, 34, 37, 42, 45, 46, 47, 52, 53, 54, 59, 
      63 ], [ 1, 7, 8, 9, 21, 25, 29, 30, 31, 34, 37, 46, 47, 48, 50, 51, 52, 
      53, 59, 65 ], 
  [ 1, 6, 7, 8, 20, 23, 24, 26, 27, 28, 41, 42, 43, 44, 45, 48, 51, 56, 57, 
      60, 61, 62 ], 
  [ 7, 10, 15, 16, 20, 24, 26, 28, 30, 34, 38, 42, 43, 46, 47, 51, 52, 57, 
      60, 61, 63, 64 ], 
  [ 2, 8, 10, 11, 15, 19, 20, 21, 22, 26, 29, 39, 41, 42, 45, 48, 49, 50, 51, 
      52, 60, 61, 62 ], 
  [ 7, 8, 10, 11, 20, 24, 25, 26, 27, 28, 29, 34, 41, 42, 43, 44, 45, 48, 49, 
      51, 58, 60, 61, 62 ], 
  [ 7, 10, 15, 16, 20, 24, 25, 28, 30, 34, 35, 38, 42, 43, 44, 46, 48, 49, 
      51, 52, 57, 58, 60, 61, 63 ], 
  [ 2, 7, 11, 15, 16, 17, 24, 25, 29, 30, 32, 34, 35, 37, 38, 42, 46, 48, 51, 
      52, 53, 57, 58, 59, 60 ], 
  [ 8, 10, 11, 16, 20, 21, 22, 26, 27, 28, 29, 30, 40, 44, 45, 46, 47, 48, 
      49, 50, 52, 53, 54, 55, 60, 63 ], 
  [ 1, 6, 7, 8, 10, 15, 20, 21, 24, 26, 27, 28, 30, 34, 36, 42, 43, 46, 47, 
      51, 52, 54, 57, 61, 63, 64, 65 ], 
  [ 2, 5, 10, 11, 14, 15, 16, 17, 24, 28, 30, 32, 34, 35, 37, 38, 41, 42, 46, 
      48, 51, 52, 53, 57, 58, 60, 61, 65 ], 
  [ 2, 7, 11, 15, 16, 17, 24, 25, 26, 29, 30, 32, 34, 35, 37, 38, 42, 43, 46, 
      47, 51, 52, 53, 57, 58, 59, 60, 63, 64 ], 
  [ 1, 2, 7, 8, 9, 11, 15, 17, 21, 24, 25, 29, 30, 31, 32, 34, 35, 37, 42, 
      46, 48, 50, 51, 52, 53, 57, 58, 59, 65 ], 
  [ 2, 8, 10, 11, 15, 19, 20, 21, 22, 26, 27, 28, 29, 39, 40, 41, 42, 44, 45, 
      46, 48, 49, 50, 52, 54, 55, 60, 61, 62 ], 
  [ 1, 5, 6, 7, 8, 10, 14, 16, 20, 23, 24, 26, 27, 28, 30, 34, 36, 38, 41, 
      42, 43, 45, 47, 51, 56, 57, 60, 61, 62, 63, 64, 65 ], 
  [ 1, 6, 7, 8, 15, 16, 20, 21, 23, 24, 26, 27, 28, 30, 38, 39, 42, 43, 44, 
      45, 46, 47, 48, 51, 54, 55, 56, 57, 60, 61, 62, 63, 64 ], 
  [ 2, 5, 10, 11, 14, 15, 16, 17, 24, 26, 28, 30, 32, 34, 35, 36, 37, 38, 41, 
      42, 43, 46, 47, 51, 52, 53, 57, 58, 60, 61, 63, 64, 65 ], 
  [ 1, 4, 6, 7, 8, 9, 13, 15, 16, 20, 21, 23, 24, 25, 27, 30, 33, 35, 38, 39, 
      42, 43, 44, 45, 48, 49, 51, 54, 56, 57, 58, 60, 61, 62, 63 ], 
  [ 1, 4, 5, 6, 7, 8, 9, 10, 13, 14, 16, 20, 23, 24, 25, 27, 28, 30, 33, 34, 
      35, 36, 38, 41, 42, 43, 44, 45, 48, 49, 51, 56, 57, 58, 60, 61, 62, 63, 
      65 ], 
  [ 1, 2, 4, 6, 7, 8, 9, 11, 15, 17, 18, 21, 24, 25, 26, 27, 29, 30, 31, 32, 
      34, 35, 36, 37, 40, 42, 43, 46, 47, 50, 51, 52, 53, 54, 57, 58, 59, 63, 
      64, 65 ], 
  [ 7, 8, 10, 11, 15, 16, 20, 21, 22, 24, 25, 26, 27, 28, 29, 30, 32, 34, 38, 
      39, 42, 43, 44, 45, 46, 47, 48, 49, 51, 52, 53, 54, 55, 58, 59, 60, 61, 
      62, 63, 64 ], 
  [ 1, 4, 6, 7, 8, 9, 10, 11, 18, 20, 21, 22, 24, 25, 26, 27, 28, 29, 30, 31, 
      32, 34, 36, 40, 43, 44, 46, 47, 48, 49, 50, 51, 52, 53, 54, 55, 58, 59, 
      63, 64, 65 ], 
  [ 1, 2, 4, 5, 6, 7, 8, 9, 10, 11, 15, 16, 20, 21, 24, 25, 26, 27, 28, 29, 
      30, 33, 34, 35, 36, 37, 40, 41, 42, 43, 44, 45, 46, 47, 48, 49, 50, 51, 
      52, 53, 54, 56, 57, 58, 60, 61, 63, 65 ], 
  [ 1, 2, 3, 5, 7, 8, 10, 11, 12, 14, 15, 16, 17, 19, 20, 21, 22, 23, 24, 26, 
      28, 29, 30, 31, 32, 34, 37, 38, 39, 41, 42, 45, 46, 47, 48, 50, 51, 52, 
      53, 55, 56, 57, 59, 60, 61, 62, 64, 65 ], 
  [ 2, 3, 5, 7, 10, 11, 12, 13, 14, 15, 16, 17, 19, 20, 22, 23, 24, 25, 26, 
      28, 29, 32, 33, 34, 35, 37, 38, 39, 41, 42, 43, 44, 45, 46, 47, 48, 49, 
      51, 52, 53, 55, 56, 57, 58, 59, 60, 61, 62, 64 ], 
  [ 1, 2, 3, 5, 7, 8, 9, 10, 11, 12, 13, 14, 15, 16, 17, 19, 20, 21, 22, 23, 
      24, 25, 29, 30, 31, 32, 33, 34, 35, 37, 38, 39, 41, 42, 45, 48, 49, 50, 
      51, 52, 53, 56, 57, 58, 59, 60, 61, 62, 65 ], 
  [ 1, 2, 3, 5, 6, 7, 8, 10, 11, 12, 14, 15, 16, 17, 18, 19, 20, 21, 22, 23, 
      24, 26, 27, 28, 29, 30, 31, 32, 34, 36, 37, 38, 39, 40, 41, 42, 45, 46, 
      47, 50, 52, 53, 54, 55, 56, 57, 59, 60, 61, 62, 63, 64, 65 ], 
  [ 2, 3, 4, 5, 6, 7, 10, 11, 12, 13, 14, 15, 16, 17, 18, 19, 20, 22, 23, 24, 
      25, 26, 27, 28, 29, 32, 33, 34, 35, 36, 37, 38, 39, 40, 41, 42, 43, 44, 
      45, 46, 47, 49, 52, 53, 54, 55, 56, 57, 58, 59, 60, 61, 62, 63, 64 ], 
  [ 1, 2, 3, 4, 6, 7, 8, 9, 10, 11, 13, 14, 15, 17, 18, 19, 20, 21, 22, 23, 
      24, 25, 26, 27, 28, 29, 30, 31, 32, 34, 35, 36, 38, 39, 40, 41, 42, 43, 
      44, 46, 48, 49, 50, 51, 52, 54, 55, 57, 58, 59, 60, 61, 62, 63, 64, 65 ]
    , [ 1, 3, 4, 5, 6, 7, 8, 9, 10, 12, 13, 14, 15, 16, 17, 18, 20, 21, 22, 
      23, 24, 25, 27, 28, 30, 31, 32, 33, 34, 35, 36, 37, 38, 39, 42, 43, 44, 
      45, 46, 47, 48, 49, 51, 52, 53, 54, 55, 56, 57, 58, 59, 61, 62, 63, 64, 
      65 ], [ 2, 3, 4, 5, 8, 9, 10, 11, 12, 13, 14, 15, 16, 17, 18, 19, 21, 
      22, 25, 26, 27, 28, 29, 30, 31, 32, 33, 34, 35, 36, 37, 38, 39, 40, 41, 
      42, 43, 44, 45, 46, 47, 48, 49, 50, 51, 52, 53, 54, 55, 58, 59, 60, 61, 
      62, 63, 64, 65 ], 
  [ 1, 2, 3, 4, 5, 6, 7, 8, 9, 10, 12, 13, 14, 15, 16, 17, 18, 19, 20, 21, 
      22, 23, 25, 26, 27, 28, 29, 30, 31, 33, 34, 35, 36, 37, 38, 39, 40, 41, 
      42, 43, 44, 45, 46, 47, 48, 49, 50, 51, 52, 54, 55, 56, 57, 59, 60, 61, 
      62, 63, 64, 65 ], 
  [ 1, 2, 3, 4, 5, 6, 7, 9, 10, 11, 12, 13, 14, 15, 16, 17, 18, 19, 20, 21, 
      22, 23, 24, 25, 26, 28, 29, 30, 31, 32, 33, 34, 35, 36, 37, 38, 39, 40, 
      41, 43, 44, 46, 47, 48, 49, 50, 51, 52, 53, 54, 55, 56, 57, 58, 59, 60, 
      61, 63, 64, 65 ], 
  [ 1, 2, 3, 4, 5, 6, 8, 9, 10, 11, 12, 13, 14, 15, 16, 17, 18, 19, 20, 21, 
      22, 23, 24, 26, 27, 28, 30, 31, 32, 33, 35, 36, 37, 38, 39, 40, 41, 42, 
      43, 44, 45, 46, 47, 48, 49, 50, 51, 52, 53, 54, 55, 56, 57, 58, 60, 61, 
      62, 63, 64, 65 ], 
  [ 1, 2, 3, 4, 5, 6, 7, 8, 9, 10, 11, 12, 13, 14, 16, 17, 18, 19, 20, 22, 
      23, 24, 25, 26, 27, 28, 29, 30, 31, 32, 33, 34, 35, 36, 37, 38, 40, 41, 
      42, 43, 44, 45, 46, 47, 48, 49, 50, 51, 52, 53, 55, 56, 57, 58, 59, 60, 
      62, 63, 64, 65 ], 
  [ 1, 2, 3, 4, 5, 6, 7, 8, 9, 10, 11, 12, 13, 14, 15, 16, 17, 18, 19, 20, 
      21, 22, 23, 24, 25, 26, 27, 29, 30, 31, 32, 33, 34, 35, 36, 37, 38, 39, 
      40, 41, 42, 43, 45, 47, 49, 50, 51, 52, 53, 54, 56, 57, 58, 59, 60, 61, 
      62, 63, 64, 65 ] ];
