return [ [ 10, 12, 15, 16, 17, 18, 19, 21, 22, 23, 24, 25, 28, 29, 32, 44 ], 
  [ 7, 10, 12, 15, 16, 17, 18, 21, 22, 23, 25, 28, 32, 35, 36, 37, 38, 44 ], 
  [ 9, 10, 12, 15, 16, 17, 19, 21, 22, 23, 24, 25, 28, 29, 32, 40, 44, 45 ], 
  [ 7, 9, 10, 12, 15, 16, 17, 21, 22, 23, 25, 28, 32, 35, 36, 38, 40, 44 ], 
  [ 10, 12, 15, 16, 17, 18, 19, 21, 22, 23, 24, 25, 28, 32, 35, 37, 38, 43, 
      44 ], [ 9, 10, 12, 15, 16, 17, 19, 21, 22, 23, 24, 25, 28, 32, 35, 38, 
      40, 43, 44 ], 
  [ 4, 10, 12, 13, 15, 17, 18, 19, 21, 22, 24, 25, 28, 32, 34, 35, 37, 41, 
      43, 44 ], 
  [ 1, 4, 5, 11, 14, 15, 17, 18, 20, 21, 22, 25, 29, 31, 32, 35, 36, 37, 41, 
      44, 45 ], 
  [ 7, 10, 11, 12, 15, 16, 17, 18, 21, 22, 23, 24, 25, 28, 29, 32, 36, 37, 
      38, 42, 44 ], 
  [ 1, 5, 11, 13, 14, 15, 17, 19, 20, 21, 24, 25, 28, 29, 31, 32, 34, 35, 40, 
      43, 44, 45 ], 
  [ 7, 9, 10, 11, 12, 15, 16, 17, 21, 22, 23, 24, 25, 28, 29, 32, 36, 38, 40, 
      42, 44, 45 ], 
  [ 1, 4, 5, 11, 13, 14, 15, 17, 18, 19, 20, 21, 22, 24, 25, 28, 29, 31, 32, 
      34, 35, 37, 41, 43, 44, 45 ], 
  [ 3, 4, 5, 6, 7, 10, 12, 13, 15, 16, 17, 18, 19, 20, 21, 22, 25, 28, 32, 
      33, 34, 35, 36, 37, 39, 41, 44 ], 
  [ 3, 5, 6, 7, 10, 11, 12, 13, 15, 16, 17, 19, 20, 21, 24, 25, 28, 29, 32, 
      33, 34, 36, 39, 40, 42, 44, 45 ], 
  [ 2, 4, 7, 8, 9, 11, 12, 15, 16, 17, 18, 21, 22, 23, 24, 25, 27, 28, 29, 
      32, 33, 34, 36, 37, 38, 39, 40, 42, 45 ], 
  [ 2, 4, 8, 9, 10, 12, 13, 14, 15, 17, 18, 19, 21, 22, 23, 24, 25, 28, 29, 
      30, 31, 32, 34, 35, 40, 41, 43, 44, 45, 46 ], 
  [ 3, 4, 5, 6, 7, 10, 11, 12, 13, 15, 16, 17, 18, 19, 20, 21, 22, 24, 25, 
      28, 29, 32, 33, 34, 36, 37, 39, 41, 42, 44, 45 ], 
  [ 1, 3, 5, 6, 7, 10, 11, 13, 14, 15, 16, 17, 18, 19, 20, 21, 22, 23, 24, 
      25, 26, 28, 29, 32, 35, 36, 37, 38, 41, 42, 43, 44, 46 ], 
  [ 2, 3, 4, 6, 7, 8, 9, 10, 12, 13, 15, 16, 17, 18, 19, 21, 22, 23, 24, 25, 
      28, 29, 30, 32, 33, 34, 36, 39, 40, 41, 42, 45, 46 ], 
  [ 1, 2, 4, 5, 8, 9, 11, 12, 14, 15, 16, 17, 18, 19, 21, 22, 23, 24, 25, 27, 
      28, 29, 31, 32, 34, 35, 37, 38, 39, 40, 43, 44, 45 ], 
  [ 1, 2, 4, 5, 7, 8, 9, 11, 12, 14, 15, 16, 17, 18, 20, 21, 22, 23, 25, 27, 
      28, 29, 31, 32, 33, 34, 35, 36, 37, 38, 39, 40, 44, 45 ], 
  [ 1, 3, 5, 6, 7, 9, 10, 11, 13, 14, 15, 16, 17, 19, 20, 21, 22, 23, 24, 25, 
      26, 28, 29, 30, 31, 32, 35, 36, 38, 40, 41, 42, 43, 44, 45, 46 ], 
  [ 2, 3, 4, 6, 7, 8, 9, 10, 12, 13, 15, 16, 17, 18, 19, 21, 22, 23, 24, 25, 
      26, 27, 28, 30, 32, 33, 34, 35, 36, 37, 38, 39, 40, 41, 42, 43, 46 ], 
  [ 2, 3, 4, 5, 6, 7, 8, 9, 10, 12, 13, 14, 15, 16, 17, 18, 19, 20, 21, 22, 
      23, 25, 28, 29, 30, 31, 32, 33, 34, 35, 36, 39, 40, 41, 44, 45, 46 ], 
  [ 1, 3, 5, 6, 7, 8, 10, 11, 12, 13, 14, 15, 16, 17, 18, 19, 20, 21, 23, 24, 
      25, 26, 27, 28, 29, 32, 33, 34, 35, 36, 37, 38, 39, 40, 42, 43, 44, 46 ]
    , [ 1, 2, 3, 4, 5, 6, 8, 10, 11, 12, 13, 14, 15, 17, 18, 19, 20, 21, 24, 
      25, 26, 27, 29, 30, 31, 32, 33, 34, 35, 36, 37, 39, 40, 41, 42, 43, 44, 
      45, 46 ], 
  [ 1, 2, 4, 5, 6, 8, 9, 10, 11, 12, 14, 15, 16, 17, 18, 19, 21, 22, 23, 24, 
      25, 26, 27, 29, 30, 31, 32, 35, 36, 37, 38, 39, 40, 41, 42, 43, 44, 45, 
      46 ], [ 1, 2, 3, 4, 5, 6, 7, 8, 9, 10, 11, 12, 14, 15, 16, 17, 18, 20, 
      22, 23, 25, 26, 27, 29, 30, 31, 32, 33, 35, 36, 37, 38, 39, 40, 41, 42, 
      44, 45, 46 ], 
  [ 1, 2, 3, 4, 5, 6, 7, 8, 9, 10, 12, 13, 14, 15, 16, 18, 19, 20, 21, 22, 
      23, 25, 26, 27, 28, 30, 31, 32, 33, 34, 35, 36, 37, 38, 39, 40, 41, 43, 
      44, 46 ], 
  [ 1, 2, 3, 4, 5, 6, 7, 9, 10, 11, 12, 13, 15, 16, 17, 19, 20, 21, 22, 24, 
      25, 26, 27, 28, 30, 31, 32, 33, 34, 35, 36, 37, 38, 39, 40, 41, 42, 43, 
      44, 45 ], 
  [ 1, 2, 3, 5, 6, 7, 8, 9, 10, 11, 12, 13, 14, 16, 17, 19, 20, 21, 23, 24, 
      25, 26, 27, 28, 29, 30, 31, 32, 33, 34, 35, 36, 38, 39, 40, 42, 43, 44, 
      45, 46 ], 
  [ 1, 2, 3, 4, 7, 8, 9, 10, 11, 12, 13, 14, 15, 17, 18, 20, 21, 22, 23, 24, 
      25, 26, 27, 28, 29, 30, 31, 32, 33, 34, 35, 36, 37, 38, 40, 41, 42, 43, 
      44, 45, 46 ], 
  [ 1, 2, 3, 4, 5, 6, 7, 8, 9, 11, 13, 14, 15, 16, 17, 18, 19, 20, 21, 22, 
      23, 24, 25, 26, 27, 28, 29, 30, 31, 32, 33, 34, 35, 36, 37, 38, 39, 40, 
      41, 42, 43, 45, 46 ], 
  [ 1, 2, 3, 4, 5, 6, 7, 8, 9, 10, 11, 12, 13, 14, 15, 16, 17, 18, 19, 20, 
      22, 23, 24, 25, 26, 27, 28, 29, 30, 31, 32, 33, 34, 35, 37, 38, 39, 40, 
      41, 42, 43, 44, 45, 46 ], 
  [ 1, 2, 3, 4, 5, 6, 7, 8, 9, 10, 11, 12, 13, 14, 15, 16, 18, 19, 20, 21, 
      22, 23, 24, 25, 26, 27, 28, 29, 30, 31, 32, 33, 34, 36, 37, 38, 39, 40, 
      41, 42, 43, 44, 45, 46 ], 
  [ 1, 2, 3, 4, 5, 6, 7, 8, 9, 10, 11, 12, 13, 14, 16, 17, 18, 19, 20, 21, 
      22, 23, 24, 25, 26, 27, 28, 29, 30, 31, 32, 33, 34, 35, 36, 37, 38, 39, 
      41, 42, 43, 44, 45, 46 ], 
  [ 1, 2, 3, 4, 5, 6, 7, 8, 9, 10, 11, 12, 13, 14, 15, 16, 17, 18, 19, 20, 
      21, 22, 23, 24, 25, 26, 27, 28, 29, 30, 31, 33, 34, 35, 36, 37, 38, 39, 
      40, 41, 42, 43, 44, 45, 46 ], 
  [ 1, 2, 3, 4, 5, 6, 7, 8, 9, 10, 11, 12, 13, 14, 15, 16, 17, 18, 19, 20, 
      21, 22, 23, 24, 26, 27, 28, 29, 30, 31, 32, 33, 34, 35, 36, 37, 38, 39, 
      40, 41, 42, 43, 44, 45, 46 ] ];
