return [ [ 14, 30, 31, 37, 38, 39, 40, 46, 47, 60, 65, 73, 79, 80, 82, 90 ], 
  [ 16, 17, 27, 31, 32, 36, 46, 47, 52, 53, 57, 64, 70, 75, 77, 89 ], 
  [ 14, 22, 30, 31, 37, 38, 39, 40, 46, 47, 60, 65, 73, 80, 82, 90 ], 
  [ 14, 20, 22, 30, 31, 37, 38, 39, 40, 47, 60, 65, 73, 80, 82, 90 ], 
  [ 14, 18, 30, 31, 32, 37, 38, 40, 46, 47, 60, 65, 73, 79, 80, 82, 90 ], 
  [ 14, 15, 16, 18, 32, 37, 38, 44, 45, 59, 66, 72, 79, 80, 82, 84, 85 ], 
  [ 14, 15, 16, 18, 30, 31, 32, 37, 38, 43, 53, 59, 69, 77, 82, 85, 86 ], 
  [ 14, 18, 19, 20, 30, 31, 32, 37, 38, 42, 47, 52, 60, 73, 77, 82, 90 ], 
  [ 14, 20, 22, 25, 30, 37, 39, 40, 44, 47, 65, 69, 73, 79, 80, 82, 90 ], 
  [ 14, 20, 22, 25, 30, 31, 37, 39, 40, 47, 60, 65, 69, 73, 80, 82, 90 ], 
  [ 22, 24, 31, 37, 38, 39, 46, 47, 56, 59, 60, 65, 77, 80, 82, 89, 90 ], 
  [ 2, 17, 24, 27, 29, 30, 31, 32, 36, 47, 54, 57, 64, 69, 70, 75, 77 ], 
  [ 2, 16, 17, 24, 27, 31, 32, 36, 46, 47, 52, 53, 57, 64, 75, 77, 89 ], 
  [ 9, 33, 34, 37, 38, 41, 46, 47, 48, 49, 52, 53, 56, 84, 85, 89, 90 ], 
  [ 14, 15, 18, 30, 31, 32, 37, 40, 46, 53, 54, 59, 69, 73, 79, 80, 82, 86 ], 
  [ 14, 22, 25, 30, 31, 37, 39, 40, 46, 47, 60, 65, 69, 73, 79, 80, 82, 90 ], 
  [ 22, 24, 26, 31, 38, 39, 46, 47, 51, 57, 59, 60, 65, 75, 77, 80, 82, 89 ], 
  [ 22, 24, 26, 31, 38, 39, 46, 47, 51, 56, 57, 59, 60, 65, 77, 80, 82, 89 ], 
  [ 22, 24, 25, 27, 30, 31, 46, 47, 50, 52, 54, 57, 60, 64, 69, 73, 77, 90 ], 
  [ 14, 22, 24, 25, 39, 44, 47, 56, 59, 65, 66, 67, 73, 75, 79, 80, 82, 85 ], 
  [ 1, 14, 22, 30, 31, 32, 37, 38, 46, 47, 52, 54, 59, 60, 79, 80, 82, 84 ], 
  [ 2, 16, 17, 24, 27, 31, 32, 46, 52, 53, 54, 56, 57, 64, 69, 70, 77, 82 ], 
  [ 2, 16, 17, 18, 24, 27, 31, 32, 43, 46, 52, 53, 57, 64, 75, 77, 82, 89 ], 
  [ 2, 16, 17, 18, 24, 27, 31, 32, 36, 43, 46, 52, 53, 57, 64, 75, 77, 89 ], 
  [ 28, 29, 30, 31, 32, 54, 55, 57, 58, 59, 60, 73, 74, 75, 77, 82, 86, 87, 
      88 ], [ 14, 15, 16, 30, 46, 52, 53, 54, 56, 61, 62, 63, 69, 70, 71, 77, 
      79, 84, 85 ], 
  [ 16, 17, 19, 20, 30, 31, 32, 36, 46, 47, 52, 53, 57, 64, 70, 75, 77, 83, 
      89 ], [ 18, 19, 20, 30, 31, 32, 57, 58, 60, 64, 65, 73, 74, 75, 77, 82, 
      86, 87, 88 ], 
  [ 15, 18, 19, 20, 30, 31, 32, 36, 37, 40, 42, 43, 53, 58, 74, 77, 81, 82, 
      83 ], [ 22, 25, 26, 30, 37, 46, 47, 50, 54, 56, 59, 60, 66, 77, 79, 80, 
      82, 84, 88 ], 
  [ 22, 25, 26, 32, 46, 47, 56, 57, 61, 63, 64, 65, 69, 70, 77, 78, 82, 86, 
      89 ], [ 14, 22, 25, 30, 31, 37, 38, 39, 47, 56, 59, 60, 65, 69, 77, 79, 
      80, 82, 85 ], 
  [ 20, 22, 27, 30, 31, 32, 36, 46, 47, 52, 53, 54, 57, 64, 69, 70, 75, 77, 
      89 ], [ 14, 18, 20, 22, 30, 31, 32, 37, 38, 40, 46, 47, 60, 65, 73, 80, 
      82, 89, 90 ], 
  [ 18, 22, 24, 27, 31, 32, 46, 47, 52, 53, 54, 57, 64, 69, 73, 77, 82, 89, 
      90 ], [ 1, 14, 27, 28, 30, 31, 32, 39, 40, 46, 54, 55, 59, 69, 73, 79, 
      80, 82, 86 ], 
  [ 1, 14, 22, 25, 30, 37, 47, 50, 54, 56, 59, 60, 66, 77, 79, 80, 82, 84, 88 
     ], [ 2, 16, 17, 27, 31, 32, 43, 46, 52, 53, 54, 55, 56, 57, 69, 70, 71, 
      77, 82 ], 
  [ 2, 16, 17, 27, 30, 31, 32, 36, 43, 46, 52, 53, 54, 55, 57, 69, 70, 71, 77 
     ], [ 2, 16, 17, 27, 29, 30, 31, 32, 36, 47, 52, 54, 55, 57, 69, 70, 75, 
      77, 88 ], 
  [ 2, 17, 24, 27, 29, 30, 31, 32, 36, 47, 52, 54, 55, 57, 64, 69, 73, 75, 77 
     ], [ 2, 16, 17, 18, 19, 24, 31, 32, 38, 43, 46, 52, 53, 57, 64, 75, 77, 
      82, 89 ], 
  [ 2, 7, 16, 17, 27, 29, 30, 31, 32, 36, 39, 47, 55, 69, 70, 75, 77, 80, 88 ]
    , [ 1, 8, 22, 27, 33, 37, 46, 47, 48, 49, 50, 52, 53, 54, 56, 77, 82, 89, 
      90 ], [ 14, 15, 16, 18, 30, 31, 32, 40, 43, 46, 53, 54, 55, 59, 69, 73, 
      79, 80, 82, 86 ], 
  [ 14, 15, 16, 18, 30, 31, 32, 37, 38, 40, 43, 46, 53, 59, 69, 79, 80, 82, 
      85, 86 ], 
  [ 14, 15, 16, 19, 30, 31, 32, 38, 42, 43, 52, 55, 56, 70, 71, 72, 77, 79, 
      82, 87 ], 
  [ 20, 22, 25, 26, 30, 32, 46, 47, 57, 61, 63, 64, 65, 69, 70, 77, 78, 86, 
      88, 89 ], 
  [ 14, 15, 16, 20, 22, 30, 44, 54, 56, 61, 62, 63, 69, 70, 71, 75, 77, 79, 
      84, 85 ], 
  [ 14, 22, 24, 25, 39, 44, 47, 56, 59, 63, 65, 66, 67, 69, 70, 73, 75, 79, 
      80, 85 ], 
  [ 2, 16, 17, 27, 30, 31, 46, 52, 54, 55, 56, 57, 63, 68, 69, 70, 71, 77, 
      79, 87 ], 
  [ 2, 16, 17, 24, 27, 30, 31, 32, 36, 46, 47, 52, 53, 54, 57, 64, 69, 70, 
      75, 77 ], 
  [ 2, 16, 17, 18, 24, 27, 31, 32, 43, 46, 52, 53, 54, 55, 57, 64, 73, 75, 
      77, 82 ], 
  [ 2, 16, 17, 18, 24, 27, 31, 32, 43, 46, 52, 53, 54, 55, 57, 64, 69, 73, 
      77, 82 ], 
  [ 4, 17, 20, 21, 29, 30, 32, 36, 47, 53, 54, 57, 58, 64, 70, 74, 75, 77, 
      78, 83 ], 
  [ 15, 18, 20, 30, 31, 32, 36, 37, 40, 42, 43, 53, 54, 55, 58, 59, 73, 74, 
      75, 77, 82 ], 
  [ 14, 15, 18, 20, 22, 30, 31, 32, 37, 40, 44, 46, 53, 54, 69, 73, 79, 80, 
      82, 86, 89 ], 
  [ 22, 24, 25, 30, 31, 37, 38, 39, 46, 47, 56, 59, 60, 65, 69, 77, 79, 80, 
      82, 85, 90 ], 
  [ 14, 22, 24, 25, 30, 31, 37, 38, 39, 46, 47, 59, 60, 65, 69, 73, 79, 80, 
      82, 85, 90 ], 
  [ 2, 16, 17, 21, 27, 29, 30, 31, 36, 52, 54, 55, 57, 63, 68, 69, 70, 71, 
      77, 87, 88 ], 
  [ 2, 16, 17, 19, 24, 30, 31, 32, 38, 46, 47, 52, 53, 54, 57, 59, 64, 70, 
      74, 75, 77 ], 
  [ 14, 18, 19, 20, 30, 31, 32, 37, 38, 40, 44, 45, 46, 47, 60, 65, 79, 80, 
      81, 82, 89, 90 ], 
  [ 16, 18, 22, 24, 26, 27, 32, 46, 53, 54, 56, 62, 64, 69, 70, 73, 75, 77, 
      80, 82, 84, 89 ], 
  [ 16, 18, 22, 24, 26, 27, 31, 32, 46, 52, 53, 54, 57, 64, 69, 73, 75, 77, 
      80, 82, 84, 89 ], 
  [ 18, 20, 22, 24, 30, 31, 32, 37, 38, 39, 40, 46, 47, 59, 60, 65, 73, 75, 
      80, 82, 89, 90 ], 
  [ 1, 14, 22, 25, 26, 28, 30, 32, 37, 46, 47, 50, 54, 59, 60, 66, 79, 80, 
      82, 84, 86, 88 ], 
  [ 1, 14, 16, 20, 22, 27, 30, 31, 32, 36, 42, 47, 52, 54, 55, 69, 70, 75, 
      77, 80, 84, 88 ], 
  [ 2, 16, 17, 18, 24, 27, 30, 31, 32, 36, 43, 46, 52, 53, 54, 55, 57, 64, 
      69, 73, 75, 77 ], 
  [ 3, 18, 22, 24, 26, 28, 31, 32, 38, 39, 40, 46, 51, 57, 59, 60, 65, 73, 
      75, 80, 82, 89 ], 
  [ 2, 7, 17, 24, 27, 29, 30, 31, 32, 36, 39, 47, 54, 55, 59, 64, 69, 70, 73, 
      74, 75, 77 ], 
  [ 16, 20, 22, 26, 27, 30, 31, 32, 36, 46, 47, 52, 53, 54, 57, 69, 70, 75, 
      77, 80, 84, 88, 89 ], 
  [ 14, 18, 20, 22, 25, 30, 31, 32, 37, 40, 44, 46, 47, 60, 65, 69, 73, 79, 
      80, 82, 86, 89, 90 ], 
  [ 1, 14, 22, 25, 27, 33, 37, 46, 47, 48, 49, 50, 52, 53, 54, 56, 69, 77, 
      82, 84, 85, 89, 90 ], 
  [ 2, 7, 16, 17, 24, 26, 27, 31, 32, 36, 39, 46, 47, 51, 53, 57, 64, 70, 75, 
      77, 78, 80, 89 ], 
  [ 5, 9, 12, 13, 15, 33, 34, 37, 38, 41, 46, 47, 48, 49, 52, 53, 56, 70, 71, 
      72, 79, 84, 85 ], 
  [ 14, 15, 16, 30, 31, 32, 54, 55, 56, 59, 63, 66, 69, 70, 73, 74, 75, 77, 
      79, 80, 82, 86, 87, 88 ], 
  [ 14, 18, 19, 20, 25, 30, 31, 32, 40, 44, 45, 46, 47, 60, 61, 65, 69, 79, 
      80, 81, 82, 86, 89, 90 ], 
  [ 1, 14, 22, 25, 27, 28, 30, 31, 32, 37, 39, 40, 46, 47, 50, 54, 59, 60, 
      69, 73, 79, 80, 82, 86 ], 
  [ 2, 14, 15, 16, 17, 24, 30, 54, 55, 56, 59, 61, 62, 63, 64, 69, 70, 71, 
      73, 74, 75, 77, 79, 85 ], 
  [ 2, 16, 17, 18, 19, 24, 30, 31, 32, 38, 43, 46, 52, 53, 54, 55, 57, 59, 
      64, 73, 74, 75, 77, 82 ], 
  [ 3, 14, 15, 16, 18, 23, 26, 32, 33, 37, 38, 40, 43, 46, 53, 59, 66, 72, 
      79, 80, 82, 84, 85, 86 ], 
  [ 2, 7, 17, 24, 27, 29, 30, 31, 32, 36, 39, 46, 47, 51, 53, 54, 57, 59, 64, 
      70, 74, 75, 77, 78 ], 
  [ 1, 2, 8, 14, 16, 17, 27, 30, 46, 48, 52, 54, 55, 56, 61, 63, 68, 69, 70, 
      71, 77, 79, 84, 85 ], 
  [ 2, 16, 17, 18, 19, 20, 24, 30, 31, 32, 34, 36, 38, 43, 46, 47, 52, 53, 
      57, 64, 75, 77, 83, 89, 90 ], 
  [ 2, 7, 16, 17, 24, 26, 27, 29, 30, 31, 32, 36, 39, 46, 47, 51, 57, 64, 69, 
      70, 75, 77, 78, 80, 88 ], 
  [ 9, 27, 31, 33, 34, 36, 37, 38, 39, 40, 46, 47, 48, 49, 52, 53, 56, 69, 
      77, 80, 82, 84, 85, 89, 90 ], 
  [ 14, 15, 16, 18, 20, 30, 31, 32, 36, 37, 40, 42, 43, 53, 54, 55, 58, 59, 
      69, 73, 75, 77, 80, 82, 86, 88 ], 
  [ 1, 14, 22, 25, 27, 30, 31, 37, 38, 39, 46, 47, 48, 50, 52, 54, 56, 59, 
      60, 69, 77, 79, 80, 82, 84, 85 ], 
  [ 2, 16, 17, 18, 19, 24, 29, 30, 31, 32, 38, 43, 55, 57, 58, 59, 60, 64, 
      73, 74, 75, 77, 82, 86, 87, 88 ], 
  [ 2, 3, 7, 16, 17, 18, 24, 26, 27, 31, 32, 36, 39, 40, 43, 46, 51, 53, 57, 
      64, 75, 77, 78, 80, 82, 89 ], 
  [ 1, 8, 14, 22, 24, 25, 27, 30, 46, 47, 48, 50, 54, 56, 61, 62, 63, 64, 68, 
      69, 70, 73, 77, 79, 85, 90 ], 
  [ 6, 7, 8, 19, 22, 26, 27, 31, 32, 45, 46, 47, 52, 56, 57, 61, 64, 65, 69, 
      70, 77, 78, 80, 82, 84, 89 ], 
  [ 6, 7, 8, 17, 19, 20, 22, 27, 30, 31, 32, 36, 46, 47, 52, 53, 54, 57, 64, 
      65, 70, 74, 75, 77, 78, 83, 89 ], 
  [ 6, 7, 11, 17, 19, 28, 29, 30, 31, 32, 35, 55, 57, 58, 60, 64, 65, 73, 74, 
      75, 76, 77, 78, 82, 86, 87, 88 ], 
  [ 2, 16, 17, 18, 19, 24, 30, 31, 32, 34, 36, 38, 43, 46, 47, 52, 53, 57, 
      61, 62, 64, 69, 70, 71, 77, 83, 85, 90 ], 
  [ 14, 15, 16, 18, 19, 20, 30, 31, 32, 37, 38, 42, 43, 52, 53, 54, 55, 57, 
      58, 59, 60, 73, 74, 75, 77, 82, 86, 87, 88 ], 
  [ 1, 2, 8, 14, 16, 17, 22, 24, 27, 30, 46, 48, 54, 55, 56, 61, 62, 63, 64, 
      68, 69, 70, 71, 73, 75, 77, 79, 84, 85 ], 
  [ 6, 7, 8, 9, 10, 19, 27, 31, 33, 34, 36, 37, 38, 39, 40, 41, 46, 47, 48, 
      49, 52, 53, 56, 77, 81, 82, 83, 89, 90 ], 
  [ 22, 24, 25, 26, 27, 31, 37, 38, 39, 46, 47, 48, 49, 50, 51, 52, 53, 54, 
      56, 57, 59, 60, 69, 77, 80, 82, 84, 85, 89, 90 ], 
  [ 2, 3, 7, 9, 13, 16, 17, 18, 24, 26, 27, 32, 36, 39, 40, 43, 46, 51, 53, 
      56, 62, 64, 70, 71, 75, 77, 78, 80, 82, 89 ], 
  [ 1, 2, 3, 8, 16, 17, 18, 22, 24, 26, 27, 28, 32, 33, 43, 46, 48, 51, 52, 
      53, 54, 55, 57, 64, 73, 75, 77, 78, 82, 84, 89 ], 
  [ 1, 6, 7, 8, 11, 14, 16, 17, 19, 20, 22, 27, 30, 31, 32, 36, 42, 45, 47, 
      52, 55, 61, 65, 69, 70, 75, 77, 80, 83, 84, 88 ], 
  [ 6, 7, 8, 16, 17, 19, 20, 22, 26, 27, 30, 31, 32, 36, 45, 46, 47, 52, 57, 
      61, 64, 65, 69, 70, 75, 77, 78, 80, 83, 84, 88, 89 ], 
  [ 6, 7, 8, 10, 19, 22, 24, 27, 31, 37, 38, 39, 46, 47, 48, 49, 50, 51, 52, 
      53, 54, 56, 57, 59, 60, 64, 65, 74, 76, 77, 78, 82, 89, 90 ], 
  [ 1, 2, 3, 8, 13, 16, 17, 18, 22, 24, 26, 27, 28, 32, 33, 43, 46, 48, 51, 
      53, 54, 55, 56, 62, 64, 68, 70, 71, 73, 75, 77, 78, 82, 84, 89 ], 
  [ 2, 14, 15, 16, 17, 18, 19, 24, 30, 31, 32, 38, 43, 46, 52, 53, 54, 55, 
      56, 57, 59, 61, 62, 63, 64, 69, 70, 71, 73, 74, 77, 79, 82, 85, 86, 87 ]
    , [ 6, 7, 8, 10, 19, 22, 24, 25, 26, 27, 31, 38, 39, 45, 46, 47, 48, 49, 
      50, 51, 52, 56, 57, 60, 61, 64, 65, 69, 76, 77, 78, 80, 82, 84, 85, 89, 
      90 ], [ 2, 6, 7, 8, 10, 16, 17, 19, 22, 24, 26, 27, 31, 32, 38, 39, 45, 
      46, 47, 48, 51, 52, 53, 54, 56, 57, 59, 64, 65, 70, 74, 75, 77, 78, 80, 
      82, 84, 89 ], 
  [ 1, 2, 3, 8, 13, 14, 16, 17, 18, 24, 26, 27, 28, 32, 33, 43, 46, 48, 51, 
      52, 53, 54, 55, 56, 57, 61, 62, 63, 64, 68, 69, 70, 71, 73, 77, 78, 82, 
      84, 85, 86 ], 
  [ 1, 3, 8, 13, 14, 18, 22, 24, 25, 26, 27, 28, 32, 33, 46, 47, 48, 49, 50, 
      51, 52, 53, 54, 56, 57, 61, 62, 63, 64, 68, 69, 70, 73, 77, 78, 82, 84, 
      85, 86, 89, 90 ], 
  [ 1, 2, 3, 6, 7, 8, 10, 11, 16, 17, 18, 19, 22, 24, 26, 27, 28, 31, 32, 33, 
      38, 39, 40, 43, 45, 46, 48, 51, 52, 53, 54, 55, 57, 59, 64, 65, 73, 74, 
      75, 78, 80, 81, 82, 84, 89 ], 
  [ 1, 2, 5, 6, 7, 8, 9, 10, 11, 14, 15, 16, 17, 22, 24, 27, 35, 39, 41, 44, 
      45, 48, 54, 55, 56, 59, 61, 62, 63, 64, 65, 66, 67, 68, 69, 70, 71, 72, 
      73, 74, 75, 79, 80, 84, 85 ], 
  [ 1, 4, 5, 8, 9, 12, 13, 14, 15, 20, 21, 22, 25, 27, 30, 33, 34, 36, 37, 
      41, 42, 44, 46, 47, 48, 49, 50, 52, 53, 54, 56, 61, 62, 63, 68, 69, 70, 
      71, 72, 77, 79, 83, 84, 85, 89, 90 ], 
  [ 1, 4, 6, 7, 8, 11, 14, 17, 19, 20, 21, 22, 25, 27, 28, 29, 30, 31, 32, 
      35, 36, 42, 47, 50, 52, 54, 55, 57, 58, 60, 61, 63, 64, 65, 68, 69, 70, 
      73, 74, 75, 76, 77, 78, 83, 86, 87, 88 ], 
  [ 14, 15, 16, 18, 19, 20, 22, 24, 25, 26, 30, 31, 32, 37, 38, 44, 45, 46, 
      47, 52, 53, 54, 56, 57, 59, 60, 61, 62, 63, 64, 65, 66, 69, 70, 73, 74, 
      75, 77, 79, 80, 82, 84, 85, 86, 87, 88, 89, 90 ], 
  [ 2, 4, 14, 15, 16, 17, 18, 19, 20, 21, 24, 25, 29, 30, 31, 32, 34, 36, 37, 
      38, 42, 43, 47, 52, 53, 54, 55, 57, 58, 59, 60, 61, 62, 63, 64, 69, 70, 
      71, 73, 74, 75, 77, 83, 85, 86, 87, 88, 90 ], 
  [ 2, 3, 6, 7, 8, 9, 10, 13, 16, 17, 18, 19, 24, 26, 27, 31, 32, 33, 34, 36, 
      38, 39, 40, 41, 43, 45, 46, 47, 48, 49, 51, 52, 53, 56, 57, 61, 62, 64, 
      69, 70, 71, 77, 78, 80, 81, 82, 83, 84, 85, 89, 90 ], 
  [ 1, 3, 4, 5, 9, 12, 13, 14, 15, 20, 21, 22, 23, 25, 26, 27, 28, 30, 31, 
      32, 33, 36, 37, 40, 42, 44, 46, 47, 49, 50, 52, 53, 54, 56, 57, 58, 60, 
      63, 66, 68, 69, 70, 72, 77, 79, 80, 82, 84, 86, 87, 88, 89 ], 
  [ 3, 4, 5, 6, 7, 9, 12, 13, 18, 19, 20, 21, 23, 25, 26, 30, 31, 32, 35, 36, 
      40, 41, 44, 45, 46, 47, 49, 56, 57, 58, 60, 61, 62, 63, 64, 65, 66, 69, 
      70, 76, 77, 78, 79, 80, 81, 82, 83, 86, 87, 88, 89, 90 ], 
  [ 1, 2, 3, 4, 14, 16, 18, 20, 22, 24, 25, 26, 27, 28, 29, 30, 31, 32, 33, 
      34, 36, 37, 38, 39, 40, 42, 43, 46, 47, 48, 49, 50, 51, 52, 53, 54, 55, 
      57, 58, 59, 60, 69, 73, 75, 77, 80, 82, 84, 85, 86, 88, 89, 90 ], 
  [ 2, 3, 5, 7, 9, 13, 15, 16, 17, 18, 21, 23, 24, 26, 27, 28, 29, 30, 31, 
      32, 35, 36, 39, 40, 43, 46, 51, 53, 54, 55, 56, 57, 58, 59, 62, 63, 64, 
      66, 67, 68, 69, 70, 71, 73, 74, 75, 77, 78, 79, 80, 82, 86, 87, 88 ], 
  [ 1, 2, 3, 4, 8, 13, 14, 16, 17, 18, 20, 21, 22, 24, 25, 26, 27, 28, 29, 
      30, 32, 33, 34, 36, 42, 43, 46, 47, 48, 49, 50, 51, 52, 53, 54, 55, 57, 
      58, 61, 62, 63, 64, 68, 69, 70, 71, 73, 75, 77, 78, 83, 84, 85, 86, 88, 
      89, 90 ], 
  [ 1, 2, 3, 4, 6, 7, 8, 10, 11, 17, 18, 19, 20, 22, 24, 27, 28, 29, 30, 31, 
      32, 33, 34, 36, 37, 38, 39, 40, 42, 43, 46, 47, 48, 49, 50, 51, 52, 53, 
      54, 55, 57, 58, 59, 60, 64, 65, 73, 74, 75, 76, 77, 78, 81, 82, 83, 89, 
      90 ], [ 1, 2, 3, 5, 6, 7, 8, 9, 10, 11, 13, 15, 16, 17, 18, 22, 23, 24, 
      26, 27, 28, 32, 33, 35, 39, 40, 41, 43, 44, 45, 46, 48, 51, 53, 54, 55, 
      56, 59, 62, 64, 65, 66, 67, 68, 70, 71, 72, 73, 74, 75, 78, 79, 80, 81, 
      82, 84, 89 ], 
  [ 1, 2, 6, 7, 8, 10, 11, 14, 16, 17, 19, 22, 24, 25, 26, 27, 28, 29, 30, 
      31, 32, 35, 38, 39, 45, 46, 47, 48, 50, 51, 52, 54, 55, 56, 57, 59, 60, 
      61, 63, 64, 65, 66, 67, 68, 69, 70, 73, 74, 75, 76, 77, 78, 79, 80, 82, 
      84, 85, 86, 87, 88 ], 
  [ 3, 4, 5, 9, 12, 13, 14, 15, 16, 18, 19, 20, 21, 23, 25, 26, 30, 31, 32, 
      33, 34, 36, 37, 38, 40, 41, 42, 43, 44, 45, 46, 47, 49, 52, 53, 56, 57, 
      58, 60, 61, 62, 63, 66, 69, 70, 71, 72, 77, 79, 80, 81, 82, 83, 84, 85, 
      86, 87, 88, 89, 90 ], 
  [ 1, 2, 3, 4, 5, 9, 12, 13, 14, 15, 16, 21, 23, 25, 26, 27, 28, 29, 30, 31, 
      32, 33, 34, 36, 37, 38, 39, 40, 42, 43, 46, 47, 48, 49, 50, 51, 52, 53, 
      54, 55, 56, 57, 58, 59, 60, 63, 66, 67, 68, 69, 70, 71, 72, 77, 79, 80, 
      82, 84, 85, 86, 87, 88 ], 
  [ 2, 3, 4, 5, 6, 7, 9, 10, 12, 13, 16, 17, 18, 19, 21, 23, 24, 25, 26, 29, 
      30, 31, 32, 34, 35, 36, 38, 39, 40, 41, 43, 45, 46, 47, 49, 51, 56, 57, 
      58, 60, 61, 62, 63, 64, 66, 67, 69, 70, 71, 76, 77, 78, 79, 80, 81, 82, 
      83, 85, 86, 87, 88, 90 ], 
  [ 1, 2, 6, 7, 8, 9, 10, 11, 14, 15, 16, 17, 18, 19, 20, 22, 24, 27, 30, 31, 
      32, 33, 34, 36, 37, 38, 39, 40, 41, 42, 43, 44, 45, 46, 47, 48, 52, 53, 
      54, 55, 56, 59, 61, 62, 64, 65, 69, 70, 71, 72, 73, 74, 75, 77, 79, 80, 
      81, 82, 83, 84, 85, 89, 90 ], 
  [ 3, 4, 5, 7, 9, 12, 13, 15, 18, 20, 21, 22, 23, 24, 25, 26, 27, 28, 29, 
      30, 31, 32, 35, 36, 37, 39, 40, 44, 46, 47, 49, 50, 51, 53, 54, 56, 57, 
      58, 59, 60, 62, 63, 64, 65, 66, 67, 68, 69, 70, 73, 74, 75, 76, 77, 78, 
      79, 80, 82, 86, 87, 88, 89, 90 ], 
  [ 1, 2, 3, 4, 6, 7, 8, 10, 11, 14, 16, 17, 18, 19, 20, 22, 24, 25, 26, 27, 
      28, 29, 30, 31, 32, 33, 34, 36, 38, 39, 40, 42, 43, 45, 46, 47, 48, 49, 
      50, 51, 52, 55, 57, 58, 60, 61, 64, 65, 69, 73, 75, 76, 77, 78, 80, 81, 
      82, 83, 84, 85, 86, 88, 89, 90 ], 
  [ 1, 2, 3, 5, 6, 7, 8, 9, 10, 11, 13, 14, 15, 16, 17, 18, 19, 23, 24, 26, 
      27, 28, 31, 32, 33, 35, 38, 39, 40, 41, 43, 45, 46, 48, 51, 52, 53, 54, 
      55, 56, 57, 59, 61, 62, 63, 64, 66, 67, 68, 69, 70, 71, 72, 73, 74, 78, 
      79, 80, 81, 82, 84, 85, 86, 87 ], 
  [ 1, 2, 3, 4, 5, 9, 12, 13, 14, 15, 16, 18, 20, 21, 22, 23, 24, 25, 26, 27, 
      28, 29, 30, 32, 33, 34, 36, 37, 39, 40, 42, 43, 44, 46, 47, 48, 49, 50, 
      51, 53, 54, 55, 56, 58, 59, 62, 63, 66, 67, 68, 69, 70, 71, 72, 73, 75, 
      77, 79, 80, 82, 84, 85, 86, 88, 89, 90 ], 
  [ 2, 3, 4, 5, 6, 7, 9, 10, 12, 13, 15, 16, 17, 18, 19, 20, 21, 23, 24, 26, 
      29, 30, 31, 32, 34, 35, 36, 37, 38, 39, 40, 41, 43, 44, 45, 46, 47, 49, 
      51, 53, 56, 57, 58, 59, 60, 62, 64, 65, 66, 67, 70, 71, 74, 75, 76, 77, 
      78, 79, 80, 81, 82, 83, 87, 88, 89, 90 ], 
  [ 1, 3, 5, 6, 7, 8, 9, 11, 13, 14, 15, 16, 17, 18, 19, 20, 21, 22, 23, 26, 
      27, 28, 30, 31, 32, 33, 35, 36, 40, 41, 42, 43, 44, 45, 46, 52, 53, 54, 
      55, 56, 57, 58, 61, 62, 63, 64, 65, 66, 68, 69, 70, 71, 72, 73, 74, 75, 
      77, 78, 79, 80, 81, 82, 83, 84, 86, 87, 88, 89 ], 
  [ 1, 2, 3, 4, 5, 6, 7, 8, 9, 10, 11, 12, 13, 15, 17, 18, 20, 21, 22, 23, 
      24, 27, 28, 29, 30, 32, 33, 34, 35, 36, 37, 39, 40, 41, 42, 43, 44, 46, 
      47, 48, 49, 50, 51, 53, 54, 55, 56, 58, 59, 62, 64, 65, 67, 68, 70, 71, 
      72, 73, 74, 75, 76, 77, 78, 79, 81, 82, 83, 89, 90 ], 
  [ 2, 4, 5, 6, 7, 8, 9, 10, 12, 13, 15, 16, 17, 19, 20, 21, 22, 24, 25, 26, 
      27, 29, 30, 31, 34, 35, 36, 37, 38, 39, 41, 44, 45, 46, 47, 48, 49, 50, 
      51, 52, 53, 54, 56, 57, 59, 60, 61, 62, 63, 64, 65, 66, 67, 68, 69, 70, 
      71, 74, 75, 76, 77, 78, 79, 80, 83, 84, 85, 87, 88, 89, 90 ], 
  [ 1, 2, 3, 4, 5, 6, 7, 8, 9, 10, 11, 12, 13, 14, 16, 17, 19, 21, 23, 25, 
      26, 27, 28, 29, 30, 31, 32, 33, 34, 35, 36, 38, 39, 40, 41, 42, 43, 45, 
      46, 47, 48, 49, 50, 51, 52, 55, 56, 57, 58, 60, 61, 63, 66, 67, 68, 69, 
      70, 71, 72, 76, 77, 78, 79, 80, 81, 82, 83, 84, 85, 86, 87, 88 ], 
  [ 1, 2, 3, 4, 5, 6, 7, 8, 9, 10, 11, 12, 13, 15, 16, 17, 19, 20, 21, 22, 
      23, 26, 27, 28, 29, 30, 31, 32, 33, 34, 35, 36, 37, 38, 39, 40, 41, 42, 
      43, 44, 45, 46, 47, 48, 49, 50, 51, 52, 53, 54, 55, 56, 57, 58, 59, 60, 
      65, 66, 67, 68, 70, 71, 72, 74, 75, 76, 77, 78, 79, 80, 81, 82, 83, 84, 
      87, 88, 89 ], 
  [ 1, 2, 3, 4, 5, 6, 7, 8, 9, 10, 11, 12, 13, 14, 16, 17, 18, 20, 21, 22, 
      23, 24, 25, 26, 27, 28, 29, 30, 32, 33, 34, 35, 36, 39, 40, 41, 42, 43, 
      44, 45, 46, 47, 48, 49, 50, 51, 55, 56, 58, 61, 62, 63, 64, 65, 66, 67, 
      68, 69, 70, 71, 72, 73, 75, 76, 77, 78, 79, 80, 81, 82, 83, 84, 85, 86, 
      88, 89, 90 ], 
  [ 1, 2, 3, 4, 5, 6, 8, 10, 11, 12, 13, 14, 15, 16, 17, 18, 19, 20, 21, 22, 
      23, 24, 25, 26, 28, 29, 30, 32, 33, 34, 35, 37, 38, 41, 42, 43, 44, 45, 
      46, 47, 48, 49, 50, 51, 52, 53, 54, 55, 56, 57, 58, 59, 60, 61, 62, 63, 
      64, 65, 66, 67, 68, 70, 71, 72, 73, 74, 75, 76, 77, 78, 79, 81, 82, 83, 
      84, 85, 86, 87, 88, 89, 90 ], 
  [ 1, 2, 3, 4, 5, 6, 7, 8, 9, 10, 11, 12, 13, 14, 15, 16, 17, 18, 19, 20, 
      21, 22, 23, 24, 25, 26, 27, 28, 29, 30, 31, 33, 34, 35, 36, 37, 38, 39, 
      40, 41, 42, 43, 44, 45, 46, 48, 49, 50, 51, 52, 53, 54, 55, 56, 57, 58, 
      59, 60, 61, 62, 63, 64, 65, 66, 67, 68, 69, 71, 72, 73, 74, 75, 76, 77, 
      78, 79, 80, 81, 82, 83, 84, 85, 86, 87, 88, 89, 90 ], 
  [ 1, 2, 3, 4, 5, 6, 7, 8, 9, 10, 11, 12, 13, 14, 15, 16, 17, 18, 19, 20, 
      21, 22, 23, 24, 25, 26, 27, 28, 29, 30, 31, 32, 33, 34, 35, 36, 37, 38, 
      39, 40, 41, 42, 43, 44, 45, 46, 47, 48, 49, 50, 51, 52, 53, 54, 55, 57, 
      58, 59, 60, 61, 62, 63, 64, 65, 66, 67, 68, 69, 70, 71, 72, 73, 74, 75, 
      76, 78, 79, 80, 81, 83, 84, 85, 86, 87, 88, 89, 90 ] ];
