return 
[ [ 3, 4, 5, 6, 7, 8, 9, 10, 11, 12, 15, 16, 20, 21, 22, 24, 25, 26, 27, 28, 
      29, 30, 31, 32, 33, 34, 35, 36, 37, 38, 39, 40, 41, 42, 43, 44, 45, 46, 
      47, 48, 49, 50, 51, 52, 53, 54, 55, 56, 57, 58, 59, 60, 61, 63, 64, 66, 
      67, 68, 69, 70, 73, 74, 75, 76, 77, 78, 79, 80, 81, 82, 83, 84, 85, 86, 
      87, 88, 89, 90, 91, 92, 93, 94, 95, 96 ], 
  [ 1, 2, 3, 4, 5, 6, 9, 10, 11, 12, 13, 14, 15, 17, 19, 20, 21, 24, 25, 26, 
      27, 28, 29, 30, 31, 32, 33, 34, 35, 36, 37, 39, 40, 42, 43, 44, 45, 46, 
      47, 48, 49, 50, 52, 53, 55, 56, 57, 58, 59, 60, 61, 62, 63, 64, 65, 66, 
      67, 68, 70, 73, 74, 75, 76, 78, 80, 81, 82, 83, 84, 85, 86, 87, 88, 90, 
      91, 92, 93, 94, 95, 96 ], 
  [ 1, 2, 3, 4, 5, 8, 9, 11, 12, 13, 14, 15, 16, 17, 18, 20, 21, 22, 23, 24, 
      25, 27, 28, 30, 32, 34, 36, 37, 38, 40, 42, 43, 44, 45, 46, 47, 48, 49, 
      50, 51, 54, 55, 56, 57, 58, 61, 62, 63, 64, 66, 68, 70, 71, 73, 74, 76, 
      77, 79, 80, 81, 82, 83, 84, 86, 88, 89, 90, 91, 93, 94, 95, 96 ], 
  [ 2, 3, 4, 6, 7, 8, 9, 10, 11, 12, 15, 16, 17, 20, 22, 23, 24, 25, 26, 27, 
      29, 30, 31, 33, 35, 36, 38, 41, 42, 43, 44, 45, 47, 48, 49, 50, 51, 52, 
      59, 60, 63, 65, 67, 68, 69, 72, 73, 75, 76, 79, 80, 81, 82, 85, 87, 89, 
      92, 93, 94, 96 ], 
  [ 6, 7, 8, 10, 24, 25, 33, 35, 38, 40, 41, 43, 48, 52, 69, 72, 73 ], 
  [ 6, 8, 9, 19, 23, 24, 31, 33, 42, 43, 52, 53, 54, 56, 60, 65, 71, 72, 76, 
      81, 86, 87, 91, 92 ], 
  [ 6, 8, 10, 24, 25, 33, 40, 41, 42, 43, 48, 49, 52, 69, 72, 73, 79, 87 ], 
  [ 6, 7, 8, 10, 24, 25, 33, 38, 40, 41, 42, 43, 48, 52, 69, 72, 73, 87 ], 
  [ 5, 6, 7, 8, 10, 13, 14, 18, 24, 25, 26, 28, 30, 33, 34, 38, 42, 48, 65, 
      71, 72, 75, 86, 87, 94 ], 
  [ 2, 3, 11, 12, 13, 18, 23, 24, 38, 42, 45, 47, 48, 63, 65, 72, 75, 93, 94 ]
    , [ 2, 10, 14, 17, 24, 25, 26, 28, 30, 31, 35, 45, 47, 48, 49, 62, 63, 
      65, 72, 74, 75, 83, 85 ], 
  [ 2, 8, 10, 13, 17, 23, 24, 25, 26, 30, 34, 36, 38, 42, 45, 47, 63, 65, 82, 
      94 ], [ 2, 10, 18, 23, 24, 25, 26, 34, 36, 38, 42, 43, 44, 45, 72, 73, 
      81, 82, 93, 94, 96 ], 
  [ 2, 6, 8, 10, 14, 23, 24, 25, 26, 30, 33, 42, 43, 48, 65, 71, 72, 75, 86, 
      87, 94, 96 ], 
  [ 6, 7, 8, 10, 24, 25, 28, 30, 33, 35, 38, 40, 41, 43, 48, 63, 69, 72, 73, 
      94, 96 ], 
  [ 6, 8, 9, 10, 23, 24, 25, 26, 33, 36, 42, 43, 45, 49, 65, 71, 72, 75, 79, 
      82 ], 
  [ 6, 8, 9, 10, 23, 24, 25, 26, 33, 42, 43, 48, 49, 65, 71, 72, 75, 76, 79, 
      86, 87 ], 
  [ 6, 8, 9, 10, 19, 23, 24, 26, 31, 32, 33, 42, 43, 52, 53, 54, 56, 60, 65, 
      71, 72, 75, 81, 84, 86, 87, 91, 92 ], 
  [ 2, 3, 8, 13, 15, 17, 23, 24, 25, 30, 36, 38, 42, 45, 47, 48, 63, 65, 82, 
      94 ], [ 2, 3, 4, 8, 14, 15, 19, 23, 24, 30, 42, 43, 49, 52, 54, 56, 60, 
      65, 71, 72, 76, 79, 81, 90, 91, 92 ], 
  [ 2, 8, 10, 14, 17, 23, 24, 25, 26, 28, 30, 35, 45, 47, 48, 49, 62, 63, 65, 
      71, 72, 74, 75, 79, 83, 85 ], 
  [ 2, 8, 10, 17, 23, 24, 25, 26, 30, 31, 35, 45, 47, 48, 49, 63, 72, 74, 75, 
      79, 83, 85 ], 
  [ 5, 6, 7, 8, 10, 14, 18, 24, 25, 26, 28, 30, 33, 34, 38, 40, 41, 42, 43, 
      48, 53, 69, 71, 72, 75, 86, 87, 94, 96 ], 
  [ 6, 8, 9, 10, 23, 24, 26, 33, 42, 43, 49, 52, 54, 60, 65, 71, 72, 75, 76, 
      79, 86, 87, 91, 92 ], 
  [ 2, 4, 9, 11, 14, 17, 19, 20, 23, 25, 31, 32, 37, 43, 48, 49, 52, 54, 55, 
      56, 59, 60, 62, 71, 72, 74, 76, 79, 83, 86, 87, 90, 91, 92 ], 
  [ 6, 8, 9, 10, 15, 23, 25, 28, 29, 35, 36, 40, 41, 43, 48, 63, 65, 71, 72, 
      73, 76, 79, 89 ], 
  [ 2, 10, 13, 17, 18, 23, 24, 25, 26, 34, 36, 38, 42, 44, 45, 47, 63, 65, 
      72, 73, 81, 82, 93, 94 ], 
  [ 2, 3, 10, 14, 23, 24, 25, 26, 33, 35, 40, 42, 43, 44, 48, 49, 52, 65, 71, 
      72, 73, 82, 85, 91, 92 ], 
  [ 2, 6, 8, 10, 19, 23, 24, 26, 30, 31, 33, 42, 43, 52, 53, 60, 65, 72, 75, 
      81, 87, 92, 96 ], 
  [ 2, 7, 10, 11, 14, 17, 24, 25, 26, 28, 30, 31, 45, 47, 48, 49, 62, 63, 65, 
      72, 74, 75, 80, 87, 93 ], 
  [ 2, 3, 4, 14, 15, 19, 24, 30, 31, 42, 43, 48, 49, 52, 59, 60, 65, 67, 72, 
      76, 81, 87, 92 ], 
  [ 2, 3, 11, 13, 15, 17, 24, 25, 30, 36, 38, 42, 45, 47, 48, 63, 65, 80, 81, 
      82, 93, 94 ], 
  [ 6, 7, 8, 10, 24, 25, 26, 28, 29, 30, 33, 35, 38, 41, 47, 48, 63, 65, 69, 
      72, 75, 85, 94 ], 
  [ 6, 7, 8, 10, 24, 26, 30, 31, 33, 38, 41, 42, 43, 52, 53, 60, 69, 72, 75, 
      81, 87, 92, 96 ], 
  [ 6, 8, 9, 10, 17, 24, 26, 29, 30, 31, 33, 35, 37, 50, 52, 60, 65, 68, 75, 
      76, 81, 85, 92 ], 
  [ 2, 6, 8, 9, 10, 17, 23, 24, 25, 26, 30, 33, 42, 43, 48, 50, 65, 75, 76, 
      86, 87, 94, 96 ], 
  [ 3, 4, 6, 8, 9, 15, 23, 24, 33, 36, 42, 43, 49, 52, 54, 56, 60, 65, 71, 
      72, 76, 79, 81, 82, 91, 92 ], 
  [ 2, 4, 8, 10, 17, 23, 24, 25, 26, 30, 31, 35, 45, 47, 48, 49, 52, 63, 72, 
      79, 81, 83, 85, 92 ], 
  [ 3, 8, 9, 10, 23, 25, 26, 33, 35, 41, 42, 43, 48, 52, 54, 59, 72, 76, 79, 
      82, 85, 87, 89, 92 ], 
  [ 4, 6, 8, 9, 10, 23, 24, 26, 33, 36, 42, 43, 45, 49, 52, 54, 56, 60, 65, 
      71, 72, 75, 79, 81, 82, 84, 91, 92 ], 
  [ 2, 3, 6, 8, 15, 19, 23, 24, 30, 31, 33, 42, 43, 52, 53, 59, 60, 65, 67, 
      72, 76, 81, 87, 92, 96 ], 
  [ 3, 6, 7, 8, 15, 24, 30, 31, 33, 38, 41, 42, 43, 52, 53, 59, 60, 67, 69, 
      72, 81, 87, 92, 96 ], 
  [ 3, 6, 7, 8, 10, 15, 24, 30, 33, 35, 38, 40, 41, 42, 43, 48, 52, 53, 59, 
      67, 69, 72, 73, 87, 96 ], 
  [ 6, 9, 10, 15, 24, 25, 26, 29, 36, 40, 41, 42, 43, 44, 48, 49, 52, 65, 67, 
      72, 73, 76, 87, 92 ], 
  [ 3, 6, 8, 10, 15, 16, 24, 25, 33, 35, 36, 38, 40, 41, 42, 43, 48, 49, 52, 
      69, 72, 73, 79, 82 ], 
  [ 2, 6, 8, 9, 10, 17, 19, 23, 24, 26, 30, 31, 32, 33, 37, 42, 43, 50, 52, 
      53, 54, 56, 60, 65, 75, 76, 81, 84, 86, 87, 90, 91, 92, 96 ], 
  [ 2, 4, 10, 11, 13, 17, 18, 25, 26, 31, 34, 36, 42, 44, 45, 47, 52, 63, 65, 
      66, 72, 73, 81, 82, 87, 92, 93, 94 ], 
  [ 2, 7, 8, 10, 11, 17, 23, 24, 25, 26, 30, 31, 45, 47, 48, 49, 51, 63, 72, 
      74, 75, 79, 80, 87, 93 ], 
  [ 7, 8, 9, 10, 11, 17, 20, 24, 25, 26, 30, 31, 45, 47, 48, 49, 51, 63, 68, 
      74, 75, 76, 79, 80, 87, 93 ], 
  [ 1, 2, 5, 6, 7, 8, 9, 10, 13, 14, 17, 18, 19, 23, 24, 25, 26, 30, 31, 32, 
      33, 34, 36, 38, 39, 42, 43, 45, 46, 50, 51, 53, 55, 58, 62, 65, 70, 71, 
      72, 74, 75, 80, 81, 82, 84, 86, 87, 88, 93, 94, 95, 96 ], 
  [ 2, 3, 4, 8, 9, 10, 14, 17, 19, 23, 24, 25, 26, 30, 31, 32, 33, 35, 37, 
      42, 43, 45, 48, 49, 52, 54, 56, 57, 59, 60, 62, 65, 71, 72, 74, 75, 76, 
      79, 81, 82, 83, 84, 85, 86, 87, 90, 91, 92 ], 
  [ 1, 2, 3, 5, 7, 8, 10, 11, 13, 14, 17, 18, 19, 23, 24, 25, 26, 28, 30, 31, 
      32, 33, 34, 35, 38, 39, 42, 45, 46, 47, 48, 51, 55, 57, 58, 59, 61, 62, 
      63, 65, 70, 71, 72, 74, 75, 80, 81, 82, 83, 84, 85, 86, 87, 93, 94, 95 ]
    , [ 1, 2, 3, 4, 5, 10, 11, 12, 13, 14, 17, 18, 19, 23, 24, 25, 26, 28, 
      31, 32, 33, 34, 35, 40, 42, 44, 45, 46, 47, 48, 49, 52, 55, 56, 57, 58, 
      59, 60, 61, 62, 63, 65, 66, 71, 72, 73, 74, 75, 81, 82, 83, 84, 85, 86, 
      87, 91, 92, 93, 94, 95 ], 
  [ 2, 3, 6, 8, 10, 12, 15, 17, 19, 20, 21, 22, 23, 24, 26, 27, 29, 30, 31, 
      32, 33, 35, 37, 39, 42, 44, 46, 50, 51, 52, 53, 54, 55, 56, 57, 58, 59, 
      60, 64, 65, 67, 68, 70, 73, 75, 76, 78, 80, 81, 84, 85, 86, 87, 89, 90, 
      91, 92, 93, 95, 96 ], 
  [ 2, 3, 6, 7, 8, 10, 12, 15, 19, 22, 23, 24, 26, 27, 29, 30, 31, 33, 35, 
      38, 39, 41, 42, 44, 51, 52, 53, 59, 60, 65, 67, 69, 70, 72, 73, 75, 78, 
      80, 81, 85, 87, 89, 92, 93, 96 ], 
  [ 2, 3, 5, 6, 8, 9, 10, 12, 13, 14, 15, 17, 22, 23, 24, 25, 26, 27, 28, 29, 
      30, 32, 33, 34, 35, 36, 37, 40, 42, 43, 44, 45, 46, 47, 48, 49, 50, 54, 
      57, 58, 61, 62, 63, 64, 65, 68, 71, 73, 74, 75, 76, 79, 82, 83, 84, 85, 
      86, 89, 90, 91, 94, 95, 96 ], 
  [ 2, 3, 4, 6, 8, 9, 10, 12, 15, 17, 22, 23, 24, 26, 27, 29, 30, 33, 35, 36, 
      37, 42, 43, 44, 45, 49, 50, 52, 54, 56, 57, 60, 64, 65, 68, 73, 75, 76, 
      79, 81, 82, 84, 85, 89, 90, 91, 92, 96 ], 
  [ 2, 4, 7, 9, 10, 11, 13, 14, 15, 16, 17, 18, 20, 24, 25, 26, 27, 28, 29, 
      30, 31, 34, 36, 38, 40, 41, 42, 43, 44, 45, 47, 48, 49, 52, 62, 63, 65, 
      66, 67, 68, 72, 73, 76, 80, 81, 87, 92, 93 ], 
  [ 1, 2, 3, 4, 6, 7, 10, 11, 12, 13, 14, 15, 16, 18, 19, 24, 25, 26, 27, 28, 
      29, 30, 31, 33, 34, 35, 36, 38, 39, 40, 41, 42, 43, 44, 45, 47, 48, 49, 
      52, 53, 59, 60, 61, 63, 65, 66, 67, 69, 70, 72, 73, 75, 78, 80, 81, 82, 
      85, 87, 88, 92, 93, 94, 96 ], 
  [ 1, 2, 3, 4, 5, 6, 7, 8, 9, 10, 11, 12, 13, 14, 15, 16, 17, 18, 19, 20, 
      22, 23, 24, 25, 28, 30, 31, 33, 34, 35, 36, 38, 39, 40, 42, 43, 45, 46, 
      48, 49, 50, 51, 52, 53, 55, 58, 59, 60, 61, 62, 63, 65, 66, 67, 69, 70, 
      71, 72, 73, 74, 75, 76, 79, 80, 81, 82, 86, 87, 88, 93, 94, 96 ], 
  [ 2, 8, 13, 17, 23, 24, 25, 26, 30, 34, 36, 38, 42, 45, 47, 82, 84, 94, 95 ]
    , [ 2, 13, 17, 18, 23, 24, 25, 26, 34, 36, 38, 42, 44, 45, 47, 81, 82, 
      84, 93, 94, 95 ], 
  [ 2, 13, 17, 24, 25, 26, 30, 34, 36, 38, 42, 45, 47, 80, 81, 82, 84, 93, 
      94, 95 ], 
  [ 2, 8, 9, 13, 14, 17, 18, 23, 24, 25, 26, 27, 30, 34, 36, 38, 42, 43, 44, 
      45, 47, 62, 68, 71, 84, 89, 95 ], 
  [ 2, 8, 13, 14, 18, 23, 24, 25, 26, 27, 30, 34, 36, 38, 42, 43, 44, 45, 47, 
      71, 82, 84, 89, 94, 95, 96 ], 
  [ 2, 13, 17, 18, 25, 26, 34, 36, 38, 42, 45, 47, 80, 81, 82, 84, 93, 94, 95 
     ], [ 1, 2, 13, 14, 18, 24, 25, 26, 27, 30, 34, 36, 38, 42, 43, 44, 45, 
      47, 70, 80, 81, 82, 84, 88, 93, 94, 95, 96 ], 
  [ 6, 8, 9, 10, 15, 25, 28, 29, 35, 36, 40, 41, 43, 48, 54, 71, 76, 79, 89 ],
  [ 3, 6, 8, 10, 15, 25, 26, 28, 29, 33, 34, 35, 36, 40, 41, 42, 43, 48, 54, 
      61, 71, 79, 82, 85, 89 ], 
  [ 5, 6, 8, 9, 10, 15, 25, 26, 28, 29, 34, 36, 40, 41, 42, 43, 48, 54, 71, 
      76, 79, 86, 89 ], 
  [ 5, 8, 9, 10, 14, 26, 27, 28, 29, 30, 34, 37, 40, 41, 43, 54, 62, 68, 71, 
      76, 79, 89, 90 ], 
  [ 5, 8, 10, 14, 15, 26, 27, 28, 29, 30, 34, 40, 41, 42, 43, 48, 54, 71, 76, 
      79, 86, 89, 90 ], 
  [ 5, 8, 9, 13, 14, 15, 16, 18, 24, 25, 26, 27, 28, 29, 30, 32, 34, 36, 37, 
      38, 40, 41, 42, 43, 44, 45, 47, 48, 49, 54, 62, 64, 68, 71, 74, 76, 77, 
      79, 83, 84, 86, 89, 90, 91, 95 ], 
  [ 2, 10, 26, 27, 30, 34, 36, 38, 42, 43, 45, 70, 80, 81, 82, 84, 88, 96 ] ];
