return [ [ 9, 10, 25, 26, 28, 29, 30, 36, 38, 39, 44, 49, 61, 62, 68, 72, 77 ]
    , [ 4, 13, 18, 28, 30, 32, 42, 43, 44, 46, 49, 51, 52, 54, 56, 64, 65, 
      70, 74 ], 
  [ 4, 13, 18, 28, 32, 33, 43, 44, 46, 51, 54, 56, 59, 63, 65, 66, 67, 70, 72 
     ], [ 4, 13, 18, 28, 32, 33, 35, 42, 43, 44, 46, 51, 54, 56, 63, 65, 70, 
      72, 74 ], 
  [ 2, 16, 17, 19, 29, 31, 32, 33, 34, 42, 45, 46, 52, 56, 59, 65, 67, 70, 
      71, 75 ], 
  [ 2, 15, 21, 22, 31, 36, 38, 39, 41, 43, 47, 48, 49, 50, 51, 68, 74, 76, 
      77, 78 ], 
  [ 2, 15, 21, 22, 26, 35, 36, 38, 39, 41, 43, 47, 49, 50, 61, 68, 72, 74, 
      76, 77 ], 
  [ 1, 7, 8, 26, 27, 28, 33, 35, 36, 37, 43, 44, 50, 56, 61, 66, 68, 70, 72, 
      74 ], [ 3, 14, 15, 20, 22, 24, 32, 35, 39, 41, 42, 43, 47, 49, 51, 57, 
      65, 72, 74, 76, 77 ], 
  [ 10, 14, 25, 26, 27, 28, 29, 30, 36, 38, 39, 44, 48, 49, 50, 52, 61, 62, 
      68, 72, 77 ], 
  [ 10, 13, 14, 25, 27, 28, 29, 30, 38, 39, 48, 49, 50, 52, 55, 61, 62, 68, 
      71, 76, 77 ], 
  [ 4, 7, 10, 13, 18, 28, 30, 32, 37, 44, 51, 52, 54, 56, 59, 64, 66, 67, 68, 
      70, 75 ], 
  [ 3, 14, 17, 19, 23, 26, 27, 29, 33, 34, 45, 48, 50, 52, 56, 59, 61, 67, 
      68, 70, 71, 75 ], 
  [ 7, 10, 13, 14, 25, 27, 28, 29, 37, 39, 48, 49, 50, 52, 55, 61, 62, 68, 
      70, 71, 74, 76 ], 
  [ 7, 10, 13, 14, 27, 28, 36, 37, 43, 44, 48, 49, 50, 51, 52, 56, 61, 66, 
      68, 70, 72, 74 ], 
  [ 7, 10, 13, 14, 27, 28, 36, 37, 44, 48, 51, 52, 54, 56, 59, 61, 66, 67, 
      68, 70, 72, 74, 75 ], 
  [ 7, 10, 13, 24, 27, 28, 36, 37, 38, 43, 44, 46, 49, 51, 54, 61, 66, 67, 
      68, 70, 72, 73, 74 ], 
  [ 9, 10, 14, 25, 26, 27, 28, 29, 30, 36, 38, 39, 44, 48, 52, 59, 61, 62, 
      67, 68, 72, 75, 77 ], 
  [ 2, 3, 14, 16, 17, 19, 23, 27, 29, 31, 33, 34, 42, 45, 46, 48, 50, 52, 56, 
      59, 65, 67, 70, 71, 75 ], 
  [ 1, 4, 7, 8, 13, 18, 26, 28, 32, 33, 36, 37, 44, 51, 54, 56, 59, 61, 63, 
      66, 67, 68, 70, 72, 75 ], 
  [ 7, 9, 13, 24, 25, 28, 29, 30, 31, 32, 39, 40, 42, 44, 46, 49, 51, 52, 54, 
      64, 65, 70, 71, 74, 76 ], 
  [ 6, 9, 10, 15, 17, 24, 30, 31, 32, 40, 42, 44, 46, 49, 51, 52, 53, 54, 59, 
      63, 64, 65, 67, 69, 75 ], 
  [ 7, 9, 10, 13, 24, 25, 28, 29, 30, 31, 32, 40, 44, 46, 49, 51, 52, 54, 59, 
      64, 65, 67, 70, 71, 75 ], 
  [ 7, 9, 10, 13, 14, 24, 25, 28, 30, 32, 39, 40, 44, 49, 51, 52, 54, 57, 59, 
      64, 65, 72, 74, 76, 77 ], 
  [ 6, 9, 10, 14, 19, 22, 25, 26, 27, 28, 29, 36, 38, 39, 48, 50, 58, 59, 60, 
      61, 62, 66, 67, 68, 72, 75, 77 ], 
  [ 2, 6, 9, 10, 15, 19, 21, 22, 25, 26, 28, 29, 36, 38, 39, 41, 43, 49, 50, 
      58, 60, 61, 62, 66, 68, 72, 77 ], 
  [ 6, 9, 10, 13, 15, 22, 24, 27, 28, 35, 36, 38, 39, 40, 43, 44, 46, 49, 51, 
      54, 61, 63, 66, 67, 72, 73, 74, 76 ], 
  [ 6, 7, 9, 10, 13, 14, 15, 22, 24, 25, 28, 32, 39, 40, 41, 43, 49, 51, 54, 
      57, 59, 60, 65, 66, 72, 74, 76, 77 ], 
  [ 2, 3, 14, 15, 20, 21, 22, 24, 27, 31, 35, 36, 38, 39, 41, 42, 43, 46, 47, 
      48, 49, 50, 51, 57, 65, 72, 73, 74, 76, 77, 78 ], 
  [ 1, 4, 7, 8, 13, 18, 24, 26, 27, 28, 32, 33, 35, 36, 37, 38, 43, 44, 46, 
      51, 54, 56, 61, 63, 66, 67, 68, 70, 72, 73, 74 ], 
  [ 4, 7, 10, 13, 14, 18, 24, 27, 28, 30, 32, 37, 38, 43, 44, 46, 49, 51, 52, 
      54, 56, 57, 59, 64, 65, 66, 67, 68, 70, 72, 73, 74, 77 ], 
  [ 3, 6, 7, 9, 10, 13, 14, 17, 19, 22, 23, 25, 27, 28, 29, 37, 39, 40, 45, 
      48, 50, 52, 54, 55, 56, 58, 59, 60, 61, 62, 66, 67, 68, 70, 71, 74, 75, 
      76 ], [ 2, 4, 6, 9, 10, 13, 15, 16, 17, 18, 19, 28, 29, 30, 31, 32, 33, 
      34, 40, 42, 43, 44, 46, 49, 51, 52, 53, 54, 56, 59, 63, 64, 65, 66, 67, 
      69, 70, 71, 75 ], 
  [ 3, 6, 9, 10, 14, 15, 17, 20, 22, 24, 27, 30, 31, 35, 36, 38, 39, 40, 42, 
      44, 46, 47, 48, 49, 51, 52, 53, 54, 57, 59, 63, 64, 65, 67, 69, 72, 73, 
      74, 75, 76, 77, 78 ], 
  [ 7, 9, 10, 13, 14, 24, 25, 27, 28, 29, 30, 31, 36, 37, 38, 39, 40, 44, 46, 
      48, 49, 51, 52, 54, 55, 57, 59, 61, 62, 64, 65, 67, 68, 70, 71, 72, 73, 
      74, 75, 76, 77, 78 ], 
  [ 1, 2, 6, 7, 8, 9, 10, 15, 19, 21, 22, 24, 25, 26, 27, 28, 29, 33, 35, 36, 
      37, 38, 39, 41, 43, 44, 46, 49, 50, 54, 58, 60, 61, 62, 63, 66, 67, 68, 
      70, 72, 73, 74 ], 
  [ 1, 3, 6, 7, 8, 9, 10, 14, 17, 19, 22, 23, 25, 26, 27, 28, 29, 33, 35, 36, 
      37, 39, 44, 45, 48, 50, 52, 54, 56, 58, 59, 60, 61, 62, 63, 66, 67, 68, 
      70, 72, 74, 75 ], 
  [ 3, 4, 6, 9, 10, 13, 14, 15, 17, 18, 20, 22, 24, 27, 28, 30, 32, 35, 38, 
      39, 40, 42, 43, 44, 46, 47, 49, 51, 52, 53, 54, 56, 57, 59, 63, 64, 65, 
      66, 67, 69, 72, 73, 74, 76, 77 ], 
  [ 1, 4, 5, 6, 7, 8, 9, 10, 11, 12, 13, 16, 17, 18, 19, 23, 25, 26, 28, 29, 
      30, 32, 33, 34, 37, 40, 44, 45, 52, 53, 54, 55, 56, 58, 59, 60, 61, 62, 
      63, 64, 66, 67, 68, 69, 70, 71, 75 ], 
  [ 2, 6, 7, 9, 10, 13, 14, 15, 19, 21, 22, 24, 25, 27, 28, 29, 31, 36, 37, 
      38, 39, 40, 41, 43, 46, 48, 49, 50, 51, 54, 55, 57, 58, 59, 60, 61, 62, 
      65, 66, 67, 68, 70, 71, 72, 73, 74, 75, 76, 77, 78 ], 
  [ 1, 4, 5, 6, 7, 8, 9, 10, 11, 12, 13, 15, 18, 20, 21, 22, 24, 25, 26, 28, 
      30, 32, 35, 36, 37, 38, 39, 40, 41, 43, 44, 47, 49, 51, 53, 54, 55, 57, 
      58, 60, 61, 62, 63, 64, 66, 68, 69, 72, 73, 74, 76, 77, 78 ], 
  [ 1, 3, 4, 5, 7, 8, 10, 11, 12, 13, 14, 18, 20, 21, 22, 23, 24, 25, 26, 27, 
      28, 30, 32, 35, 36, 37, 38, 39, 41, 43, 44, 45, 47, 48, 49, 50, 51, 52, 
      55, 56, 57, 58, 60, 61, 62, 64, 66, 68, 72, 73, 74, 76, 77, 78 ], 
  [ 1, 2, 4, 5, 7, 8, 9, 11, 12, 13, 15, 16, 18, 20, 21, 24, 25, 26, 28, 29, 
      30, 31, 32, 33, 34, 35, 36, 37, 38, 39, 40, 41, 42, 43, 44, 46, 47, 49, 
      51, 53, 54, 55, 57, 61, 62, 63, 64, 65, 68, 69, 70, 71, 72, 73, 74, 76, 
      77, 78 ], 
  [ 1, 2, 3, 4, 6, 7, 9, 10, 13, 14, 15, 17, 19, 22, 24, 25, 26, 27, 28, 29, 
      30, 31, 32, 33, 34, 35, 36, 38, 39, 40, 41, 42, 43, 44, 45, 46, 47, 48, 
      49, 50, 51, 52, 54, 56, 59, 60, 61, 63, 65, 66, 67, 68, 69, 70, 71, 72, 
      74, 75, 76, 77 ], 
  [ 1, 2, 3, 4, 5, 7, 8, 11, 12, 13, 14, 16, 18, 20, 21, 23, 24, 25, 26, 27, 
      28, 29, 30, 31, 32, 33, 34, 35, 36, 37, 38, 39, 41, 42, 43, 44, 45, 46, 
      47, 48, 49, 50, 51, 52, 55, 56, 57, 61, 62, 64, 65, 68, 70, 71, 72, 73, 
      74, 76, 77, 78 ], 
  [ 1, 2, 4, 5, 7, 8, 10, 11, 12, 13, 14, 16, 18, 19, 21, 23, 24, 25, 26, 27, 
      28, 29, 30, 31, 32, 33, 34, 36, 37, 38, 41, 43, 44, 45, 46, 48, 49, 50, 
      51, 52, 55, 56, 57, 58, 59, 60, 61, 62, 64, 65, 66, 67, 68, 70, 71, 72, 
      73, 75, 77, 78 ], 
  [ 1, 2, 4, 5, 6, 7, 8, 9, 10, 11, 12, 13, 15, 16, 18, 19, 21, 24, 25, 26, 
      28, 29, 30, 31, 32, 33, 34, 36, 37, 38, 40, 41, 43, 44, 46, 49, 51, 53, 
      54, 55, 57, 58, 59, 60, 61, 62, 63, 64, 65, 66, 67, 68, 69, 70, 71, 72, 
      73, 75, 77, 78 ], 
  [ 1, 3, 4, 5, 6, 7, 8, 9, 10, 11, 12, 13, 14, 17, 18, 20, 22, 23, 24, 25, 
      26, 27, 28, 30, 32, 35, 36, 37, 38, 39, 40, 44, 45, 47, 48, 51, 52, 53, 
      54, 55, 56, 57, 58, 59, 60, 61, 62, 63, 64, 66, 67, 68, 69, 72, 73, 74, 
      75, 76, 77, 78 ], 
  [ 1, 3, 4, 5, 7, 8, 9, 11, 12, 13, 14, 16, 17, 18, 20, 23, 24, 25, 26, 27, 
      28, 29, 30, 31, 32, 33, 34, 35, 36, 37, 38, 39, 40, 42, 44, 45, 46, 47, 
      48, 51, 52, 53, 54, 55, 56, 57, 59, 61, 62, 63, 64, 65, 67, 68, 69, 70, 
      71, 72, 73, 74, 75, 76, 77, 78 ], 
  [ 1, 2, 3, 5, 6, 7, 8, 9, 10, 11, 13, 14, 15, 16, 17, 18, 19, 20, 21, 22, 
      23, 24, 25, 27, 28, 29, 31, 32, 33, 35, 36, 37, 39, 40, 41, 42, 43, 44, 
      45, 46, 48, 49, 50, 51, 52, 53, 54, 55, 56, 57, 58, 59, 60, 61, 62, 63, 
      64, 65, 66, 67, 70, 71, 72, 73, 74, 75, 76, 78 ], 
  [ 2, 3, 4, 5, 6, 8, 9, 10, 12, 13, 14, 15, 16, 17, 18, 19, 20, 21, 22, 23, 
      26, 27, 28, 29, 30, 31, 33, 34, 35, 36, 37, 38, 39, 40, 42, 43, 44, 46, 
      47, 48, 49, 50, 51, 52, 53, 54, 55, 56, 57, 58, 59, 61, 62, 63, 64, 65, 
      66, 67, 68, 69, 70, 71, 72, 73, 74, 75, 76, 77, 78 ], 
  [ 1, 2, 3, 4, 5, 6, 7, 8, 9, 11, 12, 13, 14, 15, 16, 17, 18, 19, 20, 21, 
      22, 23, 24, 25, 26, 27, 28, 29, 31, 32, 33, 34, 35, 36, 37, 38, 39, 40, 
      41, 42, 43, 45, 46, 47, 48, 50, 51, 53, 54, 55, 56, 57, 58, 59, 60, 61, 
      62, 63, 65, 66, 67, 68, 69, 70, 71, 72, 73, 74, 75, 76, 77, 78 ], 
  [ 1, 2, 3, 4, 5, 6, 7, 8, 10, 11, 12, 13, 14, 15, 16, 17, 18, 19, 20, 21, 
      22, 23, 24, 26, 27, 30, 31, 32, 33, 34, 35, 36, 37, 38, 40, 41, 42, 43, 
      44, 45, 46, 47, 48, 49, 50, 51, 52, 53, 54, 55, 56, 57, 58, 59, 60, 61, 
      63, 64, 65, 66, 67, 68, 69, 70, 71, 72, 73, 74, 75, 76, 77, 78 ], 
  [ 1, 2, 3, 4, 5, 6, 8, 9, 10, 11, 12, 13, 14, 15, 16, 17, 18, 19, 20, 21, 
      22, 23, 24, 25, 26, 27, 28, 29, 30, 31, 32, 33, 34, 35, 36, 38, 39, 40, 
      41, 42, 43, 44, 45, 46, 47, 48, 49, 50, 51, 52, 53, 55, 56, 57, 58, 59, 
      60, 61, 62, 63, 64, 65, 66, 67, 69, 71, 72, 73, 75, 76, 77, 78 ], 
  [ 1, 2, 3, 4, 5, 6, 7, 8, 9, 10, 11, 12, 13, 14, 15, 16, 17, 18, 19, 20, 
      21, 22, 23, 25, 26, 28, 29, 30, 31, 32, 33, 34, 35, 36, 37, 39, 40, 41, 
      42, 43, 44, 45, 47, 48, 49, 50, 51, 52, 53, 54, 55, 56, 57, 58, 59, 60, 
      61, 62, 63, 64, 65, 66, 68, 69, 70, 71, 72, 74, 75, 76, 77, 78 ], 
  [ 1, 2, 3, 4, 5, 6, 7, 8, 9, 10, 11, 12, 13, 15, 16, 17, 18, 19, 20, 21, 
      22, 23, 24, 25, 26, 27, 28, 29, 30, 31, 32, 33, 34, 35, 36, 37, 38, 39, 
      40, 41, 42, 43, 44, 45, 46, 47, 48, 49, 50, 51, 52, 53, 54, 55, 56, 58, 
      60, 61, 62, 63, 64, 66, 67, 68, 69, 70, 71, 73, 74, 75, 76, 78 ] ];
