return [ [ 3, 6, 20, 26, 28, 36, 40, 47, 48, 49, 50, 58, 60, 67, 68, 69, 70 ],
  [ 10, 11, 30, 31, 36, 42, 44, 48, 49, 54, 55, 58, 60, 62, 66, 69, 70 ], 
  [ 17, 19, 20, 21, 30, 32, 33, 34, 44, 49, 51, 53, 56, 60, 62, 64, 66, 69 ], 
  [ 6, 19, 20, 26, 30, 32, 36, 40, 49, 50, 51, 53, 58, 60, 67, 68, 69, 70 ], 
  [ 6, 7, 8, 23, 25, 26, 27, 28, 29, 36, 38, 47, 50, 52, 58, 63, 67, 68 ], 
  [ 4, 7, 11, 16, 25, 29, 31, 36, 41, 44, 45, 46, 48, 53, 55, 60, 62, 66 ], 
  [ 3, 6, 14, 20, 22, 23, 24, 25, 26, 28, 34, 35, 47, 52, 58, 59, 61, 67, 70 ]
    , [ 4, 7, 11, 16, 19, 25, 31, 36, 41, 44, 45, 46, 48, 53, 58, 60, 62, 63, 
      66 ], 
  [ 6, 7, 8, 22, 23, 26, 27, 28, 29, 38, 39, 47, 49, 50, 51, 52, 61, 67, 68, 
      69 ], 
  [ 6, 7, 8, 23, 24, 25, 26, 27, 28, 29, 36, 46, 47, 48, 57, 58, 59, 60, 63, 
      67 ], 
  [ 6, 7, 8, 21, 22, 23, 24, 26, 27, 29, 30, 34, 49, 51, 56, 57, 60, 61, 67, 
      69 ], [ 17, 19, 20, 26, 30, 32, 33, 34, 36, 40, 49, 50, 51, 53, 60, 64, 
      66, 67, 68, 69, 70 ], 
  [ 6, 18, 19, 20, 26, 28, 32, 36, 39, 40, 45, 49, 50, 51, 53, 58, 60, 67, 
      68, 69, 70 ], 
  [ 6, 7, 8, 19, 23, 26, 27, 28, 29, 38, 39, 47, 49, 50, 51, 52, 58, 63, 67, 
      68, 69 ], 
  [ 6, 7, 8, 19, 22, 23, 26, 27, 28, 35, 39, 47, 49, 51, 52, 58, 61, 63, 67, 
      68, 69 ], 
  [ 6, 7, 8, 27, 28, 29, 30, 31, 36, 44, 45, 48, 49, 50, 53, 54, 55, 58, 60, 
      62, 68, 69 ], 
  [ 6, 7, 8, 21, 23, 24, 25, 26, 27, 29, 30, 34, 36, 46, 51, 53, 56, 57, 60, 
      63, 66, 67 ], 
  [ 3, 6, 10, 18, 20, 22, 28, 30, 31, 32, 33, 44, 49, 52, 54, 58, 61, 62, 65, 
      68, 69, 70 ], 
  [ 2, 11, 16, 18, 19, 20, 24, 25, 31, 32, 35, 36, 41, 44, 45, 53, 58, 60, 
      62, 63, 65, 66, 70 ], 
  [ 5, 8, 9, 13, 14, 15, 21, 22, 25, 26, 27, 34, 35, 37, 38, 39, 43, 46, 47, 
      51, 52, 56, 61, 63, 67 ], 
  [ 3, 6, 10, 17, 18, 20, 22, 28, 30, 31, 32, 33, 38, 44, 49, 50, 52, 54, 55, 
      61, 62, 65, 68, 69, 70 ], 
  [ 2, 3, 6, 13, 14, 15, 18, 20, 22, 24, 25, 26, 28, 32, 34, 35, 37, 38, 39, 
      43, 47, 51, 52, 59, 61, 65, 67, 70 ], 
  [ 2, 6, 7, 8, 15, 16, 18, 21, 22, 24, 25, 27, 28, 31, 32, 35, 39, 44, 45, 
      46, 51, 52, 53, 56, 59, 61, 62, 63 ], 
  [ 2, 6, 7, 8, 15, 16, 18, 21, 22, 24, 25, 27, 28, 29, 31, 32, 38, 39, 44, 
      45, 46, 51, 52, 53, 55, 56, 59, 61, 62 ], 
  [ 2, 3, 6, 10, 11, 16, 18, 20, 24, 25, 28, 30, 31, 32, 36, 41, 42, 44, 45, 
      48, 53, 54, 55, 58, 59, 60, 62, 65, 66, 70 ], 
  [ 3, 4, 5, 6, 7, 8, 19, 20, 25, 26, 27, 28, 29, 36, 38, 39, 40, 41, 43, 44, 
      45, 46, 47, 48, 49, 50, 51, 52, 53, 58, 60, 62, 63, 67, 68, 69 ], 
  [ 3, 4, 6, 7, 8, 14, 15, 19, 20, 21, 22, 23, 24, 25, 26, 27, 28, 29, 34, 
      35, 38, 39, 43, 44, 46, 47, 48, 49, 51, 52, 56, 57, 58, 59, 60, 61, 62, 
      63, 67, 69 ], 
  [ 2, 3, 5, 6, 8, 9, 13, 14, 15, 16, 18, 20, 21, 22, 24, 25, 27, 28, 32, 34, 
      35, 37, 38, 39, 41, 43, 44, 45, 46, 47, 51, 52, 53, 56, 59, 61, 62, 63, 
      65, 67 ], 
  [ 2, 3, 5, 6, 8, 10, 11, 12, 13, 16, 18, 20, 22, 24, 27, 28, 30, 31, 32, 
      36, 40, 41, 42, 44, 45, 47, 48, 49, 50, 53, 54, 55, 58, 59, 60, 61, 62, 
      65, 67, 68, 69, 70 ], 
  [ 3, 4, 6, 7, 10, 11, 17, 18, 19, 20, 25, 26, 28, 29, 30, 31, 32, 33, 36, 
      38, 39, 40, 41, 43, 44, 45, 48, 49, 50, 51, 52, 53, 54, 55, 58, 60, 62, 
      64, 65, 66, 68, 69, 70 ], 
  [ 6, 7, 8, 17, 18, 19, 20, 21, 22, 23, 24, 25, 26, 27, 28, 29, 30, 31, 32, 
      33, 34, 35, 36, 38, 39, 44, 45, 49, 50, 51, 52, 53, 54, 55, 56, 58, 60, 
      61, 62, 63, 66, 67, 68, 69, 70 ], 
  [ 2, 4, 6, 7, 8, 11, 15, 16, 18, 19, 21, 22, 23, 24, 25, 26, 27, 28, 29, 
      30, 31, 32, 35, 36, 39, 42, 44, 45, 46, 48, 49, 51, 53, 54, 55, 56, 57, 
      58, 59, 60, 61, 62, 63, 66, 69, 70 ], 
  [ 2, 3, 4, 5, 6, 7, 8, 11, 13, 15, 16, 18, 20, 22, 24, 25, 26, 27, 28, 29, 
      31, 32, 36, 38, 39, 40, 41, 43, 44, 45, 46, 47, 48, 49, 50, 51, 52, 53, 
      55, 59, 60, 61, 62, 65, 67, 68, 69, 70 ], 
  [ 2, 3, 4, 5, 6, 7, 8, 11, 13, 15, 16, 18, 19, 20, 22, 24, 25, 26, 27, 28, 
      31, 32, 35, 36, 39, 40, 41, 43, 44, 45, 46, 47, 48, 49, 51, 52, 53, 58, 
      59, 60, 61, 62, 63, 65, 67, 68, 69, 70 ], 
  [ 1, 2, 3, 5, 6, 8, 9, 10, 12, 13, 14, 16, 17, 18, 20, 21, 22, 24, 25, 27, 
      28, 30, 31, 32, 33, 34, 36, 37, 38, 41, 42, 44, 45, 47, 50, 52, 53, 54, 
      55, 56, 59, 61, 62, 65, 66, 67, 68, 70 ], 
  [ 1, 2, 3, 5, 6, 8, 9, 10, 12, 13, 14, 16, 18, 20, 21, 22, 23, 24, 25, 27, 
      28, 30, 31, 32, 33, 34, 35, 36, 37, 41, 42, 44, 45, 47, 52, 53, 54, 56, 
      58, 59, 61, 62, 63, 65, 66, 67, 68, 70 ], 
  [ 1, 3, 5, 6, 7, 8, 9, 10, 12, 14, 16, 17, 20, 21, 23, 24, 25, 27, 28, 29, 
      30, 31, 33, 34, 36, 38, 41, 42, 44, 45, 46, 47, 48, 50, 52, 53, 54, 55, 
      56, 57, 58, 59, 60, 62, 63, 66, 67, 68 ], 
  [ 1, 2, 5, 8, 9, 10, 11, 12, 13, 16, 17, 18, 19, 20, 21, 22, 23, 24, 27, 
      30, 31, 32, 33, 34, 35, 36, 37, 40, 41, 42, 44, 45, 49, 50, 53, 54, 55, 
      56, 58, 60, 61, 62, 63, 64, 65, 66, 67, 68, 69, 70 ], 
  [ 1, 2, 3, 4, 6, 7, 10, 11, 14, 15, 17, 18, 19, 20, 21, 22, 23, 24, 25, 26, 
      28, 29, 30, 31, 32, 33, 34, 35, 37, 38, 39, 42, 43, 44, 48, 49, 51, 52, 
      54, 55, 56, 57, 58, 59, 60, 61, 62, 64, 65, 66, 69, 70 ], 
  [ 1, 2, 5, 6, 7, 8, 9, 12, 13, 14, 15, 16, 17, 18, 21, 22, 23, 24, 25, 26, 
      27, 28, 29, 30, 31, 32, 33, 34, 35, 36, 37, 38, 39, 42, 45, 46, 47, 50, 
      51, 52, 53, 54, 55, 56, 57, 59, 61, 63, 66, 67, 68, 70 ], 
  [ 1, 2, 3, 4, 6, 7, 9, 10, 11, 14, 15, 16, 17, 18, 19, 20, 21, 23, 24, 25, 
      28, 29, 30, 31, 32, 33, 34, 35, 37, 38, 39, 41, 42, 43, 44, 45, 46, 48, 
      51, 52, 53, 54, 55, 56, 57, 58, 59, 60, 62, 63, 64, 65, 66 ], 
  [ 2, 4, 5, 7, 8, 9, 11, 13, 15, 16, 17, 18, 19, 20, 21, 22, 24, 25, 26, 27, 
      29, 31, 32, 33, 34, 35, 36, 37, 38, 39, 40, 41, 43, 44, 45, 46, 49, 50, 
      51, 52, 53, 55, 56, 60, 61, 62, 63, 64, 65, 66, 67, 68, 69, 70 ], 
  [ 1, 2, 3, 4, 5, 6, 7, 8, 9, 10, 11, 12, 13, 14, 15, 16, 17, 18, 21, 22, 
      25, 26, 27, 28, 29, 30, 31, 32, 33, 36, 37, 38, 39, 40, 41, 42, 43, 44, 
      45, 46, 47, 48, 49, 50, 51, 52, 53, 54, 55, 56, 57, 59, 61, 62, 64, 65, 
      66, 68, 69, 70 ], 
  [ 1, 2, 3, 4, 5, 6, 7, 8, 9, 10, 11, 12, 13, 14, 15, 16, 18, 19, 21, 22, 
      23, 25, 26, 27, 28, 30, 31, 32, 33, 35, 36, 37, 39, 40, 41, 42, 43, 44, 
      45, 46, 47, 48, 49, 51, 52, 53, 54, 56, 57, 58, 59, 61, 62, 63, 64, 65, 
      66, 68, 69, 70 ], 
  [ 1, 2, 3, 4, 5, 6, 7, 8, 9, 10, 11, 12, 13, 14, 15, 16, 19, 20, 21, 22, 
      23, 24, 25, 26, 27, 30, 31, 32, 33, 34, 35, 36, 37, 40, 41, 42, 43, 44, 
      46, 47, 48, 49, 51, 52, 53, 56, 57, 58, 59, 60, 61, 62, 63, 64, 65, 66, 
      67, 68, 69, 70 ], 
  [ 1, 2, 3, 4, 5, 6, 7, 9, 10, 11, 12, 13, 14, 15, 16, 17, 18, 19, 20, 23, 
      24, 25, 26, 27, 28, 29, 30, 31, 32, 33, 34, 35, 36, 37, 38, 39, 40, 41, 
      42, 43, 44, 45, 46, 47, 48, 49, 50, 51, 52, 53, 54, 55, 56, 57, 58, 59, 
      60, 61, 63, 64, 65, 66, 67, 68, 70 ], 
  [ 1, 2, 3, 4, 5, 6, 8, 9, 10, 11, 12, 13, 14, 15, 16, 17, 18, 19, 20, 21, 
      22, 23, 24, 25, 26, 27, 28, 29, 30, 32, 34, 35, 36, 37, 38, 39, 40, 41, 
      42, 43, 44, 45, 46, 47, 48, 49, 50, 51, 53, 54, 55, 56, 57, 58, 59, 60, 
      61, 62, 63, 64, 65, 66, 67, 69, 70 ], 
  [ 1, 2, 3, 4, 5, 6, 7, 8, 9, 10, 11, 12, 13, 14, 15, 16, 17, 18, 19, 20, 
      21, 22, 23, 24, 27, 28, 29, 30, 31, 32, 33, 34, 35, 37, 38, 39, 40, 41, 
      42, 43, 44, 45, 46, 47, 48, 49, 50, 51, 52, 53, 54, 55, 56, 57, 58, 59, 
      60, 61, 62, 63, 64, 65, 67, 68, 69 ], 
  [ 1, 2, 3, 4, 5, 6, 7, 8, 9, 10, 11, 12, 13, 14, 15, 16, 17, 18, 19, 20, 
      21, 22, 23, 24, 25, 26, 28, 29, 30, 31, 32, 33, 34, 35, 36, 37, 38, 39, 
      40, 41, 42, 43, 45, 46, 47, 48, 50, 51, 52, 53, 54, 55, 57, 58, 59, 60, 
      62, 63, 64, 65, 66, 67, 68, 69, 70 ] ];
