return [ [ 6, 8, 9, 18, 22, 23, 26, 28, 31, 32, 38, 43, 45, 47, 51, 54 ], 
  [ 6, 7, 18, 22, 23, 26, 28, 29, 30, 33, 34, 37, 45, 46, 47, 52, 54 ], 
  [ 6, 8, 9, 10, 18, 23, 24, 26, 28, 31, 32, 38, 39, 43, 47, 48, 51, 54 ], 
  [ 7, 8, 11, 18, 20, 22, 23, 24, 25, 29, 31, 32, 35, 38, 47, 48, 50, 51 ], 
  [ 6, 7, 8, 9, 18, 22, 28, 29, 33, 37, 38, 39, 40, 45, 51, 52, 53, 54, 55 ], 
  [ 6, 8, 9, 11, 19, 22, 24, 25, 26, 28, 29, 32, 33, 37, 47, 48, 49, 52, 55 ],
  [ 4, 7, 8, 11, 14, 22, 23, 25, 26, 29, 30, 33, 34, 37, 38, 45, 46, 47, 50, 
      52, 54 ], 
  [ 2, 6, 8, 9, 13, 19, 22, 23, 24, 25, 26, 28, 29, 30, 33, 37, 45, 47, 48, 
      49, 51, 52 ], 
  [ 1, 2, 6, 7, 9, 13, 18, 19, 20, 22, 23, 26, 28, 29, 30, 33, 37, 45, 46, 
      47, 49, 51, 52 ], 
  [ 4, 7, 8, 10, 11, 14, 23, 24, 25, 26, 29, 33, 34, 37, 38, 41, 42, 46, 47, 
      48, 50, 52, 54 ], 
  [ 6, 7, 8, 9, 18, 22, 23, 25, 26, 28, 29, 30, 31, 33, 34, 37, 38, 45, 47, 
      50, 51, 52, 53, 54 ], 
  [ 2, 3, 4, 8, 11, 12, 14, 15, 16, 19, 22, 24, 25, 27, 28, 29, 30, 34, 35, 
      36, 37, 40, 42, 45, 46, 52, 53, 54, 55 ], 
  [ 6, 7, 8, 9, 10, 11, 18, 22, 23, 24, 25, 26, 28, 29, 31, 32, 33, 34, 35, 
      37, 38, 39, 47, 48, 50, 51, 52, 53, 54, 55 ], 
  [ 1, 2, 6, 7, 8, 9, 13, 18, 19, 20, 21, 22, 23, 24, 25, 26, 28, 29, 30, 31, 
      32, 33, 38, 43, 45, 47, 48, 49, 50, 51, 52 ], 
  [ 2, 5, 6, 8, 9, 10, 13, 15, 16, 19, 22, 23, 24, 25, 26, 28, 29, 30, 33, 
      34, 37, 39, 40, 45, 48, 49, 51, 52, 53, 54, 55 ], 
  [ 1, 2, 5, 6, 7, 9, 10, 13, 15, 16, 18, 19, 20, 22, 23, 26, 27, 28, 29, 30, 
      33, 34, 37, 39, 40, 44, 45, 46, 49, 51, 52, 53, 54, 55 ], 
  [ 1, 2, 4, 7, 8, 9, 11, 13, 14, 19, 20, 21, 22, 23, 24, 25, 26, 29, 30, 32, 
      33, 37, 38, 41, 42, 43, 45, 46, 47, 48, 49, 50, 51, 52 ], 
  [ 2, 4, 5, 6, 8, 10, 11, 13, 14, 15, 16, 19, 22, 23, 24, 25, 26, 28, 29, 
      30, 33, 34, 37, 40, 41, 42, 45, 46, 47, 48, 49, 52, 54, 55 ], 
  [ 1, 3, 4, 6, 7, 8, 9, 11, 12, 14, 15, 18, 19, 21, 22, 25, 26, 27, 28, 29, 
      30, 31, 32, 33, 34, 35, 37, 38, 40, 43, 45, 46, 47, 49, 50, 52, 53, 54, 
      55 ], [ 1, 2, 4, 5, 6, 7, 8, 9, 10, 11, 13, 16, 18, 19, 20, 22, 23, 24, 
      26, 28, 29, 32, 33, 37, 38, 39, 40, 41, 42, 43, 44, 45, 46, 47, 48, 49, 
      51, 52, 54, 55 ], 
  [ 1, 2, 3, 4, 7, 8, 9, 11, 12, 14, 18, 19, 20, 21, 22, 23, 24, 25, 26, 27, 
      28, 29, 30, 31, 32, 34, 35, 36, 37, 38, 42, 43, 45, 46, 47, 50, 51, 52, 
      53, 54 ], 
  [ 1, 2, 3, 5, 6, 7, 9, 10, 11, 13, 14, 15, 16, 17, 18, 19, 20, 21, 22, 23, 
      24, 25, 26, 27, 28, 29, 30, 31, 32, 33, 34, 35, 36, 37, 39, 41, 42, 44, 
      46, 47, 48, 49, 50, 51, 52, 53, 55 ], 
  [ 2, 3, 4, 5, 6, 7, 8, 10, 11, 12, 13, 14, 15, 16, 17, 18, 20, 22, 23, 24, 
      25, 27, 28, 29, 30, 31, 33, 34, 35, 36, 37, 38, 39, 40, 41, 42, 44, 45, 
      46, 47, 48, 50, 51, 52, 53, 54, 55 ], 
  [ 1, 3, 4, 5, 6, 7, 8, 9, 10, 11, 12, 13, 14, 15, 17, 18, 20, 21, 22, 23, 
      25, 26, 27, 29, 30, 31, 32, 33, 34, 35, 37, 38, 39, 40, 41, 43, 44, 45, 
      46, 47, 48, 49, 50, 51, 53, 54, 55 ], 
  [ 1, 2, 3, 4, 5, 6, 7, 8, 9, 10, 12, 13, 14, 15, 16, 17, 18, 19, 20, 21, 
      23, 24, 25, 26, 27, 28, 29, 30, 31, 33, 34, 36, 37, 38, 39, 40, 41, 42, 
      43, 44, 45, 46, 47, 48, 49, 50, 51, 52, 53, 54 ], 
  [ 1, 2, 3, 4, 5, 6, 7, 8, 9, 11, 12, 13, 14, 15, 16, 17, 18, 19, 20, 21, 
      22, 24, 25, 27, 28, 29, 30, 31, 32, 33, 35, 36, 37, 38, 39, 40, 41, 42, 
      43, 44, 45, 46, 47, 48, 49, 50, 51, 52, 53, 55 ], 
  [ 1, 2, 3, 4, 5, 6, 7, 8, 10, 11, 12, 13, 14, 15, 16, 17, 18, 19, 20, 21, 
      22, 23, 24, 25, 26, 27, 28, 29, 30, 31, 32, 33, 34, 35, 36, 38, 40, 41, 
      42, 43, 44, 45, 46, 47, 48, 49, 50, 52, 54, 55 ] ];
