 d12 d13 d14 d15 d16 d23 d24 d25 d26 d34 d35 d36 d45 d46 d56 w2 w3 w4 w5 w6
nbOrb=37
iOrb=1 |inc|=38 |stab|=16
 -1 0 1 1 0 0 1 1 0 0 0 0 -1 0 0 2 0 -2 -1 0
iOrb=2 |inc|=46 |stab|=48
 0 0 0 0 0 0 0 0 1 0 0 0 0 0 0 1 0 0 0 -1
iOrb=3 |inc|=46 |stab|=24
 0 0 0 0 0 0 1 -1 0 0 0 0 1 0 0 0 0 0 0 0
iOrb=4 |inc|=19 |stab|=2
 0 1 1 1 0 -1 1 0 1 0 -1 1 -1 0 1 1 0 -2 1 -2
iOrb=5 |inc|=19 |stab|=2
 -2 0 1 1 1 -1 2 1 2 1 -1 1 0 -1 0 4 1 -3 -1 -2
iOrb=6 |inc|=19 |stab|=1
 0 1 1 1 0 -1 1 0 1 0 -1 1 0 -1 1 1 0 -2 0 -1
iOrb=7 |inc|=19 |stab|=2
 0 1 1 1 0 0 1 1 -1 -1 -1 1 -1 1 1 1 -1 -1 0 -1
iOrb=8 |inc|=19 |stab|=2
 -2 1 2 2 1 0 1 1 1 -1 -1 1 -1 0 0 3 -1 -2 -1 -2
iOrb=9 |inc|=19 |stab|=2
 -1 1 1 1 -1 0 1 1 0 0 -1 1 -1 1 1 2 -1 -1 0 -1
iOrb=10 |inc|=19 |stab|=1
 -2 1 2 2 1 0 1 1 1 0 -1 1 -1 -1 0 3 -1 -3 -1 -1
iOrb=11 |inc|=19 |stab|=2
 0 0 1 1 1 -1 1 1 0 1 0 1 -1 -1 0 1 2 -3 -1 -1
iOrb=12 |inc|=19 |stab|=8
 -1 0 1 1 1 0 1 1 1 1 -1 1 0 -1 0 3 1 -3 -1 -2
iOrb=13 |inc|=19 |stab|=6
 -1 0 1 1 1 -2 2 2 2 1 1 1 -1 -1 -1 4 3 -4 -3 -2
iOrb=14 |inc|=19 |stab|=2
 -1 1 1 1 0 0 1 1 0 0 -1 1 0 -1 1 2 0 -2 0 -1
iOrb=15 |inc|=19 |stab|=2
 -1 -1 2 1 0 -2 3 2 2 2 1 1 -2 -1 -1 4 4 -6 -2 -1
iOrb=16 |inc|=19 |stab|=4
 -1 1 1 2 0 1 1 2 0 -1 -2 1 -2 1 1 3 -2 -1 0 -2
iOrb=17 |inc|=19 |stab|=6
 -3 -1 2 2 2 -2 2 2 2 1 1 1 -1 -1 -1 4 3 -4 -3 -2
iOrb=18 |inc|=19 |stab|=2
 -1 1 1 2 -1 0 1 2 -1 0 -1 1 -2 1 2 2 0 -2 0 -1
iOrb=19 |inc|=19 |stab|=2
 -2 -1 2 1 1 -2 3 2 2 2 1 1 -2 -1 -1 4 4 -6 -2 -1
iOrb=20 |inc|=19 |stab|=2
 -1 0 2 1 1 -2 3 2 2 1 1 1 -2 -2 -1 4 3 -6 -2 -1
iOrb=21 |inc|=19 |stab|=2
 -1 1 0 1 0 0 1 1 0 1 -1 1 0 -1 1 2 0 -2 0 -1
iOrb=22 |inc|=19 |stab|=2
 -1 1 0 1 0 -1 2 2 2 1 0 1 -1 -1 -1 4 1 -3 -2 -1
iOrb=23 |inc|=38 |stab|=24
 1 1 0 1 -1 -1 0 -1 1 0 -1 1 0 0 1 -1 0 0 1 -1
iOrb=24 |inc|=28 |stab|=6
 -2 0 1 1 1 0 2 2 2 0 0 0 -1 -1 -1 5 0 -3 -2 -1
iOrb=25 |inc|=24 |stab|=8
 -2 -1 2 1 1 -2 4 2 2 2 1 1 -2 -2 -1 5 4 -7 -2 -1
iOrb=26 |inc|=28 |stab|=24
 -1 1 1 2 -1 1 1 2 -1 -1 -2 1 -2 1 2 2 -2 -1 1 -1
iOrb=27 |inc|=33 |stab|=72
 -1 -1 1 1 1 -1 1 1 1 1 1 1 -1 -1 -1 2 3 -3 -2 -1
iOrb=28 |inc|=19 |stab|=2
 1 2 2 2 -2 -1 0 0 1 -1 -1 1 -1 1 1 0 -1 -1 0 -1
iOrb=29 |inc|=19 |stab|=4
 -3 -2 5 2 2 -2 5 2 2 3 1 1 -3 -3 -1 6 5 -11 -2 -1
iOrb=30 |inc|=19 |stab|=4
 0 0 1 1 -1 -1 1 1 0 1 1 -1 -1 1 1 1 1 -2 -1 0
iOrb=31 |inc|=19 |stab|=24
 -5 3 3 3 3 2 2 2 2 -1 -1 -1 -1 -1 -1 8 -5 -4 -3 -2
iOrb=32 |inc|=19 |stab|=6
 -5 3 3 5 3 2 2 3 2 -1 -2 -1 -2 -1 -2 8 -5 -4 -4 -1
iOrb=33 |inc|=19 |stab|=4
 -3 2 1 2 2 2 2 2 1 -1 -1 -1 -1 0 -1 6 -4 -2 -2 -1
iOrb=34 |inc|=24 |stab|=48
 -4 2 2 2 2 2 2 2 2 -1 -1 -1 -1 -1 -1 7 -4 -3 -2 -1
iOrb=35 |inc|=28 |stab|=48
 -1 -1 2 1 -1 -1 2 1 -1 2 1 -1 -2 2 1 1 2 -3 0 0
iOrb=36 |inc|=19 |stab|=6
 -3 2 2 2 2 1 2 2 2 -1 -1 -1 -1 -1 -1 6 -3 -3 -2 -1
iOrb=37 |inc|=19 |stab|=24
 -3 1 1 1 1 3 3 3 3 -1 -1 -1 -1 -1 -1 9 -4 -3 -2 -1
