Facets of the polytope OCUTP6
c d12 d13 d14 d15 d16 d23 d24 d25 d26 d34 d35 d36 d45 d46 d56 w2 w3 w4 w5 w6
nbOrb=97
iOrb=1 |inc|=576 |stab|=576 |O|=80
 0 1 -1 0 0 0 1 0 0 0 0 0 0 0 0 0 0 0 0 0 0
iOrb=2 |inc|=512 |stab|=768 |O|=60
 0 0 0 0 0 0 0 0 0 1 0 0 0 0 0 0 0 0 0 0 0
iOrb=3 |inc|=400 |stab|=480 |O|=96
 0 1 -1 1 -1 0 1 -1 1 0 1 -1 0 1 0 0 0 0 0 0 0
iOrb=4 |inc|=225 |stab|=240 |O|=192
 2 2 -2 2 -2 -2 1 -1 1 1 1 -1 -1 1 1 -1 0 0 0 0 1
iOrb=5 |inc|=80 |stab|=12 |O|=3840
 0 0 2 1 -1 -1 0 0 0 0 -1 2 2 1 1 -1 0 0 0 -1 0
iOrb=6 |inc|=64 |stab|=24 |O|=1920
 4 1 0 0 -2 -1 0 0 2 1 0 0 0 0 0 -2 0 0 2 0 0
iOrb=7 |inc|=55 |stab|=2 |O|=23040
 2 2 -1 0 -1 -1 1 1 0 1 0 -1 0 1 -1 0 0 0 0 0 0
iOrb=8 |inc|=52 |stab|=1 |O|=46080
 5 -2 1 -1 0 1 2 -2 -1 0 1 1 0 -2 -1 -1 0 0 0 0 0
iOrb=9 |inc|=49 |stab|=2 |O|=23040
 3 1 3 -1 -2 -2 -1 0 0 1 1 1 1 -1 0 -1 0 0 0 0 0
iOrb=10 |inc|=47 |stab|=48 |O|=960
 2 0 0 0 0 0 -1 3 1 -1 3 1 -1 -3 3 1 0 1 -1 0 -2
iOrb=11 |inc|=47 |stab|=6 |O|=7680
 3 -1 0 1 -1 -1 1 1 -1 -1 -1 0 1 1 1 -1 0 0 0 0 0
iOrb=12 |inc|=46 |stab|=4 |O|=11520
 4 -2 1 0 -1 0 2 0 -2 0 2 1 -2 2 2 -2 0 0 0 0 0
iOrb=13 |inc|=46 |stab|=2 |O|=23040
 2 2 -2 2 -2 -1 1 -2 1 1 1 -1 0 1 1 0 0 0 0 0 0
iOrb=14 |inc|=45 |stab|=6 |O|=7680
 5 -2 1 2 -2 -2 0 1 -1 -1 -1 0 0 1 1 -1 0 0 0 0 1
iOrb=15 |inc|=44 |stab|=8 |O|=5760
 4 -1 0 1 0 -1 0 0 -1 -1 0 0 0 -1 1 0 0 1 0 0 0
iOrb=16 |inc|=42 |stab|=12 |O|=3840
 4 -1 0 -1 1 0 -1 0 0 1 -1 -1 0 0 -1 1 0 0 0 0 0
iOrb=17 |inc|=41 |stab|=24 |O|=1920
 1 3 -1 -1 -1 1 3 3 2 -3 -1 -1 1 -1 1 1 0 -1 0 0 0
iOrb=18 |inc|=41 |stab|=6 |O|=7680
 4 5 -3 -3 3 -3 2 2 -2 2 -1 1 -2 1 -2 2 0 0 1 0 0
iOrb=19 |inc|=41 |stab|=2 |O|=23040
 10 -2 -2 -1 -1 1 -2 0 -2 1 -2 -2 0 -1 -1 1 0 0 0 3 0
iOrb=20 |inc|=40 |stab|=4 |O|=11520
 4 0 0 0 0 0 -1 1 -1 0 2 -2 -2 1 1 -1 0 0 -1 0 0
iOrb=21 |inc|=40 |stab|=2 |O|=23040
 3 -1 0 0 -1 0 1 0 -1 -1 1 0 1 1 -1 0 0 0 0 0 0
iOrb=22 |inc|=40 |stab|=2 |O|=23040
 4 1 -3 3 -1 -2 1 -3 2 -1 2 -1 -1 3 1 1 0 0 0 0 0
iOrb=23 |inc|=39 |stab|=12 |O|=3840
 2 1 2 -2 1 1 -2 2 -1 -1 4 -2 -2 2 2 -1 0 0 0 -1 0
iOrb=24 |inc|=39 |stab|=8 |O|=5760
 4 -2 1 2 -1 -2 0 1 0 -1 -2 1 0 2 1 0 0 0 0 0 0
iOrb=25 |inc|=39 |stab|=6 |O|=7680
 4 2 -3 2 -2 -2 3 -2 1 1 4 -3 -3 2 2 -1 0 0 0 0 1
iOrb=26 |inc|=38 |stab|=6 |O|=7680
 2 1 -2 2 -1 -1 2 -2 1 1 4 -1 -2 1 2 -1 0 0 0 1 0
iOrb=27 |inc|=38 |stab|=2 |O|=23040
 2 3 -2 2 -2 -2 2 -1 2 1 1 -1 -1 1 1 -1 0 0 0 0 0
iOrb=28 |inc|=37 |stab|=12 |O|=3840
 2 2 -2 3 -2 -2 1 -2 1 1 2 -1 -1 2 2 -1 0 1 0 0 0
iOrb=29 |inc|=37 |stab|=2 |O|=23040
 2 -1 0 2 -1 -1 -1 1 -1 0 0 0 1 2 2 -1 0 0 0 0 0
iOrb=30 |inc|=36 |stab|=2 |O|=23040
 1 2 0 -1 1 -1 1 2 -2 1 -1 0 0 1 0 1 0 0 0 0 0
iOrb=31 |inc|=35 |stab|=2 |O|=23040
 8 4 -2 0 -4 -4 1 1 2 2 1 -1 -3 -1 1 -2 0 0 0 0 2
iOrb=32 |inc|=35 |stab|=2 |O|=23040
 2 4 -1 4 -4 -1 2 -2 2 0 2 0 1 2 0 -2 0 0 0 0 0
iOrb=33 |inc|=34 |stab|=36 |O|=1280
 4 -2 1 2 -1 -2 2 2 -2 -2 -2 1 2 2 2 -2 0 0 0 0 0
iOrb=34 |inc|=34 |stab|=6 |O|=7680
 1 3 2 -2 -2 1 -2 2 2 -1 1 1 -1 -1 1 1 0 0 -1 0 0
iOrb=35 |inc|=34 |stab|=4 |O|=11520
 3 3 -2 -2 2 -2 2 3 -3 3 -1 1 -2 1 -2 2 0 0 0 1 0
iOrb=36 |inc|=34 |stab|=2 |O|=23040
 2 1 -2 1 0 -1 3 -2 -1 2 2 1 -2 -1 1 1 0 0 0 0 0
iOrb=37 |inc|=34 |stab|=2 |O|=23040
 2 -1 1 -1 1 -2 2 -1 2 -2 1 -1 2 1 -1 2 0 0 0 0 0
iOrb=38 |inc|=34 |stab|=1 |O|=46080
 2 0 2 -1 -1 -1 1 1 -1 -1 1 2 1 0 0 -1 0 0 0 0 0
iOrb=39 |inc|=33 |stab|=6 |O|=7680
 15 -1 -1 0 0 0 -3 -3 -3 -3 -1 -1 -1 -1 -1 -1 -4 0 0 1 2
iOrb=40 |inc|=33 |stab|=2 |O|=23040
 4 1 -2 4 -2 -3 0 -2 1 1 1 -1 -1 3 2 -1 0 0 0 0 0
iOrb=41 |inc|=32 |stab|=4 |O|=11520
 4 1 -1 1 -1 -2 1 1 1 0 1 -1 -2 -1 2 0 0 0 0 0 0
iOrb=42 |inc|=31 |stab|=8 |O|=5760
 4 -2 1 1 -1 -1 2 1 -2 -1 -1 1 1 2 1 -2 0 0 0 0 0
iOrb=43 |inc|=31 |stab|=1 |O|=46080
 3 1 1 2 -2 -1 3 -2 -1 -1 2 3 1 0 0 -2 0 0 0 0 0
iOrb=44 |inc|=30 |stab|=12 |O|=3840
 2 -1 1 1 0 -2 1 1 0 -2 -1 0 2 0 2 0 0 0 0 1 0
iOrb=45 |inc|=30 |stab|=6 |O|=7680
 16 -1 -2 -2 1 -4 -2 -2 1 -4 -2 2 -6 2 -3 4 -2 0 0 0 5
iOrb=46 |inc|=30 |stab|=1 |O|=46080
 4 -2 1 0 -1 0 3 1 -3 -1 -1 2 1 2 1 -2 0 0 0 0 0
iOrb=47 |inc|=29 |stab|=6 |O|=7680
 6 2 -2 2 -3 -2 2 -2 3 2 1 -1 -2 1 2 -3 0 0 3 0 0
iOrb=48 |inc|=29 |stab|=4 |O|=11520
 2 4 -1 2 -2 1 2 -4 5 -2 1 -3 1 2 -1 3 0 0 0 -1 0
iOrb=49 |inc|=29 |stab|=4 |O|=11520
 6 -1 2 -1 -2 0 3 -1 -3 -2 2 3 2 -2 0 -2 0 0 0 0 0
iOrb=50 |inc|=29 |stab|=4 |O|=11520
 2 1 0 2 1 -1 1 -3 0 1 2 -1 -1 0 3 0 0 0 0 -2 0
iOrb=51 |inc|=29 |stab|=2 |O|=23040
 8 3 -6 7 -3 -4 2 -6 3 0 4 -2 -2 6 2 0 0 0 -1 0 0
iOrb=52 |inc|=29 |stab|=2 |O|=23040
 3 2 3 -3 3 -4 -2 1 -2 1 2 -2 3 2 -1 3 0 0 1 0 0
iOrb=53 |inc|=29 |stab|=2 |O|=23040
 5 3 2 -3 0 -2 -1 1 -1 2 1 0 0 -1 -2 0 0 1 0 0 0
iOrb=54 |inc|=29 |stab|=1 |O|=46080
 4 2 -1 1 -2 1 3 -4 5 -4 1 -3 2 2 -2 2 0 0 0 -1 0
iOrb=55 |inc|=29 |stab|=1 |O|=46080
 4 3 -4 -1 2 -1 5 4 -4 1 -2 2 -2 2 0 0 0 0 2 0 0
iOrb=56 |inc|=28 |stab|=12 |O|=3840
 12 -2 -1 2 -2 -1 -4 2 -2 -2 4 -4 -1 2 2 -2 0 0 0 4 0
iOrb=57 |inc|=28 |stab|=4 |O|=11520
 2 3 4 -5 3 -5 -1 2 -1 2 2 -1 2 2 -2 2 0 -1 0 0 0
iOrb=58 |inc|=28 |stab|=4 |O|=11520
 1 3 -2 1 -2 1 4 -3 4 -3 2 -2 2 2 -1 2 0 0 1 0 0
iOrb=59 |inc|=28 |stab|=4 |O|=11520
 1 3 -2 1 -2 1 5 -4 5 -3 3 -3 2 3 -1 2 0 0 -1 0 0
iOrb=60 |inc|=28 |stab|=2 |O|=23040
 6 1 0 -2 -1 1 -2 2 -1 -1 2 -2 -2 0 2 -1 0 0 0 1 0
iOrb=61 |inc|=28 |stab|=2 |O|=23040
 7 -2 -2 2 -2 -1 -1 2 -1 0 0 -1 -1 2 0 0 0 0 0 0 3
iOrb=62 |inc|=27 |stab|=12 |O|=3840
 5 0 0 0 0 0 -2 2 -1 -1 4 -2 -2 2 2 -1 -2 0 0 -1 0
iOrb=63 |inc|=27 |stab|=6 |O|=7680
 4 1 -1 -1 1 -1 4 4 -6 4 -1 2 -1 2 -1 2 0 0 1 3 0
iOrb=64 |inc|=27 |stab|=4 |O|=11520
 6 -2 -3 1 1 -3 -2 2 2 -2 2 3 -3 -1 2 3 0 2 0 0 0
iOrb=65 |inc|=27 |stab|=4 |O|=11520
 6 0 0 0 0 0 -2 -1 2 -1 -2 2 -2 0 -1 2 -2 0 0 0 0
iOrb=66 |inc|=27 |stab|=2 |O|=23040
 6 3 -5 6 -4 -2 2 -5 1 2 3 -2 -1 2 4 0 0 0 -1 0 0
iOrb=67 |inc|=26 |stab|=8 |O|=5760
 7 -3 2 2 -2 -3 3 2 -3 -2 -3 2 3 3 2 -3 0 0 0 0 0
iOrb=68 |inc|=26 |stab|=4 |O|=11520
 5 0 0 0 0 0 -2 2 -1 -1 3 -2 -2 1 2 -1 -2 0 0 0 0
iOrb=69 |inc|=26 |stab|=2 |O|=23040
 1 3 -2 1 1 -2 4 -3 -2 3 2 2 -2 -1 2 1 0 0 0 0 0
iOrb=70 |inc|=26 |stab|=2 |O|=23040
 1 3 -2 1 -2 1 5 -3 5 -3 2 -3 2 3 -1 2 0 0 -1 0 0
iOrb=71 |inc|=26 |stab|=2 |O|=23040
 6 2 -4 3 -2 -2 4 -1 2 0 2 -4 -1 1 1 0 0 0 0 0 3
iOrb=72 |inc|=26 |stab|=2 |O|=23040
 4 1 0 -2 -1 0 1 1 1 -1 1 0 1 -2 0 0 0 0 0 0 2
iOrb=73 |inc|=25 |stab|=12 |O|=3840
 15 2 -6 -2 0 -2 4 1 0 1 -4 0 -4 0 -1 0 0 0 0 5 1
iOrb=74 |inc|=25 |stab|=8 |O|=5760
 5 0 1 2 -1 -2 0 -1 0 -1 -2 -1 2 0 1 0 0 0 0 0 -1
iOrb=75 |inc|=25 |stab|=4 |O|=11520
 8 0 1 -2 -1 2 -4 2 0 -2 4 1 -4 -2 2 2 0 0 0 0 2
iOrb=76 |inc|=25 |stab|=4 |O|=11520
 9 -4 2 3 -2 -3 4 3 -4 -3 -4 2 4 4 3 -4 0 0 0 0 -1
iOrb=77 |inc|=25 |stab|=2 |O|=23040
 5 -1 1 0 -1 -1 4 4 -4 -3 -2 2 3 2 1 -3 0 0 2 0 0
iOrb=78 |inc|=25 |stab|=2 |O|=23040
 6 3 -2 2 -4 -2 2 -2 4 2 1 -1 -1 1 1 -3 0 0 3 0 0
iOrb=79 |inc|=25 |stab|=2 |O|=23040
 17 -1 -2 -3 -2 -4 -1 0 0 -2 -2 0 -3 -1 -2 -1 0 0 0 0 5
iOrb=80 |inc|=25 |stab|=2 |O|=23040
 1 1 -1 2 1 -2 1 -1 0 2 2 1 -2 -1 2 0 0 0 0 0 0
iOrb=81 |inc|=25 |stab|=2 |O|=23040
 10 0 -1 2 -2 -1 -4 2 -2 0 5 -5 -1 3 2 -2 0 0 0 4 0
iOrb=82 |inc|=25 |stab|=2 |O|=23040
 5 -1 0 0 1 -2 -1 -1 1 -2 -1 1 0 1 0 2 0 0 0 0 0
iOrb=83 |inc|=24 |stab|=2 |O|=23040
 6 6 -7 7 -4 -3 3 -3 1 2 3 -3 -2 3 2 -1 0 2 0 0 0
iOrb=84 |inc|=24 |stab|=2 |O|=23040
 5 -3 2 3 -2 -2 2 2 -2 -1 -3 2 2 3 1 -2 0 0 0 0 0
iOrb=85 |inc|=24 |stab|=2 |O|=23040
 11 -1 -1 2 -2 -1 -4 2 -2 -1 4 -4 -1 2 2 -2 0 0 0 4 0
iOrb=86 |inc|=23 |stab|=2 |O|=23040
 6 0 1 -1 1 1 1 -4 4 -4 2 -2 0 2 -2 2 0 0 0 -3 0
iOrb=87 |inc|=23 |stab|=2 |O|=23040
 6 4 -2 -4 -4 1 2 2 2 0 -1 -1 0 -2 1 1 0 0 0 2 0
iOrb=88 |inc|=23 |stab|=1 |O|=46080
 7 2 -4 1 4 -4 2 -1 -3 1 1 2 -2 -2 0 2 0 0 0 -1 0
iOrb=89 |inc|=22 |stab|=6 |O|=7680
 3 2 -1 -1 2 -1 4 4 -6 4 -1 2 -1 2 -1 2 0 0 1 2 0
iOrb=90 |inc|=22 |stab|=4 |O|=11520
 22 -4 -4 -2 -4 -2 -2 -1 -2 -1 -2 -2 -2 -2 -1 -2 0 1 0 5 3
iOrb=91 |inc|=22 |stab|=2 |O|=23040
 2 2 2 2 -1 -5 -1 -1 2 3 -1 1 3 1 3 -2 0 0 1 0 0
iOrb=92 |inc|=22 |stab|=2 |O|=23040
 17 -8 4 -3 -3 -3 6 -4 -4 -4 2 2 4 -1 -2 -2 0 0 2 3 0
iOrb=93 |inc|=22 |stab|=2 |O|=23040
 6 0 2 -2 -2 4 -4 2 0 -2 5 2 -5 -2 3 4 0 0 0 1 0
iOrb=94 |inc|=22 |stab|=2 |O|=23040
 18 0 6 1 3 3 -1 -1 -2 -2 -2 -6 -6 -3 -3 -3 0 -7 0 0 3
iOrb=95 |inc|=21 |stab|=2 |O|=23040
 5 -1 0 1 -1 -1 3 -1 -1 1 3 0 -3 2 2 -2 0 0 -1 0 0
iOrb=96 |inc|=20 |stab|=2 |O|=23040
 3 5 -4 2 -4 2 6 -4 8 -4 2 -4 2 3 -1 3 0 0 2 1 0
iOrb=97 |inc|=20 |stab|=2 |O|=23040
 2 6 -2 1 -2 -2 4 -2 4 4 1 -1 -1 1 2 -1 0 0 -2 0 0
TotalNumberFacets=1625068
nbOrb Facet=97
|EXT|=1024
nbOrb Vertices=4
dim=20
