return rec(
  Inc := [ 1, 2, 3, 5, 6, 9, 10, 13, 14, 15, 16, 17, 18, 22, 23, 24, 25, 26, 27, 28, 29, 30, 31, 33, 39, 40, 41, 42, 43, 44, 45, 
      46, 48, 49, 50, 55, 56, 58, 59, 60, 61, 62, 63, 65, 66, 67, 68, 69, 74, 76, 77, 78, 79, 80, 81, 82, 83, 84, 85, 91, 92, 
      93, 94, 96, 97, 98, 99, 100, 101, 102, 109, 110, 111, 112, 113, 114, 115, 116, 117, 118, 120, 121, 122, 123, 124, 125, 
      126, 127, 128, 129, 130, 131, 132, 133, 138, 139, 140, 141, 142, 143, 144, 145, 146, 147, 148, 149, 150, 151, 152, 154, 
      156, 157, 159, 160 ],
  OrbSize := 6,
  Status := "NO",
  TheInv := [ 1, 2, 3, 4, 5, 6, 7, 8, 9, 10, 11, 12, 13, 14, 16, 18, 19, 20, 21, 22, 23, 25, 27, 29, 31, 33, 34, 35, 36, 37, 38, 
      39, 40, 41, 43, 45, 48, 50, 51, 54, 55, 56, 57, 58, 59, 60, 61, 63, 64, 65, 67, 69, 70, 71, 72, 75, 76, 77, 78, 79, 80, 
      81, 83, 85, 86, 87, 89, 90, 91, 92, 93, 94, 95, 96, 97, 98, 99, 102, 103, 104, 105, 107, 108, 110, 111, 114, 115, 116, 
      118, 119, 121, 122, 125, 126, 129, 130, 132, 133, 135, 136, 137, 139, 140, 143, 145, 146, 148, 151, 152, 153, 155, 157, 
      158, 160 ] );
