 1 2 3 4 5 6 7 29
 1 2 3 4 5 6 8 29
 1 2 3 4 5 6 8 31
 1 2 3 4 5 6 8 39
 1 2 3 4 5 6 8 40
 1 2 3 4 5 6 8 49
 1 2 3 4 5 6 8 50
 1 2 3 4 5 6 8 51
 1 2 3 4 5 6 8 55
 1 2 3 4 5 6 29 31
 1 2 3 4 5 6 29 34
 1 2 3 4 5 6 29 50
 1 2 3 4 5 6 31 51
 1 2 3 4 5 6 31 53
 1 2 3 4 5 8 12 29
 1 2 3 4 5 8 12 30
 1 2 3 4 5 8 12 31
 1 2 3 4 5 8 12 34
 1 2 3 4 5 8 12 39
 1 2 3 4 5 8 12 40
 1 2 3 4 5 8 12 41
 1 2 3 4 5 8 12 44
 1 2 3 4 5 8 12 45
 1 2 3 4 5 8 12 46
 1 2 3 4 5 8 12 49
 1 2 3 4 5 8 12 50
 1 2 3 4 5 8 12 51
 1 2 3 4 5 8 12 52
 1 2 3 4 5 8 12 55
 1 2 3 4 5 8 12 56
 1 2 3 4 5 8 21 29
 1 2 3 4 5 8 21 30
 1 2 3 4 5 8 21 31
 1 2 3 4 5 8 21 34
 1 2 3 4 5 8 21 35
 1 2 3 4 5 8 21 36
 1 2 3 4 5 8 21 37
 1 2 3 4 5 8 21 39
 1 2 3 4 5 8 21 40
 1 2 3 4 5 8 21 41
 1 2 3 4 5 8 21 43
 1 2 3 4 5 8 21 49
 1 2 3 4 5 8 21 50
 1 2 3 4 5 8 21 51
 1 2 3 4 5 8 21 52
 1 2 3 4 5 8 21 54
 1 2 3 4 5 8 21 55
 1 2 3 4 5 8 30 34
 1 2 3 4 5 8 30 38
 1 2 3 4 5 8 30 41
 1 2 3 4 5 8 30 42
 1 2 3 4 5 8 30 49
 1 2 3 4 5 8 30 52
 1 2 3 4 5 8 30 53
 1 2 3 4 5 8 30 55
 1 2 3 4 5 8 34 50
 1 2 3 4 5 8 39 41
 1 2 3 4 5 8 39 49
 1 2 3 4 5 8 39 52
 1 2 3 4 5 8 39 55
 1 2 3 4 5 8 39 56
 1 2 3 4 5 8 41 50
 1 2 3 4 5 8 49 50
 1 2 3 4 5 8 50 52
 1 2 3 4 5 8 50 55
 1 2 3 4 5 12 13 34
 1 2 3 4 5 12 13 44
 1 2 3 4 5 12 13 46
 1 2 3 4 5 12 13 52
 1 2 3 4 5 12 13 56
 1 2 3 4 5 12 18 34
 1 2 3 4 5 12 18 40
 1 2 3 4 5 12 18 41
 1 2 3 4 5 12 18 49
 1 2 3 4 5 12 18 52
 1 2 3 4 5 12 18 55
 1 2 3 4 5 12 31 44
 1 2 3 4 5 12 34 50
 1 2 3 4 5 12 34 52
 1 2 3 4 5 12 34 54
 1 2 3 4 5 12 34 56
 1 2 3 4 5 12 44 50
 1 2 3 4 5 12 44 52
 1 2 3 4 5 12 44 56
 1 2 3 4 5 12 45 46
 1 2 3 4 5 12 46 50
 1 2 3 4 5 12 46 52
 1 2 3 4 5 12 46 53
 1 2 3 4 5 12 46 56
 1 2 3 4 5 12 51 52
 1 2 3 4 5 12 51 56
 1 2 3 4 5 30 33 34
 1 2 3 4 5 30 33 54
 1 2 3 4 5 34 50 52
 1 2 3 4 5 34 50 54
 1 2 3 4 8 11 12 33
 1 2 3 4 8 11 12 39
 1 2 3 4 8 11 12 40
 1 2 3 4 8 11 12 44
 1 2 3 4 8 11 12 45
 1 2 3 4 8 11 12 47
 1 2 3 4 8 11 12 49
 1 2 3 4 8 11 12 56
 1 2 3 4 8 11 17 32
 1 2 3 4 8 11 17 33
 1 2 3 4 8 11 17 38
 1 2 3 4 8 11 17 39
 1 2 3 4 8 11 17 40
 1 2 3 4 8 11 17 41
 1 2 3 4 8 11 17 42
 1 2 3 4 8 11 17 49
 1 2 3 4 8 11 17 50
 1 2 3 4 8 11 17 51
 1 2 3 4 8 11 17 53
 1 2 3 4 8 11 17 55
 1 2 3 4 8 11 21 33
 1 2 3 4 8 11 21 34
 1 2 3 4 8 11 21 35
 1 2 3 4 8 11 21 36
 1 2 3 4 8 11 21 37
 1 2 3 4 8 11 21 38
 1 2 3 4 8 11 21 39
 1 2 3 4 8 11 21 40
 1 2 3 4 8 11 21 41
 1 2 3 4 8 11 21 43
 1 2 3 4 8 11 21 44
 1 2 3 4 8 11 21 45
 1 2 3 4 8 11 21 46
 1 2 3 4 8 11 21 47
 1 2 3 4 8 11 21 48
 1 2 3 4 8 11 21 49
 1 2 3 4 8 11 21 50
 1 2 3 4 8 11 21 51
 1 2 3 4 8 11 21 52
 1 2 3 4 8 11 21 53
 1 2 3 4 8 11 21 54
 1 2 3 4 8 11 21 55
 1 2 3 4 8 11 21 56
 1 2 3 4 8 11 26 32
 1 2 3 4 8 11 26 34
 1 2 3 4 8 11 26 38
 1 2 3 4 8 11 26 40
 1 2 3 4 8 11 26 41
 1 2 3 4 8 11 26 42
 1 2 3 4 8 11 26 44
 1 2 3 4 8 11 26 45
 1 2 3 4 8 11 26 46
 1 2 3 4 8 11 26 47
 1 2 3 4 8 11 26 49
 1 2 3 4 8 11 26 50
 1 2 3 4 8 11 26 51
 1 2 3 4 8 11 26 52
 1 2 3 4 8 11 26 53
 1 2 3 4 8 11 26 55
 1 2 3 4 8 11 26 56
 1 2 3 4 8 11 32 37
 1 2 3 4 8 11 32 43
 1 2 3 4 8 11 32 46
 1 2 3 4 8 11 32 49
 1 2 3 4 8 11 32 56
 1 2 3 4 8 11 34 50
 1 2 3 4 8 11 38 44
 1 2 3 4 8 11 39 46
 1 2 3 4 8 11 39 53
 1 2 3 4 8 11 39 56
 1 2 3 4 8 11 41 44
 1 2 3 4 8 11 41 50
 1 2 3 4 8 11 42 44
 1 2 3 4 8 11 44 49
 1 2 3 4 8 11 44 52
 1 2 3 4 8 11 44 53
 1 2 3 4 8 11 44 55
 1 2 3 4 8 11 44 56
 1 2 3 4 8 11 46 50
 1 2 3 4 8 11 47 50
 1 2 3 4 8 11 49 50
 1 2 3 4 8 11 50 52
 1 2 3 4 8 11 50 53
 1 2 3 4 8 11 50 55
 1 2 3 4 8 11 50 56
 1 2 3 4 8 20 21 35
 1 2 3 4 8 20 21 36
 1 2 3 4 8 20 21 38
 1 2 3 4 8 20 21 43
 1 2 3 4 8 20 21 50
 1 2 3 4 8 20 21 51
 1 2 3 4 8 20 21 53
 1 2 3 4 8 20 21 54
 1 2 3 4 8 20 21 55
 1 2 3 4 8 20 24 32
 1 2 3 4 8 20 24 33
 1 2 3 4 8 20 24 34
 1 2 3 4 8 20 24 38
 1 2 3 4 8 20 24 39
 1 2 3 4 8 20 24 40
 1 2 3 4 8 20 24 50
 1 2 3 4 8 20 24 51
 1 2 3 4 8 20 24 53
 1 2 3 4 8 20 24 55
 1 2 3 4 8 20 26 33
 1 2 3 4 8 20 26 34
 1 2 3 4 8 20 26 35
 1 2 3 4 8 20 26 36
 1 2 3 4 8 20 26 37
 1 2 3 4 8 20 26 38
 1 2 3 4 8 20 26 40
 1 2 3 4 8 20 26 41
 1 2 3 4 8 20 26 43
 1 2 3 4 8 20 26 50
 1 2 3 4 8 20 26 51
 1 2 3 4 8 20 26 52
 1 2 3 4 8 20 26 53
 1 2 3 4 8 20 26 54
 1 2 3 4 8 20 26 55
 1 2 3 4 8 20 32 37
 1 2 3 4 8 20 32 55
 1 2 3 4 8 20 34 35
 1 2 3 4 8 20 35 43
 1 2 3 4 8 20 35 52
 1 2 3 4 8 20 35 53
 1 2 3 4 8 20 35 54
 1 2 3 4 8 20 35 55
 1 2 3 4 8 20 39 53
 1 2 3 4 8 20 39 54
 1 2 3 4 8 20 41 50
 1 2 3 4 8 20 50 52
 1 2 3 4 8 20 50 53
 1 2 3 4 8 20 50 54
 1 2 3 4 8 20 50 55
 1 2 3 4 8 26 27 39
 1 2 3 4 8 26 27 42
 1 2 3 4 8 26 27 49
 1 2 3 4 8 26 27 50
 1 2 3 4 8 26 27 53
 1 2 3 4 8 26 27 55
 1 2 3 4 8 26 33 49
 1 2 3 4 8 26 33 55
 1 2 3 4 8 26 39 51
 1 2 3 4 8 26 40 47
 1 2 3 4 8 26 40 50
 1 2 3 4 8 26 40 53
 1 2 3 4 8 26 40 55
 1 2 3 4 8 26 40 56
 1 2 3 4 8 26 42 51
 1 2 3 4 8 26 49 51
 1 2 3 4 8 26 50 51
 1 2 3 4 8 26 51 53
 1 2 3 4 8 26 51 55
 1 2 3 4 8 32 36 55
 1 2 3 4 8 39 51 52
 1 2 3 4 8 39 51 53
 1 2 3 4 8 39 51 55
 1 2 3 4 8 39 51 56
 1 2 3 4 8 50 51 52
 1 2 3 4 8 50 51 53
 1 2 3 4 8 50 51 55
 1 2 3 4 11 12 26 44
 1 2 3 4 11 12 26 45
 1 2 3 4 11 12 26 51
 1 2 3 4 11 12 26 56
 1 2 3 4 11 12 27 44
 1 2 3 4 11 12 27 45
 1 2 3 4 11 12 27 46
 1 2 3 4 11 12 27 53
 1 2 3 4 11 12 27 56
 1 2 3 4 11 17 26 41
 1 2 3 4 11 17 26 50
 1 2 3 4 11 17 26 51
 1 2 3 4 11 17 26 53
 1 2 3 4 11 17 26 55
 1 2 3 4 11 17 27 41
 1 2 3 4 11 17 27 45
 1 2 3 4 11 17 27 53
 1 2 3 4 11 17 27 55
 1 2 3 4 11 17 27 56
 1 2 3 4 11 26 28 44
 1 2 3 4 11 26 28 45
 1 2 3 4 11 26 28 46
 1 2 3 4 11 26 28 51
 1 2 3 4 11 26 28 53
 1 2 3 4 11 26 28 56
 1 2 3 4 11 26 44 53
 1 2 3 4 11 26 45 50
 1 2 3 4 11 26 45 53
 1 2 3 4 11 26 46 52
 1 2 3 4 11 26 52 53
 1 2 3 4 11 26 52 56
 1 2 3 4 11 28 44 53
 1 2 3 4 26 27 52 53
 1 2 3 8 10 16 21 39
 1 2 3 8 10 16 21 40
 1 2 3 8 10 16 21 41
 1 2 3 8 10 16 21 42
 1 2 3 8 10 16 21 43
 1 2 3 8 10 16 21 49
 1 2 3 8 10 16 21 50
 1 2 3 8 10 16 21 51
 1 2 3 8 10 16 21 52
 1 2 3 8 10 16 21 54
 1 2 3 8 10 16 21 55
 1 2 3 8 10 16 39 46
 1 2 3 8 10 16 39 47
 1 2 3 8 10 16 39 48
 1 2 3 8 10 16 39 56
 1 2 3 8 10 20 21 43
 1 2 3 8 10 20 21 45
 1 2 3 8 10 20 21 48
 1 2 3 8 10 20 21 50
 1 2 3 8 10 20 21 51
 1 2 3 8 10 20 21 53
 1 2 3 8 10 20 21 54
 1 2 3 8 10 20 21 55
 1 2 3 8 10 20 21 56
 1 2 3 8 10 20 24 42
 1 2 3 8 10 20 24 44
 1 2 3 8 10 20 24 45
 1 2 3 8 10 20 24 46
 1 2 3 8 10 20 24 47
 1 2 3 8 10 20 24 48
 1 2 3 8 10 20 24 49
 1 2 3 8 10 20 24 56
 1 2 3 8 10 20 26 41
 1 2 3 8 10 20 26 43
 1 2 3 8 10 20 26 44
 1 2 3 8 10 20 26 46
 1 2 3 8 10 20 26 47
 1 2 3 8 10 20 26 48
 1 2 3 8 10 20 26 49
 1 2 3 8 10 20 26 51
 1 2 3 8 10 20 26 52
 1 2 3 8 10 20 26 53
 1 2 3 8 10 20 26 54
 1 2 3 8 10 20 26 55
 1 2 3 8 10 20 26 56
 1 2 3 8 10 20 42 50
 1 2 3 8 10 20 44 55
 1 2 3 8 10 20 47 50
 1 2 3 8 10 20 49 50
 1 2 3 8 10 26 27 48
 1 2 3 8 10 26 27 49
 1 2 3 8 10 26 27 56
 1 2 3 8 10 26 40 56
 1 2 3 8 10 26 45 55
 1 2 3 8 19 20 24 43
 1 2 3 8 19 20 24 51
 1 2 3 8 19 20 24 52
 1 2 3 8 19 20 24 53
 1 2 3 8 19 20 24 54
 1 2 3 8 19 20 50 54
 1 2 3 8 19 23 24 43
 1 2 3 8 19 23 24 53
 1 2 3 8 19 23 24 54
 1 2 3 8 19 23 26 43
 1 2 3 8 19 23 26 51
 1 2 3 8 19 23 26 52
 1 2 3 8 19 23 26 53
 1 2 3 8 19 23 26 54
 1 2 3 8 19 23 26 55
 1 2 3 8 19 23 43 50
 1 2 3 8 19 26 27 43
 1 2 3 8 19 26 27 49
 1 2 3 8 19 26 27 54
 1 2 3 8 19 26 27 55
 1 2 3 8 19 26 43 51
 1 2 3 8 19 26 49 51
 1 2 3 8 19 26 51 55
 1 2 3 10 11 17 22 52
 1 2 3 10 11 17 22 56
 1 2 3 10 11 17 24 56
 1 2 3 10 16 21 23 52
 1 2 3 10 16 21 23 55
 1 2 3 10 16 23 24 53
 1 2 3 10 16 24 27 55
 1 2 3 10 23 26 28 52
