 1 2 3 4 5 6 7 29
corresponding to elements  1 7 12 254 283
 1 2 3 4 5 6 8 29
corresponding to elements  2 11 15 22 31 43 68 78 99 150 181 203 209 233 240 246 257 261
 1 2 3 4 5 6 8 31
corresponding to elements  3 35 44 56 66 146 162 183 185 226 230 324 351
 1 2 3 4 5 6 8 39
corresponding to elements  4 10 26 82 86 250 267 277
 1 2 3 4 5 6 8 40
corresponding to elements  5 20 27 62 72 77 167 177 201 231 259 266 276 279 339 350
 1 2 3 4 5 6 8 49
corresponding to elements  6 63 70 84 232 260 278 352
 1 2 3 4 5 6 8 51
corresponding to elements  8 14 64 69 83 90 95 235 255 280 284 289
 1 2 3 4 5 6 8 55
corresponding to elements  9 13 65 67 91 94 234 256 258 281
 1 2 3 4 5 8 12 30
corresponding to elements  16 18 37 38 48 73 118 121 126 132 133 141 145 186 205 206 211 219 238 308 309 316 330 346 356
 1 2 3 4 5 8 12 31
corresponding to elements  17 24 33 39 57 101 140 143 151 161 170 175 202 207 210 225 268 271 305 306 310 331 353 360
 1 2 3 4 5 8 12 39
corresponding to elements  19 74 92 112 200 354
 1 2 3 4 5 8 12 41
corresponding to elements  21 32 41 50 71 98 109 113 142 144 152 166 168 184 192 196 208 217 218 239 272 293 303 307 322 327 345 355 359 374
 1 2 3 4 5 8 12 45
corresponding to elements  23 29 61 76 85 87 174 179 204 212 253 263 270 287 313 340
 1 2 3 4 5 8 12 49
corresponding to elements  25 30 58 60 89 176 180 213 236 252 262 265 285 311 312 357
 1 2 3 4 5 8 12 52
corresponding to elements  28 59 75 88 93 178 214 237 251 264 269 282 286 288 341 358
 1 2 3 4 5 8 21 34
corresponding to elements  34 49 97 106 107 190 193 197 290 297 347
 1 2 3 4 5 8 21 36
corresponding to elements  36 46 53 81 102 147 155 169 172 187 220 228 242 275 326 333 361 362
 1 2 3 4 5 8 21 41
corresponding to elements  40 51 96 116 120 124 127 129 134 139 148 244 314 315 323 325 329 335 344 372
 1 2 3 4 5 8 21 49
corresponding to elements  42 52 103 149 173 188 221 245 332 336 348 349
 1 2 3 4 5 8 21 52
corresponding to elements  45 47 54 55 79 80 100 153 154 171 182 189 222 227 229 241 243 247 248 273 274 328 334 363
 1 2 3 4 8 11 17 32
corresponding to elements  104 105 110 117 122 123 125 130 156 157 194 195 291 294 296 298 301 317 319 364 367 370
 1 2 3 4 8 11 17 40
corresponding to elements  108 111 115 163 165 191 198 215 292 299 300 302 304 365 368 371
 1 2 3 4 8 11 17 53
corresponding to elements  114 164 199 216 249 295 342 366
 1 2 3 4 8 11 21 36
corresponding to elements  119 128 131 135 136 137 138 158 159 160 223 224 318 320 321 337 338 343 369 373
