return 
[ [ 1, 2, 3, 4, 5, 6, 7, 8, 9, 10, 11, 12, 13, 14, 15, 16, 17, 18, 19, 20, 
      21, 22, 25, 28, 29, 32, 35, 36, 37, 38, 39, 40, 41, 42, 43, 44, 45, 46, 
      47, 48, 49, 50, 51, 52, 53, 54, 55, 56, 57, 58, 59, 60, 61, 62, 63, 64 ]
    , [ 1, 2, 3, 4, 6, 8, 11, 12, 13, 14, 18, 20, 21, 22, 26, 29, 32, 35, 37, 
      40, 41, 43, 44, 45, 48, 49, 50, 51, 52, 53, 56, 57, 58, 59, 60, 63, 64 ]
    , [ 1, 2, 3, 4, 5, 6, 7, 8, 9, 10, 11, 12, 13, 14, 15, 16, 17, 18, 19, 
      20, 21, 24, 27, 28, 31, 34, 38, 39, 41, 42, 43, 44, 45, 46, 47, 48, 49, 
      50, 51, 52, 53, 54, 55, 60, 61, 62, 63, 64 ], 
  [ 1, 2, 3, 4, 5, 6, 7, 8, 11, 12, 13, 14, 15, 18, 19, 20, 22, 25, 26, 29, 
      32, 33, 35, 36, 37, 38, 40, 41, 43, 45, 46, 48, 49, 50, 52, 55, 56, 59, 
      62, 63 ], 
  [ 1, 2, 3, 4, 5, 6, 7, 8, 9, 10, 11, 12, 13, 14, 15, 16, 17, 18, 19, 20, 
      21, 22, 23, 24, 25, 26, 27, 28, 29, 30, 31, 32, 33, 34, 35, 36, 37, 40, 
      43, 44, 47, 50, 51, 52, 53, 54, 55, 56, 57, 58, 59, 62 ], 
  [ 1, 2, 3, 4, 5, 7, 8, 9, 10, 12, 13, 14, 16, 20, 22, 23, 24, 25, 27, 28, 
      29, 31, 35, 36, 38, 39, 40, 41, 43, 45, 46, 47, 48, 50, 51, 52, 53, 55, 
      56, 58, 59, 60, 62, 63 ], 
  [ 1, 2, 3, 4, 5, 6, 7, 8, 9, 10, 11, 12, 13, 14, 15, 16, 17, 18, 19, 20, 
      21, 22, 23, 24, 25, 26, 27, 28, 29, 30, 31, 32, 33, 34, 35, 40, 41, 42, 
      47, 48, 49, 50, 51, 52, 53, 54, 55, 56, 57, 58, 59, 60, 61, 62, 63, 64 ]
    , [ 1, 2, 3, 4, 7, 8, 9, 12, 13, 14, 16, 19, 20, 22, 25, 27, 40, 41, 45, 
      47, 48, 51, 54, 58, 60, 61, 64 ], 
  [ 1, 2, 7, 8, 9, 11, 13, 14, 16, 21, 22, 24, 25, 26, 27, 28, 40, 43, 44, 
      46, 47, 50, 51, 52, 54, 58 ], 
  [ 1, 2, 3, 4, 7, 9, 11, 12, 13, 17, 19, 21, 22, 25, 27, 35, 43, 44, 46, 50, 
      52, 53, 54, 55, 57 ], 
  [ 1, 2, 3, 4, 7, 8, 9, 12, 14, 17, 19, 20, 21, 22, 24, 27, 42, 43, 45, 46, 
      49, 52, 58, 59, 60, 62 ], 
  [ 1, 2, 3, 4, 6, 7, 8, 9, 10, 11, 13, 17, 24, 26, 27, 34, 35, 36, 37, 39, 
      43, 50, 51, 52, 54, 58 ], 
  [ 1, 2, 3, 4, 7, 8, 9, 10, 12, 14, 16, 20, 22, 24, 28, 39, 41, 42, 45, 46, 
      48, 51, 58, 60, 61 ], 
  [ 1, 2, 3, 4, 5, 6, 7, 9, 14, 15, 16, 17, 19, 21, 28, 29, 31, 36, 43, 44, 
      51, 53, 54, 58, 61 ], 
  [ 1, 2, 3, 4, 6, 8, 11, 12, 13, 14, 18, 20, 21, 22, 26, 29, 32, 43, 44, 51, 
      53, 54, 57, 58, 64 ], 
  [ 1, 2, 3, 4, 5, 6, 7, 9, 14, 15, 16, 19, 21, 28, 31, 38, 41, 42, 48, 51, 
      52, 55, 58, 60, 62 ], 
  [ 1, 2, 3, 5, 8, 13, 14, 17, 23, 24, 26, 30, 36, 37, 39, 41, 43, 47, 49, 
      51, 52, 54, 59, 60, 61 ], 
  [ 1, 2, 3, 4, 7, 8, 9, 10, 12, 14, 16, 17, 19, 22, 24, 28, 29, 31, 39, 43, 
      45, 46, 51, 53, 54, 58, 61 ], 
  [ 1, 2, 5, 6, 8, 10, 14, 20, 23, 24, 26, 30, 36, 40, 41, 42, 43, 47, 49, 
      53, 55, 56, 57, 62, 64 ], 
  [ 1, 2, 4, 6, 7, 8, 9, 12, 13, 14, 19, 23, 29, 30, 33, 34, 35, 37, 40, 47, 
      48, 50, 51, 52, 55, 56, 62 ], 
  [ 1, 2, 3, 4, 6, 8, 9, 13, 14, 15, 17, 18, 24, 27, 33, 34, 35, 36, 37, 42, 
      43, 50, 51, 52, 53, 54, 58, 61 ], 
  [ 1, 2, 3, 4, 5, 8, 9, 12, 14, 15, 17, 27, 30, 32, 33, 34, 37, 43, 44, 47, 
      48, 54, 58, 60, 61, 64 ], 
  [ 1, 2, 4, 6, 7, 8, 9, 12, 13, 14, 19, 23, 29, 30, 33, 34, 37, 43, 44, 45, 
      50, 52, 55, 56, 62 ], 
  [ 1, 2, 4, 8, 9, 12, 13, 16, 20, 24, 28, 35, 39, 41, 43, 45, 46, 47, 50, 
      51, 53, 55, 60, 61, 63 ], 
  [ 1, 2, 4, 5, 6, 7, 8, 11, 12, 17, 18, 20, 26, 32, 35, 37, 41, 49, 50, 51, 
      53, 57, 59, 60, 63 ], 
  [ 1, 2, 4, 6, 7, 9, 10, 11, 12, 13, 17, 19, 23, 29, 30, 31, 33, 36, 43, 44, 
      46, 50, 51, 55, 57 ], 
  [ 1, 2, 4, 5, 7, 8, 9, 10, 12, 13, 14, 16, 26, 30, 32, 33, 34, 35, 36, 40, 
      49, 50, 52, 55, 56, 62 ], 
  [ 1, 2, 3, 6, 8, 9, 10, 11, 13, 14, 15, 17, 27, 31, 33, 34, 36, 37, 39, 43, 
      50, 51, 52, 54, 58 ], 
  [ 1, 3, 4, 5, 6, 7, 9, 14, 15, 16, 19, 21, 28, 31, 35, 37, 40, 47, 50, 53, 
      54, 56, 58, 60, 62 ], 
  [ 1, 2, 3, 5, 6, 7, 11, 13, 15, 18, 19, 20, 28, 33, 34, 38, 43, 45, 46, 47, 
      48, 51, 52, 58, 59, 60 ], 
  [ 1, 2, 3, 4, 6, 7, 8, 11, 12, 14, 18, 20, 22, 26, 32, 37, 40, 41, 44, 45, 
      48, 51, 54, 57, 58, 60, 64 ], 
  [ 1, 2, 3, 4, 5, 6, 8, 9, 12, 13, 14, 15, 27, 30, 33, 34, 37, 43, 44, 47, 
      48, 51, 54, 58, 60, 61, 64 ], 
  [ 1, 2, 4, 6, 7, 8, 10, 13, 15, 16, 17, 18, 20, 24, 26, 27, 34, 41, 44, 45, 
      46, 47, 49, 51, 58, 59, 61 ], 
  [ 1, 2, 3, 4, 5, 6, 8, 11, 12, 13, 15, 18, 19, 20, 22, 26, 29, 33, 37, 40, 
      43, 44, 47, 51, 53, 56, 57, 58, 59, 63 ], 
  [ 1, 2, 3, 4, 6, 7, 8, 9, 11, 12, 13, 14, 17, 18, 19, 20, 21, 22, 25, 26, 
      27, 32, 40, 41, 44, 45, 47, 48, 49, 51, 54, 58, 59, 60, 61, 64 ], 
  [ 1, 2, 3, 4, 7, 8, 13, 14, 15, 16, 19, 20, 22, 23, 25, 26, 27, 34, 40, 43, 
      44, 45, 47, 54, 58, 60, 61, 64 ], 
  [ 1, 2, 3, 4, 6, 7, 8, 11, 12, 14, 18, 20, 22, 26, 32, 37, 40, 41, 44, 45, 
      48, 50, 51, 53, 57, 59, 60, 63 ], 
  [ 1, 2, 3, 4, 5, 6, 8, 9, 11, 12, 13, 14, 15, 17, 18, 24, 27, 28, 30, 31, 
      33, 34, 36, 37, 38, 39, 41, 42, 43, 44, 47, 48, 49, 51, 52, 58, 59, 60, 
      61, 62 ], 
  [ 1, 2, 3, 4, 6, 7, 8, 9, 15, 16, 17, 18, 19, 28, 29, 30, 31, 32, 36, 37, 
      38, 39, 44, 45, 49, 51, 52, 53, 54, 55, 56, 58, 61, 62, 63, 64 ], 
  [ 1, 2, 3, 4, 6, 8, 9, 12, 13, 14, 15, 19, 23, 27, 29, 30, 33, 34, 37, 43, 
      44, 45, 48, 50, 52, 55, 56, 62, 63 ], 
  [ 1, 2, 3, 4, 5, 6, 8, 9, 11, 12, 13, 14, 15, 17, 18, 24, 27, 28, 30, 31, 
      33, 34, 35, 36, 37, 40, 41, 42, 47, 50, 51, 52, 53, 54, 55, 58, 59, 60, 
      61, 62 ], 
  [ 1, 2, 3, 4, 6, 7, 8, 10, 13, 15, 17, 23, 30, 31, 33, 37, 38, 39, 43, 44, 
      46, 50, 52, 53, 54, 55, 57, 62, 64 ], 
  [ 1, 2, 4, 6, 7, 8, 9, 10, 11, 13, 16, 17, 18, 19, 22, 23, 28, 29, 30, 31, 
      32, 33, 36, 43, 44, 46, 50, 51, 55, 57 ], 
  [ 1, 2, 3, 4, 5, 9, 11, 12, 13, 15, 16, 17, 18, 27, 31, 33, 34, 36, 37, 39, 
      40, 41, 42, 43, 47, 49, 51, 58, 59, 61 ], 
  [ 1, 2, 3, 4, 5, 6, 7, 8, 9, 10, 11, 12, 13, 14, 15, 16, 17, 18, 19, 28, 
      29, 30, 31, 32, 33, 34, 36, 37, 38, 39, 43, 44, 45, 46, 47, 48, 49, 50, 
      51, 52, 53, 54, 55, 56, 57, 62, 63, 64 ], 
  [ 1, 2, 3, 4, 6, 7, 8, 9, 10, 11, 13, 16, 17, 18, 19, 20, 21, 24, 25, 26, 
      27, 34, 38, 40, 41, 42, 44, 45, 46, 47, 49, 51, 58, 59, 61 ], 
  [ 1, 2, 3, 4, 5, 6, 7, 8, 11, 12, 13, 14, 15, 18, 19, 20, 22, 25, 26, 29, 
      32, 33, 37, 40, 43, 44, 45, 47, 48, 50, 51, 52, 53, 56, 57, 59, 62, 63 ]
    , [ 1, 2, 3, 4, 5, 6, 7, 8, 9, 10, 11, 12, 13, 14, 15, 16, 17, 18, 19, 
      20, 21, 22, 23, 24, 25, 26, 27, 28, 29, 30, 31, 32, 33, 34, 35, 36, 37, 
      38, 39, 40, 41, 42, 43, 44, 45, 46, 47, 48, 49, 58, 59, 60, 61, 62, 63, 
      64 ], 
  [ 1, 2, 3, 4, 5, 6, 8, 10, 13, 15, 17, 20, 23, 24, 26, 30, 31, 33, 37, 38, 
      39, 40, 41, 42, 43, 44, 46, 47, 49, 51, 58, 59, 61 ], 
  [ 1, 2, 3, 4, 5, 6, 8, 9, 10, 11, 13, 15, 16, 17, 18, 20, 24, 26, 27, 31, 
      33, 34, 37, 40, 43, 44, 47, 51, 54, 58, 59, 61 ], 
  [ 1, 2, 3, 4, 5, 6, 9, 10, 11, 12, 13, 16, 17, 18, 19, 20, 27, 34, 35, 36, 
      37, 39, 40, 42, 43, 50, 52, 53, 54, 55, 57, 59, 60, 61, 62, 64 ], 
  [ 1, 2, 3, 4, 7, 9, 11, 12, 13, 17, 19, 21, 22, 25, 27, 35, 38, 40, 42, 44, 
      45, 46, 50, 52, 53, 54, 55, 57, 59, 60, 61, 62, 64 ], 
  [ 1, 2, 3, 4, 5, 6, 7, 8, 9, 10, 11, 12, 13, 14, 15, 16, 17, 18, 19, 20, 
      21, 24, 27, 28, 31, 34, 35, 36, 37, 38, 39, 40, 41, 42, 43, 44, 47, 50, 
      51, 52, 53, 54, 55, 58, 59, 60, 61, 62 ], 
  [ 1, 2, 3, 4, 5, 6, 7, 8, 11, 12, 13, 14, 15, 18, 19, 20, 22, 25, 26, 29, 
      32, 33, 35, 36, 37, 38, 40, 41, 43, 45, 46, 48, 49, 50, 51, 52, 53, 56, 
      57, 58, 59, 60, 63, 64 ], 
  [ 1, 2, 3, 4, 5, 6, 7, 8, 9, 12, 13, 14, 15, 16, 19, 20, 22, 23, 25, 26, 
      27, 29, 30, 32, 33, 34, 37, 40, 43, 44, 45, 47, 48, 50, 51, 52, 53, 56, 
      57, 59, 62, 63 ], 
  [ 1, 2, 4, 6, 7, 9, 10, 11, 12, 13, 17, 19, 23, 29, 30, 31, 33, 36, 43, 44, 
      46, 51, 55, 56, 57 ], 
  [ 1, 2, 3, 4, 5, 6, 7, 8, 11, 12, 21, 23, 24, 27, 28, 34, 39, 43, 45, 46, 
      49, 52, 58, 60, 61, 62, 63 ], 
  [ 1, 2, 4, 6, 8, 11, 12, 13, 14, 18, 24, 28, 30, 31, 34, 39, 43, 44, 45, 
      48, 49, 52, 58, 61, 62 ], 
  [ 1, 2, 4, 5, 7, 8, 9, 15, 17, 19, 20, 23, 25, 27, 32, 33, 34, 37, 40, 41, 
      44, 45, 48, 54, 58, 60, 64 ], 
  [ 1, 3, 4, 5, 6, 7, 8, 9, 12, 14, 15, 17, 18, 19, 21, 24, 28, 29, 30, 31, 
      34, 39, 43, 45, 46, 49, 52, 58, 60, 61, 62, 63 ], 
  [ 1, 2, 3, 4, 7, 8, 9, 11, 13, 17, 19, 21, 22, 24, 25, 26, 27, 35, 38, 40, 
      42, 44, 45, 46, 50, 52, 53, 54, 55, 57, 59, 60, 61, 62, 64 ], 
  [ 1, 2, 3, 5, 6, 8, 9, 10, 11, 13, 14, 15, 17, 27, 31, 33, 34, 36, 37, 39, 
      43, 50, 51, 52, 54 ], 
  [ 1, 2, 3, 5, 6, 8, 9, 10, 11, 13, 14, 15, 17, 27, 31, 33, 34, 36, 37, 39, 
      43, 51, 52, 54, 58, 59, 61 ], 
  [ 1, 2, 3, 5, 6, 8, 9, 10, 11, 13, 14, 15, 17, 27, 31, 33, 34, 36, 37, 39, 
      43, 50, 52, 53, 54 ], 
  [ 1, 2, 3, 4, 6, 7, 8, 9, 14, 15, 19, 20, 22, 23, 27, 32, 33, 34, 37, 40, 
      41, 44, 45, 48, 50, 59, 62, 63 ], 
  [ 1, 2, 3, 4, 6, 7, 8, 9, 13, 14, 15, 16, 17, 18, 19, 20, 21, 22, 23, 24, 
      25, 26, 27, 32, 33, 34, 40, 41, 44, 45, 47, 48, 49, 50, 51, 52, 53, 54, 
      57, 59, 60, 62, 63, 64 ], 
  [ 1, 2, 3, 5, 6, 8, 9, 10, 11, 13, 14, 15, 17, 27, 31, 33, 34, 36, 37, 39, 
      43, 50, 52, 53, 55, 62 ], 
  [ 1, 2, 3, 5, 6, 8, 9, 10, 11, 13, 14, 15, 17, 27, 31, 33, 34, 36, 37, 39, 
      43, 50, 53, 55, 57, 62, 64 ], 
  [ 1, 2, 3, 4, 5, 6, 8, 12, 14, 15, 18, 21, 24, 27, 28, 30, 34, 35, 36, 37, 
      41, 44, 47, 50, 51, 53, 55, 58, 60, 62 ], 
  [ 1, 2, 3, 4, 6, 7, 8, 9, 14, 15, 19, 20, 22, 23, 27, 32, 33, 34, 37, 40, 
      41, 44, 45, 48, 50, 51, 53, 57, 59, 60, 63 ], 
  [ 1, 2, 3, 4, 5, 6, 8, 9, 10, 11, 13, 15, 16, 17, 18, 20, 24, 26, 27, 31, 
      33, 34, 35, 36, 37, 39, 40, 42, 43, 50, 52, 53, 54, 55, 57, 59, 60, 61, 
      62, 64 ], 
  [ 1, 2, 3, 4, 5, 6, 7, 8, 9, 12, 14, 15, 17, 18, 19, 21, 24, 28, 29, 30, 
      31, 34, 36, 43, 44, 51, 53, 54, 58, 61 ], 
  [ 1, 2, 3, 4, 6, 7, 8, 12, 14, 18, 19, 20, 22, 26, 27, 32, 33, 37, 40, 41, 
      44, 45, 48, 51, 58, 59, 60 ], 
  [ 1, 2, 4, 6, 9, 12, 13, 14, 15, 19, 24, 28, 31, 34, 36, 38, 41, 42, 43, 
      44, 48, 52, 58, 60, 62 ], 
  [ 1, 2, 4, 6, 7, 8, 9, 12, 13, 14, 19, 23, 29, 30, 33, 34, 36, 37, 43, 44, 
      45, 50, 51, 52, 55, 56 ], 
  [ 1, 2, 4, 6, 7, 8, 9, 12, 13, 14, 19, 23, 29, 30, 33, 34, 36, 37, 43, 44, 
      45, 52, 55, 56, 62 ], 
  [ 1, 2, 4, 6, 7, 8, 9, 12, 13, 14, 19, 23, 29, 30, 33, 34, 36, 37, 43, 44, 
      45, 51, 53, 54, 58, 64 ], 
  [ 1, 2, 3, 4, 6, 7, 8, 9, 11, 12, 17, 18, 19, 28, 29, 32, 33, 34, 36, 37, 
      38, 39, 44, 45, 49, 51, 52, 53, 54, 55, 56, 58, 61, 62, 63, 64 ], 
  [ 1, 2, 4, 6, 8, 9, 12, 13, 14, 19, 23, 29, 30, 33, 34, 36, 37, 43, 44, 45, 
      52, 55, 56, 62, 63 ], 
  [ 1, 2, 3, 4, 6, 7, 8, 12, 14, 18, 19, 20, 22, 26, 27, 32, 33, 40, 44, 47, 
      48, 51, 54, 58, 59, 60 ], 
  [ 1, 2, 3, 4, 5, 9, 11, 12, 13, 15, 16, 17, 18, 27, 31, 33, 34, 36, 37, 39, 
      40, 41, 42, 43, 47, 49, 50, 51, 52, 54, 59, 60, 61, 62, 64 ], 
  [ 1, 2, 3, 4, 6, 7, 8, 12, 14, 18, 19, 20, 22, 26, 27, 32, 33, 37, 40, 41, 
      44, 45, 48, 51, 54, 57, 58, 60, 64 ], 
  [ 1, 2, 3, 4, 6, 7, 8, 9, 10, 11, 13, 16, 17, 18, 19, 20, 27, 34, 38, 43, 
      44, 46, 51, 52, 54, 59, 60, 61 ], 
  [ 1, 2, 3, 4, 6, 7, 8, 10, 13, 15, 17, 23, 30, 31, 33, 38, 43, 44, 46, 51, 
      52, 54, 59, 60, 61 ], 
  [ 1, 2, 3, 4, 5, 7, 8, 9, 12, 14, 15, 16, 19, 20, 21, 24, 28, 31, 38, 39, 
      41, 42, 43, 45, 48, 51, 52, 55, 58, 60, 62 ], 
  [ 1, 2, 3, 4, 6, 7, 8, 11, 12, 13, 14, 18, 19, 22, 26, 29, 32, 33, 37, 43, 
      44, 45, 50, 52, 55, 56, 62 ], 
  [ 1, 2, 3, 4, 6, 7, 8, 9, 11, 13, 17, 18, 19, 21, 24, 26, 27, 34, 38, 42, 
      44, 45, 46, 49, 51, 52, 58, 59, 61 ], 
  [ 1, 2, 3, 4, 6, 7, 8, 9, 11, 12, 13, 14, 17, 18, 19, 26, 27, 32, 33, 34, 
      37, 38, 43, 44, 45, 46, 49, 50, 52, 53, 55, 56, 57, 62, 63, 64 ], 
  [ 1, 3, 4, 5, 6, 7, 8, 9, 12, 14, 15, 19, 21, 24, 28, 31, 34, 35, 37, 40, 
      47, 50, 53, 54, 56, 58, 60, 62 ], 
  [ 1, 2, 3, 4, 5, 9, 11, 13, 15, 16, 17, 26, 27, 31, 33, 36, 39, 42, 43, 49, 
      51, 52, 58, 59, 61 ], 
  [ 1, 2, 3, 4, 5, 6, 8, 9, 11, 12, 13, 14, 15, 17, 18, 24, 27, 28, 30, 31, 
      33, 34, 36, 37, 43, 44, 47, 50, 53, 54, 55, 56, 57, 62, 63, 64 ], 
  [ 1, 2, 3, 4, 6, 8, 11, 12, 13, 18, 19, 20, 21, 22, 26, 40, 44, 47, 50, 51, 
      52, 53, 56, 57, 59, 62, 63 ], 
  [ 1, 2, 3, 4, 5, 6, 8, 9, 11, 12, 13, 15, 16, 18, 19, 20, 21, 23, 24, 26, 
      27, 28, 30, 31, 33, 34, 35, 36, 37, 40, 43, 44, 47, 50, 51, 52, 53, 54, 
      55, 56, 57, 58, 59, 60, 61, 62, 63, 64 ], 
  [ 1, 2, 4, 6, 8, 11, 12, 13, 14, 18, 24, 28, 30, 31, 34, 39, 43, 44, 45, 
      48, 49, 50, 51, 55, 64 ], 
  [ 1, 2, 4, 6, 8, 11, 12, 13, 14, 18, 24, 28, 30, 31, 34, 39, 43, 44, 45, 
      48, 49, 52, 61, 62, 63 ], 
  [ 1, 2, 3, 4, 6, 7, 8, 9, 11, 12, 17, 23, 24, 28, 29, 32, 33, 34, 36, 37, 
      38, 39, 44, 45, 49, 51, 52, 53, 54, 55, 56, 58, 61, 62, 63, 64 ], 
  [ 1, 2, 3, 4, 6, 7, 8, 11, 12, 17, 18, 21, 23, 29, 33, 36, 38, 42, 44, 45, 
      49, 51, 53, 55, 56, 58, 61, 63 ], 
  [ 1, 2, 4, 5, 6, 7, 8, 11, 12, 14, 17, 18, 24, 28, 30, 31, 34, 36, 43, 44, 
      50, 54, 56, 57, 64 ], 
  [ 1, 2, 4, 5, 6, 7, 8, 11, 12, 14, 17, 18, 24, 28, 30, 31, 34, 36, 39, 43, 
      44, 50, 54, 55, 56, 64 ], 
  [ 1, 2, 3, 4, 5, 6, 8, 12, 14, 15, 18, 21, 24, 27, 28, 30, 34, 42, 43, 48, 
      49, 52, 58, 60, 62 ], 
  [ 1, 2, 3, 4, 5, 6, 8, 12, 14, 15, 18, 21, 24, 27, 28, 30, 34, 42, 43, 48, 
      49, 51, 52, 58, 60, 61 ], 
  [ 1, 2, 3, 4, 6, 7, 8, 9, 14, 15, 19, 20, 22, 23, 27, 32, 33, 34, 37, 40, 
      41, 44, 45, 48, 51, 54, 57, 58, 60, 64 ], 
  [ 1, 2, 3, 4, 5, 6, 7, 8, 9, 12, 14, 15, 17, 18, 19, 21, 24, 28, 29, 30, 
      31, 34, 36, 38, 39, 42, 43, 44, 45, 48, 49, 50, 51, 53, 54, 55, 56, 61, 
      63, 64 ], 
  [ 1, 2, 3, 4, 5, 6, 7, 8, 9, 12, 13, 16, 19, 22, 23, 28, 29, 30, 31, 34, 
      36, 43, 45, 46, 52, 55, 56, 62, 63 ], 
  [ 1, 3, 4, 6, 8, 9, 13, 14, 15, 17, 18, 24, 27, 33, 34, 36, 37, 38, 39, 42, 
      43, 50, 51, 52, 58, 61 ], 
  [ 1, 2, 4, 6, 8, 11, 12, 13, 14, 18, 24, 28, 30, 31, 34, 39, 43, 44, 45, 
      48, 49, 51, 52, 53, 55, 63, 64 ], 
  [ 1, 2, 4, 6, 8, 11, 12, 13, 14, 18, 24, 28, 30, 31, 34, 39, 43, 44, 45, 
      48, 49, 52, 55, 62, 63 ], 
  [ 1, 2, 3, 4, 6, 7, 8, 9, 17, 18, 19, 21, 24, 29, 30, 34, 36, 38, 42, 44, 
      45, 49, 51, 53, 55, 56, 58, 61, 63 ], 
  [ 1, 2, 3, 4, 7, 8, 9, 13, 16, 17, 19, 21, 22, 24, 25, 35, 38, 40, 42, 44, 
      45, 46, 50, 52, 53, 54, 55, 57, 59, 60, 61, 62, 64 ], 
  [ 1, 3, 4, 5, 6, 7, 8, 9, 12, 14, 15, 17, 18, 19, 21, 24, 28, 29, 30, 31, 
      34, 39, 43, 45, 46, 49, 50, 51, 55, 64 ], 
  [ 1, 2, 3, 4, 6, 7, 8, 9, 12, 17, 18, 19, 21, 24, 29, 34, 36, 38, 42, 44, 
      45, 49, 51, 53, 55, 56, 58, 61, 63 ], 
  [ 1, 2, 3, 5, 6, 8, 9, 10, 11, 13, 14, 15, 17, 27, 31, 33, 34, 37, 43, 47, 
      51, 54, 58, 59, 61 ], 
  [ 1, 2, 3, 4, 5, 6, 7, 8, 9, 12, 14, 15, 17, 18, 19, 21, 24, 28, 29, 30, 
      31, 34, 36, 43, 44, 50, 54, 56, 57, 64 ], 
  [ 1, 2, 3, 4, 6, 7, 8, 9, 10, 11, 13, 16, 17, 18, 19, 20, 21, 24, 25, 26, 
      27, 34, 35, 43, 52, 53, 54, 58, 59, 61 ], 
  [ 1, 2, 3, 4, 7, 8, 9, 12, 14, 17, 19, 24, 28, 29, 31, 34, 39, 43, 45, 46, 
      50, 54, 56, 57, 64 ], 
  [ 1, 2, 3, 4, 7, 8, 9, 12, 14, 17, 19, 24, 28, 29, 31, 34, 39, 43, 45, 46, 
      49, 50, 51, 53, 54, 55, 56, 64 ], 
  [ 1, 2, 3, 4, 7, 8, 9, 14, 15, 16, 17, 19, 28, 29, 31, 36, 38, 39, 43, 44, 
      45, 51, 52, 53, 55, 58, 62 ], 
  [ 1, 2, 4, 6, 7, 8, 9, 12, 13, 14, 19, 23, 29, 30, 33, 34, 36, 37, 43, 44, 
      45, 50, 51, 56, 57 ], 
  [ 1, 2, 4, 6, 7, 8, 9, 12, 13, 14, 19, 23, 29, 30, 33, 34, 36, 37, 43, 44, 
      45, 51, 52, 53, 56 ], 
  [ 1, 2, 3, 4, 5, 6, 7, 8, 9, 12, 13, 14, 15, 16, 19, 20, 22, 23, 25, 26, 
      27, 29, 30, 32, 33, 34, 35, 36, 37, 38, 40, 41, 43, 45, 46, 48, 49, 50, 
      51, 52, 53, 56, 57, 58, 59, 60, 63, 64 ], 
  [ 1, 2, 3, 4, 5, 6, 8, 9, 12, 13, 14, 15, 27, 30, 33, 34, 36, 37, 38, 41, 
      43, 48, 49, 51, 58, 60, 61, 64 ], 
  [ 1, 2, 3, 4, 6, 7, 8, 11, 12, 23, 26, 29, 32, 33, 36, 37, 38, 45, 49, 51, 
      52, 53, 56, 58, 63, 64 ], 
  [ 1, 2, 4, 6, 7, 8, 9, 12, 13, 14, 19, 23, 29, 30, 33, 34, 36, 37, 43, 44, 
      45, 51, 52, 53, 58 ], 
  [ 1, 2, 4, 6, 7, 8, 9, 12, 13, 14, 19, 23, 29, 30, 33, 34, 36, 37, 43, 44, 
      45, 51, 53, 54, 56, 57, 64 ], 
  [ 1, 2, 4, 6, 8, 9, 12, 13, 14, 19, 23, 29, 30, 33, 34, 36, 37, 43, 44, 45, 
      50, 51, 56, 57, 64 ], 
  [ 1, 2, 4, 6, 7, 8, 9, 12, 13, 14, 19, 23, 29, 30, 33, 34, 37, 43, 44, 45, 
      51, 52, 53, 58, 59 ], 
  [ 1, 2, 3, 4, 5, 6, 8, 9, 12, 13, 14, 15, 27, 30, 33, 34, 37, 43, 44, 47, 
      48, 50, 51, 53, 54, 57, 63, 64 ], 
  [ 1, 2, 3, 6, 7, 8, 9, 10, 11, 13, 14, 15, 16, 17, 18, 28, 31, 32, 33, 34, 
      36, 37, 39, 43, 52, 53, 55, 59, 62 ], 
  [ 1, 2, 3, 4, 6, 8, 9, 12, 13, 14, 15, 19, 23, 27, 29, 30, 33, 34, 37, 43, 
      44, 45, 48, 50, 51, 53, 56, 57, 63, 64 ], 
  [ 1, 2, 4, 5, 6, 7, 8, 11, 12, 13, 14, 15, 18, 19, 21, 23, 24, 27, 28, 30, 
      31, 34, 35, 36, 43, 44, 47, 51, 53, 54, 58, 61 ], 
  [ 1, 2, 3, 4, 5, 6, 7, 8, 11, 12, 13, 19, 22, 23, 26, 28, 29, 30, 33, 34, 
      36, 43, 45, 46, 50, 51, 56, 57, 64 ], 
  [ 1, 3, 4, 5, 8, 9, 12, 14, 15, 17, 27, 30, 32, 33, 34, 36, 38, 39, 43, 46, 
      49, 51, 52, 58, 59, 60 ], 
  [ 1, 2, 3, 4, 6, 7, 8, 9, 10, 11, 13, 17, 24, 26, 27, 34, 35, 36, 37, 39, 
      43, 50, 52, 53, 54, 55, 57 ], 
  [ 1, 2, 3, 4, 6, 7, 8, 9, 10, 11, 13, 17, 24, 26, 27, 34, 35, 36, 37, 39, 
      43, 53, 55, 56, 57, 62, 64 ], 
  [ 1, 2, 4, 5, 6, 7, 8, 9, 12, 14, 17, 23, 26, 27, 32, 33, 35, 36, 37, 43, 
      49, 50, 51, 52, 53, 56, 57 ], 
  [ 1, 2, 3, 4, 5, 6, 7, 8, 9, 12, 19, 21, 24, 28, 31, 34, 35, 36, 38, 39, 
      42, 55, 58, 60, 61, 62, 63 ], 
  [ 1, 2, 3, 4, 5, 6, 7, 8, 9, 13, 14, 15, 16, 20, 23, 24, 27, 30, 31, 34, 
      38, 41, 43, 45, 46, 48, 49, 51, 52, 58, 59, 60 ], 
  [ 1, 2, 3, 4, 6, 8, 9, 13, 14, 15, 17, 18, 24, 27, 33, 34, 35, 36, 37, 42, 
      43, 50, 53, 54, 57, 61, 64 ], 
  [ 1, 2, 3, 4, 5, 7, 8, 9, 15, 17, 19, 21, 22, 24, 29, 30, 31, 43, 45, 49, 
      51, 52, 53, 55, 58, 62, 63 ], 
  [ 1, 2, 3, 4, 6, 8, 9, 12, 14, 15, 18, 19, 28, 34, 37, 38, 41, 44, 48, 51, 
      52, 55, 58, 60, 62 ], 
  [ 1, 2, 3, 4, 6, 8, 9, 12, 14, 15, 18, 19, 28, 29, 30, 34, 36, 37, 38, 44, 
      48, 50, 51, 53, 54, 56, 61, 63, 64 ], 
  [ 1, 2, 3, 4, 6, 8, 9, 12, 14, 15, 18, 24, 28, 30, 34, 36, 37, 38, 41, 42, 
      44, 48, 51, 52, 55, 58, 60, 62 ], 
  [ 1, 2, 3, 4, 6, 8, 9, 12, 13, 14, 15, 18, 19, 28, 34, 37, 38, 41, 44, 47, 
      48, 50, 51, 52, 53, 55, 60, 62, 63 ], 
  [ 1, 2, 3, 4, 6, 8, 9, 12, 13, 14, 15, 18, 19, 28, 34, 37, 38, 41, 44, 47, 
      48, 51, 52, 58, 59, 60, 62 ], 
  [ 1, 2, 3, 4, 5, 6, 7, 8, 9, 13, 14, 15, 16, 20, 23, 24, 27, 30, 31, 34, 
      37, 40, 43, 44, 47, 50, 53, 56, 57, 62, 63 ], 
  [ 1, 2, 4, 5, 6, 7, 8, 9, 15, 16, 19, 20, 24, 27, 34, 40, 41, 44, 47, 50, 
      51, 53, 54, 60, 62, 63 ], 
  [ 1, 2, 3, 4, 6, 7, 8, 9, 14, 15, 19, 20, 22, 23, 27, 32, 33, 34, 37, 40, 
      41, 44, 45, 48, 51, 58, 59, 60 ], 
  [ 1, 2, 3, 4, 5, 6, 8, 9, 12, 15, 18, 19, 21, 24, 34, 36, 38, 42, 43, 44, 
      50, 51, 53, 55, 60, 61, 63 ], 
  [ 1, 2, 3, 4, 5, 6, 8, 12, 14, 15, 18, 21, 24, 27, 30, 34, 42, 43, 49, 50, 
      53, 55, 56, 63, 64 ], 
  [ 1, 2, 3, 4, 7, 8, 9, 13, 16, 17, 19, 24, 25, 26, 27, 34, 38, 40, 44, 45, 
      46, 50, 52, 53, 54, 57, 59, 60, 62, 64 ], 
  [ 1, 2, 3, 4, 5, 6, 8, 12, 14, 15, 18, 21, 24, 27, 28, 30, 34, 42, 43, 48, 
      49, 50, 51, 53, 55, 61, 63, 64 ], 
  [ 1, 2, 3, 4, 5, 6, 7, 8, 9, 12, 14, 15, 17, 18, 19, 20, 27, 32, 33, 34, 
      37, 43, 44, 50, 53, 56, 57, 62, 63 ], 
  [ 1, 2, 3, 4, 5, 6, 8, 9, 12, 14, 15, 17, 18, 24, 27, 30, 33, 34, 36, 42, 
      43, 49, 50, 53, 55, 56, 63, 64 ], 
  [ 1, 2, 3, 4, 5, 6, 8, 9, 12, 15, 18, 19, 20, 21, 23, 24, 27, 30, 33, 34, 
      35, 36, 42, 43, 49, 50, 51, 52, 53, 55, 56, 58, 60, 61, 63, 64 ], 
  [ 1, 2, 3, 6, 8, 9, 10, 11, 13, 14, 15, 17, 27, 31, 33, 34, 36, 37, 39, 43, 
      52, 53, 55, 59, 62 ], 
  [ 1, 2, 3, 5, 6, 8, 9, 10, 11, 13, 14, 15, 17, 27, 31, 33, 34, 37, 43, 47, 
      50, 53, 54, 57, 62, 64 ], 
  [ 1, 2, 4, 5, 6, 8, 9, 10, 13, 15, 16, 17, 24, 27, 31, 34, 37, 38, 39, 40, 
      41, 42, 43, 50, 52, 53, 54, 60, 62, 64 ], 
  [ 1, 2, 4, 5, 7, 8, 9, 10, 12, 13, 14, 16, 26, 30, 32, 33, 34, 35, 36, 40, 
      49, 50, 52, 56, 57 ], 
  [ 1, 2, 4, 5, 7, 8, 9, 10, 12, 13, 14, 16, 26, 30, 32, 33, 34, 35, 36, 40, 
      49, 52, 56, 59, 62, 63 ], 
  [ 1, 2, 4, 6, 7, 8, 12, 14, 18, 19, 21, 23, 24, 29, 30, 34, 35, 44, 47, 48, 
      54, 56, 57, 63, 64 ], 
  [ 1, 2, 4, 5, 7, 8, 9, 10, 12, 13, 14, 16, 26, 30, 32, 33, 34, 35, 36, 40, 
      49, 50, 51, 52, 57 ], 
  [ 1, 2, 4, 5, 7, 8, 9, 10, 12, 13, 14, 16, 26, 30, 32, 33, 34, 35, 36, 40, 
      49, 51, 52, 53, 57, 58, 59, 64 ], 
  [ 1, 2, 4, 6, 7, 8, 12, 14, 18, 19, 21, 23, 24, 29, 30, 34, 35, 44, 47, 48, 
      50, 51, 55, 56, 62 ], 
  [ 1, 2, 3, 4, 5, 6, 7, 8, 9, 15, 16, 19, 22, 29, 30, 32, 37, 44, 47, 51, 
      53, 54, 56, 57, 58, 59, 62, 63 ], 
  [ 1, 2, 3, 4, 5, 6, 8, 9, 10, 11, 16, 19, 23, 25, 26, 31, 33, 34, 37, 44, 
      45, 46, 47, 50, 51, 57, 62, 64 ], 
  [ 1, 2, 3, 5, 6, 7, 8, 11, 12, 14, 20, 26, 27, 29, 32, 33, 37, 43, 44, 47, 
      48, 50, 51, 52, 53, 59, 62 ], 
  [ 1, 2, 3, 4, 7, 8, 9, 12, 14, 17, 19, 20, 21, 22, 24, 27, 42, 43, 45, 46, 
      49, 50, 51, 53, 54, 61, 64 ], 
  [ 1, 2, 3, 5, 6, 7, 8, 11, 12, 14, 15, 18, 20, 29, 32, 33, 37, 43, 44, 47, 
      48, 54, 58, 60, 61, 64 ], 
  [ 1, 2, 3, 4, 5, 6, 7, 8, 9, 13, 16, 23, 30, 31, 34, 37, 40, 47, 51, 53, 
      56, 57, 58, 59, 63 ], 
  [ 1, 2, 3, 4, 5, 6, 7, 8, 9, 13, 16, 23, 30, 31, 34, 37, 40, 47, 50, 51, 
      52, 53, 56, 57, 59, 62, 63 ], 
  [ 1, 2, 3, 4, 5, 6, 7, 8, 9, 13, 16, 23, 30, 31, 34, 35, 36, 37, 38, 40, 
      50, 51, 52, 53, 56, 57, 58, 59, 60, 63, 64 ], 
  [ 1, 2, 3, 4, 6, 8, 9, 11, 12, 17, 18, 24, 28, 33, 34, 36, 37, 44, 51, 52, 
      53, 54, 55, 58, 61, 62 ], 
  [ 1, 2, 3, 4, 6, 8, 11, 12, 13, 14, 18, 27, 28, 33, 34, 38, 43, 44, 45, 48, 
      49, 50, 51, 52, 53, 55, 63, 64 ], 
  [ 1, 2, 3, 6, 8, 11, 12, 13, 18, 27, 28, 33, 34, 38, 43, 44, 45, 48, 50, 
      51, 52, 53, 60, 63, 64 ], 
  [ 1, 2, 3, 4, 5, 6, 8, 9, 11, 12, 13, 15, 16, 18, 19, 20, 27, 34, 35, 36, 
      39, 42, 43, 50, 52, 53, 55, 60, 61, 64 ], 
  [ 1, 2, 3, 4, 6, 8, 9, 13, 14, 15, 17, 18, 24, 27, 33, 34, 35, 36, 37, 42, 
      43, 50, 53, 55, 56, 57, 64 ], 
  [ 1, 3, 4, 5, 6, 7, 8, 9, 12, 14, 15, 17, 18, 19, 21, 24, 28, 29, 30, 31, 
      34, 39, 43, 45, 46, 49, 51, 52, 53, 55, 61, 63, 64 ], 
  [ 1, 2, 3, 4, 6, 8, 9, 11, 12, 17, 18, 24, 28, 33, 34, 36, 37, 44, 53, 54, 
      55, 56, 58, 61, 62 ], 
  [ 1, 3, 4, 5, 8, 9, 12, 13, 14, 15, 16, 26, 27, 30, 32, 33, 34, 37, 43, 44, 
      47, 51, 53, 54, 57, 59, 62, 63 ], 
  [ 1, 2, 4, 5, 6, 7, 8, 9, 15, 16, 19, 20, 23, 24, 27, 34, 40, 44, 47, 50, 
      53, 56, 57, 62, 63 ], 
  [ 1, 2, 3, 4, 6, 8, 9, 11, 12, 17, 18, 24, 28, 33, 34, 35, 36, 37, 53, 54, 
      55, 56, 58, 61, 62 ], 
  [ 1, 2, 3, 4, 5, 8, 9, 12, 14, 15, 17, 27, 30, 32, 33, 34, 37, 43, 44, 47, 
      48, 50, 51, 53, 54, 57, 62, 63 ], 
  [ 1, 2, 3, 4, 6, 8, 9, 16, 18, 19, 20, 21, 23, 24, 25, 26, 33, 34, 43, 44, 
      52, 53, 54, 57, 59, 62, 64 ], 
  [ 1, 2, 3, 5, 9, 11, 12, 13, 15, 27, 28, 30, 31, 32, 33, 36, 43, 47, 52, 
      53, 54, 57, 59, 62, 64 ], 
  [ 1, 2, 3, 4, 5, 6, 8, 9, 10, 11, 16, 18, 19, 20, 21, 23, 24, 25, 26, 31, 
      33, 34, 35, 36, 43, 52, 53, 54, 55, 56, 57, 58, 59, 61, 62, 64 ], 
  [ 1, 2, 3, 4, 5, 8, 9, 12, 13, 14, 15, 16, 27, 30, 31, 34, 36, 37, 40, 43, 
      47, 50, 53, 56, 57, 62, 63 ], 
  [ 1, 2, 3, 4, 9, 13, 14, 15, 18, 19, 21, 23, 24, 27, 29, 32, 33, 35, 43, 
      44, 49, 50, 51, 52, 53, 56, 57, 58, 64 ], 
  [ 1, 2, 3, 4, 6, 8, 9, 12, 14, 17, 18, 24, 28, 29, 30, 33, 34, 35, 37, 41, 
      42, 47, 48, 50, 51, 53, 54, 55, 56, 58, 60, 61, 62, 63 ], 
  [ 1, 2, 3, 4, 5, 8, 9, 12, 15, 16, 19, 20, 23, 25, 26, 27, 30, 32, 33, 34, 
      43, 44, 47, 51, 53, 54, 57, 59, 62, 63 ], 
  [ 1, 2, 4, 5, 6, 7, 8, 11, 12, 14, 17, 18, 24, 28, 30, 31, 34, 36, 39, 43, 
      44, 50, 51, 54, 55 ], 
  [ 1, 2, 3, 4, 7, 8, 9, 15, 17, 19, 21, 24, 29, 30, 31, 36, 38, 42, 44, 45, 
      51, 53, 55, 56, 58, 61, 63 ], 
  [ 1, 2, 3, 4, 5, 8, 9, 12, 13, 16, 26, 30, 32, 33, 34, 37, 43, 45, 46, 50, 
      52, 56, 57, 62, 63 ], 
  [ 1, 2, 4, 5, 6, 7, 8, 11, 12, 14, 17, 18, 24, 28, 30, 31, 34, 36, 39, 43, 
      44, 53, 54, 55, 56, 63, 64 ], 
  [ 1, 2, 4, 5, 6, 7, 8, 11, 12, 14, 17, 18, 24, 28, 30, 31, 34, 36, 39, 43, 
      44, 51, 53, 54, 55 ], 
  [ 1, 2, 4, 5, 6, 7, 8, 11, 12, 14, 17, 18, 24, 28, 30, 31, 34, 36, 39, 43, 
      44, 51, 53, 54, 61 ], 
  [ 1, 2, 4, 5, 6, 7, 8, 11, 12, 14, 17, 18, 24, 28, 30, 31, 34, 36, 39, 43, 
      44, 51, 52, 53, 55, 62 ], 
  [ 1, 2, 4, 5, 6, 7, 8, 11, 12, 14, 17, 18, 24, 28, 30, 31, 34, 36, 43, 44, 
      51, 53, 54, 58, 61 ], 
  [ 1, 2, 3, 4, 5, 8, 9, 12, 15, 17, 18, 19, 28, 31, 36, 39, 43, 44, 51, 53, 
      54, 55, 61, 62, 63 ], 
  [ 1, 2, 3, 4, 5, 6, 7, 8, 9, 12, 13, 16, 19, 25, 26, 32, 33, 34, 37, 43, 
      45, 46, 50, 52, 56, 57, 62, 63 ], 
  [ 1, 2, 3, 4, 5, 8, 9, 12, 13, 14, 15, 16, 26, 27, 30, 32, 33, 34, 36, 37, 
      40, 43, 50, 52, 53, 56, 57, 59, 62, 63 ], 
  [ 1, 2, 3, 4, 5, 7, 8, 9, 12, 17, 19, 24, 31, 34, 36, 38, 39, 44, 51, 53, 
      54, 55, 61, 62, 63 ], 
  [ 1, 2, 3, 4, 7, 8, 9, 12, 17, 19, 24, 28, 29, 31, 34, 36, 38, 39, 44, 45, 
      51, 53, 54, 55, 56, 58, 61, 62, 63 ], 
  [ 1, 2, 3, 4, 5, 6, 7, 8, 11, 12, 13, 19, 26, 33, 34, 36, 37, 38, 43, 45, 
      46, 50, 51, 52, 53, 56, 57, 63, 64 ], 
  [ 1, 2, 3, 4, 7, 8, 9, 13, 16, 23, 30, 31, 32, 34, 35, 36, 37, 38, 52, 53, 
      56, 57, 58, 59, 64 ], 
  [ 1, 2, 3, 4, 5, 6, 8, 9, 12, 13, 14, 15, 27, 30, 33, 34, 36, 43, 49, 50, 
      52, 53, 55, 56, 63, 64 ], 
  [ 1, 2, 3, 4, 5, 6, 7, 8, 9, 13, 14, 15, 16, 20, 23, 24, 27, 30, 31, 34, 
      38, 41, 43, 45, 46, 48, 49, 50, 52, 55, 62, 63 ], 
  [ 1, 2, 3, 4, 5, 8, 9, 12, 13, 14, 15, 16, 28, 31, 36, 38, 39, 41, 43, 47, 
      48, 51, 52, 58, 59, 60, 62 ], 
  [ 1, 2, 3, 4, 5, 8, 9, 12, 14, 15, 17, 27, 30, 32, 33, 34, 37, 43, 44, 47, 
      48, 51, 54, 58, 59, 60 ], 
  [ 1, 2, 3, 4, 5, 8, 9, 12, 14, 15, 17, 27, 30, 33, 34, 37, 43, 44, 47, 48, 
      51, 54, 58, 60, 61 ], 
  [ 1, 2, 3, 4, 5, 8, 9, 12, 14, 15, 17, 27, 30, 32, 33, 34, 37, 43, 44, 47, 
      48, 54, 60, 63, 64 ], 
  [ 1, 2, 3, 4, 7, 8, 9, 11, 12, 13, 19, 21, 22, 27, 35, 38, 42, 45, 46, 50, 
      52, 53, 55, 60, 61, 64 ], 
  [ 1, 2, 3, 4, 5, 8, 9, 12, 14, 15, 17, 27, 30, 32, 33, 34, 37, 43, 44, 47, 
      48, 54, 57, 63, 64 ], 
  [ 1, 2, 3, 4, 5, 8, 9, 12, 14, 15, 17, 27, 30, 33, 34, 37, 43, 44, 47, 48, 
      50, 54, 57, 63, 64 ], 
  [ 1, 2, 3, 4, 5, 8, 9, 12, 14, 15, 17, 27, 30, 32, 33, 34, 37, 43, 44, 50, 
      53, 56, 57, 62, 63 ], 
  [ 1, 2, 3, 4, 5, 8, 9, 12, 14, 15, 17, 27, 30, 32, 33, 34, 36, 37, 43, 50, 
      53, 56, 57, 62, 63 ], 
  [ 1, 2, 3, 4, 5, 6, 7, 8, 9, 10, 11, 12, 13, 16, 19, 25, 26, 32, 33, 34, 
      35, 36, 52, 53, 56, 57, 58, 59, 64 ], 
  [ 1, 5, 7, 8, 9, 10, 12, 14, 15, 16, 25, 26, 27, 30, 32, 33, 34, 38, 41, 
      46, 48, 49, 50, 51, 52, 53, 57, 59, 60, 63, 64 ], 
  [ 1, 2, 3, 4, 5, 6, 8, 11, 12, 13, 15, 18, 19, 33, 34, 36, 37, 38, 43, 50, 
      51, 52, 53, 60, 63, 64 ], 
  [ 1, 2, 3, 4, 7, 8, 9, 11, 12, 13, 19, 26, 32, 34, 37, 38, 45, 46, 52, 53, 
      56, 57, 58, 59, 64 ], 
  [ 1, 2, 3, 4, 7, 8, 9, 11, 12, 13, 19, 26, 32, 34, 37, 38, 45, 46, 51, 52, 
      53, 54, 57, 58, 59, 64 ], 
  [ 1, 2, 3, 4, 5, 6, 7, 8, 9, 14, 15, 17, 24, 30, 31, 34, 38, 43, 44, 45, 
      48, 49, 50, 51, 52, 53, 55, 62, 63 ], 
  [ 1, 2, 3, 4, 5, 7, 8, 9, 12, 13, 14, 16, 23, 27, 29, 30, 31, 34, 36, 38, 
      43, 45, 46, 48, 50, 51, 53, 56, 57, 63, 64 ], 
  [ 1, 2, 3, 4, 7, 8, 9, 12, 19, 28, 29, 31, 34, 36, 38, 39, 45, 51, 52, 53, 
      55, 56, 58, 62, 63 ], 
  [ 1, 2, 3, 4, 7, 8, 9, 15, 16, 19, 29, 30, 32, 36, 37, 38, 45, 51, 52, 53, 
      56, 58, 59, 62, 63 ], 
  [ 1, 2, 3, 4, 7, 8, 9, 12, 16, 19, 28, 29, 31, 36, 38, 39, 45, 51, 52, 53, 
      55, 56, 58, 62, 63 ], 
  [ 1, 2, 3, 4, 5, 7, 8, 9, 12, 13, 14, 16, 23, 27, 29, 30, 31, 34, 36, 38, 
      43, 45, 46, 48, 50, 52, 55, 56, 62, 63 ], 
  [ 1, 2, 3, 4, 5, 6, 8, 11, 12, 13, 19, 26, 33, 34, 36, 37, 38, 43, 50, 51, 
      52, 53, 60, 63, 64 ], 
  [ 1, 2, 3, 4, 6, 8, 9, 12, 13, 14, 15, 27, 30, 33, 34, 37, 43, 44, 50, 52, 
      53, 55, 56, 62, 63 ], 
  [ 1, 2, 3, 4, 5, 6, 8, 9, 12, 13, 14, 15, 27, 30, 33, 34, 35, 36, 37, 40, 
      41, 50, 51, 53, 54, 57, 58, 60, 61, 64 ], 
  [ 1, 2, 3, 4, 6, 8, 9, 12, 13, 14, 15, 18, 19, 27, 33, 34, 37, 43, 44, 50, 
      52, 53, 55, 56, 62, 63 ], 
  [ 1, 2, 3, 4, 5, 6, 8, 11, 12, 13, 26, 27, 33, 34, 36, 37, 38, 43, 50, 51, 
      52, 53, 60, 63, 64 ], 
  [ 1, 2, 3, 4, 5, 8, 9, 12, 13, 14, 15, 16, 27, 31, 34, 36, 38, 39, 41, 43, 
      50, 51, 53, 54, 60, 61, 64 ], 
  [ 1, 2, 3, 4, 6, 8, 9, 12, 13, 14, 15, 18, 19, 27, 33, 34, 37, 43, 44, 50, 
      53, 56, 57, 62, 63 ], 
  [ 1, 2, 4, 5, 6, 7, 8, 9, 12, 14, 15, 19, 24, 30, 31, 34, 35, 36, 38, 41, 
      42, 48, 50, 51, 53, 54, 56, 61, 63, 64 ], 
  [ 1, 2, 3, 4, 6, 8, 9, 12, 13, 14, 15, 18, 19, 27, 33, 34, 37, 43, 44, 50, 
      53, 56, 57, 63, 64 ], 
  [ 1, 2, 3, 4, 6, 8, 9, 12, 13, 14, 15, 18, 19, 27, 33, 34, 37, 40, 44, 47, 
      50, 53, 56, 57, 62, 63 ], 
  [ 1, 2, 3, 4, 6, 8, 9, 13, 14, 15, 18, 19, 21, 23, 24, 27, 33, 34, 40, 44, 
      47, 50, 53, 56, 57, 62, 63 ], 
  [ 1, 2, 3, 4, 6, 8, 9, 13, 14, 15, 18, 24, 27, 33, 34, 37, 40, 44, 47, 50, 
      53, 56, 57, 62, 63 ], 
  [ 1, 2, 3, 4, 6, 7, 8, 10, 13, 15, 16, 17, 18, 31, 33, 34, 35, 36, 37, 39, 
      43, 52, 53, 55, 59, 62 ], 
  [ 1, 2, 4, 6, 8, 9, 12, 13, 14, 15, 18, 19, 24, 28, 30, 31, 34, 35, 36, 37, 
      44, 47, 51, 53, 54, 58, 61 ], 
  [ 1, 2, 4, 5, 6, 7, 8, 9, 12, 14, 17, 23, 26, 27, 32, 33, 35, 36, 37, 43, 
      49, 51, 52, 53, 58, 59 ], 
  [ 1, 2, 3, 4, 6, 7, 8, 9, 11, 13, 17, 18, 19, 21, 24, 26, 27, 34, 38, 42, 
      44, 45, 46, 49, 50, 52, 55, 62, 64 ], 
  [ 1, 2, 3, 4, 5, 7, 8, 9, 12, 14, 15, 16, 19, 20, 25, 27, 32, 34, 37, 38, 
      40, 41, 43, 45, 48, 51, 54, 57, 58, 60, 64 ], 
  [ 1, 2, 3, 4, 6, 7, 8, 12, 14, 18, 19, 20, 22, 26, 27, 32, 33, 37, 43, 44, 
      45, 50, 51, 52, 53, 59 ], 
  [ 1, 2, 3, 4, 5, 6, 7, 8, 14, 20, 23, 26, 27, 32, 33, 37, 40, 41, 48, 51, 
      54, 57, 58, 60, 64 ], 
  [ 1, 2, 3, 4, 6, 7, 8, 9, 12, 14, 19, 20, 22, 27, 32, 37, 40, 41, 44, 45, 
      48, 51, 58, 59, 60 ], 
  [ 1, 2, 3, 8, 9, 14, 16, 21, 22, 24, 25, 27, 28, 32, 38, 40, 41, 42, 43, 
      44, 46, 50, 58, 59, 61 ], 
  [ 1, 2, 3, 4, 5, 6, 8, 11, 12, 14, 18, 21, 27, 28, 36, 38, 41, 42, 43, 44, 
      48, 51, 58, 60, 61 ], 
  [ 1, 2, 3, 6, 7, 8, 10, 14, 20, 24, 26, 27, 28, 30, 31, 32, 33, 36, 37, 39, 
      40, 41, 42, 50, 58, 59, 61 ], 
  [ 1, 2, 3, 4, 5, 6, 7, 8, 12, 14, 20, 26, 27, 32, 33, 37, 40, 41, 48, 51, 
      54, 57, 58, 60, 64 ], 
  [ 1, 2, 3, 4, 5, 7, 8, 11, 13, 15, 19, 22, 26, 29, 30, 33, 36, 43, 45, 46, 
      50, 51, 56, 57, 64 ], 
  [ 1, 2, 3, 4, 5, 6, 7, 8, 11, 12, 14, 18, 20, 26, 32, 33, 37, 40, 41, 48, 
      51, 54, 57, 58, 60, 64 ], 
  [ 1, 2, 3, 4, 5, 7, 8, 9, 14, 15, 16, 20, 23, 25, 27, 30, 32, 34, 37, 38, 
      40, 41, 43, 45, 48, 51, 54, 57, 58, 60, 64 ], 
  [ 1, 2, 3, 4, 6, 7, 8, 12, 14, 18, 19, 20, 22, 26, 27, 32, 33, 37, 43, 44, 
      45, 50, 51, 53, 57 ], 
  [ 1, 2, 3, 4, 7, 8, 10, 12, 14, 16, 19, 22, 24, 27, 28, 31, 39, 43, 45, 46, 
      51, 53, 54, 58, 61 ], 
  [ 1, 2, 3, 4, 6, 7, 9, 14, 15, 16, 20, 23, 24, 30, 32, 34, 37, 43, 44, 50, 
      53, 56, 57, 62, 63 ], 
  [ 1, 2, 3, 4, 5, 6, 7, 8, 11, 12, 14, 17, 18, 20, 26, 27, 32, 33, 37, 43, 
      44, 50, 53, 56, 57, 62, 63 ], 
  [ 1, 2, 3, 4, 5, 6, 7, 8, 12, 14, 15, 18, 19, 20, 32, 33, 37, 40, 41, 48, 
      51, 54, 57, 58, 60, 64 ], 
  [ 1, 2, 3, 4, 5, 7, 8, 11, 13, 15, 19, 22, 26, 29, 30, 33, 36, 43, 45, 46, 
      52, 55, 56, 62, 63 ], 
  [ 1, 2, 3, 4, 5, 6, 7, 8, 9, 13, 16, 23, 30, 31, 34, 37, 43, 45, 46, 50, 
      52, 56, 57, 62, 63 ], 
  [ 1, 2, 3, 4, 5, 6, 7, 8, 11, 12, 13, 14, 15, 18, 19, 29, 32, 33, 36, 37, 
      43, 51, 53, 54, 57, 58, 64 ], 
  [ 1, 2, 3, 4, 5, 6, 7, 8, 9, 13, 16, 23, 30, 31, 34, 37, 43, 44, 45, 47, 
      50, 51, 52, 53, 56, 57, 62, 63 ], 
  [ 1, 2, 3, 4, 7, 8, 10, 14, 15, 16, 17, 19, 22, 28, 29, 31, 39, 43, 45, 46, 
      51, 53, 54, 58, 61 ], 
  [ 1, 2, 3, 7, 8, 9, 11, 13, 14, 16, 17, 18, 19, 28, 32, 34, 36, 37, 39, 43, 
      52, 53, 55, 59, 62 ], 
  [ 1, 2, 3, 4, 7, 8, 9, 12, 14, 17, 19, 24, 28, 29, 31, 34, 39, 43, 45, 46, 
      49, 51, 52, 53, 58, 61 ], 
  [ 1, 2, 3, 4, 7, 8, 9, 12, 13, 14, 16, 19, 29, 32, 34, 36, 37, 38, 43, 45, 
      46, 51, 53, 54, 57, 58, 64 ], 
  [ 1, 2, 3, 4, 7, 8, 9, 12, 14, 17, 19, 24, 28, 29, 31, 34, 39, 43, 45, 46, 
      49, 51, 52, 53, 55 ], 
  [ 1, 2, 3, 4, 7, 8, 9, 12, 14, 17, 19, 24, 31, 34, 39, 43, 45, 46, 49, 50, 
      53, 55, 56, 63, 64 ], 
  [ 1, 2, 3, 4, 5, 6, 7, 8, 9, 12, 13, 14, 24, 27, 28, 31, 34, 36, 38, 39, 
      43, 50, 51, 53, 54, 61, 64 ], 
  [ 1, 2, 3, 4, 5, 6, 7, 8, 9, 12, 13, 14, 15, 16, 19, 28, 31, 34, 36, 38, 
      39, 43, 50, 51, 53, 54, 61, 64 ], 
  [ 1, 2, 3, 5, 6, 8, 9, 10, 11, 15, 16, 18, 20, 31, 33, 34, 35, 36, 50, 52, 
      53, 54, 55, 57, 58, 59, 61 ], 
  [ 1, 2, 3, 4, 6, 8, 11, 12, 18, 19, 28, 34, 36, 37, 38, 44, 50, 51, 53, 54, 
      55, 56, 61, 63, 64 ], 
  [ 1, 2, 3, 4, 5, 8, 9, 11, 13, 15, 17, 24, 26, 27, 30, 31, 33, 35, 36, 40, 
      42, 50, 52, 53, 54, 55, 57, 59, 60, 61, 62, 64 ], 
  [ 1, 2, 3, 4, 5, 9, 11, 13, 15, 16, 17, 26, 27, 31, 33, 36, 39, 42, 43, 49, 
      50, 52, 55, 62, 64 ], 
  [ 1, 2, 3, 5, 6, 8, 9, 10, 11, 13, 15, 16, 20, 26, 27, 31, 33, 34, 35, 36, 
      40, 50, 52, 53, 54, 57, 58, 59, 61 ], 
  [ 1, 3, 4, 5, 6, 7, 8, 11, 12, 14, 18, 21, 27, 28, 34, 35, 37, 40, 47, 50, 
      53, 54, 56, 58, 60, 62 ], 
  [ 1, 2, 3, 4, 6, 8, 9, 12, 18, 19, 28, 34, 36, 37, 38, 44, 50, 51, 53, 54, 
      55, 56, 61, 63, 64 ], 
  [ 1, 2, 3, 4, 6, 8, 9, 15, 18, 19, 28, 30, 31, 34, 36, 37, 38, 44, 50, 51, 
      53, 54, 55, 56, 61, 63, 64 ], 
  [ 1, 2, 3, 5, 6, 8, 9, 10, 11, 13, 14, 15, 27, 31, 33, 34, 35, 36, 40, 50, 
      53, 54, 57, 58, 61 ], 
  [ 1, 2, 4, 6, 8, 9, 12, 13, 15, 18, 19, 24, 28, 34, 35, 37, 41, 44, 47, 50, 
      51, 53, 55, 60, 61, 63 ], 
  [ 1, 3, 4, 5, 6, 7, 8, 12, 14, 21, 24, 27, 28, 34, 35, 37, 40, 47, 50, 53, 
      54, 56, 58, 60, 62 ], 
  [ 1, 2, 3, 4, 6, 9, 12, 13, 15, 19, 20, 21, 23, 27, 29, 30, 33, 40, 44, 47, 
      51, 53, 56, 57, 58, 59, 63 ], 
  [ 1, 2, 4, 6, 8, 9, 12, 13, 15, 18, 24, 28, 30, 34, 35, 37, 41, 47, 50, 51, 
      53, 55, 60, 61, 63 ], 
  [ 1, 2, 3, 4, 6, 8, 9, 10, 16, 17, 18, 20, 24, 25, 26, 33, 34, 35, 43, 52, 
      53, 54, 58, 59, 61 ], 
  [ 1, 2, 3, 4, 6, 8, 9, 10, 16, 17, 18, 20, 24, 25, 26, 33, 34, 35, 43, 52, 
      53, 54, 57, 59, 61, 64 ], 
  [ 1, 2, 3, 4, 5, 6, 8, 9, 10, 11, 13, 15, 16, 17, 18, 20, 24, 26, 27, 31, 
      33, 34, 35, 36, 43, 52, 53, 54, 58, 59, 61 ], 
  [ 1, 2, 3, 4, 5, 6, 9, 11, 16, 19, 21, 23, 25, 26, 28, 31, 33, 43, 52, 53, 
      54, 56, 58, 62, 64 ], 
  [ 1, 2, 3, 4, 5, 6, 8, 9, 10, 11, 16, 18, 19, 21, 22, 23, 25, 28, 30, 31, 
      32, 33, 43, 52, 53, 54, 56, 58, 62, 64 ], 
  [ 1, 2, 3, 4, 5, 9, 11, 12, 16, 18, 19, 20, 21, 23, 24, 25, 26, 28, 30, 31, 
      32, 33, 43, 52, 53, 54, 56, 58, 62, 64 ], 
  [ 1, 2, 3, 5, 6, 8, 9, 12, 19, 20, 22, 23, 30, 33, 34, 37, 43, 44, 51, 53, 
      56, 57, 58, 59, 63 ], 
  [ 1, 2, 3, 5, 6, 8, 12, 13, 16, 19, 20, 22, 23, 26, 30, 34, 37, 40, 43, 47, 
      51, 53, 56, 57, 58, 59, 63 ], 
  [ 1, 2, 3, 5, 6, 8, 9, 12, 16, 19, 20, 22, 23, 30, 34, 37, 40, 47, 51, 53, 
      56, 57, 58, 59, 63 ], 
  [ 1, 2, 3, 4, 6, 8, 9, 16, 19, 20, 23, 25, 26, 33, 34, 43, 44, 45, 51, 52, 
      53, 57, 59, 63, 64 ], 
  [ 1, 2, 4, 5, 6, 8, 12, 15, 18, 19, 21, 24, 27, 34, 35, 41, 44, 47, 50, 51, 
      53, 54, 60, 61, 63 ], 
  [ 1, 2, 3, 4, 6, 7, 8, 11, 12, 14, 18, 20, 22, 26, 32, 37, 40, 41, 44, 45, 
      48, 50, 59, 62, 63 ], 
  [ 1, 2, 3, 6, 7, 8, 10, 14, 15, 20, 28, 30, 31, 32, 33, 36, 37, 39, 40, 41, 
      42, 50, 58, 59, 61 ], 
  [ 1, 2, 3, 5, 8, 9, 11, 13, 14, 15, 17, 27, 31, 33, 34, 36, 37, 39, 43, 51, 
      52, 54, 59, 60, 61 ], 
  [ 1, 2, 3, 5, 6, 8, 9, 10, 11, 13, 14, 15, 17, 27, 31, 33, 34, 36, 43, 53, 
      55, 56, 57, 62, 64 ], 
  [ 1, 2, 4, 5, 6, 8, 9, 10, 11, 16, 18, 19, 27, 38, 40, 41, 42, 43, 50, 52, 
      53, 54, 60, 62, 64 ], 
  [ 1, 2, 3, 4, 5, 8, 9, 11, 13, 15, 17, 27, 31, 33, 34, 36, 37, 39, 43, 51, 
      52, 54, 59, 60, 61 ], 
  [ 1, 2, 3, 4, 6, 8, 12, 14, 15, 18, 24, 27, 28, 30, 34, 36, 37, 44, 50, 53, 
      54, 56, 61, 63, 64 ], 
  [ 1, 2, 3, 4, 5, 6, 8, 9, 12, 15, 19, 21, 24, 28, 31, 34, 36, 38, 43, 44, 
      50, 51, 53, 55, 60, 61, 63 ], 
  [ 1, 2, 3, 4, 6, 8, 9, 12, 14, 15, 18, 24, 28, 30, 34, 36, 37, 44, 50, 53, 
      54, 56, 61, 63, 64 ], 
  [ 1, 2, 3, 4, 6, 8, 9, 13, 15, 16, 17, 18, 24, 31, 33, 34, 35, 36, 37, 43, 
      52, 53, 54, 58, 59, 61 ], 
  [ 1, 2, 3, 5, 6, 8, 9, 10, 11, 15, 16, 18, 20, 31, 33, 34, 35, 36, 53, 55, 
      56, 57, 58, 59, 61 ], 
  [ 1, 2, 3, 5, 6, 8, 9, 10, 11, 16, 18, 19, 20, 34, 35, 36, 50, 52, 53, 54, 
      55, 57, 58, 59, 61 ], 
  [ 1, 2, 3, 5, 6, 8, 10, 20, 23, 24, 26, 30, 31, 33, 35, 36, 50, 52, 53, 54, 
      55, 57, 58, 59, 61 ], 
  [ 1, 2, 3, 4, 5, 8, 9, 11, 13, 15, 17, 24, 26, 27, 30, 31, 33, 35, 36, 52, 
      53, 54, 58, 59, 61 ], 
  [ 1, 2, 3, 4, 5, 8, 9, 11, 15, 16, 18, 20, 21, 23, 25, 28, 30, 32, 43, 51, 
      52, 54, 55, 56, 57, 58, 62, 64 ], 
  [ 1, 2, 3, 4, 9, 11, 12, 15, 16, 18, 20, 23, 24, 26, 28, 30, 32, 43, 51, 
      52, 54, 55, 56, 57, 58, 62, 64 ], 
  [ 1, 2, 4, 6, 8, 9, 12, 13, 14, 18, 24, 28, 30, 33, 34, 35, 36, 37, 42, 50, 
      51, 53, 54, 55, 56, 61, 64 ], 
  [ 1, 2, 3, 4, 6, 8, 9, 13, 15, 16, 17, 18, 24, 31, 33, 34, 37, 43, 44, 52, 
      53, 54, 58, 59, 61 ], 
  [ 1, 2, 3, 4, 6, 8, 9, 13, 15, 17, 18, 24, 27, 33, 34, 35, 36, 37, 43, 52, 
      53, 54, 58, 59, 61 ], 
  [ 1, 2, 3, 4, 6, 8, 9, 11, 13, 17, 18, 24, 26, 27, 33, 34, 37, 43, 44, 50, 
      52, 53, 54, 55, 57, 62, 64 ], 
  [ 1, 2, 3, 4, 6, 8, 9, 13, 15, 16, 19, 23, 30, 33, 34, 37, 43, 44, 45, 50, 
      52, 55, 56, 62, 63 ], 
  [ 1, 2, 3, 4, 6, 7, 8, 13, 14, 15, 18, 19, 22, 29, 32, 33, 37, 43, 44, 45, 
      50, 52, 55, 56, 62 ], 
  [ 1, 2, 4, 6, 7, 8, 9, 12, 13, 14, 19, 23, 29, 30, 33, 34, 35, 37, 40, 47, 
      48, 50, 51, 56, 57 ], 
  [ 1, 2, 3, 4, 5, 6, 8, 9, 16, 19, 23, 25, 26, 33, 34, 37, 43, 45, 46, 50, 
      52, 56, 57, 62, 63 ], 
  [ 1, 2, 3, 4, 5, 7, 8, 9, 15, 17, 19, 21, 22, 24, 29, 30, 31, 44, 51, 53, 
      54, 56, 58, 62, 63 ], 
  [ 1, 2, 3, 4, 7, 8, 9, 12, 14, 17, 19, 20, 21, 22, 24, 27, 42, 43, 45, 46, 
      49, 50, 51, 52, 53, 55 ], 
  [ 1, 2, 3, 5, 6, 7, 9, 14, 20, 24, 27, 29, 30, 31, 32, 34, 37, 43, 44, 47, 
      48, 50, 51, 53, 54, 57 ], 
  [ 1, 2, 3, 5, 6, 7, 9, 12, 14, 15, 16, 19, 20, 29, 32, 34, 37, 43, 44, 47, 
      48, 50, 51, 53, 54, 57 ], 
  [ 1, 2, 3, 4, 7, 8, 13, 14, 15, 16, 19, 20, 22, 23, 25, 26, 27, 34, 40, 43, 
      44, 45, 47, 50, 51, 53, 54, 57 ], 
  [ 1, 2, 3, 4, 5, 8, 9, 12, 13, 14, 15, 16, 28, 31, 36, 38, 39, 41, 43, 47, 
      48, 51, 58, 60, 61 ], 
  [ 1, 2, 3, 4, 6, 8, 9, 13, 14, 15, 24, 30, 31, 34, 38, 43, 44, 45, 48, 49, 
      50, 52, 55, 62, 63 ], 
  [ 1, 2, 3, 4, 5, 6, 8, 11, 12, 13, 14, 26, 27, 33, 36, 37, 38, 41, 43, 48, 
      49, 50, 52, 55, 62, 63 ], 
  [ 1, 2, 3, 4, 6, 8, 9, 12, 13, 14, 15, 18, 19, 28, 34, 36, 38, 39, 42, 43, 
      49, 51, 52, 58, 61 ], 
  [ 1, 2, 3, 4, 6, 8, 9, 12, 13, 14, 15, 18, 19, 28, 34, 36, 38, 39, 42, 43, 
      49, 52, 58, 60, 61 ], 
  [ 1, 2, 3, 4, 6, 8, 9, 12, 13, 14, 15, 18, 19, 28, 34, 36, 38, 39, 42, 43, 
      49, 52, 58, 59, 60, 62 ], 
  [ 1, 2, 3, 4, 6, 8, 11, 12, 13, 14, 18, 27, 28, 33, 34, 38, 43, 44, 45, 48, 
      49, 51, 52, 58, 60, 61 ], 
  [ 1, 2, 3, 4, 6, 8, 9, 13, 14, 15, 24, 30, 31, 34, 38, 43, 44, 45, 48, 49, 
      51, 52, 58, 59, 60 ], 
  [ 1, 2, 3, 4, 5, 6, 7, 8, 9, 12, 14, 15, 17, 18, 19, 34, 36, 38, 39, 42, 
      43, 49, 52, 58, 59, 60, 62 ], 
  [ 1, 2, 3, 4, 5, 6, 7, 8, 9, 14, 15, 17, 24, 30, 31, 34, 38, 43, 44, 45, 
      48, 49, 51, 52, 58, 59, 60, 62 ], 
  [ 1, 2, 3, 4, 6, 8, 9, 12, 13, 14, 15, 18, 19, 28, 34, 36, 38, 39, 43, 50, 
      51, 53, 54, 61, 64 ], 
  [ 1, 2, 3, 4, 6, 8, 9, 12, 13, 14, 15, 18, 19, 28, 34, 36, 37, 38, 43, 44, 
      50, 51, 53, 54, 61, 64 ], 
  [ 1, 2, 3, 4, 5, 6, 7, 8, 9, 14, 15, 17, 24, 30, 31, 34, 36, 37, 38, 43, 
      44, 50, 53, 55, 56, 62, 63 ], 
  [ 1, 2, 3, 4, 5, 6, 8, 11, 12, 13, 14, 26, 27, 33, 36, 37, 38, 41, 43, 48, 
      49, 51, 58, 60, 61, 64 ], 
  [ 1, 2, 3, 4, 7, 8, 9, 12, 14, 17, 19, 20, 21, 22, 24, 27, 41, 44, 45, 47, 
      48, 51, 58, 59, 60, 62 ], 
  [ 1, 2, 3, 4, 5, 6, 8, 11, 12, 13, 14, 26, 27, 33, 36, 37, 38, 41, 43, 48, 
      49, 51, 52, 58, 59, 60 ], 
  [ 1, 2, 3, 4, 5, 6, 7, 8, 11, 14, 17, 23, 26, 27, 33, 36, 38, 39, 42, 43, 
      49, 50, 51, 52, 53, 55 ], 
  [ 1, 2, 3, 4, 5, 6, 7, 8, 11, 14, 17, 23, 26, 27, 33, 36, 38, 39, 42, 43, 
      49, 52, 58, 59, 60, 62 ], 
  [ 1, 2, 3, 4, 5, 8, 9, 13, 14, 23, 24, 27, 30, 31, 36, 37, 40, 43, 47, 50, 
      53, 56, 57, 62, 63 ], 
  [ 1, 2, 3, 4, 6, 7, 8, 11, 13, 18, 19, 20, 21, 26, 27, 34, 40, 44, 47, 50, 
      53, 56, 57, 62, 63 ], 
  [ 1, 2, 3, 4, 5, 6, 7, 8, 9, 12, 14, 15, 17, 18, 19, 34, 36, 38, 39, 42, 
      43, 49, 50, 51, 52, 53, 55 ], 
  [ 1, 2, 3, 4, 6, 7, 9, 10, 11, 12, 13, 17, 19, 20, 21, 25, 27, 38, 40, 41, 
      42, 44, 45, 46, 47, 49, 51, 58, 59, 61 ], 
  [ 1, 2, 3, 4, 5, 6, 7, 8, 9, 12, 14, 17, 24, 27, 34, 36, 38, 39, 42, 43, 
      49, 50, 51, 52, 53, 55 ], 
  [ 1, 2, 3, 4, 5, 7, 8, 9, 10, 12, 13, 14, 16, 27, 31, 34, 35, 39, 41, 42, 
      49, 52, 58, 59, 60 ], 
  [ 1, 2, 3, 5, 6, 8, 9, 12, 16, 20, 25, 26, 30, 33, 34, 43, 47, 48, 51, 52, 
      53, 57, 59, 63, 64 ], 
  [ 1, 2, 3, 4, 7, 8, 9, 15, 17, 19, 24, 29, 30, 31, 36, 38, 44, 45, 51, 53, 
      54, 56, 58, 61, 63 ], 
  [ 1, 2, 3, 4, 7, 8, 9, 12, 13, 16, 23, 29, 31, 34, 36, 38, 45, 46, 51, 53, 
      56, 57, 58, 59, 63 ], 
  [ 1, 2, 3, 4, 7, 8, 9, 12, 13, 16, 23, 29, 31, 34, 36, 38, 45, 46, 51, 52, 
      53, 56, 58, 59, 63 ], 
  [ 1, 2, 3, 4, 5, 6, 8, 12, 14, 15, 18, 21, 24, 27, 28, 30, 34, 36, 43, 44, 
      50, 54, 56, 57, 64 ], 
  [ 1, 2, 3, 4, 5, 6, 8, 12, 14, 15, 18, 21, 24, 27, 28, 30, 34, 36, 43, 44, 
      50, 51, 53, 54, 61 ], 
  [ 1, 2, 3, 4, 5, 6, 8, 12, 14, 15, 18, 21, 24, 27, 28, 30, 34, 36, 43, 44, 
      51, 53, 54, 58, 61 ], 
  [ 1, 2, 3, 4, 5, 7, 8, 9, 10, 12, 14, 17, 27, 32, 34, 36, 37, 38, 43, 50, 
      51, 52, 53, 59, 62 ], 
  [ 1, 2, 3, 4, 5, 6, 7, 8, 9, 14, 15, 17, 24, 30, 31, 34, 37, 43, 44, 50, 
      53, 56, 57, 62, 63 ], 
  [ 1, 2, 3, 4, 5, 6, 7, 8, 9, 14, 15, 17, 24, 30, 31, 34, 37, 44, 47, 50, 
      53, 54, 56, 57, 62, 63 ], 
  [ 1, 2, 3, 4, 7, 8, 9, 12, 14, 17, 19, 20, 22, 25, 27, 32, 43, 44, 45, 50, 
      51, 52, 53, 59, 62 ], 
  [ 1, 2, 4, 5, 6, 8, 9, 12, 15, 18, 19, 27, 33, 34, 35, 37, 40, 41, 50, 51, 
      52, 53, 59, 60, 62, 63 ], 
  [ 1, 2, 3, 5, 6, 8, 9, 11, 12, 16, 19, 20, 25, 26, 33, 34, 35, 36, 52, 53, 
      56, 57, 58, 59, 64 ], 
  [ 1, 2, 3, 4, 5, 6, 8, 9, 16, 19, 20, 23, 25, 26, 33, 34, 43, 51, 52, 53, 
      54, 57, 58, 59, 64 ], 
  [ 1, 2, 3, 4, 6, 8, 9, 13, 15, 24, 30, 31, 34, 35, 36, 37, 38, 42, 50, 52, 
      53, 55, 60, 61, 64 ], 
  [ 1, 2, 3, 4, 5, 6, 8, 9, 10, 11, 13, 16, 26, 31, 33, 34, 36, 43, 52, 53, 
      54, 58, 59, 61, 64 ], 
  [ 1, 2, 3, 4, 5, 6, 8, 9, 10, 11, 13, 16, 26, 31, 33, 34, 35, 36, 52, 53, 
      54, 57, 58, 59, 61, 64 ], 
  [ 1, 6, 7, 9, 11, 12, 14, 18, 24, 30, 31, 33, 37, 38, 39, 41, 42, 48, 52, 
      53, 54, 55, 61, 62, 64 ], 
  [ 1, 2, 3, 4, 5, 8, 9, 11, 12, 13, 15, 27, 30, 31, 33, 34, 35, 36, 42, 50, 
      52, 53, 55, 60, 61, 64 ], 
  [ 1, 2, 3, 4, 5, 8, 9, 11, 12, 13, 15, 16, 27, 31, 34, 36, 39, 43, 50, 52, 
      53, 55, 60, 61, 64 ], 
  [ 1, 2, 3, 4, 5, 8, 9, 11, 12, 13, 15, 16, 27, 31, 34, 36, 39, 43, 50, 51, 
      52, 53, 54, 60, 61, 64 ], 
  [ 1, 2, 3, 4, 5, 6, 8, 9, 15, 17, 18, 20, 24, 27, 33, 34, 37, 43, 44, 50, 
      51, 52, 53, 54, 59, 60, 62 ], 
  [ 1, 2, 3, 4, 5, 6, 8, 9, 15, 17, 18, 20, 24, 27, 33, 34, 37, 43, 44, 50, 
      53, 56, 57, 62, 63 ], 
  [ 1, 2, 3, 4, 5, 6, 8, 9, 15, 17, 18, 20, 24, 27, 33, 34, 43, 44, 49, 50, 
      51, 52, 53, 54, 60, 62, 63, 64 ], 
  [ 1, 2, 3, 4, 5, 6, 8, 9, 15, 17, 18, 20, 24, 27, 33, 34, 37, 43, 44, 51, 
      54, 58, 59, 60, 61 ], 
  [ 1, 2, 4, 5, 6, 7, 8, 9, 16, 23, 30, 31, 34, 35, 37, 40, 50, 51, 52, 53, 
      56, 57, 59, 62, 63 ], 
  [ 1, 2, 3, 5, 8, 9, 12, 15, 18, 19, 20, 21, 24, 30, 31, 34, 43, 49, 50, 51, 
      53, 54, 55, 56, 61, 63, 64 ], 
  [ 1, 2, 3, 4, 5, 8, 9, 12, 13, 16, 23, 26, 27, 30, 31, 34, 36, 43, 46, 50, 
      51, 52, 53, 56, 57, 63, 64 ], 
  [ 1, 2, 3, 4, 5, 8, 9, 12, 13, 16, 23, 26, 27, 30, 31, 34, 36, 43, 46, 50, 
      52, 55, 56, 62, 63 ], 
  [ 1, 2, 3, 4, 6, 8, 9, 15, 16, 19, 28, 31, 36, 37, 38, 44, 50, 51, 53, 54, 
      55, 56, 61, 63, 64 ], 
  [ 1, 2, 3, 4, 5, 6, 7, 8, 15, 18, 19, 21, 28, 30, 31, 34, 39, 43, 45, 46, 
      49, 51, 52, 58, 61 ], 
  [ 1, 2, 3, 4, 5, 6, 7, 8, 11, 12, 21, 23, 24, 27, 28, 34, 39, 43, 45, 46, 
      49, 51, 52, 53, 55, 61, 63, 64 ], 
  [ 1, 2, 3, 4, 5, 6, 7, 8, 11, 12, 21, 23, 24, 27, 28, 34, 39, 43, 45, 46, 
      49, 50, 51, 55, 64 ], 
  [ 1, 2, 3, 4, 5, 6, 7, 8, 11, 12, 18, 19, 21, 28, 34, 39, 43, 45, 46, 49, 
      52, 58, 60, 61, 62, 63 ], 
  [ 1, 2, 3, 4, 5, 6, 7, 8, 9, 12, 19, 21, 24, 28, 31, 34, 39, 43, 45, 46, 
      49, 52, 58, 60, 61, 62, 63 ], 
  [ 1, 2, 3, 4, 5, 6, 7, 8, 9, 15, 16, 19, 21, 28, 31, 39, 43, 45, 46, 49, 
      52, 58, 60, 61, 62, 63 ], 
  [ 1, 3, 4, 5, 6, 7, 9, 14, 15, 16, 17, 19, 21, 28, 29, 31, 39, 43, 45, 46, 
      49, 52, 58, 60, 61, 62, 63 ], 
  [ 1, 2, 3, 4, 7, 8, 9, 11, 13, 17, 19, 21, 22, 24, 25, 26, 27, 35, 38, 40, 
      42, 44, 45, 46, 50, 51, 52, 54, 58, 59, 61 ], 
  [ 1, 3, 4, 5, 6, 7, 9, 14, 15, 16, 17, 19, 21, 28, 29, 31, 39, 43, 45, 46, 
      49, 50, 51, 55, 64 ], 
  [ 1, 2, 4, 6, 7, 8, 10, 13, 15, 16, 17, 18, 22, 28, 29, 30, 32, 36, 43, 44, 
      46, 50, 51, 55, 57 ], 
  [ 1, 3, 4, 5, 6, 7, 9, 14, 15, 16, 17, 19, 21, 28, 29, 31, 39, 43, 45, 46, 
      49, 51, 52, 53, 55, 61, 63, 64 ], 
  [ 1, 2, 3, 4, 6, 7, 8, 10, 15, 16, 18, 22, 28, 30, 32, 36, 43, 44, 46, 51, 
      52, 54, 55, 56, 57 ], 
  [ 1, 2, 3, 4, 6, 7, 8, 10, 16, 18, 19, 22, 28, 30, 31, 32, 33, 36, 43, 44, 
      46, 51, 52, 54, 55, 56, 57 ], 
  [ 1, 2, 3, 4, 6, 7, 8, 10, 16, 18, 19, 22, 28, 30, 31, 32, 33, 36, 43, 44, 
      46, 51, 52, 54, 58 ], 
  [ 1, 2, 3, 4, 6, 7, 8, 9, 10, 11, 19, 22, 23, 28, 31, 32, 33, 34, 36, 43, 
      44, 46, 51, 52, 54, 55, 56, 57 ], 
  [ 1, 2, 3, 4, 7, 8, 9, 11, 13, 17, 19, 22, 24, 26, 27, 35, 38, 44, 45, 46, 
      52, 53, 54, 58, 59, 61 ], 
  [ 1, 2, 3, 4, 7, 8, 9, 11, 13, 17, 19, 24, 26, 27, 34, 38, 44, 45, 46, 52, 
      53, 54, 58, 59, 61 ], 
  [ 1, 2, 3, 4, 7, 8, 16, 18, 19, 28, 30, 31, 32, 33, 37, 38, 39, 45, 51, 52, 
      54, 55, 56, 57, 58, 62, 64 ], 
  [ 1, 2, 3, 4, 7, 8, 9, 11, 13, 17, 19, 24, 26, 27, 34, 38, 44, 45, 46, 50, 
      52, 53, 54, 55, 57, 62, 64 ], 
  [ 1, 2, 3, 4, 7, 8, 9, 11, 13, 17, 19, 24, 26, 27, 34, 38, 44, 45, 46, 51, 
      52, 54, 58, 59, 61 ], 
  [ 1, 2, 3, 4, 5, 6, 7, 8, 9, 13, 16, 23, 30, 31, 34, 38, 45, 46, 48, 49, 
      51, 52, 58, 59, 60, 63, 64 ], 
  [ 1, 2, 3, 4, 6, 8, 9, 13, 14, 15, 17, 18, 24, 27, 33, 34, 35, 36, 37, 42, 
      43, 50, 52, 53, 55 ], 
  [ 1, 2, 3, 4, 5, 6, 7, 8, 11, 12, 13, 14, 26, 29, 32, 33, 36, 37, 43, 51, 
      53, 54, 57, 58, 64 ], 
  [ 1, 2, 3, 4, 6, 8, 9, 12, 13, 14, 15, 18, 19, 29, 32, 33, 36, 37, 43, 51, 
      53, 54, 57, 58, 64 ], 
  [ 1, 2, 3, 4, 6, 8, 9, 12, 13, 14, 15, 18, 19, 29, 32, 33, 37, 43, 44, 51, 
      53, 54, 57, 58, 64 ], 
  [ 1, 2, 3, 5, 6, 8, 10, 13, 14, 17, 23, 24, 26, 30, 37, 38, 39, 41, 43, 47, 
      49, 51, 58, 59, 61 ], 
  [ 1, 2, 4, 5, 6, 7, 8, 14, 15, 18, 20, 23, 26, 27, 33, 35, 41, 42, 43, 50, 
      51, 53, 54, 61, 64 ], 
  [ 1, 2, 4, 6, 8, 11, 12, 13, 23, 24, 27, 28, 33, 34, 36, 37, 38, 44, 51, 
      52, 53, 55, 61, 63, 64 ], 
  [ 1, 2, 3, 5, 9, 11, 12, 13, 14, 15, 17, 27, 30, 31, 33, 36, 43, 47, 49, 
      51, 52, 54, 59, 60, 61 ], 
  [ 1, 2, 4, 6, 8, 9, 12, 13, 15, 18, 19, 24, 30, 31, 34, 35, 36, 42, 51, 52, 
      53, 55, 61, 63, 64 ], 
  [ 1, 2, 3, 4, 9, 13, 14, 15, 18, 19, 21, 23, 24, 27, 29, 32, 33, 35, 43, 
      44, 49, 52, 55, 56, 59, 62, 63 ], 
  [ 1, 2, 3, 4, 6, 8, 9, 12, 14, 18, 24, 28, 30, 33, 34, 37, 41, 42, 48, 51, 
      52, 55, 58, 60, 62 ], 
  [ 1, 2, 3, 5, 6, 8, 9, 10, 11, 19, 21, 22, 23, 25, 31, 33, 34, 36, 37, 39, 
      44, 45, 46, 50, 51, 55, 57, 58, 62, 64 ], 
  [ 1, 2, 3, 5, 8, 9, 12, 15, 18, 19, 20, 21, 24, 30, 31, 34, 43, 49, 51, 52, 
      53, 55, 61, 63, 64 ], 
  [ 1, 2, 3, 4, 6, 8, 9, 15, 18, 19, 28, 30, 31, 34, 36, 37, 38, 44, 51, 52, 
      53, 55, 61, 63, 64 ], 
  [ 1, 2, 3, 4, 6, 8, 9, 12, 14, 17, 18, 24, 28, 29, 30, 33, 34, 36, 43, 44, 
      49, 50, 51, 53, 54, 55, 56, 64 ], 
  [ 1, 2, 4, 6, 7, 8, 9, 11, 13, 19, 23, 28, 31, 33, 34, 36, 43, 44, 46, 51, 
      52, 54, 55, 56, 57 ], 
  [ 1, 2, 4, 7, 8, 9, 11, 13, 17, 19, 23, 28, 29, 31, 32, 33, 34, 36, 43, 44, 
      46, 51, 52, 54, 55, 56, 57 ], 
  [ 1, 2, 3, 4, 5, 6, 8, 9, 12, 15, 18, 19, 21, 24, 28, 30, 31, 34, 43, 49, 
      51, 52, 53, 55, 61, 63, 64 ], 
  [ 1, 2, 7, 8, 9, 11, 13, 14, 17, 19, 23, 29, 31, 33, 34, 36, 37, 39, 44, 
      45, 46, 51, 52, 54, 58 ], 
  [ 1, 2, 4, 7, 8, 9, 11, 13, 17, 19, 23, 28, 29, 31, 32, 33, 34, 36, 43, 44, 
      46, 52, 53, 54, 56 ], 
  [ 1, 2, 4, 7, 8, 9, 11, 13, 17, 19, 23, 28, 29, 31, 32, 33, 34, 36, 43, 44, 
      46, 50, 51, 55, 57 ], 
  [ 1, 2, 3, 4, 7, 8, 16, 18, 19, 28, 30, 31, 32, 33, 37, 38, 39, 45, 52, 53, 
      54, 56, 58, 62, 64 ], 
  [ 1, 2, 4, 7, 9, 11, 12, 13, 17, 23, 24, 26, 28, 29, 32, 34, 36, 37, 39, 
      44, 45, 46, 52, 53, 54, 56, 58, 62, 64 ], 
  [ 1, 2, 7, 8, 9, 11, 13, 14, 17, 19, 23, 29, 31, 33, 34, 36, 37, 39, 44, 
      45, 46, 52, 53, 54, 58 ], 
  [ 1, 2, 5, 6, 7, 9, 15, 17, 18, 19, 20, 22, 23, 24, 25, 27, 33, 35, 40, 41, 
      44, 48, 49, 51, 53, 54, 57, 59, 62, 63 ], 
  [ 1, 2, 4, 7, 8, 9, 11, 13, 17, 19, 23, 28, 29, 31, 32, 33, 34, 36, 37, 39, 
      44, 45, 46, 50, 51, 55, 57 ], 
  [ 1, 2, 4, 7, 9, 11, 12, 13, 17, 19, 28, 29, 32, 34, 36, 37, 39, 44, 45, 
      46, 52, 53, 54, 56, 58, 62, 64 ], 
  [ 1, 2, 5, 8, 9, 12, 13, 16, 20, 21, 24, 35, 41, 42, 43, 46, 47, 48, 51, 
      52, 53, 55, 61, 63, 64 ], 
  [ 1, 2, 3, 4, 6, 8, 9, 12, 14, 17, 18, 24, 28, 29, 30, 33, 34, 36, 43, 44, 
      50, 54, 56, 57, 64 ], 
  [ 1, 3, 5, 9, 11, 12, 13, 14, 15, 17, 27, 28, 30, 31, 32, 33, 36, 37, 43, 
      47, 51, 54, 58, 59, 61 ], 
  [ 1, 2, 3, 4, 9, 13, 14, 15, 18, 19, 21, 23, 24, 27, 29, 32, 33, 35, 43, 
      44, 49, 50, 52, 55, 56 ], 
  [ 1, 2, 3, 4, 9, 13, 14, 15, 18, 19, 21, 23, 24, 27, 29, 32, 33, 43, 44, 
      51, 53, 54, 57, 58, 64 ], 
  [ 1, 2, 4, 5, 6, 7, 8, 9, 10, 16, 19, 20, 24, 27, 34, 35, 39, 42, 50, 52, 
      53, 55, 60, 61, 64 ], 
  [ 1, 2, 3, 4, 7, 8, 9, 12, 13, 14, 16, 19, 20, 22, 25, 27, 40, 41, 45, 47, 
      48, 51, 58, 59, 60 ], 
  [ 1, 2, 3, 4, 7, 8, 9, 13, 16, 17, 19, 24, 34, 38, 44, 45, 46, 50, 52, 53, 
      54, 55, 57, 62, 64 ], 
  [ 1, 2, 3, 4, 7, 8, 13, 16, 17, 18, 19, 21, 22, 23, 24, 25, 26, 34, 35, 38, 
      40, 42, 44, 45, 46, 50, 52, 53, 54, 55, 57, 59, 60, 61, 62, 64 ], 
  [ 1, 2, 3, 4, 7, 8, 13, 15, 17, 23, 30, 31, 33, 38, 44, 45, 46, 50, 52, 53, 
      54, 55, 57, 62, 64 ], 
  [ 1, 2, 3, 4, 7, 8, 9, 13, 16, 17, 24, 31, 34, 38, 44, 45, 46, 50, 52, 53, 
      54, 55, 57, 62, 64 ], 
  [ 1, 2, 3, 4, 6, 8, 9, 12, 14, 17, 18, 24, 28, 29, 30, 33, 34, 36, 43, 44, 
      49, 51, 52, 53, 58, 61 ], 
  [ 1, 2, 4, 7, 9, 11, 12, 13, 17, 19, 23, 24, 28, 29, 31, 34, 36, 39, 44, 
      45, 46, 52, 53, 54, 56, 58, 62, 64 ], 
  [ 1, 2, 3, 4, 6, 8, 9, 12, 14, 17, 18, 24, 28, 29, 30, 33, 34, 36, 43, 44, 
      49, 51, 52, 53, 55 ], 
  [ 1, 2, 3, 4, 6, 8, 9, 12, 14, 17, 18, 24, 28, 29, 30, 33, 34, 36, 43, 44, 
      51, 53, 54, 58, 61 ], 
  [ 1, 2, 3, 4, 6, 8, 11, 12, 18, 27, 28, 33, 34, 38, 43, 44, 45, 49, 51, 52, 
      53, 55, 61, 63, 64 ], 
  [ 1, 3, 5, 9, 11, 12, 13, 14, 15, 17, 27, 28, 30, 31, 32, 33, 36, 37, 43, 
      47, 50, 54, 57, 62, 64 ], 
  [ 1, 2, 3, 4, 5, 6, 8, 11, 12, 23, 24, 27, 28, 30, 33, 34, 36, 39, 43, 49, 
      51, 52, 53, 55, 61, 63, 64 ], 
  [ 1, 2, 3, 5, 9, 11, 12, 19, 20, 21, 23, 24, 25, 26, 31, 33, 34, 43, 52, 
      53, 54, 56, 58, 62, 64 ], 
  [ 1, 2, 3, 4, 7, 8, 15, 16, 18, 28, 30, 32, 37, 38, 39, 45, 51, 52, 54, 55, 
      56, 57, 58, 62, 64 ], 
  [ 1, 2, 3, 4, 7, 8, 9, 16, 19, 28, 31, 32, 37, 38, 39, 45, 51, 52, 54, 55, 
      56, 57, 58, 62, 64 ], 
  [ 1, 2, 3, 4, 7, 8, 9, 11, 23, 28, 32, 34, 37, 38, 39, 45, 51, 52, 54, 55, 
      56, 57, 58, 62, 64 ], 
  [ 1, 2, 3, 4, 7, 8, 9, 11, 19, 28, 32, 34, 37, 38, 39, 45, 51, 52, 54, 55, 
      56, 57, 58, 62, 64 ], 
  [ 1, 3, 4, 5, 8, 12, 14, 15, 16, 25, 26, 27, 30, 32, 34, 43, 44, 47, 51, 
      53, 54, 57, 59, 62, 63 ], 
  [ 1, 2, 4, 7, 8, 16, 18, 19, 20, 21, 23, 24, 25, 26, 40, 41, 42, 45, 50, 
      52, 53, 54, 60, 62, 64 ], 
  [ 1, 3, 4, 5, 6, 8, 12, 14, 15, 18, 21, 24, 27, 28, 30, 34, 43, 49, 51, 52, 
      53, 55, 61, 63, 64 ], 
  [ 1, 2, 4, 7, 9, 11, 12, 13, 17, 19, 23, 29, 31, 33, 34, 36, 44, 45, 46, 
      52, 53, 54, 56, 62, 64 ], 
  [ 1, 2, 3, 4, 5, 6, 8, 12, 15, 18, 21, 24, 27, 28, 30, 34, 43, 49, 51, 52, 
      53, 55, 61, 63, 64 ], 
  [ 1, 2, 3, 4, 5, 8, 11, 12, 13, 16, 26, 30, 31, 34, 36, 43, 46, 50, 51, 52, 
      53, 56, 57, 63, 64 ], 
  [ 1, 2, 3, 4, 5, 8, 9, 12, 15, 16, 19, 30, 32, 33, 34, 37, 43, 44, 47, 51, 
      53, 54, 57, 59, 62, 63 ], 
  [ 1, 2, 3, 4, 5, 6, 7, 8, 9, 12, 23, 26, 27, 32, 33, 34, 37, 44, 47, 51, 
      53, 54, 57, 59, 62, 63 ], 
  [ 1, 2, 3, 4, 5, 8, 9, 12, 15, 27, 30, 32, 33, 34, 37, 43, 44, 47, 51, 53, 
      54, 57, 59, 62, 63 ], 
  [ 1, 2, 3, 4, 7, 8, 13, 15, 16, 18, 19, 21, 22, 23, 34, 35, 38, 42, 45, 46, 
      50, 52, 53, 55, 60, 61, 64 ], 
  [ 1, 2, 3, 4, 5, 6, 7, 8, 9, 15, 16, 19, 31, 34, 37, 38, 44, 47, 50, 51, 
      53, 54, 60, 62, 63 ], 
  [ 1, 2, 3, 4, 7, 8, 12, 14, 16, 19, 20, 24, 27, 28, 31, 38, 39, 41, 43, 45, 
      51, 52, 55, 58, 60, 62 ], 
  [ 1, 2, 3, 4, 7, 8, 12, 14, 16, 19, 24, 27, 28, 31, 38, 39, 43, 45, 50, 53, 
      54, 56, 61, 63, 64 ], 
  [ 1, 2, 3, 4, 7, 8, 9, 12, 14, 16, 19, 24, 28, 31, 38, 39, 43, 45, 50, 53, 
      54, 56, 61, 63, 64 ], 
  [ 1, 2, 3, 4, 7, 8, 9, 14, 15, 16, 23, 30, 32, 34, 37, 38, 43, 45, 50, 52, 
      53, 56, 59, 62, 63 ], 
  [ 1, 2, 3, 4, 7, 8, 9, 12, 13, 14, 16, 27, 31, 34, 38, 43, 45, 46, 50, 52, 
      53, 55, 56, 62, 63 ], 
  [ 1, 2, 3, 4, 7, 8, 9, 13, 14, 16, 23, 24, 27, 31, 34, 38, 43, 45, 46, 50, 
      53, 56, 57, 63, 64 ], 
  [ 1, 2, 3, 4, 7, 8, 9, 13, 14, 16, 23, 24, 27, 31, 34, 38, 43, 45, 46, 50, 
      52, 53, 55, 56, 62, 63 ], 
  [ 1, 2, 3, 4, 7, 8, 9, 14, 15, 16, 17, 19, 20, 24, 27, 34, 38, 41, 43, 44, 
      45, 50, 51, 52, 53, 59, 60, 62 ], 
  [ 1, 2, 3, 4, 8, 13, 15, 18, 19, 21, 23, 24, 27, 34, 42, 43, 45, 46, 50, 
      52, 53, 55, 60, 61, 64 ], 
  [ 1, 2, 4, 7, 8, 9, 12, 17, 19, 23, 29, 30, 32, 33, 34, 36, 37, 44, 45, 51, 
      53, 54, 56, 58, 62, 63 ], 
  [ 1, 2, 4, 7, 8, 9, 11, 12, 13, 19, 23, 28, 29, 31, 34, 36, 39, 45, 46, 51, 
      52, 53, 54, 56, 58, 64 ], 
  [ 1, 2, 4, 7, 9, 11, 12, 13, 17, 19, 24, 28, 31, 34, 39, 44, 45, 46, 52, 
      53, 54, 55, 56, 62, 64 ], 
  [ 1, 2, 3, 4, 6, 7, 8, 11, 12, 23, 24, 27, 28, 34, 38, 39, 45, 49, 51, 52, 
      53, 55, 61, 63, 64 ], 
  [ 1, 2, 3, 5, 6, 8, 12, 15, 18, 21, 24, 27, 30, 34, 42, 43, 48, 49, 50, 51, 
      53, 55, 60, 61, 63 ], 
  [ 1, 2, 4, 7, 8, 9, 15, 17, 19, 20, 23, 27, 32, 33, 34, 37, 41, 44, 45, 50, 
      51, 53, 57, 59, 60, 63 ], 
  [ 1, 5, 6, 7, 8, 12, 14, 15, 18, 21, 24, 27, 30, 34, 38, 41, 42, 48, 50, 
      51, 53, 55, 60, 61, 63 ], 
  [ 1, 2, 3, 5, 6, 8, 9, 12, 19, 20, 21, 22, 23, 30, 33, 34, 43, 49, 51, 52, 
      53, 56, 58, 63, 64 ], 
  [ 1, 2, 3, 4, 5, 6, 8, 10, 15, 16, 18, 21, 22, 25, 28, 30, 32, 43, 52, 53, 
      54, 56, 58, 62, 64 ], 
  [ 1, 2, 3, 4, 5, 8, 13, 17, 23, 24, 26, 30, 36, 37, 39, 40, 41, 42, 43, 47, 
      49, 51, 58, 59, 61 ], 
  [ 1, 2, 3, 4, 5, 6, 7, 9, 14, 15, 16, 17, 19, 21, 28, 29, 31, 36, 43, 44, 
      50, 54, 56, 57, 64 ], 
  [ 1, 2, 3, 5, 6, 8, 9, 10, 11, 19, 21, 22, 23, 25, 31, 33, 34, 43, 52, 53, 
      54, 56, 58, 62, 64 ] ];
