return 
[ [ 1, 2, 3, 4, 5, 6, 7, 8, 9, 10, 11, 12, 13, 14, 15, 16, 17, 18, 19, 20, 
      21, 22, 23, 24, 25, 26, 27, 28, 29, 30, 31, 32, 33, 34, 35, 36, 37, 38, 
      41, 44, 45, 48, 51, 52, 53, 56, 59, 60, 63, 66, 67, 68, 69, 70, 71, 72, 
      73, 74, 75, 76, 77, 78, 79, 80 ], 
  [ 1, 2, 3, 4, 5, 6, 7, 8, 9, 10, 11, 12, 13, 14, 15, 16, 17, 18, 19, 20, 
      21, 22, 23, 24, 25, 26, 27, 28, 29, 30, 31, 32, 33, 34, 35, 36, 37, 38, 
      39, 40, 41, 42, 43, 44, 45, 46, 47, 48, 49, 50, 51, 52, 53, 54, 55, 56, 
      57, 58, 59, 60, 61, 62, 63, 64, 65, 66, 67, 68, 71, 74, 75, 78 ], 
  [ 1, 2, 3, 4, 5, 6, 7, 8, 9, 10, 11, 12, 13, 14, 15, 16, 17, 18, 19, 20, 
      21, 22, 23, 24, 25, 26, 27, 28, 29, 30, 31, 32, 33, 34, 35, 36, 37, 40, 
      43, 44, 47, 50, 51, 52, 55, 58, 59, 62, 65, 66, 67, 68, 69, 70, 71, 72, 
      73, 74, 75, 78 ], 
  [ 1, 2, 3, 4, 5, 6, 7, 8, 10, 11, 13, 14, 15, 17, 18, 20, 21, 23, 24, 26, 
      27, 28, 30, 31, 33, 34, 38, 41, 45, 48, 51, 52, 53, 54, 56, 57, 59, 60, 
      61, 63, 64, 66, 67, 68, 69, 70, 71, 76, 77, 78, 79, 80 ], 
  [ 1, 2, 3, 4, 5, 6, 8, 9, 10, 11, 16, 18, 19, 20, 21, 23, 24, 25, 26, 31, 
      33, 34, 35, 37, 38, 39, 41, 44, 46, 47, 48, 49, 52, 53, 54, 56, 59, 61, 
      62, 63, 64, 66, 67, 74, 75, 77, 78, 80 ], 
  [ 1, 2, 3, 4, 5, 6, 7, 8, 14, 15, 18, 29, 32, 36, 39, 42, 43, 49, 51, 64, 
      67, 69, 70, 73, 74, 80 ], 
  [ 1, 2, 3, 4, 5, 6, 7, 8, 14, 15, 17, 18, 29, 32, 36, 39, 42, 43, 49, 51, 
      63, 64, 66, 67, 69, 70, 72, 73, 80 ], 
  [ 1, 2, 3, 4, 5, 6, 7, 8, 14, 15, 17, 18, 29, 32, 36, 39, 42, 43, 49, 51, 
      63, 64, 66, 67, 68, 69, 71, 72 ], 
  [ 1, 2, 3, 4, 5, 6, 9, 10, 13, 26, 31, 33, 34, 37, 54, 55, 56, 57, 59, 62, 
      63, 67, 74, 75, 77, 80 ], 
  [ 1, 2, 3, 4, 5, 6, 9, 10, 13, 26, 31, 32, 33, 34, 37, 54, 55, 56, 57, 59, 
      62, 63, 67, 74, 75, 80 ], 
  [ 1, 2, 3, 4, 5, 6, 8, 9, 16, 19, 20, 23, 25, 26, 33, 34, 44, 53, 59, 60, 
      61, 63, 67, 74, 75, 80 ], 
  [ 1, 2, 3, 4, 5, 6, 9, 11, 12, 18, 19, 37, 39, 40, 42, 49, 52, 59, 63, 64, 
      67, 74, 75, 77, 78, 80 ], 
  [ 1, 2, 3, 4, 6, 8, 9, 13, 15, 17, 18, 20, 21, 35, 40, 43, 49, 50, 51, 58, 
      66, 68, 69, 70, 71, 73 ], 
  [ 1, 2, 3, 4, 5, 6, 9, 10, 21, 28, 39, 40, 41, 42, 52, 53, 54, 55, 56, 59, 
      62, 63, 67, 74, 77, 78, 80 ], 
  [ 1, 2, 3, 4, 5, 6, 9, 10, 21, 28, 39, 40, 41, 42, 52, 53, 54, 55, 56, 59, 
      62, 63, 66, 67, 71, 78, 80 ], 
  [ 1, 2, 3, 4, 5, 6, 8, 12, 14, 17, 18, 21, 24, 27, 35, 45, 46, 49, 55, 59, 
      61, 65, 70, 74, 76, 77 ], 
  [ 1, 2, 3, 4, 6, 7, 8, 13, 15, 16, 20, 21, 23, 24, 31, 34, 45, 53, 59, 60, 
      61, 63, 67, 76, 77, 80 ], 
  [ 1, 2, 3, 4, 5, 6, 12, 20, 25, 35, 37, 38, 39, 40, 42, 43, 44, 50, 53, 56, 
      57, 63, 66, 75, 78, 79, 80 ], 
  [ 1, 2, 3, 4, 5, 6, 12, 20, 25, 35, 37, 38, 39, 40, 42, 43, 44, 50, 53, 56, 
      57, 63, 66, 67, 74, 75, 80 ], 
  [ 1, 2, 3, 4, 5, 6, 7, 8, 14, 17, 24, 30, 31, 34, 38, 52, 54, 55, 59, 60, 
      61, 67, 74, 75, 76, 78 ], 
  [ 1, 2, 3, 4, 6, 7, 8, 11, 13, 18, 19, 20, 21, 26, 27, 34, 45, 53, 59, 60, 
      63, 64, 67, 68, 75, 76, 78 ], 
  [ 1, 2, 3, 5, 9, 12, 16, 20, 22, 23, 25, 27, 31, 34, 35, 36, 38, 44, 47, 
      53, 60, 66, 73, 74, 79, 80 ], 
  [ 1, 2, 3, 4, 5, 8, 12, 13, 14, 15, 16, 20, 25, 29, 35, 42, 43, 46, 50, 56, 
      57, 63, 66, 67, 68, 69, 72, 74, 80 ], 
  [ 1, 2, 3, 4, 5, 9, 11, 19, 21, 24, 31, 41, 42, 49, 52, 54, 56, 59, 62, 63, 
      64, 67, 74, 77, 78, 80 ], 
  [ 1, 2, 3, 4, 5, 6, 9, 11, 16, 19, 25, 28, 32, 33, 40, 52, 54, 56, 57, 59, 
      62, 64, 67, 74, 78, 80 ], 
  [ 1, 2, 3, 4, 5, 6, 9, 11, 16, 19, 25, 28, 32, 33, 40, 52, 54, 56, 57, 59, 
      62, 64, 67, 73, 78, 80 ], 
  [ 1, 2, 3, 4, 5, 9, 10, 12, 13, 16, 25, 26, 27, 31, 32, 34, 44, 56, 59, 60, 
      62, 63, 67, 74, 75, 80 ], 
  [ 1, 2, 3, 4, 5, 6, 8, 10, 23, 30, 31, 33, 38, 52, 53, 54, 56, 59, 61, 63, 
      67, 75, 76, 77, 78, 80 ], 
  [ 1, 2, 3, 4, 5, 8, 12, 13, 14, 15, 16, 20, 25, 29, 35, 42, 43, 46, 50, 56, 
      57, 63, 66, 68, 71, 72 ], 
  [ 1, 2, 3, 4, 6, 7, 8, 11, 13, 18, 19, 20, 21, 26, 27, 34, 45, 53, 59, 60, 
      63, 64, 67, 76, 77, 80 ], 
  [ 1, 2, 3, 5, 6, 8, 9, 13, 14, 15, 27, 30, 31, 33, 37, 51, 55, 58, 59, 61, 
      67, 68, 70, 75, 76, 77 ], 
  [ 1, 2, 3, 6, 8, 9, 13, 14, 15, 18, 19, 21, 27, 33, 34, 35, 37, 43, 49, 50, 
      51, 58, 66, 68, 69, 71, 72 ], 
  [ 1, 2, 3, 5, 6, 8, 9, 13, 14, 15, 27, 30, 31, 33, 34, 37, 51, 55, 58, 59, 
      61, 62, 66, 69, 73, 78, 79, 80 ], 
  [ 1, 2, 3, 4, 5, 6, 8, 9, 12, 17, 18, 24, 30, 33, 34, 36, 48, 63, 64, 66, 
      67, 69, 70, 71, 72, 77, 79, 80 ], 
  [ 1, 2, 3, 4, 7, 8, 9, 13, 14, 16, 23, 30, 31, 34, 37, 51, 52, 53, 55, 59, 
      66, 69, 72, 73, 78, 79 ], 
  [ 1, 2, 3, 5, 8, 9, 12, 18, 20, 21, 24, 30, 32, 33, 34, 35, 37, 45, 46, 48, 
      59, 60, 73, 77, 79, 80 ], 
  [ 1, 2, 3, 5, 6, 8, 13, 14, 15, 17, 20, 24, 28, 30, 35, 36, 40, 44, 46, 55, 
      58, 62, 66, 69, 70, 71, 73 ], 
  [ 1, 2, 3, 4, 6, 8, 9, 16, 23, 25, 32, 33, 37, 47, 52, 53, 54, 59, 61, 62, 
      63, 67, 74, 75, 78, 80 ], 
  [ 1, 2, 3, 5, 6, 7, 8, 13, 14, 27, 28, 30, 31, 34, 38, 51, 54, 57, 58, 59, 
      60, 61, 67, 68, 74, 75, 76 ], 
  [ 1, 2, 3, 5, 6, 9, 10, 13, 20, 28, 39, 40, 41, 42, 44, 45, 46, 47, 48, 59, 
      62, 63, 66, 67, 68, 74, 75, 77 ], 
  [ 1, 2, 3, 4, 5, 7, 8, 9, 10, 12, 16, 19, 22, 28, 29, 31, 35, 41, 48, 50, 
      60, 63, 71, 74, 78, 79 ], 
  [ 1, 2, 3, 4, 5, 6, 9, 11, 12, 27, 33, 34, 37, 52, 54, 55, 57, 59, 63, 64, 
      67, 75, 76, 77, 78, 80 ], 
  [ 1, 2, 3, 4, 5, 9, 12, 18, 27, 34, 37, 39, 46, 51, 52, 55, 59, 61, 63, 64, 
      67, 75, 76, 77, 78, 80 ], 
  [ 1, 2, 3, 5, 6, 8, 12, 13, 16, 19, 20, 22, 23, 26, 28, 30, 34, 35, 56, 60, 
      63, 64, 71, 75, 78, 79 ], 
  [ 1, 2, 3, 5, 6, 8, 12, 13, 16, 19, 20, 22, 23, 26, 28, 30, 34, 35, 56, 60, 
      63, 64, 68, 71, 74, 75, 79 ], 
  [ 1, 2, 3, 4, 5, 6, 7, 9, 21, 28, 35, 38, 39, 40, 45, 46, 47, 48, 50, 59, 
      60, 62, 66, 77, 79, 80 ], 
  [ 1, 2, 3, 4, 7, 9, 14, 16, 23, 24, 30, 31, 32, 34, 37, 38, 51, 53, 55, 66, 
      68, 69, 72, 75, 78, 79 ], 
  [ 1, 2, 3, 4, 5, 6, 7, 8, 13, 15, 16, 19, 28, 36, 39, 42, 43, 50, 51, 65, 
      66, 67, 69, 70, 72, 73, 80 ], 
  [ 1, 2, 3, 4, 5, 6, 9, 10, 16, 18, 19, 28, 39, 40, 41, 42, 49, 52, 59, 62, 
      63, 67, 74, 77, 78, 80 ], 
  [ 1, 2, 3, 4, 5, 6, 8, 9, 10, 11, 20, 24, 26, 27, 34, 38, 52, 53, 54, 56, 
      59, 63, 67, 74, 75, 77 ], 
  [ 1, 2, 3, 4, 5, 6, 8, 9, 10, 11, 20, 24, 26, 27, 34, 38, 52, 53, 54, 56, 
      59, 63, 66, 67, 78, 80 ], 
  [ 1, 2, 3, 5, 6, 7, 8, 11, 12, 14, 17, 18, 21, 29, 35, 43, 49, 50, 59, 65, 
      70, 72, 73, 76, 77, 79 ], 
  [ 1, 2, 4, 5, 6, 9, 11, 12, 13, 17, 18, 21, 28, 29, 32, 35, 43, 49, 50, 59, 
      63, 64, 66, 67, 71, 73 ], 
  [ 1, 2, 3, 5, 6, 7, 8, 12, 13, 14, 20, 26, 27, 29, 35, 36, 42, 43, 45, 57, 
      63, 64, 66, 68, 71, 72 ], 
  [ 1, 2, 3, 5, 8, 12, 14, 16, 25, 27, 29, 30, 35, 41, 43, 45, 46, 56, 57, 
      61, 63, 65, 71, 75, 78, 79 ], 
  [ 1, 2, 3, 5, 8, 12, 14, 16, 25, 27, 29, 30, 35, 41, 43, 45, 46, 56, 57, 
      61, 63, 65, 68, 71, 75, 79 ], 
  [ 1, 2, 3, 5, 8, 12, 14, 16, 25, 27, 29, 30, 35, 41, 43, 45, 46, 56, 57, 
      61, 63, 65, 66, 68, 71, 72 ], 
  [ 1, 2, 3, 5, 8, 12, 14, 16, 25, 27, 29, 30, 35, 41, 43, 45, 46, 56, 57, 
      61, 63, 65, 68, 71, 72, 79 ], 
  [ 1, 2, 3, 4, 5, 9, 11, 12, 13, 15, 16, 17, 18, 34, 37, 38, 39, 41, 45, 51, 
      59, 63, 67, 74, 75, 77 ], 
  [ 1, 2, 3, 4, 5, 9, 11, 12, 13, 15, 16, 17, 18, 34, 37, 38, 39, 41, 45, 51, 
      59, 63, 67, 75, 76, 77 ], 
  [ 1, 2, 3, 4, 5, 6, 8, 10, 15, 16, 18, 20, 31, 33, 34, 38, 52, 53, 56, 59, 
      61, 63, 67, 74, 75, 77 ], 
  [ 1, 2, 3, 4, 5, 6, 8, 10, 15, 16, 18, 20, 31, 33, 34, 38, 52, 53, 56, 59, 
      61, 63, 66, 67, 78, 80 ], 
  [ 1, 2, 3, 4, 5, 9, 11, 12, 15, 16, 18, 36, 39, 40, 42, 46, 51, 59, 61, 63, 
      67, 74, 75, 77, 78, 80 ], 
  [ 1, 2, 3, 4, 5, 9, 10, 11, 13, 16, 33, 34, 37, 39, 40, 41, 44, 57, 62, 63, 
      64, 67, 74, 75, 77, 80 ], 
  [ 1, 2, 3, 4, 5, 8, 9, 12, 13, 16, 26, 30, 32, 33, 34, 37, 51, 53, 54, 56, 
      59, 60, 67, 74, 75, 80 ], 
  [ 1, 2, 3, 4, 5, 6, 9, 11, 16, 19, 37, 39, 41, 42, 44, 47, 49, 56, 59, 63, 
      64, 67, 74, 75, 77, 80 ], 
  [ 1, 2, 3, 4, 5, 6, 9, 11, 21, 23, 25, 26, 28, 32, 33, 35, 40, 47, 50, 59, 
      62, 64, 73, 74, 78, 80 ], 
  [ 1, 2, 3, 5, 6, 9, 11, 21, 23, 25, 26, 35, 37, 39, 41, 42, 53, 54, 56, 59, 
      63, 64, 66, 74, 78, 80 ], 
  [ 1, 2, 3, 5, 6, 7, 8, 12, 14, 17, 21, 24, 27, 29, 35, 37, 40, 43, 45, 55, 
      59, 65, 66, 70, 72, 73 ], 
  [ 1, 2, 3, 4, 5, 9, 12, 13, 16, 18, 36, 37, 40, 42, 44, 46, 49, 51, 59, 63, 
      64, 67, 74, 75, 77, 80 ], 
  [ 1, 2, 3, 4, 6, 7, 8, 13, 15, 16, 20, 21, 23, 24, 31, 34, 45, 53, 60, 61, 
      63, 67, 68, 74, 75, 76 ], 
  [ 1, 2, 3, 5, 9, 12, 19, 20, 23, 34, 35, 36, 39, 50, 53, 54, 56, 61, 63, 
      64, 66, 71, 74, 75, 78, 79 ], 
  [ 1, 2, 3, 4, 5, 6, 7, 8, 9, 15, 16, 19, 21, 28, 31, 35, 38, 45, 46, 48, 
      59, 60, 66, 77, 79, 80 ], 
  [ 1, 2, 3, 4, 5, 6, 8, 9, 13, 15, 17, 20, 24, 27, 35, 46, 49, 58, 64, 65, 
      68, 69, 70, 74, 75, 77 ], 
  [ 1, 2, 3, 4, 5, 6, 8, 9, 13, 14, 15, 17, 20, 24, 27, 35, 46, 48, 49, 58, 
      64, 65, 66, 69, 71, 72, 73, 80 ], 
  [ 1, 2, 3, 4, 6, 8, 9, 10, 16, 17, 18, 37, 38, 39, 46, 47, 48, 52, 59, 62, 
      63, 67, 74, 75, 77, 78 ], 
  [ 1, 2, 3, 4, 5, 6, 8, 9, 10, 11, 16, 18, 19, 20, 34, 38, 44, 45, 46, 48, 
      59, 63, 67, 74, 75, 77 ], 
  [ 1, 2, 3, 4, 5, 6, 8, 9, 12, 17, 18, 21, 29, 32, 35, 40, 46, 49, 50, 59, 
      60, 61, 70, 73, 74, 77, 79, 80 ], 
  [ 1, 2, 3, 5, 9, 11, 12, 16, 18, 19, 20, 30, 31, 33, 35, 36, 46, 47, 49, 
      59, 61, 63, 66, 74, 78, 80 ], 
  [ 1, 2, 3, 5, 6, 8, 9, 10, 16, 19, 21, 22, 25, 31, 35, 37, 38, 41, 47, 53, 
      59, 63, 66, 74, 78, 80 ], 
  [ 1, 2, 3, 7, 8, 10, 12, 14, 16, 19, 22, 24, 27, 31, 35, 38, 40, 43, 47, 
      51, 55, 59, 66, 70, 72, 73 ], 
  [ 1, 2, 3, 5, 6, 9, 11, 16, 19, 21, 23, 26, 31, 35, 37, 39, 42, 47, 54, 56, 
      59, 64, 66, 74, 78, 80 ], 
  [ 1, 2, 3, 6, 8, 9, 12, 13, 14, 19, 21, 22, 27, 29, 35, 37, 38, 43, 45, 51, 
      53, 63, 66, 68, 71, 72 ], 
  [ 1, 2, 3, 6, 8, 9, 12, 14, 17, 18, 24, 29, 30, 33, 35, 40, 45, 46, 49, 59, 
      61, 65, 66, 70, 72, 73 ], 
  [ 1, 2, 3, 5, 8, 16, 18, 19, 20, 21, 25, 30, 31, 33, 35, 37, 38, 41, 46, 
      53, 59, 63, 66, 74, 78, 80 ], 
  [ 1, 2, 3, 4, 5, 8, 13, 17, 24, 26, 27, 30, 31, 33, 37, 38, 41, 45, 51, 54, 
      59, 63, 67, 75, 76, 77 ], 
  [ 1, 2, 3, 4, 5, 8, 13, 17, 24, 26, 27, 30, 31, 33, 37, 38, 41, 45, 51, 54, 
      59, 63, 67, 74, 75, 77 ], 
  [ 1, 2, 3, 4, 6, 9, 11, 16, 20, 24, 34, 39, 41, 44, 48, 49, 52, 56, 57, 59, 
      62, 64, 66, 77, 78, 80 ], 
  [ 1, 2, 3, 4, 6, 9, 11, 16, 20, 24, 34, 39, 41, 44, 48, 49, 52, 56, 57, 59, 
      62, 64, 67, 74, 75, 77 ], 
  [ 1, 2, 3, 4, 5, 6, 7, 8, 9, 14, 15, 17, 24, 30, 31, 34, 37, 52, 55, 59, 
      62, 66, 69, 70, 72, 73, 78, 79 ], 
  [ 1, 2, 3, 4, 5, 6, 9, 10, 11, 16, 18, 19, 37, 39, 40, 41, 42, 47, 49, 52, 
      56, 59, 62, 63, 64, 67, 74, 75, 77, 78, 80 ], 
  [ 1, 2, 3, 4, 5, 9, 11, 12, 19, 20, 21, 23, 24, 25, 26, 35, 52, 53, 54, 56, 
      59, 63, 66, 67, 74, 78, 80 ], 
  [ 1, 2, 3, 5, 6, 7, 8, 9, 10, 14, 17, 20, 24, 27, 32, 35, 36, 40, 43, 48, 
      58, 65, 66, 68, 69, 71, 74, 75 ], 
  [ 1, 2, 3, 4, 6, 7, 8, 13, 15, 16, 20, 21, 23, 24, 31, 34, 45, 53, 59, 60, 
      61, 63, 67, 74, 75, 76, 77 ], 
  [ 1, 2, 3, 4, 5, 9, 11, 19, 21, 24, 31, 35, 41, 42, 49, 52, 54, 56, 59, 62, 
      63, 64, 66, 67, 74, 78, 80 ], 
  [ 1, 2, 3, 4, 5, 6, 9, 11, 16, 19, 25, 26, 33, 37, 40, 47, 52, 54, 56, 57, 
      59, 62, 64, 67, 74, 75, 78, 80 ], 
  [ 1, 2, 3, 4, 5, 6, 7, 8, 9, 12, 14, 17, 24, 27, 34, 36, 38, 41, 48, 51, 
      58, 63, 66, 69, 71, 72, 79, 80 ], 
  [ 1, 2, 3, 4, 5, 6, 9, 10, 11, 12, 13, 20, 25, 39, 40, 42, 44, 47, 56, 57, 
      59, 63, 67, 74, 75, 77, 80 ], 
  [ 1, 2, 3, 4, 5, 6, 7, 8, 9, 14, 15, 17, 21, 28, 29, 35, 40, 46, 47, 50, 
      59, 62, 66, 67, 69, 70, 71, 72, 74, 78 ], 
  [ 1, 2, 3, 4, 6, 7, 8, 11, 13, 18, 19, 20, 21, 26, 27, 34, 45, 53, 59, 60, 
      63, 64, 67, 74, 75, 76, 77 ], 
  [ 1, 2, 3, 4, 5, 6, 9, 11, 16, 19, 21, 23, 25, 26, 28, 31, 33, 35, 56, 59, 
      63, 64, 66, 67, 71, 74, 78, 80 ], 
  [ 1, 2, 3, 6, 7, 8, 12, 14, 18, 19, 20, 22, 26, 27, 33, 35, 38, 45, 49, 51, 
      63, 68, 71, 72, 75, 76, 79 ], 
  [ 1, 2, 3, 4, 5, 6, 9, 10, 11, 12, 21, 22, 25, 35, 39, 40, 42, 50, 53, 54, 
      59, 63, 66, 67, 74, 78, 80 ], 
  [ 1, 2, 3, 4, 7, 8, 9, 13, 14, 16, 20, 22, 23, 24, 25, 27, 44, 51, 52, 53, 
      55, 59, 66, 67, 68, 69, 75, 78 ], 
  [ 1, 2, 3, 4, 6, 7, 8, 12, 14, 17, 18, 29, 33, 34, 36, 38, 42, 43, 48, 58, 
      63, 64, 66, 67, 69, 70, 72, 77, 80 ], 
  [ 1, 2, 3, 5, 6, 7, 8, 13, 14, 27, 28, 30, 31, 34, 38, 51, 54, 57, 58, 59, 
      60, 61, 66, 68, 69, 71, 78, 79 ], 
  [ 1, 2, 3, 5, 6, 7, 8, 14, 20, 23, 26, 27, 29, 30, 32, 33, 35, 36, 45, 48, 
      63, 64, 66, 68, 69, 71, 72, 74, 75, 76 ], 
  [ 1, 2, 3, 4, 5, 6, 7, 8, 14, 17, 24, 28, 30, 31, 34, 41, 51, 54, 57, 58, 
      63, 64, 66, 67, 69, 70, 71, 80 ], 
  [ 1, 2, 3, 4, 5, 6, 8, 9, 12, 13, 14, 15, 27, 30, 33, 34, 37, 51, 52, 54, 
      55, 58, 59, 60, 61, 66, 67, 69, 70, 73, 79, 80 ], 
  [ 1, 2, 3, 4, 5, 6, 8, 9, 10, 11, 20, 24, 26, 27, 34, 38, 52, 53, 54, 56, 
      59, 63, 67, 75, 76, 77, 78, 80 ], 
  [ 1, 2, 3, 4, 5, 6, 7, 8, 11, 12, 13, 19, 22, 28, 29, 35, 42, 49, 50, 60, 
      63, 64, 68, 71, 74, 75, 78, 79 ], 
  [ 1, 2, 3, 4, 5, 6, 7, 8, 11, 12, 14, 17, 18, 21, 28, 29, 35, 43, 49, 50, 
      59, 65, 66, 67, 69, 70, 71, 72, 74, 78 ], 
  [ 1, 2, 3, 4, 5, 9, 11, 12, 13, 15, 16, 17, 18, 34, 37, 38, 39, 41, 45, 51, 
      59, 63, 67, 68, 75, 76, 78 ], 
  [ 1, 2, 3, 4, 5, 6, 8, 10, 15, 16, 18, 20, 31, 33, 34, 38, 52, 53, 56, 59, 
      61, 63, 67, 75, 76, 77, 78, 80 ], 
  [ 1, 2, 3, 4, 5, 6, 9, 11, 18, 24, 31, 34, 37, 39, 41, 42, 48, 49, 52, 55, 
      59, 62, 64, 67, 74, 75, 77, 78 ], 
  [ 1, 2, 3, 5, 6, 7, 8, 12, 14, 17, 21, 24, 27, 29, 35, 37, 40, 43, 45, 55, 
      59, 65, 70, 72, 73, 76, 77, 79 ], 
  [ 1, 2, 3, 4, 5, 7, 9, 12, 13, 16, 22, 23, 25, 27, 29, 31, 34, 51, 53, 55, 
      58, 59, 62, 67, 68, 69, 72, 75, 78, 79 ], 
  [ 1, 2, 3, 5, 6, 7, 8, 9, 10, 18, 19, 21, 31, 34, 38, 46, 48, 49, 59, 60, 
      61, 62, 63, 66, 67, 74, 77, 78 ], 
  [ 1, 2, 3, 5, 6, 9, 11, 12, 16, 20, 28, 31, 33, 34, 36, 37, 41, 42, 44, 46, 
      47, 49, 59, 63, 64, 66, 74, 75, 77, 80 ], 
  [ 1, 2, 3, 4, 7, 8, 9, 13, 14, 16, 20, 22, 23, 24, 25, 27, 44, 51, 52, 53, 
      55, 59, 66, 69, 72, 73, 78, 79 ], 
  [ 1, 2, 4, 5, 6, 9, 10, 11, 12, 13, 21, 22, 25, 28, 35, 42, 43, 50, 56, 57, 
      59, 63, 66, 67, 71, 73, 80 ], 
  [ 1, 2, 3, 5, 6, 7, 8, 11, 12, 14, 20, 26, 27, 29, 32, 33, 37, 51, 52, 58, 
      59, 60, 66, 69, 72, 73, 78, 79 ], 
  [ 1, 2, 3, 5, 6, 7, 8, 9, 14, 20, 23, 24, 27, 29, 30, 32, 55, 59, 60, 61, 
      62, 66, 67, 68, 69, 75, 78 ], 
  [ 1, 2, 3, 4, 5, 6, 9, 11, 12, 27, 34, 37, 38, 39, 52, 54, 55, 57, 59, 63, 
      64, 67, 75, 76, 77, 78, 80 ], 
  [ 1, 2, 3, 4, 5, 6, 8, 10, 15, 20, 23, 30, 31, 33, 38, 52, 53, 56, 59, 61, 
      63, 67, 75, 76, 77, 78, 80 ], 
  [ 1, 2, 3, 4, 5, 6, 8, 10, 13, 23, 26, 30, 31, 33, 37, 38, 41, 44, 54, 56, 
      59, 61, 63, 67, 74, 75, 77, 80 ], 
  [ 1, 2, 3, 4, 5, 6, 9, 10, 13, 24, 26, 27, 31, 34, 37, 38, 41, 44, 54, 55, 
      56, 57, 59, 62, 63, 67, 74, 75, 77, 80 ], 
  [ 1, 2, 3, 5, 8, 9, 14, 17, 24, 27, 30, 32, 35, 40, 43, 46, 48, 58, 61, 62, 
      64, 65, 66, 68, 69, 71, 74, 75 ], 
  [ 1, 2, 3, 4, 5, 6, 8, 10, 16, 18, 19, 21, 22, 25, 35, 46, 47, 49, 53, 59, 
      61, 63, 66, 67, 74, 78, 80 ], 
  [ 1, 2, 3, 5, 6, 8, 12, 13, 16, 19, 25, 26, 33, 37, 40, 47, 51, 53, 54, 57, 
      59, 61, 65, 66, 68, 72, 73, 78, 79 ], 
  [ 1, 2, 3, 6, 7, 8, 10, 14, 24, 26, 27, 30, 31, 33, 38, 51, 54, 55, 57, 59, 
      61, 63, 67, 68, 70, 75, 76, 77 ], 
  [ 1, 2, 3, 4, 6, 7, 8, 13, 15, 16, 20, 21, 23, 24, 31, 34, 45, 53, 59, 60, 
      61, 63, 67, 68, 75, 76, 78 ], 
  [ 1, 2, 3, 6, 8, 9, 12, 14, 17, 18, 24, 29, 30, 33, 35, 40, 45, 46, 49, 59, 
      61, 65, 70, 72, 73, 76, 77, 79 ], 
  [ 1, 2, 3, 4, 5, 8, 13, 17, 24, 26, 27, 30, 31, 33, 37, 38, 41, 45, 51, 54, 
      59, 63, 67, 68, 75, 76, 78 ], 
  [ 1, 2, 3, 4, 6, 9, 11, 16, 20, 24, 34, 39, 41, 44, 48, 49, 52, 56, 57, 59, 
      62, 64, 66, 67, 75, 77, 78 ], 
  [ 1, 2, 3, 5, 9, 11, 12, 19, 20, 21, 24, 31, 34, 39, 41, 42, 49, 52, 53, 
      54, 56, 59, 61, 62, 63, 64, 66, 67, 74, 77, 78, 80 ], 
  [ 1, 2, 3, 4, 5, 6, 7, 8, 11, 12, 14, 17, 18, 27, 33, 34, 37, 52, 55, 58, 
      59, 65, 66, 69, 70, 72, 73, 78, 79 ], 
  [ 1, 2, 3, 7, 8, 10, 11, 13, 14, 15, 20, 25, 26, 28, 35, 42, 44, 46, 47, 
      49, 50, 65, 66, 69, 70, 73, 74, 77 ], 
  [ 1, 2, 3, 4, 5, 6, 8, 12, 13, 15, 19, 29, 30, 33, 37, 40, 43, 51, 52, 54, 
      58, 59, 61, 65, 67, 68, 69, 72, 75, 78, 79 ], 
  [ 1, 2, 3, 4, 5, 6, 7, 8, 11, 12, 14, 17, 18, 21, 28, 29, 42, 48, 49, 60, 
      63, 64, 66, 67, 69, 70, 71, 72, 77, 79, 80 ], 
  [ 1, 2, 3, 5, 6, 10, 11, 12, 13, 16, 18, 19, 20, 28, 34, 41, 44, 45, 48, 
      49, 59, 63, 66, 67, 68, 74, 75, 77 ], 
  [ 1, 2, 3, 4, 5, 6, 7, 8, 14, 17, 23, 29, 30, 32, 33, 36, 51, 54, 57, 58, 
      63, 64, 66, 67, 69, 70, 72, 73, 80 ], 
  [ 1, 2, 3, 4, 5, 6, 8, 12, 13, 14, 15, 29, 30, 33, 37, 40, 43, 44, 58, 59, 
      61, 65, 66, 67, 68, 69, 72, 75, 78 ], 
  [ 1, 2, 3, 4, 5, 6, 9, 13, 14, 20, 23, 24, 27, 29, 30, 32, 44, 55, 59, 60, 
      61, 62, 66, 67, 68, 69, 72, 73, 75, 78, 79 ], 
  [ 1, 2, 3, 4, 5, 6, 7, 9, 14, 16, 17, 21, 28, 29, 40, 46, 47, 48, 50, 60, 
      62, 63, 66, 67, 69, 70, 71, 72, 77, 79, 80 ], 
  [ 1, 2, 3, 4, 5, 9, 11, 12, 13, 16, 31, 33, 34, 36, 37, 39, 40, 41, 42, 44, 
      57, 59, 61, 62, 63, 64, 67, 74, 75, 77, 80 ], 
  [ 1, 2, 3, 4, 5, 6, 8, 9, 10, 11, 16, 18, 19, 21, 28, 31, 39, 41, 42, 49, 
      52, 53, 54, 56, 59, 61, 62, 63, 64, 67, 74, 77, 78, 80 ], 
  [ 1, 2, 3, 5, 6, 8, 9, 12, 19, 20, 21, 22, 23, 30, 33, 34, 35, 37, 44, 46, 
      47, 50, 59, 60, 61, 66, 73, 74, 79, 80 ], 
  [ 1, 2, 3, 4, 5, 6, 8, 9, 10, 16, 20, 24, 31, 34, 38, 52, 53, 54, 56, 59, 
      61, 62, 63, 67, 75, 76, 77, 78, 80 ], 
  [ 1, 2, 3, 4, 5, 6, 8, 10, 20, 23, 24, 26, 31, 33, 34, 38, 52, 53, 54, 56, 
      59, 61, 63, 67, 75, 76, 77, 78, 80 ], 
  [ 1, 2, 3, 4, 5, 6, 7, 8, 11, 14, 17, 18, 20, 21, 23, 26, 27, 33, 48, 51, 
      57, 63, 64, 66, 69, 71, 72, 79, 80 ], 
  [ 1, 2, 3, 4, 6, 7, 8, 11, 14, 17, 18, 21, 23, 26, 27, 33, 38, 48, 51, 52, 
      53, 57, 63, 66, 69, 71, 72, 79, 80 ], 
  [ 1, 2, 3, 4, 5, 6, 8, 9, 10, 11, 13, 16, 26, 31, 33, 34, 37, 38, 39, 41, 
      44, 54, 56, 57, 59, 61, 62, 63, 64, 67, 74, 75, 77, 80 ], 
  [ 1, 2, 3, 6, 7, 8, 9, 13, 14, 18, 19, 21, 22, 26, 27, 32, 33, 34, 35, 37, 
      38, 42, 43, 48, 49, 50, 51, 56, 57, 58, 63, 66, 68, 69, 71, 72, 73, 80 ]
    , [ 1, 2, 3, 4, 5, 6, 8, 12, 14, 15, 18, 20, 21, 23, 27, 29, 30, 33, 35, 
      37, 40, 43, 44, 46, 50, 52, 55, 58, 59, 61, 65, 66, 67, 69, 72, 74, 75, 
      78 ], 
  [ 1, 2, 3, 5, 6, 7, 8, 10, 11, 13, 14, 15, 20, 26, 27, 28, 30, 31, 33, 34, 
      35, 36, 44, 65, 66, 69, 70, 73, 74, 77 ], 
  [ 1, 2, 3, 4, 5, 6, 7, 8, 9, 12, 13, 14, 15, 16, 19, 20, 22, 23, 25, 26, 
      27, 29, 30, 32, 33, 34, 37, 40, 44, 47, 51, 52, 53, 54, 55, 58, 59, 60, 
      61, 62, 65, 66, 67, 68, 69, 72, 73, 75, 78, 79 ], 
  [ 1, 2, 3, 5, 6, 8, 9, 10, 11, 13, 14, 15, 17, 27, 31, 33, 34, 37, 38, 39, 
      41, 45, 51, 55, 57, 58, 59, 61, 62, 63, 64, 67, 74, 75, 77 ], 
  [ 1, 2, 3, 5, 6, 8, 9, 10, 11, 13, 14, 15, 17, 27, 31, 33, 34, 37, 38, 39, 
      41, 45, 51, 55, 57, 58, 59, 61, 62, 63, 64, 66, 67, 68, 70 ], 
  [ 1, 2, 3, 4, 5, 6, 7, 8, 10, 11, 13, 15, 16, 18, 19, 28, 36, 37, 39, 40, 
      42, 43, 47, 50, 51, 52, 59, 62, 65, 66, 67, 68, 69, 70, 71, 72, 73, 78 ]
    , [ 1, 2, 3, 4, 7, 8, 9, 10, 11, 12, 13, 14, 16, 17, 19, 24, 27, 28, 31, 
      34, 38, 41, 51, 52, 53, 55, 56, 58, 59, 66, 69, 70, 71, 72, 73, 78, 79, 
      80 ], [ 1, 2, 3, 4, 5, 7, 8, 9, 10, 12, 13, 14, 16, 20, 22, 23, 24, 25, 
      27, 28, 29, 31, 35, 36, 38, 39, 40, 41, 43, 44, 45, 47, 51, 53, 54, 55, 
      56, 58, 59, 60, 62, 66, 67, 68, 69, 71, 72, 74, 75, 76, 78, 79 ], 
  [ 1, 2, 3, 4, 5, 6, 7, 8, 9, 13, 16, 23, 30, 31, 34, 37, 51, 52, 53, 54, 
      55, 59, 62, 66, 67, 68, 69, 72, 73, 78, 79 ], 
  [ 1, 2, 3, 4, 5, 7, 9, 14, 23, 24, 27, 29, 30, 31, 32, 34, 36, 37, 38, 51, 
      53, 55, 60, 66, 67, 68, 69, 72, 75, 78, 79 ], 
  [ 1, 2, 3, 8, 10, 12, 14, 16, 17, 19, 22, 24, 25, 27, 29, 31, 35, 38, 40, 
      41, 43, 45, 47, 51, 53, 55, 59, 66, 70, 72, 73 ], 
  [ 1, 2, 3, 5, 6, 9, 11, 19, 21, 23, 25, 26, 31, 34, 35, 37, 39, 41, 42, 47, 
      50, 53, 54, 56, 59, 62, 64, 66, 74, 78, 80 ], 
  [ 1, 2, 3, 5, 6, 8, 9, 10, 11, 19, 21, 22, 23, 25, 31, 33, 34, 35, 37, 38, 
      39, 41, 47, 49, 50, 53, 59, 61, 62, 63, 64, 66, 74, 78, 80 ], 
  [ 1, 2, 3, 5, 7, 8, 12, 13, 15, 19, 20, 22, 26, 29, 30, 34, 35, 36, 38, 42, 
      45, 46, 50, 56, 57, 60, 64, 71, 75, 78, 79 ], 
  [ 1, 2, 3, 5, 7, 8, 12, 13, 15, 19, 20, 22, 26, 29, 30, 34, 35, 36, 38, 42, 
      45, 46, 50, 56, 57, 60, 64, 68, 71, 75, 79 ], 
  [ 1, 2, 3, 5, 6, 8, 10, 16, 18, 19, 21, 22, 25, 30, 31, 33, 35, 37, 38, 41, 
      46, 47, 49, 53, 59, 61, 63, 66, 74, 78, 80 ], 
  [ 1, 2, 3, 4, 5, 6, 9, 11, 16, 19, 20, 21, 24, 26, 31, 34, 35, 37, 39, 41, 
      42, 44, 47, 49, 52, 54, 56, 57, 59, 62, 64, 66, 67, 74, 75, 77, 78, 80 ]
    , [ 1, 2, 3, 4, 5, 6, 7, 8, 11, 12, 13, 19, 26, 33, 34, 37, 51, 52, 53, 
      54, 57, 58, 59, 65, 66, 67, 68, 69, 72, 73, 78, 79 ], 
  [ 1, 2, 3, 4, 5, 8, 9, 12, 13, 14, 15, 16, 27, 30, 31, 34, 36, 37, 40, 44, 
      51, 55, 58, 59, 62, 66, 69, 72, 73, 78, 79 ], 
  [ 1, 2, 3, 5, 6, 8, 9, 10, 11, 13, 14, 15, 17, 27, 31, 33, 34, 37, 38, 39, 
      41, 45, 51, 55, 57, 58, 59, 61, 62, 63, 64, 67, 68, 70, 75, 76, 77 ], 
  [ 1, 2, 3, 4, 5, 8, 9, 11, 13, 15, 17, 20, 23, 24, 26, 28, 30, 32, 35, 40, 
      42, 43, 46, 47, 49, 55, 57, 58, 61, 62, 64, 68, 69, 70, 71, 72, 73, 74, 
      75, 77, 78, 80 ], 
  [ 1, 2, 3, 4, 5, 6, 8, 10, 15, 16, 18, 20, 21, 23, 25, 30, 31, 33, 35, 37, 
      38, 41, 44, 46, 48, 52, 53, 56, 59, 61, 63, 66, 67, 74, 75, 77, 78, 80 ]
    , [ 1, 2, 3, 5, 6, 8, 12, 14, 17, 18, 21, 24, 27, 29, 30, 33, 35, 37, 40, 
      43, 45, 46, 49, 55, 59, 61, 65, 70, 72, 73, 76, 77, 79 ], 
  [ 1, 2, 4, 5, 9, 11, 12, 13, 15, 16, 17, 18, 21, 22, 23, 25, 29, 50, 51, 
      55, 57, 58, 59, 61, 62, 63, 64, 67, 68, 71, 72, 78 ], 
  [ 1, 2, 3, 4, 5, 6, 7, 9, 13, 14, 16, 20, 22, 23, 24, 25, 27, 29, 30, 31, 
      32, 34, 37, 44, 51, 52, 53, 55, 59, 60, 62, 66, 67, 68, 69, 72, 73, 75, 
      78, 79 ], 
  [ 1, 2, 3, 4, 5, 6, 7, 11, 14, 17, 21, 23, 26, 27, 28, 29, 33, 36, 38, 41, 
      48, 51, 52, 53, 57, 60, 63, 66, 67, 69, 70, 71, 72, 77, 79, 80 ], 
  [ 1, 2, 3, 4, 5, 6, 7, 8, 9, 13, 14, 15, 16, 20, 23, 24, 27, 30, 31, 34, 
      37, 44, 51, 52, 55, 59, 62, 66, 69, 72, 73, 78, 79 ], 
  [ 1, 2, 3, 4, 5, 6, 8, 9, 10, 11, 16, 18, 19, 20, 34, 38, 39, 46, 52, 53, 
      54, 56, 59, 61, 62, 63, 64, 67, 75, 76, 77, 78, 80 ], 
  [ 1, 2, 3, 6, 7, 8, 10, 13, 14, 15, 17, 20, 23, 24, 26, 30, 31, 33, 38, 45, 
      51, 52, 54, 56, 59, 61, 63, 67, 68, 70, 75, 76, 77 ], 
  [ 1, 2, 3, 4, 5, 6, 8, 9, 10, 11, 13, 15, 16, 17, 18, 20, 24, 26, 27, 31, 
      33, 34, 37, 38, 39, 41, 44, 45, 46, 48, 51, 52, 54, 55, 56, 57, 59, 61, 
      62, 63, 64, 67, 74, 75, 77 ], 
  [ 1, 2, 3, 4, 5, 6, 7, 8, 9, 12, 13, 14, 15, 16, 19, 20, 21, 22, 23, 24, 
      27, 28, 29, 30, 31, 34, 35, 36, 38, 39, 41, 42, 43, 45, 46, 48, 49, 50, 
      51, 53, 54, 56, 57, 58, 60, 61, 63, 64, 65, 66, 67, 68, 69, 71, 72, 74, 
      76, 77, 79, 80 ], 
  [ 1, 2, 3, 5, 9, 11, 12, 19, 20, 21, 23, 24, 25, 26, 31, 33, 34, 35, 36, 
      37, 39, 40, 41, 42, 47, 49, 50, 52, 53, 54, 56, 59, 61, 62, 63, 64, 66, 
      74, 78, 80 ], 
  [ 1, 2, 3, 4, 5, 6, 7, 8, 9, 10, 11, 12, 13, 14, 17, 20, 21, 22, 23, 24, 
      25, 26, 27, 28, 29, 32, 35, 36, 37, 38, 39, 40, 41, 42, 43, 44, 45, 48, 
      51, 52, 53, 54, 55, 56, 57, 58, 59, 60, 63, 66, 67, 68, 69, 70, 71, 72, 
      73, 74, 75, 76, 77, 78, 79, 80 ], 
  [ 1, 2, 3, 4, 5, 6, 7, 8, 11, 12, 14, 17, 18, 21, 23, 24, 27, 28, 29, 30, 
      33, 34, 36, 38, 41, 42, 48, 51, 52, 53, 54, 57, 58, 60, 63, 64, 66, 67, 
      69, 70, 71, 72, 77, 79, 80 ], 
  [ 1, 2, 3, 6, 7, 8, 9, 10, 11, 13, 14, 15, 16, 17, 18, 20, 21, 24, 25, 26, 
      27, 28, 31, 32, 33, 34, 37, 38, 39, 40, 41, 42, 44, 45, 46, 47, 48, 49, 
      51, 52, 55, 56, 57, 58, 59, 62, 63, 64, 65, 66, 67, 68, 70, 74, 75, 77 ]
    , [ 1, 2, 3, 5, 6, 8, 9, 10, 13, 14, 17, 24, 27, 31, 37, 38, 41, 45, 51, 
      55, 59, 63, 66, 68, 69, 70, 76, 78, 80 ], 
  [ 1, 2, 3, 5, 6, 7, 8, 12, 13, 14, 20, 26, 27, 29, 35, 36, 42, 43, 45, 57, 
      63, 64, 66, 68, 69, 72, 74, 76, 80 ], 
  [ 1, 2, 3, 5, 8, 12, 14, 16, 25, 27, 29, 30, 35, 41, 43, 45, 46, 56, 57, 
      61, 63, 65, 66, 68, 69, 72, 74, 76 ], 
  [ 1, 2, 3, 7, 8, 10, 12, 14, 16, 19, 22, 24, 27, 31, 35, 38, 40, 43, 47, 
      51, 55, 59, 66, 69, 70, 72 ], 
  [ 1, 2, 3, 6, 7, 8, 10, 14, 24, 26, 27, 30, 31, 33, 38, 51, 54, 55, 57, 59, 
      61, 63, 66, 69, 78, 80 ], 
  [ 1, 2, 3, 5, 6, 8, 9, 10, 11, 13, 14, 15, 17, 27, 31, 33, 34, 37, 38, 39, 
      41, 45, 51, 55, 57, 58, 59, 61, 62, 63, 64, 66, 68, 69, 70, 76, 78, 80 ]
    , [ 1, 2, 3, 5, 6, 8, 12, 14, 17, 18, 21, 24, 27, 29, 30, 33, 35, 37, 40, 
      43, 45, 46, 49, 55, 59, 61, 65, 66, 69, 70, 72, 74, 76, 78 ], 
  [ 1, 2, 3, 5, 6, 7, 8, 12, 14, 17, 21, 24, 27, 29, 35, 37, 40, 43, 45, 55, 
      59, 65, 66, 69, 70, 72, 74, 76, 78 ], 
  [ 1, 2, 3, 6, 8, 9, 12, 14, 17, 18, 24, 29, 30, 33, 35, 40, 45, 46, 49, 59, 
      61, 65, 66, 69, 70, 72, 74, 76, 78 ], 
  [ 1, 2, 3, 4, 5, 6, 8, 12, 14, 17, 18, 21, 24, 27, 35, 45, 46, 49, 55, 59, 
      61, 65, 66, 67, 69, 70, 74, 76, 78 ], 
  [ 1, 2, 3, 5, 7, 8, 9, 10, 12, 18, 19, 21, 31, 34, 38, 46, 48, 49, 59, 60, 
      62, 66, 67, 74, 77, 78 ], 
  [ 1, 2, 3, 4, 5, 7, 8, 9, 10, 12, 13, 14, 16, 27, 31, 34, 38, 51, 53, 54, 
      55, 56, 58, 59, 60, 62, 66, 67, 69, 70, 73, 79, 80 ], 
  [ 1, 2, 3, 5, 8, 12, 14, 16, 25, 27, 29, 30, 35, 41, 43, 45, 46, 56, 57, 
      61, 63, 65, 68, 72, 76, 79 ], 
  [ 1, 2, 3, 5, 8, 12, 14, 16, 25, 27, 29, 30, 35, 41, 43, 45, 46, 56, 57, 
      61, 63, 65, 72, 76, 79, 80 ], 
  [ 1, 2, 3, 4, 5, 7, 8, 12, 14, 16, 23, 25, 27, 29, 30, 34, 36, 38, 40, 44, 
      47, 51, 53, 54, 58, 60, 62, 66, 67, 69, 72, 75, 79 ], 
  [ 1, 2, 3, 5, 6, 7, 8, 13, 26, 30, 31, 34, 37, 51, 54, 57, 58, 59, 62, 66, 
      68, 69, 72, 73, 78, 79 ], 
  [ 1, 2, 3, 4, 5, 7, 8, 9, 15, 17, 19, 36, 39, 41, 43, 48, 49, 50, 51, 63, 
      65, 66, 67, 69, 70, 72, 77, 80 ], 
  [ 1, 2, 3, 5, 9, 12, 19, 20, 23, 34, 35, 36, 39, 50, 53, 54, 56, 61, 63, 
      64, 66, 68, 71, 74, 75, 79 ], 
  [ 1, 2, 3, 5, 8, 9, 13, 14, 15, 16, 20, 27, 30, 35, 36, 43, 46, 57, 58, 63, 
      64, 65, 68, 71, 72, 75, 76, 79 ], 
  [ 1, 2, 3, 6, 7, 8, 9, 10, 11, 13, 14, 15, 16, 17, 18, 20, 27, 34, 38, 39, 
      45, 46, 51, 52, 55, 56, 57, 58, 59, 62, 63, 64, 65, 67, 68, 70, 75, 76, 
      77 ], 
  [ 1, 2, 3, 5, 6, 8, 9, 13, 14, 15, 20, 27, 30, 35, 36, 43, 46, 58, 64, 65, 
      66, 69, 73, 74, 77, 80 ], 
  [ 1, 2, 3, 4, 5, 6, 7, 8, 14, 17, 24, 28, 30, 31, 34, 41, 51, 54, 57, 58, 
      63, 64, 67, 68, 69, 77 ], 
  [ 1, 2, 3, 4, 5, 6, 7, 8, 14, 17, 24, 28, 30, 31, 34, 41, 51, 54, 57, 58, 
      63, 64, 67, 68, 69, 71 ], 
  [ 1, 2, 3, 4, 5, 6, 7, 8, 14, 17, 24, 28, 30, 31, 34, 41, 51, 54, 57, 58, 
      63, 64, 67, 69, 70, 77, 80 ], 
  [ 1, 2, 3, 4, 5, 6, 7, 8, 14, 17, 24, 30, 31, 34, 41, 51, 54, 57, 58, 63, 
      64, 66, 67, 68, 69, 71 ], 
  [ 1, 2, 3, 4, 5, 7, 8, 12, 14, 16, 23, 25, 27, 29, 30, 34, 36, 38, 40, 44, 
      47, 51, 53, 54, 58, 60, 62, 66, 67, 69, 72, 73, 79 ], 
  [ 1, 2, 3, 4, 5, 6, 7, 8, 11, 12, 13, 14, 15, 18, 19, 20, 37, 39, 40, 43, 
      44, 46, 47, 50, 51, 52, 58, 59, 65, 66, 67, 69, 70, 73 ], 
  [ 1, 2, 3, 4, 5, 6, 7, 8, 11, 12, 14, 17, 18, 27, 33, 34, 36, 38, 41, 42, 
      48, 51, 57, 58, 63, 64, 66, 67, 68, 69, 71 ], 
  [ 1, 2, 5, 6, 8, 9, 13, 14, 15, 21, 22, 23, 29, 35, 43, 47, 50, 51, 55, 58, 
      59, 61, 62, 67, 68, 69, 70, 72, 74 ], 
  [ 1, 2, 3, 5, 6, 7, 8, 13, 14, 27, 28, 30, 31, 34, 38, 51, 54, 57, 58, 59, 
      60, 61, 66, 67, 69, 70, 80 ], 
  [ 1, 2, 3, 5, 7, 8, 9, 13, 14, 16, 27, 30, 31, 34, 38, 51, 54, 56, 58, 60, 
      61, 62, 66, 68, 69, 79 ], 
  [ 1, 2, 3, 5, 7, 8, 9, 13, 14, 16, 27, 30, 31, 34, 38, 51, 54, 56, 58, 60, 
      61, 62, 66, 67, 68, 69 ], 
  [ 1, 2, 5, 6, 8, 10, 11, 14, 15, 17, 20, 21, 24, 28, 30, 35, 36, 43, 49, 
      58, 62, 65, 69, 70, 71, 72, 73 ], 
  [ 1, 2, 3, 4, 5, 6, 9, 11, 16, 19, 25, 32, 33, 40, 52, 54, 56, 57, 59, 62, 
      64, 67, 74, 75, 78, 80 ], 
  [ 1, 2, 3, 5, 6, 8, 9, 13, 14, 15, 27, 30, 31, 33, 34, 37, 51, 55, 58, 59, 
      61, 62, 66, 68, 69, 78 ], 
  [ 1, 2, 3, 5, 7, 8, 14, 16, 25, 27, 30, 34, 38, 40, 44, 47, 51, 54, 58, 60, 
      61, 62, 66, 69, 75, 79 ], 
  [ 1, 2, 3, 7, 8, 14, 16, 18, 21, 25, 27, 34, 38, 40, 42, 44, 47, 48, 49, 
      50, 51, 58, 66, 69, 71, 75 ], 
  [ 1, 2, 3, 5, 7, 8, 14, 16, 25, 27, 30, 34, 38, 40, 44, 47, 51, 54, 58, 60, 
      61, 62, 66, 67, 69, 73 ], 
  [ 1, 2, 3, 4, 5, 8, 13, 19, 22, 25, 26, 29, 30, 33, 37, 40, 43, 47, 51, 54, 
      59, 65, 67, 68, 72, 75, 78 ], 
  [ 1, 2, 3, 5, 6, 8, 12, 13, 16, 19, 25, 29, 32, 33, 40, 51, 53, 54, 57, 59, 
      61, 65, 67, 74, 75, 80 ], 
  [ 1, 2, 3, 4, 6, 7, 8, 13, 15, 16, 20, 21, 23, 24, 31, 34, 44, 52, 59, 62, 
      66, 69, 72, 73, 78, 79 ], 
  [ 1, 2, 3, 5, 6, 8, 9, 17, 20, 24, 27, 32, 33, 35, 40, 46, 48, 49, 64, 65, 
      66, 69, 70, 73, 74, 75, 76, 77 ], 
  [ 1, 2, 3, 4, 5, 6, 7, 8, 9, 15, 16, 19, 20, 21, 22, 23, 24, 30, 31, 34, 
      35, 37, 44, 47, 52, 59, 62, 66, 67, 69, 70, 72, 73, 74, 75, 76, 78, 79 ]
    , [ 1, 2, 3, 4, 6, 7, 11, 13, 14, 20, 21, 22, 39, 42, 43, 44, 49, 50, 52, 
      57, 58, 59, 66, 69, 72, 73, 78, 79 ], 
  [ 1, 2, 3, 5, 7, 8, 10, 11, 12, 13, 16, 25, 26, 28, 29, 30, 31, 34, 36, 38, 
      39, 41, 42, 43, 44, 47, 56, 57, 59, 60, 61, 62, 65, 66, 67, 68, 69, 72, 
      73, 74, 75, 76, 79, 80 ], 
  [ 1, 2, 3, 4, 5, 6, 8, 9, 15, 17, 18, 20, 24, 27, 33, 34, 48, 51, 63, 64, 
      66, 69, 71, 72, 79, 80 ], 
  [ 1, 2, 3, 4, 5, 6, 7, 8, 11, 12, 13, 19, 20, 39, 44, 46, 47, 50, 59, 65, 
      66, 67, 68, 69, 75, 76, 78, 79 ], 
  [ 1, 2, 3, 4, 5, 6, 7, 8, 9, 12, 14, 15, 17, 18, 19, 20, 21, 24, 27, 34, 
      48, 49, 51, 58, 63, 64, 65, 66, 69, 71, 72, 79, 80 ], 
  [ 1, 2, 3, 4, 5, 6, 7, 8, 9, 10, 11, 12, 13, 16, 19, 22, 25, 28, 29, 32, 
      40, 43, 47, 50, 59, 62, 65, 67, 68, 69, 70, 72, 73, 74, 75, 78, 79, 80 ]
    , [ 1, 2, 3, 4, 7, 9, 13, 14, 20, 22, 25, 35, 39, 40, 43, 45, 47, 48, 50, 
      56, 58, 63, 66, 67, 68, 69, 74, 76, 77, 80 ], 
  [ 1, 2, 3, 6, 8, 9, 13, 14, 15, 18, 21, 27, 33, 34, 35, 37, 43, 49, 50, 51, 
      58, 66, 69, 71, 72, 73 ], 
  [ 1, 2, 3, 6, 8, 9, 13, 14, 15, 18, 21, 24, 27, 28, 33, 34, 35, 37, 40, 43, 
      44, 49, 50, 58, 65, 66, 69, 71, 72, 73 ], 
  [ 1, 2, 3, 4, 6, 7, 8, 12, 14, 17, 18, 29, 33, 34, 36, 38, 42, 43, 48, 58, 
      63, 64, 67, 69, 74, 77 ], 
  [ 1, 2, 3, 5, 6, 8, 13, 14, 15, 20, 24, 28, 30, 35, 36, 40, 44, 46, 55, 58, 
      62, 66, 69, 71, 72, 73 ], 
  [ 1, 2, 3, 6, 7, 9, 12, 14, 17, 18, 19, 20, 21, 27, 32, 34, 35, 36, 37, 43, 
      48, 50, 51, 66, 69, 71, 72, 73 ], 
  [ 1, 2, 3, 5, 6, 7, 8, 13, 14, 27, 28, 30, 31, 34, 38, 51, 54, 57, 58, 59, 
      60, 61, 66, 69, 79, 80 ], 
  [ 1, 2, 3, 5, 6, 7, 8, 13, 14, 27, 28, 30, 31, 34, 38, 51, 54, 57, 58, 59, 
      60, 61, 66, 67, 68, 69 ], 
  [ 1, 2, 3, 4, 5, 6, 8, 12, 14, 15, 18, 37, 39, 40, 43, 46, 52, 58, 59, 61, 
      65, 66, 67, 69, 70, 73 ], 
  [ 1, 2, 3, 5, 6, 7, 8, 14, 20, 23, 26, 27, 28, 29, 30, 57, 60, 61, 63, 64, 
      66, 67, 69, 70, 77, 80 ], 
  [ 1, 2, 3, 4, 5, 6, 8, 9, 12, 13, 14, 15, 20, 27, 40, 44, 46, 47, 55, 58, 
      59, 61, 62, 65, 66, 69, 72, 73, 78, 79 ], 
  [ 1, 2, 3, 6, 9, 11, 16, 20, 24, 34, 39, 41, 48, 49, 52, 56, 57, 59, 62, 
      64, 66, 67, 68, 75, 77, 78 ], 
  [ 1, 2, 3, 4, 5, 6, 8, 12, 14, 15, 18, 21, 24, 27, 30, 34, 48, 51, 63, 64, 
      66, 69, 71, 72, 79, 80 ], 
  [ 1, 2, 3, 4, 5, 6, 8, 12, 14, 15, 18, 21, 24, 27, 28, 30, 34, 48, 51, 60, 
      63, 64, 66, 67, 69, 71, 77, 79, 80 ], 
  [ 1, 2, 3, 4, 6, 7, 9, 14, 15, 16, 20, 22, 23, 24, 30, 34, 44, 52, 59, 62, 
      66, 69, 72, 73, 78, 79 ], 
  [ 1, 2, 3, 4, 6, 7, 9, 14, 15, 16, 20, 22, 23, 24, 30, 32, 34, 44, 52, 59, 
      60, 62, 66, 67, 69, 73, 75, 78, 79 ], 
  [ 1, 2, 3, 5, 6, 8, 9, 14, 20, 24, 27, 28, 29, 30, 32, 43, 46, 49, 64, 65, 
      66, 69, 70, 73, 74, 77 ], 
  [ 1, 2, 3, 4, 5, 6, 8, 9, 12, 15, 18, 24, 27, 34, 36, 48, 49, 51, 58, 64, 
      66, 69, 71, 72, 79, 80 ], 
  [ 1, 2, 3, 4, 5, 6, 8, 12, 14, 15, 18, 27, 33, 34, 37, 52, 55, 58, 59, 65, 
      66, 69, 72, 73, 78, 79 ], 
  [ 1, 2, 3, 4, 5, 6, 8, 12, 14, 15, 18, 20, 27, 33, 37, 40, 44, 46, 52, 55, 
      58, 59, 61, 65, 66, 69, 72, 73, 78, 79 ], 
  [ 1, 2, 3, 4, 5, 6, 7, 8, 13, 15, 16, 19, 28, 36, 39, 42, 43, 50, 51, 65, 
      66, 67, 69, 70, 77, 80 ], 
  [ 1, 2, 3, 4, 5, 6, 8, 9, 15, 17, 18, 24, 36, 49, 51, 55, 58, 64, 65, 66, 
      69, 70, 71, 72, 73, 80 ], 
  [ 1, 2, 3, 4, 5, 6, 7, 8, 13, 15, 16, 19, 28, 36, 39, 42, 43, 50, 51, 65, 
      67, 69, 70, 74, 77, 80 ], 
  [ 1, 2, 3, 4, 5, 6, 8, 11, 12, 13, 14, 26, 27, 33, 36, 37, 38, 45, 51, 57, 
      60, 63, 66, 67, 68, 69, 76, 79, 80 ], 
  [ 1, 2, 3, 4, 5, 6, 7, 8, 12, 14, 18, 21, 27, 34, 42, 48, 49, 51, 58, 64, 
      66, 69, 71, 72, 79, 80 ], 
  [ 1, 2, 3, 4, 5, 6, 7, 8, 14, 17, 20, 21, 23, 24, 27, 45, 52, 54, 55, 59, 
      60, 61, 66, 67, 69, 70, 76, 78, 79 ], 
  [ 1, 2, 3, 4, 5, 6, 7, 8, 14, 15, 17, 18, 29, 32, 36, 39, 42, 43, 49, 51, 
      63, 64, 67, 68, 69, 74 ], 
  [ 1, 2, 3, 6, 7, 8, 9, 11, 12, 14, 17, 18, 20, 21, 27, 32, 35, 36, 37, 43, 
      48, 51, 66, 69, 71, 72, 73 ], 
  [ 1, 2, 3, 4, 6, 7, 9, 13, 16, 22, 23, 24, 25, 31, 32, 34, 52, 53, 55, 59, 
      62, 67, 68, 69, 70, 73, 75, 78, 79, 80 ], 
  [ 1, 2, 3, 5, 6, 7, 8, 10, 11, 13, 14, 20, 26, 27, 28, 35, 36, 42, 43, 44, 
      58, 65, 66, 69, 71, 72, 73 ], 
  [ 1, 2, 3, 7, 8, 9, 11, 12, 13, 14, 19, 21, 22, 27, 28, 35, 37, 38, 43, 44, 
      51, 52, 66, 69, 71, 72, 73 ], 
  [ 1, 2, 3, 4, 5, 8, 9, 13, 14, 23, 24, 27, 30, 31, 36, 37, 44, 51, 55, 59, 
      66, 69, 72, 73, 78, 79 ], 
  [ 1, 2, 3, 4, 6, 8, 11, 14, 17, 23, 26, 27, 33, 36, 37, 38, 48, 51, 52, 57, 
      63, 66, 69, 71, 72, 79, 80 ], 
  [ 1, 2, 3, 4, 5, 8, 9, 13, 14, 15, 24, 27, 30, 31, 36, 37, 44, 51, 55, 59, 
      66, 69, 72, 73, 78, 79 ], 
  [ 1, 2, 3, 4, 6, 11, 14, 17, 23, 26, 27, 28, 29, 33, 36, 37, 38, 48, 52, 
      57, 60, 63, 66, 67, 69, 70, 71, 72, 77, 79, 80 ], 
  [ 1, 2, 3, 4, 6, 8, 9, 13, 14, 18, 21, 24, 27, 44, 46, 49, 55, 59, 64, 65, 
      66, 69, 72, 73, 78, 79 ], 
  [ 1, 2, 3, 5, 7, 9, 10, 13, 23, 24, 25, 27, 28, 29, 31, 36, 38, 40, 41, 44, 
      54, 55, 56, 58, 59, 60, 62, 66, 67, 68, 69, 72, 73, 74, 75, 76, 79, 80 ]
    , [ 1, 2, 3, 4, 5, 6, 8, 12, 15, 18, 20, 29, 33, 37, 40, 43, 44, 46, 50, 
      52, 59, 61, 67, 69, 72, 73, 74, 75, 79 ], 
  [ 1, 2, 3, 4, 6, 12, 15, 20, 23, 27, 29, 33, 37, 40, 44, 46, 50, 52, 58, 
      61, 67, 69, 72, 73, 74, 79 ], 
  [ 1, 2, 3, 6, 8, 9, 10, 16, 17, 18, 25, 26, 33, 35, 41, 42, 49, 51, 65, 68, 
      69, 71, 73, 75, 77, 80 ], 
  [ 1, 2, 3, 6, 8, 10, 13, 16, 17, 18, 25, 26, 33, 35, 41, 42, 49, 51, 57, 
      65, 68, 69, 71, 73, 75, 77, 80 ], 
  [ 1, 2, 3, 4, 6, 12, 15, 20, 21, 23, 27, 29, 33, 40, 44, 46, 50, 52, 58, 
      61, 67, 69, 72, 73, 74, 79 ], 
  [ 1, 2, 3, 4, 6, 7, 9, 15, 16, 21, 29, 31, 36, 38, 39, 40, 46, 48, 50, 53, 
      61, 63, 67, 69, 71, 72, 74, 77, 79 ], 
  [ 1, 2, 3, 4, 5, 6, 7, 8, 9, 12, 19, 20, 22, 23, 25, 26, 27, 32, 33, 34, 
      52, 55, 59, 62, 65, 67, 69, 70, 73, 75, 78, 79 ], 
  [ 1, 2, 3, 4, 6, 7, 8, 9, 12, 17, 18, 19, 21, 24, 29, 34, 36, 38, 43, 48, 
      52, 53, 63, 67, 69, 71, 72, 74, 77, 79 ], 
  [ 1, 2, 3, 4, 5, 6, 8, 11, 13, 15, 18, 20, 22, 26, 29, 33, 37, 39, 43, 44, 
      46, 50, 51, 52, 54, 57, 59, 61, 64, 67, 69, 72, 73, 74, 75, 79 ], 
  [ 1, 2, 3, 4, 5, 6, 8, 12, 15, 18, 21, 24, 27, 28, 30, 34, 51, 63, 64, 67, 
      68, 69, 71, 77, 79, 80 ], 
  [ 1, 2, 3, 4, 5, 6, 8, 11, 12, 18, 21, 23, 24, 27, 28, 30, 33, 34, 51, 57, 
      63, 64, 67, 68, 69, 71, 77, 79, 80 ], 
  [ 1, 2, 3, 5, 7, 8, 9, 12, 15, 19, 20, 21, 24, 31, 34, 35, 36, 37, 40, 47, 
      50, 52, 59, 62, 66, 69, 70, 72, 74, 76, 78 ], 
  [ 1, 2, 3, 5, 7, 8, 9, 12, 16, 20, 25, 27, 34, 35, 36, 41, 43, 50, 56, 63, 
      65, 66, 68, 69, 72, 74, 76, 80 ], 
  [ 1, 2, 3, 4, 5, 9, 12, 14, 15, 16, 17, 27, 31, 34, 36, 41, 48, 51, 58, 63, 
      66, 69, 71, 72, 79, 80 ], 
  [ 1, 2, 3, 4, 5, 6, 8, 10, 15, 16, 18, 38, 39, 46, 52, 53, 56, 59, 61, 63, 
      67, 75, 76, 77, 78, 80 ], 
  [ 1, 2, 3, 4, 5, 6, 8, 10, 15, 16, 18, 20, 38, 46, 52, 53, 56, 59, 61, 63, 
      67, 75, 76, 77, 78, 80 ], 
  [ 1, 2, 3, 4, 5, 6, 8, 9, 12, 13, 14, 15, 20, 26, 27, 32, 33, 40, 44, 46, 
      47, 58, 61, 64, 65, 66, 68, 69, 72, 73, 75, 78, 79 ], 
  [ 1, 2, 3, 5, 6, 8, 14, 15, 18, 21, 27, 30, 35, 37, 43, 46, 55, 58, 59, 65, 
      70, 72, 73, 76, 77, 79 ], 
  [ 1, 2, 3, 5, 8, 14, 15, 16, 20, 25, 27, 30, 35, 36, 41, 43, 46, 56, 57, 
      58, 63, 65, 68, 71, 72, 75, 76, 79 ], 
  [ 1, 2, 3, 5, 6, 9, 11, 12, 13, 15, 20, 28, 32, 43, 46, 47, 49, 64, 68, 69, 
      70, 73, 74, 75, 77, 80 ], 
  [ 1, 2, 3, 4, 6, 8, 13, 20, 21, 25, 35, 39, 40, 42, 47, 49, 50, 51, 57, 68, 
      69, 70, 73, 74, 75, 77, 80 ], 
  [ 1, 2, 3, 4, 5, 6, 8, 23, 24, 27, 30, 33, 34, 36, 38, 41, 48, 51, 54, 57, 
      63, 64, 66, 67, 68, 69, 71, 76, 77, 79, 80 ], 
  [ 1, 2, 3, 4, 5, 6, 8, 9, 10, 11, 16, 18, 19, 20, 34, 35, 37, 44, 47, 66, 
      69, 70, 73, 75, 76, 78 ], 
  [ 1, 2, 3, 4, 5, 6, 7, 8, 15, 16, 19, 37, 39, 40, 47, 52, 59, 62, 66, 67, 
      69, 70, 72, 73, 78, 79 ], 
  [ 1, 2, 3, 4, 5, 6, 7, 8, 9, 12, 19, 21, 22, 23, 24, 28, 29, 30, 31, 34, 
      52, 55, 59, 62, 65, 67, 69, 70, 72, 74, 78, 79 ], 
  [ 1, 2, 3, 5, 6, 7, 8, 9, 12, 17, 24, 27, 32, 33, 34, 37, 38, 52, 55, 60, 
      63, 66, 67, 69, 70, 76, 78, 79 ], 
  [ 1, 2, 3, 4, 5, 6, 7, 8, 9, 15, 16, 19, 37, 40, 47, 52, 59, 62, 66, 67, 
      69, 70, 72, 73, 78, 79 ], 
  [ 1, 2, 3, 4, 5, 6, 7, 8, 9, 15, 16, 19, 22, 29, 30, 32, 37, 40, 47, 52, 
      59, 62, 67, 69, 70, 72, 73, 74, 75, 78, 79 ], 
  [ 1, 2, 3, 6, 7, 8, 10, 14, 27, 31, 33, 34, 38, 51, 55, 57, 58, 59, 61, 62, 
      63, 64, 66, 67, 68, 70 ], 
  [ 1, 2, 3, 5, 8, 14, 15, 16, 20, 25, 27, 30, 35, 36, 41, 43, 46, 56, 57, 
      58, 63, 65, 66, 69, 74, 80 ], 
  [ 1, 2, 3, 5, 8, 14, 15, 16, 20, 25, 27, 30, 35, 36, 41, 43, 46, 56, 57, 
      58, 63, 65, 71, 75, 78, 79 ], 
  [ 1, 2, 3, 6, 7, 8, 10, 14, 27, 31, 33, 34, 38, 51, 55, 57, 58, 59, 61, 62, 
      63, 64, 66, 68, 69, 70 ], 
  [ 1, 2, 3, 4, 5, 6, 8, 12, 14, 15, 21, 24, 27, 28, 46, 49, 58, 61, 65, 66, 
      69, 70, 72, 77, 79, 80 ], 
  [ 1, 2, 3, 4, 5, 8, 12, 14, 15, 20, 21, 24, 27, 28, 46, 49, 58, 61, 65, 66, 
      69, 70, 72, 77, 79, 80 ], 
  [ 1, 2, 3, 5, 6, 7, 9, 14, 15, 16, 17, 19, 21, 29, 31, 35, 37, 45, 47, 59, 
      70, 72, 73, 76, 77, 79 ], 
  [ 1, 2, 3, 4, 6, 11, 13, 14, 20, 21, 22, 29, 32, 39, 42, 43, 44, 49, 52, 
      57, 59, 60, 66, 67, 68, 69, 72, 73, 75, 78, 79 ], 
  [ 1, 2, 3, 4, 5, 6, 8, 12, 14, 15, 18, 27, 37, 46, 52, 55, 58, 59, 61, 65, 
      66, 69, 70, 72, 73, 79 ], 
  [ 1, 2, 3, 4, 5, 6, 8, 12, 14, 15, 18, 20, 21, 27, 46, 52, 55, 58, 59, 61, 
      65, 66, 69, 70, 72, 73, 79 ], 
  [ 1, 2, 3, 4, 5, 6, 8, 12, 14, 15, 18, 20, 21, 27, 46, 52, 55, 58, 59, 61, 
      65, 66, 69, 72, 78, 79 ], 
  [ 1, 2, 3, 4, 5, 6, 9, 11, 16, 19, 21, 28, 31, 42, 52, 54, 56, 57, 59, 62, 
      64, 67, 74, 77, 78, 80 ], 
  [ 1, 2, 3, 4, 5, 9, 19, 20, 25, 26, 33, 34, 35, 37, 39, 40, 47, 54, 56, 63, 
      64, 66, 75, 78, 79, 80 ], 
  [ 1, 2, 3, 4, 6, 11, 13, 20, 21, 22, 39, 42, 43, 44, 49, 50, 52, 57, 59, 
      66, 67, 68, 69, 72, 73, 75, 78, 79 ], 
  [ 1, 2, 3, 4, 5, 7, 8, 10, 11, 12, 13, 14, 20, 25, 39, 40, 43, 44, 47, 51, 
      58, 59, 66, 67, 69, 70, 73 ], 
  [ 1, 2, 3, 4, 5, 6, 7, 8, 14, 17, 20, 21, 39, 42, 48, 49, 51, 54, 57, 58, 
      63, 64, 66, 69, 71, 72, 79, 80 ], 
  [ 1, 2, 3, 4, 5, 6, 7, 8, 9, 23, 24, 30, 31, 34, 37, 52, 55, 59, 62, 66, 
      67, 69, 70, 72, 73, 78, 79 ], 
  [ 1, 2, 3, 8, 9, 10, 12, 19, 20, 22, 24, 25, 31, 32, 34, 41, 48, 50, 63, 
      66, 69, 71, 72, 74, 76, 77 ], 
  [ 1, 2, 3, 4, 5, 6, 7, 8, 23, 30, 31, 34, 37, 52, 54, 55, 59, 62, 66, 67, 
      69, 70, 72, 73, 78, 79 ], 
  [ 1, 2, 3, 5, 6, 7, 8, 11, 12, 20, 21, 27, 29, 32, 33, 36, 42, 43, 48, 49, 
      63, 64, 66, 69, 71, 72, 74, 76, 77 ], 
  [ 1, 2, 3, 4, 5, 6, 7, 8, 9, 10, 13, 16, 20, 24, 31, 35, 39, 41, 46, 47, 
      48, 62, 65, 66, 68, 69, 71, 76, 77, 80 ], 
  [ 1, 2, 3, 4, 6, 11, 13, 20, 21, 22, 39, 42, 43, 44, 49, 50, 52, 57, 59, 
      67, 69, 72, 73, 74, 75, 79 ], 
  [ 1, 2, 3, 5, 6, 9, 10, 11, 12, 16, 18, 19, 20, 34, 35, 36, 50, 66, 68, 69, 
      70, 71, 73, 74, 75, 77 ], 
  [ 1, 2, 3, 4, 6, 11, 23, 26, 27, 28, 33, 34, 36, 37, 38, 52, 57, 66, 67, 
      69, 70, 71, 72, 77, 79, 80 ], 
  [ 1, 2, 3, 4, 5, 8, 15, 20, 21, 25, 28, 32, 39, 40, 42, 46, 47, 49, 51, 54, 
      61, 67, 68, 70, 71, 72, 73, 74, 78, 80 ], 
  [ 1, 2, 3, 5, 6, 8, 9, 10, 11, 16, 18, 19, 20, 34, 35, 36, 50, 66, 68, 69, 
      70, 71, 73, 74, 75, 77 ], 
  [ 1, 2, 3, 4, 6, 11, 13, 20, 21, 22, 29, 39, 42, 43, 44, 49, 52, 57, 59, 
      67, 69, 72, 73, 74, 75, 79 ], 
  [ 1, 2, 3, 4, 5, 6, 9, 13, 16, 20, 22, 23, 24, 27, 29, 30, 31, 34, 37, 44, 
      51, 52, 55, 59, 62, 67, 69, 72, 73, 74, 75, 79 ], 
  [ 1, 2, 3, 4, 5, 7, 8, 9, 15, 19, 21, 22, 24, 29, 30, 31, 52, 59, 62, 67, 
      69, 70, 72, 74, 78, 79 ], 
  [ 1, 2, 3, 4, 5, 6, 8, 12, 18, 29, 30, 33, 37, 40, 43, 52, 55, 59, 61, 65, 
      67, 69, 70, 72, 74, 78, 79 ], 
  [ 1, 2, 3, 4, 5, 6, 8, 12, 15, 18, 20, 21, 29, 40, 43, 46, 50, 52, 59, 61, 
      67, 69, 70, 72, 73, 74, 79 ], 
  [ 1, 2, 3, 4, 5, 6, 9, 21, 22, 24, 29, 30, 31, 51, 54, 55, 61, 63, 65, 67, 
      68, 69, 72, 74, 79, 80 ], 
  [ 1, 2, 3, 4, 6, 7, 8, 9, 13, 16, 19, 22, 25, 32, 40, 47, 52, 53, 54, 55, 
      59, 62, 65, 67, 68, 69, 70, 73, 75, 78, 79, 80 ], 
  [ 1, 2, 3, 4, 6, 8, 9, 10, 16, 17, 18, 20, 24, 25, 26, 33, 34, 35, 51, 65, 
      68, 69, 70, 74, 75, 77 ], 
  [ 1, 2, 3, 4, 5, 6, 8, 12, 15, 18, 29, 37, 40, 43, 46, 50, 52, 59, 61, 67, 
      69, 70, 72, 73, 74, 79 ], 
  [ 1, 2, 3, 4, 5, 6, 8, 15, 18, 29, 37, 39, 40, 43, 46, 50, 52, 59, 61, 67, 
      69, 70, 72, 73, 74, 79 ], 
  [ 1, 2, 3, 4, 5, 6, 8, 9, 16, 19, 22, 23, 30, 37, 40, 47, 52, 59, 62, 67, 
      69, 72, 73, 74, 75, 79 ], 
  [ 1, 2, 3, 4, 6, 8, 12, 14, 15, 20, 27, 33, 37, 40, 44, 46, 52, 58, 61, 65, 
      66, 69, 72, 75, 78, 79 ], 
  [ 1, 2, 3, 4, 5, 6, 8, 12, 14, 15, 20, 27, 33, 37, 40, 44, 46, 58, 61, 65, 
      66, 69, 72, 75, 78, 79 ], 
  [ 1, 2, 3, 4, 5, 8, 9, 19, 21, 24, 31, 41, 42, 49, 51, 54, 56, 63, 64, 65, 
      68, 74, 76, 77, 78, 79 ], 
  [ 1, 2, 3, 4, 5, 6, 7, 8, 14, 17, 23, 29, 30, 32, 33, 36, 51, 54, 57, 58, 
      63, 64, 67, 68, 69, 74 ], 
  [ 1, 2, 3, 4, 5, 6, 7, 8, 14, 23, 29, 30, 32, 33, 36, 51, 54, 57, 58, 64, 
      67, 69, 70, 73, 74, 80 ], 
  [ 1, 2, 3, 5, 6, 8, 9, 12, 15, 19, 20, 33, 34, 35, 36, 49, 50, 63, 64, 66, 
      68, 69, 72, 74, 76, 80 ], 
  [ 1, 2, 3, 4, 5, 7, 8, 9, 10, 12, 16, 19, 20, 21, 22, 28, 42, 49, 50, 56, 
      63, 65, 67, 68, 69, 71, 77, 79, 80 ], 
  [ 1, 2, 3, 5, 6, 7, 8, 12, 15, 19, 20, 33, 34, 35, 36, 49, 50, 63, 64, 66, 
      68, 69, 72, 74, 76, 80 ], 
  [ 1, 2, 3, 6, 8, 9, 15, 17, 20, 24, 32, 33, 35, 36, 40, 48, 49, 51, 58, 64, 
      65, 66, 68, 69, 71, 73 ], 
  [ 1, 2, 3, 6, 7, 8, 12, 19, 20, 22, 26, 27, 33, 34, 35, 38, 45, 49, 50, 63, 
      64, 66, 71, 75, 78, 79 ], 
  [ 1, 2, 3, 6, 8, 9, 15, 17, 20, 24, 32, 33, 35, 36, 40, 48, 49, 51, 58, 64, 
      65, 66, 69, 71, 72, 73 ], 
  [ 1, 2, 3, 6, 7, 8, 12, 14, 15, 18, 20, 21, 29, 40, 43, 46, 50, 52, 59, 65, 
      66, 67, 68, 69, 75, 78 ], 
  [ 1, 2, 3, 6, 7, 8, 12, 14, 18, 29, 33, 34, 36, 38, 42, 43, 51, 58, 63, 64, 
      66, 67, 69, 70, 77, 80 ], 
  [ 1, 2, 3, 4, 5, 7, 8, 10, 11, 12, 13, 14, 26, 27, 34, 36, 37, 38, 44, 51, 
      58, 59, 66, 67, 69, 70, 73 ], 
  [ 1, 2, 3, 4, 5, 8, 9, 12, 14, 15, 17, 20, 21, 24, 49, 58, 61, 63, 64, 65, 
      66, 69, 71, 72, 79, 80 ], 
  [ 1, 2, 3, 6, 7, 8, 13, 14, 17, 18, 21, 26, 32, 33, 35, 37, 42, 48, 49, 51, 
      57, 58, 66, 68, 69, 71, 73 ], 
  [ 1, 2, 3, 4, 5, 6, 8, 12, 13, 14, 15, 29, 30, 33, 37, 40, 43, 44, 58, 59, 
      61, 65, 67, 69, 74, 75 ], 
  [ 1, 2, 3, 6, 7, 8, 14, 17, 18, 21, 26, 32, 33, 35, 37, 42, 48, 49, 51, 57, 
      58, 66, 69, 71, 72, 73 ], 
  [ 1, 2, 3, 4, 5, 6, 8, 9, 12, 17, 18, 24, 30, 33, 34, 36, 48, 63, 64, 67, 
      69, 71, 72, 74, 77, 79 ], 
  [ 1, 2, 3, 5, 6, 8, 10, 20, 23, 24, 26, 31, 33, 34, 35, 36, 65, 66, 68, 69, 
      70, 71, 73, 74, 75, 77 ], 
  [ 1, 2, 3, 4, 5, 6, 7, 9, 16, 21, 28, 39, 40, 46, 47, 50, 62, 66, 67, 69, 
      70, 71, 72, 77, 79, 80 ], 
  [ 1, 2, 3, 4, 5, 6, 7, 9, 20, 22, 23, 24, 25, 27, 32, 34, 52, 55, 59, 62, 
      67, 69, 70, 73, 75, 78, 79 ], 
  [ 1, 2, 3, 4, 5, 6, 7, 9, 16, 20, 22, 23, 24, 25, 30, 31, 32, 34, 52, 59, 
      62, 67, 69, 70, 73, 75, 78, 79 ], 
  [ 1, 2, 3, 4, 5, 6, 7, 9, 22, 23, 24, 25, 31, 32, 34, 52, 55, 59, 62, 67, 
      69, 70, 73, 75, 78, 79 ], 
  [ 1, 2, 4, 5, 6, 11, 12, 13, 18, 27, 28, 30, 33, 34, 35, 36, 45, 59, 64, 
      66, 67, 69, 71, 76, 77, 79 ], 
  [ 1, 2, 3, 4, 6, 8, 12, 13, 18, 21, 29, 40, 43, 44, 46, 49, 50, 59, 64, 67, 
      69, 72, 73, 74, 75, 79 ], 
  [ 1, 2, 3, 4, 6, 7, 9, 15, 16, 20, 22, 23, 24, 30, 32, 34, 52, 59, 62, 67, 
      69, 70, 73, 75, 78, 79 ], 
  [ 1, 2, 3, 4, 5, 6, 7, 9, 16, 17, 21, 29, 40, 46, 47, 48, 50, 62, 63, 67, 
      69, 71, 72, 74, 77, 79 ], 
  [ 1, 2, 3, 4, 6, 8, 11, 12, 23, 24, 27, 28, 33, 34, 36, 38, 41, 51, 52, 53, 
      57, 63, 67, 68, 69, 71, 77, 79, 80 ], 
  [ 1, 2, 3, 4, 6, 8, 11, 12, 23, 24, 27, 28, 33, 36, 37, 38, 52, 57, 63, 67, 
      68, 69, 71, 77, 79, 80 ], 
  [ 1, 2, 3, 6, 7, 8, 12, 17, 29, 33, 34, 36, 38, 42, 43, 52, 55, 63, 64, 67, 
      69, 70, 71, 77, 78, 79 ], 
  [ 1, 2, 3, 6, 7, 8, 12, 17, 18, 29, 33, 34, 36, 38, 42, 43, 52, 63, 64, 67, 
      69, 70, 71, 77, 78, 79 ], 
  [ 1, 2, 3, 6, 7, 8, 12, 17, 18, 29, 33, 34, 36, 38, 42, 43, 52, 63, 64, 67, 
      69, 70, 71, 72, 77, 79 ], 
  [ 1, 2, 3, 4, 6, 7, 11, 17, 21, 23, 26, 27, 29, 33, 36, 38, 48, 52, 53, 57, 
      63, 67, 69, 71, 72, 74, 77, 79 ], 
  [ 1, 2, 3, 4, 6, 11, 17, 23, 26, 27, 29, 33, 36, 37, 38, 48, 52, 57, 63, 
      67, 69, 71, 72, 74, 77, 79 ], 
  [ 1, 2, 3, 4, 6, 7, 11, 12, 17, 21, 23, 27, 29, 33, 36, 38, 42, 48, 52, 53, 
      57, 58, 63, 67, 69, 71, 72, 74, 77, 79 ], 
  [ 1, 2, 3, 5, 6, 7, 8, 11, 12, 18, 20, 21, 29, 32, 33, 36, 48, 49, 63, 66, 
      69, 71, 72, 74, 76, 77 ], 
  [ 1, 2, 3, 5, 6, 8, 9, 20, 24, 27, 28, 29, 30, 40, 44, 46, 59, 61, 62, 66, 
      69, 72, 73, 74, 75, 76 ], 
  [ 1, 2, 3, 5, 6, 7, 8, 17, 20, 23, 26, 27, 32, 33, 54, 60, 61, 63, 64, 66, 
      67, 69, 70, 76, 78, 79 ], 
  [ 1, 2, 3, 4, 5, 6, 7, 8, 11, 12, 22, 23, 26, 29, 32, 33, 57, 63, 64, 67, 
      68, 69, 72, 74, 79, 80 ], 
  [ 1, 2, 3, 4, 5, 8, 9, 10, 11, 12, 13, 16, 26, 30, 31, 32, 35, 43, 47, 62, 
      65, 68, 69, 72, 73, 74, 75, 80 ], 
  [ 1, 2, 3, 4, 5, 8, 9, 10, 11, 12, 13, 16, 25, 26, 32, 35, 43, 47, 50, 65, 
      68, 69, 72, 73, 74, 75, 80 ], 
  [ 1, 2, 3, 4, 5, 6, 7, 8, 9, 13, 23, 30, 32, 35, 40, 47, 61, 62, 65, 68, 
      69, 72, 73, 74, 75, 80 ], 
  [ 1, 2, 3, 4, 5, 6, 7, 8, 11, 12, 17, 18, 21, 28, 35, 43, 49, 50, 65, 69, 
      70, 71, 72, 74, 77, 78 ], 
  [ 1, 2, 3, 4, 5, 6, 7, 8, 9, 10, 13, 16, 20, 24, 27, 31, 34, 35, 41, 48, 
      65, 66, 68, 69, 71, 76, 77, 80 ], 
  [ 1, 2, 3, 4, 7, 8, 9, 11, 12, 13, 19, 21, 22, 27, 35, 38, 42, 48, 53, 56, 
      66, 68, 69, 71, 76, 77, 80 ], 
  [ 1, 2, 3, 4, 5, 6, 8, 9, 12, 17, 24, 28, 30, 35, 43, 49, 61, 64, 65, 69, 
      70, 71, 72, 74, 77, 78 ], 
  [ 1, 2, 3, 4, 6, 8, 9, 12, 18, 20, 21, 27, 32, 46, 55, 59, 61, 64, 65, 67, 
      69, 70, 73, 75, 78, 79 ], 
  [ 1, 2, 3, 4, 6, 7, 9, 15, 16, 29, 36, 38, 39, 40, 46, 50, 53, 61, 63, 67, 
      68, 69, 71, 72, 74, 79 ], 
  [ 1, 2, 3, 5, 6, 8, 11, 12, 18, 21, 27, 33, 36, 38, 42, 48, 51, 52, 60, 63, 
      64, 66, 67, 69, 71, 76, 77, 79 ], 
  [ 1, 2, 3, 4, 5, 6, 7, 8, 12, 17, 18, 21, 29, 36, 42, 43, 48, 49, 63, 64, 
      67, 69, 71, 72, 74, 77, 79 ], 
  [ 1, 2, 3, 4, 5, 6, 9, 21, 29, 36, 39, 40, 43, 46, 48, 49, 50, 61, 63, 67, 
      69, 71, 72, 74, 77, 79 ], 
  [ 1, 2, 3, 4, 5, 6, 7, 8, 11, 12, 17, 18, 21, 29, 42, 48, 49, 63, 64, 67, 
      69, 71, 72, 74, 77, 79 ], 
  [ 1, 2, 3, 4, 5, 6, 7, 8, 11, 12, 18, 20, 32, 40, 46, 47, 50, 59, 65, 67, 
      69, 70, 73, 75, 78, 79 ], 
  [ 1, 2, 3, 4, 5, 6, 7, 8, 9, 12, 23, 26, 27, 32, 33, 34, 37, 52, 55, 59, 
      67, 69, 70, 73, 75, 78, 79 ], 
  [ 1, 2, 3, 4, 5, 6, 7, 8, 9, 16, 19, 22, 25, 32, 40, 47, 52, 59, 62, 67, 
      69, 70, 73, 75, 78, 79 ], 
  [ 1, 2, 3, 5, 6, 7, 8, 9, 15, 19, 21, 31, 34, 35, 37, 47, 50, 59, 62, 66, 
      69, 70, 72, 74, 76, 78 ], 
  [ 1, 2, 3, 4, 5, 6, 7, 8, 9, 14, 15, 17, 24, 30, 31, 34, 36, 51, 55, 58, 
      65, 66, 69, 70, 72, 73, 80 ], 
  [ 1, 2, 3, 4, 6, 8, 9, 12, 13, 14, 15, 20, 21, 27, 46, 58, 61, 64, 65, 66, 
      68, 69, 71, 72, 78, 79 ], 
  [ 1, 2, 3, 4, 5, 6, 8, 9, 12, 13, 14, 15, 20, 27, 46, 58, 61, 64, 65, 66, 
      68, 69, 71, 72, 78, 79 ], 
  [ 1, 2, 3, 5, 6, 8, 13, 20, 25, 29, 32, 39, 40, 51, 54, 57, 59, 60, 61, 67, 
      68, 69, 73, 75, 79, 80 ], 
  [ 1, 2, 3, 4, 5, 6, 7, 8, 15, 18, 22, 25, 32, 39, 46, 47, 52, 59, 61, 67, 
      69, 70, 73, 75, 78, 79 ], 
  [ 1, 2, 3, 4, 6, 7, 8, 11, 12, 23, 24, 27, 28, 34, 38, 41, 53, 57, 63, 67, 
      68, 69, 71, 77, 79, 80 ], 
  [ 1, 2, 3, 4, 5, 6, 7, 8, 11, 12, 13, 19, 26, 33, 34, 37, 44, 59, 65, 67, 
      69, 72, 73, 74, 75, 79 ], 
  [ 1, 2, 3, 4, 5, 6, 7, 8, 11, 12, 13, 19, 26, 33, 34, 37, 44, 59, 65, 66, 
      67, 68, 69, 72, 73, 75, 78, 79 ], 
  [ 1, 2, 3, 4, 5, 6, 7, 8, 11, 12, 19, 21, 28, 42, 49, 50, 65, 66, 67, 69, 
      70, 71, 72, 77, 79, 80 ], 
  [ 1, 2, 3, 4, 5, 9, 12, 13, 15, 20, 26, 27, 32, 46, 47, 58, 61, 64, 67, 68, 
      69, 70, 73, 74, 75, 80 ], 
  [ 1, 2, 3, 5, 8, 15, 16, 18, 20, 21, 25, 30, 35, 36, 37, 41, 46, 52, 53, 
      56, 59, 63, 66, 74, 78, 80 ], 
  [ 1, 2, 3, 5, 6, 8, 10, 15, 16, 18, 21, 22, 25, 30, 35, 37, 38, 41, 46, 53, 
      59, 63, 66, 74, 78, 80 ], 
  [ 1, 2, 3, 4, 7, 12, 24, 26, 27, 28, 32, 34, 37, 38, 41, 53, 58, 67, 68, 
      70, 71, 72, 73, 74, 78, 80 ] ];
