return rec(
  EXT := 
   [ [ 1, 0, 0, 0, 0, 0, 0, 0, 0, 0, 0, 0, 0, 0, 0, 0, 0, 0, 0, 0, 0, 0, 0, 
          0, 0, 0, 0, 0, 0 ], 
      [ 1, 1, 1, 1, 1, 1, 1, 1, 0, 0, 0, 0, 0, 0, 0, 0, 0, 0, 0, 0, 0, 0, 0, 
          0, 0, 0, 0, 0, 0 ], 
      [ 1, 0, 1, 1, 1, 1, 1, 1, 1, 1, 1, 1, 1, 1, 0, 0, 0, 0, 0, 0, 0, 0, 0, 
          0, 0, 0, 0, 0, 0 ], 
      [ 1, 0, 0, 1, 1, 1, 1, 1, 0, 1, 1, 1, 1, 1, 1, 1, 1, 1, 1, 0, 0, 0, 0, 
          0, 0, 0, 0, 0, 0 ], 
      [ 1, 0, 0, 0, 1, 1, 1, 1, 0, 0, 1, 1, 1, 1, 0, 1, 1, 1, 1, 1, 1, 1, 1, 
          0, 0, 0, 0, 0, 0 ], 
      [ 1, 0, 0, 0, 0, 1, 1, 1, 0, 0, 0, 1, 1, 1, 0, 0, 1, 1, 1, 0, 1, 1, 1, 
          1, 1, 1, 0, 0, 0 ], 
      [ 1, 0, 0, 0, 0, 0, 1, 1, 0, 0, 0, 0, 1, 1, 0, 0, 0, 1, 1, 0, 0, 1, 1, 
          0, 1, 1, 1, 1, 0 ], 
      [ 1, 0, 0, 0, 0, 1, 0, 1, 0, 0, 0, 1, 0, 1, 0, 0, 1, 0, 1, 0, 1, 0, 1, 
          1, 0, 1, 1, 0, 1 ], 
      [ 1, 0, 0, 1, 0, 1, 1, 1, 0, 1, 0, 1, 1, 1, 1, 0, 1, 1, 1, 1, 0, 0, 0, 
          1, 1, 1, 0, 0, 0 ], 
      [ 1, 0, 0, 1, 0, 0, 1, 1, 0, 1, 0, 0, 1, 1, 1, 0, 0, 1, 1, 1, 1, 0, 0, 
          0, 1, 1, 1, 1, 0 ], 
      [ 1, 0, 0, 1, 0, 1, 0, 1, 0, 1, 0, 1, 0, 1, 1, 0, 1, 0, 1, 1, 0, 1, 0, 
          1, 0, 1, 1, 0, 1 ], 
      [ 1, 0, 1, 0, 1, 1, 1, 1, 1, 0, 1, 1, 1, 1, 1, 0, 0, 0, 0, 1, 1, 1, 1, 
          0, 0, 0, 0, 0, 0 ], 
      [ 1, 0, 1, 0, 0, 1, 1, 1, 1, 0, 0, 1, 1, 1, 1, 1, 0, 0, 0, 0, 1, 1, 1, 
          1, 1, 1, 0, 0, 0 ], 
      [ 1, 0, 1, 0, 0, 0, 1, 1, 1, 0, 0, 0, 1, 1, 1, 1, 1, 0, 0, 0, 0, 1, 1, 
          0, 1, 1, 1, 1, 0 ], 
      [ 1, 0, 1, 0, 0, 1, 0, 1, 1, 0, 0, 1, 0, 1, 1, 1, 0, 1, 0, 0, 1, 0, 1, 
          1, 0, 1, 1, 0, 1 ], 
      [ 1, 0, 1, 1, 0, 1, 1, 1, 1, 1, 0, 1, 1, 1, 0, 1, 0, 0, 0, 1, 0, 0, 0, 
          1, 1, 1, 0, 0, 0 ], 
      [ 1, 0, 1, 1, 0, 0, 1, 1, 1, 1, 0, 0, 1, 1, 0, 1, 1, 0, 0, 1, 1, 0, 0, 
          0, 1, 1, 1, 1, 0 ], 
      [ 1, 0, 1, 1, 0, 1, 0, 1, 1, 1, 0, 1, 0, 1, 0, 1, 0, 1, 0, 1, 0, 1, 0, 
          1, 0, 1, 1, 0, 1 ], 
      [ 1, 1, 0, 1, 1, 1, 1, 1, 1, 0, 0, 0, 0, 0, 1, 1, 1, 1, 1, 0, 0, 0, 0, 
          0, 0, 0, 0, 0, 0 ], 
      [ 1, 1, 0, 0, 1, 1, 1, 1, 1, 1, 0, 0, 0, 0, 0, 1, 1, 1, 1, 1, 1, 1, 1, 
          0, 0, 0, 0, 0, 0 ], 
      [ 1, 1, 0, 0, 0, 1, 1, 1, 1, 1, 1, 0, 0, 0, 0, 0, 1, 1, 1, 0, 1, 1, 1, 
          1, 1, 1, 0, 0, 0 ], 
      [ 1, 1, 0, 0, 0, 0, 1, 1, 1, 1, 1, 1, 0, 0, 0, 0, 0, 1, 1, 0, 0, 1, 1, 
          0, 1, 1, 1, 1, 0 ], 
      [ 1, 1, 0, 1, 0, 1, 1, 1, 1, 0, 1, 0, 0, 0, 1, 0, 1, 1, 1, 1, 0, 0, 0, 
          1, 1, 1, 0, 0, 0 ], 
      [ 1, 1, 0, 1, 0, 0, 1, 1, 1, 0, 1, 1, 0, 0, 1, 0, 0, 1, 1, 1, 1, 0, 0, 
          0, 1, 1, 1, 1, 0 ], 
      [ 1, 1, 1, 0, 1, 1, 1, 1, 0, 1, 0, 0, 0, 0, 1, 0, 0, 0, 0, 1, 1, 1, 1, 
          0, 0, 0, 0, 0, 0 ], 
      [ 1, 1, 1, 0, 0, 1, 1, 1, 0, 1, 1, 0, 0, 0, 1, 1, 0, 0, 0, 0, 1, 1, 1, 
          1, 1, 1, 0, 0, 0 ], 
      [ 1, 1, 1, 0, 0, 0, 1, 1, 0, 1, 1, 1, 0, 0, 1, 1, 1, 0, 0, 0, 0, 1, 1, 
          0, 1, 1, 1, 1, 0 ], 
      [ 1, 1, 1, 1, 0, 1, 1, 1, 0, 0, 1, 0, 0, 0, 0, 1, 0, 0, 0, 1, 0, 0, 0, 
          1, 1, 1, 0, 0, 0 ], 
      [ 1, 1, 1, 1, 0, 0, 1, 1, 0, 0, 1, 1, 0, 0, 0, 1, 1, 0, 0, 1, 1, 0, 0, 
          0, 1, 1, 1, 1, 0 ], 
      [ 1, 1, 1, 1, 1, 1, 1, 0, 0, 0, 0, 0, 0, 1, 0, 0, 0, 0, 1, 0, 0, 0, 1, 
          0, 0, 1, 0, 1, 1 ], 
      [ 1, 1, 1, 1, 1, 0, 1, 0, 0, 0, 0, 1, 0, 1, 0, 0, 1, 0, 1, 0, 1, 0, 1, 
          1, 0, 1, 1, 0, 1 ], 
      [ 1, 1, 1, 1, 0, 0, 1, 0, 0, 0, 1, 1, 0, 1, 0, 1, 1, 0, 1, 1, 1, 0, 1, 
          0, 1, 0, 1, 0, 1 ], 
      [ 1, 1, 1, 0, 1, 1, 1, 0, 0, 1, 0, 0, 0, 1, 1, 0, 0, 0, 1, 1, 1, 1, 0, 
          0, 0, 1, 0, 1, 1 ], 
      [ 1, 1, 1, 0, 1, 0, 1, 0, 0, 1, 0, 1, 0, 1, 1, 0, 1, 0, 1, 1, 0, 1, 0, 
          1, 0, 1, 1, 0, 1 ], 
      [ 1, 1, 1, 0, 0, 0, 1, 0, 0, 1, 1, 1, 0, 1, 1, 1, 1, 0, 1, 0, 0, 1, 0, 
          0, 1, 0, 1, 0, 1 ], 
      [ 1, 1, 0, 1, 1, 1, 1, 0, 1, 0, 0, 0, 0, 1, 1, 1, 1, 1, 0, 0, 0, 0, 1, 
          0, 0, 1, 0, 1, 1 ], 
      [ 1, 1, 0, 1, 1, 0, 1, 0, 1, 0, 0, 1, 0, 1, 1, 1, 0, 1, 0, 0, 1, 0, 1, 
          1, 0, 1, 1, 0, 1 ], 
      [ 1, 1, 0, 1, 0, 0, 1, 0, 1, 0, 1, 1, 0, 1, 1, 0, 0, 1, 0, 1, 1, 0, 1, 
          0, 1, 0, 1, 0, 1 ], 
      [ 1, 1, 0, 0, 1, 1, 1, 0, 1, 1, 0, 0, 0, 1, 0, 1, 1, 1, 0, 1, 1, 1, 0, 
          0, 0, 1, 0, 1, 1 ], 
      [ 1, 1, 0, 0, 1, 0, 1, 0, 1, 1, 0, 1, 0, 1, 0, 1, 0, 1, 0, 1, 0, 1, 0, 
          1, 0, 1, 1, 0, 1 ], 
      [ 1, 1, 0, 0, 0, 0, 1, 0, 1, 1, 1, 1, 0, 1, 0, 0, 0, 1, 0, 0, 0, 1, 0, 
          0, 1, 0, 1, 0, 1 ], 
      [ 1, 0, 1, 0, 0, 0, 0, 0, 1, 0, 0, 0, 0, 0, 1, 1, 1, 1, 1, 0, 0, 0, 0, 
          0, 0, 0, 0, 0, 0 ], 
      [ 1, 0, 1, 1, 0, 0, 0, 0, 1, 1, 0, 0, 0, 0, 0, 1, 1, 1, 1, 1, 1, 1, 1, 
          0, 0, 0, 0, 0, 0 ], 
      [ 1, 0, 1, 1, 1, 1, 0, 0, 1, 1, 1, 1, 0, 0, 0, 0, 0, 1, 1, 0, 0, 1, 1, 
          0, 1, 1, 1, 1, 0 ], 
      [ 1, 0, 1, 1, 1, 1, 1, 0, 1, 1, 1, 1, 1, 0, 0, 0, 0, 0, 1, 0, 0, 0, 1, 
          0, 0, 1, 0, 1, 1 ], 
      [ 1, 0, 1, 1, 1, 0, 1, 0, 1, 1, 1, 0, 1, 0, 0, 0, 1, 0, 1, 0, 1, 0, 1, 
          1, 0, 1, 1, 0, 1 ], 
      [ 1, 0, 1, 1, 0, 1, 0, 0, 1, 1, 0, 1, 0, 0, 0, 1, 0, 1, 1, 1, 0, 1, 1, 
          1, 0, 0, 1, 1, 0 ], 
      [ 1, 0, 1, 1, 0, 0, 1, 0, 1, 1, 0, 0, 1, 0, 0, 1, 1, 0, 1, 1, 1, 0, 1, 
          0, 1, 0, 1, 0, 1 ], 
      [ 1, 0, 1, 0, 1, 1, 0, 0, 1, 0, 1, 1, 0, 0, 1, 0, 0, 1, 1, 1, 1, 0, 0, 
          0, 1, 1, 1, 1, 0 ], 
      [ 1, 0, 1, 0, 1, 1, 1, 0, 1, 0, 1, 1, 1, 0, 1, 0, 0, 0, 1, 1, 1, 1, 0, 
          0, 0, 1, 0, 1, 1 ], 
      [ 1, 0, 1, 0, 1, 0, 1, 0, 1, 0, 1, 0, 1, 0, 1, 0, 1, 0, 1, 1, 0, 1, 0, 
          1, 0, 1, 1, 0, 1 ], 
      [ 1, 0, 1, 0, 0, 1, 0, 0, 1, 0, 0, 1, 0, 0, 1, 1, 0, 1, 1, 0, 1, 0, 0, 
          1, 0, 0, 1, 1, 0 ], 
      [ 1, 0, 1, 0, 0, 0, 1, 0, 1, 0, 0, 0, 1, 0, 1, 1, 1, 0, 1, 0, 0, 1, 0, 
          0, 1, 0, 1, 0, 1 ], 
      [ 1, 0, 0, 1, 0, 0, 0, 0, 0, 1, 0, 0, 0, 0, 1, 0, 0, 0, 0, 1, 1, 1, 1, 
          0, 0, 0, 0, 0, 0 ], 
      [ 1, 0, 0, 1, 1, 1, 0, 0, 0, 1, 1, 1, 0, 0, 1, 1, 1, 0, 0, 0, 0, 1, 1, 
          0, 1, 1, 1, 1, 0 ], 
      [ 1, 0, 0, 1, 1, 1, 1, 0, 0, 1, 1, 1, 1, 0, 1, 1, 1, 1, 0, 0, 0, 0, 1, 
          0, 0, 1, 0, 1, 1 ], 
      [ 1, 0, 0, 1, 1, 0, 1, 0, 0, 1, 1, 0, 1, 0, 1, 1, 0, 1, 0, 0, 1, 0, 1, 
          1, 0, 1, 1, 0, 1 ], 
      [ 1, 0, 0, 1, 0, 1, 0, 0, 0, 1, 0, 1, 0, 0, 1, 0, 1, 0, 0, 1, 0, 1, 1, 
          1, 0, 0, 1, 1, 0 ], 
      [ 1, 0, 0, 1, 0, 0, 1, 0, 0, 1, 0, 0, 1, 0, 1, 0, 0, 1, 0, 1, 1, 0, 1, 
          0, 1, 0, 1, 0, 1 ], 
      [ 1, 0, 0, 0, 1, 1, 0, 0, 0, 0, 1, 1, 0, 0, 0, 1, 1, 0, 0, 1, 1, 0, 0, 
          0, 1, 1, 1, 1, 0 ], 
      [ 1, 0, 0, 0, 1, 1, 1, 0, 0, 0, 1, 1, 1, 0, 0, 1, 1, 1, 0, 1, 1, 1, 0, 
          0, 0, 1, 0, 1, 1 ], 
      [ 1, 0, 0, 0, 1, 0, 1, 0, 0, 0, 1, 0, 1, 0, 0, 1, 0, 1, 0, 1, 0, 1, 0, 
          1, 0, 1, 1, 0, 1 ], 
      [ 1, 0, 0, 0, 0, 1, 0, 0, 0, 0, 0, 1, 0, 0, 0, 0, 1, 0, 0, 0, 1, 0, 0, 
          1, 0, 0, 1, 1, 0 ], 
      [ 1, 0, 0, 0, 0, 0, 1, 0, 0, 0, 0, 0, 1, 0, 0, 0, 0, 1, 0, 0, 0, 1, 0, 
          0, 1, 0, 1, 0, 1 ] ],
  Group := 
   Group( [ ( 2, 3)( 4,19)( 5,20)( 6,21)( 7,22)( 9,23)(10,24)(12,25)(13,26)
        (14,27)(16,28)(17,29)(30,45)(31,46)(32,48)(33,50)(34,51)(35,53)(36,56)
        (37,57)(38,59)(39,61)(40,62)(41,64), 
      ( 6,61)( 7,62)( 8,60)( 9,56)(10,57)(11,55)(13,50)(14,51)(15,49)(16,45)
        (17,46)(18,44)(21,39)(22,40)(23,36)(24,37)(26,33)(27,34)(28,30)(29,31)
        , ( 4,12)( 9,13)(10,14)(11,15)(19,25)(23,26)(24,27)(33,36)(34,37)
        (35,38)(42,54)(49,55)(50,56)(51,57)(52,58)(53,59), 
      ( 3,64)( 4,59)( 5,48)( 6,17)( 7,16)( 8,60)( 9,10)(11,49)(12,53)(13,14)
        (15,55)(18,44)(19,25)(21,39)(22,40)(23,33)(24,34)(26,36)(27,37)(28,30)
        (29,31)(35,38)(42,54)(45,62)(46,61)(50,51)(52,58)(56,57), 
      ( 1,55,47,42,60,58,43,49,63,54,44,52)( 2,57,22,53,28,56,20,51,29,59,21,
         50)( 3,37, 7,35,16,36, 5,34,17,38, 6,33)( 4,40,14,32, 9,39,12,31,10,
         41,13,30)( 8,11,18,15)(19,62,27,48,23,61,25,46,24,64,26,45) ] ) );
