return 
[ [ 1, 2, 3, 4, 5, 6, 7, 8, 9, 10, 11, 12, 13, 14, 15, 16, 17, 18, 19, 20, 
      21, 22, 23, 24, 25, 26, 27, 28, 29, 30, 31, 32, 33, 34, 35, 36, 37, 38, 
      40, 41, 42, 43, 45, 46, 47, 48, 49, 51, 52, 53, 54, 56, 57, 58, 59, 60, 
      61, 63, 64, 65, 66, 68, 69, 70, 71, 72, 74, 75, 76, 77, 79, 80 ], 
  [ 1, 2, 3, 4, 5, 6, 7, 8, 9, 10, 11, 12, 13, 14, 15, 16, 17, 18, 19, 24, 
      25, 26, 31, 32, 33, 34, 35, 36, 37, 38, 39, 40, 41, 42, 43, 44, 45, 46, 
      47, 48, 49, 50, 51, 52, 53, 54, 55, 56, 57, 58, 65, 66, 67, 68, 69, 76, 
      77, 78, 79, 80 ], 
  [ 1, 2, 3, 4, 5, 6, 7, 8, 9, 10, 11, 12, 13, 14, 15, 16, 17, 18, 19, 20, 
      21, 22, 24, 25, 27, 28, 29, 31, 32, 38, 39, 41, 43, 44, 46, 49, 50, 52, 
      54, 55, 57, 58, 59, 60, 61, 62, 63, 64, 65, 66, 67, 68, 69, 70, 71, 72, 
      73, 74, 75, 76, 77, 78, 79, 80 ], 
  [ 1, 2, 3, 7, 8, 9, 10, 11, 13, 14, 15, 16, 19, 21, 22, 23, 24, 27, 28, 38, 
      42, 43, 44, 48, 49, 50, 53, 55, 56, 57, 60, 61, 62, 65, 67, 68, 69, 71, 
      73, 74, 75, 79, 80 ], 
  [ 1, 2, 3, 4, 5, 6, 7, 8, 10, 13, 15, 16, 19, 23, 25, 30, 31, 33, 37, 60, 
      61, 64, 65, 68, 73, 75, 76, 80 ], 
  [ 1, 2, 3, 4, 8, 9, 10, 11, 14, 16, 17, 23, 26, 30, 31, 34, 38, 43, 44, 46, 
      49, 53, 56, 67, 69, 72, 73, 75, 78, 80 ], 
  [ 1, 2, 3, 4, 5, 7, 8, 9, 10, 15, 16, 18, 22, 25, 31, 32, 34, 38, 40, 49, 
      50, 52, 55, 63, 72, 74, 76, 79 ], 
  [ 1, 2, 3, 4, 5, 7, 8, 9, 10, 11, 16, 17, 19, 26, 34, 38, 39, 40, 41, 44, 
      51, 53, 55, 56, 64, 67, 69, 78, 79, 80 ], 
  [ 1, 2, 3, 4, 6, 7, 9, 11, 12, 13, 15, 31, 34, 37, 38, 43, 44, 49, 50, 55, 
      57, 65, 71, 76, 77, 78, 79 ], 
  [ 1, 2, 3, 4, 6, 7, 9, 11, 12, 13, 15, 18, 31, 37, 38, 43, 44, 49, 50, 55, 
      57, 65, 71, 76, 77, 78, 79 ], 
  [ 1, 2, 3, 4, 5, 7, 14, 15, 16, 17, 37, 38, 40, 41, 45, 49, 50, 53, 55, 63, 
      71, 72, 73, 75, 76, 79, 80 ], 
  [ 1, 2, 3, 4, 6, 8, 10, 12, 14, 17, 23, 24, 26, 28, 30, 31, 37, 38, 41, 42, 
      48, 56, 62, 69, 75, 76, 80 ], 
  [ 1, 2, 4, 5, 7, 8, 9, 13, 16, 19, 22, 23, 25, 26, 29, 31, 34, 39, 44, 61, 
      67, 68, 69, 74, 76, 78, 79 ], 
  [ 1, 3, 4, 5, 7, 13, 14, 15, 17, 27, 38, 42, 43, 45, 46, 50, 53, 54, 55, 
      68, 71, 72, 73, 75, 76, 79, 80 ], 
  [ 1, 4, 5, 7, 8, 10, 11, 12, 14, 16, 20, 22, 24, 28, 31, 43, 45, 46, 51, 
      55, 56, 63, 67, 68, 74, 76, 78 ], 
  [ 1, 2, 3, 4, 5, 6, 7, 8, 10, 13, 15, 16, 18, 20, 22, 27, 28, 42, 43, 46, 
      55, 57, 60, 65, 68, 76, 80 ], 
  [ 1, 2, 4, 5, 8, 9, 10, 12, 13, 14, 16, 17, 23, 26, 30, 31, 34, 38, 43, 49, 
      53, 56, 69, 75, 77, 78, 80 ], 
  [ 1, 3, 4, 7, 8, 9, 10, 13, 14, 19, 21, 22, 27, 28, 43, 44, 53, 55, 57, 65, 
      67, 69, 71, 73, 76, 79, 80 ], 
  [ 1, 3, 4, 5, 7, 8, 9, 10, 15, 18, 21, 22, 24, 27, 29, 31, 38, 43, 44, 45, 
      54, 57, 58, 63, 65, 72, 74, 78, 79 ], 
  [ 1, 3, 4, 5, 7, 8, 9, 10, 15, 18, 21, 24, 27, 31, 38, 43, 45, 54, 57, 58, 
      63, 65, 72, 74, 75, 78, 79 ], 
  [ 1, 2, 3, 4, 5, 6, 7, 8, 10, 11, 13, 16, 17, 20, 22, 23, 27, 28, 29, 32, 
      44, 62, 66, 67, 68, 69, 76, 78, 79 ], 
  [ 1, 2, 3, 4, 5, 7, 8, 9, 14, 15, 17, 18, 20, 21, 24, 27, 29, 30, 31, 49, 
      54, 56, 57, 58, 72, 74, 75, 76, 78, 79, 80 ], 
  [ 1, 2, 4, 5, 7, 8, 9, 10, 12, 16, 19, 25, 27, 34, 38, 42, 44, 50, 53, 55, 
      61, 66, 68, 72, 74, 75, 76, 78, 79 ], 
  [ 1, 2, 4, 5, 8, 9, 10, 12, 13, 14, 16, 17, 19, 23, 26, 27, 30, 31, 32, 34, 
      53, 56, 69, 75, 77, 78, 79, 80 ], 
  [ 1, 2, 4, 5, 7, 8, 9, 10, 12, 13, 14, 16, 19, 23, 25, 26, 27, 29, 30, 31, 
      32, 34, 53, 66, 69, 72, 75, 76, 77, 78, 79, 80 ], 
  [ 1, 2, 3, 4, 5, 6, 7, 8, 9, 10, 15, 16, 17, 18, 19, 24, 31, 33, 37, 40, 
      48, 49, 50, 51, 52, 53, 56, 73, 75, 76, 78, 79, 80 ], 
  [ 1, 2, 3, 4, 6, 7, 8, 9, 22, 24, 25, 31, 34, 37, 38, 39, 50, 52, 57, 60, 
      61, 65, 71, 72, 73, 76, 78, 79, 80 ], 
  [ 1, 3, 4, 5, 7, 8, 9, 14, 15, 16, 17, 18, 27, 28, 29, 31, 38, 43, 44, 45, 
      46, 54, 58, 63, 72, 74, 76, 78, 79 ], 
  [ 1, 3, 4, 7, 8, 9, 10, 12, 16, 19, 20, 24, 27, 38, 43, 49, 53, 55, 56, 61, 
      65, 67, 68, 73, 74, 75, 76, 78, 79 ], 
  [ 1, 2, 3, 4, 7, 8, 9, 10, 11, 13, 14, 15, 16, 19, 22, 27, 28, 29, 43, 49, 
      53, 54, 55, 57, 71, 72, 76, 79, 80 ], 
  [ 1, 2, 3, 4, 7, 8, 9, 10, 11, 13, 14, 15, 16, 19, 27, 28, 43, 49, 53, 54, 
      55, 71, 72, 73, 76, 78, 79, 80 ], 
  [ 1, 3, 4, 5, 7, 13, 14, 15, 17, 27, 38, 39, 42, 43, 46, 50, 53, 54, 55, 
      64, 68, 71, 72, 73, 75, 76, 79, 80 ], 
  [ 1, 4, 5, 7, 8, 9, 10, 11, 12, 13, 16, 20, 21, 24, 28, 43, 54, 56, 57, 66, 
      68, 69, 74, 75, 76, 78, 79, 80 ], 
  [ 1, 2, 3, 4, 5, 6, 7, 8, 9, 10, 11, 16, 17, 20, 23, 27, 42, 43, 44, 53, 
      61, 62, 64, 66, 67, 69, 76, 77, 78, 79, 80 ], 
  [ 1, 3, 4, 5, 7, 8, 9, 14, 15, 16, 17, 18, 27, 28, 31, 38, 43, 45, 46, 54, 
      58, 63, 64, 72, 74, 75, 76, 78, 79, 80 ], 
  [ 1, 2, 4, 5, 7, 8, 9, 10, 12, 13, 16, 19, 23, 25, 26, 27, 30, 31, 34, 42, 
      45, 53, 66, 68, 69, 75, 76, 78, 79, 80 ], 
  [ 1, 3, 4, 5, 7, 8, 9, 14, 15, 16, 17, 18, 20, 21, 24, 31, 49, 54, 56, 57, 
      58, 63, 64, 72, 74, 75, 76, 78, 79, 80 ], 
  [ 1, 2, 3, 4, 5, 6, 7, 8, 10, 11, 13, 17, 19, 21, 26, 28, 31, 37, 39, 43, 
      45, 46, 48, 53, 56, 62, 67, 69, 76, 78 ], 
  [ 1, 2, 3, 4, 7, 9, 10, 11, 12, 13, 14, 15, 16, 18, 31, 32, 37, 38, 39, 40, 
      41, 44, 46, 50, 52, 65, 68, 71, 74, 76, 78, 79, 80 ], 
  [ 1, 2, 4, 5, 6, 7, 8, 9, 10, 14, 17, 19, 23, 24, 26, 31, 32, 34, 35, 38, 
      39, 41, 43, 44, 46, 49, 53, 54, 56, 67, 69, 77, 78, 80 ], 
  [ 1, 2, 3, 4, 5, 6, 7, 9, 10, 11, 16, 20, 21, 22, 23, 26, 27, 28, 31, 33, 
      42, 45, 60, 63, 65, 66, 67, 68, 69, 76, 78, 79, 80 ], 
  [ 1, 3, 4, 7, 8, 9, 13, 14, 19, 21, 22, 27, 28, 43, 44, 49, 53, 55, 57, 61, 
      65, 67, 69, 71, 72, 73, 76, 79, 80 ], 
  [ 1, 4, 5, 7, 8, 9, 12, 13, 16, 20, 21, 24, 28, 43, 49, 54, 56, 57, 61, 66, 
      68, 69, 72, 74, 75, 76, 78, 79, 80 ], 
  [ 1, 2, 3, 4, 6, 7, 8, 9, 12, 13, 34, 37, 38, 39, 42, 44, 48, 50, 61, 65, 
      66, 67, 71, 72, 73, 76, 78, 79, 80 ], 
  [ 1, 2, 4, 5, 7, 9, 10, 12, 19, 23, 24, 25, 27, 31, 34, 38, 42, 45, 51, 53, 
      56, 61, 66, 67, 72, 73, 75, 76, 78, 79 ], 
  [ 1, 2, 3, 4, 5, 7, 8, 9, 10, 11, 20, 21, 22, 23, 24, 27, 31, 43, 45, 46, 
      58, 61, 63, 64, 65, 66, 67, 68, 69, 79, 80 ], 
  [ 1, 2, 3, 4, 5, 6, 7, 9, 15, 16, 20, 21, 27, 28, 31, 38, 42, 45, 49, 54, 
      55, 57, 58, 60, 63, 65, 68, 72, 73, 75, 76, 78, 79, 80 ], 
  [ 1, 2, 3, 4, 6, 7, 8, 9, 10, 12, 14, 23, 24, 26, 28, 29, 30, 31, 32, 34, 
      35, 38, 42, 43, 46, 56, 66, 67, 72, 76, 77, 80 ], 
  [ 1, 2, 3, 4, 5, 7, 9, 10, 11, 19, 20, 22, 24, 25, 26, 34, 37, 38, 40, 42, 
      43, 44, 51, 53, 54, 55, 56, 57, 60, 61, 63, 65, 66, 67, 74, 76, 77, 78, 
      79, 80 ], 
  [ 1, 2, 4, 8, 9, 10, 14, 17, 23, 26, 30, 31, 32, 34, 35, 38, 39, 41, 43, 
      44, 46, 49, 53, 56, 67, 69, 72, 73, 75, 77, 78, 80 ], 
  [ 1, 3, 4, 7, 8, 9, 12, 13, 16, 19, 20, 21, 24, 27, 28, 38, 43, 49, 53, 55, 
      56, 57, 61, 65, 67, 68, 69, 71, 73, 74, 75, 76, 78, 79, 80 ], 
  [ 1, 2, 3, 4, 5, 6, 7, 8, 10, 11, 21, 22, 23, 25, 26, 28, 31, 32, 33, 45, 
      46, 60, 62, 65, 66, 67, 68, 69, 76, 78, 79, 80 ], 
  [ 1, 2, 3, 4, 6, 7, 10, 11, 12, 14, 15, 18, 24, 28, 31, 32, 37, 39, 43, 44, 
      45, 49, 50, 51, 54, 56, 57, 65, 71, 76, 78, 79 ], 
  [ 1, 2, 3, 4, 5, 6, 9, 10, 16, 18, 19, 24, 31, 37, 38, 40, 49, 50, 52, 54, 
      59, 60, 63, 65, 68, 70, 73, 75, 76, 77, 78, 79, 80 ], 
  [ 1, 2, 3, 4, 8, 9, 10, 13, 15, 17, 24, 26, 30, 31, 32, 34, 35, 39, 42, 43, 
      46, 49, 50, 52, 53, 56, 66, 67, 69, 73, 76, 77, 80 ], 
  [ 1, 2, 4, 5, 6, 8, 9, 10, 12, 13, 14, 17, 23, 26, 30, 31, 34, 35, 38, 39, 
      41, 43, 47, 49, 53, 56, 67, 69, 73, 75, 77, 78, 80 ], 
  [ 1, 4, 5, 6, 7, 8, 9, 12, 13, 20, 21, 43, 49, 53, 54, 55, 56, 57, 61, 65, 
      66, 67, 68, 69, 71, 72, 73, 74, 75, 76, 78, 79, 80 ], 
  [ 1, 3, 4, 5, 6, 7, 8, 9, 14, 15, 16, 17, 18, 27, 28, 38, 42, 43, 44, 45, 
      46, 54, 58, 59, 60, 62, 63, 64, 71, 72, 73, 74, 75, 76, 78, 79, 80 ], 
  [ 1, 2, 3, 4, 5, 6, 7, 8, 9, 10, 11, 12, 13, 14, 15, 16, 17, 18, 19, 20, 
      21, 22, 23, 24, 25, 26, 27, 28, 29, 30, 31, 32, 33, 34, 35, 42, 43, 44, 
      45, 46, 53, 54, 55, 56, 57, 58, 65, 66, 67, 68, 69, 76, 77, 78, 79, 80 ]
    , [ 1, 2, 3, 4, 6, 7, 8, 9, 12, 13, 24, 25, 26, 31, 34, 37, 38, 39, 47, 
      48, 50, 51, 52, 61, 65, 66, 67, 71, 72, 73, 76, 78, 79, 80 ], 
  [ 1, 3, 4, 5, 7, 8, 9, 12, 14, 15, 16, 20, 21, 24, 27, 28, 31, 38, 43, 45, 
      46, 49, 54, 56, 57, 58, 61, 63, 64, 65, 67, 68, 69, 72, 74, 75, 76, 78, 
      79, 80 ], 
  [ 1, 4, 5, 7, 8, 9, 10, 12, 13, 14, 16, 20, 21, 22, 24, 28, 43, 46, 49, 52, 
      54, 55, 56, 57, 61, 64, 66, 67, 68, 69, 72, 73, 74, 75, 76, 78, 79 ], 
  [ 1, 2, 3, 4, 7, 8, 9, 10, 11, 12, 13, 14, 15, 16, 19, 22, 23, 24, 25, 26, 
      27, 28, 29, 30, 31, 34, 38, 42, 43, 44, 45, 46, 48, 49, 50, 51, 52, 53, 
      55, 56, 57, 61, 65, 66, 67, 68, 69, 71, 72, 73, 74, 75, 76, 78, 79, 80 ]
    , [ 1, 3, 4, 5, 6, 7, 8, 9, 10, 11, 12, 13, 16, 19, 20, 21, 24, 38, 43, 
      48, 49, 50, 51, 52, 53, 54, 55, 56, 57, 60, 61, 62, 63, 64, 65, 66, 67, 
      68, 69, 70, 71, 73, 74, 75, 76, 78, 79, 80 ], 
  [ 1, 2, 3, 4, 5, 6, 7, 8, 9, 16, 20, 21, 27, 28, 31, 38, 42, 43, 44, 45, 
      46, 58, 60, 61, 62, 63, 64, 65, 67, 68, 69, 76, 78, 79, 80 ], 
  [ 1, 3, 4, 7, 8, 9, 10, 12, 13, 14, 16, 19, 20, 21, 22, 24, 27, 28, 38, 43, 
      44, 46, 49, 50, 52, 53, 55, 56, 57, 61, 62, 64, 65, 67, 68, 69, 71, 73, 
      74, 75, 76, 79 ], 
  [ 1, 2, 3, 4, 5, 6, 7, 8, 9, 10, 15, 16, 17, 18, 20, 21, 22, 27, 28, 29, 
      30, 31, 32, 35, 38, 39, 41, 42, 43, 44, 45, 46, 54, 55, 57, 58, 59, 60, 
      61, 62, 63, 64, 65, 68, 72, 73, 75, 76, 77, 78, 79, 80 ], 
  [ 1, 2, 3, 4, 6, 7, 8, 9, 10, 12, 13, 14, 23, 24, 25, 26, 28, 29, 30, 31, 
      32, 34, 35, 37, 38, 39, 41, 42, 45, 46, 47, 48, 51, 52, 56, 61, 62, 65, 
      66, 67, 69, 71, 72, 73, 75, 76, 79, 80 ], 
  [ 1, 2, 3, 4, 5, 7, 13, 14, 15, 20, 27, 37, 38, 45, 48, 49, 53, 54, 55, 63, 
      68, 71, 72, 73, 78, 79, 80 ], 
  [ 1, 3, 4, 5, 7, 14, 15, 16, 17, 27, 28, 31, 38, 43, 45, 46, 54, 58, 63, 
      64, 68, 72, 75, 76, 78, 79, 80 ], 
  [ 1, 2, 4, 5, 7, 8, 9, 12, 13, 16, 22, 25, 26, 29, 30, 31, 33, 34, 61, 66, 
      68, 72, 74, 76, 78, 79, 80 ], 
  [ 1, 2, 3, 4, 5, 8, 11, 14, 16, 18, 20, 27, 38, 44, 46, 49, 53, 54, 55, 64, 
      69, 71, 72, 74, 76, 78, 80 ], 
  [ 1, 2, 3, 4, 6, 7, 8, 9, 10, 12, 13, 14, 26, 30, 31, 32, 33, 37, 61, 62, 
      64, 65, 69, 71, 75, 76, 79 ], 
  [ 1, 3, 4, 7, 8, 9, 10, 16, 17, 18, 19, 24, 25, 26, 33, 34, 37, 38, 40, 49, 
      53, 56, 58, 61, 65, 68, 76, 77, 78, 79, 80 ], 
  [ 1, 3, 4, 6, 7, 8, 10, 11, 12, 14, 15, 24, 28, 31, 32, 33, 35, 36, 37, 39, 
      43, 47, 49, 54, 56, 57, 76, 78 ], 
  [ 1, 2, 3, 4, 5, 6, 7, 8, 9, 10, 11, 16, 17, 20, 21, 23, 27, 28, 31, 42, 
      43, 44, 45, 46, 53, 56, 62, 64, 67, 69, 76, 78, 79, 80 ], 
  [ 1, 2, 3, 4, 5, 7, 8, 9, 10, 11, 16, 17, 19, 20, 22, 23, 24, 25, 26, 31, 
      32, 34, 38, 39, 40, 41, 44, 51, 53, 55, 56, 61, 62, 63, 64, 67, 74, 76, 
      78, 79 ], 
  [ 1, 2, 3, 4, 5, 6, 7, 8, 10, 21, 23, 25, 26, 28, 31, 32, 45, 46, 56, 62, 
      66, 67, 69, 76, 78, 79, 80 ], 
  [ 1, 3, 4, 5, 7, 8, 9, 10, 12, 19, 34, 38, 42, 49, 50, 51, 52, 53, 55, 56, 
      61, 65, 66, 67, 68, 75, 78, 79, 80 ], 
  [ 1, 2, 3, 4, 5, 6, 7, 8, 9, 10, 11, 16, 17, 19, 26, 37, 38, 39, 48, 53, 
      61, 62, 64, 66, 67, 69, 76, 77, 78, 79, 80 ], 
  [ 1, 2, 3, 4, 5, 6, 7, 8, 10, 13, 15, 16, 17, 18, 28, 31, 32, 38, 39, 41, 
      43, 45, 46, 50, 54, 55, 57, 68, 73, 76, 77, 78, 79, 80 ], 
  [ 1, 2, 3, 4, 5, 6, 7, 8, 10, 13, 16, 19, 23, 25, 26, 31, 33, 37, 60, 61, 
      64, 65, 68, 73, 75, 76, 80 ], 
  [ 1, 2, 3, 4, 5, 6, 7, 8, 10, 13, 15, 16, 25, 30, 31, 32, 33, 36, 37, 41, 
      60, 61, 64, 65, 68, 73, 75, 76, 80 ], 
  [ 1, 2, 3, 4, 5, 6, 7, 8, 10, 13, 16, 19, 23, 25, 26, 31, 33, 37, 60, 61, 
      62, 64, 65, 66, 68, 69, 73, 76, 78, 80 ], 
  [ 1, 2, 3, 4, 7, 8, 9, 10, 12, 13, 14, 16, 23, 25, 26, 29, 30, 31, 32, 34, 
      66, 72, 76, 77, 78, 79, 80 ], 
  [ 1, 3, 4, 5, 7, 8, 9, 10, 15, 18, 21, 22, 24, 27, 31, 38, 43, 44, 45, 54, 
      55, 57, 63, 65, 74, 78, 79 ], 
  [ 1, 3, 4, 5, 7, 8, 9, 10, 11, 21, 22, 23, 27, 28, 29, 30, 31, 45, 46, 60, 
      61, 62, 63, 64, 65, 67, 74, 75, 76, 78, 79, 80 ], 
  [ 1, 2, 3, 4, 5, 7, 8, 9, 14, 15, 17, 20, 21, 24, 27, 29, 31, 39, 49, 50, 
      52, 55, 56, 73, 74, 76, 79 ], 
  [ 1, 3, 4, 7, 8, 9, 10, 19, 38, 43, 44, 49, 50, 53, 55, 57, 61, 62, 65, 67, 
      69, 71, 73, 75, 76, 79, 80 ], 
  [ 1, 4, 5, 7, 8, 9, 12, 13, 16, 20, 21, 24, 28, 38, 43, 45, 49, 51, 53, 56, 
      57, 61, 63, 65, 68, 69, 71, 74, 75, 76, 78, 80 ], 
  [ 1, 2, 3, 4, 5, 7, 9, 10, 11, 22, 23, 24, 26, 31, 32, 40, 41, 56, 61, 62, 
      64, 67, 74, 76, 78, 79, 80 ], 
  [ 1, 2, 3, 4, 5, 6, 7, 8, 10, 11, 16, 22, 28, 31, 32, 39, 43, 44, 45, 46, 
      60, 61, 62, 63, 66, 68, 76, 78, 79 ], 
  [ 1, 3, 4, 5, 7, 8, 14, 15, 16, 17, 18, 27, 28, 29, 31, 38, 43, 44, 45, 46, 
      54, 55, 63, 74, 76, 78, 79 ], 
  [ 1, 3, 4, 5, 6, 7, 8, 9, 14, 16, 17, 27, 28, 38, 42, 43, 44, 45, 46, 53, 
      54, 56, 62, 64, 71, 72, 73, 74, 75, 76, 78, 79, 80 ], 
  [ 1, 2, 3, 4, 5, 6, 7, 8, 9, 10, 15, 16, 17, 18, 20, 21, 27, 28, 30, 31, 
      42, 45, 53, 54, 55, 56, 57, 73, 75, 76, 78, 79, 80 ], 
  [ 1, 3, 4, 5, 7, 8, 9, 10, 18, 22, 27, 38, 42, 43, 44, 45, 54, 55, 57, 60, 
      63, 65, 72, 74, 76, 78, 79 ], 
  [ 1, 2, 3, 4, 5, 7, 8, 9, 11, 17, 23, 29, 31, 32, 33, 34, 41, 51, 53, 56, 
      57, 71, 72, 74, 75, 76, 78, 80 ], 
  [ 1, 2, 3, 4, 5, 6, 7, 8, 9, 10, 11, 16, 17, 18, 20, 21, 22, 23, 27, 28, 
      29, 30, 31, 32, 33, 34, 35, 36, 37, 38, 39, 40, 41, 42, 43, 44, 45, 46, 
      53, 54, 55, 56, 57, 59, 60, 61, 62, 63, 64, 70, 71, 72, 73, 74, 75, 76, 
      77, 78, 79, 80 ], 
  [ 1, 2, 3, 4, 7, 8, 9, 16, 17, 18, 20, 21, 22, 23, 29, 30, 31, 35, 38, 42, 
      44, 45, 46, 53, 54, 55, 56, 57, 58, 60, 61, 62, 63, 64, 72, 76, 78, 79, 
      80 ], [ 1, 2, 3, 4, 5, 6, 7, 8, 9, 11, 14, 16, 17, 23, 27, 28, 29, 30, 
      31, 33, 34, 35, 38, 43, 44, 46, 53, 54, 56, 72, 77, 78, 80 ], 
  [ 1, 3, 5, 6, 7, 8, 9, 12, 16, 27, 28, 29, 30, 31, 34, 35, 38, 40, 41, 42, 
      43, 44, 45, 46, 56, 57, 61, 72, 74, 75, 76, 77, 78, 79, 80 ], 
  [ 1, 3, 4, 5, 7, 8, 11, 14, 16, 17, 18, 27, 38, 43, 44, 46, 53, 54, 55, 64, 
      71, 72, 74, 75, 76, 78, 80 ], 
  [ 1, 2, 3, 4, 5, 7, 8, 9, 10, 15, 17, 18, 20, 21, 24, 27, 30, 31, 42, 53, 
      54, 56, 57, 75, 76, 78, 80 ], 
  [ 1, 2, 3, 4, 5, 7, 8, 10, 11, 17, 20, 21, 22, 23, 27, 28, 29, 31, 32, 43, 
      44, 45, 46, 56, 62, 67, 76, 78, 79 ], 
  [ 1, 2, 3, 6, 7, 8, 9, 12, 14, 16, 23, 29, 30, 31, 32, 33, 35, 37, 42, 61, 
      64, 65, 67, 69, 76, 79, 80 ], 
  [ 1, 3, 4, 5, 7, 8, 9, 10, 20, 38, 42, 43, 53, 54, 55, 56, 61, 62, 63, 64, 
      65, 67, 68, 75, 78, 79, 80 ], 
  [ 1, 2, 3, 4, 7, 10, 13, 14, 15, 16, 27, 28, 42, 43, 45, 49, 53, 54, 55, 
      68, 71, 72, 73, 76, 78, 79, 80 ], 
  [ 1, 3, 4, 5, 7, 8, 9, 10, 11, 20, 38, 42, 43, 44, 53, 54, 55, 56, 57, 60, 
      61, 62, 63, 64, 65, 67, 74, 75, 76, 78, 79, 80 ], 
  [ 1, 2, 3, 4, 7, 8, 9, 10, 11, 14, 16, 17, 23, 27, 28, 29, 30, 31, 34, 38, 
      43, 44, 46, 49, 53, 54, 55, 56, 57, 72, 73, 75, 78, 80 ], 
  [ 1, 3, 4, 5, 7, 8, 11, 14, 16, 17, 19, 20, 21, 22, 24, 31, 38, 43, 46, 54, 
      56, 58, 61, 63, 66, 67, 68, 69, 76, 79 ], 
  [ 1, 2, 3, 5, 6, 7, 8, 12, 14, 15, 21, 27, 28, 29, 30, 31, 34, 35, 37, 38, 
      39, 42, 44, 49, 53, 54, 55, 56, 57, 76, 78 ], 
  [ 1, 2, 3, 4, 7, 8, 10, 11, 12, 13, 14, 15, 19, 24, 25, 28, 31, 43, 49, 50, 
      54, 55, 56, 57, 76, 78, 79 ], 
  [ 1, 3, 4, 7, 8, 9, 13, 19, 21, 27, 28, 38, 42, 43, 49, 53, 55, 56, 61, 65, 
      67, 68, 71, 73, 78, 79, 80 ], 
  [ 1, 3, 4, 5, 7, 8, 9, 10, 20, 21, 24, 31, 38, 43, 45, 54, 57, 58, 61, 63, 
      64, 65, 68, 75, 78, 79, 80 ], 
  [ 1, 3, 4, 5, 7, 8, 9, 10, 16, 20, 21, 24, 31, 38, 43, 45, 54, 56, 57, 61, 
      63, 64, 65, 68, 75, 76, 78, 79, 80 ], 
  [ 1, 4, 5, 7, 8, 9, 10, 12, 22, 24, 28, 31, 43, 45, 46, 52, 57, 61, 65, 66, 
      68, 72, 74, 75, 76, 78, 79 ], 
  [ 1, 3, 4, 5, 7, 8, 9, 10, 11, 16, 20, 21, 24, 31, 38, 43, 54, 56, 57, 61, 
      63, 64, 74, 75, 76, 78, 79, 80 ], 
  [ 1, 3, 5, 7, 8, 9, 10, 16, 20, 21, 31, 38, 42, 43, 45, 54, 56, 57, 61, 63, 
      64, 65, 75, 76, 78, 79, 80 ], 
  [ 1, 4, 5, 7, 8, 9, 10, 12, 16, 22, 24, 28, 31, 43, 45, 46, 52, 56, 57, 61, 
      66, 68, 72, 74, 75, 76, 78, 79 ], 
  [ 1, 3, 4, 5, 7, 8, 9, 14, 16, 17, 27, 28, 31, 38, 43, 45, 46, 54, 56, 64, 
      72, 74, 75, 76, 78, 79, 80 ], 
  [ 1, 3, 4, 5, 7, 8, 9, 10, 20, 38, 42, 43, 53, 54, 55, 56, 60, 61, 62, 63, 
      65, 73, 74, 75, 76, 78, 79 ], 
  [ 1, 3, 4, 5, 7, 8, 9, 11, 14, 16, 17, 18, 20, 21, 22, 23, 24, 29, 31, 57, 
      64, 71, 72, 74, 75, 76, 78, 80 ], 
  [ 1, 4, 5, 7, 8, 9, 12, 13, 16, 20, 21, 24, 28, 38, 43, 49, 56, 57, 61, 68, 
      69, 74, 75, 76, 78, 79, 80 ], 
  [ 1, 2, 3, 4, 5, 7, 9, 11, 22, 24, 25, 31, 38, 40, 43, 44, 55, 57, 60, 63, 
      65, 66, 74, 76, 77, 78, 79 ], 
  [ 1, 3, 4, 5, 7, 8, 9, 14, 17, 20, 21, 22, 23, 24, 29, 56, 57, 58, 62, 64, 
      67, 72, 74, 75, 76, 78, 79, 80 ], 
  [ 1, 3, 4, 5, 7, 8, 9, 10, 15, 16, 18, 22, 27, 28, 29, 31, 43, 45, 54, 55, 
      57, 63, 72, 74, 76, 78, 79 ], 
  [ 1, 2, 4, 5, 7, 8, 9, 10, 12, 13, 16, 19, 23, 26, 27, 30, 31, 34, 38, 42, 
      43, 45, 53, 66, 69, 75, 78, 80 ], 
  [ 1, 3, 4, 5, 7, 8, 9, 10, 15, 16, 18, 22, 27, 28, 29, 31, 38, 43, 45, 54, 
      55, 57, 63, 72, 74, 76, 79 ], 
  [ 1, 2, 3, 4, 5, 6, 7, 8, 13, 14, 16, 17, 19, 23, 26, 31, 32, 33, 48, 64, 
      71, 72, 73, 75, 76, 79, 80 ], 
  [ 1, 2, 3, 4, 5, 6, 7, 8, 13, 14, 15, 16, 17, 19, 23, 30, 31, 32, 33, 48, 
      64, 71, 72, 73, 75, 76, 79, 80 ], 
  [ 1, 2, 3, 4, 5, 7, 9, 10, 11, 25, 32, 36, 37, 38, 39, 40, 41, 44, 60, 61, 
      63, 65, 66, 67, 74, 76, 77, 78, 79, 80 ], 
  [ 1, 3, 4, 5, 7, 8, 13, 14, 15, 16, 17, 19, 23, 24, 26, 31, 34, 48, 49, 52, 
      53, 56, 57, 69, 76, 78, 80 ], 
  [ 1, 2, 3, 4, 5, 6, 7, 8, 13, 15, 16, 18, 19, 22, 25, 31, 32, 34, 38, 49, 
      50, 54, 55, 57, 68, 76, 77, 79 ], 
  [ 1, 2, 3, 4, 5, 7, 8, 14, 15, 16, 17, 18, 28, 29, 31, 38, 39, 44, 45, 46, 
      55, 58, 63, 68, 76, 78, 79 ], 
  [ 1, 2, 3, 4, 5, 6, 7, 8, 13, 14, 17, 19, 21, 23, 26, 28, 31, 32, 33, 48, 
      56, 62, 69, 71, 73, 76, 77, 78, 79, 80 ], 
  [ 1, 3, 4, 5, 7, 8, 9, 11, 14, 17, 18, 21, 27, 28, 30, 31, 42, 46, 53, 54, 
      56, 64, 71, 75, 76, 78, 80 ], 
  [ 1, 3, 4, 5, 7, 8, 9, 17, 18, 21, 27, 28, 31, 38, 43, 45, 46, 54, 58, 59, 
      60, 62, 63, 64, 72, 74, 75, 76, 78, 79, 80 ], 
  [ 1, 3, 4, 5, 7, 8, 9, 11, 14, 17, 18, 21, 27, 28, 30, 31, 42, 46, 53, 54, 
      56, 57, 71, 75, 76, 78, 80 ], 
  [ 1, 2, 3, 4, 5, 6, 7, 8, 11, 13, 14, 16, 17, 18, 19, 31, 32, 41, 48, 49, 
      50, 52, 57, 71, 76, 79, 80 ], 
  [ 1, 2, 3, 4, 5, 6, 7, 8, 10, 13, 15, 16, 18, 19, 25, 31, 37, 38, 41, 50, 
      52, 57, 60, 65, 68, 76, 80 ], 
  [ 1, 2, 3, 4, 5, 6, 7, 8, 9, 14, 23, 24, 29, 30, 31, 32, 33, 35, 51, 56, 
      62, 67, 72, 76, 78, 79, 80 ], 
  [ 1, 3, 4, 5, 7, 8, 9, 10, 15, 16, 17, 18, 20, 21, 22, 24, 31, 49, 50, 52, 
      55, 56, 63, 73, 74, 76, 79 ], 
  [ 1, 2, 3, 4, 5, 7, 8, 9, 20, 21, 24, 27, 31, 38, 43, 45, 46, 58, 61, 63, 
      64, 65, 67, 68, 69, 79, 80 ], 
  [ 1, 3, 4, 5, 7, 8, 9, 16, 20, 21, 31, 35, 38, 45, 46, 54, 56, 57, 58, 61, 
      63, 64, 72, 76, 78, 79, 80 ], 
  [ 1, 2, 3, 4, 6, 7, 8, 10, 11, 12, 14, 15, 24, 28, 31, 32, 39, 43, 44, 49, 
      50, 54, 56, 57, 76, 78, 79 ], 
  [ 1, 2, 3, 5, 7, 9, 11, 16, 17, 18, 19, 24, 25, 26, 32, 36, 37, 38, 39, 40, 
      41, 51, 55, 63, 67, 76, 77, 78, 79, 80 ], 
  [ 1, 3, 4, 6, 7, 8, 9, 12, 13, 31, 34, 35, 38, 40, 41, 45, 46, 47, 51, 52, 
      66, 72, 76, 77, 78, 79, 80 ], 
  [ 1, 3, 4, 5, 6, 7, 8, 16, 19, 24, 31, 34, 38, 40, 41, 49, 56, 57, 58, 61, 
      68, 69, 76, 77, 78, 79, 80 ], 
  [ 1, 2, 3, 4, 5, 7, 8, 9, 10, 11, 16, 17, 18, 20, 27, 31, 38, 49, 53, 54, 
      55, 70, 71, 72, 73, 74, 75, 76, 78 ], 
  [ 1, 2, 3, 4, 5, 6, 7, 8, 10, 13, 15, 16, 17, 18, 20, 27, 28, 30, 45, 53, 
      54, 55, 56, 73, 78, 79, 80 ], 
  [ 1, 2, 3, 4, 5, 6, 7, 8, 13, 14, 15, 16, 17, 20, 27, 28, 29, 30, 53, 64, 
      71, 72, 73, 75, 76, 79, 80 ], 
  [ 1, 2, 3, 4, 5, 6, 7, 8, 9, 10, 11, 17, 24, 26, 31, 32, 33, 36, 37, 38, 
      39, 40, 41, 51, 56, 62, 67, 76, 77, 78, 79, 80 ], 
  [ 1, 2, 3, 4, 5, 6, 7, 8, 13, 14, 15, 16, 20, 27, 28, 38, 49, 53, 54, 55, 
      71, 72, 73, 76, 78, 79, 80 ], 
  [ 1, 2, 3, 4, 7, 8, 10, 11, 16, 26, 33, 34, 37, 38, 40, 42, 45, 48, 53, 61, 
      66, 68, 69, 76, 78, 79, 80 ], 
  [ 1, 3, 4, 5, 7, 8, 9, 12, 16, 27, 28, 31, 34, 38, 43, 45, 46, 56, 57, 61, 
      72, 74, 75, 76, 78, 79, 80 ], 
  [ 1, 3, 4, 7, 8, 12, 16, 19, 20, 24, 27, 28, 31, 38, 43, 49, 56, 57, 61, 
      68, 69, 74, 75, 76, 78, 79, 80 ] ];
